180.25	3524.60
180.33	-134.46
180.40	660.11
180.48	-27.44
180.56	18.33
180.63	56.02
180.71	99.92
180.78	98.21
180.86	98.80
180.93	103.89
181.01	106.14
181.08	105.16
181.16	103.86
181.23	105.11
181.31	104.94
181.39	129.59
181.46	138.58
181.54	149.16
181.61	165.75
181.69	174.34
181.76	167.30
181.84	160.64
181.91	161.86
181.99	162.37
182.06	162.32
182.14	167.50
182.22	172.35
182.29	181.74
182.37	184.46
182.44	196.51
182.52	191.42
182.59	210.30
182.67	218.44
182.74	224.67
182.82	227.90
182.89	239.76
182.97	238.54
183.04	248.34
183.12	256.78
183.20	277.79
183.27	287.76
183.35	315.51
183.42	336.34
183.50	375.59
183.57	396.85
183.65	439.28
183.72	480.21
183.80	533.11
183.87	574.33
183.95	615.98
184.02	662.56
184.10	690.59
184.17	707.20
184.25	706.73
184.32	698.92
184.40	671.78
184.47	625.81
184.55	583.66
184.62	580.22
184.70	608.58
184.78	654.60
184.85	755.76
184.93	874.00
185.00	985.26
185.08	1098.54
185.15	1211.86
185.23	1326.21
185.30	1433.61
185.38	1538.78
185.45	1634.72
185.53	1742.29
185.60	1833.64
185.68	1939.36
185.75	2015.05
185.83	2075.97
185.90	2102.32
185.98	2069.47
186.05	1983.62
186.13	1877.76
186.20	1739.50
186.28	1626.53
186.35	1597.63
186.43	1649.45
186.50	1782.60
186.58	1984.36
186.65	2199.21
186.73	2406.68
186.80	2573.94
186.88	2712.25
186.95	2833.18
187.03	2923.51
187.10	2980.77
187.18	3060.21
187.25	3125.79
187.33	3195.00
187.40	3300.42
187.48	3424.36
187.55	3561.53
187.63	3697.47
187.70	3782.58
187.78	3828.25
187.85	3839.66
187.93	3758.42
188.00	3609.44
188.08	3442.37
188.15	3299.95
188.23	3228.74
188.30	3267.83
188.38	3413.87
188.45	3639.92
188.53	3867.92
188.60	4067.96
188.68	4233.64
188.75	4384.96
188.83	4560.49
188.90	4723.47
188.98	4889.64
189.05	5067.95
189.13	5231.62
189.20	5373.49
189.28	5554.46
189.35	5747.10
189.43	5947.06
189.50	6138.16
189.58	6247.80
189.65	6239.94
189.73	6132.90
189.80	5923.38
189.87	5647.55
189.95	5341.22
190.02	4986.21
190.10	4605.74
190.17	4275.72
190.25	4042.46
190.32	3939.14
190.40	3969.80
190.47	4110.16
190.55	4291.71
190.62	4492.78
190.70	4679.56
190.77	4904.46
190.85	5161.16
190.92	5428.47
191.00	5683.19
191.07	5914.86
191.15	6064.08
191.22	6162.34
191.29	6198.84
191.37	6178.78
191.44	6141.99
191.52	6116.26
191.59	6057.62
191.67	5972.84
191.74	5863.52
191.82	5751.68
191.89	5658.40
191.97	5602.08
192.04	5581.64
192.12	5586.80
192.19	5592.13
192.27	5603.78
192.34	5645.06
192.41	5742.08
192.49	5885.56
192.56	6073.10
192.64	6259.43
192.71	6402.53
192.79	6444.78
192.86	6377.37
192.94	6165.77
193.01	5879.38
193.09	5581.84
193.16	5328.34
193.23	5156.80
193.31	5102.81
193.38	5180.39
193.46	5330.16
193.53	5553.01
193.61	5837.37
193.68	6142.40
193.76	6429.40
193.83	6710.11
193.91	6948.19
193.98	7131.22
194.05	7255.26
194.13	7262.63
194.20	7155.15
194.28	6974.60
194.35	6739.76
194.43	6451.57
194.50	6118.14
194.58	5729.46
194.65	5308.54
194.72	4900.88
194.80	4567.63
194.87	4385.92
194.95	4411.99
195.02	4603.38
195.10	4932.25
195.17	5398.60
195.25	5940.38
195.32	6475.98
195.39	6956.74
195.47	7345.59
195.54	7598.11
195.62	7672.23
195.69	7569.49
195.77	7309.77
195.84	6915.90
195.91	6429.28
195.99	5987.69
196.06	5624.66
196.14	5327.12
196.21	5054.02
196.29	4814.64
196.36	4592.10
196.43	4437.80
196.51	4455.25
196.58	4712.27
196.66	5172.86
196.73	5769.78
196.81	6427.40
196.88	7078.06
196.95	7620.30
197.03	7986.70
197.10	8120.20
197.18	8031.68
197.25	7751.84
197.33	7366.14
197.40	6937.40
197.47	6551.14
197.55	6250.65
197.62	5975.23
197.70	5704.48
197.77	5432.98
197.84	5128.93
197.92	4786.14
197.99	4565.38
198.07	4594.25
198.14	4940.29
198.22	5638.24
198.29	6589.07
198.36	7607.89
198.44	8533.44
198.51	9225.65
198.59	9583.48
198.66	9636.34
198.73	9422.52
198.81	8997.95
198.88	8402.91
198.96	7764.54
199.03	7215.24
199.10	6833.44
199.18	6580.72
199.25	6425.05
199.33	6249.11
199.40	5942.95
199.48	5554.26
199.55	5263.45
199.62	5230.32
199.70	5640.82
199.77	6523.89
199.85	7718.93
199.92	8937.64
199.99	9999.38
200.07	10712.38
200.14	11010.58
200.22	10844.30
200.29	10318.76
200.36	9683.51
200.44	9125.62
200.51	8698.48
200.59	8438.14
200.66	8299.22
200.73	8169.20
200.81	8003.30
200.88	7751.56
200.95	7418.69
201.03	7045.83
201.10	6787.36
201.18	6703.94
201.25	6915.65
201.32	7514.85
201.40	8515.26
201.47	9676.11
201.55	10766.78
201.62	11582.10
201.69	11977.13
201.77	12011.06
201.84	11794.05
201.92	11355.04
201.99	10799.28
202.06	10348.95
202.14	10066.94
202.21	9925.82
202.28	9949.94
202.36	10052.24
202.43	10083.00
202.51	10022.06
202.58	9883.41
202.65	9658.52
202.73	9448.30
202.80	9436.22
202.87	9751.10
202.95	10406.02
203.02	11329.48
203.10	12407.52
203.17	13422.86
203.24	14016.74
203.32	13949.66
203.39	13302.45
203.46	12444.41
203.54	11668.55
203.61	11173.75
203.69	11094.62
203.76	11462.75
203.83	12030.59
203.91	12550.32
203.98	12967.36
204.05	13274.83
204.13	13426.84
204.20	13388.40
204.28	13226.27
204.35	12980.38
204.42	12737.31
204.50	12603.06
204.57	12722.27
204.64	13115.66
204.72	13665.20
204.79	14096.18
204.86	14260.12
204.94	14152.22
205.01	13805.65
205.09	13274.71
205.16	12842.70
205.23	12717.15
205.31	12899.09
205.38	13307.64
205.45	13949.23
205.53	14742.33
205.60	15560.76
205.67	16277.41
205.75	16831.48
205.82	17201.86
205.89	17398.82
205.97	17478.26
206.04	17478.31
206.12	17448.46
206.19	17422.56
206.26	17426.88
206.34	17497.06
206.41	17559.22
206.48	17416.21
206.56	16907.19
206.63	16096.10
206.70	15138.16
206.78	14338.33
206.85	13983.11
206.92	14234.34
207.00	14999.07
207.07	16015.18
207.14	17027.59
207.22	17925.95
207.29	18704.96
207.36	19387.78
207.44	20014.96
207.51	20542.57
207.58	21007.22
207.66	21375.46
207.73	21622.69
207.80	21643.92
207.88	21473.34
207.95	21177.12
208.02	20786.42
208.10	20139.80
208.17	19221.08
208.25	18223.72
208.32	17302.70
208.39	16585.44
208.47	16285.48
208.54	16494.17
208.61	17061.86
208.69	17770.11
208.76	18521.78
208.83	19309.44
208.90	20135.94
208.98	20966.28
209.05	21736.08
209.12	22425.94
209.20	23015.60
209.27	23501.20
209.34	23881.16
209.42	24202.16
209.49	24433.86
209.56	24530.04
209.64	24479.45
209.71	24164.66
209.78	23466.26
209.86	22446.26
209.93	21310.77
210.00	20120.68
210.08	19092.14
210.15	18528.62
210.22	18506.50
210.30	18888.58
210.37	19621.50
210.44	20583.97
210.52	21581.36
210.59	22495.43
210.66	23272.73
210.74	23937.82
210.81	24522.74
210.88	25072.80
210.96	25571.62
211.03	26062.76
211.10	26527.60
211.17	26929.09
211.25	27162.37
211.32	27202.52
211.39	26980.01
211.47	26389.38
211.54	25327.06
211.61	23941.50
211.69	22615.64
211.76	21621.90
211.83	21142.90
211.91	21327.98
211.98	22043.96
212.05	22931.29
212.12	23758.66
212.20	24482.10
212.27	25067.92
212.34	25542.50
212.42	25956.43
212.49	26358.82
212.56	26759.65
212.64	27184.71
212.71	27652.84
212.78	28122.17
212.85	28535.46
212.93	28811.87
213.00	28938.32
213.07	28863.94
213.15	28441.24
213.22	27684.15
213.29	26800.07
213.37	25896.28
213.44	25090.54
213.51	24631.54
213.58	24602.16
213.66	24863.42
213.73	25334.38
213.80	25939.07
213.88	26546.91
213.95	27016.86
214.02	27362.89
214.09	27628.81
214.17	27848.38
214.24	28095.08
214.31	28390.03
214.39	28708.75
214.46	28968.56
214.53	29137.18
214.60	29190.61
214.68	29234.86
214.75	29305.82
214.82	29371.33
214.90	29327.05
214.97	29001.05
215.04	28287.75
215.11	27382.64
215.19	26592.58
215.26	26176.70
215.33	26282.22
215.41	26943.30
215.48	27886.44
215.55	28786.44
215.62	29493.33
215.70	30049.39
215.77	30498.52
215.84	30896.93
215.91	31286.52
215.99	31691.88
216.06	32071.64
216.13	32371.03
216.21	32564.54
216.28	32716.30
216.35	32829.23
216.42	32900.73
216.50	32917.15
216.57	32883.49
216.64	32656.82
216.71	32110.86
216.79	31389.58
216.86	30675.07
216.93	30085.64
217.01	29790.19
217.08	29908.26
217.15	30331.98
217.22	30915.45
217.30	31536.56
217.37	32132.80
217.44	32676.43
217.51	33145.16
217.59	33524.98
217.66	33834.03
217.73	34086.18
217.80	34297.50
217.88	34449.98
217.95	34584.16
218.02	34704.22
218.09	34825.96
218.17	34980.90
218.24	35140.38
218.31	35250.82
218.38	35272.36
218.46	35112.12
218.53	34641.37
218.60	33965.18
218.67	33255.92
218.75	32672.82
218.82	32360.01
218.89	32446.56
218.96	32866.24
219.04	33455.06
219.11	34064.10
219.18	34598.98
219.25	35029.60
219.33	35393.15
219.40	35710.94
219.47	36018.09
219.54	36291.90
219.62	36549.70
219.69	36781.79
219.76	37006.16
219.83	37194.91
219.91	37389.80
219.98	37571.35
220.05	37697.00
220.12	37734.22
220.20	37666.58
220.27	37455.42
220.34	37046.87
220.41	36499.90
220.49	35950.86
220.56	35548.94
220.63	35364.88
220.70	35464.24
220.78	35803.06
220.85	36228.75
220.92	36597.51
220.99	36919.62
221.06	37189.20
221.14	37424.46
221.21	37656.27
221.28	37927.38
221.35	38190.58
221.43	38447.26
221.50	38694.22
221.57	38918.32
221.64	39116.52
221.72	39294.61
221.79	39447.54
221.86	39538.64
221.93	39594.85
222.00	39599.85
222.08	39538.18
222.15	39353.22
222.22	39127.09
222.29	38892.63
222.37	38710.81
222.44	38610.12
222.51	38626.99
222.58	38728.35
222.65	38878.49
222.73	39014.70
222.80	39152.52
222.87	39326.65
222.94	39515.85
223.02	39713.38
223.09	39921.80
223.16	40127.80
223.23	40338.19
223.30	40561.73
223.38	40787.56
223.45	40996.15
223.52	41177.05
223.59	41326.15
223.66	41412.63
223.74	41430.64
223.81	41416.54
223.88	41398.27
223.95	41354.38
224.03	41297.39
224.10	41232.65
224.17	41190.52
224.24	41145.76
224.31	41129.17
224.39	41170.15
224.46	41277.30
224.53	41399.96
224.60	41534.59
224.67	41686.12
224.75	41836.27
224.82	41986.21
224.89	42154.05
224.96	42334.04
225.03	42500.58
225.11	42650.18
225.18	42792.04
225.25	42904.47
225.32	42984.90
225.39	43029.62
225.47	43045.92
225.54	43004.92
225.61	42882.24
225.68	42699.15
225.75	42498.06
225.83	42297.16
225.90	42124.40
225.97	42015.55
226.04	41980.69
226.11	42067.23
226.19	42268.66
226.26	42560.46
226.33	42905.10
226.40	43249.24
226.47	43512.45
226.54	43685.65
226.62	43787.38
226.69	43874.65
226.76	44013.79
226.83	44207.92
226.90	44435.29
226.98	44655.31
227.05	44850.62
227.12	45002.22
227.19	45085.94
227.26	45143.52
227.34	45218.24
227.41	45282.76
227.48	45316.62
227.55	45312.62
227.62	45292.94
227.69	45279.16
227.77	45301.02
227.84	45368.18
227.91	45501.28
227.98	45645.74
228.05	45774.26
228.12	45891.20
228.20	46002.46
228.27	46112.79
228.34	46232.15
228.41	46364.84
228.48	46487.97
228.56	46602.92
228.63	46706.49
228.70	46794.44
228.77	46873.16
228.84	46966.34
228.91	47066.73
228.99	47185.28
229.06	47325.90
229.13	47454.37
229.20	47571.79
229.27	47657.98
229.34	47716.27
229.42	47747.40
229.49	47778.46
229.56	47803.30
229.63	47828.68
229.70	47848.08
229.77	47885.14
229.85	47950.80
229.92	48014.33
229.99	48090.92
230.06	48184.44
230.13	48293.40
230.20	48400.26
230.27	48522.42
230.35	48651.22
230.42	48777.71
230.49	48892.89
230.56	48998.64
230.63	49105.03
230.70	49173.93
230.78	49238.02
230.85	49292.25
230.92	49343.20
230.99	49405.89
231.06	49528.32
231.13	49661.26
231.20	49806.85
231.28	49940.37
231.35	50052.32
231.42	50134.32
231.49	50217.93
231.56	50288.30
231.63	50356.95
231.71	50419.42
231.78	50478.93
231.85	50529.98
231.92	50585.20
231.99	50652.32
232.06	50729.23
232.13	50827.76
232.21	50923.17
232.28	51017.45
232.35	51096.80
232.42	51187.11
232.49	51266.32
232.56	51363.76
232.63	51454.30
232.71	51563.69
232.78	51666.60
232.85	51768.47
232.92	51858.22
232.99	51961.96
233.06	52050.82
233.13	52127.10
233.20	52189.08
233.28	52240.17
233.35	52278.69
233.42	52334.04
233.49	52410.27
233.56	52498.37
233.63	52594.51
233.70	52695.92
233.78	52794.30
233.85	52903.30
233.92	53003.37
233.99	53095.38
234.06	53190.80
234.13	53287.73
234.20	53359.16
234.27	53430.38
234.35	53501.13
234.42	53557.69
234.49	53617.08
234.56	53656.24
234.63	53693.52
234.70	53734.60
234.77	53777.20
234.84	53810.93
234.92	53868.64
234.99	53950.37
235.06	54035.08
235.13	54123.18
235.20	54216.77
235.27	54298.82
235.34	54374.78
235.41	54448.75
235.48	54535.79
235.56	54610.98
235.63	54693.22
235.70	54760.30
235.77	54815.66
235.84	54846.22
235.91	54866.41
235.98	54891.31
236.05	54916.41
236.12	54961.56
236.20	54994.17
236.27	55050.83
236.34	55103.06
236.41	55154.68
236.48	55197.38
236.55	55249.21
236.62	55289.94
236.69	55337.09
236.76	55414.07
236.84	55482.21
236.91	55568.42
236.98	55649.36
237.05	55713.60
237.12	55741.90
237.19	55782.92
237.26	55819.99
237.33	55858.90
237.40	55898.28
237.47	55950.88
237.55	56000.98
237.62	56067.30
237.69	56142.30
237.76	56214.10
237.83	56289.38
237.90	56361.56
237.97	56415.94
238.04	56463.12
238.11	56511.94
238.18	56559.59
238.26	56606.30
238.33	56638.01
238.40	56664.34
238.47	56696.37
238.54	56716.95
238.61	56731.95
238.68	56748.09
238.75	56771.28
238.82	56807.96
238.89	56846.88
238.96	56901.73
239.04	56959.15
239.11	57023.78
239.18	57060.19
239.25	57089.93
239.32	57108.14
239.39	57110.34
239.46	57096.16
239.53	57095.64
239.60	57092.18
239.67	57087.54
239.74	57116.63
239.81	57151.60
239.89	57187.11
239.96	57229.58
240.03	57272.50
240.10	57292.95
240.17	57312.75
240.24	57338.86
240.31	57370.08
240.38	57408.86
240.45	57475.88
240.52	57551.80
240.59	57614.30
240.66	57670.79
240.73	57718.33
240.80	57736.01
240.88	57739.27
240.95	57756.39
241.02	57775.87
241.09	57785.55
241.16	57812.84
241.23	57840.63
241.30	57839.24
241.37	57816.85
241.44	57811.59
241.51	57813.14
241.58	57829.46
241.65	57861.50
241.72	57898.44
241.79	57925.61
241.86	57933.93
241.94	57929.57
242.01	57910.74
242.08	57891.59
242.15	57888.47
242.22	57887.20
242.29	57888.68
242.36	57907.40
242.43	57914.24
242.50	57904.05
242.57	57901.18
242.64	57900.56
242.71	57891.34
242.78	57911.96
242.85	57927.20
242.92	57935.32
242.99	57942.34
243.06	57952.71
243.14	57951.72
243.21	57962.47
243.28	57978.92
243.35	58004.60
243.42	58039.21
243.49	58078.94
243.56	58096.41
243.63	58116.75
243.70	58121.34
243.77	58119.34
243.84	58100.38
243.91	58080.67
243.98	58051.52
244.05	58010.70
244.12	57973.77
244.19	57950.32
244.26	57936.66
244.33	57922.16
244.40	57915.96
244.47	57905.89
244.54	57888.50
244.62	57864.85
244.69	57836.94
244.76	57832.96
244.83	57827.74
244.90	57825.46
244.97	57840.11
245.04	57865.46
245.11	57863.78
245.18	57857.03
245.25	57855.73
245.32	57863.74
245.39	57872.79
245.46	57880.25
245.53	57876.71
245.60	57880.69
245.67	57871.53
245.74	57854.86
245.81	57850.48
245.88	57845.24
245.95	57848.16
246.02	57831.73
246.09	57797.51
246.16	57747.98
246.23	57705.34
246.30	57661.44
246.37	57644.40
246.44	57666.66
246.51	57690.21
246.58	57724.13
246.65	57740.96
246.72	57757.00
246.79	57748.36
246.87	57741.78
246.94	57734.26
247.01	57710.35
247.08	57667.68
247.15	57612.17
247.22	57549.12
247.29	57484.96
247.36	57446.62
247.43	57419.49
247.50	57403.76
247.57	57415.08
247.64	57429.27
247.71	57444.37
247.78	57464.09
247.85	57501.59
247.92	57522.27
247.99	57524.46
248.06	57503.64
248.13	57477.06
248.20	57441.07
248.27	57403.51
248.34	57373.80
248.41	57368.25
248.48	57371.00
248.55	57373.48
248.62	57390.22
248.69	57407.77
248.76	57400.75
248.83	57383.30
248.90	57346.83
248.97	57289.95
249.04	57233.32
249.11	57195.11
249.18	57153.41
249.25	57120.98
249.32	57085.24
249.39	57044.28
249.46	56989.34
249.53	56928.14
249.60	56867.02
249.67	56832.56
249.74	56816.91
249.81	56831.28
249.88	56858.38
249.95	56895.68
250.02	56938.03
250.09	56961.55
250.16	56953.61
250.23	56938.23
250.30	56927.18
250.37	56895.75
250.44	56874.63
250.51	56874.82
250.58	56884.20
250.65	56879.50
250.72	56854.28
250.79	56829.41
250.86	56788.79
250.93	56735.90
251.00	56688.50
251.07	56652.20
251.14	56620.83
251.21	56591.02
251.28	56566.52
251.35	56543.62
251.42	56533.24
251.49	56511.53
251.56	56499.52
251.63	56479.42
251.70	56460.36
251.77	56433.28
251.84	56411.54
251.91	56367.23
251.98	56313.87
252.05	56265.88
252.12	56221.15
252.18	56176.74
252.25	56149.69
252.32	56163.04
252.39	56163.10
252.46	56163.67
252.53	56152.43
252.60	56137.09
252.67	56108.30
252.74	56078.57
252.81	56040.87
252.88	56020.08
252.95	55988.34
253.02	55950.71
253.09	55927.22
253.16	55920.03
253.23	55898.72
253.30	55894.07
253.37	55878.19
253.44	55858.76
253.51	55805.70
253.58	55762.60
253.65	55737.71
253.72	55728.26
253.79	55704.55
253.86	55705.47
253.93	55701.27
254.00	55672.79
254.07	55640.12
254.14	55608.07
254.21	55571.28
254.28	55536.88
254.35	55510.30
254.41	55482.05
254.48	55458.94
254.55	55441.26
254.62	55422.03
254.69	55378.35
254.76	55337.09
254.83	55286.62
254.90	55246.63
254.97	55216.20
255.04	55212.20
255.11	55176.76
255.18	55138.10
255.25	55076.58
255.32	55014.15
255.39	54949.82
255.46	54914.06
255.53	54885.78
255.60	54886.99
255.67	54882.95
255.74	54878.14
255.81	54868.72
255.87	54878.47
255.94	54866.11
256.01	54862.00
256.08	54851.70
256.15	54847.96
256.22	54822.83
256.29	54795.13
256.36	54759.72
256.43	54736.06
256.50	54719.47
256.57	54705.81
256.64	54693.58
256.71	54680.02
256.78	54647.50
256.85	54600.06
256.92	54576.64
256.99	54562.91
257.05	54548.30
257.12	54528.26
257.19	54475.76
257.26	54387.16
257.33	54295.64
257.40	54199.90
257.47	54100.53
257.54	54046.36
257.61	54007.50
257.68	53987.17
257.75	53982.49
257.82	54007.53
257.89	54024.48
257.96	54041.15
258.03	54009.00
258.09	53963.70
258.16	53893.25
258.23	53809.07
258.30	53743.12
258.37	53702.40
258.44	53665.50
258.51	53656.57
258.58	53663.00
258.65	53666.94
258.72	53671.17
258.79	53654.24
258.86	53625.45
258.93	53596.78
258.99	53549.04
259.06	53488.36
259.13	53450.08
259.20	53404.05
259.27	53360.99
259.34	53324.81
259.41	53311.26
259.48	53309.56
259.55	53295.57
259.62	53278.47
259.69	53246.27
259.76	53183.18
259.82	53112.63
259.89	53069.36
259.96	53038.88
260.03	53010.36
260.10	52992.42
260.17	52947.55
260.24	52892.48
260.31	52826.52
260.38	52778.90
260.45	52755.36
260.52	52739.68
260.59	52709.70
260.65	52664.62
260.72	52625.42
260.79	52588.50
260.86	52564.04
260.93	52537.85
261.00	52506.62
261.07	52450.60
261.14	52364.93
261.21	52277.48
261.28	52199.36
261.34	52123.80
261.41	52058.38
261.48	52017.84
261.55	51984.61
261.62	51956.88
261.69	51926.93
261.76	51902.66
261.83	51876.15
261.90	51833.04
261.97	51776.71
262.03	51746.09
262.10	51714.97
262.17	51676.80
262.24	51656.04
262.31	51641.25
262.38	51615.70
262.45	51585.80
262.52	51556.78
262.59	51516.72
262.65	51484.92
262.72	51430.96
262.79	51390.93
262.86	51348.64
262.93	51311.55
263.00	51271.74
263.07	51247.15
263.14	51204.16
263.21	51174.88
263.27	51149.76
263.34	51134.37
263.41	51106.58
263.48	51065.86
263.55	51003.89
263.62	50913.39
263.69	50812.38
263.76	50734.41
263.82	50684.51
263.89	50652.22
263.96	50639.71
264.03	50628.10
264.10	50603.84
264.17	50545.54
264.24	50475.99
264.31	50399.10
264.38	50333.02
264.44	50253.52
264.51	50190.20
264.58	50126.64
264.65	50082.68
264.72	50009.38
264.79	49966.24
264.86	49942.02
264.92	49910.44
264.99	49884.76
265.06	49865.88
265.13	49826.40
265.20	49793.48
265.27	49756.66
265.34	49705.48
265.41	49679.30
265.47	49663.82
265.54	49630.32
265.61	49613.00
265.68	49610.16
265.75	49572.22
265.82	49517.80
265.89	49445.83
265.95	49363.07
266.02	49267.84
266.09	49191.43
266.16	49134.07
266.23	49098.64
266.30	49073.49
266.37	49022.59
266.44	48965.58
266.50	48913.68
266.57	48853.58
266.64	48785.54
266.71	48727.92
266.78	48664.76
266.85	48573.06
266.91	48501.58
266.98	48436.72
267.05	48386.46
267.12	48360.24
267.19	48369.19
267.26	48364.44
267.33	48364.01
267.39	48352.32
267.46	48328.41
267.53	48274.69
267.60	48210.18
267.67	48146.10
267.74	48103.55
267.81	48055.88
267.87	48031.51
267.94	48024.72
268.01	48004.94
268.08	47950.56
268.15	47888.00
268.22	47806.00
268.28	47701.04
268.35	47589.08
268.42	47490.48
268.49	47409.02
268.56	47345.73
268.63	47305.61
268.69	47288.44
268.76	47278.98
268.83	47281.85
268.90	47288.96
268.97	47289.78
269.04	47285.66
269.11	47261.50
269.17	47223.80
269.24	47169.72
269.31	47129.86
269.38	47094.39
269.45	47068.78
269.52	47048.76
269.58	47036.82
269.65	46990.72
269.72	46929.72
269.79	46883.22
269.86	46835.82
269.92	46767.06
269.99	46714.82
270.06	46655.12
270.13	46597.44
270.20	46535.39
270.27	46506.48
270.33	46491.64
270.40	46469.06
270.47	46443.83
270.54	46419.40
270.61	46398.63
270.68	46369.35
270.74	46367.44
270.81	46362.76
270.88	46347.35
270.95	46308.46
271.02	46244.79
271.08	46166.67
271.15	46086.30
271.22	46023.21
271.29	45964.36
271.36	45904.23
271.43	45859.84
271.49	45823.10
271.56	45780.78
271.63	45743.10
271.70	45724.33
271.77	45717.06
271.83	45680.09
271.90	45634.56
271.97	45590.91
272.04	45546.78
272.11	45499.71
272.17	45473.04
272.24	45449.96
272.31	45424.10
272.38	45406.48
272.45	45370.47
272.52	45330.54
272.58	45313.16
272.65	45301.73
272.72	45275.99
272.79	45244.44
272.86	45217.10
272.92	45179.85
272.99	45131.00
273.06	45081.10
273.13	45037.26
273.20	44988.87
273.26	44917.96
273.33	44838.08
273.40	44773.76
273.47	44723.52
273.54	44686.26
273.60	44670.50
273.67	44663.54
273.74	44675.38
273.81	44679.92
273.88	44696.60
273.94	44721.44
274.01	44767.94
274.08	44789.36
274.15	44807.55
274.21	44800.66
274.28	44760.13
274.35	44683.55
274.42	44591.54
274.49	44493.52
274.55	44413.30
274.62	44355.24
274.69	44298.24
274.76	44250.69
274.83	44217.27
274.89	44176.88
274.96	44132.68
275.03	44103.02
275.10	44076.18
275.17	44049.00
275.23	44010.36
275.30	43976.48
275.37	43953.80
275.44	43943.38
275.50	43920.43
275.57	43910.90
275.64	43881.95
275.71	43842.00
275.78	43801.64
275.84	43781.99
275.91	43749.85
275.98	43737.76
276.05	43721.97
276.11	43692.88
276.18	43641.59
276.25	43576.53
276.32	43494.94
276.39	43412.10
276.45	43328.70
276.52	43251.93
276.59	43202.67
276.66	43168.83
276.72	43163.03
276.79	43169.81
276.86	43165.84
276.93	43153.42
276.99	43126.84
277.06	43072.25
277.13	43019.70
277.20	42981.08
277.26	42948.09
277.33	42945.14
277.40	42948.22
277.47	42930.71
277.54	42910.15
277.60	42869.88
277.67	42802.62
277.74	42704.82
277.81	42612.93
277.87	42519.41
277.94	42440.01
278.01	42385.06
278.08	42354.87
278.14	42341.51
278.21	42344.86
278.28	42368.28
278.35	42385.53
278.41	42421.55
278.48	42453.52
278.55	42465.97
278.62	42451.90
278.68	42406.65
278.75	42318.70
278.82	42210.65
278.89	42097.04
278.95	42002.42
279.02	41929.92
279.09	41913.14
279.16	41930.16
279.22	41971.48
279.29	42005.53
279.36	42046.02
279.43	42028.58
279.49	41964.42
279.56	41843.76
279.63	41697.58
279.70	41544.12
279.76	41421.14
279.83	41328.92
279.90	41307.06
279.97	41300.56
280.03	41297.07
280.10	41304.52
280.17	41316.84
280.24	41307.21
280.30	41303.12
280.37	41292.13
280.44	41280.54
280.51	41260.71
280.57	41246.44
280.64	41231.74
280.71	41215.22
280.77	41184.14
280.84	41118.44
280.91	41033.12
280.98	40938.52
281.04	40841.28
281.11	40735.88
281.18	40643.60
281.25	40543.14
281.31	40442.08
281.38	40326.03
281.45	40224.65
281.52	40147.50
281.58	40073.72
281.65	40007.98
281.72	39963.69
281.78	39937.01
281.85	39912.37
281.92	39903.58
281.99	39906.48
282.05	39919.75
282.12	39925.19
282.19	39934.94
282.26	39953.01
282.32	39970.37
282.39	39992.83
282.46	39986.06
282.52	39981.62
282.59	39965.97
282.66	39956.84
282.73	39933.62
282.79	39922.61
282.86	39879.00
282.93	39789.00
282.99	39671.73
283.06	39529.40
283.13	39377.47
283.20	39228.92
283.26	39115.59
283.33	39026.40
283.40	38952.60
283.46	38920.43
283.53	38903.17
283.60	38903.02
283.67	38906.72
283.73	38938.37
283.80	38943.66
283.87	38963.44
283.93	38989.11
284.00	38992.28
284.07	38992.12
284.13	38988.04
284.20	38966.64
284.27	38925.38
284.34	38889.20
284.40	38848.42
284.47	38820.79
284.54	38793.42
284.60	38772.36
284.67	38736.57
284.74	38688.55
284.81	38632.12
284.87	38572.90
284.94	38489.36
285.01	38407.81
285.07	38305.40
285.14	38199.24
285.21	38106.35
285.27	38048.54
285.34	38017.94
285.41	38025.18
285.47	38048.45
285.54	38075.16
285.61	38093.34
285.68	38108.85
285.74	38125.22
285.81	38141.10
285.88	38154.70
285.94	38181.94
286.01	38210.62
286.08	38236.14
286.14	38257.45
286.21	38271.06
286.28	38278.45
286.34	38248.53
286.41	38179.80
286.48	38079.92
286.55	37959.16
286.61	37824.90
286.68	37697.84
286.75	37586.47
286.81	37498.38
286.88	37437.42
286.95	37370.14
287.01	37358.14
287.08	37370.89
287.15	37396.87
287.21	37421.03
287.28	37463.05
287.35	37469.26
287.41	37474.78
287.48	37476.98
287.55	37480.37
287.61	37479.62
287.68	37483.86
287.75	37480.56
287.81	37477.75
287.88	37470.36
287.95	37472.82
288.01	37474.89
288.08	37475.56
288.15	37462.92
288.21	37444.74
288.28	37409.74
288.35	37368.73
288.41	37321.54
288.48	37251.78
288.55	37165.21
288.61	37063.52
288.68	36961.79
288.75	36855.80
288.81	36778.84
288.88	36736.21
288.95	36730.86
289.01	36742.77
289.08	36785.70
289.15	36845.31
289.21	36913.67
289.28	36972.52
289.35	37032.62
289.41	37061.18
289.48	37077.02
289.55	37072.38
289.61	37062.81
289.68	37039.45
289.75	37016.04
289.81	36976.04
289.88	36932.64
289.95	36870.60
290.01	36797.94
290.08	36737.22
290.15	36681.94
290.21	36642.46
290.28	36622.01
290.35	36607.33
290.41	36579.19
290.48	36542.02
290.55	36462.78
290.61	36374.38
290.68	36309.23
290.74	36276.52
290.81	36276.43
290.88	36317.10
290.94	36380.50
291.01	36435.00
291.08	36490.46
291.14	36540.00
291.21	36580.94
291.28	36618.70
291.34	36659.73
291.41	36682.02
291.48	36686.88
291.54	36693.98
291.61	36688.02
291.68	36656.51
291.74	36595.20
291.81	36524.74
291.87	36472.32
291.94	36381.99
292.01	36298.57
292.07	36235.53
292.14	36165.32
292.21	36072.60
292.27	36008.89
292.34	35950.90
292.41	35910.74
292.47	35887.91
292.54	35886.74
292.60	35905.97
292.67	35945.82
292.74	35985.84
292.80	36049.90
292.87	36105.24
292.94	36167.18
293.00	36229.42
293.07	36273.69
293.13	36314.28
293.20	36358.46
293.27	36392.98
293.33	36399.10
293.40	36411.04
293.47	36402.23
293.53	36366.56
293.60	36307.75
293.66	36211.80
293.73	36090.64
293.80	35954.64
293.86	35825.56
293.93	35709.71
294.00	35639.15
294.06	35605.50
294.13	35590.16
294.19	35578.82
294.26	35572.27
294.33	35565.99
294.39	35535.69
294.46	35519.74
294.52	35522.90
294.59	35544.82
294.66	35591.76
294.72	35650.18
294.79	35723.19
294.86	35800.08
294.92	35865.76
294.99	35931.72
295.05	36012.48
295.12	36079.60
295.19	36139.34
295.25	36188.06
295.32	36207.62
295.38	36205.14
295.45	36202.76
295.52	36170.52
295.58	36114.72
295.65	36040.19
295.71	35948.54
295.78	35809.38
295.85	35660.02
295.91	35527.80
295.98	35396.15
296.04	35266.42
296.11	35176.55
296.18	35133.15
296.24	35120.01
296.31	35136.49
296.37	35199.42
296.44	35285.76
296.51	35373.53
296.57	35464.98
296.64	35569.58
296.70	35667.66
296.77	35738.00
296.84	35792.33
296.90	35837.46
296.97	35866.84
297.03	35895.46
297.10	35937.12
297.17	35982.65
297.23	36036.28
297.30	36077.95
297.36	36092.00
297.43	36088.18
297.50	36077.22
297.56	36024.73
297.63	35952.73
297.69	35848.52
297.76	35701.10
297.82	35521.30
297.89	35343.81
297.96	35185.67
298.02	35071.64
298.09	35002.50
298.15	34974.73
298.22	34973.10
298.29	34978.98
298.35	34997.39
298.42	35042.79
298.48	35100.46
298.55	35167.06
298.61	35258.74
298.68	35356.66
298.75	35443.01
298.81	35523.12
298.88	35597.86
298.94	35661.88
299.01	35717.14
299.08	35767.48
299.14	35810.84
299.21	35841.16
299.27	35867.30
299.34	35871.67
299.40	35879.51
299.47	35866.04
299.54	35852.15
299.60	35822.58
299.67	35782.38
299.73	35695.13
299.80	35559.96
299.86	35355.03
299.93	35120.78
299.99	34905.46
300.06	34719.95
300.13	34602.40
300.19	34566.52
300.26	34579.88
300.32	34631.71
300.39	34709.11
300.45	34803.32
300.52	34914.15
300.59	35029.67
300.65	35136.64
300.72	35235.16
300.78	35316.24
300.85	35382.13
300.91	35421.55
300.98	35447.82
301.04	35475.88
301.11	35501.81
301.18	35529.50
301.24	35564.44
301.31	35589.40
301.37	35595.96
301.44	35590.87
301.50	35567.15
301.57	35535.66
301.63	35494.32
301.70	35422.48
301.77	35319.31
301.83	35189.23
301.90	35030.28
301.96	34840.14
302.03	34666.45
302.09	34524.14
302.16	34410.60
302.22	34345.32
302.29	34320.51
302.36	34328.82
302.42	34352.78
302.49	34405.04
302.55	34463.61
302.62	34536.94
302.68	34612.43
302.75	34688.43
302.81	34746.17
302.88	34792.67
302.94	34827.77
303.01	34855.64
303.07	34877.52
303.14	34901.28
303.21	34915.65
303.27	34935.00
303.34	34940.66
303.40	34933.17
303.47	34916.36
303.53	34892.99
303.60	34859.08
303.66	34815.33
303.73	34781.21
303.79	34728.56
303.86	34664.63
303.92	34565.72
303.99	34448.54
304.05	34272.90
304.12	34089.65
304.19	33931.67
304.25	33795.65
304.32	33699.32
304.38	33662.72
304.45	33663.15
304.51	33663.84
304.58	33700.65
304.64	33742.70
304.71	33798.91
304.77	33835.88
304.84	33884.06
304.90	33918.42
304.97	33938.50
305.03	33938.63
305.10	33957.71
305.16	33966.26
305.23	33961.86
305.29	33956.07
305.36	33947.32
305.42	33927.76
305.49	33903.64
305.56	33871.88
305.62	33839.82
305.69	33800.51
305.75	33760.54
305.82	33679.44
305.88	33565.64
305.95	33415.93
306.01	33255.05
306.08	33074.14
306.14	32922.21
306.21	32789.81
306.27	32677.39
306.34	32581.91
306.40	32501.36
306.47	32435.35
306.53	32423.19
306.60	32434.90
306.66	32466.48
306.73	32507.96
306.79	32541.87
306.86	32552.28
306.92	32562.18
306.99	32576.21
307.05	32579.52
307.12	32595.22
307.18	32594.50
307.25	32589.18
307.31	32564.80
307.38	32542.87
307.44	32515.18
307.51	32490.88
307.57	32453.61
307.64	32418.56
307.70	32384.67
307.77	32339.30
307.83	32283.32
307.90	32246.73
307.96	32196.38
308.03	32124.08
308.09	32042.96
308.16	31979.26
308.22	31900.40
308.29	31806.64
308.35	31721.18
308.42	31636.37
308.48	31515.37
308.55	31393.39
308.61	31298.73
308.68	31207.04
308.74	31132.96
308.81	31105.68
308.87	31090.89
308.94	31092.64
309.00	31112.28
309.07	31116.20
309.13	31103.97
309.20	31101.90
309.26	31069.94
309.33	31026.91
309.39	30996.86
309.45	30972.89
309.52	30925.82
309.58	30895.24
309.65	30848.52
309.71	30800.65
309.78	30754.54
309.84	30704.08
309.91	30645.17
309.97	30584.14
310.04	30535.08
310.10	30471.36
310.17	30409.58
310.23	30347.95
310.30	30297.85
310.36	30236.82
310.43	30169.13
310.49	30095.56
310.56	30013.06
310.62	29922.69
310.69	29827.91
310.75	29741.82
310.81	29669.75
310.88	29620.39
310.94	29582.47
311.01	29545.28
311.07	29518.57
311.14	29491.03
311.20	29455.08
311.27	29421.36
311.33	29397.75
311.40	29362.34
311.46	29345.33
311.53	29310.91
311.59	29287.76
311.66	29264.15
311.72	29230.58
311.78	29186.58
311.85	29159.74
311.91	29120.98
311.98	29071.01
312.04	29034.80
312.11	28986.88
312.17	28937.69
312.24	28887.15
312.30	28827.31
312.37	28759.50
312.43	28703.57
312.50	28636.90
312.56	28574.91
312.62	28510.60
312.69	28451.57
312.75	28377.19
312.82	28297.68
312.88	28215.50
312.95	28148.76
313.01	28070.36
313.08	27996.18
313.14	27945.60
313.20	27898.72
313.27	27849.12
313.33	27804.97
313.40	27774.43
313.46	27731.09
313.53	27694.36
313.59	27655.92
313.66	27638.59
313.72	27612.10
313.78	27580.14
313.85	27545.98
313.91	27515.40
313.98	27469.69
314.04	27428.90
314.11	27390.59
314.17	27348.63
314.24	27296.65
314.30	27252.24
314.36	27198.79
314.43	27155.94
314.49	27101.52
314.56	27054.33
314.62	26992.29
314.69	26936.24
314.75	26871.48
314.81	26810.58
314.88	26758.62
314.94	26714.21
315.01	26668.56
315.07	26611.11
315.14	26566.96
315.20	26517.00
315.27	26463.62
315.33	26417.63
315.39	26374.32
315.46	26329.72
315.52	26274.34
315.59	26238.02
315.65	26184.75
315.72	26140.43
315.78	26091.66
315.84	26053.24
315.91	26015.78
315.97	25989.05
316.04	25977.90
316.10	25964.24
316.16	25927.58
316.23	25854.42
316.29	25758.50
316.36	25621.18
316.42	25454.62
316.49	25265.26
316.55	25059.56
316.61	24847.94
316.68	24615.42
316.74	24386.00
316.81	24155.44
316.87	23935.71
316.93	23707.79
317.00	23498.72
317.06	23283.35
317.13	23071.49
317.19	22854.77
317.26	22643.07
317.32	22428.37
317.38	22215.49
317.45	22006.79
317.51	21800.96
317.58	21588.76
317.64	21378.82
317.70	21168.21
317.77	20968.78
317.83	20761.20
317.90	20551.94
317.96	20338.60
318.02	20134.26
318.09	19935.62
318.15	19727.20
318.22	19521.42
318.28	19318.96
318.34	19101.94
318.41	18867.89
318.47	18653.34
318.54	18442.49
318.60	18234.86
318.66	18036.12
318.73	17836.70
318.79	17643.62
318.86	17448.08
318.92	17258.84
318.98	17071.64
319.05	16884.75
319.11	16695.69
319.18	16507.71
319.24	16308.68
319.30	16095.32
319.37	15905.05
319.43	15708.95
319.50	15510.59
319.56	15320.08
319.62	15140.72
319.69	14949.26
319.75	14765.25
319.82	14582.65
319.88	14395.24
319.94	14210.70
320.01	14033.11
320.07	13837.60
320.13	13651.80
320.20	13468.86
320.26	13285.10
320.33	13096.45
320.39	12921.76
320.45	12738.81
320.52	12560.25
320.58	12387.76
320.65	12207.72
320.71	12023.41
320.77	11855.52
320.84	11679.52
320.90	11497.15
320.96	11317.11
321.03	11136.58
321.09	10949.48
321.16	10763.14
321.22	10573.42
321.28	10400.70
321.35	10233.27
321.41	10059.03
321.47	9889.81
321.54	9730.95
321.60	9550.72
321.67	9375.32
321.73	9206.41
321.79	9033.10
321.86	8860.38
321.92	8692.62
321.98	8510.87
322.05	8321.23
322.11	8133.34
322.18	7936.94
322.24	7746.24
322.30	7568.22
322.37	7399.84
322.43	7225.56
322.49	7060.44
322.56	6881.85
322.62	6707.23
322.68	6522.52
322.75	6356.88
322.81	6179.14
322.88	6009.01
322.94	5835.65
323.00	5668.53
323.07	5493.96
323.13	5326.72
323.19	5162.88
323.26	5002.12
323.32	4842.30
323.38	4679.95
323.45	4456.54
323.51	3816.99
323.57	2933.25
323.64	2008.46
323.70	1119.63
323.76	323.76
323.83	-20.40
323.89	-90.89
323.96	-90.36
