180.25	3523.80
180.33	-134.31
180.40	659.97
180.48	-27.34
180.56	18.55
180.63	56.02
180.71	100.54
180.78	98.86
180.86	99.19
180.93	103.89
181.01	106.28
181.08	104.85
181.16	103.37
181.23	104.20
181.31	103.84
181.39	129.02
181.46	137.56
181.54	149.00
181.61	167.14
181.69	176.30
181.76	168.22
181.84	161.86
181.91	162.68
181.99	163.37
182.06	163.09
182.14	168.48
182.22	173.11
182.29	183.10
182.37	185.09
182.44	197.48
182.52	192.68
182.59	210.81
182.67	218.48
182.74	224.20
182.82	228.84
182.89	241.26
182.97	241.59
183.04	251.54
183.12	261.06
183.20	281.24
183.27	290.91
183.35	319.39
183.42	341.22
183.50	381.08
183.57	402.19
183.65	446.64
183.72	486.87
183.80	539.14
183.87	578.39
183.95	620.18
184.02	665.96
184.10	694.89
184.17	711.68
184.25	712.49
184.32	704.80
184.40	677.19
184.47	629.32
184.55	585.86
184.62	582.26
184.70	608.30
184.78	654.02
184.85	757.05
184.93	876.31
185.00	990.35
185.08	1106.65
185.15	1222.22
185.23	1337.28
185.30	1446.50
185.38	1551.09
185.45	1648.54
185.53	1754.60
185.60	1845.21
185.68	1952.44
185.75	2030.69
185.83	2092.16
185.90	2120.40
185.98	2087.24
186.05	2000.18
186.13	1887.95
186.20	1746.36
186.28	1632.69
186.35	1604.53
186.43	1655.40
186.50	1791.18
186.58	1995.73
186.65	2207.06
186.73	2412.93
186.80	2580.74
186.88	2717.77
186.95	2829.48
187.03	2913.84
187.10	2964.36
187.18	3031.44
187.25	3086.98
187.33	3148.28
187.40	3247.55
187.48	3367.30
187.55	3503.95
187.63	3638.98
187.70	3735.56
187.78	3788.88
187.85	3805.59
187.93	3731.82
188.00	3593.13
188.08	3432.86
188.15	3296.52
188.23	3233.30
188.30	3276.04
188.38	3426.36
188.45	3651.35
188.53	3879.96
188.60	4078.77
188.68	4240.56
188.75	4386.80
188.83	4559.60
188.90	4720.96
188.98	4889.41
189.05	5074.47
189.13	5241.83
189.20	5387.20
189.28	5567.62
189.35	5758.70
189.43	5961.91
189.50	6150.46
189.58	6259.50
189.65	6253.16
189.73	6142.60
189.80	5919.88
189.87	5638.13
189.95	5329.35
190.02	4970.22
190.10	4588.26
190.17	4258.82
190.25	4024.64
190.32	3912.13
190.40	3930.49
190.47	4057.01
190.55	4229.33
190.62	4418.70
190.70	4595.90
190.77	4816.86
190.85	5069.25
190.92	5339.04
191.00	5597.50
191.07	5831.78
191.15	5994.74
191.22	6102.09
191.29	6143.53
191.37	6132.75
191.44	6114.35
191.52	6095.30
191.59	6046.20
191.67	5966.00
191.74	5864.54
191.82	5752.77
191.89	5657.78
191.97	5608.59
192.04	5594.26
192.12	5599.46
192.19	5602.18
192.27	5614.92
192.34	5649.03
192.41	5741.08
192.49	5887.79
192.56	6075.30
192.64	6260.20
192.71	6411.26
192.79	6456.28
192.86	6386.70
192.94	6178.14
193.01	5893.36
193.09	5592.06
193.16	5336.52
193.23	5160.72
193.31	5106.64
193.38	5189.90
193.46	5337.08
193.53	5563.08
193.61	5845.54
193.68	6148.93
193.76	6435.83
193.83	6719.70
193.91	6955.48
193.98	7146.20
194.05	7268.12
194.13	7270.47
194.20	7162.03
194.28	6982.96
194.35	6745.64
194.43	6461.91
194.50	6126.52
194.58	5735.57
194.65	5310.65
194.72	4901.84
194.80	4563.41
194.87	4382.16
194.95	4411.84
195.02	4604.94
195.10	4929.52
195.17	5398.27
195.25	5940.55
195.32	6465.30
195.39	6943.92
195.47	7331.22
195.54	7581.46
195.62	7657.14
195.69	7560.94
195.77	7300.07
195.84	6903.22
195.91	6418.88
195.99	5980.22
196.06	5621.30
196.14	5326.98
196.21	5064.11
196.29	4821.16
196.36	4594.02
196.43	4437.46
196.51	4459.07
196.58	4716.00
196.66	5183.69
196.73	5780.05
196.81	6445.05
196.88	7093.85
196.95	7639.70
197.03	7999.70
197.10	8133.84
197.18	8036.11
197.25	7756.00
197.33	7372.87
197.40	6953.18
197.47	6569.47
197.55	6275.23
197.62	6001.50
197.70	5723.57
197.77	5449.09
197.84	5143.00
197.92	4799.77
197.99	4580.56
198.07	4610.00
198.14	4952.34
198.22	5654.87
198.29	6600.51
198.36	7616.91
198.44	8544.22
198.51	9235.86
198.59	9592.94
198.66	9646.93
198.73	9435.00
198.81	9004.12
198.88	8406.15
198.96	7764.50
199.03	7217.40
199.10	6835.54
199.18	6586.33
199.25	6437.56
199.33	6264.88
199.40	5962.38
199.48	5572.19
199.55	5284.68
199.62	5248.69
199.70	5660.72
199.77	6542.86
199.85	7735.12
199.92	8949.03
199.99	10011.59
200.07	10722.36
200.14	11013.86
200.22	10847.29
200.29	10322.73
200.36	9694.90
200.44	9139.06
200.51	8716.93
200.59	8457.89
200.66	8319.27
200.73	8180.86
200.81	8010.04
200.88	7763.82
200.95	7432.40
201.03	7064.69
201.10	6809.30
201.18	6730.16
201.25	6935.91
201.32	7541.03
201.40	8537.75
201.47	9699.54
201.55	10795.68
201.62	11617.14
201.69	12000.84
201.77	12035.04
201.84	11810.65
201.92	11365.76
201.99	10805.49
202.06	10361.38
202.14	10078.52
202.21	9942.54
202.28	9959.79
202.36	10058.65
202.43	10095.11
202.51	10034.16
202.58	9899.66
202.65	9678.47
202.73	9471.40
202.80	9449.61
202.87	9765.12
202.95	10416.92
203.02	11344.50
203.10	12421.02
203.17	13438.16
203.24	14032.32
203.32	13963.06
203.39	13315.75
203.46	12463.16
203.54	11688.68
203.61	11186.47
203.69	11105.62
203.76	11463.24
203.83	12025.79
203.91	12544.95
203.98	12967.33
204.05	13267.28
204.13	13414.37
204.20	13368.71
204.28	13191.70
204.35	12934.43
204.42	12677.68
204.50	12536.36
204.57	12650.86
204.64	13054.42
204.72	13604.49
204.79	14052.38
204.86	14233.31
204.94	14126.79
205.01	13776.66
205.09	13257.22
205.16	12835.02
205.23	12709.87
205.31	12906.43
205.38	13326.18
205.45	13969.96
205.53	14765.60
205.60	15585.60
205.67	16294.86
205.75	16856.06
205.82	17225.04
205.89	17415.98
205.97	17491.04
206.04	17493.20
206.12	17457.92
206.19	17428.93
206.26	17433.61
206.34	17511.35
206.41	17565.84
206.48	17426.48
206.56	16922.18
206.63	16111.91
206.70	15156.84
206.78	14363.19
206.85	13998.98
206.92	14254.61
207.00	15022.90
207.07	16035.48
207.14	17044.62
207.22	17940.84
207.29	18721.09
207.36	19406.90
207.44	20033.59
207.51	20573.95
207.58	21041.16
207.66	21401.16
207.73	21633.40
207.80	21660.31
207.88	21477.56
207.95	21187.62
208.02	20794.16
208.10	20153.30
208.17	19233.86
208.25	18242.00
208.32	17320.56
208.39	16606.32
208.47	16313.93
208.54	16521.00
208.61	17092.02
208.69	17800.20
208.76	18549.14
208.83	19336.64
208.90	20166.61
208.98	20992.50
209.05	21757.46
209.12	22452.00
209.20	23036.15
209.27	23516.84
209.34	23901.92
209.42	24230.69
209.49	24469.24
209.56	24573.00
209.64	24525.05
209.71	24207.24
209.78	23510.88
209.86	22483.81
209.93	21346.46
210.00	20145.40
210.08	19115.16
210.15	18544.80
210.22	18521.36
210.30	18905.11
210.37	19652.08
210.44	20617.81
210.52	21619.26
210.59	22529.95
210.66	23302.59
210.74	23965.56
210.81	24541.19
210.88	25092.24
210.96	25599.97
211.03	26086.34
211.10	26543.71
211.17	26949.90
211.25	27178.08
211.32	27208.73
211.39	26981.50
211.47	26403.20
211.54	25349.89
211.61	23964.83
211.69	22641.94
211.76	21660.19
211.83	21178.16
211.91	21362.07
211.98	22080.77
212.05	22974.98
212.12	23795.70
212.20	24505.00
212.27	25088.69
212.34	25558.76
212.42	25971.24
212.49	26383.06
212.56	26799.79
212.64	27236.44
212.71	27709.76
212.78	28181.26
212.85	28593.62
212.93	28863.97
213.00	28975.54
213.07	28896.31
213.15	28478.37
213.22	27722.05
213.29	26842.49
213.37	25945.66
213.44	25141.45
213.51	24674.90
213.58	24628.25
213.66	24881.66
213.73	25347.41
213.80	25952.45
213.88	26558.68
213.95	27037.27
214.02	27365.82
214.09	27620.31
214.17	27829.06
214.24	28046.24
214.31	28315.48
214.39	28613.66
214.46	28850.46
214.53	28976.27
214.60	29000.10
214.68	29025.58
214.75	29095.04
214.82	29171.71
214.90	29160.40
214.97	28868.04
215.04	28178.04
215.11	27287.95
215.19	26497.49
215.26	26078.51
215.33	26199.14
215.41	26875.35
215.48	27832.60
215.55	28760.40
215.62	29498.38
215.70	30072.19
215.77	30531.15
215.84	30937.20
215.91	31331.72
215.99	31733.06
216.06	32104.40
216.13	32403.60
216.21	32598.03
216.28	32739.98
216.35	32853.42
216.42	32931.64
216.50	32946.63
216.57	32917.91
216.64	32678.77
216.71	32133.31
216.79	31406.04
216.86	30697.01
216.93	30119.44
217.01	29839.76
217.08	29961.88
217.15	30395.59
217.22	30976.59
217.30	31586.23
217.37	32180.11
217.44	32725.08
217.51	33186.82
217.59	33569.91
217.66	33885.16
217.73	34140.73
217.80	34343.15
217.88	34501.31
217.95	34635.80
218.02	34751.24
218.09	34878.27
218.17	35029.48
218.24	35188.26
218.31	35304.50
218.38	35326.46
218.46	35160.96
218.53	34695.18
218.60	34017.81
218.67	33291.21
218.75	32704.66
218.82	32394.81
218.89	32476.04
218.96	32900.23
219.04	33495.04
219.11	34100.42
219.18	34625.44
219.25	35055.72
219.33	35417.60
219.40	35745.84
219.47	36052.27
219.54	36334.11
219.62	36591.96
219.69	36818.94
219.76	37036.59
219.83	37233.12
219.91	37435.09
219.98	37623.78
220.05	37754.70
220.12	37790.08
220.20	37727.82
220.27	37514.18
220.34	37100.82
220.41	36531.91
220.49	35977.83
220.56	35570.56
220.63	35382.45
220.70	35477.67
220.78	35833.96
220.85	36263.90
220.92	36638.19
220.99	36959.16
221.06	37237.58
221.14	37480.34
221.21	37717.01
221.28	37982.22
221.35	38247.80
221.43	38499.52
221.50	38734.84
221.57	38955.40
221.64	39161.86
221.72	39341.68
221.79	39491.70
221.86	39587.89
221.93	39642.71
222.00	39639.02
222.08	39575.01
222.15	39397.92
222.22	39166.60
222.29	38942.10
222.37	38763.48
222.44	38660.16
222.51	38678.62
222.58	38779.90
222.65	38918.18
222.73	39052.12
222.80	39182.02
222.87	39353.34
222.94	39546.80
223.02	39736.24
223.09	39943.81
223.16	40156.99
223.23	40362.58
223.30	40577.52
223.38	40812.57
223.45	41019.40
223.52	41207.15
223.59	41366.21
223.66	41458.44
223.74	41478.22
223.81	41467.10
223.88	41438.22
223.95	41391.45
224.03	41325.32
224.10	41266.33
224.17	41219.06
224.24	41177.96
224.31	41163.31
224.39	41219.18
224.46	41317.93
224.53	41437.55
224.60	41572.68
224.67	41713.62
224.75	41851.08
224.82	42004.26
224.89	42176.01
224.96	42353.16
225.03	42508.63
225.11	42667.88
225.18	42813.18
225.25	42926.72
225.32	43001.93
225.39	43054.25
225.47	43059.50
225.54	42999.44
225.61	42857.01
225.68	42659.06
225.75	42444.08
225.83	42230.74
225.90	42041.22
225.97	41905.10
226.04	41849.62
226.11	41925.85
226.19	42121.19
226.26	42432.18
226.33	42815.25
226.40	43189.96
226.47	43467.51
226.54	43648.16
226.62	43735.30
226.69	43811.96
226.76	43949.00
226.83	44143.28
226.90	44369.93
226.98	44620.45
227.05	44843.17
227.12	45006.32
227.19	45112.35
227.26	45192.19
227.34	45268.79
227.41	45325.60
227.48	45363.82
227.55	45357.02
227.62	45335.48
227.69	45326.36
227.77	45349.96
227.84	45415.61
227.91	45532.91
227.98	45670.13
228.05	45789.21
228.12	45898.86
228.20	46009.12
228.27	46129.90
228.34	46254.62
228.41	46382.41
228.48	46514.39
228.56	46629.80
228.63	46728.90
228.70	46815.31
228.77	46900.70
228.84	46996.03
228.91	47090.18
228.99	47208.12
229.06	47346.57
229.13	47466.74
229.20	47577.59
229.27	47674.84
229.34	47750.30
229.42	47792.05
229.49	47829.22
229.56	47856.54
229.63	47883.58
229.70	47897.39
229.77	47927.04
229.85	47979.10
229.92	48033.11
229.99	48103.44
230.06	48199.06
230.13	48307.72
230.20	48420.45
230.27	48539.24
230.35	48667.79
230.42	48790.99
230.49	48911.88
230.56	49015.56
230.63	49121.08
230.70	49186.26
230.78	49242.46
230.85	49289.56
230.92	49349.38
230.99	49425.86
231.06	49539.78
231.13	49669.50
231.20	49814.66
231.28	49947.35
231.35	50059.44
231.42	50153.14
231.49	50248.23
231.56	50322.10
231.63	50392.52
231.71	50456.60
231.78	50517.59
231.85	50560.83
231.92	50610.25
231.99	50677.02
232.06	50747.39
232.13	50846.52
232.21	50943.85
232.28	51043.50
232.35	51129.18
232.42	51223.48
232.49	51304.27
232.56	51405.98
232.63	51503.94
232.71	51614.09
232.78	51715.64
232.85	51807.30
232.92	51879.58
232.99	51961.66
233.06	52035.70
233.13	52097.70
233.20	52162.68
233.28	52229.35
233.35	52277.79
233.42	52335.60
233.49	52421.35
233.56	52508.09
233.63	52597.21
233.70	52696.10
233.78	52801.35
233.85	52906.84
233.92	52997.13
233.99	53090.30
234.06	53186.59
234.13	53279.82
234.20	53353.53
234.27	53442.20
234.35	53514.87
234.42	53581.37
234.49	53631.77
234.56	53676.97
234.63	53712.44
234.70	53754.00
234.77	53789.32
234.84	53828.30
234.92	53888.42
234.99	53958.47
235.06	54031.16
235.13	54120.66
235.20	54218.08
235.27	54293.45
235.34	54379.49
235.41	54474.54
235.48	54564.55
235.56	54643.30
235.63	54722.93
235.70	54784.48
235.77	54831.68
235.84	54866.72
235.91	54889.12
235.98	54916.78
236.05	54952.06
236.12	54999.94
236.20	55036.07
236.27	55088.40
236.34	55140.43
236.41	55184.22
236.48	55213.95
236.55	55256.62
236.62	55300.94
236.69	55356.26
236.76	55435.65
236.84	55519.44
236.91	55595.40
236.98	55674.22
237.05	55739.54
237.12	55772.95
237.19	55805.83
237.26	55852.38
237.33	55890.66
237.40	55925.05
237.47	55969.38
237.55	56018.94
237.62	56083.67
237.69	56152.93
237.76	56232.18
237.83	56299.82
237.90	56366.66
237.97	56416.99
238.04	56454.13
238.11	56487.74
238.18	56549.46
238.26	56594.80
238.33	56628.82
238.40	56670.46
238.47	56710.46
238.54	56728.59
238.61	56748.02
238.68	56767.66
238.75	56783.75
238.82	56818.31
238.89	56864.48
238.96	56917.74
239.04	56978.81
239.11	57041.92
239.18	57081.44
239.25	57092.22
239.32	57112.47
239.39	57108.20
239.46	57103.34
239.53	57093.44
239.60	57091.12
239.67	57099.12
239.74	57133.18
239.81	57152.70
239.89	57191.26
239.96	57237.56
240.03	57267.50
240.10	57284.96
240.17	57318.33
240.24	57346.53
240.31	57375.53
240.38	57417.94
240.45	57477.16
240.52	57541.18
240.59	57594.78
240.66	57653.37
240.73	57698.16
240.80	57727.48
240.88	57744.10
240.95	57763.37
241.02	57777.76
241.09	57796.20
241.16	57805.12
241.23	57827.50
241.30	57828.61
241.37	57813.32
241.44	57797.28
241.51	57803.29
241.58	57813.72
241.65	57850.02
241.72	57892.06
241.79	57921.22
241.86	57933.33
241.94	57935.96
242.01	57914.77
242.08	57905.92
242.15	57922.22
242.22	57933.05
242.29	57933.42
242.36	57952.30
242.43	57945.45
242.50	57927.57
242.57	57907.87
242.64	57904.92
242.71	57889.64
242.78	57901.22
242.85	57903.98
242.92	57915.76
242.99	57922.32
243.06	57936.54
243.14	57943.06
243.21	57956.72
243.28	57973.87
243.35	57976.32
243.42	58007.23
243.49	58038.12
243.56	58057.84
243.63	58075.96
243.70	58096.72
243.77	58080.78
243.84	58066.21
243.91	58052.86
243.98	58034.75
244.05	58007.74
244.12	57985.82
244.19	57968.13
244.26	57946.40
244.33	57929.15
244.40	57915.14
244.47	57912.54
244.54	57904.22
244.62	57887.61
244.69	57869.62
244.76	57864.45
244.83	57853.74
244.90	57859.09
244.97	57875.62
245.04	57884.41
245.11	57884.87
245.18	57883.30
245.25	57874.62
245.32	57874.16
245.39	57888.60
245.46	57911.62
245.53	57914.30
245.60	57905.62
245.67	57905.80
245.74	57893.52
245.81	57871.09
245.88	57854.23
245.95	57848.12
246.02	57811.81
246.09	57767.64
246.16	57719.66
246.23	57683.85
246.30	57647.20
246.37	57640.29
246.44	57662.58
246.51	57695.02
246.58	57720.28
246.65	57742.58
246.72	57756.12
246.79	57752.48
246.87	57735.44
246.94	57730.98
247.01	57716.59
247.08	57676.12
247.15	57620.07
247.22	57553.03
247.29	57487.96
247.36	57445.02
247.43	57412.92
247.50	57395.18
247.57	57406.82
247.64	57428.04
247.71	57429.11
247.78	57451.66
247.85	57484.94
247.92	57506.54
247.99	57509.71
248.06	57505.18
248.13	57473.74
248.20	57438.39
248.27	57401.98
248.34	57374.93
248.41	57371.74
248.48	57374.87
248.55	57379.43
248.62	57384.62
248.69	57388.00
248.76	57364.08
248.83	57350.32
248.90	57319.56
248.97	57278.57
249.04	57228.32
249.11	57198.58
249.18	57150.06
249.25	57103.50
249.32	57068.49
249.39	57022.32
249.46	56959.06
249.53	56906.14
249.60	56859.82
249.67	56821.35
249.74	56811.18
249.81	56820.36
249.88	56844.94
249.95	56886.38
250.02	56927.00
250.09	56953.65
250.16	56967.45
250.23	56965.00
250.30	56947.34
250.37	56923.07
250.44	56907.34
250.51	56900.71
250.58	56902.59
250.65	56898.82
250.72	56866.20
250.79	56823.98
250.86	56772.72
250.93	56708.78
251.00	56650.48
251.07	56622.00
251.14	56589.67
251.21	56569.32
251.28	56550.19
251.35	56535.32
251.42	56520.08
251.49	56504.16
251.56	56480.86
251.63	56473.44
251.70	56462.71
251.77	56445.98
251.84	56422.12
251.91	56381.38
251.98	56322.35
252.05	56268.65
252.12	56209.67
252.18	56165.15
252.25	56136.76
252.32	56136.14
252.39	56122.96
252.46	56114.11
252.53	56114.80
252.60	56111.06
252.67	56089.22
252.74	56070.70
252.81	56053.38
252.88	56021.89
252.95	55982.27
253.02	55938.04
253.09	55893.82
253.16	55859.74
253.23	55829.91
253.30	55819.72
253.37	55812.25
253.44	55806.31
253.51	55775.54
253.58	55748.69
253.65	55728.97
253.72	55723.50
253.79	55713.10
253.86	55708.67
253.93	55707.25
254.00	55685.44
254.07	55651.12
254.14	55613.82
254.21	55579.29
254.28	55540.96
254.35	55510.96
254.41	55485.93
254.48	55453.27
254.55	55433.32
254.62	55411.75
254.69	55364.70
254.76	55319.89
254.83	55280.12
254.90	55253.80
254.97	55222.78
255.04	55216.28
255.11	55199.68
255.18	55162.14
255.25	55094.06
255.32	55025.92
255.39	54967.90
255.46	54914.86
255.53	54892.68
255.60	54884.64
255.67	54885.70
255.74	54882.02
255.81	54867.68
255.87	54862.60
255.94	54849.74
256.01	54842.52
256.08	54825.12
256.15	54808.14
256.22	54786.40
256.29	54771.18
256.36	54740.60
256.43	54726.86
256.50	54721.80
256.57	54708.00
256.64	54685.32
256.71	54661.12
256.78	54620.11
256.85	54572.74
256.92	54532.12
256.99	54517.74
257.05	54498.94
257.12	54473.55
257.19	54429.07
257.26	54373.76
257.33	54277.86
257.40	54189.23
257.47	54093.56
257.54	54037.12
257.61	53987.62
257.68	53979.05
257.75	53986.19
257.82	54024.86
257.89	54045.80
257.96	54049.32
258.03	54031.83
258.09	53980.10
258.16	53902.42
258.23	53816.30
258.30	53762.06
258.37	53696.32
258.44	53670.52
258.51	53650.14
258.58	53655.76
258.65	53658.30
258.72	53670.38
258.79	53639.15
258.86	53613.16
258.93	53575.12
258.99	53526.49
259.06	53474.56
259.13	53441.90
259.20	53405.18
259.27	53368.78
259.34	53334.84
259.41	53318.06
259.48	53315.78
259.55	53301.01
259.62	53283.77
259.69	53243.22
259.76	53178.66
259.82	53105.90
259.89	53061.21
259.96	53032.08
260.03	53006.98
260.10	52983.71
260.17	52943.85
260.24	52886.83
260.31	52815.37
260.38	52767.16
260.45	52745.80
260.52	52723.18
260.59	52692.90
260.65	52663.10
260.72	52630.50
260.79	52586.94
260.86	52556.90
260.93	52523.66
261.00	52481.84
261.07	52422.37
261.14	52350.20
261.21	52256.63
261.28	52175.74
261.34	52100.29
261.41	52034.54
261.48	51982.06
261.55	51952.75
261.62	51930.60
261.69	51901.34
261.76	51874.06
261.83	51845.75
261.90	51814.18
261.97	51764.40
262.03	51721.56
262.10	51685.30
262.17	51643.72
262.24	51621.54
262.31	51609.92
262.38	51601.28
262.45	51581.02
262.52	51563.34
262.59	51526.18
262.65	51491.76
262.72	51444.19
262.79	51402.84
262.86	51363.85
262.93	51324.21
263.00	51286.66
263.07	51244.16
263.14	51204.35
263.21	51170.66
263.27	51143.22
263.34	51123.52
263.41	51103.90
263.48	51064.76
263.55	51008.34
263.62	50917.40
263.69	50815.82
263.76	50735.10
263.82	50666.59
263.89	50627.35
263.96	50620.94
264.03	50612.03
264.10	50588.35
264.17	50535.00
264.24	50464.48
264.31	50388.40
264.38	50311.32
264.44	50230.60
264.51	50173.74
264.58	50119.47
264.65	50072.73
264.72	50018.44
264.79	49972.46
264.86	49953.83
264.92	49918.60
264.99	49882.83
265.06	49857.47
265.13	49831.03
265.20	49791.84
265.27	49756.48
265.34	49720.14
265.41	49687.22
265.47	49664.13
265.54	49632.44
265.61	49621.14
265.68	49607.20
265.75	49570.15
265.82	49511.51
265.89	49447.12
265.95	49372.73
266.02	49267.10
266.09	49194.57
266.16	49143.58
266.23	49101.42
266.30	49061.62
266.37	49035.02
266.44	48975.30
266.50	48920.58
266.57	48856.38
266.64	48783.56
266.71	48713.97
266.78	48642.78
266.85	48549.30
266.91	48482.77
266.98	48428.75
267.05	48389.21
267.12	48374.94
267.19	48380.72
267.26	48374.38
267.33	48367.47
267.39	48344.55
267.46	48311.88
267.53	48260.94
267.60	48210.64
267.67	48147.96
267.74	48109.63
267.81	48084.06
267.87	48057.30
267.94	48034.90
268.01	48014.42
268.08	47968.12
268.15	47895.89
268.22	47821.38
268.28	47722.04
268.35	47611.32
268.42	47502.67
268.49	47414.02
268.56	47346.83
268.63	47299.90
268.69	47268.60
268.76	47267.98
268.83	47270.88
268.90	47274.34
268.97	47276.00
269.04	47279.76
269.11	47261.14
269.17	47228.06
269.24	47181.31
269.31	47139.49
269.38	47098.67
269.45	47050.89
269.52	47016.44
269.58	46996.52
269.65	46953.46
269.72	46914.01
269.79	46877.90
269.86	46842.79
269.92	46784.08
269.99	46726.50
270.06	46650.32
270.13	46591.17
270.20	46529.59
270.27	46494.44
270.33	46476.58
270.40	46462.87
270.47	46436.79
270.54	46418.99
270.61	46401.42
270.68	46391.78
270.74	46384.82
270.81	46369.60
270.88	46349.94
270.95	46313.60
271.02	46244.51
271.08	46171.74
271.15	46095.87
271.22	46025.86
271.29	45965.24
271.36	45905.70
271.43	45859.92
271.49	45834.84
271.56	45797.21
271.63	45758.16
271.70	45739.04
271.77	45722.46
271.83	45690.52
271.90	45652.12
271.97	45610.61
272.04	45557.05
272.11	45509.64
272.17	45484.20
272.24	45458.22
272.31	45423.66
272.38	45414.82
272.45	45382.66
272.52	45340.30
272.58	45311.54
272.65	45300.67
272.72	45267.47
272.79	45240.98
272.86	45215.00
272.92	45180.04
272.99	45131.66
273.06	45092.54
273.13	45043.11
273.20	44982.87
273.26	44905.06
273.33	44836.58
273.40	44766.72
273.47	44713.70
273.54	44675.31
273.60	44664.16
273.67	44655.84
273.74	44662.14
273.81	44672.92
273.88	44699.81
273.94	44736.14
274.01	44779.67
274.08	44809.14
274.15	44824.10
274.21	44802.85
274.28	44763.19
274.35	44685.08
274.42	44586.67
274.49	44493.84
274.55	44419.58
274.62	44352.76
274.69	44297.01
274.76	44257.40
274.83	44221.91
274.89	44186.31
274.96	44146.90
275.03	44118.84
275.10	44085.24
275.17	44064.98
275.23	44024.15
275.30	43984.20
275.37	43952.08
275.44	43940.46
275.50	43903.26
275.57	43888.54
275.64	43854.18
275.71	43815.60
275.78	43783.08
275.84	43764.73
275.91	43741.45
275.98	43737.33
276.05	43719.02
276.11	43686.28
276.18	43639.26
276.25	43564.99
276.32	43485.58
276.39	43402.78
276.45	43323.56
276.52	43243.18
276.59	43198.33
276.66	43169.01
276.72	43165.61
276.79	43164.16
276.86	43169.20
276.93	43156.17
276.99	43119.73
277.06	43077.33
277.13	43031.76
277.20	42985.41
277.26	42954.40
277.33	42941.94
277.40	42943.76
277.47	42933.98
277.54	42916.63
277.60	42885.08
277.67	42820.64
277.74	42721.27
277.81	42622.08
277.87	42535.46
277.94	42454.42
278.01	42406.11
278.08	42375.02
278.14	42363.88
278.21	42365.01
278.28	42382.06
278.35	42408.32
278.41	42444.82
278.48	42470.09
278.55	42472.76
278.62	42459.13
278.68	42413.62
278.75	42330.07
278.82	42226.74
278.89	42114.88
278.95	42007.04
279.02	41925.19
279.09	41897.66
279.16	41912.64
279.22	41956.21
279.29	42002.22
279.36	42035.54
279.43	42031.66
279.49	41956.97
279.56	41838.72
279.63	41687.60
279.70	41535.20
279.76	41393.88
279.83	41310.68
279.90	41283.22
279.97	41280.38
280.03	41291.25
280.10	41302.90
280.17	41314.86
280.24	41303.73
280.30	41300.04
280.37	41287.92
280.44	41278.81
280.51	41257.17
280.57	41241.90
280.64	41228.84
280.71	41203.90
280.77	41171.40
280.84	41111.92
280.91	41036.98
280.98	40940.68
281.04	40843.02
281.11	40745.68
281.18	40653.56
281.25	40548.95
281.31	40450.74
281.38	40338.68
281.45	40233.79
281.52	40153.84
281.58	40075.40
281.65	40008.28
281.72	39969.02
281.78	39932.76
281.85	39901.57
281.92	39900.22
281.99	39898.73
282.05	39901.53
282.12	39907.98
282.19	39922.94
282.26	39939.93
282.32	39956.94
282.39	39981.27
282.46	39982.20
282.52	39975.82
282.59	39962.07
282.66	39960.80
282.73	39940.07
282.79	39925.78
282.86	39878.07
282.93	39784.18
282.99	39660.28
283.06	39518.80
283.13	39360.16
283.20	39215.74
283.26	39103.83
283.33	39008.96
283.40	38940.60
283.46	38913.19
283.53	38896.78
283.60	38891.78
283.67	38898.11
283.73	38918.88
283.80	38930.64
283.87	38949.91
283.93	38978.69
284.00	38997.10
284.07	39008.20
284.13	39004.12
284.20	38980.72
284.27	38944.74
284.34	38902.17
284.40	38857.70
284.47	38823.47
284.54	38801.34
284.60	38773.32
284.67	38739.74
284.74	38689.14
284.81	38639.24
284.87	38572.19
284.94	38485.36
285.01	38397.63
285.07	38301.46
285.14	38189.30
285.21	38097.40
285.27	38039.89
285.34	38000.15
285.41	38002.45
285.47	38019.04
285.54	38053.06
285.61	38083.63
285.68	38113.08
285.74	38129.66
285.81	38154.60
285.88	38165.66
285.94	38185.74
286.01	38206.43
286.08	38229.36
286.14	38244.80
286.21	38253.93
286.28	38255.94
286.34	38230.82
286.41	38170.12
286.48	38074.76
286.55	37957.58
286.61	37818.58
286.68	37691.19
286.75	37579.88
286.81	37496.56
286.88	37434.36
286.95	37381.19
287.01	37367.81
287.08	37375.00
287.15	37386.02
287.21	37403.04
287.28	37441.91
287.35	37453.83
287.41	37460.37
287.48	37477.71
287.55	37494.40
287.61	37495.34
287.68	37487.85
287.75	37486.70
287.81	37475.48
287.88	37469.05
287.95	37477.46
288.01	37483.47
288.08	37484.16
288.15	37469.37
288.21	37447.33
288.28	37417.57
288.35	37378.45
288.41	37333.78
288.48	37277.90
288.55	37196.94
288.61	37076.40
288.68	36971.65
288.75	36863.26
288.81	36778.61
288.88	36730.68
288.95	36725.30
289.01	36741.26
289.08	36783.09
289.15	36841.80
289.21	36910.61
289.28	36973.84
289.35	37035.30
289.41	37073.78
289.48	37096.70
289.55	37101.36
289.61	37092.04
289.68	37067.48
289.75	37034.44
289.81	36998.03
289.88	36942.64
289.95	36878.40
290.01	36808.97
290.08	36751.36
290.15	36686.72
290.21	36645.79
290.28	36624.03
290.35	36599.07
290.41	36568.80
290.48	36530.02
290.55	36452.60
290.61	36371.06
290.68	36310.42
290.74	36269.50
290.81	36268.36
290.88	36307.14
290.94	36362.19
291.01	36421.09
291.08	36481.33
291.14	36537.22
291.21	36585.68
291.28	36633.46
291.34	36671.46
291.41	36698.72
291.48	36710.13
291.54	36712.20
291.61	36693.35
291.68	36648.48
291.74	36581.81
291.81	36513.53
291.87	36462.94
291.94	36381.32
292.01	36314.50
292.07	36246.84
292.14	36168.35
292.21	36071.40
292.27	36009.45
292.34	35949.99
292.41	35913.39
292.47	35886.96
292.54	35883.46
292.60	35896.54
292.67	35938.99
292.74	35982.63
292.80	36046.12
292.87	36103.68
292.94	36162.93
293.00	36211.08
293.07	36258.49
293.13	36306.30
293.20	36354.75
293.27	36393.01
293.33	36403.56
293.40	36415.33
293.47	36400.01
293.53	36362.22
293.60	36299.22
293.66	36212.00
293.73	36092.26
293.80	35959.52
293.86	35833.42
293.93	35733.12
294.00	35666.80
294.06	35629.43
294.13	35612.74
294.19	35603.13
294.26	35587.66
294.33	35577.78
294.39	35555.48
294.46	35543.28
294.52	35533.39
294.59	35551.60
294.66	35591.98
294.72	35648.84
294.79	35719.20
294.86	35800.88
294.92	35872.88
294.99	35946.56
295.05	36023.30
295.12	36085.24
295.19	36150.30
295.25	36195.70
295.32	36215.31
295.38	36209.08
295.45	36203.95
295.52	36172.56
295.58	36114.88
295.65	36041.94
295.71	35951.81
295.78	35820.16
295.85	35677.00
295.91	35542.27
295.98	35404.97
296.04	35276.42
296.11	35188.98
296.18	35133.88
296.24	35116.24
296.31	35127.81
296.37	35186.14
296.44	35283.46
296.51	35379.48
296.57	35478.41
296.64	35588.29
296.70	35687.81
296.77	35743.47
296.84	35797.89
296.90	35845.18
296.97	35870.17
297.03	35894.82
297.10	35931.49
297.17	35976.07
297.23	36024.74
297.30	36074.10
297.36	36102.64
297.43	36107.88
297.50	36091.15
297.56	36043.79
297.63	35970.00
297.69	35855.23
297.76	35708.50
297.82	35540.58
297.89	35368.66
297.96	35214.87
298.02	35104.06
298.09	35031.68
298.15	34993.10
298.22	34987.47
298.29	34992.58
298.35	35017.86
298.42	35067.56
298.48	35126.39
298.55	35186.30
298.61	35273.52
298.68	35355.92
298.75	35434.00
298.81	35515.57
298.88	35599.59
298.94	35661.30
299.01	35724.58
299.08	35765.20
299.14	35809.08
299.21	35830.77
299.27	35856.76
299.34	35859.28
299.40	35882.49
299.47	35872.69
299.54	35870.93
299.60	35848.47
299.67	35808.25
299.73	35714.14
299.80	35563.36
299.86	35359.19
299.93	35116.60
299.99	34902.20
300.06	34720.82
300.13	34614.16
300.19	34570.59
300.26	34586.11
300.32	34636.18
300.39	34701.38
300.45	34797.41
300.52	34909.89
300.59	35028.11
300.65	35127.78
300.72	35239.01
300.78	35314.18
300.85	35378.57
300.91	35422.38
300.98	35452.58
301.04	35469.19
301.11	35497.86
301.18	35518.60
301.24	35545.91
301.31	35571.26
301.37	35588.27
301.44	35587.47
301.50	35577.34
301.57	35541.36
301.63	35505.43
301.70	35439.60
301.77	35332.92
301.83	35190.70
301.90	35034.03
301.96	34842.88
302.03	34662.66
302.09	34518.69
302.16	34408.88
302.22	34340.74
302.29	34311.18
302.36	34317.38
302.42	34346.16
302.49	34397.18
302.55	34458.33
302.62	34532.32
302.68	34605.80
302.75	34680.72
302.81	34744.40
302.88	34793.97
302.94	34832.32
303.01	34866.66
303.07	34881.83
303.14	34903.28
303.21	34920.53
303.27	34941.34
303.34	34945.08
303.40	34936.78
303.47	34924.02
303.53	34896.70
303.60	34865.92
303.66	34824.81
303.73	34797.54
303.79	34743.75
303.86	34680.16
303.92	34579.94
303.99	34457.51
304.05	34283.72
304.12	34100.03
304.19	33939.47
304.25	33799.90
304.32	33703.94
304.38	33664.13
304.45	33660.57
304.51	33668.48
304.58	33714.86
304.64	33760.18
304.71	33826.53
304.77	33868.59
304.84	33902.38
304.90	33927.43
304.97	33948.78
305.03	33936.10
305.10	33945.74
305.16	33963.68
305.23	33961.42
305.29	33952.77
305.36	33938.78
305.42	33927.25
305.49	33904.44
305.56	33882.54
305.62	33858.94
305.69	33839.46
305.75	33798.30
305.82	33713.57
305.88	33587.53
305.95	33430.92
306.01	33252.72
306.08	33070.18
306.14	32915.82
306.21	32783.70
306.27	32675.19
306.34	32582.99
306.40	32498.57
306.47	32436.68
306.53	32421.88
306.60	32425.20
306.66	32461.19
306.73	32507.31
306.79	32550.20
306.86	32572.86
306.92	32590.17
306.99	32599.76
307.05	32604.69
307.12	32610.03
307.18	32600.86
307.25	32595.16
307.31	32578.02
307.38	32554.90
307.44	32520.21
307.51	32498.14
307.57	32455.80
307.64	32410.68
307.70	32369.80
307.77	32329.66
307.83	32280.48
307.90	32237.84
307.96	32188.42
308.03	32125.72
308.09	32061.52
308.16	31990.49
308.22	31917.20
308.29	31834.08
308.35	31743.86
308.42	31654.75
308.48	31534.48
308.55	31413.96
308.61	31314.65
308.68	31230.84
308.74	31152.65
308.81	31123.68
308.87	31108.24
308.94	31103.13
309.00	31096.42
309.07	31100.07
309.13	31096.45
309.20	31099.03
309.26	31080.71
309.33	31063.29
309.39	31036.33
309.45	31000.36
309.52	30938.70
309.58	30892.55
309.65	30837.99
309.71	30784.21
309.78	30732.12
309.84	30689.16
309.91	30638.08
309.97	30586.35
310.04	30530.93
310.10	30473.22
310.17	30427.20
310.23	30360.32
310.30	30309.76
310.36	30248.77
310.43	30185.50
310.49	30093.42
310.56	30015.90
310.62	29920.05
310.69	29829.28
310.75	29738.90
310.81	29680.29
310.88	29630.56
310.94	29594.97
311.01	29560.12
311.07	29536.38
311.14	29502.12
311.20	29460.08
311.27	29417.16
311.33	29400.27
311.40	29373.60
311.46	29338.20
311.53	29309.17
311.59	29300.12
311.66	29270.78
311.72	29236.89
311.78	29206.48
311.85	29170.74
311.91	29120.90
311.98	29069.25
312.04	29019.17
312.11	28973.16
312.17	28933.74
312.24	28888.62
312.30	28835.75
312.37	28783.72
312.43	28725.59
312.50	28663.39
312.56	28595.65
312.62	28528.06
312.69	28459.38
312.75	28386.56
312.82	28309.64
312.88	28231.50
312.95	28163.42
313.01	28087.18
313.08	28021.40
313.14	27965.36
313.20	27914.20
313.27	27857.81
313.33	27808.70
313.40	27781.14
313.46	27737.94
313.53	27700.52
313.59	27672.16
313.66	27651.14
313.72	27610.23
313.78	27580.49
313.85	27546.32
313.91	27513.54
313.98	27479.66
314.04	27445.04
314.11	27405.21
314.17	27360.74
314.24	27311.38
314.30	27262.67
314.36	27202.16
314.43	27156.59
314.49	27099.42
314.56	27046.59
314.62	26980.33
314.69	26930.74
314.75	26868.56
314.81	26825.12
314.88	26769.13
314.94	26729.36
315.01	26686.78
315.07	26627.14
315.14	26576.28
315.20	26529.69
315.27	26477.07
315.33	26429.72
315.39	26394.74
315.46	26347.84
315.52	26291.05
315.59	26241.84
315.65	26183.70
315.72	26132.62
315.78	26089.28
315.84	26056.38
315.91	26024.46
315.97	25996.87
316.04	25995.44
316.10	25971.30
316.16	25937.72
316.23	25869.72
316.29	25775.58
316.36	25618.31
316.42	25445.58
316.49	25250.92
316.55	25043.68
316.61	24833.48
316.68	24617.88
316.74	24401.45
316.81	24176.02
316.87	23955.46
316.93	23732.02
317.00	23517.28
317.06	23306.24
317.13	23088.54
317.19	22872.96
317.26	22658.87
317.32	22449.61
317.38	22223.33
317.45	22010.08
317.51	21802.14
317.58	21588.26
317.64	21370.58
317.70	21164.99
317.77	20966.97
317.83	20763.29
317.90	20560.04
317.96	20346.58
318.02	20149.95
318.09	19951.21
318.15	19740.34
318.22	19525.63
318.28	19323.67
318.34	19100.74
318.41	18869.96
318.47	18652.37
318.54	18451.88
318.60	18251.05
318.66	18054.77
318.73	17850.32
318.79	17659.64
318.86	17460.75
318.92	17262.52
318.98	17069.94
319.05	16886.34
319.11	16696.88
319.18	16496.90
319.24	16300.35
319.30	16089.27
319.37	15903.04
319.43	15707.88
319.50	15521.36
319.56	15336.70
319.62	15159.85
319.69	14968.20
319.75	14786.11
319.82	14602.10
319.88	14405.16
319.94	14223.86
320.01	14039.90
320.07	13843.77
320.13	13662.50
320.20	13481.83
320.26	13295.04
320.33	13110.12
320.39	12934.56
320.45	12741.77
320.52	12565.50
320.58	12386.52
320.65	12209.16
320.71	12029.06
320.77	11860.56
320.84	11678.72
320.90	11502.08
320.96	11321.51
321.03	11135.03
321.09	10948.69
321.16	10768.38
321.22	10579.29
321.28	10398.98
321.35	10233.62
321.41	10060.92
321.47	9889.52
321.54	9727.45
321.60	9553.31
321.67	9380.57
321.73	9212.95
321.79	9039.01
321.86	8866.08
321.92	8697.13
321.98	8507.86
322.05	8320.88
322.11	8131.27
322.18	7934.51
322.24	7746.22
322.30	7569.64
322.37	7396.33
322.43	7223.30
322.49	7058.98
322.56	6882.66
322.62	6709.46
322.68	6530.82
322.75	6363.78
322.81	6184.20
322.88	6011.48
322.94	5841.04
323.00	5668.00
323.07	5495.07
323.13	5331.94
323.19	5167.46
323.26	5005.15
323.32	4849.72
323.38	4685.51
323.45	4460.44
323.51	3819.59
323.57	2935.24
323.64	2007.61
323.70	1119.76
323.76	324.02
323.83	-19.86
323.89	-89.14
323.96	-90.78
