180.25	3524.47
180.33	-133.65
180.40	660.19
180.48	-27.26
180.56	18.35
180.63	55.97
180.71	100.15
180.78	98.40
180.86	98.65
180.93	103.29
181.01	106.25
181.08	104.81
181.16	103.78
181.23	105.13
181.31	105.13
181.39	130.35
181.46	138.98
181.54	150.25
181.61	167.98
181.69	176.95
181.76	168.68
181.84	162.75
181.91	163.60
181.99	163.90
182.06	163.98
182.14	168.22
182.22	172.48
182.29	182.03
182.37	184.41
182.44	195.96
182.52	190.95
182.59	209.46
182.67	216.99
182.74	223.21
182.82	227.27
182.89	239.34
182.97	238.83
183.04	248.83
183.12	257.49
183.20	277.69
183.27	288.96
183.35	317.82
183.42	338.34
183.50	377.11
183.57	398.01
183.65	440.64
183.72	480.43
183.80	532.97
183.87	572.79
183.95	614.17
184.02	660.11
184.10	688.46
184.17	704.09
184.25	705.92
184.32	699.95
184.40	671.51
184.47	624.92
184.55	584.55
184.62	580.34
184.70	606.45
184.78	651.22
184.85	753.90
184.93	870.69
185.00	983.63
185.08	1097.89
185.15	1214.73
185.23	1329.93
185.30	1437.89
185.38	1540.47
185.45	1637.96
185.53	1743.49
185.60	1830.83
185.68	1937.69
185.75	2017.18
185.83	2075.74
185.90	2104.03
185.98	2072.46
186.05	1986.06
186.13	1875.09
186.20	1737.21
186.28	1622.11
186.35	1593.57
186.43	1645.91
186.50	1783.32
186.58	1986.30
186.65	2199.83
186.73	2408.02
186.80	2579.46
186.88	2714.46
186.95	2834.27
187.03	2924.12
187.10	2979.55
187.18	3052.09
187.25	3115.35
187.33	3181.47
187.40	3285.03
187.48	3404.95
187.55	3538.54
187.63	3672.34
187.70	3764.75
187.78	3814.69
187.85	3831.30
187.93	3753.89
188.00	3610.01
188.08	3443.24
188.15	3300.39
188.23	3227.01
188.30	3266.69
188.38	3414.39
188.45	3638.73
188.53	3867.45
188.60	4070.22
188.68	4233.53
188.75	4386.29
188.83	4558.91
188.90	4722.25
188.98	4888.41
189.05	5069.61
189.13	5228.89
189.20	5376.42
189.28	5554.73
189.35	5748.23
189.43	5947.63
189.50	6144.69
189.58	6250.29
189.65	6245.53
189.73	6138.27
189.80	5927.16
189.87	5641.49
189.95	5332.93
190.02	4978.03
190.10	4597.11
190.17	4270.13
190.25	4040.12
190.32	3936.63
190.40	3962.33
190.47	4097.63
190.55	4275.95
190.62	4475.23
190.70	4660.78
190.77	4883.70
190.85	5139.07
190.92	5406.47
191.00	5660.77
191.07	5891.94
191.15	6048.57
191.22	6146.54
191.29	6183.57
191.37	6164.07
191.44	6132.11
191.52	6108.17
191.59	6055.23
191.67	5969.49
191.74	5863.70
191.82	5750.71
191.89	5653.42
191.97	5600.51
192.04	5585.85
192.12	5588.34
192.19	5592.41
192.27	5604.69
192.34	5640.72
192.41	5734.63
192.49	5883.74
192.56	6070.35
192.64	6257.66
192.71	6406.46
192.79	6450.07
192.86	6387.16
192.94	6182.08
193.01	5895.17
193.09	5588.31
193.16	5332.77
193.23	5154.96
193.31	5097.96
193.38	5176.93
193.46	5333.31
193.53	5558.25
193.61	5839.01
193.68	6145.77
193.76	6434.52
193.83	6712.91
193.91	6950.89
193.98	7142.25
194.05	7264.97
194.13	7271.27
194.20	7165.07
194.28	6986.93
194.35	6746.67
194.43	6459.84
194.50	6127.53
194.58	5740.18
194.65	5313.65
194.72	4905.86
194.80	4569.53
194.87	4385.85
194.95	4414.96
195.02	4608.51
195.10	4932.63
195.17	5399.24
195.25	5940.14
195.32	6467.10
195.39	6949.20
195.47	7345.60
195.54	7596.47
195.62	7675.34
195.69	7580.51
195.77	7316.59
195.84	6919.01
195.91	6433.95
195.99	5992.41
196.06	5628.38
196.14	5331.67
196.21	5059.49
196.29	4817.76
196.36	4590.86
196.43	4433.37
196.51	4453.95
196.58	4709.33
196.66	5173.28
196.73	5765.91
196.81	6425.53
196.88	7070.61
196.95	7616.92
197.03	7980.96
197.10	8117.50
197.18	8025.47
197.25	7751.16
197.33	7368.27
197.40	6944.64
197.47	6557.89
197.55	6264.16
197.62	5990.58
197.70	5713.31
197.77	5439.02
197.84	5135.91
197.92	4787.34
197.99	4566.90
198.07	4597.77
198.14	4943.11
198.22	5642.71
198.29	6594.18
198.36	7613.07
198.44	8539.83
198.51	9229.15
198.59	9588.03
198.66	9644.79
198.73	9425.81
198.81	8994.41
198.88	8398.16
198.96	7758.64
199.03	7207.51
199.10	6830.57
199.18	6584.61
199.25	6430.97
199.33	6255.88
199.40	5947.82
199.48	5558.49
199.55	5270.04
199.62	5236.36
199.70	5643.46
199.77	6527.57
199.85	7720.09
199.92	8935.33
199.99	9997.59
200.07	10709.57
200.14	11007.87
200.22	10847.19
200.29	10325.76
200.36	9700.61
200.44	9140.45
200.51	8715.29
200.59	8449.68
200.66	8304.89
200.73	8165.11
200.81	8003.68
200.88	7751.77
200.95	7417.56
201.03	7048.90
201.10	6791.08
201.18	6706.59
201.25	6917.97
201.32	7521.87
201.40	8514.24
201.47	9674.77
201.55	10768.73
201.62	11581.35
201.69	11973.29
201.77	12010.01
201.84	11792.81
201.92	11348.68
201.99	10796.89
202.06	10343.79
202.14	10067.44
202.21	9927.47
202.28	9946.61
202.36	10044.53
202.43	10083.29
202.51	10020.51
202.58	9885.27
202.65	9667.08
202.73	9460.22
202.80	9442.07
202.87	9755.07
202.95	10405.89
203.02	11339.65
203.10	12417.05
203.17	13433.17
203.24	14020.72
203.32	13955.79
203.39	13299.15
203.46	12441.37
203.54	11665.18
203.61	11176.43
203.69	11099.37
203.76	11467.07
203.83	12035.58
203.91	12556.39
203.98	12969.81
204.05	13268.86
204.13	13418.06
204.20	13372.55
204.28	13205.32
204.35	12966.11
204.42	12721.33
204.50	12585.83
204.57	12709.28
204.64	13108.61
204.72	13651.83
204.79	14086.93
204.86	14256.31
204.94	14146.23
205.01	13789.94
205.09	13263.16
205.16	12830.61
205.23	12708.69
205.31	12893.15
205.38	13312.13
205.45	13954.32
205.53	14750.47
205.60	15562.31
205.67	16289.17
205.75	16849.07
205.82	17214.23
205.89	17413.35
205.97	17495.55
206.04	17485.27
206.12	17448.71
206.19	17425.31
206.26	17429.34
206.34	17501.78
206.41	17559.65
206.48	17422.88
206.56	16923.10
206.63	16112.59
206.70	15158.97
206.78	14356.44
206.85	13995.20
206.92	14237.81
207.00	15001.37
207.07	16010.87
207.14	17022.53
207.22	17915.54
207.29	18696.59
207.36	19385.55
207.44	20011.05
207.51	20558.97
207.58	21021.88
207.66	21385.91
207.73	21622.46
207.80	21647.35
207.88	21467.18
207.95	21176.70
208.02	20783.21
208.10	20139.70
208.17	19219.58
208.25	18219.13
208.32	17297.42
208.39	16583.03
208.47	16286.71
208.54	16491.96
208.61	17065.26
208.69	17772.13
208.76	18521.13
208.83	19303.19
208.90	20129.58
208.98	20944.06
209.05	21719.15
209.12	22419.51
209.20	23006.35
209.27	23493.55
209.34	23878.94
209.42	24204.69
209.49	24431.58
209.56	24538.99
209.64	24496.34
209.71	24180.49
209.78	23470.35
209.86	22453.45
209.93	21320.94
210.00	20121.26
210.08	19095.05
210.15	18535.57
210.22	18518.04
210.30	18892.44
210.37	19628.51
210.44	20598.14
210.52	21602.25
210.59	22508.77
210.66	23284.34
210.74	23950.06
210.81	24529.63
210.88	25071.21
210.96	25572.83
211.03	26064.87
211.10	26532.23
211.17	26928.35
211.25	27166.28
211.32	27192.59
211.39	26966.99
211.47	26380.40
211.54	25325.10
211.61	23937.69
211.69	22615.27
211.76	21625.91
211.83	21145.35
211.91	21333.72
211.98	22045.37
212.05	22941.04
212.12	23769.43
212.20	24477.65
212.27	25061.16
212.34	25538.15
212.42	25954.65
212.49	26357.13
212.56	26764.88
212.64	27191.19
212.71	27667.92
212.78	28148.32
212.85	28555.23
212.93	28829.23
213.00	28948.75
213.07	28871.27
213.15	28441.95
213.22	27685.65
213.29	26817.11
213.37	25919.52
213.44	25114.36
213.51	24646.85
213.58	24613.35
213.66	24863.43
213.73	25334.37
213.80	25937.38
213.88	26551.91
213.95	27024.05
214.02	27365.59
214.09	27620.76
214.17	27834.92
214.24	28067.79
214.31	28357.00
214.39	28666.92
214.46	28928.83
214.53	29087.57
214.60	29138.17
214.68	29188.95
214.75	29263.90
214.82	29338.81
214.90	29305.93
214.97	28979.43
215.04	28264.43
215.11	27368.27
215.19	26569.26
215.26	26142.17
215.33	26257.42
215.41	26922.95
215.48	27858.32
215.55	28765.75
215.62	29481.45
215.70	30036.37
215.77	30489.33
215.84	30908.66
215.91	31302.16
215.99	31710.53
216.06	32085.51
216.13	32382.67
216.21	32559.36
216.28	32706.53
216.35	32820.05
216.42	32902.90
216.50	32927.97
216.57	32891.81
216.64	32667.75
216.71	32118.51
216.79	31387.76
216.86	30668.25
216.93	30089.80
217.01	29791.35
217.08	29915.67
217.15	30347.32
217.22	30922.79
217.30	31535.13
217.37	32131.69
217.44	32680.95
217.51	33144.49
217.59	33525.47
217.66	33844.48
217.73	34097.99
217.80	34300.73
217.88	34464.08
217.95	34609.17
218.02	34733.70
218.09	34862.80
218.17	35012.00
218.24	35166.19
218.31	35275.53
218.38	35290.68
218.46	35120.98
218.53	34657.24
218.60	33980.97
218.67	33265.39
218.75	32681.71
218.82	32371.70
218.89	32453.64
218.96	32875.39
219.04	33463.35
219.11	34071.63
219.18	34602.56
219.25	35039.86
219.33	35394.15
219.40	35712.98
219.47	36010.78
219.54	36286.37
219.62	36539.17
219.69	36770.75
219.76	37001.89
219.83	37193.13
219.91	37383.95
219.98	37572.61
220.05	37711.33
220.12	37745.81
220.20	37684.48
220.27	37483.62
220.34	37061.66
220.41	36492.73
220.49	35934.03
220.56	35526.42
220.63	35337.77
220.70	35446.85
220.78	35800.40
220.85	36223.23
220.92	36607.07
220.99	36936.55
221.06	37204.23
221.14	37440.85
221.21	37691.19
221.28	37951.68
221.35	38209.53
221.43	38472.84
221.50	38717.52
221.57	38945.39
221.64	39153.18
221.72	39328.19
221.79	39470.61
221.86	39566.07
221.93	39601.12
222.00	39594.68
222.08	39531.87
222.15	39352.29
222.22	39117.93
222.29	38891.97
222.37	38716.72
222.44	38615.28
222.51	38634.27
222.58	38736.39
222.65	38873.68
222.73	39011.84
222.80	39158.32
222.87	39328.93
222.94	39518.43
223.02	39725.27
223.09	39926.87
223.16	40135.21
223.23	40345.24
223.30	40559.28
223.38	40780.77
223.45	40996.97
223.52	41184.91
223.59	41333.93
223.66	41431.57
223.74	41459.91
223.81	41439.42
223.88	41406.15
223.95	41363.42
224.03	41308.96
224.10	41245.68
224.17	41209.89
224.24	41167.25
224.31	41156.79
224.39	41198.94
224.46	41302.17
224.53	41419.98
224.60	41549.72
224.67	41686.11
224.75	41832.41
224.82	41975.21
224.89	42145.39
224.96	42327.59
225.03	42500.90
225.11	42657.06
225.18	42805.15
225.25	42914.19
225.32	42994.19
225.39	43046.43
225.47	43054.71
225.54	43002.79
225.61	42872.78
225.68	42689.11
225.75	42477.55
225.83	42280.45
225.90	42112.65
225.97	42000.81
226.04	41961.74
226.11	42045.43
226.19	42241.49
226.26	42535.64
226.33	42891.20
226.40	43229.54
226.47	43486.52
226.54	43654.30
226.62	43753.95
226.69	43833.73
226.76	43981.95
226.83	44182.54
226.90	44420.42
226.98	44649.93
227.05	44858.95
227.12	45018.49
227.19	45112.70
227.26	45172.34
227.34	45241.02
227.41	45302.97
227.48	45332.43
227.55	45326.55
227.62	45301.19
227.69	45293.81
227.77	45314.19
227.84	45379.63
227.91	45497.91
227.98	45648.15
228.05	45770.11
228.12	45884.86
228.20	45995.92
228.27	46120.94
228.34	46233.07
228.41	46357.07
228.48	46485.59
228.56	46605.63
228.63	46713.73
228.70	46808.85
228.77	46901.28
228.84	46999.81
228.91	47095.01
228.99	47204.10
229.06	47335.69
229.13	47456.03
229.20	47558.79
229.27	47648.40
229.34	47711.83
229.42	47758.45
229.49	47799.45
229.56	47823.93
229.63	47848.27
229.70	47862.29
229.77	47893.53
229.85	47941.29
229.92	48007.63
229.99	48090.21
230.06	48194.07
230.13	48296.55
230.20	48407.90
230.27	48529.23
230.35	48655.78
230.42	48780.53
230.49	48898.97
230.56	49009.11
230.63	49099.77
230.70	49163.72
230.78	49229.14
230.85	49291.32
230.92	49358.29
230.99	49445.87
231.06	49561.01
231.13	49689.82
231.20	49823.35
231.28	49941.47
231.35	50047.91
231.42	50139.89
231.49	50227.81
231.56	50305.33
231.63	50387.73
231.71	50440.97
231.78	50497.89
231.85	50542.99
231.92	50596.75
231.99	50648.63
232.06	50735.21
232.13	50835.24
232.21	50932.85
232.28	51023.54
232.35	51113.11
232.42	51197.81
232.49	51271.77
232.56	51371.92
232.63	51471.79
232.71	51581.47
232.78	51680.78
232.85	51788.76
232.92	51876.99
232.99	51967.81
233.06	52045.92
233.13	52123.27
233.20	52178.75
233.28	52221.43
233.35	52275.69
233.42	52334.15
233.49	52415.83
233.56	52507.83
233.63	52598.16
233.70	52690.25
233.78	52791.88
233.85	52890.90
233.92	52987.21
233.99	53083.83
234.06	53173.77
234.13	53274.78
234.20	53355.21
234.27	53432.55
234.35	53504.05
234.42	53568.24
234.49	53617.21
234.56	53661.28
234.63	53701.40
234.70	53747.69
234.77	53788.67
234.84	53826.75
234.92	53879.48
234.99	53952.42
235.06	54027.81
235.13	54122.28
235.20	54222.84
235.27	54314.55
235.34	54404.71
235.41	54492.93
235.48	54566.16
235.56	54640.83
235.63	54716.20
235.70	54766.71
235.77	54818.91
235.84	54853.60
235.91	54883.95
235.98	54914.10
236.05	54951.97
236.12	54985.81
236.20	55027.74
236.27	55068.79
236.34	55119.91
236.41	55166.15
236.48	55216.60
236.55	55268.09
236.62	55314.95
236.69	55369.45
236.76	55437.21
236.84	55507.03
236.91	55581.09
236.98	55650.99
237.05	55699.80
237.12	55742.40
237.19	55784.25
237.26	55827.91
237.33	55871.59
237.40	55920.30
237.47	55969.76
237.55	56017.49
237.62	56098.07
237.69	56165.30
237.76	56241.25
237.83	56319.57
237.90	56386.17
237.97	56416.67
238.04	56458.69
238.11	56484.46
238.18	56523.08
238.26	56566.58
238.33	56607.30
238.40	56645.53
238.47	56694.32
238.54	56722.60
238.61	56751.63
238.68	56769.47
238.75	56788.15
238.82	56826.83
238.89	56860.73
238.96	56905.63
239.04	56958.85
239.11	57026.27
239.18	57056.77
239.25	57077.45
239.32	57090.87
239.39	57106.34
239.46	57099.33
239.53	57083.67
239.60	57081.11
239.67	57096.65
239.74	57114.92
239.81	57152.10
239.89	57199.47
239.96	57242.33
240.03	57268.59
240.10	57290.46
240.17	57308.25
240.24	57327.19
240.31	57367.67
240.38	57413.09
240.45	57478.85
240.52	57546.05
240.59	57616.90
240.66	57663.23
240.73	57702.60
240.80	57724.88
240.88	57736.05
240.95	57757.92
241.02	57787.74
241.09	57814.47
241.16	57831.55
241.23	57851.59
241.30	57853.47
241.37	57830.29
241.44	57820.67
241.51	57818.89
241.58	57829.89
241.65	57851.87
241.72	57895.55
241.79	57920.46
241.86	57937.83
241.94	57937.19
242.01	57919.15
242.08	57896.62
242.15	57894.20
242.22	57892.81
242.29	57892.45
242.36	57908.15
242.43	57905.27
242.50	57899.43
242.57	57896.18
242.64	57897.61
242.71	57885.45
242.78	57906.41
242.85	57914.06
242.92	57918.71
242.99	57923.47
243.06	57944.83
243.14	57944.35
243.21	57954.11
243.28	57962.69
243.35	57988.34
243.42	58013.44
243.49	58045.27
243.56	58059.64
243.63	58089.09
243.70	58095.38
243.77	58084.19
243.84	58074.06
243.91	58066.15
243.98	58039.06
244.05	58011.44
244.12	57993.07
244.19	57968.72
244.26	57951.23
244.33	57930.09
244.40	57917.29
244.47	57904.54
244.54	57903.84
244.62	57876.11
244.69	57851.05
244.76	57834.61
244.83	57833.31
244.90	57833.34
244.97	57861.18
245.04	57888.29
245.11	57885.00
245.18	57867.02
245.25	57850.27
245.32	57848.57
245.39	57857.49
245.46	57877.67
245.53	57886.33
245.60	57882.35
245.67	57878.38
245.74	57878.18
245.81	57878.17
245.88	57870.70
245.95	57869.65
246.02	57843.95
246.09	57793.71
246.16	57743.93
246.23	57699.82
246.30	57665.85
246.37	57652.98
246.44	57675.79
246.51	57695.78
246.58	57731.53
246.65	57758.05
246.72	57773.06
246.79	57758.37
246.87	57745.41
246.94	57727.51
247.01	57693.56
247.08	57655.59
247.15	57600.72
247.22	57545.04
247.29	57487.29
247.36	57455.85
247.43	57414.75
247.50	57410.87
247.57	57415.65
247.64	57432.55
247.71	57438.85
247.78	57448.57
247.85	57466.53
247.92	57490.94
247.99	57494.64
248.06	57482.53
248.13	57471.31
248.20	57453.95
248.27	57414.11
248.34	57384.21
248.41	57383.86
248.48	57383.55
248.55	57380.72
248.62	57381.98
248.69	57390.98
248.76	57381.73
248.83	57366.33
248.90	57323.20
248.97	57287.63
249.04	57238.63
249.11	57198.23
249.18	57159.53
249.25	57138.17
249.32	57109.10
249.39	57067.51
249.46	57009.55
249.53	56959.87
249.60	56894.05
249.67	56851.13
249.74	56829.50
249.81	56828.61
249.88	56831.84
249.95	56866.61
250.02	56895.09
250.09	56923.61
250.16	56933.21
250.23	56923.51
250.30	56913.61
250.37	56893.33
250.44	56881.79
250.51	56881.41
250.58	56901.97
250.65	56902.44
250.72	56877.88
250.79	56828.91
250.86	56771.73
250.93	56714.19
251.00	56651.88
251.07	56615.90
251.14	56590.95
251.21	56571.74
251.28	56544.20
251.35	56519.75
251.42	56513.46
251.49	56507.91
251.56	56494.39
251.63	56485.13
251.70	56486.25
251.77	56460.55
251.84	56422.96
251.91	56383.23
251.98	56326.61
252.05	56270.69
252.12	56216.87
252.18	56178.96
252.25	56151.64
252.32	56159.09
252.39	56158.95
252.46	56159.51
252.53	56146.33
252.60	56126.47
252.67	56093.87
252.74	56064.55
252.81	56036.91
252.88	56013.94
252.95	55981.41
253.02	55939.41
253.09	55905.62
253.16	55888.17
253.23	55871.90
253.30	55871.69
253.37	55862.77
253.44	55851.38
253.51	55805.31
253.58	55768.24
253.65	55737.46
253.72	55734.20
253.79	55712.71
253.86	55715.55
253.93	55700.81
254.00	55677.98
254.07	55643.54
254.14	55610.01
254.21	55570.48
254.28	55547.79
254.35	55531.08
254.41	55501.44
254.48	55472.83
254.55	55456.65
254.62	55433.99
254.69	55392.18
254.76	55353.28
254.83	55315.21
254.90	55272.05
254.97	55237.09
255.04	55216.49
255.11	55193.45
255.18	55163.75
255.25	55104.80
255.32	55043.80
255.39	54983.34
255.46	54938.61
255.53	54914.45
255.60	54909.83
255.67	54904.21
255.74	54901.08
255.81	54886.07
255.87	54875.57
255.94	54854.84
256.01	54847.83
256.08	54827.36
256.15	54813.32
256.22	54788.74
256.29	54776.41
256.36	54748.15
256.43	54744.35
256.50	54742.93
256.57	54735.63
256.64	54719.96
256.71	54692.06
256.78	54644.23
256.85	54588.72
256.92	54545.18
256.99	54531.71
257.05	54514.31
257.12	54502.42
257.19	54459.91
257.26	54398.69
257.33	54296.89
257.40	54212.41
257.47	54115.94
257.54	54056.34
257.61	54008.58
257.68	53998.92
257.75	53997.40
257.82	54021.96
257.89	54038.16
257.96	54048.24
258.03	54026.33
258.09	53982.27
258.16	53915.70
258.23	53840.19
258.30	53771.37
258.37	53721.63
258.44	53689.94
258.51	53668.57
258.58	53671.25
258.65	53676.61
258.72	53672.45
258.79	53648.27
258.86	53627.59
258.93	53595.07
258.99	53552.58
259.06	53503.51
259.13	53457.32
259.20	53403.25
259.27	53359.05
259.34	53329.21
259.41	53312.29
259.48	53310.66
259.55	53296.73
259.62	53277.93
259.69	53229.83
259.76	53174.87
259.82	53110.24
259.89	53074.85
259.96	53045.83
260.03	53026.88
260.10	52993.05
260.17	52951.48
260.24	52891.27
260.31	52817.01
260.38	52766.41
260.45	52749.65
260.52	52729.85
260.59	52692.82
260.65	52666.17
260.72	52633.79
260.79	52599.35
260.86	52571.94
260.93	52548.50
261.00	52506.11
261.07	52442.75
261.14	52349.31
261.21	52258.65
261.28	52188.90
261.34	52108.52
261.41	52046.85
261.48	52005.61
261.55	51977.51
261.62	51939.53
261.69	51918.54
261.76	51893.61
261.83	51866.13
261.90	51821.99
261.97	51778.84
262.03	51746.44
262.10	51709.05
262.17	51659.67
262.24	51643.10
262.31	51629.48
262.38	51601.53
262.45	51586.99
262.52	51576.23
262.59	51533.89
262.65	51493.63
262.72	51456.22
262.79	51418.88
262.86	51373.59
262.93	51338.05
263.00	51296.96
263.07	51250.16
263.14	51201.81
263.21	51176.25
263.27	51153.17
263.34	51143.09
263.41	51128.37
263.48	51084.91
263.55	51019.60
263.62	50921.09
263.69	50818.27
263.76	50727.01
263.82	50672.79
263.89	50637.95
263.96	50628.10
264.03	50617.71
264.10	50600.15
264.17	50539.92
264.24	50472.12
264.31	50397.51
264.38	50327.63
264.44	50255.51
264.51	50190.19
264.58	50132.81
264.65	50090.06
264.72	50018.69
264.79	49958.26
264.86	49935.16
264.92	49897.63
264.99	49870.03
265.06	49847.44
265.13	49818.48
265.20	49789.05
265.27	49757.39
265.34	49704.83
265.41	49685.53
265.47	49668.01
265.54	49640.96
265.61	49628.40
265.68	49630.63
265.75	49588.95
265.82	49535.58
265.89	49458.30
265.95	49376.92
266.02	49273.77
266.09	49200.16
266.16	49139.29
266.23	49102.08
266.30	49058.27
266.37	49014.88
266.44	48955.77
266.50	48907.06
266.57	48844.95
266.64	48784.32
266.71	48719.17
266.78	48648.80
266.85	48567.15
266.91	48504.51
266.98	48445.98
267.05	48399.78
267.12	48384.27
267.19	48375.83
267.26	48362.93
267.33	48356.52
267.39	48348.09
267.46	48316.93
267.53	48266.91
267.60	48207.76
267.67	48147.93
267.74	48097.42
267.81	48055.19
267.87	48033.67
267.94	48017.06
268.01	47999.23
268.08	47957.99
268.15	47887.21
268.22	47800.45
268.28	47701.34
268.35	47588.20
268.42	47482.89
268.49	47400.95
268.56	47338.69
268.63	47300.54
268.69	47279.30
268.76	47269.32
268.83	47276.18
268.90	47287.28
268.97	47289.57
269.04	47286.87
269.11	47260.82
269.17	47224.09
269.24	47177.75
269.31	47140.94
269.38	47102.57
269.45	47071.78
269.52	47048.53
269.58	47027.03
269.65	46978.00
269.72	46922.24
269.79	46885.24
269.86	46847.46
269.92	46781.21
269.99	46725.92
270.06	46669.39
270.13	46616.73
270.20	46553.44
270.27	46519.41
270.33	46489.01
270.40	46463.64
270.47	46443.24
270.54	46419.13
270.61	46396.27
270.68	46389.42
270.74	46377.24
270.81	46356.66
270.88	46334.64
270.95	46298.91
271.02	46231.09
271.08	46159.91
271.15	46080.51
271.22	46011.03
271.29	45958.61
271.36	45899.90
271.43	45858.87
271.49	45835.85
271.56	45807.36
271.63	45765.82
271.70	45750.69
271.77	45728.93
271.83	45677.45
271.90	45623.77
271.97	45576.89
272.04	45523.63
272.11	45476.79
272.17	45453.83
272.24	45440.49
272.31	45419.57
272.38	45402.43
272.45	45386.91
272.52	45360.63
272.58	45335.51
272.65	45326.69
272.72	45298.23
272.79	45261.15
272.86	45222.53
272.92	45178.53
272.99	45120.73
273.06	45084.34
273.13	45038.82
273.20	44983.81
273.26	44914.23
273.33	44847.30
273.40	44783.39
273.47	44738.91
273.54	44708.79
273.60	44690.75
273.67	44676.43
273.74	44676.85
273.81	44677.61
273.88	44695.03
273.94	44729.70
274.01	44778.35
274.08	44809.89
274.15	44814.25
274.21	44791.88
274.28	44754.35
274.35	44683.79
274.42	44588.19
274.49	44494.25
274.55	44421.16
274.62	44357.93
274.69	44296.09
274.76	44256.03
274.83	44228.90
274.89	44202.99
274.96	44160.51
275.03	44131.72
275.10	44097.56
275.17	44071.11
275.23	44026.83
275.30	43987.65
275.37	43959.35
275.44	43950.37
275.50	43918.05
275.57	43894.79
275.64	43867.72
275.71	43828.49
275.78	43776.01
275.84	43764.01
275.91	43739.13
275.98	43727.50
276.05	43715.77
276.11	43696.29
276.18	43647.22
276.25	43569.43
276.32	43485.55
276.39	43393.81
276.45	43306.47
276.52	43221.22
276.59	43177.48
276.66	43153.94
276.72	43154.44
276.79	43155.99
276.86	43159.91
276.93	43160.31
276.99	43122.47
277.06	43065.53
277.13	43007.63
277.20	42963.82
277.26	42936.72
277.33	42930.18
277.40	42938.78
277.47	42942.50
277.54	42927.77
277.60	42873.95
277.67	42804.69
277.74	42708.50
277.81	42603.21
277.87	42515.85
277.94	42451.72
278.01	42412.39
278.08	42387.62
278.14	42379.10
278.21	42371.07
278.28	42387.51
278.35	42401.85
278.41	42428.21
278.48	42462.37
278.55	42477.21
278.62	42462.81
278.68	42422.64
278.75	42342.39
278.82	42236.29
278.89	42121.70
278.95	42024.63
279.02	41946.69
279.09	41924.79
279.16	41933.05
279.22	41966.83
279.29	42000.28
279.36	42031.53
279.43	42018.49
279.49	41943.89
279.56	41830.41
279.63	41680.33
279.70	41529.59
279.76	41399.44
279.83	41323.64
279.90	41300.09
279.97	41307.40
280.03	41308.13
280.10	41310.09
280.17	41319.21
280.24	41313.16
280.30	41305.31
280.37	41295.31
280.44	41291.77
280.51	41276.06
280.57	41266.89
280.64	41243.47
280.71	41225.85
280.77	41186.11
280.84	41130.28
280.91	41048.39
280.98	40956.29
281.04	40851.35
281.11	40747.25
281.18	40646.71
281.25	40541.59
281.31	40436.60
281.38	40332.03
281.45	40242.98
281.52	40160.45
281.58	40082.77
281.65	40017.27
281.72	39971.27
281.78	39932.27
281.85	39900.93
281.92	39889.42
281.99	39891.88
282.05	39901.96
282.12	39908.89
282.19	39920.79
282.26	39947.67
282.32	39969.19
282.39	39989.50
282.46	39985.05
282.52	39975.49
282.59	39957.69
282.66	39949.83
282.73	39929.24
282.79	39919.48
282.86	39883.58
282.93	39804.29
282.99	39687.63
283.06	39548.62
283.13	39398.39
283.20	39250.72
283.26	39125.69
283.33	39018.55
283.40	38950.32
283.46	38911.57
283.53	38901.65
283.60	38895.61
283.67	38921.53
283.73	38947.95
283.80	38956.32
283.87	38971.15
283.93	39006.13
284.00	39009.55
284.07	39013.73
284.13	39007.53
284.20	38983.02
284.27	38939.49
284.34	38899.35
284.40	38854.57
284.47	38823.44
284.54	38801.03
284.60	38772.09
284.67	38737.01
284.74	38687.53
284.81	38640.17
284.87	38581.25
284.94	38493.09
285.01	38401.22
285.07	38299.22
285.14	38186.53
285.21	38091.60
285.27	38040.65
285.34	38017.17
285.41	38029.27
285.47	38049.53
285.54	38074.99
285.61	38095.63
285.68	38115.49
285.74	38130.22
285.81	38150.55
285.88	38161.91
285.94	38183.37
286.01	38207.53
286.08	38226.58
286.14	38245.79
286.21	38255.86
286.28	38262.35
286.34	38234.35
286.41	38172.79
286.48	38073.65
286.55	37960.13
286.61	37828.95
286.68	37700.47
286.75	37587.45
286.81	37504.09
286.88	37429.93
286.95	37370.07
287.01	37356.68
287.08	37361.31
287.15	37380.95
287.21	37413.14
287.28	37449.31
287.35	37459.70
287.41	37465.26
287.48	37474.08
287.55	37478.30
287.61	37485.47
287.68	37483.15
287.75	37490.08
287.81	37485.84
287.88	37478.73
287.95	37472.43
288.01	37477.89
288.08	37474.59
288.15	37443.27
288.21	37422.97
288.28	37385.01
288.35	37341.86
288.41	37286.59
288.48	37235.46
288.55	37154.34
288.61	37059.57
288.68	36954.79
288.75	36847.34
288.81	36765.59
288.88	36720.57
288.95	36717.43
289.01	36740.04
289.08	36793.29
289.15	36858.18
289.21	36919.57
289.28	36968.47
289.35	37024.05
289.41	37052.17
289.48	37075.24
289.55	37079.85
289.61	37070.34
289.68	37056.84
289.75	37026.97
289.81	36982.47
289.88	36932.01
289.95	36873.69
290.01	36781.89
290.08	36719.78
290.15	36662.75
290.21	36631.67
290.28	36609.17
290.35	36597.29
290.41	36572.82
290.48	36534.17
290.55	36447.99
290.61	36362.53
290.68	36297.85
290.74	36265.73
290.81	36266.18
290.88	36298.55
290.94	36362.35
291.01	36427.41
291.08	36484.47
291.14	36535.69
291.21	36594.80
291.28	36632.80
291.34	36667.59
291.41	36681.33
291.48	36694.45
291.54	36685.99
291.61	36664.69
291.68	36623.03
291.74	36564.41
291.81	36496.53
291.87	36452.67
291.94	36386.27
292.01	36320.05
292.07	36260.81
292.14	36171.69
292.21	36073.69
292.27	36007.25
292.34	35943.33
292.41	35904.47
292.47	35891.69
292.54	35893.01
292.60	35900.95
292.67	35942.15
292.74	35982.31
292.80	36036.71
292.87	36092.93
292.94	36159.65
293.00	36217.37
293.07	36260.34
293.13	36308.26
293.20	36348.81
293.27	36381.66
293.33	36393.59
293.40	36408.39
293.47	36398.80
293.53	36362.75
293.60	36294.47
293.66	36196.71
293.73	36066.90
293.80	35933.86
293.86	35816.32
293.93	35715.82
294.00	35650.27
294.06	35621.20
294.13	35606.55
294.19	35593.59
294.26	35584.45
294.33	35569.61
294.39	35547.02
294.46	35531.32
294.52	35526.69
294.59	35545.55
294.66	35589.43
294.72	35655.42
294.79	35723.09
294.86	35797.83
294.92	35869.65
294.99	35933.13
295.05	36007.73
295.12	36071.61
295.19	36139.35
295.25	36182.01
295.32	36212.97
295.38	36208.08
295.45	36209.68
295.52	36174.71
295.58	36118.21
295.65	36045.51
295.71	35954.49
295.78	35817.74
295.85	35675.87
295.91	35538.80
295.98	35401.21
296.04	35272.47
296.11	35180.91
296.18	35125.49
296.24	35114.92
296.31	35140.43
296.37	35197.60
296.44	35290.51
296.51	35391.17
296.57	35484.81
296.64	35582.07
296.70	35682.25
296.77	35741.73
296.84	35786.97
296.90	35827.94
296.97	35860.21
297.03	35882.91
297.10	35925.96
297.17	35975.43
297.23	36031.59
297.30	36068.33
297.36	36087.81
297.43	36097.81
297.50	36084.06
297.56	36036.11
297.63	35960.45
297.69	35852.06
297.76	35698.79
297.82	35525.99
297.89	35356.19
297.96	35202.11
298.02	35091.64
298.09	35019.00
298.15	34980.58
298.22	34975.02
298.29	34987.41
298.35	35009.13
298.42	35053.13
298.48	35113.46
298.55	35176.47
298.61	35263.70
298.68	35351.11
298.75	35439.09
298.81	35514.02
298.88	35593.77
298.94	35658.60
299.01	35715.89
299.08	35754.78
299.14	35805.54
299.21	35841.52
299.27	35858.13
299.34	35862.05
299.40	35881.05
299.47	35874.34
299.54	35859.99
299.60	35844.23
299.67	35809.39
299.73	35721.31
299.80	35575.13
299.86	35362.95
299.93	35121.35
299.99	34912.73
300.06	34730.41
300.13	34619.79
300.19	34578.35
300.26	34596.65
300.32	34639.71
300.39	34710.08
300.45	34806.91
300.52	34925.32
300.59	35043.73
300.65	35149.72
300.72	35250.37
300.78	35328.17
300.85	35394.44
300.91	35433.61
300.98	35467.41
301.04	35493.93
301.11	35513.95
301.18	35528.22
301.24	35553.89
301.31	35562.06
301.37	35568.58
301.44	35567.33
301.50	35559.05
301.57	35528.32
301.63	35495.86
301.70	35432.11
301.77	35331.93
301.83	35180.09
301.90	35023.05
301.96	34836.65
302.03	34656.82
302.09	34514.05
302.16	34419.09
302.22	34350.65
302.29	34322.61
302.36	34328.89
302.42	34354.67
302.49	34409.73
302.55	34471.75
302.62	34547.06
302.68	34615.95
302.75	34691.17
302.81	34742.56
302.88	34794.73
302.94	34827.67
303.01	34866.63
303.07	34891.65
303.14	34918.53
303.21	34930.47
303.27	34943.25
303.34	34949.08
303.40	34935.53
303.47	34910.05
303.53	34882.85
303.60	34857.62
303.66	34816.01
303.73	34777.65
303.79	34737.77
303.86	34673.42
303.92	34577.34
303.99	34460.36
304.05	34290.56
304.12	34099.83
304.19	33934.68
304.25	33796.17
304.32	33696.59
304.38	33662.80
304.45	33658.88
304.51	33671.98
304.58	33707.99
304.64	33747.46
304.71	33798.41
304.77	33842.97
304.84	33886.49
304.90	33920.41
304.97	33935.67
305.03	33948.25
305.10	33962.90
305.16	33966.37
305.23	33967.69
305.29	33971.55
305.36	33955.53
305.42	33940.63
305.49	33920.39
305.56	33890.07
305.62	33860.51
305.69	33824.00
305.75	33775.60
305.82	33694.00
305.88	33566.35
305.95	33405.03
306.01	33232.26
306.08	33059.60
306.14	32908.36
306.21	32787.94
306.27	32687.35
306.34	32585.14
306.40	32491.24
306.47	32421.62
306.53	32400.26
306.60	32411.94
306.66	32458.05
306.73	32503.91
306.79	32538.52
306.86	32558.21
306.92	32565.99
306.99	32568.62
307.05	32575.08
307.12	32586.34
307.18	32586.77
307.25	32576.48
307.31	32565.89
307.38	32547.59
307.44	32531.18
307.51	32503.43
307.57	32466.30
307.64	32419.03
307.70	32381.68
307.77	32322.95
307.83	32268.83
307.90	32223.37
307.96	32178.99
308.03	32113.89
308.09	32044.03
308.16	31977.43
308.22	31902.27
308.29	31812.49
308.35	31723.47
308.42	31637.96
308.48	31515.29
308.55	31399.08
308.61	31300.35
308.68	31221.97
308.74	31151.85
308.81	31129.55
308.87	31112.41
308.94	31112.19
309.00	31102.09
309.07	31106.83
309.13	31096.58
309.20	31097.79
309.26	31066.27
309.33	31037.86
309.39	30999.87
309.45	30967.90
309.52	30916.48
309.58	30881.78
309.65	30836.73
309.71	30783.45
309.78	30734.23
309.84	30675.77
309.91	30616.83
309.97	30555.98
310.04	30516.73
310.10	30455.83
310.17	30412.13
310.23	30350.97
310.30	30306.32
310.36	30242.15
310.43	30175.32
310.49	30086.51
310.56	30011.15
310.62	29913.93
310.69	29824.45
310.75	29739.23
310.81	29686.32
310.88	29636.79
310.94	29601.37
311.01	29560.81
311.07	29531.59
311.14	29490.27
311.20	29456.39
311.27	29417.79
311.33	29399.45
311.40	29367.71
311.46	29349.68
311.53	29314.73
311.59	29295.97
311.66	29260.75
311.72	29225.01
311.78	29178.51
311.85	29139.34
311.91	29091.50
311.98	29038.65
312.04	28999.73
312.11	28965.15
312.17	28924.77
312.24	28881.75
312.30	28833.82
312.37	28774.51
312.43	28709.49
312.50	28648.28
312.56	28582.01
312.62	28512.11
312.69	28450.23
312.75	28380.19
312.82	28299.59
312.88	28221.95
312.95	28150.53
313.01	28072.77
313.08	27999.33
313.14	27946.19
313.20	27898.71
313.27	27852.13
313.33	27805.17
313.40	27777.71
313.46	27734.13
313.53	27699.33
313.59	27660.73
313.66	27642.54
313.72	27601.71
313.78	27573.50
313.85	27526.93
313.91	27506.20
313.98	27467.88
314.04	27424.96
314.11	27385.27
314.17	27349.79
314.24	27294.46
314.30	27242.83
314.36	27192.23
314.43	27140.14
314.49	27086.01
314.56	27028.46
314.62	26970.87
314.69	26926.04
314.75	26867.53
314.81	26809.27
314.88	26762.14
314.94	26716.93
315.01	26665.31
315.07	26609.96
315.14	26560.36
315.20	26509.02
315.27	26451.53
315.33	26406.93
315.39	26356.39
315.46	26311.85
315.52	26259.13
315.59	26212.18
315.65	26159.19
315.72	26124.62
315.78	26088.85
315.84	26052.52
315.91	26019.79
315.97	25989.69
316.04	25977.97
316.10	25952.63
316.16	25916.67
316.23	25854.32
316.29	25761.21
316.36	25609.53
316.42	25439.55
316.49	25251.37
316.55	25044.62
316.61	24830.83
316.68	24615.95
316.74	24398.88
316.81	24174.89
316.87	23957.37
316.93	23734.33
317.00	23526.05
317.06	23313.77
317.13	23095.55
317.19	22877.81
317.26	22661.96
317.32	22434.73
317.38	22208.10
317.45	21997.78
317.51	21791.76
317.58	21587.47
317.64	21379.29
317.70	21178.34
317.77	20970.92
317.83	20765.15
317.90	20558.51
317.96	20351.27
318.02	20139.87
318.09	19936.61
318.15	19721.71
318.22	19508.74
318.28	19301.35
318.34	19087.34
318.41	18870.61
318.47	18654.85
318.54	18451.21
318.60	18245.81
318.66	18045.48
318.73	17834.09
318.79	17649.11
318.86	17448.15
318.92	17254.72
318.98	17066.15
319.05	16881.81
319.11	16685.20
319.18	16487.08
319.24	16290.32
319.30	16078.64
319.37	15893.59
319.43	15703.17
319.50	15517.59
319.56	15328.17
319.62	15147.16
319.69	14959.13
319.75	14773.66
319.82	14590.63
319.88	14404.80
319.94	14223.55
320.01	14041.29
320.07	13845.20
320.13	13657.55
320.20	13471.01
320.26	13288.31
320.33	13099.04
320.39	12922.19
320.45	12740.44
320.52	12569.41
320.58	12390.27
320.65	12210.83
320.71	12034.71
320.77	11860.27
320.84	11677.01
320.90	11502.84
320.96	11321.91
321.03	11134.45
321.09	10947.34
321.16	10764.51
321.22	10573.33
321.28	10396.33
321.35	10230.33
321.41	10059.44
321.47	9887.61
321.54	9726.47
321.60	9552.93
321.67	9380.38
321.73	9213.25
321.79	9041.06
321.86	8868.08
321.92	8697.34
321.98	8508.89
322.05	8316.92
322.11	8127.21
322.18	7932.84
322.24	7742.97
322.30	7562.82
322.37	7393.79
322.43	7218.87
322.49	7053.93
322.56	6878.21
322.62	6710.53
322.68	6528.58
322.75	6366.92
322.81	6184.07
322.88	6011.25
322.94	5836.83
323.00	5663.22
323.07	5487.85
323.13	5324.86
323.19	5164.18
323.26	5002.03
323.32	4845.27
323.38	4679.74
323.45	4458.35
323.51	3815.96
323.57	2931.85
323.64	2007.92
323.70	1121.19
323.76	323.95
323.83	-20.21
323.89	-89.78
323.96	-91.15
