180.25	3523.57
180.33	-133.45
180.40	660.55
180.48	-26.90
180.56	18.17
180.63	56.08
180.71	99.80
180.78	97.52
180.86	98.24
180.93	103.32
181.01	105.62
181.08	104.15
181.16	103.45
181.23	104.87
181.31	105.28
181.39	130.02
181.46	140.20
181.54	151.25
181.61	168.68
181.69	177.14
181.76	169.40
181.84	161.55
181.91	162.62
181.99	163.38
182.06	163.68
182.14	169.06
182.22	174.62
182.29	184.23
182.37	185.84
182.44	197.20
182.52	192.65
182.59	210.80
182.67	217.72
182.74	223.42
182.82	227.38
182.89	238.92
182.97	238.10
183.04	248.98
183.12	257.45
183.20	278.09
183.27	288.02
183.35	317.28
183.42	339.34
183.50	379.03
183.57	400.47
183.65	444.72
183.72	483.47
183.80	534.49
183.87	576.24
183.95	616.68
184.02	661.99
184.10	691.52
184.17	708.42
184.25	708.74
184.32	701.58
184.40	672.76
184.47	625.54
184.55	582.76
184.62	577.82
184.70	605.33
184.78	651.13
184.85	752.66
184.93	871.24
185.00	982.96
185.08	1098.18
185.15	1213.08
185.23	1329.41
185.30	1439.76
185.38	1546.90
185.45	1643.72
185.53	1748.94
185.60	1838.84
185.68	1944.77
185.75	2020.85
185.83	2081.71
185.90	2111.57
185.98	2079.42
186.05	1988.62
186.13	1879.89
186.20	1741.00
186.28	1627.43
186.35	1598.86
186.43	1654.77
186.50	1789.98
186.58	1993.41
186.65	2206.56
186.73	2412.02
186.80	2579.88
186.88	2718.30
186.95	2838.50
187.03	2929.92
187.10	2985.79
187.18	3060.85
187.25	3119.64
187.33	3182.84
187.40	3283.24
187.48	3401.95
187.55	3537.46
187.63	3674.18
187.70	3763.94
187.78	3813.78
187.85	3831.31
187.93	3747.63
188.00	3598.47
188.08	3436.61
188.15	3295.14
188.23	3225.84
188.30	3273.85
188.38	3428.10
188.45	3650.46
188.53	3880.28
188.60	4081.30
188.68	4241.56
188.75	4389.74
188.83	4559.60
188.90	4718.69
188.98	4882.16
189.05	5063.99
189.13	5229.25
189.20	5381.52
189.28	5562.30
189.35	5760.12
189.43	5959.69
189.50	6148.98
189.58	6255.38
189.65	6251.30
189.73	6141.80
189.80	5931.48
189.87	5651.78
189.95	5343.27
190.02	4985.19
190.10	4604.00
190.17	4270.90
190.25	4039.12
190.32	3933.33
190.40	3958.01
190.47	4089.03
190.55	4268.08
190.62	4464.90
190.70	4648.61
190.77	4872.37
190.85	5127.00
190.92	5395.28
191.00	5650.96
191.07	5882.59
191.15	6034.17
191.22	6133.86
191.29	6166.69
191.37	6146.84
191.44	6117.24
191.52	6099.76
191.59	6050.42
191.67	5968.60
191.74	5862.22
191.82	5749.40
191.89	5654.08
191.97	5598.94
192.04	5585.84
192.12	5593.91
192.19	5599.81
192.27	5610.72
192.34	5647.89
192.41	5742.28
192.49	5890.25
192.56	6077.93
192.64	6266.34
192.71	6414.43
192.79	6454.75
192.86	6381.80
192.94	6170.54
193.01	5881.03
193.09	5579.82
193.16	5329.78
193.23	5159.16
193.31	5106.77
193.38	5190.81
193.46	5343.00
193.53	5564.88
193.61	5849.60
193.68	6149.44
193.76	6438.60
193.83	6720.22
193.91	6958.74
193.98	7140.50
194.05	7264.20
194.13	7265.92
194.20	7157.98
194.28	6975.85
194.35	6738.77
194.43	6453.12
194.50	6118.56
194.58	5730.54
194.65	5313.01
194.72	4907.62
194.80	4573.29
194.87	4391.79
194.95	4416.72
195.02	4605.40
195.10	4932.13
195.17	5399.89
195.25	5945.20
195.32	6482.72
195.39	6964.04
195.47	7355.24
195.54	7604.68
195.62	7678.55
195.69	7576.55
195.77	7311.36
195.84	6914.31
195.91	6431.08
195.99	5988.52
196.06	5622.02
196.14	5328.16
196.21	5056.72
196.29	4815.37
196.36	4590.30
196.43	4439.73
196.51	4460.68
196.58	4719.25
196.66	5183.40
196.73	5773.48
196.81	6432.60
196.88	7079.98
196.95	7627.93
197.03	7986.56
197.10	8125.94
197.18	8031.65
197.25	7751.60
197.33	7363.44
197.40	6944.02
197.47	6562.88
197.55	6265.82
197.62	5994.71
197.70	5719.44
197.77	5445.60
197.84	5133.98
197.92	4789.64
197.99	4571.82
198.07	4602.84
198.14	4951.92
198.22	5655.36
198.29	6603.49
198.36	7621.95
198.44	8548.27
198.51	9235.83
198.59	9596.05
198.66	9654.72
198.73	9435.32
198.81	9006.98
198.88	8410.00
198.96	7769.97
199.03	7216.96
199.10	6839.34
199.18	6586.62
199.25	6434.78
199.33	6257.38
199.40	5952.10
199.48	5561.25
199.55	5277.45
199.62	5240.76
199.70	5654.74
199.77	6540.40
199.85	7736.25
199.92	8949.78
199.99	10010.20
200.07	10721.64
200.14	11016.28
200.22	10848.14
200.29	10324.49
200.36	9696.62
200.44	9130.55
200.51	8702.52
200.59	8444.10
200.66	8305.26
200.73	8171.31
200.81	8010.11
200.88	7763.94
200.95	7429.42
201.03	7059.62
201.10	6804.06
201.18	6722.96
201.25	6932.47
201.32	7541.40
201.40	8540.94
201.47	9695.93
201.55	10794.12
201.62	11614.29
201.69	11997.47
201.77	12028.06
201.84	11809.15
201.92	11359.68
201.99	10800.44
202.06	10352.27
202.14	10072.03
202.21	9937.68
202.28	9960.28
202.36	10059.06
202.43	10092.65
202.51	10034.34
202.58	9898.57
202.65	9678.59
202.73	9468.70
202.80	9456.52
202.87	9767.18
202.95	10418.52
203.02	11349.72
203.10	12433.93
203.17	13449.80
203.24	14043.53
203.32	13981.22
203.39	13330.23
203.46	12463.52
203.54	11684.35
203.61	11190.33
203.69	11105.39
203.76	11464.66
203.83	12038.01
203.91	12553.31
203.98	12967.44
204.05	13274.01
204.13	13431.56
204.20	13387.96
204.28	13222.43
204.35	12977.35
204.42	12725.53
204.50	12581.70
204.57	12693.90
204.64	13091.92
204.72	13636.06
204.79	14075.06
204.86	14245.66
204.94	14145.70
205.01	13796.07
205.09	13274.72
205.16	12844.00
205.23	12722.11
205.31	12903.68
205.38	13319.40
205.45	13960.17
205.53	14751.85
205.60	15562.58
205.67	16282.23
205.75	16845.10
205.82	17225.10
205.89	17421.70
205.97	17501.06
206.04	17506.85
206.12	17475.11
206.19	17434.57
206.26	17434.59
206.34	17512.05
206.41	17563.79
206.48	17420.73
206.56	16918.60
206.63	16114.36
206.70	15158.50
206.78	14359.02
206.85	13999.53
206.92	14248.00
207.00	15014.94
207.07	16027.78
207.14	17041.78
207.22	17934.22
207.29	18715.16
207.36	19400.32
207.44	20029.20
207.51	20562.24
207.58	21024.52
207.66	21385.28
207.73	21618.95
207.80	21645.57
207.88	21468.34
207.95	21175.62
208.02	20789.54
208.10	20147.32
208.17	19221.85
208.25	18229.44
208.32	17319.32
208.39	16599.43
208.47	16303.19
208.54	16508.83
208.61	17075.87
208.69	17773.62
208.76	18524.73
208.83	19314.94
208.90	20156.01
208.98	20986.31
209.05	21761.58
209.12	22451.80
209.20	23033.59
209.27	23502.18
209.34	23884.40
209.42	24205.03
209.49	24442.76
209.56	24551.54
209.64	24502.54
209.71	24179.30
209.78	23478.36
209.86	22456.37
209.93	21311.72
210.00	20118.34
210.08	19090.57
210.15	18527.16
210.22	18505.71
210.30	18899.00
210.37	19637.84
210.44	20606.39
210.52	21607.58
210.59	22522.85
210.66	23284.62
210.74	23955.49
210.81	24537.04
210.88	25088.94
210.96	25587.58
211.03	26087.76
211.10	26548.82
211.17	26958.99
211.25	27187.11
211.32	27223.28
211.39	26997.52
211.47	26417.16
211.54	25349.16
211.61	23966.31
211.69	22635.62
211.76	21640.34
211.83	21153.78
211.91	21336.14
211.98	22047.92
212.05	22946.00
212.12	23778.74
212.20	24503.10
212.27	25093.92
212.34	25567.81
212.42	25985.25
212.49	26379.80
212.56	26769.27
212.64	27203.13
212.71	27684.49
212.78	28156.12
212.85	28581.86
212.93	28863.38
213.00	28973.08
213.07	28887.27
213.15	28460.40
213.22	27696.00
213.29	26815.75
213.37	25925.55
213.44	25117.42
213.51	24648.14
213.58	24611.58
213.66	24876.57
213.73	25342.02
213.80	25949.83
213.88	26557.78
213.95	27035.44
214.02	27367.20
214.09	27619.46
214.17	27829.06
214.24	28065.60
214.31	28358.50
214.39	28664.74
214.46	28923.48
214.53	29075.75
214.60	29119.63
214.68	29151.64
214.75	29232.70
214.82	29305.24
214.90	29281.39
214.97	28963.13
215.04	28252.56
215.11	27343.46
215.19	26543.70
215.26	26118.74
215.33	26244.29
215.41	26917.86
215.48	27863.14
215.55	28777.12
215.62	29498.41
215.70	30060.69
215.77	30504.83
215.84	30924.47
215.91	31322.90
215.99	31735.68
216.06	32113.56
216.13	32410.13
216.21	32586.81
216.28	32733.64
216.35	32844.79
216.42	32905.68
216.50	32931.31
216.57	32904.76
216.64	32667.82
216.71	32119.62
216.79	31400.42
216.86	30687.46
216.93	30111.59
217.01	29819.66
217.08	29934.63
217.15	30361.23
217.22	30930.38
217.30	31535.36
217.37	32137.00
217.44	32692.22
217.51	33163.10
217.59	33551.64
217.66	33865.61
217.73	34121.14
217.80	34324.18
217.88	34479.56
217.95	34617.88
218.02	34745.42
218.09	34869.88
218.17	35016.94
218.24	35176.37
218.31	35294.86
218.38	35311.10
218.46	35140.28
218.53	34672.21
218.60	33994.84
218.67	33269.52
218.75	32683.82
218.82	32379.26
218.89	32467.22
218.96	32880.24
219.04	33473.14
219.11	34083.88
219.18	34612.30
219.25	35047.71
219.33	35418.15
219.40	35745.65
219.47	36043.95
219.54	36319.89
219.62	36567.20
219.69	36797.28
219.76	37018.88
219.83	37218.53
219.91	37417.38
219.98	37601.34
220.05	37724.01
220.12	37756.46
220.20	37698.06
220.27	37480.40
220.34	37066.36
220.41	36503.11
220.49	35954.76
220.56	35537.85
220.63	35360.85
220.70	35470.76
220.78	35824.38
220.85	36247.80
220.92	36629.16
220.99	36940.24
221.06	37214.56
221.14	37457.72
221.21	37699.78
221.28	37964.14
221.35	38235.77
221.43	38483.24
221.50	38721.67
221.57	38947.05
221.64	39149.32
221.72	39325.00
221.79	39479.40
221.86	39571.18
221.93	39613.48
222.00	39611.82
222.08	39548.34
222.15	39364.52
222.22	39132.12
222.29	38904.86
222.37	38730.52
222.44	38632.10
222.51	38655.73
222.58	38766.32
222.65	38907.71
222.73	39039.85
222.80	39181.10
222.87	39352.90
222.94	39549.84
223.02	39756.09
223.09	39958.29
223.16	40156.98
223.23	40359.00
223.30	40574.32
223.38	40788.58
223.45	41004.45
223.52	41191.94
223.59	41348.82
223.66	41429.76
223.74	41461.96
223.81	41446.25
223.88	41430.12
223.95	41387.18
224.03	41324.18
224.10	41261.02
224.17	41216.18
224.24	41167.52
224.31	41150.96
224.39	41202.36
224.46	41295.18
224.53	41410.22
224.60	41541.56
224.67	41681.28
224.75	41818.68
224.82	41972.33
224.89	42144.98
224.96	42321.32
225.03	42481.98
225.11	42641.42
225.18	42786.98
225.25	42898.62
225.32	42985.62
225.39	43044.50
225.47	43061.74
225.54	43011.98
225.61	42891.67
225.68	42704.35
225.75	42498.62
225.83	42296.68
225.90	42122.97
225.97	41997.85
226.04	41954.08
226.11	42031.49
226.19	42214.86
226.26	42509.27
226.33	42866.67
226.40	43215.90
226.47	43481.20
226.54	43670.14
226.62	43765.34
226.69	43842.00
226.76	43987.97
226.83	44192.36
226.90	44420.22
226.98	44657.73
227.05	44877.02
227.12	45029.86
227.19	45117.36
227.26	45179.10
227.34	45241.09
227.41	45294.46
227.48	45327.72
227.55	45324.44
227.62	45308.88
227.69	45302.20
227.77	45338.02
227.84	45401.98
227.91	45524.87
227.98	45663.00
228.05	45786.65
228.12	45883.79
228.20	45996.58
228.27	46106.60
228.34	46220.74
228.41	46354.28
228.48	46488.82
228.56	46607.22
228.63	46717.16
228.70	46807.26
228.77	46894.12
228.84	46980.46
228.91	47073.27
228.99	47179.90
229.06	47318.96
229.13	47446.07
229.20	47560.36
229.27	47657.68
229.34	47733.95
229.42	47776.52
229.49	47811.18
229.56	47841.13
229.63	47864.36
229.70	47878.20
229.77	47907.90
229.85	47951.36
229.92	48005.25
229.99	48074.27
230.06	48168.30
230.13	48282.51
230.20	48402.02
230.27	48531.38
230.35	48664.71
230.42	48788.90
230.49	48902.12
230.56	49002.77
230.63	49104.54
230.70	49177.68
230.78	49247.32
230.85	49303.40
230.92	49374.30
230.99	49445.77
231.06	49559.19
231.13	49684.94
231.20	49816.18
231.28	49928.94
231.35	50035.42
231.42	50121.75
231.49	50213.32
231.56	50297.08
231.63	50379.84
231.71	50454.87
231.78	50528.52
231.85	50573.04
231.92	50627.45
231.99	50689.08
232.06	50764.03
232.13	50845.56
232.21	50943.90
232.28	51038.04
232.35	51112.30
232.42	51185.94
232.49	51265.48
232.56	51358.94
232.63	51446.64
232.71	51567.66
232.78	51670.69
232.85	51762.34
232.92	51852.89
232.99	51944.46
233.06	52021.60
233.13	52097.27
233.20	52169.40
233.28	52225.93
233.35	52273.11
233.42	52334.58
233.49	52418.58
233.56	52501.54
233.63	52583.52
233.70	52687.93
233.78	52781.57
233.85	52888.66
233.92	52991.19
233.99	53096.44
234.06	53188.46
234.13	53288.68
234.20	53362.13
234.27	53434.78
234.35	53501.94
234.42	53563.64
234.49	53613.46
234.56	53646.98
234.63	53686.06
234.70	53725.31
234.77	53756.42
234.84	53784.58
234.92	53856.38
234.99	53928.01
235.06	54008.70
235.13	54103.48
235.20	54210.63
235.27	54288.92
235.34	54374.37
235.41	54449.32
235.48	54545.50
235.56	54625.18
235.63	54697.12
235.70	54758.43
235.77	54810.12
235.84	54834.27
235.91	54857.32
235.98	54894.40
236.05	54935.44
236.12	54987.44
236.20	55033.25
236.27	55081.21
236.34	55130.20
236.41	55171.13
236.48	55214.54
236.55	55268.42
236.62	55320.97
236.69	55372.30
236.76	55447.50
236.84	55519.60
236.91	55581.07
236.98	55653.21
237.05	55706.52
237.12	55751.22
237.19	55800.22
237.26	55853.50
237.33	55900.17
237.40	55952.63
237.47	55989.12
237.55	56023.39
237.62	56088.36
237.69	56152.47
237.76	56223.15
237.83	56295.24
237.90	56361.05
237.97	56399.52
238.04	56445.80
238.11	56489.20
238.18	56551.98
238.26	56602.22
238.33	56640.36
238.40	56671.96
238.47	56716.86
238.54	56732.50
238.61	56743.79
238.68	56767.23
238.75	56781.92
238.82	56802.85
238.89	56844.36
238.96	56898.52
239.04	56959.06
239.11	57027.73
239.18	57068.13
239.25	57085.43
239.32	57109.32
239.39	57122.41
239.46	57123.02
239.53	57127.38
239.60	57120.76
239.67	57126.86
239.74	57131.42
239.81	57151.56
239.89	57174.74
239.96	57215.16
240.03	57241.80
240.10	57266.66
240.17	57293.02
240.24	57316.61
240.31	57354.35
240.38	57398.41
240.45	57468.52
240.52	57539.16
240.59	57599.83
240.66	57659.99
240.73	57712.18
240.80	57730.53
240.88	57739.50
240.95	57761.90
241.02	57787.30
241.09	57807.86
241.16	57834.24
241.23	57860.72
241.30	57872.42
241.37	57852.59
241.44	57838.62
241.51	57834.98
241.58	57836.08
241.65	57851.76
241.72	57887.52
241.79	57907.80
241.86	57913.96
241.94	57909.85
242.01	57897.07
242.08	57879.17
242.15	57886.57
242.22	57897.62
242.29	57905.79
242.36	57921.65
242.43	57923.72
242.50	57915.76
242.57	57912.18
242.64	57920.04
242.71	57908.09
242.78	57918.48
242.85	57922.04
242.92	57928.35
242.99	57932.06
243.06	57943.74
243.14	57953.60
243.21	57973.62
243.28	57985.66
243.35	57998.97
243.42	58016.77
243.49	58041.87
243.56	58054.90
243.63	58078.83
243.70	58095.42
243.77	58111.22
243.84	58097.99
243.91	58078.43
243.98	58049.26
244.05	58012.78
244.12	57977.78
244.19	57956.25
244.26	57951.24
244.33	57938.88
244.40	57924.52
244.47	57917.99
244.54	57909.08
244.62	57878.48
244.69	57849.46
244.76	57841.38
244.83	57827.51
244.90	57823.95
244.97	57833.87
245.04	57861.29
245.11	57870.08
245.18	57871.30
245.25	57875.04
245.32	57894.21
245.39	57902.76
245.46	57914.50
245.53	57916.07
245.60	57904.85
245.67	57892.37
245.74	57883.39
245.81	57871.27
245.88	57864.66
245.95	57861.04
246.02	57830.74
246.09	57783.41
246.16	57728.70
246.23	57675.52
246.30	57635.83
246.37	57623.01
246.44	57648.88
246.51	57690.72
246.58	57737.77
246.65	57760.40
246.72	57781.85
246.79	57770.28
246.87	57754.10
246.94	57734.20
247.01	57718.21
247.08	57674.34
247.15	57622.16
247.22	57556.82
247.29	57489.00
247.36	57443.06
247.43	57412.56
247.50	57393.44
247.57	57398.18
247.64	57421.44
247.71	57435.62
247.78	57451.22
247.85	57478.99
247.92	57492.85
247.99	57487.30
248.06	57476.76
248.13	57462.45
248.20	57435.26
248.27	57408.24
248.34	57392.84
248.41	57372.22
248.48	57356.01
248.55	57346.79
248.62	57359.22
248.69	57363.19
248.76	57356.11
248.83	57344.20
248.90	57320.82
248.97	57268.74
249.04	57217.26
249.11	57181.28
249.18	57142.71
249.25	57107.36
249.32	57075.96
249.39	57035.61
249.46	56989.56
249.53	56932.68
249.60	56879.42
249.67	56846.29
249.74	56812.98
249.81	56811.23
249.88	56833.04
249.95	56869.42
250.02	56896.34
250.09	56925.82
250.16	56934.49
250.23	56926.30
250.30	56913.94
250.37	56896.69
250.44	56894.20
250.51	56891.24
250.58	56897.68
250.65	56896.65
250.72	56863.92
250.79	56820.20
250.86	56768.18
250.93	56705.96
251.00	56636.79
251.07	56594.73
251.14	56565.25
251.21	56546.78
251.28	56523.42
251.35	56504.42
251.42	56505.18
251.49	56500.86
251.56	56487.42
251.63	56476.14
251.70	56470.68
251.77	56446.90
251.84	56412.33
251.91	56368.92
251.98	56323.80
252.05	56267.25
252.12	56219.01
252.18	56183.50
252.25	56146.56
252.32	56155.19
252.39	56165.15
252.46	56164.27
252.53	56149.06
252.60	56146.87
252.67	56116.91
252.74	56083.48
252.81	56053.52
252.88	56029.80
252.95	55997.01
253.02	55951.54
253.09	55918.16
253.16	55898.88
253.23	55873.07
253.30	55859.28
253.37	55849.48
253.44	55832.01
253.51	55790.63
253.58	55759.88
253.65	55741.44
253.72	55719.49
253.79	55695.33
253.86	55691.84
253.93	55682.67
254.00	55654.50
254.07	55626.58
254.14	55596.50
254.21	55553.32
254.28	55523.72
254.35	55503.39
254.41	55488.68
254.48	55466.54
254.55	55453.06
254.62	55431.05
254.69	55386.46
254.76	55337.09
254.83	55291.56
254.90	55257.24
254.97	55236.26
255.04	55223.86
255.11	55206.56
255.18	55172.01
255.25	55107.74
255.32	55044.09
255.39	54977.90
255.46	54927.03
255.53	54905.16
255.60	54894.31
255.67	54875.68
255.74	54874.34
255.81	54865.99
255.87	54866.12
255.94	54853.89
256.01	54860.26
256.08	54844.10
256.15	54837.10
256.22	54814.67
256.29	54802.87
256.36	54751.82
256.43	54730.83
256.50	54711.54
256.57	54702.66
256.64	54679.65
256.71	54672.07
256.78	54635.90
256.85	54591.40
256.92	54550.52
256.99	54526.58
257.05	54499.01
257.12	54483.35
257.19	54439.14
257.26	54373.70
257.33	54286.59
257.40	54202.91
257.47	54100.57
257.54	54043.28
257.61	53989.82
257.68	53979.54
257.75	53978.66
257.82	54009.92
257.89	54019.18
257.96	54036.48
258.03	54013.10
258.09	53967.70
258.16	53901.68
258.23	53826.77
258.30	53756.69
258.37	53711.74
258.44	53679.08
258.51	53659.30
258.58	53661.06
258.65	53663.21
258.72	53660.26
258.79	53643.49
258.86	53612.60
258.93	53580.32
258.99	53536.78
259.06	53484.09
259.13	53435.56
259.20	53391.29
259.27	53350.23
259.34	53313.18
259.41	53299.38
259.48	53303.86
259.55	53296.41
259.62	53277.72
259.69	53237.00
259.76	53171.44
259.82	53101.59
259.89	53066.35
259.96	53034.51
260.03	53009.21
260.10	52979.42
260.17	52941.84
260.24	52871.11
260.31	52815.73
260.38	52770.43
260.45	52746.50
260.52	52719.92
260.59	52696.33
260.65	52653.22
260.72	52626.71
260.79	52588.73
260.86	52560.16
260.93	52535.10
261.00	52492.58
261.07	52431.29
261.14	52360.75
261.21	52271.51
261.28	52187.39
261.34	52111.38
261.41	52045.72
261.48	51997.04
261.55	51963.64
261.62	51939.03
261.69	51921.44
261.76	51898.78
261.83	51869.66
261.90	51838.72
261.97	51784.09
262.03	51735.28
262.10	51687.75
262.17	51645.49
262.24	51622.46
262.31	51615.20
262.38	51598.45
262.45	51583.33
262.52	51565.03
262.59	51524.62
262.65	51482.44
262.72	51440.97
262.79	51405.07
262.86	51364.16
262.93	51322.74
263.00	51290.04
263.07	51246.22
263.14	51201.94
263.21	51173.02
263.27	51161.50
263.34	51141.74
263.41	51128.40
263.48	51082.22
263.55	51007.16
263.62	50909.12
263.69	50810.07
263.76	50724.88
263.82	50672.84
263.89	50640.22
263.96	50633.66
264.03	50621.77
264.10	50596.66
264.17	50533.41
264.24	50474.77
264.31	50391.54
264.38	50310.60
264.44	50230.66
264.51	50169.98
264.58	50109.41
264.65	50057.74
264.72	49999.47
264.79	49950.88
264.86	49923.26
264.92	49893.03
264.99	49872.58
265.06	49850.57
265.13	49816.68
265.20	49786.90
265.27	49748.34
265.34	49696.18
265.41	49666.98
265.47	49646.74
265.54	49624.96
265.61	49617.62
265.68	49608.69
265.75	49573.58
265.82	49522.10
265.89	49440.94
265.95	49354.97
266.02	49266.87
266.09	49192.39
266.16	49136.46
266.23	49100.48
266.30	49066.76
266.37	49025.55
266.44	48964.58
266.50	48912.88
266.57	48865.36
266.64	48796.38
266.71	48729.70
266.78	48664.16
266.85	48570.80
266.91	48487.25
266.98	48428.67
267.05	48383.78
267.12	48363.47
267.19	48365.86
267.26	48359.26
267.33	48351.22
267.39	48331.16
267.46	48302.09
267.53	48257.22
267.60	48203.17
267.67	48137.26
267.74	48092.84
267.81	48053.08
267.87	48026.71
267.94	48022.11
268.01	48015.24
268.08	47974.44
268.15	47922.17
268.22	47839.52
268.28	47730.15
268.35	47604.48
268.42	47493.76
268.49	47392.30
268.56	47328.46
268.63	47279.58
268.69	47261.52
268.76	47261.84
268.83	47270.85
268.90	47280.93
268.97	47287.68
269.04	47289.04
269.11	47264.24
269.17	47237.14
269.24	47186.28
269.31	47149.20
269.38	47113.00
269.45	47086.01
269.52	47050.76
269.58	47034.24
269.65	46984.11
269.72	46932.92
269.79	46883.87
269.86	46845.61
269.92	46780.34
269.99	46724.73
270.06	46653.21
270.13	46590.51
270.20	46530.60
270.27	46498.84
270.33	46483.18
270.40	46470.27
270.47	46447.79
270.54	46425.13
270.61	46403.71
270.68	46381.50
270.74	46369.04
270.81	46359.01
270.88	46342.20
270.95	46296.62
271.02	46232.82
271.08	46158.06
271.15	46079.72
271.22	46010.65
271.29	45956.12
271.36	45890.24
271.43	45839.26
271.49	45809.26
271.56	45775.28
271.63	45743.41
271.70	45727.32
271.77	45724.46
271.83	45687.45
271.90	45636.45
271.97	45595.82
272.04	45548.56
272.11	45504.56
272.17	45476.85
272.24	45461.72
272.31	45427.01
272.38	45424.60
272.45	45388.42
272.52	45354.65
272.58	45324.56
272.65	45320.92
272.72	45280.03
272.79	45249.06
272.86	45222.23
272.92	45178.64
272.99	45126.60
273.06	45091.30
273.13	45037.62
273.20	44979.00
273.26	44908.94
273.33	44831.28
273.40	44761.48
273.47	44718.86
273.54	44684.18
273.60	44677.22
273.67	44667.78
273.74	44678.30
273.81	44686.17
273.88	44709.23
273.94	44735.60
274.01	44783.29
274.08	44800.62
274.15	44819.00
274.21	44798.23
274.28	44757.33
274.35	44679.23
274.42	44587.73
274.49	44482.92
274.55	44403.52
274.62	44347.42
274.69	44300.91
274.76	44260.49
274.83	44228.35
274.89	44205.21
274.96	44161.74
275.03	44125.88
275.10	44098.72
275.17	44069.44
275.23	44026.30
275.30	43979.93
275.37	43955.84
275.44	43933.43
275.50	43913.24
275.57	43887.12
275.64	43867.64
275.71	43823.00
275.78	43792.17
275.84	43769.82
275.91	43747.08
275.98	43722.32
276.05	43715.60
276.11	43689.04
276.18	43646.85
276.25	43577.65
276.32	43502.82
276.39	43409.15
276.45	43321.52
276.52	43235.62
276.59	43188.24
276.66	43170.38
276.72	43165.92
276.79	43164.32
276.86	43171.90
276.93	43161.12
276.99	43121.72
277.06	43067.88
277.13	43020.05
277.20	42977.18
277.26	42946.72
277.33	42939.82
277.40	42944.40
277.47	42929.29
277.54	42904.74
277.60	42866.72
277.67	42793.20
277.74	42701.40
277.81	42614.37
277.87	42522.54
277.94	42447.23
278.01	42397.62
278.08	42365.69
278.14	42353.33
278.21	42360.16
278.28	42378.60
278.35	42410.68
278.41	42452.12
278.48	42477.30
278.55	42478.93
278.62	42460.84
278.68	42407.64
278.75	42318.52
278.82	42220.32
278.89	42124.38
278.95	42021.12
279.02	41951.26
279.09	41927.82
279.16	41934.70
279.22	41963.84
279.29	42005.67
279.36	42036.13
279.43	42020.17
279.49	41952.94
279.56	41838.97
279.63	41687.55
279.70	41539.58
279.76	41413.47
279.83	41326.33
279.90	41298.40
279.97	41304.55
280.03	41299.24
280.10	41304.66
280.17	41307.75
280.24	41299.00
280.30	41295.40
280.37	41289.16
280.44	41280.66
280.51	41273.83
280.57	41259.78
280.64	41236.44
280.71	41219.87
280.77	41183.20
280.84	41107.80
280.91	41024.62
280.98	40930.02
281.04	40824.14
281.11	40729.90
281.18	40642.74
281.25	40537.73
281.31	40437.12
281.38	40323.83
281.45	40220.19
281.52	40147.26
281.58	40074.02
281.65	40008.40
281.72	39968.22
281.78	39938.55
281.85	39910.28
281.92	39910.22
281.99	39915.48
282.05	39931.54
282.12	39928.68
282.19	39939.22
282.26	39954.52
282.32	39961.70
282.39	39972.08
282.46	39973.65
282.52	39960.28
282.59	39940.35
282.66	39945.14
282.73	39934.68
282.79	39925.05
282.86	39877.97
282.93	39795.29
282.99	39668.45
283.06	39520.76
283.13	39363.21
283.20	39225.68
283.26	39109.40
283.33	39018.74
283.40	38952.32
283.46	38922.82
283.53	38904.28
283.60	38900.28
283.67	38907.13
283.73	38932.05
283.80	38941.52
283.87	38959.31
283.93	38995.48
284.00	39006.97
284.07	39010.02
284.13	39000.66
284.20	38976.90
284.27	38933.14
284.34	38904.41
284.40	38864.97
284.47	38841.76
284.54	38823.56
284.60	38792.43
284.67	38746.66
284.74	38698.96
284.81	38642.47
284.87	38581.06
284.94	38498.74
285.01	38405.74
285.07	38290.10
285.14	38184.55
285.21	38084.27
285.27	38026.91
285.34	38005.32
285.41	38022.34
285.47	38043.43
285.54	38074.41
285.61	38098.11
285.68	38116.32
285.74	38131.64
285.81	38148.32
285.88	38171.44
285.94	38198.69
286.01	38224.96
286.08	38243.54
286.14	38260.34
286.21	38260.73
286.28	38260.00
286.34	38237.68
286.41	38175.58
286.48	38072.86
286.55	37958.03
286.61	37819.16
286.68	37682.62
286.75	37570.56
286.81	37496.89
286.88	37430.83
286.95	37373.83
287.01	37365.78
287.08	37375.43
287.15	37383.60
287.21	37405.12
287.28	37438.68
287.35	37449.68
287.41	37457.90
287.48	37465.34
287.55	37478.36
287.61	37488.44
287.68	37483.69
287.75	37486.92
287.81	37480.86
287.88	37479.68
287.95	37483.81
288.01	37478.56
288.08	37472.64
288.15	37457.29
288.21	37427.00
288.28	37391.90
288.35	37367.80
288.41	37323.06
288.48	37260.11
288.55	37186.24
288.61	37085.68
288.68	36968.02
288.75	36858.18
288.81	36778.08
288.88	36726.42
288.95	36714.04
289.01	36739.43
289.08	36778.82
289.15	36842.34
289.21	36907.16
289.28	36971.54
289.35	37025.56
289.41	37065.34
289.48	37090.66
289.55	37091.96
289.61	37070.00
289.68	37055.18
289.75	37031.71
289.81	36983.96
289.88	36935.15
289.95	36877.92
290.01	36798.38
290.08	36732.79
290.15	36680.52
290.21	36638.31
290.28	36607.14
290.35	36581.83
290.41	36555.27
290.48	36514.20
290.55	36445.02
290.61	36369.44
290.68	36306.70
290.74	36267.82
290.81	36275.00
290.88	36311.99
290.94	36368.96
291.01	36440.84
291.08	36499.72
291.14	36539.90
291.21	36583.34
291.28	36625.19
291.34	36655.76
291.41	36675.17
291.48	36684.46
291.54	36685.59
291.61	36663.40
291.68	36629.28
291.74	36578.54
291.81	36513.36
291.87	36460.95
291.94	36388.17
292.01	36316.79
292.07	36242.65
292.14	36174.30
292.21	36079.82
292.27	36015.34
292.34	35951.56
292.41	35905.40
292.47	35880.36
292.54	35886.57
292.60	35906.72
292.67	35939.81
292.74	35984.32
292.80	36043.51
292.87	36091.20
292.94	36144.53
293.00	36204.68
293.07	36266.11
293.13	36312.08
293.20	36358.59
293.27	36403.07
293.33	36422.08
293.40	36426.94
293.47	36416.44
293.53	36384.85
293.60	36318.36
293.66	36213.43
293.73	36087.45
293.80	35943.45
293.86	35823.39
293.93	35717.32
294.00	35652.17
294.06	35613.28
294.13	35598.64
294.19	35573.70
294.26	35563.43
294.33	35556.01
294.39	35534.84
294.46	35523.17
294.52	35532.38
294.59	35555.58
294.66	35591.46
294.72	35659.54
294.79	35732.81
294.86	35803.50
294.92	35867.70
294.99	35945.60
295.05	36010.54
295.12	36067.12
295.19	36128.30
295.25	36176.94
295.32	36195.16
295.38	36200.51
295.45	36208.76
295.52	36175.00
295.58	36116.90
295.65	36041.41
295.71	35949.68
295.78	35801.34
295.85	35667.12
295.91	35536.65
295.98	35408.10
296.04	35272.38
296.11	35190.62
296.18	35133.21
296.24	35112.56
296.31	35126.70
296.37	35185.31
296.44	35274.56
296.51	35363.80
296.57	35466.25
296.64	35572.74
296.70	35678.20
296.77	35748.93
296.84	35801.94
296.90	35843.68
296.97	35871.22
297.03	35900.32
297.10	35941.12
297.17	35996.25
297.23	36043.77
297.30	36090.77
297.36	36101.97
297.43	36094.93
297.50	36071.11
297.56	36025.42
297.63	35951.47
297.69	35851.13
297.76	35711.22
297.82	35546.32
297.89	35370.28
297.96	35203.00
298.02	35087.99
298.09	35008.58
298.15	34964.84
298.22	34958.42
298.29	34973.11
298.35	34993.20
298.42	35046.05
298.48	35103.37
298.55	35175.12
298.61	35260.27
298.68	35351.82
298.75	35434.45
298.81	35522.70
298.88	35603.05
298.94	35675.37
299.01	35733.00
299.08	35777.44
299.14	35824.09
299.21	35846.18
299.27	35863.15
299.34	35875.53
299.40	35890.30
299.47	35878.17
299.54	35871.28
299.60	35853.77
299.67	35801.42
299.73	35708.50
299.80	35564.32
299.86	35353.29
299.93	35112.78
299.99	34891.94
300.06	34706.45
300.13	34595.44
300.19	34568.32
300.26	34583.08
300.32	34644.21
300.39	34711.80
300.45	34803.19
300.52	34909.53
300.59	35026.08
300.65	35129.52
300.72	35244.99
300.78	35321.78
300.85	35383.72
300.91	35424.80
300.98	35459.24
301.04	35479.96
301.11	35512.51
301.18	35538.57
301.24	35567.38
301.31	35583.89
301.37	35601.90
301.44	35592.71
301.50	35579.88
301.57	35549.58
301.63	35511.80
301.70	35438.84
301.77	35338.94
301.83	35198.66
301.90	35034.45
301.96	34845.50
302.03	34660.50
302.09	34524.06
302.16	34416.39
302.22	34350.66
302.29	34326.66
302.36	34335.40
302.42	34354.07
302.49	34400.88
302.55	34461.07
302.62	34528.91
302.68	34600.97
302.75	34678.57
302.81	34740.96
302.88	34791.38
302.94	34832.86
303.01	34869.96
303.07	34892.65
303.14	34918.94
303.21	34933.80
303.27	34953.57
303.34	34963.85
303.40	34961.24
303.47	34938.38
303.53	34913.81
303.60	34878.54
303.66	34833.30
303.73	34790.89
303.79	34737.90
303.86	34670.06
303.92	34576.68
303.99	34454.34
304.05	34283.08
304.12	34104.58
304.19	33943.94
304.25	33805.72
304.32	33709.75
304.38	33662.91
304.45	33649.48
304.51	33665.52
304.58	33702.54
304.64	33747.14
304.71	33807.62
304.77	33855.21
304.84	33898.15
304.90	33927.14
304.97	33947.86
305.03	33951.47
305.10	33964.96
305.16	33969.94
305.23	33972.68
305.29	33971.10
305.36	33954.27
305.42	33942.78
305.49	33922.11
305.56	33882.12
305.62	33851.62
305.69	33822.09
305.75	33778.65
305.82	33694.36
305.88	33579.54
305.95	33419.68
306.01	33246.53
306.08	33058.93
306.14	32900.39
306.21	32770.55
306.27	32664.46
306.34	32575.18
306.40	32489.48
306.47	32432.25
306.53	32420.40
306.60	32433.54
306.66	32470.60
306.73	32521.58
306.79	32556.74
306.86	32574.39
306.92	32579.28
306.99	32588.03
307.05	32594.93
307.12	32607.56
307.18	32603.73
307.25	32593.10
307.31	32568.70
307.38	32548.28
307.44	32514.12
307.51	32490.39
307.57	32453.33
307.64	32415.86
307.70	32374.36
307.77	32327.12
307.83	32273.37
307.90	32233.27
307.96	32188.65
308.03	32124.72
308.09	32057.25
308.16	31981.05
308.22	31903.59
308.29	31807.81
308.35	31716.93
308.42	31628.43
308.48	31523.03
308.55	31413.02
308.61	31319.31
308.68	31230.00
308.74	31158.58
308.81	31123.29
308.87	31103.24
308.94	31100.02
309.00	31106.90
309.07	31105.83
309.13	31103.83
309.20	31100.40
309.26	31078.10
309.33	31056.26
309.39	31026.50
309.45	30988.29
309.52	30937.41
309.58	30892.56
309.65	30841.43
309.71	30789.44
309.78	30734.76
309.84	30683.89
309.91	30629.72
309.97	30563.80
310.04	30514.32
310.10	30459.05
310.17	30405.25
310.23	30337.13
310.30	30295.14
310.36	30232.68
310.43	30164.72
310.49	30076.54
310.56	30000.20
310.62	29899.84
310.69	29805.20
310.75	29723.32
310.81	29669.24
310.88	29625.60
310.94	29589.06
311.01	29558.20
311.07	29530.96
311.14	29489.54
311.20	29447.92
311.27	29410.30
311.33	29388.34
311.40	29357.88
311.46	29336.84
311.53	29314.10
311.59	29285.06
311.66	29257.35
311.72	29220.46
311.78	29183.08
311.85	29143.29
311.91	29114.70
311.98	29064.16
312.04	29023.07
312.11	28979.20
312.17	28935.88
312.24	28882.98
312.30	28824.60
312.37	28763.08
312.43	28704.49
312.50	28647.14
312.56	28584.59
312.62	28518.60
312.69	28457.68
312.75	28383.53
312.82	28295.56
312.88	28219.44
312.95	28157.01
313.01	28080.60
313.08	28013.50
313.14	27965.59
313.20	27907.27
313.27	27848.64
313.33	27801.64
313.40	27769.74
313.46	27728.84
313.53	27699.27
313.59	27672.04
313.66	27647.52
313.72	27610.14
313.78	27576.99
313.85	27539.71
313.91	27506.33
313.98	27470.56
314.04	27434.32
314.11	27401.89
314.17	27358.74
314.24	27305.22
314.30	27259.84
314.36	27210.90
314.43	27155.93
314.49	27108.95
314.56	27063.30
314.62	26995.79
314.69	26931.97
314.75	26869.09
314.81	26811.92
314.88	26755.05
314.94	26715.95
315.01	26673.68
315.07	26621.80
315.14	26575.38
315.20	26530.62
315.27	26479.38
315.33	26437.15
315.39	26391.71
315.46	26343.11
315.52	26283.02
315.59	26236.15
315.65	26180.66
315.72	26135.75
315.78	26080.56
315.84	26043.53
315.91	26010.61
315.97	25982.91
316.04	25971.52
316.10	25966.78
316.16	25934.58
316.23	25867.15
316.29	25771.22
316.36	25622.35
316.42	25442.20
316.49	25250.28
316.55	25041.22
316.61	24832.21
316.68	24615.42
316.74	24399.32
316.81	24174.19
316.87	23953.47
316.93	23732.07
317.00	23523.60
317.06	23308.06
317.13	23095.64
317.19	22875.76
317.26	22661.06
317.32	22437.03
317.38	22217.60
317.45	22004.08
317.51	21803.60
317.58	21591.86
317.64	21381.87
317.70	21173.05
317.77	20968.56
317.83	20761.41
317.90	20547.74
317.96	20339.53
318.02	20135.56
318.09	19934.19
318.15	19722.26
318.22	19512.67
318.28	19307.72
318.34	19091.66
318.41	18865.60
318.47	18653.31
318.54	18456.48
318.60	18247.13
318.66	18048.55
318.73	17857.14
318.79	17663.90
318.86	17466.47
318.92	17278.97
318.98	17093.64
319.05	16891.72
319.11	16694.57
319.18	16491.38
319.24	16289.32
319.30	16080.32
319.37	15896.02
319.43	15707.84
319.50	15521.22
319.56	15331.18
319.62	15146.96
319.69	14953.58
319.75	14764.56
319.82	14578.42
319.88	14394.30
319.94	14208.83
320.01	14029.80
320.07	13838.96
320.13	13654.76
320.20	13472.50
320.26	13290.84
320.33	13101.38
320.39	12924.34
320.45	12734.54
320.52	12558.66
320.58	12376.74
320.65	12201.05
320.71	12022.02
320.77	11860.32
320.84	11678.45
320.90	11511.13
320.96	11333.18
321.03	11147.04
321.09	10951.85
321.16	10767.27
321.22	10571.98
321.28	10388.53
321.35	10219.94
321.41	10051.62
321.47	9879.88
321.54	9718.86
321.60	9546.97
321.67	9375.65
321.73	9210.76
321.79	9039.81
321.86	8867.09
321.92	8697.87
321.98	8508.98
322.05	8313.79
322.11	8117.92
322.18	7923.28
322.24	7735.94
322.30	7563.44
322.37	7395.40
322.43	7227.60
322.49	7064.21
322.56	6884.22
322.62	6714.16
322.68	6537.09
322.75	6370.13
322.81	6187.83
322.88	6017.65
322.94	5841.30
323.00	5666.18
323.07	5494.16
323.13	5326.43
323.19	5164.54
323.26	5005.05
323.32	4845.68
323.38	4682.38
323.45	4462.80
323.51	3820.60
323.57	2934.08
323.64	2010.50
323.70	1120.80
323.76	323.84
323.83	-20.31
323.89	-90.65
323.96	-90.72
