180.25	3525.10
180.33	-134.33
180.40	660.61
180.48	-26.96
180.56	18.70
180.63	57.22
180.71	101.41
180.78	99.47
180.86	99.88
180.93	104.88
181.01	107.46
181.08	105.88
181.16	105.16
181.23	106.72
181.31	106.40
181.39	130.00
181.46	139.01
181.54	149.94
181.61	166.92
181.69	176.32
181.76	169.18
181.84	162.79
181.91	164.34
181.99	165.04
182.06	164.71
182.14	169.34
182.22	174.54
182.29	184.37
182.37	186.60
182.44	198.64
182.52	194.68
182.59	212.56
182.67	219.76
182.74	226.48
182.82	230.30
182.89	242.31
182.97	241.85
183.04	251.05
183.12	259.12
183.20	280.17
183.27	289.92
183.35	318.52
183.42	340.71
183.50	381.02
183.57	402.32
183.65	446.18
183.72	486.39
183.80	539.64
183.87	579.77
183.95	621.73
184.02	669.52
184.10	699.75
184.17	716.78
184.25	718.34
184.32	710.97
184.40	681.21
184.47	632.34
184.55	587.54
184.62	583.30
184.70	609.74
184.78	655.19
184.85	758.62
184.93	878.36
185.00	990.47
185.08	1104.62
185.15	1220.36
185.23	1335.46
185.30	1445.40
185.38	1550.06
185.45	1648.64
185.53	1757.12
185.60	1847.51
185.68	1951.33
185.75	2029.82
185.83	2090.18
185.90	2117.43
185.98	2086.21
186.05	2000.28
186.13	1891.67
186.20	1754.14
186.28	1639.51
186.35	1608.07
186.43	1660.65
186.50	1796.60
186.58	1996.80
186.65	2208.67
186.73	2416.04
186.80	2584.80
186.88	2720.11
186.95	2835.08
187.03	2915.75
187.10	2963.85
187.18	3030.68
187.25	3082.28
187.33	3141.56
187.40	3245.24
187.48	3365.50
187.55	3500.62
187.63	3638.12
187.70	3731.38
187.78	3781.26
187.85	3798.71
187.93	3722.10
188.00	3584.95
188.08	3431.06
188.15	3298.58
188.23	3233.40
188.30	3279.28
188.38	3429.32
188.45	3651.02
188.53	3880.31
188.60	4083.64
188.68	4251.42
188.75	4400.97
188.83	4575.53
188.90	4738.00
188.98	4902.64
189.05	5080.30
189.13	5243.65
189.20	5389.88
189.28	5567.30
189.35	5760.58
189.43	5962.44
189.50	6156.20
189.58	6260.07
189.65	6254.19
189.73	6148.16
189.80	5930.53
189.87	5646.79
189.95	5340.96
190.02	4980.82
190.10	4594.16
190.17	4263.00
190.25	4020.96
190.32	3904.72
190.40	3922.74
190.47	4048.26
190.55	4217.21
190.62	4408.72
190.70	4586.02
190.77	4805.86
190.85	5054.44
190.92	5323.26
191.00	5582.81
191.07	5822.06
191.15	5980.41
191.22	6093.08
191.29	6137.96
191.37	6129.59
191.44	6109.52
191.52	6101.87
191.59	6055.26
191.67	5981.50
191.74	5877.25
191.82	5763.78
191.89	5665.60
191.97	5613.63
192.04	5592.64
192.12	5599.66
192.19	5605.80
192.27	5620.47
192.34	5654.12
192.41	5751.96
192.49	5896.60
192.56	6083.83
192.64	6268.08
192.71	6414.52
192.79	6457.89
192.86	6391.68
192.94	6183.17
193.01	5895.64
193.09	5596.89
193.16	5337.42
193.23	5163.41
193.31	5111.18
193.38	5192.48
193.46	5342.94
193.53	5568.85
193.61	5846.81
193.68	6146.92
193.76	6434.52
193.83	6716.16
193.91	6953.44
193.98	7143.57
194.05	7265.00
194.13	7269.33
194.20	7156.97
194.28	6978.76
194.35	6740.42
194.43	6459.15
194.50	6123.55
194.58	5736.95
194.65	5312.48
194.72	4905.76
194.80	4570.06
194.87	4390.88
194.95	4419.34
195.02	4609.94
195.10	4932.32
195.17	5401.64
195.25	5939.40
195.32	6467.07
195.39	6942.02
195.47	7333.27
195.54	7579.84
195.62	7662.52
195.69	7567.84
195.77	7313.25
195.84	6918.20
195.91	6433.80
195.99	5987.18
196.06	5627.94
196.14	5332.98
196.21	5066.62
196.29	4823.50
196.36	4598.89
196.43	4438.78
196.51	4459.89
196.58	4718.14
196.66	5183.78
196.73	5779.89
196.81	6445.52
196.88	7094.86
196.95	7641.57
197.03	8006.53
197.10	8145.60
197.18	8049.78
197.25	7768.76
197.33	7380.88
197.40	6958.04
197.47	6570.94
197.55	6275.33
197.62	6004.02
197.70	5726.30
197.77	5451.95
197.84	5142.91
197.92	4799.71
197.99	4578.73
198.07	4611.68
198.14	4956.10
198.22	5656.07
198.29	6602.20
198.36	7619.11
198.44	8547.11
198.51	9236.33
198.59	9596.66
198.66	9654.98
198.73	9440.26
198.81	9004.59
198.88	8405.73
198.96	7765.94
199.03	7213.00
199.10	6830.16
199.18	6582.72
199.25	6428.62
199.33	6253.16
199.40	5952.74
199.48	5564.43
199.55	5278.51
199.62	5245.10
199.70	5655.81
199.77	6531.06
199.85	7723.00
199.92	8939.96
199.99	10006.16
200.07	10719.30
200.14	11018.48
200.22	10857.26
200.29	10335.74
200.36	9705.16
200.44	9146.20
200.51	8723.15
200.59	8461.99
200.66	8319.76
200.73	8190.30
200.81	8023.75
200.88	7771.79
200.95	7437.88
201.03	7065.25
201.10	6801.53
201.18	6721.08
201.25	6933.32
201.32	7534.36
201.40	8532.23
201.47	9689.87
201.55	10781.32
201.62	11599.72
201.69	11997.52
201.77	12031.12
201.84	11814.19
201.92	11373.85
201.99	10813.17
202.06	10357.98
202.14	10081.51
202.21	9943.64
202.28	9964.06
202.36	10066.33
202.43	10102.04
202.51	10041.18
202.58	9911.72
202.65	9689.90
202.73	9476.72
202.80	9455.55
202.87	9772.21
202.95	10412.08
203.02	11335.06
203.10	12416.85
203.17	13437.08
203.24	14028.23
203.32	13966.64
203.39	13323.89
203.46	12468.25
203.54	11688.22
203.61	11187.76
203.69	11110.20
203.76	11464.74
203.83	12028.18
203.91	12549.97
203.98	12964.18
204.05	13265.42
204.13	13416.00
204.20	13371.76
204.28	13195.95
204.35	12944.76
204.42	12688.43
204.50	12545.88
204.57	12649.90
204.64	13050.32
204.72	13603.87
204.79	14045.73
204.86	14223.85
204.94	14126.95
205.01	13776.20
205.09	13251.68
205.16	12829.33
205.23	12709.50
205.31	12906.32
205.38	13330.70
205.45	13973.84
205.53	14769.01
205.60	15589.42
205.67	16300.38
205.75	16862.82
205.82	17242.12
205.89	17442.10
205.97	17520.20
206.04	17519.60
206.12	17480.94
206.19	17445.90
206.26	17446.84
206.34	17521.42
206.41	17583.03
206.48	17449.05
206.56	16942.23
206.63	16129.42
206.70	15168.49
206.78	14373.07
206.85	14006.50
206.92	14259.78
207.00	15022.40
207.07	16032.52
207.14	17041.82
207.22	17936.51
207.29	18716.15
207.36	19410.36
207.44	20037.10
207.51	20573.18
207.58	21041.35
207.66	21400.44
207.73	21633.04
207.80	21665.24
207.88	21490.84
207.95	21197.31
208.02	20819.48
208.10	20176.58
208.17	19255.07
208.25	18257.90
208.32	17345.57
208.39	16619.04
208.47	16326.47
208.54	16534.22
208.61	17105.25
208.69	17808.04
208.76	18553.77
208.83	19334.52
208.90	20163.97
208.98	20984.64
209.05	21754.25
209.12	22444.27
209.20	23031.74
209.27	23513.34
209.34	23900.17
209.42	24227.13
209.49	24468.29
209.56	24579.62
209.64	24539.57
209.71	24222.78
209.78	23521.68
209.86	22509.32
209.93	21368.87
210.00	20167.64
210.08	19145.74
210.15	18573.62
210.22	18543.54
210.30	18930.72
210.37	19665.80
210.44	20622.45
210.52	21638.02
210.59	22556.40
210.66	23324.97
210.74	23993.03
210.81	24573.06
210.88	25107.88
210.96	25603.65
211.03	26094.60
211.10	26564.01
211.17	26974.26
211.25	27210.78
211.32	27244.48
211.39	27020.27
211.47	26425.78
211.54	25359.38
211.61	23968.92
211.69	22647.42
211.76	21652.88
211.83	21176.79
211.91	21368.10
211.98	22089.06
212.05	22979.02
212.12	23815.48
212.20	24535.04
212.27	25114.94
212.34	25581.47
212.42	25997.35
212.49	26390.98
212.56	26790.78
212.64	27230.18
212.71	27717.49
212.78	28191.97
212.85	28608.98
212.93	28883.88
213.00	28995.62
213.07	28908.47
213.15	28488.44
213.22	27731.60
213.29	26855.14
213.37	25959.18
213.44	25162.61
213.51	24692.54
213.58	24653.72
213.66	24907.89
213.73	25365.53
213.80	25958.50
213.88	26562.88
213.95	27032.56
214.02	27362.91
214.09	27611.54
214.17	27819.02
214.24	28049.00
214.31	28319.08
214.39	28605.35
214.46	28842.83
214.53	28964.38
214.60	28976.67
214.68	29003.88
214.75	29082.97
214.82	29172.35
214.90	29172.68
214.97	28884.72
215.04	28189.92
215.11	27293.76
215.19	26496.64
215.26	26073.82
215.33	26199.46
215.41	26883.04
215.48	27851.09
215.55	28773.99
215.62	29509.02
215.70	30075.14
215.77	30537.42
215.84	30955.83
215.91	31361.03
215.99	31761.32
216.06	32138.82
216.13	32435.00
216.21	32612.45
216.28	32751.65
216.35	32865.30
216.42	32931.67
216.50	32954.63
216.57	32927.24
216.64	32700.02
216.71	32168.49
216.79	31454.82
216.86	30731.66
216.93	30151.34
217.01	29865.76
217.08	29971.38
217.15	30389.72
217.22	30967.80
217.30	31576.14
217.37	32177.00
217.44	32728.44
217.51	33191.56
217.59	33582.58
217.66	33890.90
217.73	34143.78
217.80	34354.44
217.88	34526.06
217.95	34664.82
218.02	34794.41
218.09	34921.82
218.17	35059.82
218.24	35213.08
218.31	35322.20
218.38	35342.73
218.46	35169.45
218.53	34714.29
218.60	34028.01
218.67	33305.12
218.75	32713.78
218.82	32396.64
218.89	32474.71
218.96	32904.32
219.04	33498.08
219.11	34112.04
219.18	34648.00
219.25	35081.12
219.33	35436.42
219.40	35752.20
219.47	36042.00
219.54	36314.88
219.62	36572.37
219.69	36808.17
219.76	37051.14
219.83	37256.70
219.91	37456.54
219.98	37638.75
220.05	37769.80
220.12	37789.08
220.20	37722.78
220.27	37519.13
220.34	37102.87
220.41	36543.99
220.49	35995.59
220.56	35583.92
220.63	35392.95
220.70	35508.51
220.78	35856.35
220.85	36286.58
220.92	36663.10
220.99	36983.34
221.06	37251.28
221.14	37493.57
221.21	37735.28
221.28	38011.09
221.35	38280.97
221.43	38536.22
221.50	38774.08
221.57	38994.46
221.64	39193.10
221.72	39370.78
221.79	39510.62
221.86	39608.30
221.93	39655.88
222.00	39653.04
222.08	39583.86
222.15	39418.46
222.22	39183.74
222.29	38955.79
222.37	38782.37
222.44	38689.99
222.51	38699.94
222.58	38802.54
222.65	38938.02
222.73	39070.86
222.80	39196.07
222.87	39364.20
222.94	39551.66
223.02	39761.34
223.09	39960.07
223.16	40170.22
223.23	40370.79
223.30	40587.90
223.38	40802.99
223.45	41015.03
223.52	41198.71
223.59	41360.92
223.66	41448.22
223.74	41475.13
223.81	41465.45
223.88	41446.50
223.95	41395.01
224.03	41341.59
224.10	41282.84
224.17	41238.99
224.24	41190.54
224.31	41187.16
224.39	41229.54
224.46	41331.03
224.53	41444.78
224.60	41573.85
224.67	41704.44
224.75	41849.30
224.82	41992.07
224.89	42170.42
224.96	42350.50
225.03	42514.82
225.11	42658.82
225.18	42795.90
225.25	42901.28
225.32	42971.38
225.39	43020.30
225.47	43037.32
225.54	42985.79
225.61	42850.97
225.68	42665.44
225.75	42450.82
225.83	42226.84
225.90	42033.95
225.97	41895.34
226.04	41827.15
226.11	41900.00
226.19	42108.86
226.26	42427.33
226.33	42806.72
226.40	43186.86
226.47	43465.86
226.54	43644.06
226.62	43729.41
226.69	43803.74
226.76	43943.55
226.83	44143.42
226.90	44388.84
226.98	44631.16
227.05	44853.18
227.12	45023.49
227.19	45130.61
227.26	45191.36
227.34	45268.24
227.41	45325.16
227.48	45351.08
227.55	45336.59
227.62	45312.40
227.69	45307.40
227.77	45338.38
227.84	45409.36
227.91	45533.46
227.98	45681.98
228.05	45798.34
228.12	45908.46
228.20	46018.70
228.27	46129.40
228.34	46245.08
228.41	46380.94
228.48	46503.26
228.56	46620.61
228.63	46731.44
228.70	46820.55
228.77	46901.08
228.84	47007.81
228.91	47122.06
228.99	47237.88
229.06	47372.58
229.13	47497.75
229.20	47602.10
229.27	47674.04
229.34	47742.97
229.42	47789.04
229.49	47828.10
229.56	47853.27
229.63	47879.35
229.70	47895.74
229.77	47916.86
229.85	47961.46
229.92	48025.96
229.99	48102.19
230.06	48196.05
230.13	48319.04
230.20	48438.12
230.27	48549.56
230.35	48676.79
230.42	48804.46
230.49	48914.50
230.56	49019.31
230.63	49121.48
230.70	49193.31
230.78	49246.42
230.85	49298.03
230.92	49356.38
230.99	49433.52
231.06	49547.63
231.13	49685.51
231.20	49821.04
231.28	49946.36
231.35	50062.26
231.42	50157.26
231.49	50244.64
231.56	50322.88
231.63	50401.39
231.71	50464.96
231.78	50521.66
231.85	50569.92
231.92	50629.05
231.99	50695.56
232.06	50770.61
232.13	50874.34
232.21	50978.78
232.28	51072.42
232.35	51148.67
232.42	51227.38
232.49	51304.52
232.56	51398.74
232.63	51500.15
232.71	51612.32
232.78	51727.86
232.85	51830.00
232.92	51915.13
232.99	52000.56
233.06	52081.83
233.13	52147.15
233.20	52199.45
233.28	52243.72
233.35	52280.96
233.42	52335.48
233.49	52420.15
233.56	52519.38
233.63	52614.50
233.70	52722.10
233.78	52826.62
233.85	52934.14
233.92	53023.07
233.99	53117.42
234.06	53215.72
234.13	53310.94
234.20	53377.52
234.27	53438.55
234.35	53495.11
234.42	53550.76
234.49	53606.69
234.56	53646.74
234.63	53697.14
234.70	53757.32
234.77	53798.96
234.84	53830.93
234.92	53891.73
234.99	53964.65
235.06	54038.37
235.13	54126.68
235.20	54224.78
235.27	54308.83
235.34	54402.56
235.41	54485.49
235.48	54568.46
235.56	54654.70
235.63	54729.48
235.70	54781.14
235.77	54832.44
235.84	54866.65
235.91	54882.16
235.98	54914.30
236.05	54949.52
236.12	54993.87
236.20	55028.52
236.27	55079.63
236.34	55136.19
236.41	55186.40
236.48	55235.13
236.55	55290.37
236.62	55340.18
236.69	55391.77
236.76	55461.14
236.84	55531.28
236.91	55605.62
236.98	55681.78
237.05	55731.91
237.12	55771.56
237.19	55809.66
237.26	55864.78
237.33	55902.06
237.40	55953.14
237.47	55996.52
237.55	56048.04
237.62	56098.66
237.69	56157.88
237.76	56221.25
237.83	56286.58
237.90	56343.98
237.97	56385.04
238.04	56435.37
238.11	56476.32
238.18	56535.08
238.26	56584.94
238.33	56630.04
238.40	56664.31
238.47	56709.66
238.54	56736.10
238.61	56752.25
238.68	56773.82
238.75	56788.12
238.82	56809.53
238.89	56841.17
238.96	56888.97
239.04	56937.29
239.11	56997.86
239.18	57040.96
239.25	57061.03
239.32	57091.65
239.39	57102.81
239.46	57101.65
239.53	57093.59
239.60	57091.36
239.67	57098.93
239.74	57127.22
239.81	57155.88
239.89	57194.83
239.96	57234.80
240.03	57263.08
240.10	57288.86
240.17	57317.10
240.24	57339.75
240.31	57375.82
240.38	57410.62
240.45	57461.70
240.52	57529.11
240.59	57594.78
240.66	57657.36
240.73	57707.27
240.80	57733.61
240.88	57738.14
240.95	57752.04
241.02	57759.98
241.09	57772.71
241.16	57796.24
241.23	57829.30
241.30	57832.62
241.37	57811.86
241.44	57808.12
241.51	57802.74
241.58	57805.76
241.65	57825.66
241.72	57872.82
241.79	57901.80
241.86	57914.34
241.94	57918.38
242.01	57920.06
242.08	57902.66
242.15	57901.86
242.22	57911.96
242.29	57909.74
242.36	57918.83
242.43	57920.54
242.50	57904.24
242.57	57886.54
242.64	57891.18
242.71	57883.30
242.78	57898.24
242.85	57901.86
242.92	57918.85
242.99	57930.42
243.06	57944.80
243.14	57951.42
243.21	57978.62
243.28	57988.30
243.35	58001.74
243.42	58026.50
243.49	58053.65
243.56	58070.02
243.63	58095.83
243.70	58108.66
243.77	58096.86
243.84	58077.25
243.91	58056.00
243.98	58028.85
244.05	57989.20
244.12	57965.60
244.19	57952.37
244.26	57936.18
244.33	57917.34
244.40	57907.52
244.47	57898.31
244.54	57881.44
244.62	57850.58
244.69	57821.56
244.76	57811.10
244.83	57806.42
244.90	57815.30
244.97	57838.73
245.04	57869.19
245.11	57874.75
245.18	57862.35
245.25	57859.83
245.32	57870.46
245.39	57882.46
245.46	57896.51
245.53	57909.78
245.60	57906.26
245.67	57898.20
245.74	57876.60
245.81	57866.42
245.88	57854.28
245.95	57851.08
246.02	57825.15
246.09	57786.86
246.16	57735.21
246.23	57688.98
246.30	57639.57
246.37	57618.60
246.44	57641.29
246.51	57672.69
246.58	57706.33
246.65	57739.06
246.72	57766.00
246.79	57761.78
246.87	57749.70
246.94	57732.03
247.01	57704.56
247.08	57659.67
247.15	57605.78
247.22	57551.32
247.29	57505.62
247.36	57463.56
247.43	57434.01
247.50	57416.95
247.57	57414.14
247.64	57427.92
247.71	57442.12
247.78	57455.35
247.85	57472.48
247.92	57494.33
247.99	57482.86
248.06	57468.05
248.13	57449.78
248.20	57423.52
248.27	57385.08
248.34	57366.61
248.41	57360.68
248.48	57356.07
248.55	57361.65
248.62	57373.46
248.69	57388.67
248.76	57374.28
248.83	57355.70
248.90	57322.90
248.97	57284.40
249.04	57232.36
249.11	57189.13
249.18	57157.27
249.25	57131.26
249.32	57089.61
249.39	57033.72
249.46	56982.06
249.53	56924.94
249.60	56858.33
249.67	56814.84
249.74	56805.04
249.81	56810.72
249.88	56817.68
249.95	56849.99
250.02	56883.35
250.09	56898.18
250.16	56903.38
250.23	56896.02
250.30	56888.42
250.37	56874.81
250.44	56865.68
250.51	56859.56
250.58	56872.48
250.65	56864.27
250.72	56837.03
250.79	56805.41
250.86	56769.84
250.93	56714.58
251.00	56655.06
251.07	56614.74
251.14	56585.98
251.21	56556.87
251.28	56528.77
251.35	56520.27
251.42	56525.70
251.49	56510.41
251.56	56497.50
251.63	56493.36
251.70	56485.60
251.77	56449.30
251.84	56418.77
251.91	56374.36
251.98	56313.73
252.05	56259.16
252.12	56209.48
252.18	56157.31
252.25	56129.99
252.32	56138.32
252.39	56133.84
252.46	56125.08
252.53	56130.68
252.60	56115.13
252.67	56093.94
252.74	56072.11
252.81	56048.89
252.88	56023.75
252.95	55991.62
253.02	55944.88
253.09	55904.56
253.16	55885.54
253.23	55859.18
253.30	55855.40
253.37	55839.96
253.44	55820.38
253.51	55766.39
253.58	55729.09
253.65	55699.79
253.72	55693.09
253.79	55676.88
253.86	55683.84
253.93	55684.87
254.00	55660.71
254.07	55632.36
254.14	55604.22
254.21	55563.00
254.28	55531.57
254.35	55505.04
254.41	55471.90
254.48	55439.92
254.55	55435.40
254.62	55407.71
254.69	55365.96
254.76	55329.94
254.83	55296.61
254.90	55258.54
254.97	55231.68
255.04	55226.30
255.11	55194.12
255.18	55142.92
255.25	55067.78
255.32	55002.74
255.39	54938.10
255.46	54904.60
255.53	54887.90
255.60	54887.56
255.67	54874.66
255.74	54862.20
255.81	54847.17
255.87	54850.47
255.94	54830.04
256.01	54831.72
256.08	54826.56
256.15	54819.49
256.22	54791.36
256.29	54786.23
256.36	54760.50
256.43	54743.36
256.50	54728.90
256.57	54713.59
256.64	54680.66
256.71	54648.01
256.78	54607.28
256.85	54562.83
256.92	54536.07
256.99	54519.50
257.05	54499.77
257.12	54483.70
257.19	54433.28
257.26	54355.67
257.33	54270.94
257.40	54192.49
257.47	54093.60
257.54	54044.40
257.61	54005.68
257.68	53997.20
257.75	53993.55
257.82	54022.89
257.89	54026.44
257.96	54031.66
258.03	54000.08
258.09	53951.88
258.16	53881.88
258.23	53801.92
258.30	53742.54
258.37	53694.71
258.44	53657.49
258.51	53641.04
258.58	53649.35
258.65	53647.84
258.72	53650.49
258.79	53636.83
258.86	53604.40
258.93	53571.74
258.99	53522.94
259.06	53468.52
259.13	53423.66
259.20	53380.20
259.27	53333.41
259.34	53309.04
259.41	53303.46
259.48	53300.73
259.55	53288.80
259.62	53274.18
259.69	53221.25
259.76	53149.06
259.82	53081.89
259.89	53046.51
259.96	53014.05
260.03	52999.58
260.10	52977.28
260.17	52929.53
260.24	52858.92
260.31	52797.38
260.38	52748.22
260.45	52722.82
260.52	52706.19
260.59	52675.53
260.65	52634.68
260.72	52602.06
260.79	52565.18
260.86	52537.97
260.93	52517.74
261.00	52481.40
261.07	52429.98
261.14	52348.22
261.21	52259.10
261.28	52183.46
261.34	52111.66
261.41	52040.85
261.48	51995.88
261.55	51969.55
261.62	51937.95
261.69	51910.48
261.76	51886.58
261.83	51864.52
261.90	51825.69
261.97	51773.12
262.03	51725.17
262.10	51681.72
262.17	51636.21
262.24	51620.04
262.31	51613.41
262.38	51605.66
262.45	51599.47
262.52	51574.18
262.59	51527.34
262.65	51486.95
262.72	51439.43
262.79	51389.34
262.86	51358.42
262.93	51319.58
263.00	51286.18
263.07	51244.16
263.14	51196.97
263.21	51167.03
263.27	51146.17
263.34	51125.36
263.41	51094.97
263.48	51059.12
263.55	50987.71
263.62	50902.62
263.69	50806.16
263.76	50736.90
263.82	50681.02
263.89	50646.74
263.96	50625.56
264.03	50607.29
264.10	50585.10
264.17	50531.59
264.24	50469.67
264.31	50394.44
264.38	50320.67
264.44	50230.05
264.51	50161.02
264.58	50102.92
264.65	50056.70
264.72	50001.36
264.79	49956.75
264.86	49930.49
264.92	49894.24
264.99	49862.38
265.06	49840.03
265.13	49814.44
265.20	49781.41
265.27	49746.85
265.34	49700.02
265.41	49670.02
265.47	49650.08
265.54	49629.95
265.61	49626.03
265.68	49624.48
265.75	49591.16
265.82	49540.25
265.89	49461.00
265.95	49364.79
266.02	49266.04
266.09	49191.04
266.16	49137.00
266.23	49103.70
266.30	49068.32
266.37	49025.36
266.44	48964.18
266.50	48913.78
266.57	48855.41
266.64	48790.80
266.71	48721.26
266.78	48658.05
266.85	48555.70
266.91	48474.86
266.98	48416.18
267.05	48380.52
267.12	48354.56
267.19	48359.14
267.26	48358.78
267.33	48351.69
267.39	48334.00
267.46	48309.04
267.53	48259.76
267.60	48199.02
267.67	48139.00
267.74	48100.63
267.81	48059.30
267.87	48036.14
267.94	48021.70
268.01	47994.12
268.08	47943.67
268.15	47885.20
268.22	47807.59
268.28	47709.04
268.35	47604.02
268.42	47497.34
268.49	47394.03
268.56	47324.76
268.63	47274.02
268.69	47258.79
268.76	47247.36
268.83	47256.42
268.90	47262.86
268.97	47273.72
269.04	47265.51
269.11	47253.40
269.17	47229.16
269.24	47184.68
269.31	47135.36
269.38	47092.41
269.45	47054.24
269.52	47020.42
269.58	47000.98
269.65	46968.37
269.72	46928.74
269.79	46887.92
269.86	46840.38
269.92	46773.49
269.99	46710.90
270.06	46640.80
270.13	46584.20
270.20	46520.14
270.27	46485.42
270.33	46464.19
270.40	46453.59
270.47	46428.66
270.54	46427.11
270.61	46406.29
270.68	46396.96
270.74	46381.71
270.81	46376.46
270.88	46340.18
270.95	46301.05
271.02	46224.90
271.08	46145.84
271.15	46061.79
271.22	46000.40
271.29	45953.26
271.36	45896.93
271.43	45851.75
271.49	45817.70
271.56	45782.21
271.63	45735.09
271.70	45717.40
271.77	45708.70
271.83	45677.69
271.90	45632.32
271.97	45594.42
272.04	45539.41
272.11	45484.29
272.17	45453.42
272.24	45431.45
272.31	45403.13
272.38	45401.41
272.45	45383.03
272.52	45350.06
272.58	45326.52
272.65	45319.77
272.72	45288.01
272.79	45254.38
272.86	45228.04
272.92	45184.84
272.99	45132.54
273.06	45091.40
273.13	45048.47
273.20	44984.98
273.26	44919.57
273.33	44843.44
273.40	44781.84
273.47	44727.84
273.54	44690.45
273.60	44680.40
273.67	44673.90
273.74	44680.24
273.81	44677.67
273.88	44704.90
273.94	44735.95
274.01	44778.28
274.08	44799.89
274.15	44821.88
274.21	44809.72
274.28	44761.77
274.35	44688.90
274.42	44598.22
274.49	44497.01
274.55	44414.04
274.62	44359.92
274.69	44305.61
274.76	44252.48
274.83	44231.93
274.89	44195.94
274.96	44149.41
275.03	44124.60
275.10	44105.35
275.17	44066.37
275.23	44022.12
275.30	43983.47
275.37	43952.68
275.44	43924.06
275.50	43902.73
275.57	43889.26
275.64	43860.08
275.71	43811.62
275.78	43778.29
275.84	43761.68
275.91	43733.72
275.98	43716.78
276.05	43703.84
276.11	43679.02
276.18	43624.06
276.25	43551.77
276.32	43479.80
276.39	43398.42
276.45	43304.90
276.52	43232.32
276.59	43183.25
276.66	43150.37
276.72	43142.02
276.79	43157.56
276.86	43162.31
276.93	43156.73
276.99	43124.78
277.06	43077.88
277.13	43026.31
277.20	42975.53
277.26	42941.26
277.33	42940.08
277.40	42943.88
277.47	42932.12
277.54	42917.76
277.60	42882.73
277.67	42814.74
277.74	42719.22
277.81	42623.80
277.87	42535.39
277.94	42460.02
278.01	42407.48
278.08	42375.60
278.14	42363.32
278.21	42368.00
278.28	42389.99
278.35	42414.36
278.41	42441.68
278.48	42469.12
278.55	42471.24
278.62	42454.87
278.68	42394.96
278.75	42313.87
278.82	42205.76
278.89	42097.61
278.95	41991.90
279.02	41921.54
279.09	41897.24
279.16	41914.96
279.22	41945.54
279.29	41986.91
279.36	42020.12
279.43	42005.70
279.49	41939.09
279.56	41834.68
279.63	41695.52
279.70	41549.04
279.76	41436.54
279.83	41356.90
279.90	41320.14
279.97	41312.66
280.03	41314.12
280.10	41307.72
280.17	41306.98
280.24	41299.97
280.30	41295.22
280.37	41286.42
280.44	41279.17
280.51	41269.46
280.57	41254.96
280.64	41234.10
280.71	41208.77
280.77	41172.71
280.84	41104.51
280.91	41029.26
280.98	40932.79
281.04	40832.79
281.11	40735.24
281.18	40643.92
281.25	40534.04
281.31	40445.66
281.38	40339.28
281.45	40239.30
281.52	40156.66
281.58	40079.98
281.65	40012.18
281.72	39963.85
281.78	39915.20
281.85	39884.37
281.92	39885.58
281.99	39883.71
282.05	39892.46
282.12	39916.30
282.19	39933.33
282.26	39948.87
282.32	39957.70
282.39	39973.51
282.46	39966.34
282.52	39955.00
282.59	39940.41
282.66	39945.20
282.73	39939.69
282.79	39929.43
282.86	39885.43
282.93	39804.57
282.99	39684.42
283.06	39537.25
283.13	39379.34
283.20	39233.88
283.26	39110.82
283.33	39010.86
283.40	38951.68
283.46	38926.75
283.53	38913.32
283.60	38915.00
283.67	38929.66
283.73	38944.66
283.80	38947.51
283.87	38966.08
283.93	38998.54
284.00	39011.31
284.07	39012.32
284.13	39007.18
284.20	38985.80
284.27	38935.88
284.34	38900.17
284.40	38864.86
284.47	38841.87
284.54	38818.36
284.60	38792.29
284.67	38738.66
284.74	38694.08
284.81	38634.46
284.87	38568.71
284.94	38485.73
285.01	38396.89
285.07	38290.16
285.14	38182.64
285.21	38092.76
285.27	38034.14
285.34	38012.98
285.41	38012.96
285.47	38036.82
285.54	38067.86
285.61	38088.71
285.68	38115.22
285.74	38137.74
285.81	38151.32
285.88	38155.06
285.94	38182.66
286.01	38196.90
286.08	38211.46
286.14	38229.81
286.21	38242.42
286.28	38248.34
286.34	38230.50
286.41	38174.10
286.48	38086.32
286.55	37976.42
286.61	37832.30
286.68	37692.23
286.75	37583.12
286.81	37486.34
286.88	37409.81
286.95	37355.18
287.01	37344.12
287.08	37345.12
287.15	37375.05
287.21	37402.16
287.28	37435.50
287.35	37448.49
287.41	37458.99
287.48	37451.58
287.55	37468.39
287.61	37479.07
287.68	37486.41
287.75	37484.12
287.81	37487.86
287.88	37479.38
287.95	37480.22
288.01	37472.47
288.08	37469.48
288.15	37450.10
288.21	37425.34
288.28	37393.08
288.35	37365.64
288.41	37319.56
288.48	37260.33
288.55	37176.90
288.61	37073.78
288.68	36955.24
288.75	36853.36
288.81	36775.89
288.88	36721.64
288.95	36712.85
289.01	36739.85
289.08	36781.75
289.15	36840.75
289.21	36915.75
289.28	36976.50
289.35	37030.68
289.41	37059.91
289.48	37079.06
289.55	37080.63
289.61	37056.67
289.68	37038.69
289.75	37020.08
289.81	36979.92
289.88	36929.34
289.95	36881.37
290.01	36799.31
290.08	36721.36
290.15	36660.04
290.21	36623.85
290.28	36596.30
290.35	36578.74
290.41	36564.46
290.48	36522.84
290.55	36447.89
290.61	36367.88
290.68	36309.08
290.74	36270.74
290.81	36279.51
290.88	36325.40
290.94	36395.69
291.01	36455.19
291.08	36506.34
291.14	36550.77
291.21	36589.72
291.28	36621.25
291.34	36662.35
291.41	36694.66
291.48	36711.44
291.54	36711.17
291.61	36692.17
291.68	36648.72
291.74	36581.22
291.81	36505.56
291.87	36455.12
291.94	36380.75
292.01	36306.58
292.07	36244.43
292.14	36170.52
292.21	36073.26
292.27	36002.67
292.34	35938.60
292.41	35902.14
292.47	35879.98
292.54	35877.36
292.60	35897.04
292.67	35943.63
292.74	35983.04
292.80	36040.00
292.87	36095.32
292.94	36148.17
293.00	36199.26
293.07	36249.36
293.13	36303.62
293.20	36355.17
293.27	36399.52
293.33	36421.24
293.40	36424.52
293.47	36405.46
293.53	36368.23
293.60	36299.51
293.66	36196.73
293.73	36081.36
293.80	35953.57
293.86	35827.96
293.93	35732.98
294.00	35663.30
294.06	35624.60
294.13	35608.68
294.19	35596.02
294.26	35578.38
294.33	35568.15
294.39	35544.71
294.46	35529.98
294.52	35526.97
294.59	35546.86
294.66	35592.34
294.72	35656.42
294.79	35724.58
294.86	35797.80
294.92	35873.01
294.99	35949.42
295.05	36028.20
295.12	36090.81
295.19	36146.98
295.25	36182.29
295.32	36197.75
295.38	36201.26
295.45	36197.87
295.52	36177.31
295.58	36126.10
295.65	36053.44
295.71	35955.74
295.78	35817.04
295.85	35665.51
295.91	35533.48
295.98	35397.09
296.04	35258.22
296.11	35168.40
296.18	35125.42
296.24	35111.34
296.31	35133.98
296.37	35199.48
296.44	35300.10
296.51	35400.97
296.57	35499.11
296.64	35597.14
296.70	35692.14
296.77	35752.80
296.84	35794.98
296.90	35838.00
296.97	35877.25
297.03	35904.60
297.10	35950.64
297.17	35995.30
297.23	36035.03
297.30	36076.87
297.36	36097.68
297.43	36100.34
297.50	36084.24
297.56	36042.42
297.63	35966.09
297.69	35854.25
297.76	35699.90
297.82	35526.81
297.89	35353.55
297.96	35191.15
298.02	35077.38
298.09	34997.02
298.15	34966.35
298.22	34964.86
298.29	34976.29
298.35	35001.62
298.42	35055.89
298.48	35117.98
298.55	35177.10
298.61	35258.49
298.68	35349.10
298.75	35436.39
298.81	35510.15
298.88	35592.91
298.94	35660.68
299.01	35722.22
299.08	35765.58
299.14	35809.25
299.21	35836.21
299.27	35862.46
299.34	35868.72
299.40	35875.69
299.47	35871.06
299.54	35856.63
299.60	35834.52
299.67	35790.06
299.73	35705.37
299.80	35556.17
299.86	35355.31
299.93	35121.47
299.99	34907.02
300.06	34728.19
300.13	34619.16
300.19	34580.69
300.26	34589.53
300.32	34644.98
300.39	34719.82
300.45	34815.66
300.52	34925.92
300.59	35043.07
300.65	35138.64
300.72	35232.74
300.78	35312.01
300.85	35381.21
300.91	35423.75
300.98	35465.05
301.04	35493.04
301.11	35526.08
301.18	35545.56
301.24	35579.24
301.31	35595.08
301.37	35610.50
301.44	35605.75
301.50	35598.64
301.57	35563.21
301.63	35518.31
301.70	35442.25
301.77	35336.42
301.83	35187.11
301.90	35018.95
301.96	34832.36
302.03	34652.71
302.09	34512.42
302.16	34412.09
302.22	34354.20
302.29	34329.38
302.36	34339.28
302.42	34359.91
302.49	34407.20
302.55	34466.66
302.62	34541.42
302.68	34615.38
302.75	34692.22
302.81	34747.71
302.88	34796.88
302.94	34830.37
303.01	34870.31
303.07	34883.78
303.14	34916.71
303.21	34928.90
303.27	34949.47
303.34	34952.74
303.40	34956.86
303.47	34931.14
303.53	34904.16
303.60	34867.81
303.66	34824.98
303.73	34783.94
303.79	34735.17
303.86	34670.94
303.92	34580.96
303.99	34458.26
304.05	34287.91
304.12	34108.72
304.19	33954.43
304.25	33815.41
304.32	33720.82
304.38	33682.54
304.45	33667.43
304.51	33674.84
304.58	33718.90
304.64	33758.90
304.71	33816.56
304.77	33864.36
304.84	33906.98
304.90	33925.25
304.97	33943.60
305.03	33946.32
305.10	33955.98
305.16	33957.68
305.23	33962.91
305.29	33960.92
305.36	33943.24
305.42	33937.43
305.49	33920.23
305.56	33884.32
305.62	33852.20
305.69	33821.82
305.75	33772.23
305.82	33694.87
305.88	33585.65
305.95	33431.38
306.01	33257.30
306.08	33075.58
306.14	32915.03
306.21	32778.05
306.27	32673.22
306.34	32583.06
306.40	32496.66
306.47	32435.42
306.53	32426.84
306.60	32438.69
306.66	32469.48
306.73	32520.73
306.79	32554.21
306.86	32565.66
306.92	32576.19
306.99	32588.38
307.05	32596.08
307.12	32610.70
307.18	32605.45
307.25	32598.14
307.31	32579.40
307.38	32548.43
307.44	32524.21
307.51	32500.83
307.57	32449.67
307.64	32409.01
307.70	32373.44
307.77	32321.70
307.83	32273.37
307.90	32233.66
307.96	32186.86
308.03	32132.72
308.09	32064.23
308.16	31983.38
308.22	31913.32
308.29	31828.11
308.35	31733.14
308.42	31640.04
308.48	31529.30
308.55	31408.46
308.61	31300.65
308.68	31214.12
308.74	31143.92
308.81	31123.12
308.87	31108.52
308.94	31116.37
309.00	31111.97
309.07	31115.50
309.13	31105.80
309.20	31102.64
309.26	31070.86
309.33	31049.39
309.39	31017.46
309.45	30981.12
309.52	30936.75
309.58	30906.54
309.65	30856.49
309.71	30807.88
309.78	30761.42
309.84	30715.22
309.91	30647.16
309.97	30583.30
310.04	30530.80
310.10	30471.00
310.17	30410.05
310.23	30352.54
310.30	30301.86
310.36	30239.20
310.43	30172.09
310.49	30089.34
310.56	30009.38
310.62	29917.49
310.69	29824.56
310.75	29743.86
310.81	29679.78
310.88	29630.82
310.94	29601.42
311.01	29568.46
311.07	29538.35
311.14	29510.36
311.20	29466.17
311.27	29431.07
311.33	29412.95
311.40	29369.82
311.46	29341.68
311.53	29316.31
311.59	29282.72
311.66	29253.50
311.72	29224.24
311.78	29183.06
311.85	29150.70
311.91	29113.17
311.98	29055.49
312.04	29015.34
312.11	28974.66
312.17	28926.60
312.24	28879.10
312.30	28829.20
312.37	28769.24
312.43	28707.87
312.50	28653.31
312.56	28592.02
312.62	28528.59
312.69	28469.42
312.75	28399.37
312.82	28318.52
312.88	28241.58
312.95	28165.42
313.01	28087.44
313.08	28019.32
313.14	27963.46
313.20	27911.52
313.27	27861.50
313.33	27816.75
313.40	27786.38
313.46	27744.33
313.53	27704.33
313.59	27674.59
313.66	27647.46
313.72	27610.56
313.78	27574.19
313.85	27535.12
313.91	27506.37
313.98	27474.27
314.04	27441.60
314.11	27406.68
314.17	27371.37
314.24	27317.64
314.30	27263.47
314.36	27204.24
314.43	27159.30
314.49	27106.56
314.56	27054.41
314.62	27000.68
314.69	26948.41
314.75	26886.20
314.81	26824.37
314.88	26769.63
314.94	26715.99
315.01	26662.35
315.07	26601.50
315.14	26559.14
315.20	26507.22
315.27	26456.48
315.33	26418.60
315.39	26379.85
315.46	26337.32
315.52	26286.04
315.59	26244.49
315.65	26186.58
315.72	26143.72
315.78	26096.10
315.84	26064.13
315.91	26032.29
315.97	26008.78
316.04	25998.77
316.10	25976.40
316.16	25944.12
316.23	25880.52
316.29	25781.30
316.36	25635.07
316.42	25461.85
316.49	25258.22
316.55	25041.80
316.61	24828.60
316.68	24610.00
316.74	24392.60
316.81	24174.06
316.87	23956.31
316.93	23738.18
317.00	23520.32
317.06	23307.61
317.13	23093.84
317.19	22874.38
317.26	22653.80
317.32	22435.82
317.38	22225.13
317.45	22011.36
317.51	21808.98
317.58	21604.20
317.64	21395.15
317.70	21189.14
317.77	20986.86
317.83	20782.44
317.90	20573.32
317.96	20368.68
318.02	20153.94
318.09	19952.37
318.15	19738.28
318.22	19527.31
318.28	19315.12
318.34	19101.18
318.41	18880.88
318.47	18664.92
318.54	18462.38
318.60	18259.01
318.66	18058.28
318.73	17851.03
318.79	17661.20
318.86	17462.16
318.92	17270.38
318.98	17084.70
319.05	16893.23
319.11	16699.04
319.18	16500.32
319.24	16300.92
319.30	16089.52
319.37	15905.97
319.43	15713.04
319.50	15525.99
319.56	15340.44
319.62	15156.40
319.69	14958.55
319.75	14775.62
319.82	14592.02
319.88	14401.10
319.94	14218.73
320.01	14044.59
320.07	13853.17
320.13	13666.32
320.20	13480.95
320.26	13290.19
320.33	13103.02
320.39	12920.51
320.45	12734.08
320.52	12556.30
320.58	12384.41
320.65	12201.36
320.71	12022.37
320.77	11851.22
320.84	11676.40
320.90	11504.38
320.96	11332.66
321.03	11150.06
321.09	10961.90
321.16	10775.70
321.22	10584.03
321.28	10400.17
321.35	10232.98
321.41	10058.62
321.47	9888.64
321.54	9727.45
321.60	9555.68
321.67	9380.06
321.73	9216.89
321.79	9046.66
321.86	8872.48
321.92	8695.90
321.98	8508.66
322.05	8322.36
322.11	8126.75
322.18	7928.13
322.24	7739.20
322.30	7561.59
322.37	7389.49
322.43	7217.94
322.49	7053.98
322.56	6879.74
322.62	6714.59
322.68	6532.28
322.75	6366.89
322.81	6189.43
322.88	6019.25
322.94	5844.32
323.00	5670.20
323.07	5498.40
323.13	5333.86
323.19	5171.16
323.26	5006.06
323.32	4850.36
323.38	4685.90
323.45	4460.94
323.51	3817.45
323.57	2934.56
323.64	2009.46
323.70	1119.78
323.76	323.37
323.83	-20.44
323.89	-90.60
323.96	-91.10
