180.21	3369.15
180.28	-115.47
180.36	626.04
180.44	-41.44
180.51	-12.52
180.59	9.37
180.66	36.10
180.74	32.03
180.81	30.26
180.89	32.37
180.97	34.01
181.04	31.92
181.12	30.80
181.19	31.59
181.27	31.71
181.34	49.41
181.42	56.51
181.50	65.06
181.57	76.75
181.65	82.18
181.72	75.13
181.80	69.24
181.87	68.88
181.95	68.69
182.03	67.94
182.10	69.69
182.18	72.55
182.25	77.83
182.33	77.37
182.40	83.59
182.48	79.48
182.55	91.33
182.63	95.11
182.71	97.06
182.78	99.14
182.86	104.99
182.93	101.34
183.01	103.50
183.08	104.37
183.16	109.71
183.23	106.79
183.31	113.12
183.39	113.21
183.46	122.34
183.54	117.27
183.61	124.24
183.69	125.32
183.76	134.90
183.84	133.74
183.91	135.33
183.99	145.19
184.06	147.26
184.14	149.82
184.22	154.52
184.29	157.99
184.37	155.44
184.44	149.38
184.52	137.35
184.59	134.15
184.67	138.08
184.74	132.05
184.82	144.08
184.89	156.84
184.97	166.08
185.04	173.21
185.12	181.38
185.20	187.84
185.27	195.81
185.35	203.78
185.42	201.86
185.50	213.73
185.57	215.40
185.65	219.77
185.72	219.49
185.80	228.95
185.87	225.85
185.95	223.71
186.02	223.47
186.10	221.24
186.17	220.13
186.25	218.95
186.33	212.29
186.40	207.24
186.48	209.67
186.55	213.18
186.63	216.64
186.70	242.42
186.78	256.48
186.85	270.89
186.93	279.59
187.00	292.91
187.08	286.77
187.15	293.25
187.23	294.92
187.30	300.74
187.38	310.93
187.45	326.32
187.53	338.04
187.60	344.49
187.68	353.03
187.75	363.45
187.83	371.82
187.90	369.33
187.98	370.77
188.05	374.53
188.13	359.02
188.21	338.62
188.28	337.03
188.36	331.95
188.43	328.03
188.51	341.56
188.58	364.14
188.66	365.46
188.73	378.27
188.81	395.60
188.88	401.92
188.96	411.92
189.03	437.62
189.11	459.81
189.18	472.49
189.26	491.51
189.33	514.56
189.41	539.34
189.48	558.27
189.56	578.90
189.63	596.14
189.71	593.41
189.78	570.93
189.86	545.50
189.93	524.05
190.01	495.99
190.08	479.08
190.16	467.74
190.23	456.43
190.31	451.90
190.38	448.77
190.46	453.51
190.53	475.16
190.61	514.06
190.68	536.65
190.76	580.42
190.83	615.19
190.91	639.52
190.98	649.85
191.06	671.85
191.13	679.56
191.21	684.16
191.28	678.52
191.35	674.77
191.43	661.04
191.50	643.61
191.58	634.40
191.65	638.67
191.73	645.02
191.80	655.54
191.88	661.36
191.95	666.79
192.03	672.87
192.10	681.95
192.18	696.91
192.25	722.12
192.33	737.21
192.40	740.75
192.48	738.89
192.55	730.58
192.63	713.51
192.70	705.80
192.78	706.03
192.85	717.18
192.93	723.25
193.00	717.94
193.08	700.76
193.15	683.07
193.22	666.09
193.30	664.17
193.37	695.56
193.45	735.60
193.52	786.52
193.60	841.76
193.67	889.24
193.75	919.82
193.82	950.30
193.90	963.50
193.97	962.59
194.05	952.49
194.12	929.51
194.20	902.41
194.27	872.47
194.34	829.51
194.42	788.58
194.49	766.64
194.57	747.95
194.64	730.34
194.72	724.17
194.79	728.94
194.87	743.10
194.94	779.43
195.02	839.28
195.09	910.62
195.17	985.06
195.24	1049.35
195.31	1098.04
195.39	1129.97
195.46	1147.41
195.54	1160.08
195.61	1159.98
195.69	1143.81
195.76	1110.89
195.84	1062.94
195.91	977.64
195.99	879.95
196.06	792.85
196.13	737.10
196.21	715.68
196.28	742.05
196.36	808.22
196.43	891.47
196.51	977.30
196.58	1061.66
196.66	1134.48
196.73	1190.15
196.80	1226.55
196.88	1246.96
196.95	1258.86
197.03	1260.10
197.10	1241.20
197.18	1208.54
197.25	1150.07
197.33	1062.89
197.40	969.72
197.47	874.93
197.55	803.34
197.62	760.98
197.70	755.08
197.77	781.70
197.85	845.52
197.92	917.20
197.99	1008.44
198.07	1111.11
198.14	1204.71
198.22	1297.30
198.29	1373.17
198.37	1430.70
198.44	1468.05
198.51	1486.34
198.59	1473.75
198.66	1450.47
198.74	1391.93
198.81	1294.79
198.89	1170.34
198.96	1051.28
199.03	937.40
199.11	857.82
199.18	825.90
199.26	848.96
199.33	909.71
199.41	1002.54
199.48	1106.78
199.55	1220.85
199.63	1319.32
199.70	1413.19
199.78	1489.01
199.85	1564.12
199.93	1621.29
200.00	1678.03
200.07	1700.43
200.15	1701.78
200.22	1660.65
200.30	1575.96
200.37	1438.54
200.44	1261.17
200.52	1092.80
200.59	972.90
200.67	903.94
200.74	900.96
200.81	967.13
200.89	1059.49
200.96	1160.58
201.04	1267.30
201.11	1387.73
201.19	1510.51
201.26	1625.89
201.33	1722.45
201.41	1800.96
201.48	1849.65
201.56	1871.05
201.63	1870.61
201.70	1823.32
201.78	1737.96
201.85	1609.29
201.93	1453.72
202.00	1299.74
202.07	1182.21
202.15	1088.28
202.22	1046.40
202.30	1067.16
202.37	1123.10
202.44	1216.94
202.52	1354.97
202.59	1513.66
202.67	1658.49
202.74	1799.78
202.81	1921.83
202.89	2031.53
202.96	2140.15
203.04	2242.89
203.11	2315.93
203.18	2362.32
203.26	2361.30
203.33	2290.89
203.41	2159.23
203.48	1971.46
203.55	1716.59
203.63	1475.24
203.70	1298.84
203.77	1206.30
203.85	1211.46
203.92	1323.18
204.00	1498.26
204.07	1682.42
204.14	1868.27
204.22	2045.29
204.29	2228.11
204.37	2386.93
204.44	2525.78
204.51	2640.80
204.59	2716.33
204.66	2738.62
204.73	2727.58
204.81	2668.99
204.88	2559.70
204.96	2391.31
205.03	2161.39
205.10	1911.00
205.18	1693.73
205.25	1519.93
205.32	1428.50
205.40	1444.13
205.47	1536.20
205.55	1680.96
205.62	1876.19
205.69	2114.06
205.77	2362.39
205.84	2606.96
205.91	2830.83
205.99	3025.53
206.06	3182.70
206.14	3327.72
206.21	3466.00
206.28	3567.03
206.36	3634.83
206.43	3645.71
206.50	3575.21
206.58	3388.60
206.65	3114.07
206.72	2744.80
206.80	2357.60
206.87	2030.87
206.95	1832.95
207.02	1790.28
207.09	1914.86
207.17	2158.36
207.24	2450.29
207.31	2757.48
207.39	3059.70
207.46	3354.40
207.53	3630.83
207.61	3902.02
207.68	4145.45
207.75	4373.35
207.83	4560.53
207.90	4692.42
207.98	4738.05
208.05	4707.33
208.12	4565.57
208.20	4320.72
208.27	3971.32
208.34	3537.08
208.42	3086.96
208.49	2722.26
208.56	2477.08
208.64	2402.36
208.71	2500.18
208.78	2710.83
208.86	2987.99
208.93	3306.99
209.00	3648.49
209.08	4009.12
209.15	4389.37
209.22	4750.05
209.30	5090.37
209.37	5394.92
209.44	5661.76
209.52	5878.02
209.59	6032.25
209.67	6114.13
209.74	6091.49
209.81	5959.59
209.89	5681.55
209.96	5250.95
210.03	4712.26
210.11	4194.07
210.18	3732.51
210.25	3412.33
210.33	3309.66
210.40	3419.46
210.47	3674.76
210.55	4049.36
210.62	4487.14
210.69	4936.82
210.77	5389.29
210.84	5815.45
210.91	6215.78
210.99	6588.77
211.06	6951.65
211.13	7286.34
211.21	7592.63
211.28	7838.48
211.35	8009.77
211.42	8042.02
211.50	7917.96
211.57	7609.52
211.64	7129.63
211.72	6485.89
211.79	5803.63
211.86	5241.44
211.94	4920.29
212.01	4857.82
212.08	5081.64
212.16	5494.42
212.23	5961.07
212.30	6399.13
212.38	6803.28
212.45	7170.11
212.52	7508.24
212.60	7838.88
212.67	8189.14
212.74	8558.18
212.82	8936.35
212.89	9323.31
212.96	9657.98
213.03	9885.17
213.11	9972.59
213.18	9886.47
213.25	9615.06
213.33	9149.64
213.40	8530.81
213.47	7920.60
213.55	7417.83
213.62	7080.99
213.69	6996.64
213.77	7189.86
213.84	7533.50
213.91	7977.39
213.98	8456.57
214.06	8911.23
214.13	9303.09
214.20	9647.81
214.28	9992.52
214.35	10364.97
214.42	10789.30
214.50	11267.94
214.57	11754.13
214.64	12183.79
214.72	12527.13
214.79	12755.64
214.86	12823.96
214.93	12724.93
215.01	12445.49
215.08	11964.77
215.15	11281.25
215.23	10511.12
215.30	9874.94
215.37	9507.17
215.44	9497.03
215.52	9862.76
215.59	10494.00
215.66	11197.68
215.74	11856.74
215.81	12422.32
215.88	12938.01
215.95	13422.64
216.03	13894.76
216.10	14358.86
216.17	14796.26
216.25	15160.49
216.32	15449.71
216.39	15650.50
216.46	15786.33
216.54	15852.08
216.61	15838.33
216.68	15709.57
216.76	15443.59
216.83	14968.23
216.90	14307.59
216.97	13614.29
217.05	13073.87
217.12	12793.37
217.19	12857.67
217.27	13285.71
217.34	13958.33
217.41	14736.44
217.48	15521.35
217.56	16255.13
217.63	16922.90
217.70	17476.37
217.78	17933.20
217.85	18302.52
217.92	18610.84
217.99	18861.98
218.07	19086.08
218.14	19278.57
218.21	19483.40
218.28	19688.77
218.36	19868.12
218.43	19955.98
218.50	19896.62
218.57	19614.19
218.65	19070.87
218.72	18297.24
218.79	17494.62
218.87	16860.59
218.94	16548.55
219.01	16644.68
219.08	17149.80
219.16	17913.16
219.23	18760.61
219.30	19557.55
219.37	20264.30
219.45	20869.86
219.52	21414.36
219.59	21899.84
219.66	22360.59
219.74	22784.88
219.81	23188.84
219.88	23551.77
219.95	23895.93
220.03	24211.00
220.10	24468.03
220.17	24645.84
220.24	24674.14
220.32	24515.17
220.39	24126.64
220.46	23535.16
220.53	22775.45
220.61	22029.19
220.68	21482.52
220.75	21271.06
220.82	21427.21
220.90	21890.70
220.97	22536.61
221.04	23190.58
221.11	23777.85
221.19	24292.12
221.26	24778.67
221.33	25250.77
221.40	25739.16
221.48	26226.03
221.55	26689.93
221.62	27133.02
221.69	27550.07
221.77	27911.88
221.84	28218.93
221.91	28452.73
221.98	28607.42
222.06	28639.84
222.13	28566.36
222.20	28370.99
222.27	28079.14
222.35	27684.39
222.42	27299.64
222.49	27007.87
222.56	26861.30
222.63	26875.28
222.71	27048.20
222.78	27321.54
222.85	27611.84
222.92	27921.31
223.00	28235.60
223.07	28584.06
223.14	28954.23
223.21	29365.42
223.29	29776.96
223.36	30223.23
223.43	30658.17
223.50	31066.20
223.57	31441.03
223.65	31766.23
223.72	31977.95
223.79	32098.15
223.86	32132.29
223.94	32080.62
224.01	31984.73
224.08	31891.26
224.15	31788.59
224.22	31680.44
224.30	31580.08
224.37	31538.46
224.44	31546.85
224.51	31622.60
224.59	31782.23
224.66	32018.78
224.73	32269.46
224.80	32534.46
224.87	32818.32
224.95	33123.64
225.02	33444.40
225.09	33758.20
225.16	34066.36
225.23	34366.89
225.31	34632.76
225.38	34840.16
225.45	35022.20
225.52	35143.17
225.60	35181.65
225.67	35160.57
225.74	35073.04
225.81	34921.72
225.88	34791.42
225.96	34741.87
226.03	34757.79
226.10	34873.37
226.17	35071.64
226.24	35298.86
226.32	35516.70
226.39	35746.69
226.46	35981.24
226.53	36224.91
226.60	36482.26
226.68	36723.05
226.75	36946.46
226.82	37150.72
226.89	37348.13
226.96	37501.58
227.04	37623.98
227.11	37741.12
227.18	37847.45
227.25	37916.53
227.32	37993.62
227.40	38073.48
227.47	38101.43
227.54	38094.62
227.61	38035.36
227.68	37916.56
227.76	37779.06
227.83	37683.75
227.90	37674.30
227.97	37768.14
228.04	37951.45
228.11	38188.08
228.19	38433.50
228.26	38654.37
228.33	38849.26
228.40	39030.03
228.47	39203.22
228.55	39372.83
228.62	39531.00
228.69	39671.24
228.76	39784.00
228.83	39887.20
228.90	39991.69
228.98	40095.44
229.05	40204.57
229.12	40344.08
229.19	40484.05
229.26	40615.33
229.34	40716.48
229.41	40798.67
229.48	40834.15
229.55	40846.06
229.62	40825.64
229.69	40778.24
229.77	40717.56
229.84	40675.54
229.91	40662.13
229.98	40682.50
230.05	40759.14
230.12	40884.46
230.20	41035.79
230.27	41179.20
230.34	41334.13
230.41	41482.88
230.48	41604.44
230.55	41713.03
230.63	41820.97
230.70	41913.59
230.77	41976.99
230.84	42027.76
230.91	42063.14
230.98	42110.63
231.06	42167.48
231.13	42254.29
231.20	42379.92
231.27	42502.63
231.34	42617.39
231.41	42712.87
231.49	42796.69
231.56	42854.35
231.63	42918.27
231.70	42962.81
231.77	42996.28
231.84	43016.13
231.92	43027.96
231.99	43044.87
232.06	43064.66
232.13	43109.57
232.20	43178.04
232.27	43253.65
232.34	43314.12
232.42	43362.88
232.49	43402.60
232.56	43431.87
232.63	43482.62
232.70	43530.60
232.77	43602.35
232.85	43659.48
232.92	43723.00
232.99	43765.40
233.06	43833.15
233.13	43893.94
233.20	43953.90
233.27	44001.47
233.35	44048.29
233.42	44078.81
233.49	44110.71
233.56	44161.28
233.63	44215.51
233.70	44264.97
233.77	44310.80
233.85	44352.01
233.92	44407.39
233.99	44453.11
234.06	44498.51
234.13	44552.59
234.20	44613.20
234.27	44640.38
234.35	44673.01
234.42	44690.59
234.49	44704.28
234.56	44710.33
234.63	44702.34
234.70	44706.93
234.77	44714.26
234.84	44703.21
234.92	44685.17
234.99	44698.55
235.06	44704.35
235.13	44726.22
235.20	44767.67
235.27	44822.18
235.34	44875.82
235.41	44929.35
235.49	44981.94
235.56	45018.37
235.63	45047.31
235.70	45066.47
235.77	45078.75
235.84	45090.75
235.91	45095.61
235.98	45100.11
236.06	45109.58
236.13	45108.96
236.20	45114.82
236.27	45121.83
236.34	45132.74
236.41	45133.14
236.48	45141.86
236.55	45140.73
236.63	45148.44
236.70	45150.97
236.77	45170.01
236.84	45200.06
236.91	45224.02
236.98	45248.16
237.05	45274.69
237.12	45278.67
237.19	45268.51
237.27	45264.89
237.34	45266.98
237.41	45269.44
237.48	45282.04
237.55	45289.96
237.62	45307.90
237.69	45323.61
237.76	45345.61
237.83	45364.42
237.91	45385.62
237.98	45398.69
238.05	45410.16
238.12	45411.59
238.19	45413.76
238.26	45438.94
238.33	45449.83
238.40	45457.55
238.47	45468.90
238.54	45472.47
238.62	45459.71
238.69	45448.28
238.76	45439.29
238.83	45423.56
238.90	45425.50
238.97	45441.39
239.04	45465.74
239.11	45486.18
239.18	45508.87
239.25	45526.40
239.33	45513.85
239.40	45493.93
239.47	45471.20
239.54	45437.28
239.61	45407.73
239.68	45384.87
239.75	45379.71
239.82	45386.42
239.89	45399.48
239.96	45408.40
240.03	45427.05
240.11	45435.00
240.18	45430.48
240.25	45433.30
240.32	45439.64
240.39	45459.38
240.46	45471.85
240.53	45514.66
240.60	45570.98
240.67	45608.82
240.74	45632.92
240.81	45666.34
240.88	45670.52
240.96	45660.97
241.03	45662.87
241.10	45668.00
241.17	45675.47
241.24	45697.88
241.31	45717.81
241.38	45725.99
241.45	45704.97
241.52	45689.92
241.59	45676.43
241.66	45677.50
241.73	45687.76
241.80	45714.25
241.88	45743.41
241.95	45760.97
242.02	45766.84
242.09	45768.50
242.16	45772.81
242.23	45784.49
242.30	45790.09
242.37	45787.35
242.44	45797.76
242.51	45798.88
242.58	45789.59
242.65	45794.47
242.72	45812.97
242.79	45828.08
242.87	45862.62
242.94	45882.73
243.01	45914.24
243.08	45937.30
243.15	45961.23
243.22	45980.64
243.29	46022.20
243.36	46045.27
243.43	46068.55
243.50	46113.65
243.57	46155.21
243.64	46174.02
243.71	46196.88
243.78	46230.52
243.85	46228.14
243.92	46235.23
243.99	46247.18
244.07	46263.76
244.14	46266.68
244.21	46287.66
244.28	46301.35
244.35	46313.62
244.42	46321.57
244.49	46329.78
244.56	46339.12
244.63	46361.04
244.70	46367.49
244.77	46380.43
244.84	46423.74
244.91	46456.44
244.98	46482.66
245.05	46533.31
245.12	46572.38
245.19	46602.17
245.26	46629.13
245.33	46659.25
245.40	46685.29
245.47	46717.23
245.55	46741.14
245.62	46774.11
245.69	46808.06
245.76	46859.23
245.83	46927.04
245.90	46989.13
245.97	47050.06
246.04	47121.45
246.11	47171.56
246.18	47185.81
246.25	47181.51
246.32	47179.78
246.39	47171.62
246.46	47181.15
246.53	47224.29
246.60	47294.95
246.67	47371.26
246.74	47443.92
246.81	47506.81
246.88	47547.89
246.95	47577.06
247.02	47603.24
247.09	47633.13
247.16	47657.51
247.23	47676.67
247.30	47696.26
247.37	47718.81
247.44	47735.26
247.51	47767.16
247.58	47804.10
247.66	47852.83
247.73	47912.39
247.80	47968.27
247.87	48017.20
247.94	48084.64
248.01	48157.06
248.08	48214.52
248.15	48276.57
248.22	48331.19
248.29	48381.19
248.36	48419.24
248.43	48460.69
248.50	48504.33
248.57	48562.85
248.64	48619.45
248.71	48686.94
248.78	48767.04
248.85	48834.63
248.92	48887.18
248.99	48932.07
249.06	48960.41
249.13	48963.44
249.20	48977.35
249.27	48997.89
249.34	49025.04
249.41	49056.00
249.48	49084.49
249.55	49106.07
249.62	49125.50
249.69	49118.25
249.76	49135.03
249.83	49172.01
249.90	49229.51
249.97	49305.84
250.04	49416.20
250.11	49519.39
250.18	49610.92
250.25	49679.84
250.32	49721.29
250.39	49761.18
250.46	49798.33
250.53	49848.51
250.60	49912.45
250.67	49979.88
250.74	50058.01
250.81	50114.28
250.88	50150.76
250.95	50173.66
251.02	50206.80
251.09	50207.71
251.16	50211.91
251.23	50227.52
251.30	50252.97
251.37	50279.75
251.44	50324.91
251.51	50390.28
251.58	50462.16
251.65	50527.67
251.72	50591.89
251.79	50657.35
251.86	50708.36
251.93	50747.08
252.00	50786.07
252.07	50815.80
252.14	50841.26
252.21	50864.29
252.28	50891.01
252.35	50917.26
252.42	50972.72
252.49	51017.29
252.56	51069.72
252.63	51128.61
252.70	51188.00
252.77	51232.71
252.84	51302.92
252.91	51360.02
252.98	51404.20
253.05	51440.18
253.12	51468.78
253.19	51483.91
253.25	51506.27
253.32	51528.74
253.39	51575.82
253.46	51613.96
253.53	51647.33
253.60	51656.94
253.67	51671.55
253.74	51680.48
253.81	51699.56
253.88	51719.19
253.95	51770.01
254.02	51813.18
254.09	51861.16
254.16	51901.86
254.23	51943.48
254.30	51968.40
254.37	52000.20
254.44	52021.81
254.51	52053.17
254.58	52072.81
254.65	52099.72
254.72	52132.77
254.79	52157.71
254.86	52175.12
254.93	52199.55
255.00	52232.48
255.07	52268.89
255.14	52312.70
255.21	52335.14
255.28	52334.04
255.34	52315.84
255.41	52279.24
255.48	52232.99
255.55	52205.83
255.62	52200.82
255.69	52204.04
255.76	52222.89
255.83	52250.63
255.90	52298.00
255.97	52365.22
256.04	52424.47
256.11	52494.72
256.18	52575.63
256.25	52651.77
256.32	52714.30
256.39	52783.51
256.46	52840.94
256.53	52900.35
256.60	52944.39
256.67	52985.21
256.74	53013.71
256.80	53032.43
256.87	53015.38
256.94	52991.40
257.01	52963.22
257.08	52962.13
257.15	52960.16
257.22	52971.05
257.29	52946.84
257.36	52894.24
257.43	52806.22
257.50	52724.02
257.57	52638.92
257.64	52627.18
257.71	52661.22
257.78	52733.93
257.85	52814.61
257.92	52929.71
257.98	53009.57
258.05	53069.23
258.12	53075.75
258.19	53044.01
258.26	52956.49
258.33	52866.44
258.40	52782.76
258.47	52731.61
258.54	52727.96
258.61	52766.09
258.68	52830.38
258.75	52907.66
258.82	52999.29
258.89	53069.55
258.95	53098.79
259.02	53107.52
259.09	53085.31
259.16	53033.63
259.23	52979.18
259.30	52945.90
259.37	52916.63
259.44	52903.12
259.51	52904.08
259.58	52915.42
259.65	52928.96
259.72	52938.82
259.79	52918.26
259.85	52898.43
259.92	52856.78
259.99	52824.27
260.06	52815.75
260.13	52819.15
260.20	52823.12
260.27	52826.29
260.34	52818.34
260.41	52786.81
260.48	52771.64
260.55	52755.86
260.62	52728.99
260.68	52684.68
260.75	52630.84
260.82	52590.94
260.89	52567.62
260.96	52583.27
261.03	52610.01
261.10	52625.69
261.17	52608.81
261.24	52534.66
261.31	52421.60
261.38	52308.92
261.44	52207.91
261.51	52129.85
261.58	52118.56
261.65	52141.84
261.72	52180.28
261.79	52218.31
261.86	52240.78
261.93	52225.57
262.00	52177.76
262.07	52106.33
262.13	52037.25
262.20	51992.84
262.27	51948.89
262.34	51950.68
262.41	51974.35
262.48	52017.63
262.55	52054.98
262.62	52098.49
262.69	52104.22
262.76	52099.89
262.82	52056.64
262.89	52024.93
262.96	52000.83
263.03	51995.88
263.10	51991.95
263.17	51994.40
263.24	51979.85
263.31	51969.72
263.38	51973.86
263.44	52012.55
263.51	52055.67
263.58	52073.34
263.65	52042.32
263.72	51945.34
263.79	51793.18
263.86	51652.16
263.93	51551.92
264.00	51504.11
264.06	51510.08
264.13	51535.01
264.20	51528.80
264.27	51462.28
264.34	51364.34
264.41	51265.23
264.48	51149.39
264.55	51042.88
264.61	50947.51
264.68	50852.59
264.75	50757.29
264.82	50682.82
264.89	50646.41
264.96	50660.30
265.03	50691.87
265.10	50727.81
265.16	50760.21
265.23	50748.19
265.30	50699.49
265.37	50632.43
265.44	50553.67
265.51	50509.96
265.58	50509.68
265.65	50539.29
265.71	50596.42
265.78	50666.12
265.85	50682.71
265.92	50629.84
265.99	50519.70
266.06	50388.89
266.13	50229.57
266.20	50088.92
266.26	50003.57
266.33	49948.75
266.40	49897.77
266.47	49868.28
266.54	49832.25
266.61	49810.07
266.68	49813.53
266.74	49825.87
266.81	49795.89
266.88	49702.05
266.95	49571.72
267.02	49437.21
267.09	49321.48
267.16	49265.43
267.22	49310.06
267.29	49393.97
267.36	49477.13
267.43	49558.40
267.50	49591.93
267.57	49571.01
267.64	49497.40
267.70	49389.55
267.77	49267.26
267.84	49194.60
267.91	49160.44
267.98	49173.94
268.05	49230.98
268.11	49277.84
268.18	49284.49
268.25	49233.96
268.32	49120.25
268.39	48932.97
268.46	48706.05
268.53	48457.68
268.59	48227.43
268.66	48055.55
268.73	47972.27
268.80	47983.97
268.87	48051.52
268.94	48184.16
269.00	48343.80
269.07	48472.61
269.14	48543.13
269.21	48566.13
269.28	48515.54
269.35	48397.50
269.41	48301.56
269.48	48238.94
269.55	48226.28
269.62	48261.35
269.69	48331.68
269.76	48352.00
269.82	48330.78
269.89	48277.13
269.96	48194.67
270.03	48078.46
270.10	47961.89
270.17	47840.51
270.23	47735.80
270.30	47651.72
270.37	47638.95
270.44	47666.48
270.51	47704.60
270.58	47726.99
270.64	47739.21
270.71	47724.09
270.78	47711.86
270.85	47729.66
270.92	47756.77
270.99	47769.58
271.05	47737.01
271.12	47642.57
271.19	47514.17
271.26	47370.99
271.33	47254.56
271.39	47165.41
271.46	47109.54
271.53	47058.75
271.60	47024.69
271.67	46970.65
271.74	46918.46
271.80	46858.01
271.87	46816.19
271.94	46761.69
272.01	46722.72
272.08	46680.26
272.14	46650.66
272.21	46613.07
272.28	46586.91
272.35	46552.68
272.42	46530.19
272.48	46532.74
272.55	46532.37
272.62	46520.94
272.69	46503.83
272.76	46484.48
272.83	46442.42
272.89	46406.39
272.96	46384.67
273.03	46373.06
273.10	46368.16
273.17	46367.64
273.23	46330.28
273.30	46261.75
273.37	46134.23
273.44	45963.15
273.51	45781.45
273.57	45654.05
273.64	45569.12
273.71	45565.54
273.78	45598.82
273.85	45668.16
273.91	45729.79
273.98	45835.49
274.05	45968.01
274.12	46147.86
274.19	46319.87
274.25	46483.07
274.32	46575.31
274.39	46593.85
274.46	46510.77
274.53	46365.72
274.59	46173.83
274.66	45983.44
274.73	45797.23
274.80	45654.72
274.86	45542.45
274.93	45493.15
275.00	45459.86
275.07	45438.90
275.14	45411.80
275.20	45401.69
275.27	45376.83
275.34	45344.75
275.41	45334.39
275.48	45342.65
275.54	45362.17
275.61	45392.44
275.68	45442.57
275.75	45463.28
275.81	45465.96
275.88	45474.31
275.95	45491.16
276.02	45500.18
276.09	45523.06
276.15	45567.34
276.22	45582.02
276.29	45543.85
276.36	45427.21
276.42	45260.63
276.49	45059.28
276.56	44875.80
276.63	44718.62
276.70	44641.82
276.76	44646.60
276.83	44705.85
276.90	44777.36
276.97	44862.96
277.03	44922.65
277.10	44912.57
277.17	44833.95
277.24	44725.54
277.30	44641.61
277.37	44594.91
277.44	44626.76
277.51	44713.97
277.58	44812.92
277.64	44865.68
277.71	44850.70
277.78	44750.01
277.85	44584.54
277.91	44378.65
277.98	44173.06
278.05	44002.48
278.12	43894.61
278.18	43848.80
278.25	43878.04
278.32	43955.56
278.39	44089.60
278.45	44257.34
278.52	44441.09
278.59	44615.48
278.66	44761.55
278.72	44832.48
278.79	44797.30
278.86	44647.50
278.93	44403.30
278.99	44098.49
279.06	43817.73
279.13	43627.55
279.20	43587.35
279.26	43672.34
279.33	43870.74
279.40	44113.75
279.47	44352.80
279.53	44510.00
279.60	44534.78
279.67	44368.42
279.74	44042.30
279.80	43635.33
279.87	43253.42
279.94	42965.30
280.01	42853.98
280.07	42889.45
280.14	42995.53
280.21	43099.29
280.28	43217.18
280.34	43310.95
280.41	43392.99
280.48	43465.87
280.55	43545.97
280.61	43601.41
280.68	43644.10
280.75	43672.83
280.82	43717.97
280.88	43773.96
280.95	43793.18
281.02	43770.77
281.08	43700.15
281.15	43574.32
281.22	43412.23
281.29	43245.16
281.35	43065.98
281.42	42879.04
281.49	42670.37
281.56	42462.62
281.62	42290.44
281.69	42157.93
281.76	42069.64
281.82	42024.29
281.89	42010.63
281.96	42020.47
282.03	42054.06
282.09	42118.48
282.16	42218.81
282.23	42331.69
282.30	42467.29
282.36	42626.47
282.43	42779.30
282.50	42932.39
282.56	43037.77
282.63	43113.14
282.70	43158.26
282.77	43210.96
282.83	43244.40
282.90	43303.51
282.97	43321.90
283.03	43229.47
283.10	43006.28
283.17	42682.63
283.24	42292.22
283.30	41897.06
283.37	41618.00
283.44	41462.58
283.50	41426.57
283.57	41467.98
283.64	41554.44
283.71	41647.20
283.77	41742.65
283.84	41840.22
283.91	41935.62
283.97	42046.81
284.04	42171.56
284.11	42297.76
284.18	42413.01
284.24	42498.68
284.31	42523.14
284.38	42494.66
284.44	42444.79
284.51	42379.87
284.58	42331.69
284.64	42320.86
284.71	42290.21
284.78	42214.67
284.85	42119.26
284.91	41993.20
284.98	41852.31
285.05	41700.06
285.11	41534.55
285.18	41323.73
285.25	41095.24
285.31	40873.81
285.38	40719.14
285.45	40662.65
285.52	40730.16
285.58	40878.77
285.65	41071.40
285.72	41274.78
285.78	41463.68
285.85	41610.20
285.92	41749.59
285.98	41886.08
286.05	42021.15
286.12	42147.43
286.18	42284.80
286.25	42417.35
286.32	42511.14
286.39	42587.93
286.45	42609.23
286.52	42539.64
286.59	42337.65
286.65	42035.48
286.72	41655.07
286.79	41273.87
286.85	40942.91
286.92	40721.58
286.99	40619.78
287.05	40585.57
287.12	40628.24
287.19	40725.95
287.25	40860.21
287.32	41005.90
287.39	41159.35
287.45	41283.76
287.52	41381.85
287.59	41477.31
287.65	41567.88
287.72	41669.08
287.79	41783.50
287.86	41885.16
287.92	41968.15
287.99	42046.89
288.06	42113.50
288.12	42171.67
288.19	42230.37
288.26	42287.20
288.32	42331.14
288.39	42342.86
288.46	42309.14
288.52	42227.25
288.59	42074.28
288.66	41822.95
288.72	41505.43
288.79	41171.97
288.86	40871.81
288.92	40647.02
288.99	40548.34
289.06	40588.28
289.12	40724.96
289.19	40935.88
289.26	41187.71
289.32	41479.06
289.39	41771.73
289.45	42049.69
289.52	42268.65
289.59	42430.27
289.65	42491.50
289.72	42492.28
289.79	42458.25
289.85	42401.27
289.92	42318.04
289.99	42228.95
290.05	42088.70
290.12	41921.43
290.19	41759.32
290.25	41654.10
290.32	41601.12
290.39	41615.05
290.45	41655.55
290.52	41676.27
290.59	41612.79
290.65	41453.17
290.72	41224.84
290.79	41022.95
290.85	40913.30
290.92	40936.81
290.98	41079.88
291.05	41344.77
291.12	41628.22
291.18	41894.71
291.25	42129.36
291.32	42358.91
291.38	42555.72
291.45	42757.39
291.52	42927.12
291.58	43051.79
291.65	43107.11
291.72	43102.78
291.78	42991.46
291.85	42812.97
291.91	42604.92
291.98	42430.04
292.05	42255.50
292.11	42096.66
292.18	41934.93
292.25	41742.11
292.31	41521.91
292.38	41334.05
292.45	41193.79
292.51	41127.76
292.58	41135.74
292.64	41216.80
292.71	41343.60
292.78	41519.48
292.84	41730.42
292.91	41980.78
292.98	42225.36
293.04	42462.40
293.11	42697.68
293.17	42927.81
293.24	43143.43
293.31	43343.31
293.37	43520.97
293.44	43654.74
293.51	43724.68
293.57	43730.50
293.64	43656.43
293.70	43505.96
293.77	43232.26
293.84	42864.55
293.90	42447.18
293.97	42050.38
294.04	41721.84
294.10	41549.94
294.17	41520.82
294.23	41568.77
294.30	41639.07
294.37	41679.51
294.43	41671.22
294.50	41616.51
294.56	41562.57
294.63	41575.01
294.70	41677.15
294.76	41879.97
294.83	42182.02
294.90	42538.13
294.96	42894.52
295.03	43222.46
295.09	43520.35
295.16	43787.02
295.23	44011.12
295.29	44210.89
295.36	44382.25
295.42	44491.16
295.49	44546.25
295.56	44581.16
295.62	44548.24
295.69	44436.83
295.75	44243.48
295.82	43953.31
295.89	43554.10
295.95	43096.19
296.02	42642.53
296.08	42227.90
296.15	41872.89
296.22	41607.19
296.28	41461.37
296.35	41456.38
296.41	41578.16
296.48	41839.10
296.55	42205.15
296.61	42613.05
296.68	43017.67
296.74	43398.30
296.81	43730.08
296.88	43995.49
296.94	44214.69
297.01	44392.00
297.07	44563.82
297.14	44745.85
297.20	44949.40
297.27	45177.17
297.34	45401.65
297.40	45586.72
297.47	45709.81
297.53	45760.03
297.60	45729.95
297.67	45614.45
297.73	45404.61
297.80	45053.32
297.86	44574.62
297.93	43990.35
298.00	43374.60
298.06	42812.14
298.13	42407.89
298.19	42203.45
298.26	42176.46
298.32	42271.44
298.39	42424.74
298.46	42613.52
298.52	42829.81
298.59	43074.04
298.65	43369.90
298.72	43715.13
298.78	44081.49
298.85	44432.99
298.92	44760.91
298.98	45059.07
299.05	45324.64
299.11	45545.64
299.18	45739.66
299.24	45939.00
299.31	46095.00
299.38	46217.31
299.44	46315.43
299.51	46394.68
299.57	46418.85
299.64	46414.53
299.70	46387.41
299.77	46297.32
299.84	46066.16
299.90	45643.55
299.97	44989.86
300.03	44145.92
300.10	43283.76
300.16	42586.09
300.23	42169.14
300.30	42108.97
300.36	42337.42
300.43	42736.11
300.49	43199.16
300.56	43655.96
300.62	44078.16
300.69	44475.62
300.75	44849.95
300.82	45186.26
300.89	45487.64
300.95	45753.21
301.02	45984.30
301.08	46187.74
301.15	46366.72
301.21	46533.97
301.28	46688.39
301.34	46838.42
301.41	46958.56
301.48	47048.79
301.54	47114.11
301.61	47152.02
301.67	47107.85
301.74	47000.95
301.80	46801.57
301.87	46475.98
301.93	45999.80
302.00	45452.91
302.06	44840.26
302.13	44246.70
302.20	43760.88
302.26	43440.43
302.33	43302.03
302.39	43318.29
302.46	43473.43
302.52	43719.54
302.59	44027.32
302.65	44362.94
302.72	44726.69
302.78	45090.83
302.85	45424.99
302.91	45726.32
302.98	45991.41
303.05	46227.30
303.11	46421.16
303.18	46591.92
303.24	46764.17
303.31	46894.08
303.37	46996.35
303.44	47086.22
303.50	47146.62
303.57	47158.75
303.63	47156.69
303.70	47140.28
303.76	47087.71
303.83	47009.88
303.89	46897.19
303.96	46726.49
304.03	46463.97
304.09	46090.00
304.16	45546.28
304.22	44919.46
304.29	44330.82
304.35	43870.08
304.42	43606.15
304.48	43592.90
304.55	43767.31
304.61	44042.74
304.68	44350.91
304.74	44660.78
304.81	44974.36
304.87	45256.96
304.94	45514.21
305.00	45740.60
305.07	45923.29
305.13	46073.94
305.20	46203.56
305.26	46322.58
305.33	46432.77
305.39	46531.66
305.46	46599.38
305.52	46664.69
305.59	46698.75
305.66	46700.41
305.72	46686.96
305.79	46658.62
305.85	46592.88
305.92	46467.05
305.98	46257.40
306.05	45963.27
306.11	45615.88
306.18	45220.92
306.24	44825.13
306.31	44451.77
306.37	44094.17
306.44	43752.37
306.50	43454.54
306.57	43249.41
306.63	43193.99
306.70	43283.79
306.76	43500.90
306.83	43798.12
306.89	44112.14
306.96	44384.52
307.02	44613.92
307.09	44809.41
307.15	44975.29
307.22	45107.54
307.28	45208.17
307.35	45300.24
307.41	45365.35
307.48	45413.10
307.54	45448.00
307.61	45468.71
307.67	45452.51
307.74	45423.57
307.80	45386.37
307.87	45337.29
307.93	45286.39
308.00	45248.78
308.06	45194.16
308.13	45104.84
308.19	44980.78
308.26	44840.22
308.32	44681.71
308.38	44506.87
308.45	44304.94
308.51	44059.57
308.58	43757.36
308.64	43424.29
308.71	43128.22
308.77	42926.61
308.84	42848.07
308.90	42891.30
308.97	43025.31
309.03	43199.27
309.10	43370.56
309.16	43527.46
309.23	43654.83
309.29	43770.25
309.36	43848.20
309.42	43914.16
309.49	43964.93
309.55	44007.37
309.62	44009.09
309.68	44005.19
309.75	43973.53
309.81	43922.89
309.88	43864.12
309.94	43802.82
310.00	43732.95
310.07	43669.37
310.13	43607.34
310.20	43521.03
310.26	43436.34
310.33	43344.67
310.39	43251.96
310.46	43151.23
310.52	43030.75
310.59	42875.69
310.65	42693.54
310.72	42474.54
310.78	42263.66
310.85	42107.30
310.91	42023.28
310.97	42002.70
311.04	42042.00
311.10	42093.56
311.17	42137.08
311.23	42166.24
311.30	42195.66
311.36	42223.29
311.43	42257.22
311.49	42314.43
311.56	42356.92
311.62	42400.48
311.69	42431.56
311.75	42461.80
311.81	42450.59
311.88	42429.94
311.94	42384.03
312.01	42339.15
312.07	42271.01
312.14	42229.90
312.20	42183.39
312.27	42139.25
312.33	42083.58
312.40	42030.35
312.46	41958.87
312.52	41895.48
312.59	41811.89
312.65	41723.04
312.72	41637.85
312.78	41537.67
312.85	41418.68
312.91	41293.99
312.98	41164.61
313.04	41016.43
313.10	40867.00
313.17	40740.29
313.23	40652.09
313.30	40588.76
313.36	40556.11
313.43	40570.40
313.49	40611.10
313.56	40636.98
313.62	40670.57
313.68	40706.80
313.75	40720.42
313.81	40710.87
313.88	40695.96
313.94	40671.31
314.01	40637.38
314.07	40603.70
314.13	40582.64
314.20	40569.87
314.26	40545.58
314.33	40522.69
314.39	40502.57
314.46	40440.50
314.52	40377.91
314.58	40298.88
314.65	40205.85
314.71	40107.51
314.78	40032.40
314.84	39949.34
314.91	39888.47
314.97	39834.26
315.03	39787.33
315.10	39744.10
315.16	39685.73
315.23	39617.05
315.29	39543.47
315.36	39465.15
315.42	39397.99
315.48	39344.89
315.55	39301.33
315.61	39253.57
315.68	39204.59
315.74	39139.35
315.81	39081.04
315.87	39021.37
315.93	39007.21
316.00	39010.05
316.06	39024.73
316.13	39038.99
316.19	39042.13
316.25	38989.50
316.32	38876.99
316.38	38723.21
316.45	38535.51
316.51	38321.89
316.58	38081.98
316.64	37839.38
316.70	37600.60
316.77	37343.61
316.83	37079.23
316.90	36829.97
316.96	36573.13
317.02	36313.80
317.09	36066.60
317.15	35819.35
317.22	35550.68
317.28	35292.80
317.34	35028.79
317.41	34764.83
317.47	34510.33
317.54	34276.06
317.60	34027.44
317.66	33780.61
317.73	33529.74
317.79	33264.63
317.86	32995.26
317.92	32733.89
317.98	32461.30
318.05	32180.06
318.11	31902.04
318.18	31626.41
318.24	31344.65
318.30	31072.06
318.37	30797.56
318.43	30520.41
318.50	30244.86
318.56	29973.63
318.62	29706.11
318.69	29450.50
318.75	29192.33
318.82	28921.90
318.88	28656.33
318.94	28386.98
319.01	28111.00
319.07	27852.19
319.13	27583.97
319.20	27310.50
319.26	27027.78
319.33	26746.24
319.39	26436.56
319.45	26145.12
319.52	25846.61
319.58	25545.65
319.65	25247.82
319.71	24963.12
319.77	24667.71
319.84	24388.92
319.90	24109.63
319.96	23835.71
320.03	23553.48
320.09	23277.59
320.16	22986.05
320.22	22703.33
320.28	22410.45
320.35	22123.96
320.41	21840.48
320.47	21568.24
320.54	21287.60
320.60	21019.06
320.67	20755.47
320.73	20481.73
320.79	20205.38
320.86	19934.26
320.92	19637.55
320.98	19336.74
321.05	19031.90
321.11	18725.39
321.18	18422.29
321.24	18137.78
321.30	17856.87
321.37	17584.79
321.43	17319.76
321.49	17050.17
321.56	16776.81
321.62	16509.58
321.68	16229.37
321.75	15940.78
321.81	15652.48
321.88	15365.42
321.94	15072.68
322.00	14792.16
322.07	14516.54
322.13	14232.61
322.19	13951.07
322.26	13675.85
322.32	13394.22
322.38	13110.97
322.45	12838.46
322.51	12563.44
322.58	12289.61
322.64	12014.96
322.70	11742.87
322.77	11471.21
322.83	11203.72
322.89	10928.48
322.96	10654.64
323.02	10390.64
323.08	10116.96
323.15	9849.12
323.21	9587.89
323.27	9329.25
323.34	9068.08
323.40	8821.47
323.46	8567.70
323.53	8201.61
323.59	7082.94
323.65	5480.20
323.72	3797.48
323.78	2170.01
323.85	702.34
323.91	44.30
323.97	-81.32
324.04	-81.82
