180.21	3368.30
180.28	-116.97
180.36	625.16
180.44	-41.80
180.51	-12.45
180.59	9.92
180.66	36.91
180.74	33.12
180.81	31.10
180.89	33.17
180.97	33.57
181.04	31.18
181.12	30.21
181.19	30.20
181.27	30.36
181.34	49.09
181.42	56.03
181.50	63.55
181.57	75.84
181.65	82.31
181.72	74.90
181.80	69.78
181.87	70.10
181.95	69.75
182.03	67.99
182.10	70.57
182.18	72.42
182.25	77.48
182.33	77.00
182.40	84.07
182.48	79.22
182.55	91.12
182.63	95.87
182.71	98.81
182.78	100.26
182.86	106.85
182.93	103.43
183.01	105.97
183.08	105.96
183.16	111.38
183.23	107.31
183.31	112.42
183.39	111.79
183.46	121.31
183.54	115.88
183.61	123.99
183.69	126.93
183.76	135.77
183.84	134.89
183.91	136.72
183.99	145.89
184.06	146.98
184.14	149.42
184.22	154.04
184.29	157.41
184.37	154.90
184.44	149.85
184.52	139.17
184.59	135.67
184.67	139.35
184.74	133.55
184.82	145.51
184.89	157.11
184.97	165.31
185.04	171.70
185.12	180.12
185.20	187.56
185.27	196.24
185.35	205.74
185.42	205.11
185.50	216.84
185.57	216.81
185.65	220.28
185.72	218.63
185.80	226.92
185.87	223.99
185.95	220.87
186.02	222.04
186.10	220.31
186.17	219.40
186.25	219.63
186.33	214.06
186.40	206.72
186.48	208.17
186.55	211.81
186.63	213.49
186.70	239.22
186.78	254.65
186.85	270.94
186.93	281.15
187.00	294.99
187.08	290.14
187.15	296.42
187.23	297.92
187.30	301.68
187.38	310.94
187.45	325.67
187.53	336.03
187.60	341.94
187.68	351.48
187.75	360.38
187.83	367.52
187.90	366.20
187.98	367.34
188.05	369.11
188.13	355.19
188.21	336.19
188.28	336.58
188.36	332.74
188.43	330.53
188.51	343.08
188.58	365.94
188.66	366.15
188.73	376.72
188.81	394.26
188.88	401.83
188.96	409.65
189.03	435.14
189.11	459.96
189.18	472.67
189.26	491.47
189.33	515.94
189.41	541.07
189.48	559.17
189.56	579.89
189.63	597.57
189.71	594.30
189.78	570.81
189.86	545.50
189.93	524.21
190.01	495.41
190.08	479.39
190.16	467.79
190.23	454.63
190.31	447.94
190.38	444.79
190.46	450.55
190.53	472.40
190.61	512.69
190.68	538.39
190.76	583.88
190.83	617.34
190.91	641.19
190.98	651.11
191.06	668.89
191.13	676.36
191.21	679.26
191.28	674.85
191.35	670.51
191.43	659.69
191.50	640.91
191.58	633.14
191.65	639.03
191.73	646.03
191.80	657.64
191.88	663.12
191.95	667.90
192.03	671.99
192.10	681.32
192.18	695.40
192.25	719.93
192.33	735.52
192.40	740.89
192.48	738.23
192.55	730.45
192.63	713.76
192.70	705.71
192.78	704.33
192.85	715.71
192.93	720.94
193.00	715.41
193.08	695.89
193.15	678.33
193.22	663.17
193.30	660.78
193.37	695.46
193.45	735.49
193.52	785.74
193.60	839.69
193.67	885.49
193.75	914.93
193.82	948.20
193.90	963.15
193.97	961.76
194.05	952.57
194.12	929.04
194.20	901.39
194.27	869.48
194.34	826.58
194.42	785.81
194.49	763.05
194.57	745.81
194.64	728.71
194.72	722.13
194.79	728.12
194.87	741.12
194.94	778.22
195.02	836.03
195.09	906.92
195.17	981.36
195.24	1046.91
195.31	1093.79
195.39	1125.51
195.46	1144.74
195.54	1158.05
195.61	1157.42
195.69	1138.85
195.76	1108.31
195.84	1058.76
195.91	969.02
195.99	873.28
196.06	788.95
196.13	732.98
196.21	710.30
196.28	739.03
196.36	805.75
196.43	889.25
196.51	974.21
196.58	1058.45
196.66	1133.29
196.73	1185.98
196.80	1220.00
196.88	1240.66
196.95	1252.88
197.03	1252.64
197.10	1234.28
197.18	1204.21
197.25	1147.08
197.33	1061.01
197.40	967.59
197.47	874.04
197.55	801.63
197.62	760.32
197.70	756.62
197.77	783.32
197.85	845.93
197.92	918.28
197.99	1007.32
198.07	1105.30
198.14	1199.52
198.22	1289.87
198.29	1366.00
198.37	1424.18
198.44	1465.18
198.51	1483.39
198.59	1474.21
198.66	1448.12
198.74	1389.02
198.81	1291.38
198.89	1166.76
198.96	1047.45
199.03	934.62
199.11	857.66
199.18	825.08
199.26	847.73
199.33	905.93
199.41	998.83
199.48	1101.39
199.55	1216.44
199.63	1316.52
199.70	1410.62
199.78	1489.09
199.85	1562.81
199.93	1620.69
200.00	1678.94
200.07	1703.48
200.15	1701.08
200.22	1662.31
200.30	1573.66
200.37	1433.28
200.44	1256.25
200.52	1090.59
200.59	966.37
200.67	899.48
200.74	895.91
200.81	960.29
200.89	1052.79
200.96	1157.64
201.04	1262.45
201.11	1382.54
201.19	1506.13
201.26	1617.14
201.33	1710.11
201.41	1791.01
201.48	1841.69
201.56	1860.12
201.63	1861.63
201.70	1817.84
201.78	1731.84
201.85	1601.06
201.93	1447.96
202.00	1294.54
202.07	1174.34
202.15	1082.03
202.22	1042.46
202.30	1062.53
202.37	1121.01
202.44	1215.17
202.52	1355.11
202.59	1513.15
202.67	1660.14
202.74	1797.67
202.81	1922.56
202.89	2032.98
202.96	2140.07
203.04	2242.08
203.11	2315.35
203.18	2357.71
203.26	2354.24
203.33	2286.06
203.41	2153.26
203.48	1964.79
203.55	1712.12
203.63	1472.34
203.70	1295.46
203.77	1203.80
203.85	1209.99
203.92	1318.27
204.00	1491.55
204.07	1674.79
204.14	1860.67
204.22	2040.43
204.29	2224.71
204.37	2380.61
204.44	2521.83
204.51	2634.54
204.59	2710.01
204.66	2733.23
204.73	2724.25
204.81	2663.28
204.88	2556.10
204.96	2387.28
205.03	2159.41
205.10	1907.43
205.18	1690.23
205.25	1515.80
205.32	1420.57
205.40	1434.13
205.47	1527.44
205.55	1671.53
205.62	1869.51
205.69	2110.02
205.77	2360.88
205.84	2602.42
205.91	2821.90
205.99	3012.25
206.06	3170.47
206.14	3314.86
206.21	3455.36
206.28	3562.09
206.36	3632.58
206.43	3638.61
206.50	3566.92
206.58	3386.41
206.65	3111.27
206.72	2739.86
206.80	2357.76
206.87	2028.63
206.95	1823.93
207.02	1780.99
207.09	1907.46
207.17	2149.02
207.24	2442.66
207.31	2750.72
207.39	3052.66
207.46	3347.02
207.53	3624.14
207.61	3895.46
207.68	4138.55
207.75	4363.61
207.83	4544.67
207.90	4673.39
207.98	4721.37
208.05	4697.16
208.12	4562.67
208.20	4324.64
208.27	3978.13
208.34	3540.57
208.42	3082.47
208.49	2711.97
208.56	2464.61
208.64	2392.70
208.71	2492.66
208.78	2707.71
208.86	2984.07
208.93	3303.94
209.00	3639.50
209.08	3998.43
209.15	4372.75
209.22	4734.57
209.30	5070.31
209.37	5370.04
209.44	5637.62
209.52	5859.00
209.59	6016.92
209.67	6105.03
209.74	6094.97
209.81	5964.51
209.89	5683.81
209.96	5253.79
210.03	4715.92
210.11	4191.20
210.18	3729.12
210.25	3408.33
210.33	3301.50
210.40	3410.02
210.47	3664.45
210.55	4035.60
210.62	4474.47
210.69	4929.04
210.77	5381.52
210.84	5807.79
210.91	6209.60
210.99	6578.23
211.06	6934.96
211.13	7271.79
211.21	7580.49
211.28	7824.45
211.35	7999.18
211.42	8033.63
211.50	7907.05
211.57	7600.46
211.64	7124.75
211.72	6484.60
211.79	5802.27
211.86	5237.04
211.94	4915.28
212.01	4850.07
212.08	5069.74
212.16	5483.07
212.23	5952.63
212.30	6387.13
212.38	6786.41
212.45	7153.55
212.52	7498.91
212.60	7827.30
212.67	8176.41
212.74	8546.76
212.82	8924.19
212.89	9299.16
212.96	9633.32
213.03	9860.33
213.11	9951.46
213.18	9861.10
213.25	9590.45
213.33	9124.31
213.40	8508.20
213.47	7898.15
213.55	7402.37
213.62	7071.02
213.69	6989.16
213.77	7181.42
213.84	7524.41
213.91	7960.89
213.98	8437.51
214.06	8883.20
214.13	9275.94
214.20	9620.79
214.28	9969.37
214.35	10350.10
214.42	10784.83
214.50	11257.29
214.57	11742.22
214.64	12174.82
214.72	12511.78
214.79	12728.55
214.86	12803.05
214.93	12711.47
215.01	12435.10
215.08	11947.23
215.15	11278.33
215.23	10510.61
215.30	9867.27
215.37	9497.16
215.44	9494.00
215.52	9849.74
215.59	10476.80
215.66	11184.59
215.74	11840.24
215.81	12405.86
215.88	12918.11
215.95	13401.38
216.03	13882.03
216.10	14339.84
216.17	14775.88
216.25	15148.76
216.32	15449.33
216.39	15650.26
216.46	15783.99
216.54	15849.83
216.61	15830.53
216.68	15687.07
216.76	15406.18
216.83	14932.21
216.90	14263.05
216.97	13572.88
217.05	13033.73
217.12	12752.15
217.19	12818.81
217.27	13249.45
217.34	13922.14
217.41	14692.81
217.48	15473.89
217.56	16209.69
217.63	16873.86
217.70	17425.97
217.78	17884.33
217.85	18255.72
217.92	18563.68
217.99	18821.17
218.07	19036.93
218.14	19238.52
218.21	19453.14
218.28	19657.43
218.36	19830.72
218.43	19927.03
218.50	19870.48
218.57	19582.82
218.65	19041.62
218.72	18274.69
218.79	17476.70
218.87	16843.73
218.94	16523.24
219.01	16613.98
219.08	17114.06
219.16	17876.87
219.23	18714.93
219.30	19522.36
219.37	20226.03
219.45	20840.45
219.52	21370.04
219.59	21859.73
219.66	22319.20
219.74	22751.10
219.81	23164.34
219.88	23534.39
219.95	23876.53
220.03	24185.76
220.10	24441.73
220.17	24589.07
220.24	24623.25
220.32	24459.13
220.39	24078.13
220.46	23488.52
220.53	22741.49
220.61	21994.11
220.68	21457.22
220.75	21243.64
220.82	21392.94
220.90	21858.96
220.97	22493.47
221.04	23142.65
221.11	23731.91
221.19	24249.60
221.26	24732.56
221.33	25213.12
221.40	25694.63
221.48	26166.94
221.55	26637.15
221.62	27071.89
221.69	27482.16
221.77	27852.81
221.84	28162.52
221.91	28397.39
221.98	28554.20
222.06	28590.81
222.13	28519.12
222.20	28332.63
222.27	28036.91
222.35	27645.38
222.42	27263.38
222.49	26980.43
222.56	26844.77
222.63	26861.43
222.71	27032.66
222.78	27296.24
222.85	27568.31
222.92	27852.90
223.00	28162.24
223.07	28509.78
223.14	28883.73
223.21	29298.14
223.29	29726.20
223.36	30161.10
223.43	30599.09
223.50	31016.19
223.57	31394.30
223.65	31703.27
223.72	31932.95
223.79	32064.82
223.86	32091.54
223.94	32046.54
224.01	31964.36
224.08	31854.46
224.15	31736.79
224.22	31626.99
224.30	31524.09
224.37	31471.66
224.44	31492.24
224.51	31578.00
224.59	31743.48
224.66	31981.52
224.73	32238.71
224.80	32504.67
224.87	32776.34
224.95	33075.18
225.02	33382.10
225.09	33705.59
225.16	34015.12
225.23	34328.70
225.31	34602.55
225.38	34826.87
225.45	34999.47
225.52	35117.87
225.60	35162.61
225.67	35140.42
225.74	35042.84
225.81	34892.66
225.88	34746.50
225.96	34685.63
226.03	34698.11
226.10	34809.71
226.17	34998.08
226.24	35236.87
226.32	35455.77
226.39	35689.41
226.46	35921.95
226.53	36175.17
226.60	36422.38
226.68	36676.39
226.75	36907.85
226.82	37123.25
226.89	37308.06
226.96	37460.97
227.04	37579.38
227.11	37683.02
227.18	37778.32
227.25	37868.52
227.32	37955.44
227.40	38015.15
227.47	38054.58
227.54	38060.00
227.61	37998.62
227.68	37878.27
227.76	37745.16
227.83	37646.58
227.90	37630.36
227.97	37711.69
228.04	37894.98
228.11	38130.77
228.19	38370.02
228.26	38593.54
228.33	38786.39
228.40	38964.50
228.47	39145.64
228.55	39308.94
228.62	39450.35
228.69	39595.04
228.76	39709.96
228.83	39800.46
228.90	39910.95
228.98	40022.49
229.05	40145.52
229.12	40291.99
229.19	40443.10
229.26	40586.04
229.34	40691.17
229.41	40766.14
229.48	40806.49
229.55	40815.85
229.62	40782.81
229.69	40735.85
229.77	40667.32
229.84	40611.94
229.91	40590.29
229.98	40606.39
230.05	40678.33
230.12	40804.10
230.20	40958.38
230.27	41121.59
230.34	41279.11
230.41	41432.68
230.48	41552.57
230.55	41649.47
230.63	41739.11
230.70	41829.79
230.77	41885.63
230.84	41951.07
230.91	42015.20
230.98	42066.27
231.06	42133.94
231.13	42226.02
231.20	42329.86
231.27	42440.67
231.34	42554.22
231.41	42656.02
231.49	42750.73
231.56	42827.10
231.63	42887.44
231.70	42931.05
231.77	42946.49
231.84	42956.45
231.92	42955.17
231.99	42959.46
232.06	42992.31
232.13	43048.81
232.20	43120.44
232.27	43207.72
232.34	43286.94
232.42	43337.93
232.49	43373.32
232.56	43405.15
232.63	43446.62
232.70	43489.29
232.77	43543.59
232.85	43596.98
232.92	43652.86
232.99	43701.32
233.06	43756.84
233.13	43815.57
233.20	43882.79
233.27	43937.26
233.35	43985.88
233.42	44023.43
233.49	44066.73
233.56	44109.94
233.63	44162.81
233.70	44208.86
233.77	44263.68
233.85	44312.64
233.92	44365.53
233.99	44410.30
234.06	44457.99
234.13	44503.42
234.20	44553.67
234.27	44587.94
234.35	44613.17
234.42	44642.82
234.49	44663.74
234.56	44677.00
234.63	44675.81
234.70	44685.89
234.77	44677.30
234.84	44671.04
234.92	44647.92
234.99	44654.67
235.06	44674.47
235.13	44701.18
235.20	44736.39
235.27	44791.48
235.34	44828.90
235.41	44864.08
235.49	44907.19
235.56	44937.61
235.63	44965.68
235.70	44997.41
235.77	45002.90
235.84	45007.75
235.91	45018.60
235.98	45019.05
236.06	45023.08
236.13	45036.50
236.20	45053.33
236.27	45058.86
236.34	45066.98
236.41	45076.59
236.48	45085.41
236.55	45094.62
236.63	45106.11
236.70	45120.10
236.77	45121.68
236.84	45140.58
236.91	45167.33
236.98	45189.75
237.05	45222.35
237.12	45255.19
237.19	45261.39
237.27	45258.57
237.34	45261.05
237.41	45257.63
237.48	45252.73
237.55	45249.95
237.62	45249.18
237.69	45263.53
237.76	45278.17
237.83	45299.85
237.91	45332.03
237.98	45345.75
238.05	45352.23
238.12	45357.14
238.19	45372.04
238.26	45389.00
238.33	45410.25
238.40	45415.87
238.47	45414.95
238.54	45414.22
238.62	45403.94
238.69	45387.17
238.76	45388.72
238.83	45382.77
238.90	45378.34
238.97	45376.36
239.04	45394.73
239.11	45418.02
239.18	45453.32
239.25	45478.00
239.33	45483.17
239.40	45478.51
239.47	45456.95
239.54	45426.54
239.61	45388.67
239.68	45366.59
239.75	45346.73
239.82	45326.83
239.89	45316.91
239.96	45322.35
240.03	45321.87
240.11	45318.83
240.18	45336.59
240.25	45357.47
240.32	45371.81
240.39	45390.86
240.46	45417.66
240.53	45457.88
240.60	45485.95
240.67	45518.50
240.74	45551.21
240.81	45594.13
240.88	45607.49
240.96	45618.48
241.03	45626.25
241.10	45634.98
241.17	45637.33
241.24	45644.60
241.31	45658.05
241.38	45663.52
241.45	45658.52
241.52	45647.92
241.59	45627.32
241.66	45627.32
241.73	45633.29
241.80	45659.71
241.88	45684.74
241.95	45716.62
242.02	45719.46
242.09	45717.69
242.16	45705.62
242.23	45707.85
242.30	45716.38
242.37	45729.47
242.44	45762.81
242.51	45774.68
242.58	45774.50
242.65	45768.71
242.72	45781.49
242.79	45769.56
242.87	45799.93
242.94	45820.06
243.01	45847.35
243.08	45872.26
243.15	45905.36
243.22	45925.84
243.29	45963.89
243.36	45988.37
243.43	46021.14
243.50	46061.99
243.57	46103.61
243.64	46127.48
243.71	46153.90
243.78	46173.33
243.85	46182.76
243.92	46182.63
243.99	46187.92
244.07	46199.72
244.14	46207.50
244.21	46222.44
244.28	46252.34
244.35	46273.10
244.42	46299.59
244.49	46309.68
244.56	46323.24
244.63	46336.53
244.70	46346.03
244.77	46350.75
244.84	46380.85
244.91	46409.48
244.98	46430.85
245.05	46457.09
245.12	46500.60
245.19	46530.91
245.26	46559.14
245.33	46589.29
245.40	46630.13
245.47	46667.63
245.55	46706.20
245.62	46742.89
245.69	46780.62
245.76	46839.70
245.83	46894.04
245.90	46955.42
245.97	47016.20
246.04	47078.51
246.11	47115.72
246.18	47137.46
246.25	47146.05
246.32	47145.60
246.39	47146.30
246.46	47166.59
246.53	47203.78
246.60	47244.83
246.67	47309.05
246.74	47383.06
246.81	47449.05
246.88	47504.20
246.95	47558.46
247.02	47596.75
247.09	47625.86
247.16	47639.26
247.23	47653.85
247.30	47670.11
247.37	47679.84
247.44	47700.61
247.51	47728.51
247.58	47760.00
247.66	47799.04
247.73	47862.85
247.80	47914.73
247.87	47975.46
247.94	48042.48
248.01	48117.05
248.08	48178.66
248.15	48235.11
248.22	48288.46
248.29	48342.65
248.36	48375.80
248.43	48417.95
248.50	48469.09
248.57	48518.67
248.64	48577.61
248.71	48649.32
248.78	48725.28
248.85	48781.62
248.92	48840.76
248.99	48877.45
249.06	48906.02
249.13	48904.82
249.20	48936.57
249.27	48967.51
249.34	49004.73
249.41	49036.44
249.48	49076.72
249.55	49081.26
249.62	49090.65
249.69	49083.20
249.76	49093.17
249.83	49122.08
249.90	49189.40
249.97	49258.01
250.04	49359.73
250.11	49469.16
250.18	49566.34
250.25	49624.60
250.32	49665.80
250.39	49697.68
250.46	49725.93
250.53	49765.63
250.60	49825.28
250.67	49912.25
250.74	49994.77
250.81	50042.79
250.88	50084.63
250.95	50125.80
251.02	50152.16
251.09	50146.61
251.16	50167.12
251.23	50181.05
251.30	50204.20
251.37	50220.56
251.44	50261.58
251.51	50324.11
251.58	50389.63
251.65	50447.97
251.72	50514.44
251.79	50600.09
251.86	50653.36
251.93	50706.64
252.00	50743.72
252.07	50778.54
252.14	50794.81
252.21	50818.43
252.28	50847.33
252.35	50876.33
252.42	50922.93
252.49	50974.79
252.56	51025.87
252.63	51078.52
252.70	51153.11
252.77	51204.60
252.84	51264.41
252.91	51314.42
252.98	51353.59
253.05	51376.42
253.12	51389.67
253.19	51399.38
253.25	51426.29
253.32	51451.82
253.39	51491.24
253.46	51533.22
253.53	51561.11
253.60	51568.03
253.67	51583.72
253.74	51597.60
253.81	51618.83
253.88	51652.67
253.95	51711.37
254.02	51749.50
254.09	51794.89
254.16	51845.06
254.23	51883.27
254.30	51911.35
254.37	51954.35
254.44	51990.69
254.51	52016.57
254.58	52038.62
254.65	52072.09
254.72	52112.46
254.79	52127.54
254.86	52148.50
254.93	52174.16
255.00	52190.76
255.07	52212.82
255.14	52264.49
255.21	52296.70
255.28	52301.74
255.34	52279.59
255.41	52233.22
255.48	52175.69
255.55	52137.81
255.62	52136.53
255.69	52159.53
255.76	52183.86
255.83	52218.91
255.90	52268.45
255.97	52332.09
256.04	52382.92
256.11	52460.38
256.18	52531.39
256.25	52593.56
256.32	52652.21
256.39	52721.28
256.46	52787.57
256.53	52838.16
256.60	52897.52
256.67	52933.69
256.74	52962.85
256.80	52960.19
256.87	52947.20
256.94	52913.62
257.01	52889.06
257.08	52882.95
257.15	52901.95
257.22	52917.63
257.29	52907.38
257.36	52866.84
257.43	52784.53
257.50	52691.19
257.57	52617.75
257.64	52600.25
257.71	52615.91
257.78	52684.26
257.85	52769.32
257.92	52875.64
257.98	52963.17
258.05	53026.50
258.12	53036.39
258.19	52998.82
258.26	52912.41
258.33	52803.46
258.40	52725.43
258.47	52672.61
258.54	52663.80
258.61	52695.30
258.68	52769.99
258.75	52831.03
258.82	52914.03
258.89	52981.22
258.95	53029.29
259.02	53036.55
259.09	53019.81
259.16	52966.56
259.23	52917.26
259.30	52875.80
259.37	52844.36
259.44	52838.83
259.51	52851.97
259.58	52864.35
259.65	52859.94
259.72	52850.60
259.79	52819.17
259.85	52771.35
259.92	52728.15
259.99	52714.53
260.06	52727.97
260.13	52747.88
260.20	52769.98
260.27	52777.52
260.34	52758.96
260.41	52723.24
260.48	52701.51
260.55	52692.89
260.62	52680.98
260.68	52655.40
260.75	52617.04
260.82	52579.75
260.89	52560.46
260.96	52546.96
261.03	52558.36
261.10	52551.42
261.17	52520.23
261.24	52434.67
261.31	52343.72
261.38	52233.06
261.44	52142.74
261.51	52071.70
261.58	52048.22
261.65	52063.93
261.72	52107.61
261.79	52151.91
261.86	52189.46
261.93	52190.84
262.00	52152.67
262.07	52072.80
262.13	51994.07
262.20	51935.76
262.27	51901.50
262.34	51894.00
262.41	51911.69
262.48	51949.93
262.55	51985.48
262.62	52011.55
262.69	52011.57
262.76	52005.37
262.82	51982.87
262.89	51960.96
262.96	51946.27
263.03	51935.64
263.10	51942.88
263.17	51934.51
263.24	51917.99
263.31	51912.04
263.38	51931.27
263.44	51962.94
263.51	52002.45
263.58	52014.81
263.65	51970.01
263.72	51859.47
263.79	51703.53
263.86	51560.49
263.93	51453.95
264.00	51410.44
264.06	51429.61
264.13	51454.39
264.20	51458.03
264.27	51410.99
264.34	51315.36
264.41	51195.05
264.48	51092.88
264.55	50984.44
264.61	50877.01
264.68	50786.43
264.75	50708.23
264.82	50622.47
264.89	50577.31
264.96	50578.88
265.03	50608.30
265.10	50640.40
265.16	50676.59
265.23	50666.79
265.30	50632.30
265.37	50562.82
265.44	50493.84
265.51	50449.49
265.58	50438.12
265.65	50481.08
265.71	50543.65
265.78	50618.66
265.85	50630.02
265.92	50585.19
265.99	50460.91
266.06	50322.43
266.13	50148.46
266.20	50020.77
266.26	49940.90
266.33	49896.14
266.40	49860.43
266.47	49834.85
266.54	49806.00
266.61	49789.50
266.68	49787.18
266.74	49795.06
266.81	49764.21
266.88	49686.97
266.95	49546.71
267.02	49403.82
267.09	49283.32
267.16	49232.63
267.22	49247.77
267.29	49333.59
267.36	49428.63
267.43	49499.97
267.50	49525.46
267.57	49515.40
267.64	49443.39
267.70	49334.59
267.77	49221.39
267.84	49138.32
267.91	49098.37
267.98	49123.35
268.05	49179.71
268.11	49228.19
268.18	49245.88
268.25	49191.01
268.32	49051.23
268.39	48849.65
268.46	48610.75
268.53	48349.55
268.59	48126.70
268.66	47973.40
268.73	47883.56
268.80	47889.37
268.87	47968.05
268.94	48088.97
269.00	48238.47
269.07	48380.26
269.14	48472.17
269.21	48493.05
269.28	48452.07
269.35	48350.95
269.41	48252.20
269.48	48177.23
269.55	48168.54
269.62	48194.60
269.69	48246.45
269.76	48268.85
269.82	48246.76
269.89	48193.01
269.96	48121.71
270.03	48017.18
270.10	47904.34
270.17	47781.88
270.23	47676.29
270.30	47579.85
270.37	47553.09
270.44	47567.39
270.51	47614.33
270.58	47644.09
270.64	47661.04
270.71	47655.80
270.78	47659.98
270.85	47669.19
270.92	47682.97
270.99	47701.19
271.05	47669.48
271.12	47579.63
271.19	47449.69
271.26	47304.63
271.33	47187.46
271.39	47104.18
271.46	47035.19
271.53	46985.74
271.60	46952.18
271.67	46891.31
271.74	46826.58
271.80	46768.11
271.87	46725.56
271.94	46674.80
272.01	46629.12
272.08	46582.10
272.14	46551.28
272.21	46514.73
272.28	46483.29
272.35	46450.94
272.42	46441.72
272.48	46444.18
272.55	46452.12
272.62	46452.60
272.69	46443.64
272.76	46415.00
272.83	46370.90
272.89	46335.61
272.96	46309.41
273.03	46296.82
273.10	46286.06
273.17	46269.45
273.23	46228.09
273.30	46153.48
273.37	46025.52
273.44	45855.25
273.51	45692.99
273.57	45555.41
273.64	45476.52
273.71	45471.40
273.78	45522.82
273.85	45588.93
273.91	45665.94
273.98	45771.38
274.05	45906.67
274.12	46074.44
274.19	46253.64
274.25	46415.77
274.32	46505.58
274.39	46519.59
274.46	46450.52
274.53	46304.71
274.59	46110.14
274.66	45911.55
274.73	45738.69
274.80	45581.79
274.86	45473.25
274.93	45416.60
275.00	45397.98
275.07	45365.91
275.14	45351.26
275.20	45331.43
275.27	45319.06
275.34	45289.09
275.41	45277.01
275.48	45276.90
275.54	45300.31
275.61	45328.68
275.68	45367.64
275.75	45395.05
275.81	45396.90
275.88	45392.98
275.95	45395.18
276.02	45412.27
276.09	45442.18
276.15	45483.65
276.22	45506.98
276.29	45474.41
276.36	45365.39
276.42	45198.10
276.49	45007.75
276.56	44805.64
276.63	44652.85
276.70	44566.69
276.76	44567.34
276.83	44622.89
276.90	44724.83
276.97	44806.80
277.03	44860.47
277.10	44843.11
277.17	44761.99
277.24	44652.01
277.30	44565.36
277.37	44533.96
277.44	44567.18
277.51	44653.73
277.58	44741.45
277.64	44801.70
277.71	44783.91
277.78	44686.88
277.85	44512.57
277.91	44304.45
277.98	44094.74
278.05	43918.75
278.12	43807.98
278.18	43767.52
278.25	43803.37
278.32	43889.95
278.39	44022.77
278.45	44190.73
278.52	44374.73
278.59	44548.73
278.66	44689.08
278.72	44773.20
278.79	44738.43
278.86	44594.77
278.93	44353.87
278.99	44050.10
279.06	43752.01
279.13	43560.76
279.20	43519.23
279.26	43611.37
279.33	43800.10
279.40	44038.60
279.47	44267.01
279.53	44415.63
279.60	44426.03
279.67	44270.03
279.74	43952.77
279.80	43556.85
279.87	43184.64
279.94	42900.57
280.01	42776.66
280.07	42808.64
280.14	42917.12
280.21	43028.14
280.28	43144.00
280.34	43236.24
280.41	43316.18
280.48	43387.48
280.55	43454.29
280.61	43501.60
280.68	43548.29
280.75	43568.91
280.82	43607.80
280.88	43652.26
280.95	43683.99
281.02	43670.01
281.08	43606.36
281.15	43488.80
281.22	43336.74
281.29	43173.55
281.35	42988.01
281.42	42796.44
281.49	42583.19
281.56	42370.27
281.62	42195.73
281.69	42067.54
281.76	41995.01
281.82	41953.41
281.89	41945.86
281.96	41948.12
282.03	41978.74
282.09	42037.68
282.16	42134.49
282.23	42252.17
282.30	42381.16
282.36	42540.67
282.43	42700.33
282.50	42851.40
282.56	42957.20
282.63	43029.28
282.70	43083.60
282.77	43138.35
282.83	43179.64
282.90	43234.76
282.97	43263.15
283.03	43169.83
283.10	42938.78
283.17	42604.86
283.24	42213.47
283.30	41823.41
283.37	41543.01
283.44	41394.88
283.50	41371.41
283.57	41425.22
283.64	41516.74
283.71	41612.43
283.77	41709.62
283.84	41801.23
283.91	41881.97
283.97	41983.19
284.04	42104.81
284.11	42219.12
284.18	42326.99
284.24	42417.87
284.31	42452.89
284.38	42421.96
284.44	42365.71
284.51	42311.95
284.58	42279.33
284.64	42251.23
284.71	42218.59
284.78	42149.60
284.85	42032.23
284.91	41890.14
284.98	41757.69
285.05	41610.20
285.11	41451.57
285.18	41258.65
285.25	41028.15
285.31	40808.81
285.38	40653.06
285.45	40600.66
285.52	40664.48
285.58	40824.92
285.65	41018.80
285.72	41212.99
285.78	41388.56
285.85	41538.62
285.92	41667.68
285.98	41795.54
286.05	41938.44
286.12	42084.86
286.18	42226.58
286.25	42357.32
286.32	42469.46
286.39	42540.14
286.45	42546.00
286.52	42453.60
286.59	42254.53
286.65	41941.12
286.72	41560.88
286.79	41181.07
286.85	40867.82
286.92	40653.56
286.99	40544.83
287.05	40517.49
287.12	40567.51
287.19	40658.36
287.25	40784.86
287.32	40923.62
287.39	41068.91
287.45	41179.95
287.52	41283.57
287.59	41378.68
287.65	41473.56
287.72	41569.33
287.79	41682.32
287.86	41784.85
287.92	41868.48
287.99	41957.49
288.06	42030.58
288.12	42089.02
288.19	42161.43
288.26	42226.36
288.32	42261.13
288.39	42276.56
288.46	42249.85
288.52	42163.30
288.59	41994.07
288.66	41739.08
288.72	41424.69
288.79	41097.95
288.86	40777.18
288.92	40556.85
288.99	40462.41
289.06	40514.33
289.12	40650.98
289.19	40873.75
289.26	41138.58
289.32	41428.08
289.39	41705.89
289.45	41972.92
289.52	42190.83
289.59	42350.17
289.65	42424.21
289.72	42415.27
289.79	42380.30
289.85	42330.06
289.92	42239.91
289.99	42148.73
290.05	42024.58
290.12	41855.03
290.19	41697.55
290.25	41577.80
290.32	41513.80
290.39	41521.09
290.45	41560.04
290.52	41569.21
290.59	41518.48
290.65	41358.70
290.72	41131.84
290.79	40924.92
290.85	40809.58
290.92	40838.74
290.98	40997.54
291.05	41253.13
291.12	41544.45
291.18	41823.20
291.25	42060.06
291.32	42276.44
291.38	42480.37
291.45	42674.55
291.52	42845.98
291.58	42956.62
291.65	43017.27
291.72	43007.44
291.78	42909.01
291.85	42728.23
291.91	42519.10
291.98	42342.74
292.05	42169.39
292.11	42004.06
292.18	41845.84
292.25	41675.35
292.31	41466.41
292.38	41281.44
292.45	41158.61
292.51	41089.04
292.58	41095.62
292.64	41164.61
292.71	41294.00
292.78	41456.90
292.84	41655.74
292.91	41884.38
292.98	42121.21
293.04	42352.02
293.11	42585.48
293.17	42826.13
293.24	43055.12
293.31	43258.25
293.37	43440.43
293.44	43574.40
293.51	43646.08
293.57	43636.89
293.64	43570.24
293.70	43419.87
293.77	43147.28
293.84	42768.54
293.90	42350.92
293.97	41950.12
294.04	41622.95
294.10	41447.27
294.17	41424.88
294.23	41494.00
294.30	41555.18
294.37	41597.30
294.43	41580.76
294.50	41521.25
294.56	41462.64
294.63	41476.62
294.70	41587.89
294.76	41804.81
294.83	42103.92
294.90	42466.44
294.96	42826.56
295.03	43143.83
295.09	43436.63
295.16	43701.73
295.23	43917.06
295.29	44118.94
295.36	44300.43
295.42	44423.18
295.49	44489.98
295.56	44521.26
295.62	44485.34
295.69	44354.58
295.75	44147.76
295.82	43852.39
295.89	43448.93
295.95	43000.51
296.02	42562.26
296.08	42148.51
296.15	41785.28
296.22	41520.57
296.28	41372.52
296.35	41353.29
296.41	41473.48
296.48	41732.91
296.55	42102.07
296.61	42512.87
296.68	42928.91
296.74	43321.99
296.81	43659.01
296.88	43923.90
296.94	44135.61
297.01	44310.79
297.07	44464.94
297.14	44655.14
297.20	44869.32
297.27	45090.33
297.34	45306.20
297.40	45496.01
297.47	45612.10
297.53	45659.56
297.60	45636.94
297.67	45531.60
297.73	45326.85
297.80	44990.77
297.86	44509.40
297.93	43929.95
298.00	43310.50
298.06	42741.71
298.13	42331.63
298.19	42125.42
298.26	42094.68
298.32	42193.48
298.39	42353.42
298.46	42532.11
298.52	42741.16
298.59	42983.12
298.65	43284.42
298.72	43623.04
298.78	43986.80
298.85	44337.95
298.92	44671.01
298.98	44957.82
299.05	45215.69
299.11	45443.38
299.18	45644.30
299.24	45829.18
299.31	45990.46
299.38	46130.80
299.44	46236.37
299.51	46318.93
299.57	46346.07
299.64	46333.03
299.70	46296.11
299.77	46193.56
299.84	45966.66
299.90	45564.27
299.97	44918.80
300.03	44085.63
300.10	43224.26
300.16	42513.74
300.23	42089.51
300.30	42021.86
300.36	42237.62
300.43	42639.30
300.49	43093.48
300.56	43545.18
300.62	43974.44
300.69	44387.12
300.75	44756.51
300.82	45104.62
300.89	45402.07
300.95	45668.29
301.02	45877.28
301.08	46078.51
301.15	46243.97
301.21	46410.82
301.28	46566.39
301.34	46733.12
301.41	46858.56
301.48	46972.76
301.54	47037.06
301.61	47051.65
301.67	47007.11
301.74	46907.80
301.80	46701.97
301.87	46390.11
301.93	45940.78
302.00	45386.43
302.06	44756.85
302.13	44150.12
302.20	43657.32
302.26	43325.02
302.33	43182.63
302.39	43216.51
302.46	43384.44
302.52	43621.84
302.59	43937.19
302.65	44286.67
302.72	44647.56
302.78	45002.69
302.85	45350.91
302.91	45644.35
302.98	45903.61
303.05	46128.89
303.11	46331.90
303.18	46499.38
303.24	46667.15
303.31	46805.79
303.37	46917.35
303.44	47004.36
303.50	47070.46
303.57	47087.95
303.63	47075.37
303.70	47055.38
303.76	47006.34
303.83	46923.67
303.89	46812.16
303.96	46648.04
304.03	46375.72
304.09	45993.47
304.16	45457.26
304.22	44830.32
304.29	44221.22
304.35	43763.19
304.42	43500.45
304.48	43479.57
304.55	43652.99
304.61	43916.97
304.68	44227.04
304.74	44547.38
304.81	44846.57
304.87	45132.86
304.94	45413.57
305.00	45638.16
305.07	45817.67
305.13	45978.13
305.20	46111.18
305.26	46230.91
305.33	46347.06
305.39	46445.24
305.46	46523.72
305.52	46576.62
305.59	46611.38
305.66	46615.94
305.72	46592.19
305.79	46552.44
305.85	46488.61
305.92	46364.68
305.98	46161.35
306.05	45873.72
306.11	45522.37
306.18	45134.91
306.24	44745.45
306.31	44365.05
306.37	44004.95
306.44	43670.34
306.50	43373.96
306.57	43159.67
306.63	43100.98
306.70	43194.92
306.76	43413.79
306.83	43715.34
306.89	44040.29
306.96	44322.14
307.02	44558.54
307.09	44753.95
307.15	44915.66
307.22	45036.17
307.28	45126.59
307.35	45200.68
307.41	45256.22
307.48	45299.60
307.54	45328.46
307.61	45351.77
307.67	45341.69
307.74	45319.41
307.80	45290.98
307.87	45251.52
307.93	45207.89
308.00	45176.03
308.06	45118.03
308.13	45025.37
308.19	44902.49
308.26	44756.67
308.32	44594.26
308.38	44419.94
308.45	44215.00
308.51	43977.86
308.58	43678.33
308.64	43356.78
308.71	43072.56
308.77	42873.59
308.84	42785.50
308.90	42821.64
308.97	42943.56
309.03	43111.53
309.10	43282.43
309.16	43435.51
309.23	43566.26
309.29	43675.36
309.36	43754.33
309.42	43820.91
309.49	43873.94
309.55	43918.52
309.62	43924.41
309.68	43919.27
309.75	43886.14
309.81	43834.33
309.88	43783.02
309.94	43723.36
310.00	43658.15
310.07	43587.63
310.13	43531.62
310.20	43437.44
310.26	43354.13
310.33	43256.87
310.39	43175.83
310.46	43065.70
310.52	42954.02
310.59	42798.65
310.65	42615.56
310.72	42400.56
310.78	42193.53
310.85	42029.66
310.91	41951.48
310.97	41934.65
311.04	41963.42
311.10	42020.69
311.17	42088.38
311.23	42126.49
311.30	42154.62
311.36	42182.58
311.43	42229.97
311.49	42263.23
311.56	42305.93
311.62	42341.68
311.69	42369.70
311.75	42391.55
311.81	42383.34
311.88	42362.33
311.94	42329.20
312.01	42286.34
312.07	42216.64
312.14	42167.28
312.20	42106.35
312.27	42066.05
312.33	42014.87
312.40	41955.79
312.46	41878.30
312.52	41802.80
312.59	41706.24
312.65	41621.19
312.72	41531.97
312.78	41437.06
312.85	41330.61
312.91	41212.19
312.98	41077.44
313.04	40927.67
313.10	40780.68
313.17	40662.15
313.23	40574.04
313.30	40513.58
313.36	40493.64
313.43	40512.30
313.49	40547.60
313.56	40582.82
313.62	40615.17
313.68	40644.66
313.75	40657.35
313.81	40652.91
313.88	40636.20
313.94	40607.09
314.01	40577.86
314.07	40556.86
314.13	40527.40
314.20	40509.12
314.26	40498.21
314.33	40471.04
314.39	40433.26
314.46	40370.28
314.52	40295.39
314.58	40211.25
314.65	40125.09
314.71	40027.66
314.78	39961.22
314.84	39890.42
314.91	39824.18
314.97	39770.37
315.03	39724.51
315.10	39674.11
315.16	39604.22
315.23	39534.48
315.29	39459.87
315.36	39395.65
315.42	39326.26
315.48	39288.68
315.55	39241.86
315.61	39195.72
315.68	39139.91
315.74	39076.94
315.81	38998.76
315.87	38950.62
315.93	38927.20
316.00	38931.84
316.06	38947.01
316.13	38973.82
316.19	38965.59
316.25	38903.72
316.32	38798.87
316.38	38651.50
316.45	38464.08
316.51	38256.72
316.58	38033.33
316.64	37776.15
316.70	37524.11
316.77	37267.16
316.83	37006.49
316.90	36745.88
316.96	36500.82
317.02	36254.28
317.09	36011.75
317.15	35753.55
317.22	35498.97
317.28	35221.26
317.34	34954.27
317.41	34691.85
317.47	34448.60
317.54	34196.87
317.60	33970.59
317.66	33729.02
317.73	33466.13
317.79	33191.11
317.86	32934.69
317.92	32662.82
317.98	32386.37
318.05	32114.31
318.11	31849.20
318.18	31571.85
318.24	31299.54
318.30	31028.48
318.37	30758.59
318.43	30480.21
318.50	30203.79
318.56	29922.21
318.62	29658.08
318.69	29392.68
318.75	29139.84
318.82	28865.19
318.88	28608.79
318.94	28333.89
319.01	28058.63
319.07	27786.92
319.13	27518.61
319.20	27232.65
319.26	26952.97
319.33	26679.58
319.39	26375.88
319.45	26090.99
319.52	25805.65
319.58	25503.56
319.65	25210.71
319.71	24927.31
319.77	24628.75
319.84	24342.80
319.90	24068.55
319.96	23784.30
320.03	23505.51
320.09	23237.76
320.16	22954.33
320.22	22671.73
320.28	22387.49
320.35	22101.55
320.41	21819.33
320.47	21545.02
320.54	21265.48
320.60	20989.96
320.67	20720.77
320.73	20439.00
320.79	20157.30
320.86	19879.94
320.92	19579.31
320.98	19280.17
321.05	18985.89
321.11	18689.93
321.18	18389.61
321.24	18112.86
321.30	17831.14
321.37	17561.77
321.43	17289.35
321.49	17020.78
321.56	16746.41
321.62	16476.39
321.68	16187.67
321.75	15913.12
321.81	15630.91
321.88	15350.23
321.94	15061.41
322.00	14786.51
322.07	14491.38
322.13	14208.96
322.19	13926.08
322.26	13641.43
322.32	13358.64
322.38	13085.91
322.45	12811.85
322.51	12535.86
322.58	12271.78
322.64	11995.80
322.70	11728.77
322.77	11448.77
322.83	11184.00
322.89	10911.38
322.96	10638.63
323.02	10363.06
323.08	10097.30
323.15	9826.58
323.21	9561.79
323.27	9307.90
323.34	9050.40
323.40	8800.37
323.46	8543.74
323.53	8184.91
323.59	7066.42
323.65	5467.55
323.72	3790.36
323.78	2169.15
323.85	701.26
323.91	43.09
323.97	-80.72
324.04	-81.97
