180.21	3369.25
180.28	-117.27
180.36	625.97
180.44	-41.92
180.51	-12.15
180.59	10.20
180.66	36.95
180.74	33.05
180.81	31.49
180.89	32.59
180.97	33.58
181.04	31.83
181.12	30.06
181.19	30.99
181.27	31.45
181.34	48.90
181.42	55.79
181.50	63.31
181.57	74.31
181.65	80.91
181.72	74.43
181.80	69.25
181.87	69.90
181.95	70.45
182.03	69.02
182.10	71.45
182.18	73.22
182.25	78.40
182.33	77.51
182.40	84.15
182.48	79.39
182.55	90.66
182.63	94.58
182.71	97.42
182.78	100.20
182.86	106.66
182.93	103.85
183.01	105.92
183.08	105.47
183.16	109.40
183.23	104.61
183.31	110.36
183.39	109.60
183.46	119.71
183.54	114.74
183.61	123.92
183.69	125.54
183.76	135.62
183.84	135.09
183.91	136.68
183.99	146.30
184.06	148.48
184.14	152.06
184.22	157.11
184.29	160.40
184.37	157.19
184.44	151.18
184.52	138.48
184.59	133.13
184.67	137.97
184.74	132.57
184.82	144.67
184.89	157.61
184.97	167.50
185.04	173.25
185.12	181.57
185.20	188.45
185.27	195.44
185.35	204.07
185.42	202.93
185.50	214.20
185.57	214.64
185.65	219.65
185.72	219.29
185.80	227.79
185.87	223.75
185.95	221.30
186.02	221.65
186.10	219.31
186.17	218.18
186.25	219.36
186.33	213.73
186.40	207.52
186.48	209.83
186.55	214.16
186.63	216.78
186.70	242.05
186.78	255.83
186.85	270.06
186.93	279.59
187.00	292.45
187.08	287.32
187.15	294.30
187.23	296.56
187.30	300.77
187.38	310.60
187.45	324.93
187.53	336.91
187.60	343.48
187.68	352.32
187.75	361.34
187.83	369.86
187.90	366.37
187.98	366.77
188.05	369.80
188.13	356.20
188.21	335.03
188.28	335.18
188.36	331.56
188.43	329.21
188.51	342.12
188.58	366.22
188.66	367.59
188.73	379.12
188.81	396.21
188.88	402.63
188.96	412.18
189.03	438.08
189.11	459.15
189.18	472.10
189.26	492.22
189.33	516.01
189.41	539.91
189.48	561.09
189.56	581.10
189.63	596.89
189.71	593.47
189.78	570.81
189.86	546.24
189.93	525.63
190.01	496.94
190.08	478.74
190.16	468.51
190.23	454.09
190.31	447.72
190.38	445.33
190.46	451.47
190.53	470.50
190.61	510.52
190.68	535.67
190.76	580.19
190.83	616.42
190.91	640.93
190.98	651.51
191.06	670.91
191.13	679.06
191.21	680.36
191.28	675.61
191.35	671.12
191.43	659.22
191.50	640.17
191.58	631.85
191.65	638.82
191.73	645.87
191.80	655.50
191.88	660.78
191.95	665.12
192.03	670.87
192.10	680.32
192.18	695.52
192.25	719.41
192.33	735.22
192.40	737.94
192.48	735.47
192.55	727.33
192.63	712.38
192.70	707.52
192.78	708.33
192.85	718.38
192.93	723.06
193.00	718.22
193.08	698.77
193.15	679.35
193.22	662.79
193.30	659.92
193.37	693.81
193.45	731.67
193.52	783.58
193.60	838.23
193.67	885.90
193.75	912.64
193.82	945.09
193.90	957.69
193.97	958.07
194.05	947.50
194.12	927.80
194.20	900.78
194.27	869.97
194.34	826.51
194.42	786.48
194.49	760.96
194.57	745.76
194.64	729.86
194.72	724.78
194.79	731.24
194.87	746.51
194.94	781.42
195.02	838.61
195.09	907.40
195.17	981.31
195.24	1046.03
195.31	1094.12
195.39	1126.29
195.46	1145.87
195.54	1159.42
195.61	1159.30
195.69	1141.32
195.76	1110.20
195.84	1061.66
195.91	974.10
195.99	876.62
196.06	789.83
196.13	733.46
196.21	712.05
196.28	738.20
196.36	802.53
196.43	883.60
196.51	970.87
196.58	1054.37
196.66	1129.77
196.73	1186.83
196.80	1225.85
196.88	1244.69
196.95	1257.33
197.03	1257.44
197.10	1238.51
197.18	1205.90
197.25	1146.33
197.33	1058.29
197.40	965.23
197.47	871.45
197.55	798.74
197.62	757.74
197.70	753.34
197.77	778.94
197.85	840.87
197.92	914.45
197.99	1005.99
198.07	1109.89
198.14	1204.54
198.22	1298.12
198.29	1372.74
198.37	1429.70
198.44	1466.16
198.51	1482.67
198.59	1468.82
198.66	1443.23
198.74	1385.35
198.81	1285.12
198.89	1159.99
198.96	1042.65
199.03	928.78
199.11	849.95
199.18	820.20
199.26	845.14
199.33	904.37
199.41	997.97
199.48	1101.44
199.55	1216.28
199.63	1316.18
199.70	1408.81
199.78	1487.62
199.85	1561.52
199.93	1622.44
200.00	1680.86
200.07	1702.59
200.15	1701.09
200.22	1661.94
200.30	1569.08
200.37	1427.98
200.44	1253.53
200.52	1086.50
200.59	961.94
200.67	894.95
200.74	892.42
200.81	959.01
200.89	1052.49
200.96	1158.46
201.04	1264.90
201.11	1386.88
201.19	1507.78
201.26	1621.43
201.33	1714.03
201.41	1796.75
201.48	1843.22
201.56	1861.80
201.63	1859.78
201.70	1813.31
201.78	1724.61
201.85	1595.71
201.93	1443.99
202.00	1290.82
202.07	1171.21
202.15	1078.10
202.22	1036.86
202.30	1056.72
202.37	1116.21
202.44	1210.81
202.52	1350.81
202.59	1510.00
202.67	1656.30
202.74	1797.01
202.81	1922.61
202.89	2030.83
202.96	2139.72
203.04	2243.52
203.11	2313.30
203.18	2357.09
203.26	2357.19
203.33	2290.76
203.41	2160.96
203.48	1974.41
203.55	1720.86
203.63	1479.44
203.70	1299.76
203.77	1199.79
203.85	1204.39
203.92	1315.07
204.00	1487.19
204.07	1668.73
204.14	1859.30
204.22	2040.14
204.29	2220.11
204.37	2380.67
204.44	2522.06
204.51	2636.58
204.59	2711.80
204.66	2737.98
204.73	2725.66
204.81	2665.35
204.88	2554.86
204.96	2384.96
205.03	2153.11
205.10	1904.43
205.18	1688.37
205.25	1513.23
205.32	1421.18
205.40	1435.20
205.47	1526.74
205.55	1673.01
205.62	1871.11
205.69	2106.51
205.77	2358.49
205.84	2601.60
205.91	2819.87
205.99	3009.68
206.06	3171.35
206.14	3316.82
206.21	3453.02
206.28	3558.32
206.36	3632.56
206.43	3638.53
206.50	3568.03
206.58	3390.73
206.65	3114.13
206.72	2740.03
206.80	2357.21
206.87	2027.89
206.95	1823.87
207.02	1783.10
207.09	1908.55
207.17	2148.23
207.24	2444.54
207.31	2749.23
207.39	3049.92
207.46	3343.27
207.53	3617.98
207.61	3886.73
207.68	4138.12
207.75	4367.74
207.83	4555.17
207.90	4690.69
207.98	4733.87
208.05	4698.38
208.12	4555.49
208.20	4309.00
208.27	3958.92
208.34	3526.78
208.42	3073.69
208.49	2707.84
208.56	2466.24
208.64	2391.79
208.71	2486.49
208.78	2700.80
208.86	2979.66
208.93	3297.69
209.00	3637.49
209.08	4003.90
209.15	4383.32
209.22	4743.43
209.30	5083.47
209.37	5387.54
209.44	5651.92
209.52	5866.25
209.59	6015.51
209.67	6092.09
209.74	6077.66
209.81	5943.90
209.89	5664.85
209.96	5244.46
210.03	4713.51
210.11	4188.18
210.18	3725.64
210.25	3402.14
210.33	3289.87
210.40	3398.16
210.47	3657.63
210.55	4031.64
210.62	4475.50
210.69	4931.47
210.77	5382.53
210.84	5803.06
210.91	6205.45
210.99	6574.05
211.06	6928.29
211.13	7268.74
211.21	7578.09
211.28	7825.13
211.35	8000.48
211.42	8044.28
211.50	7916.79
211.57	7612.80
211.64	7130.23
211.72	6485.90
211.79	5797.35
211.86	5233.41
211.94	4909.65
212.01	4852.85
212.08	5074.95
212.16	5486.04
212.23	5953.66
212.30	6389.84
212.38	6785.85
212.45	7154.51
212.52	7505.19
212.60	7836.33
212.67	8184.45
212.74	8552.57
212.82	8929.89
212.89	9303.35
212.96	9635.47
213.03	9862.49
213.11	9947.85
213.18	9857.85
213.25	9585.87
213.33	9125.40
213.40	8505.33
213.47	7899.04
213.55	7397.76
213.62	7062.23
213.69	6974.78
213.77	7165.29
213.84	7512.84
213.91	7958.96
213.98	8442.98
214.06	8898.10
214.13	9293.06
214.20	9633.82
214.28	9973.05
214.35	10349.58
214.42	10778.27
214.50	11257.28
214.57	11752.97
214.64	12185.66
214.72	12522.32
214.79	12746.80
214.86	12816.40
214.93	12717.89
215.01	12438.39
215.08	11954.87
215.15	11268.31
215.23	10501.92
215.30	9854.88
215.37	9485.15
215.44	9476.39
215.52	9838.34
215.59	10464.59
215.66	11175.49
215.74	11831.42
215.81	12395.52
215.88	12908.87
215.95	13387.83
216.03	13864.03
216.10	14331.94
216.17	14770.46
216.25	15144.20
216.32	15443.71
216.39	15641.99
216.46	15771.65
216.54	15836.08
216.61	15821.98
216.68	15685.00
216.76	15398.01
216.83	14920.78
216.90	14258.53
216.97	13562.87
217.05	13023.71
217.12	12756.06
217.19	12831.62
217.27	13259.26
217.34	13927.32
217.41	14700.85
217.48	15482.73
217.56	16214.69
217.63	16886.15
217.70	17451.09
217.78	17914.66
217.85	18293.26
217.92	18601.03
217.99	18860.18
218.07	19070.25
218.14	19265.59
218.21	19465.55
218.28	19670.07
218.36	19840.78
218.43	19936.37
218.50	19871.96
218.57	19589.74
218.65	19046.61
218.72	18264.70
218.79	17454.26
218.87	16823.76
218.94	16510.78
219.01	16605.75
219.08	17121.03
219.16	17890.12
219.23	18734.12
219.30	19543.03
219.37	20241.52
219.45	20852.38
219.52	21394.25
219.59	21882.69
219.66	22335.11
219.74	22774.87
219.81	23179.97
219.88	23542.90
219.95	23892.97
220.03	24197.36
220.10	24444.17
220.17	24603.80
220.24	24634.39
220.32	24462.04
220.39	24083.83
220.46	23504.40
220.53	22758.79
220.61	22008.82
220.68	21469.60
220.75	21254.89
220.82	21398.88
220.90	21856.23
220.97	22496.06
221.04	23143.70
221.11	23728.67
221.19	24251.74
221.26	24747.07
221.33	25225.05
221.40	25714.67
221.48	26204.59
221.55	26668.92
221.62	27098.68
221.69	27505.51
221.77	27868.37
221.84	28180.79
221.91	28407.37
221.98	28559.74
222.06	28607.97
222.13	28535.27
222.20	28335.95
222.27	28042.26
222.35	27651.19
222.42	27260.53
222.49	26973.17
222.56	26824.62
222.63	26837.76
222.71	27007.45
222.78	27269.81
222.85	27551.61
222.92	27854.59
223.00	28169.53
223.07	28526.24
223.14	28906.78
223.21	29317.96
223.29	29735.14
223.36	30182.02
223.43	30600.44
223.50	31002.02
223.57	31368.17
223.65	31687.43
223.72	31897.06
223.79	32039.01
223.86	32081.13
223.94	32050.44
224.01	31963.59
224.08	31867.34
224.15	31748.41
224.22	31637.51
224.30	31527.31
224.37	31474.75
224.44	31498.55
224.51	31576.76
224.59	31737.99
224.66	31971.10
224.73	32229.36
224.80	32470.57
224.87	32758.37
224.95	33059.59
225.02	33379.06
225.09	33698.69
225.16	34026.71
225.23	34325.59
225.31	34594.29
225.38	34815.36
225.45	34989.54
225.52	35113.95
225.60	35158.24
225.67	35134.83
225.74	35041.14
225.81	34887.47
225.88	34743.74
225.96	34681.20
226.03	34707.17
226.10	34818.70
226.17	35012.85
226.24	35236.20
226.32	35461.70
226.39	35685.35
226.46	35924.84
226.53	36183.76
226.60	36443.07
226.68	36688.28
226.75	36910.30
226.82	37115.37
226.89	37296.30
226.96	37458.20
227.04	37570.91
227.11	37674.15
227.18	37770.07
227.25	37847.22
227.32	37911.46
227.40	37994.95
227.47	38049.57
227.54	38041.57
227.61	37987.66
227.68	37873.74
227.76	37730.61
227.83	37622.94
227.90	37609.47
227.97	37687.88
228.04	37871.02
228.11	38104.82
228.19	38344.48
228.26	38563.53
228.33	38762.70
228.40	38943.82
228.47	39123.21
228.55	39293.55
228.62	39454.98
228.69	39594.65
228.76	39707.26
228.83	39804.20
228.90	39913.58
228.98	40017.17
229.05	40131.60
229.12	40273.27
229.19	40426.85
229.26	40560.26
229.34	40674.96
229.41	40756.44
229.48	40796.61
229.55	40794.77
229.62	40773.70
229.69	40714.20
229.77	40644.12
229.84	40587.38
229.91	40568.93
229.98	40580.84
230.05	40658.78
230.12	40781.98
230.20	40934.14
230.27	41089.99
230.34	41245.11
230.41	41387.31
230.48	41513.68
230.55	41628.54
230.63	41728.23
230.70	41823.46
230.77	41883.45
230.84	41944.08
230.91	41977.38
230.98	42027.19
231.06	42081.93
231.13	42178.90
231.20	42287.73
231.27	42421.27
231.34	42531.92
231.41	42643.61
231.49	42728.73
231.56	42801.35
231.63	42850.34
231.70	42891.69
231.77	42909.26
231.84	42917.02
231.92	42920.47
231.99	42941.64
232.06	42973.06
232.13	43020.75
232.20	43093.89
232.27	43176.66
232.34	43244.86
232.42	43300.85
232.49	43350.60
232.56	43383.05
232.63	43419.57
232.70	43453.76
232.77	43499.15
232.85	43549.15
232.92	43603.21
232.99	43652.51
233.06	43717.91
233.13	43790.22
233.20	43848.62
233.27	43904.32
233.35	43950.48
233.42	43984.45
233.49	44018.22
233.56	44061.08
233.63	44112.98
233.70	44164.02
233.77	44219.96
233.85	44261.73
233.92	44322.29
233.99	44367.41
234.06	44408.30
234.13	44451.91
234.20	44506.56
234.27	44533.33
234.35	44556.44
234.42	44564.97
234.49	44580.83
234.56	44586.35
234.63	44581.70
234.70	44588.18
234.77	44603.32
234.84	44590.40
234.92	44585.42
234.99	44590.01
235.06	44612.60
235.13	44631.24
235.20	44673.77
235.27	44727.57
235.34	44776.08
235.41	44813.79
235.49	44861.19
235.56	44899.34
235.63	44919.72
235.70	44945.19
235.77	44960.72
235.84	44971.74
235.91	44971.54
235.98	44966.53
236.06	44968.85
236.13	44976.30
236.20	44990.05
236.27	44991.50
236.34	45011.39
236.41	45028.73
236.48	45032.03
236.55	45032.51
236.63	45038.46
236.70	45034.05
236.77	45028.92
236.84	45057.83
236.91	45072.02
236.98	45100.89
237.05	45134.91
237.12	45161.24
237.19	45160.37
237.27	45171.84
237.34	45182.37
237.41	45183.60
237.48	45176.12
237.55	45178.28
237.62	45178.84
237.69	45189.45
237.76	45203.26
237.83	45230.79
237.91	45255.17
237.98	45274.98
238.05	45267.53
238.12	45268.97
238.19	45275.67
238.26	45291.49
238.33	45309.85
238.40	45338.23
238.47	45349.91
238.54	45356.37
238.62	45352.18
238.69	45345.53
238.76	45330.72
238.83	45326.97
238.90	45322.37
238.97	45323.73
239.04	45346.38
239.11	45382.17
239.18	45405.08
239.25	45411.98
239.33	45407.76
239.40	45384.00
239.47	45365.61
239.54	45330.91
239.61	45303.49
239.68	45286.31
239.75	45265.27
239.82	45245.30
239.89	45255.72
239.96	45262.42
240.03	45262.05
240.11	45280.20
240.18	45281.72
240.25	45286.92
240.32	45296.39
240.39	45321.83
240.46	45336.75
240.53	45383.87
240.60	45418.95
240.67	45465.37
240.74	45491.83
240.81	45528.88
240.88	45531.85
240.96	45537.06
241.03	45541.40
241.10	45552.30
241.17	45554.50
241.24	45571.14
241.31	45583.39
241.38	45578.31
241.45	45556.70
241.52	45546.71
241.59	45537.62
241.66	45532.09
241.73	45549.40
241.80	45589.60
241.88	45611.03
241.95	45628.82
242.02	45638.91
242.09	45628.61
242.16	45611.11
242.23	45612.99
242.30	45614.37
242.37	45627.26
242.44	45658.48
242.51	45673.37
242.58	45672.92
242.65	45684.54
242.72	45693.93
242.79	45689.95
242.87	45718.26
242.94	45737.13
243.01	45753.97
243.08	45774.83
243.15	45809.14
243.22	45825.57
243.29	45857.47
243.36	45878.49
243.43	45913.30
243.50	45951.66
243.57	45984.31
243.64	46012.57
243.71	46052.51
243.78	46072.22
243.85	46077.03
243.92	46092.40
243.99	46109.36
244.07	46114.06
244.14	46115.85
244.21	46127.63
244.28	46142.16
244.35	46161.84
244.42	46180.87
244.49	46200.77
244.56	46216.13
244.63	46229.73
244.70	46221.46
244.77	46234.39
244.84	46259.02
244.91	46286.92
244.98	46315.49
245.05	46370.24
245.12	46410.72
245.19	46448.65
245.26	46473.08
245.33	46504.58
245.40	46526.87
245.47	46554.26
245.55	46588.80
245.62	46625.13
245.69	46667.37
245.76	46716.29
245.83	46775.64
245.90	46830.12
245.97	46897.23
246.04	46952.24
246.11	47006.63
246.18	47023.11
246.25	47034.22
246.32	47028.77
246.39	47030.11
246.46	47043.77
246.53	47086.84
246.60	47132.83
246.67	47194.94
246.74	47259.47
246.81	47315.87
246.88	47361.11
246.95	47415.65
247.02	47457.77
247.09	47497.14
247.16	47516.14
247.23	47534.62
247.30	47542.25
247.37	47557.37
247.44	47579.68
247.51	47614.65
247.58	47653.88
247.66	47706.43
247.73	47767.74
247.80	47819.16
247.87	47873.84
247.94	47933.00
248.01	47998.15
248.08	48055.45
248.15	48110.40
248.22	48165.00
248.29	48222.89
248.36	48252.87
248.43	48298.50
248.50	48353.05
248.57	48407.50
248.64	48455.81
248.71	48524.15
248.78	48593.66
248.85	48651.26
248.92	48705.11
248.99	48759.52
249.06	48802.33
249.13	48818.82
249.20	48830.92
249.27	48845.60
249.34	48864.11
249.41	48896.02
249.48	48912.71
249.55	48931.13
249.62	48943.62
249.69	48953.43
249.76	48953.47
249.83	48983.04
249.90	49040.15
249.97	49124.96
250.04	49215.57
250.11	49319.33
250.18	49408.76
250.25	49468.76
250.32	49499.14
250.39	49546.86
250.46	49579.97
250.53	49649.73
250.60	49728.41
250.67	49814.20
250.74	49880.98
250.81	49937.48
250.88	49966.12
250.95	49983.30
251.02	50007.99
251.09	50009.68
251.16	50016.80
251.23	50021.09
251.30	50043.12
251.37	50066.53
251.44	50112.90
251.51	50185.93
251.58	50271.32
251.65	50340.93
251.72	50402.48
251.79	50470.67
251.86	50516.37
251.93	50548.95
252.00	50581.96
252.07	50605.48
252.14	50625.61
252.21	50636.55
252.28	50662.64
252.35	50702.64
252.42	50763.59
252.49	50809.49
252.56	50873.89
252.63	50932.91
252.70	50981.18
252.77	51031.77
252.84	51092.15
252.91	51141.10
252.98	51190.88
253.05	51239.78
253.12	51262.02
253.19	51274.47
253.25	51297.77
253.32	51319.77
253.39	51345.82
253.46	51373.89
253.53	51412.29
253.60	51422.74
253.67	51428.88
253.74	51455.62
253.81	51493.16
253.88	51529.58
253.95	51577.33
254.02	51622.19
254.09	51653.91
254.16	51695.70
254.23	51727.28
254.30	51763.79
254.37	51808.19
254.44	51842.93
254.51	51868.38
254.58	51901.14
254.65	51935.03
254.72	51959.95
254.79	51973.97
254.86	51996.80
254.93	52000.66
255.00	52018.47
255.07	52051.06
255.14	52093.99
255.21	52111.17
255.28	52115.95
255.34	52081.03
255.41	52043.04
255.48	51995.53
255.55	51962.90
255.62	51972.35
255.69	51998.99
255.76	52024.82
255.83	52069.29
255.90	52117.92
255.97	52175.35
256.04	52227.98
256.11	52293.81
256.18	52350.92
256.25	52428.30
256.32	52491.32
256.39	52580.13
256.46	52641.68
256.53	52695.37
256.60	52737.33
256.67	52774.30
256.74	52779.35
256.80	52777.21
256.87	52758.35
256.94	52729.89
257.01	52697.90
257.08	52698.44
257.15	52720.01
257.22	52749.63
257.29	52740.49
257.36	52689.76
257.43	52605.77
257.50	52512.60
257.57	52434.83
257.64	52410.77
257.71	52438.95
257.78	52506.43
257.85	52593.23
257.92	52695.38
257.98	52777.78
258.05	52842.19
258.12	52857.55
258.19	52828.49
258.26	52755.96
258.33	52664.56
258.40	52583.63
258.47	52531.55
258.54	52515.32
258.61	52538.68
258.68	52593.53
258.75	52659.16
258.82	52740.88
258.89	52806.80
258.95	52850.74
259.02	52860.98
259.09	52844.89
259.16	52793.66
259.23	52741.05
259.30	52696.84
259.37	52681.69
259.44	52678.36
259.51	52686.95
259.58	52704.23
259.65	52709.88
259.72	52697.90
259.79	52662.76
259.85	52633.10
259.92	52585.61
259.99	52567.24
260.06	52569.87
260.13	52573.23
260.20	52578.33
260.27	52593.53
260.34	52567.20
260.41	52531.50
260.48	52511.08
260.55	52498.80
260.62	52473.73
260.68	52448.23
260.75	52417.51
260.82	52401.49
260.89	52380.88
260.96	52386.11
261.03	52396.99
261.10	52389.18
261.17	52361.90
261.24	52294.26
261.31	52185.27
261.38	52083.67
261.44	52001.72
261.51	51931.40
261.58	51905.30
261.65	51924.87
261.72	51961.19
261.79	51987.48
261.86	51999.40
261.93	51981.09
262.00	51938.78
262.07	51866.39
262.13	51812.54
262.20	51763.92
262.27	51730.03
262.34	51729.74
262.41	51760.72
262.48	51787.82
262.55	51830.73
262.62	51868.87
262.69	51882.20
262.76	51862.12
262.82	51843.21
262.89	51819.51
262.96	51804.58
263.03	51787.00
263.10	51790.81
263.17	51769.03
263.24	51737.93
263.31	51716.12
263.38	51731.56
263.44	51772.14
263.51	51809.29
263.58	51832.99
263.65	51813.75
263.72	51697.87
263.79	51546.71
263.86	51424.96
263.93	51326.71
264.00	51276.07
264.06	51287.23
264.13	51294.64
264.20	51281.83
264.27	51225.38
264.34	51136.25
264.41	51028.52
264.48	50934.00
264.55	50828.48
264.61	50734.55
264.68	50634.59
264.75	50552.82
264.82	50470.03
264.89	50426.06
264.96	50418.98
265.03	50447.68
265.10	50483.40
265.16	50515.17
265.23	50509.49
265.30	50468.89
265.37	50401.24
265.44	50332.94
265.51	50290.80
265.58	50277.51
265.65	50316.92
265.71	50380.81
265.78	50451.68
265.85	50475.24
265.92	50442.52
265.99	50330.47
266.06	50193.94
266.13	50025.33
266.20	49889.97
266.26	49792.60
266.33	49733.83
266.40	49684.24
266.47	49654.14
266.54	49611.52
266.61	49612.25
266.68	49626.83
266.74	49638.53
266.81	49598.33
266.88	49519.36
266.95	49366.28
267.02	49225.82
267.09	49106.09
267.16	49061.88
267.22	49082.38
267.29	49165.12
267.36	49250.44
267.43	49334.18
267.50	49375.46
267.57	49371.35
267.64	49302.19
267.70	49190.55
267.77	49073.82
267.84	48993.43
267.91	48953.36
267.98	48977.69
268.05	49033.81
268.11	49088.90
268.18	49090.63
268.25	49040.39
268.32	48910.35
268.39	48718.53
268.46	48476.77
268.53	48223.24
268.59	47985.56
268.66	47813.31
268.73	47723.87
268.80	47718.98
268.87	47799.98
268.94	47942.25
269.00	48106.79
269.07	48242.86
269.14	48337.47
269.21	48353.48
269.28	48306.34
269.35	48205.89
269.41	48112.95
269.48	48050.84
269.55	48035.22
269.62	48056.85
269.69	48108.24
269.76	48126.02
269.82	48097.13
269.89	48049.13
269.96	47973.30
270.03	47853.78
270.10	47736.23
270.17	47611.97
270.23	47506.75
270.30	47429.72
270.37	47408.68
270.44	47433.47
270.51	47480.50
270.58	47513.28
270.64	47533.44
270.71	47531.20
270.78	47534.34
270.85	47539.57
270.92	47561.68
270.99	47556.19
271.05	47528.03
271.12	47437.74
271.19	47318.84
271.26	47167.89
271.33	47051.48
271.39	46962.26
271.46	46885.28
271.53	46825.15
271.60	46792.26
271.67	46747.42
271.74	46692.82
271.80	46643.40
271.87	46610.14
271.94	46554.66
272.01	46503.66
272.08	46460.62
272.14	46439.64
272.21	46402.91
272.28	46373.60
272.35	46349.94
272.42	46324.20
272.48	46316.01
272.55	46323.02
272.62	46316.40
272.69	46298.74
272.76	46286.18
272.83	46255.01
272.89	46213.88
272.96	46190.19
273.03	46181.51
273.10	46170.90
273.17	46156.53
273.23	46112.91
273.30	46044.95
273.37	45909.58
273.44	45736.38
273.51	45553.57
273.57	45423.76
273.64	45346.56
273.71	45351.28
273.78	45389.34
273.85	45468.60
273.91	45553.47
273.98	45659.24
274.05	45785.31
274.12	45966.56
274.19	46137.66
274.25	46286.31
274.32	46375.96
274.39	46395.36
274.46	46319.04
274.53	46169.15
274.59	45978.54
274.66	45777.22
274.73	45588.09
274.80	45432.29
274.86	45325.86
274.93	45283.59
275.00	45266.60
275.07	45253.44
275.14	45248.88
275.20	45231.99
275.27	45203.45
275.34	45176.07
275.41	45156.42
275.48	45155.12
275.54	45186.53
275.61	45216.01
275.68	45250.86
275.75	45273.58
275.81	45262.77
275.88	45259.90
275.95	45269.55
276.02	45282.67
276.09	45323.83
276.15	45377.81
276.22	45387.34
276.29	45342.43
276.36	45237.74
276.42	45067.58
276.49	44872.83
276.56	44691.30
276.63	44541.97
276.70	44453.47
276.76	44448.56
276.83	44497.60
276.90	44574.95
276.97	44661.72
277.03	44718.23
277.10	44708.35
277.17	44633.48
277.24	44529.24
277.30	44443.84
277.37	44395.82
277.44	44424.11
277.51	44511.85
277.58	44604.38
277.64	44662.91
277.71	44651.75
277.78	44547.87
277.85	44377.47
277.91	44182.94
277.98	43975.99
278.05	43808.25
278.12	43712.41
278.18	43672.11
278.25	43697.77
278.32	43782.56
278.39	43924.98
278.45	44078.41
278.52	44261.47
278.59	44435.18
278.66	44583.51
278.72	44654.89
278.79	44627.91
278.86	44482.13
278.93	44228.20
278.99	43910.15
279.06	43617.44
279.13	43432.10
279.20	43396.63
279.26	43494.41
279.33	43696.97
279.40	43951.96
279.47	44185.93
279.53	44321.99
279.60	44324.87
279.67	44160.06
279.74	43824.81
279.80	43425.92
279.87	43056.13
279.94	42786.99
280.01	42674.23
280.07	42711.30
280.14	42800.85
280.21	42905.15
280.28	43009.93
280.34	43094.72
280.41	43182.65
280.48	43264.10
280.55	43336.99
280.61	43400.55
280.68	43445.82
280.75	43478.68
280.82	43529.43
280.88	43588.28
280.95	43614.51
281.02	43604.34
281.08	43533.74
281.15	43408.40
281.22	43256.11
281.29	43084.39
281.35	42895.00
281.42	42707.74
281.49	42503.39
281.56	42287.08
281.62	42119.10
281.69	41993.50
281.76	41895.81
281.82	41836.57
281.89	41824.44
281.96	41836.17
282.03	41867.91
282.09	41934.81
282.16	42039.87
282.23	42148.76
282.30	42279.29
282.36	42422.86
282.43	42575.40
282.50	42739.75
282.56	42854.49
282.63	42923.99
282.70	42986.08
282.77	43038.55
282.83	43065.64
282.90	43127.54
282.97	43143.66
283.03	43042.53
283.10	42813.48
283.17	42487.45
283.24	42089.29
283.30	41710.56
283.37	41439.95
283.44	41306.85
283.50	41276.09
283.57	41335.22
283.64	41421.55
283.71	41519.35
283.77	41606.64
283.84	41705.28
283.91	41791.80
283.97	41897.24
284.04	42016.67
284.11	42135.66
284.18	42237.06
284.24	42314.56
284.31	42341.10
284.38	42311.15
284.44	42251.77
284.51	42196.62
284.58	42162.99
284.64	42142.84
284.71	42106.10
284.78	42041.81
284.85	41936.27
284.91	41817.05
284.98	41679.12
285.05	41538.28
285.11	41381.30
285.18	41174.17
285.25	40934.89
285.31	40713.07
285.38	40551.67
285.45	40490.01
285.52	40554.51
285.58	40701.85
285.65	40898.26
285.72	41107.94
285.78	41297.57
285.85	41471.50
285.92	41609.90
285.98	41740.97
286.05	41879.33
286.12	42022.70
286.18	42142.23
286.25	42266.46
286.32	42374.95
286.39	42451.05
286.45	42460.44
286.52	42385.23
286.59	42188.44
286.65	41879.56
286.72	41494.23
286.79	41102.27
286.85	40775.90
286.92	40558.33
286.99	40450.09
287.05	40417.13
287.12	40458.36
287.19	40547.72
287.25	40683.05
287.32	40832.80
287.39	40989.88
287.45	41120.50
287.52	41230.67
287.59	41313.50
287.65	41400.77
287.72	41493.29
287.79	41593.30
287.86	41692.14
287.92	41784.77
287.99	41862.43
288.06	41936.49
288.12	42004.68
288.19	42073.44
288.26	42126.88
288.32	42171.06
288.39	42184.02
288.46	42152.69
288.52	42067.48
288.59	41913.32
288.66	41667.78
288.72	41352.56
288.79	41025.61
288.86	40707.95
288.92	40492.79
288.99	40404.25
289.06	40451.63
289.12	40595.16
289.19	40819.28
289.26	41081.28
289.32	41367.85
289.39	41643.88
289.45	41905.38
289.52	42120.57
289.59	42271.24
289.65	42331.29
289.72	42325.03
289.79	42289.81
289.85	42229.73
289.92	42145.07
289.99	42051.17
290.05	41928.39
290.12	41766.61
290.19	41619.88
290.25	41509.54
290.32	41454.20
290.39	41471.12
290.45	41508.37
290.52	41517.96
290.59	41455.33
290.65	41289.11
290.72	41048.06
290.79	40845.09
290.85	40730.73
290.92	40753.00
290.98	40916.31
291.05	41181.31
291.12	41469.91
291.18	41751.56
291.25	41986.03
291.32	42203.07
291.38	42405.59
291.45	42601.86
291.52	42761.14
291.58	42882.18
291.65	42947.45
291.72	42938.79
291.78	42827.41
291.85	42647.79
291.91	42445.52
291.98	42253.18
292.05	42078.88
292.11	41928.08
292.18	41772.71
292.25	41587.72
292.31	41375.46
292.38	41186.85
292.45	41039.29
292.51	40980.18
292.58	40982.80
292.64	41066.38
292.71	41198.64
292.78	41378.08
292.84	41575.80
292.91	41813.05
292.98	42055.13
293.04	42292.48
293.11	42528.36
293.17	42757.84
293.24	42982.79
293.31	43187.75
293.37	43361.87
293.44	43491.97
293.51	43565.81
293.57	43571.90
293.64	43502.98
293.70	43354.19
293.77	43077.39
293.84	42704.21
293.90	42283.66
293.97	41880.18
294.04	41549.62
294.10	41374.88
294.17	41351.60
294.23	41417.36
294.30	41485.98
294.37	41520.43
294.43	41508.21
294.50	41449.87
294.56	41394.69
294.63	41404.36
294.70	41519.50
294.76	41738.50
294.83	42045.03
294.90	42404.03
294.96	42764.54
295.03	43095.22
295.09	43392.61
295.16	43654.48
295.23	43875.89
295.29	44075.99
295.36	44242.90
295.42	44357.14
295.49	44429.89
295.56	44452.80
295.62	44408.84
295.69	44281.06
295.75	44075.44
295.82	43772.81
295.89	43371.46
295.95	42921.34
296.02	42477.49
296.08	42068.22
296.15	41699.23
296.22	41435.76
296.28	41301.26
296.35	41289.85
296.41	41407.22
296.48	41669.41
296.55	42043.62
296.61	42454.48
296.68	42881.34
296.74	43265.05
296.81	43612.34
296.88	43872.51
296.94	44084.63
297.01	44259.12
297.07	44428.91
297.14	44605.80
297.20	44810.65
297.27	45024.71
297.34	45239.49
297.40	45425.93
297.47	45544.11
297.53	45592.41
297.60	45576.76
297.67	45464.78
297.73	45256.38
297.80	44914.96
297.86	44437.04
297.93	43841.45
298.00	43221.49
298.06	42655.53
298.13	42248.63
298.19	42038.49
298.26	42024.80
298.32	42126.41
298.39	42286.18
298.46	42475.21
298.52	42689.43
298.59	42939.06
298.65	43231.18
298.72	43578.80
298.78	43932.81
298.85	44282.15
298.92	44596.37
298.98	44885.20
299.05	45133.28
299.11	45370.85
299.18	45574.82
299.24	45764.06
299.31	45925.03
299.38	46069.68
299.44	46166.37
299.51	46245.04
299.57	46280.72
299.64	46287.77
299.70	46245.66
299.77	46142.86
299.84	45913.72
299.90	45495.41
299.97	44830.27
300.03	43991.02
300.10	43142.77
300.16	42439.33
300.23	42025.31
300.30	41960.23
300.36	42180.31
300.43	42566.51
300.49	43013.91
300.56	43468.52
300.62	43907.27
300.69	44321.64
300.75	44705.51
300.82	45060.73
300.89	45347.57
300.95	45605.31
301.02	45826.14
301.08	46018.55
301.15	46188.81
301.21	46368.17
301.28	46516.43
301.34	46668.24
301.41	46799.99
301.48	46902.76
301.54	46956.15
301.61	46992.74
301.67	46964.46
301.74	46868.55
301.80	46662.72
301.87	46344.30
301.93	45883.22
302.00	45318.90
302.06	44697.30
302.13	44098.53
302.20	43603.93
302.26	43273.69
302.33	43129.01
302.39	43142.85
302.46	43298.30
302.52	43546.73
302.59	43856.40
302.65	44201.82
302.72	44575.09
302.78	44946.28
302.85	45285.00
302.91	45583.26
302.98	45837.03
303.05	46054.67
303.11	46261.58
303.18	46441.58
303.24	46605.18
303.31	46744.20
303.37	46858.82
303.44	46935.90
303.50	46994.19
303.57	47013.08
303.63	47005.56
303.70	46978.04
303.76	46919.49
303.83	46847.38
303.89	46736.08
303.96	46569.73
304.03	46316.71
304.09	45948.95
304.16	45400.94
304.22	44768.63
304.29	44179.45
304.35	43705.80
304.42	43439.48
304.48	43428.91
304.55	43611.65
304.61	43869.76
304.68	44181.06
304.74	44494.64
304.81	44800.71
304.87	45088.16
304.94	45369.12
305.00	45598.56
305.07	45787.15
305.13	45929.16
305.20	46059.42
305.26	46170.55
305.33	46278.62
305.39	46371.39
305.46	46457.05
305.52	46529.78
305.59	46572.89
305.66	46579.34
305.72	46558.02
305.79	46518.67
305.85	46437.64
305.92	46305.62
305.98	46100.30
306.05	45813.66
306.11	45462.15
306.18	45074.62
306.24	44682.57
306.31	44315.18
306.37	43962.85
306.44	43635.01
306.50	43337.84
306.57	43132.91
306.63	43062.20
306.70	43145.14
306.76	43353.44
306.83	43649.99
306.89	43961.27
306.96	44247.95
307.02	44482.02
307.09	44688.60
307.15	44848.86
307.22	44988.64
307.28	45084.00
307.35	45172.79
307.41	45229.96
307.48	45286.49
307.54	45319.01
307.61	45339.45
307.67	45332.21
307.74	45313.73
307.80	45284.38
307.87	45239.42
307.93	45193.27
308.00	45145.44
308.06	45078.75
308.13	44975.45
308.19	44845.26
308.26	44702.82
308.32	44547.51
308.38	44370.85
308.45	44168.51
308.51	43927.63
308.58	43631.97
308.64	43301.98
308.71	43014.55
308.77	42808.99
308.84	42719.22
308.90	42744.40
308.97	42870.29
309.03	43046.07
309.10	43227.75
309.16	43394.55
309.23	43530.69
309.29	43644.36
309.36	43723.56
309.42	43782.32
309.49	43827.85
309.55	43869.13
309.62	43882.38
309.68	43872.21
309.75	43837.84
309.81	43786.36
309.88	43723.60
309.94	43662.60
310.00	43590.59
310.07	43523.26
310.13	43463.93
310.20	43382.41
310.26	43296.46
310.33	43203.04
310.39	43116.19
310.46	43014.35
310.52	42902.42
310.59	42747.41
310.65	42572.39
310.72	42359.54
310.78	42154.96
310.85	41992.76
310.91	41910.22
310.97	41894.32
311.04	41933.09
311.10	41974.75
311.17	42029.52
311.23	42065.11
311.30	42083.77
311.36	42105.82
311.43	42152.38
311.49	42187.48
311.56	42224.40
311.62	42268.63
311.69	42304.60
311.75	42336.03
311.81	42337.52
311.88	42324.91
311.94	42285.35
312.01	42235.08
312.07	42164.86
312.14	42113.93
312.20	42053.03
312.27	42011.07
312.33	41961.13
312.40	41904.96
312.46	41830.93
312.52	41764.61
312.59	41674.16
312.65	41592.13
312.72	41493.06
312.78	41401.14
312.85	41295.38
312.91	41182.84
312.98	41047.81
313.04	40903.91
313.10	40762.17
313.17	40627.73
313.23	40526.78
313.30	40465.16
313.36	40446.63
313.43	40458.38
313.49	40498.40
313.56	40524.77
313.62	40557.65
313.68	40590.41
313.75	40602.03
313.81	40596.68
313.88	40588.78
313.94	40566.57
314.01	40536.78
314.07	40516.70
314.13	40498.10
314.20	40485.17
314.26	40464.87
314.33	40429.38
314.39	40385.67
314.46	40325.14
314.52	40261.40
314.58	40182.58
314.65	40098.30
314.71	40014.26
314.78	39932.93
314.84	39850.41
314.91	39782.67
314.97	39732.16
315.03	39678.10
315.10	39624.18
315.16	39564.76
315.23	39501.92
315.29	39428.89
315.36	39355.30
315.42	39296.19
315.48	39245.36
315.55	39194.06
315.61	39141.68
315.68	39088.70
315.74	39017.95
315.81	38949.66
315.87	38903.51
315.93	38884.97
316.00	38901.29
316.06	38923.00
316.13	38954.04
316.19	38951.31
316.25	38898.56
316.32	38783.39
316.38	38643.87
316.45	38458.17
316.51	38240.60
316.58	38004.56
316.64	37749.99
316.70	37487.88
316.77	37210.96
316.83	36951.51
316.90	36694.60
316.96	36448.39
317.02	36201.80
317.09	35961.59
317.15	35709.04
317.22	35449.97
317.28	35188.09
317.34	34918.40
317.41	34650.83
317.47	34402.78
317.54	34165.99
317.60	33932.00
317.66	33701.95
317.73	33466.91
317.79	33205.26
317.86	32938.35
317.92	32669.07
317.98	32380.04
318.05	32096.67
318.11	31804.61
318.18	31529.92
318.24	31240.32
318.30	30970.91
318.37	30697.27
318.43	30435.45
318.50	30160.50
318.56	29892.50
318.62	29633.45
318.69	29380.20
318.75	29120.88
318.82	28862.61
318.88	28602.91
318.94	28329.86
319.01	28055.76
319.07	27787.45
319.13	27510.54
319.20	27227.93
319.26	26935.86
319.33	26645.00
319.39	26336.07
319.45	26044.89
319.52	25760.02
319.58	25478.46
319.65	25188.15
319.71	24914.30
319.77	24613.75
319.84	24329.34
319.90	24047.51
319.96	23762.02
320.03	23474.62
320.09	23214.97
320.16	22919.80
320.22	22643.29
320.28	22362.26
320.35	22077.43
320.41	21788.61
320.47	21517.77
320.54	21236.04
320.60	20967.49
320.67	20701.73
320.73	20425.58
320.79	20141.43
320.86	19862.04
320.92	19567.38
320.98	19266.49
321.05	18964.36
321.11	18669.98
321.18	18367.95
321.24	18084.72
321.30	17805.51
321.37	17533.39
321.43	17259.22
321.49	16983.77
321.56	16707.80
321.62	16443.05
321.68	16169.07
321.75	15900.44
321.81	15626.91
321.88	15342.37
321.94	15054.62
322.00	14768.44
322.07	14478.55
322.13	14190.50
322.19	13905.54
322.26	13618.98
322.32	13339.28
322.38	13065.99
322.45	12803.08
322.51	12527.87
322.58	12262.10
322.64	11984.17
322.70	11709.88
322.77	11434.47
322.83	11170.68
322.89	10896.03
322.96	10629.38
323.02	10362.75
323.08	10091.11
323.15	9824.37
323.21	9563.65
323.27	9302.00
323.34	9044.04
323.40	8793.14
323.46	8542.63
323.53	8183.05
323.59	7070.22
323.65	5470.92
323.72	3792.65
323.78	2167.06
323.85	700.49
323.91	42.42
323.97	-80.97
324.04	-82.87
