180.25	3523.13
180.33	-134.88
180.40	659.23
180.48	-29.04
180.56	15.10
180.63	51.31
180.71	93.52
180.78	89.95
180.86	89.00
180.93	93.96
181.01	96.50
181.08	95.06
181.16	93.83
181.23	96.01
181.31	95.78
181.39	120.71
181.46	129.36
181.54	140.36
181.61	156.12
181.69	163.78
181.76	154.46
181.84	146.94
181.91	147.67
181.99	148.70
182.06	148.39
182.14	153.17
182.22	158.43
182.29	167.89
182.37	170.18
182.44	181.27
182.52	176.04
182.59	192.26
182.67	198.46
182.74	202.08
182.82	205.14
182.89	215.56
182.97	213.52
183.04	219.50
183.12	223.06
183.20	236.23
183.27	238.12
183.35	257.23
183.42	266.86
183.50	294.72
183.57	303.34
183.65	333.52
183.72	358.45
183.80	397.94
183.87	425.82
183.95	457.20
184.02	494.36
184.10	517.40
184.17	532.12
184.25	534.79
184.32	529.67
184.40	507.04
184.47	467.55
184.55	425.42
184.62	412.02
184.70	422.46
184.78	438.76
184.85	501.37
184.93	575.94
185.00	643.72
185.08	712.28
185.15	784.72
185.23	857.01
185.30	929.35
185.38	1002.62
185.45	1063.38
185.53	1128.58
185.60	1169.02
185.68	1213.71
185.75	1232.43
185.83	1243.28
185.90	1224.63
185.98	1171.97
186.05	1096.48
186.13	1022.63
186.20	949.76
186.28	909.00
186.35	926.28
186.43	991.44
186.50	1102.94
186.58	1240.76
186.65	1372.85
186.73	1505.33
186.80	1600.41
186.88	1666.07
186.95	1699.78
187.03	1709.08
187.10	1687.05
187.18	1698.02
187.25	1719.22
187.33	1767.18
187.40	1850.88
187.48	1946.36
187.55	2032.76
187.63	2102.20
187.70	2150.11
187.78	2186.74
187.85	2215.32
187.93	2192.46
188.00	2132.66
188.08	2041.57
188.15	1932.70
188.23	1849.97
188.30	1832.56
188.38	1859.21
188.45	1916.42
188.53	1961.68
188.60	1993.08
188.68	1998.28
188.75	2029.24
188.83	2109.93
188.90	2226.57
188.98	2368.83
189.05	2544.08
189.13	2721.70
189.20	2894.84
189.28	3082.20
189.35	3275.97
189.43	3459.76
189.50	3592.32
189.58	3610.04
189.65	3497.34
189.73	3294.50
189.80	3042.58
189.87	2791.06
189.95	2584.77
190.02	2406.78
190.10	2239.76
190.17	2084.45
190.25	1972.77
190.32	1956.14
190.40	2050.10
190.47	2241.28
190.55	2493.34
190.62	2775.65
190.70	3018.05
190.77	3244.00
190.85	3421.88
190.92	3551.45
191.00	3619.60
191.07	3632.46
191.15	3558.88
191.22	3434.17
191.29	3262.44
191.37	3073.04
191.44	2936.34
191.52	2896.88
191.59	2917.28
191.67	2949.30
191.74	2958.39
191.82	2953.56
191.89	2958.14
191.97	3021.42
192.04	3166.44
192.12	3373.56
192.19	3553.44
192.27	3635.66
192.34	3608.54
192.41	3526.76
192.49	3440.67
192.56	3403.20
192.64	3431.00
192.71	3497.04
192.79	3513.70
192.86	3419.60
192.94	3177.24
193.01	2874.82
193.09	2623.41
193.16	2506.28
193.23	2566.57
193.31	2804.06
193.38	3167.97
193.46	3530.08
193.53	3867.70
193.61	4160.38
193.68	4394.18
193.76	4531.34
193.83	4590.45
193.91	4566.93
193.98	4475.38
194.05	4321.88
194.13	4094.88
194.20	3821.95
194.28	3553.42
194.35	3320.01
194.43	3114.82
194.50	2924.19
194.58	2755.46
194.65	2629.47
194.72	2600.04
194.80	2726.04
194.87	3034.93
194.95	3481.62
195.02	3948.58
195.10	4358.16
195.17	4698.60
195.25	4971.05
195.32	5190.38
195.39	5384.51
195.47	5546.47
195.54	5639.48
195.62	5590.10
195.69	5303.14
195.77	4751.05
195.84	4029.28
195.91	3272.44
195.99	2663.90
196.06	2340.54
196.14	2353.00
196.21	2618.66
196.29	3047.35
196.36	3538.86
196.43	4030.11
196.51	4487.65
196.58	4877.69
196.66	5201.06
196.73	5477.56
196.81	5703.48
196.88	5867.75
196.95	5979.07
197.03	5928.35
197.10	5609.48
197.18	5025.67
197.25	4319.22
197.33	3598.10
197.40	2964.06
197.47	2527.28
197.55	2377.56
197.62	2411.66
197.70	2590.68
197.77	2923.44
197.84	3374.86
197.92	3879.26
197.99	4452.52
198.07	5042.23
198.14	5585.16
198.22	6080.36
198.29	6494.31
198.36	6813.28
198.44	7035.32
198.51	7104.19
198.59	6899.87
198.66	6385.46
198.73	5619.90
198.81	4727.43
198.88	3807.82
198.96	3053.21
199.03	2637.09
199.10	2558.16
199.18	2705.33
199.25	3092.02
199.33	3666.12
199.40	4281.93
199.48	4827.75
199.55	5323.94
199.62	5789.20
199.70	6280.24
199.77	6816.50
199.85	7401.23
199.92	7943.14
199.99	8364.96
200.07	8501.01
200.14	8218.81
200.22	7402.11
200.29	6174.28
200.36	4857.44
200.44	3695.53
200.51	2888.35
200.59	2602.85
200.66	2775.16
200.73	3147.65
200.81	3604.28
200.88	4114.56
200.95	4708.44
201.03	5358.53
201.10	6043.34
201.18	6710.32
201.25	7327.02
201.32	7823.61
201.40	8227.53
201.47	8512.69
201.55	8587.35
201.62	8288.84
201.69	7560.68
201.77	6591.89
201.84	5571.62
201.92	4570.32
201.99	3746.07
202.06	3294.34
202.14	3146.57
202.21	3193.89
202.28	3502.82
202.36	4084.46
202.43	4813.14
202.51	5551.22
202.58	6244.26
202.65	6882.78
202.73	7526.30
202.80	8207.10
202.87	8947.07
202.95	9710.48
203.02	10366.52
203.10	10802.69
203.17	10976.64
203.24	10696.97
203.32	9759.56
203.39	8249.83
203.46	6562.48
203.54	4988.43
203.61	3818.96
203.69	3306.22
203.76	3490.22
203.83	4059.83
203.91	4769.19
203.98	5567.42
204.05	6437.54
204.13	7369.62
204.20	8309.74
204.28	9215.31
204.35	9970.76
204.42	10541.32
204.50	10930.43
204.57	11177.90
204.64	11259.37
204.72	11086.01
204.79	10430.08
204.86	9256.59
204.94	7815.42
205.01	6338.80
205.09	4984.22
205.16	4053.73
205.23	3701.62
205.31	3770.74
205.38	4124.63
205.45	4791.52
205.53	5725.94
205.60	6801.91
205.67	7905.11
205.75	8925.98
205.82	9802.84
205.89	10570.77
205.97	11301.08
206.04	12041.09
206.12	12843.80
206.19	13642.53
206.26	14262.59
206.34	14569.72
206.41	14352.80
206.48	13364.80
206.56	11547.84
206.63	9331.57
206.70	7148.38
206.78	5361.50
206.85	4321.62
206.92	4236.50
207.00	4831.81
207.07	5744.29
207.14	6803.64
207.22	7933.04
207.29	9089.23
207.36	10268.39
207.44	11456.68
207.51	12621.32
207.58	13748.49
207.66	14795.08
207.73	15705.49
207.80	16394.53
207.88	16771.88
207.95	16782.23
208.02	16306.77
208.10	15054.56
208.17	13023.15
208.25	10674.20
208.32	8423.29
208.39	6561.52
208.47	5485.86
208.54	5300.51
208.61	5698.80
208.69	6358.90
208.76	7194.00
208.83	8202.93
208.90	9389.20
208.98	10687.91
209.05	12020.57
209.12	13323.66
209.20	14539.05
209.27	15641.22
209.34	16646.09
209.42	17566.64
209.49	18320.27
209.56	18800.44
209.64	18957.09
209.71	18488.30
209.78	17114.22
209.86	14997.84
209.93	12637.45
210.00	10214.11
210.08	8132.80
210.15	6891.78
210.22	6565.91
210.30	6834.06
210.37	7586.37
210.44	8709.84
210.52	10011.48
210.59	11359.80
210.66	12662.87
210.74	13898.88
210.81	15066.62
210.88	16228.14
210.96	17373.11
211.03	18520.08
211.10	19646.91
211.17	20666.14
211.25	21373.14
211.32	21644.76
211.39	21343.20
211.47	20221.02
211.54	18096.72
211.61	15328.54
211.69	12579.09
211.76	10342.62
211.83	9006.20
211.91	8854.51
211.98	9615.65
212.05	10747.30
212.12	11892.57
212.20	12967.76
212.27	13913.50
212.34	14741.95
212.42	15506.57
212.49	16302.50
212.56	17157.32
212.64	18144.02
212.71	19267.18
212.78	20430.82
212.85	21450.80
212.93	22164.58
213.00	22480.74
213.07	22282.35
213.15	21233.76
213.22	19365.94
213.29	17194.22
213.37	15017.79
213.44	13083.43
213.51	11924.88
213.58	11731.92
213.66	12161.96
213.73	12990.00
213.80	14092.50
213.88	15216.20
213.95	16099.41
214.02	16748.36
214.09	17311.78
214.17	17899.76
214.24	18654.36
214.31	19691.53
214.39	20928.14
214.46	22143.12
214.53	23159.58
214.60	23942.23
214.68	24462.31
214.75	24666.07
214.82	24514.50
214.90	23836.94
214.97	22302.52
215.04	20003.58
215.11	17538.22
215.19	15460.80
215.26	14226.04
215.33	14122.90
215.41	15090.07
215.48	16560.64
215.55	18002.48
215.62	19178.74
215.70	20200.02
215.77	21135.72
215.84	22073.82
215.91	23028.50
215.99	24020.54
216.06	24938.60
216.13	25639.69
216.21	26031.77
216.28	26262.85
216.35	26417.72
216.42	26474.58
216.50	26447.18
216.57	26302.91
216.64	25644.08
216.71	24148.30
216.79	22146.12
216.86	20137.51
216.93	18436.58
217.01	17464.58
217.08	17542.42
217.15	18454.05
217.22	19772.78
217.30	21245.11
217.37	22725.23
217.44	24102.55
217.51	25277.14
217.59	26197.80
217.66	26910.37
217.73	27480.92
217.80	27917.99
217.88	28211.49
217.95	28443.79
218.02	28668.27
218.09	28898.30
218.17	29210.68
218.24	29549.00
218.31	29789.35
218.38	29738.39
218.46	29138.44
218.53	27674.67
218.60	25652.05
218.67	23552.54
218.75	21803.48
218.82	20809.80
218.89	20905.18
218.96	21871.19
219.04	23274.91
219.11	24758.00
219.18	26050.18
219.25	27131.96
219.33	28052.25
219.40	28858.58
219.47	29599.84
219.54	30321.38
219.62	30979.10
219.69	31554.94
219.76	32099.19
219.83	32578.06
219.91	33031.23
219.98	33447.31
220.05	33715.46
220.12	33711.30
220.20	33409.19
220.27	32629.76
220.34	31186.28
220.41	29341.77
220.49	27545.21
220.56	26164.22
220.63	25465.23
220.70	25627.90
220.78	26453.36
220.85	27509.45
220.92	28469.59
220.99	29278.14
221.06	29994.27
221.14	30651.32
221.21	31308.32
221.28	31993.42
221.35	32682.84
221.43	33355.23
221.50	33995.56
221.57	34590.32
221.64	35123.09
221.72	35553.47
221.79	35867.69
221.86	36010.68
221.93	35967.91
222.00	35758.68
222.08	35346.54
222.15	34579.06
222.22	33621.67
222.29	32704.53
222.37	31957.09
222.44	31482.36
222.51	31401.17
222.58	31616.19
222.65	31914.38
222.73	32199.12
222.80	32481.95
222.87	32846.70
222.94	33278.61
223.02	33778.15
223.09	34313.66
223.16	34882.76
223.23	35453.92
223.30	36038.12
223.38	36618.28
223.45	37152.91
223.52	37585.40
223.59	37879.98
223.66	37984.47
223.74	37889.98
223.81	37676.19
223.88	37425.02
223.95	37149.54
224.03	36826.02
224.10	36500.93
224.17	36211.51
224.24	35962.82
224.31	35778.32
224.39	35770.61
224.46	35931.16
224.53	36181.82
224.60	36448.20
224.67	36749.84
224.75	37069.82
224.82	37410.88
224.89	37783.06
224.96	38199.96
225.03	38614.40
225.11	39008.77
225.18	39371.78
225.25	39672.98
225.32	39877.02
225.39	39997.80
225.47	40024.36
225.54	39905.19
225.61	39584.41
225.68	39161.50
225.75	38788.90
225.83	38522.28
225.90	38395.37
225.97	38474.84
226.04	38705.53
226.11	38955.12
226.19	39197.04
226.26	39470.48
226.33	39777.89
226.40	40109.15
226.47	40446.89
226.54	40774.86
226.62	41071.28
226.69	41315.70
226.76	41516.68
226.83	41690.55
226.90	41842.33
226.98	41960.46
227.05	42071.76
227.12	42168.89
227.19	42233.80
227.26	42268.76
227.34	42287.32
227.41	42255.39
227.48	42118.60
227.55	41833.18
227.62	41501.95
227.69	41248.10
227.77	41118.26
227.84	41157.54
227.91	41411.60
227.98	41762.17
228.05	42072.40
228.12	42345.78
228.20	42589.43
228.27	42810.86
228.34	43022.03
228.41	43252.11
228.48	43460.80
228.56	43634.12
228.63	43755.10
228.70	43856.18
228.77	43937.38
228.84	44043.72
228.91	44175.89
228.99	44343.34
229.06	44537.04
229.13	44719.94
229.20	44872.32
229.27	44984.21
229.34	45056.50
229.42	45047.82
229.49	44981.87
229.56	44846.84
229.63	44693.47
229.70	44546.92
229.77	44462.02
229.85	44474.16
229.92	44578.58
229.99	44735.00
230.06	44935.68
230.13	45150.09
230.20	45338.38
230.27	45508.62
230.35	45676.92
230.42	45826.52
230.49	45964.20
230.56	46082.06
230.63	46193.56
230.70	46268.07
230.78	46326.91
230.85	46392.22
230.92	46465.30
230.99	46565.92
231.06	46723.59
231.13	46905.87
231.20	47073.66
231.28	47224.96
231.35	47352.97
231.42	47434.46
231.49	47499.83
231.56	47549.64
231.63	47588.93
231.71	47598.38
231.78	47627.30
231.85	47655.70
231.92	47701.84
231.99	47777.98
232.06	47884.38
232.13	47997.83
232.21	48102.36
232.28	48182.68
232.35	48245.54
232.42	48305.92
232.49	48359.88
232.56	48428.17
232.63	48499.17
232.71	48589.22
232.78	48668.84
232.85	48750.55
232.92	48838.08
232.99	48959.30
233.06	49076.70
233.13	49197.75
233.20	49299.10
233.28	49385.76
233.35	49463.06
233.42	49530.58
233.49	49608.75
233.56	49695.92
233.63	49787.37
233.70	49866.12
233.78	49959.76
233.85	50061.62
233.92	50148.12
233.99	50233.60
234.06	50326.05
234.13	50417.04
234.20	50492.15
234.27	50575.40
234.35	50637.89
234.42	50681.04
234.49	50718.33
234.56	50733.93
234.63	50749.76
234.70	50765.32
234.77	50784.56
234.84	50800.66
234.92	50849.94
234.99	50912.29
235.06	50998.18
235.13	51088.84
235.20	51186.82
235.27	51273.10
235.34	51363.64
235.41	51431.78
235.48	51519.98
235.56	51592.23
235.63	51669.28
235.70	51724.04
235.77	51780.70
235.84	51812.58
235.91	51844.78
235.98	51865.01
236.05	51901.70
236.12	51951.20
236.20	51989.08
236.27	52046.61
236.34	52108.54
236.41	52144.82
236.48	52183.50
236.55	52235.47
236.62	52275.61
236.69	52318.23
236.76	52403.04
236.84	52471.20
236.91	52539.28
236.98	52608.40
237.05	52657.00
237.12	52677.06
237.19	52711.12
237.26	52749.35
237.33	52788.72
237.40	52833.12
237.47	52874.70
237.55	52920.04
237.62	52976.15
237.69	53025.46
237.76	53088.35
237.83	53153.34
237.90	53200.81
237.97	53235.36
238.04	53270.70
238.11	53297.57
238.18	53346.42
238.26	53394.48
238.33	53431.36
238.40	53464.10
238.47	53504.83
238.54	53518.10
238.61	53532.78
238.68	53536.51
238.75	53543.16
238.82	53565.65
238.89	53601.91
238.96	53653.78
239.04	53719.70
239.11	53783.90
239.18	53818.60
239.25	53834.63
239.32	53839.57
239.39	53831.27
239.46	53824.55
239.53	53819.04
239.60	53807.49
239.67	53808.58
239.74	53827.40
239.81	53847.47
239.89	53867.00
239.96	53889.88
240.03	53909.13
240.10	53931.99
240.17	53945.98
240.24	53968.63
240.31	54008.52
240.38	54045.18
240.45	54097.09
240.52	54165.97
240.59	54227.51
240.66	54279.51
240.73	54320.62
240.80	54339.77
240.88	54339.60
240.95	54346.90
241.02	54359.11
241.09	54371.61
241.16	54390.15
241.23	54414.24
241.30	54413.12
241.37	54376.68
241.44	54352.08
241.51	54342.12
241.58	54342.36
241.65	54363.59
241.72	54416.42
241.79	54450.25
241.86	54454.15
241.94	54447.96
242.01	54426.42
242.08	54397.26
242.15	54396.48
242.22	54399.97
242.29	54388.20
242.36	54390.36
242.43	54382.62
242.50	54365.12
242.57	54350.34
242.64	54357.56
242.71	54364.61
242.78	54379.80
242.85	54385.30
242.92	54397.16
242.99	54399.30
243.06	54407.42
243.14	54423.67
243.21	54440.53
243.28	54442.72
243.35	54456.50
243.42	54467.11
243.49	54469.21
243.56	54468.64
243.63	54480.28
243.70	54471.92
243.77	54450.20
243.84	54432.46
243.91	54403.14
243.98	54371.95
244.05	54336.96
244.12	54312.90
244.19	54285.22
244.26	54269.67
244.33	54251.92
244.40	54242.44
244.47	54228.82
244.54	54215.81
244.62	54180.31
244.69	54138.15
244.76	54112.98
244.83	54092.10
244.90	54078.18
244.97	54094.18
245.04	54110.02
245.11	54112.01
245.18	54086.36
245.25	54057.60
245.32	54034.56
245.39	54029.76
245.46	54024.73
245.53	54034.54
245.60	54051.03
245.67	54075.86
245.74	54092.19
245.81	54111.03
245.88	54127.01
245.95	54135.23
246.02	54104.81
246.09	54049.13
246.16	53990.53
246.23	53928.92
246.30	53877.10
246.37	53844.52
246.44	53851.13
246.51	53862.52
246.58	53884.35
246.65	53897.25
246.72	53909.26
246.79	53900.58
246.87	53877.03
246.94	53858.16
247.01	53839.80
247.08	53804.08
247.15	53754.53
247.22	53699.11
247.29	53644.62
247.36	53593.83
247.43	53558.10
247.50	53538.88
247.57	53537.64
247.64	53536.54
247.71	53524.57
247.78	53517.92
247.85	53524.56
247.92	53530.50
247.99	53520.94
248.06	53515.74
248.13	53500.93
248.20	53472.58
248.27	53433.08
248.34	53407.54
248.41	53385.09
248.48	53380.94
248.55	53376.05
248.62	53389.50
248.69	53412.64
248.76	53414.65
248.83	53396.36
248.90	53366.08
248.97	53318.97
249.04	53246.85
249.11	53195.71
249.18	53149.04
249.25	53101.23
249.32	53048.50
249.39	52985.10
249.46	52907.84
249.53	52815.54
249.60	52721.04
249.67	52651.04
249.74	52620.86
249.81	52629.82
249.88	52654.95
249.95	52709.42
250.02	52761.24
250.09	52783.10
250.16	52769.10
250.23	52741.56
250.30	52709.51
250.37	52678.06
250.44	52672.08
250.51	52688.07
250.58	52711.21
250.65	52724.86
250.72	52710.85
250.79	52675.42
250.86	52621.64
250.93	52552.99
251.00	52459.38
251.07	52372.99
251.14	52291.12
251.21	52225.52
251.28	52174.34
251.35	52161.49
251.42	52168.43
251.49	52188.26
251.56	52196.46
251.63	52204.96
251.70	52202.90
251.77	52181.97
251.84	52155.48
251.91	52114.34
251.98	52066.90
252.05	52010.00
252.12	51953.88
252.18	51895.92
252.25	51845.17
252.32	51830.00
252.39	51824.46
252.46	51815.03
252.53	51803.38
252.60	51801.38
252.67	51784.99
252.74	51765.00
252.81	51747.18
252.88	51728.78
252.95	51688.64
253.02	51633.52
253.09	51584.46
253.16	51545.18
253.23	51497.74
253.30	51468.44
253.37	51435.03
253.44	51382.32
253.51	51314.02
253.58	51248.69
253.65	51191.48
253.72	51161.19
253.79	51139.28
253.86	51144.52
253.93	51144.70
254.00	51139.02
254.07	51114.70
254.14	51082.21
254.21	51029.38
254.28	50980.07
254.35	50944.09
254.41	50899.36
254.48	50861.02
254.55	50843.43
254.62	50826.02
254.69	50777.25
254.76	50749.48
254.83	50716.25
254.90	50677.18
254.97	50649.38
255.04	50643.22
255.11	50591.56
255.18	50507.57
255.25	50391.99
255.32	50271.34
255.39	50140.36
255.46	50051.11
255.53	50011.27
255.60	49983.16
255.67	49963.98
255.74	49959.09
255.81	49956.06
255.87	49969.32
255.94	49999.39
256.01	50038.05
256.08	50072.26
256.15	50109.76
256.22	50129.94
256.29	50149.47
256.36	50147.26
256.43	50159.78
256.50	50169.67
256.57	50163.27
256.64	50129.44
256.71	50083.00
256.78	50000.16
256.85	49911.36
256.92	49851.07
256.99	49820.79
257.05	49788.86
257.12	49755.28
257.19	49663.34
257.26	49505.34
257.33	49324.64
257.40	49173.60
257.47	49038.87
257.54	48984.43
257.61	48998.00
257.68	49059.51
257.75	49125.06
257.82	49213.83
257.89	49261.58
257.96	49260.10
258.03	49193.31
258.09	49087.86
258.16	48939.08
258.23	48792.98
258.30	48684.33
258.37	48612.50
258.44	48586.54
258.51	48589.06
258.58	48630.62
258.65	48673.76
258.72	48719.68
258.79	48728.42
258.86	48721.61
258.93	48675.16
258.99	48607.88
259.06	48522.72
259.13	48448.79
259.20	48384.61
259.27	48337.86
259.34	48294.23
259.41	48265.03
259.48	48241.98
259.55	48202.44
259.62	48163.16
259.69	48099.70
259.76	48021.58
259.82	47937.88
259.89	47894.60
259.96	47848.97
260.03	47828.59
260.10	47812.38
260.17	47780.16
260.24	47714.94
260.31	47653.35
260.38	47606.93
260.45	47565.33
260.52	47516.05
260.59	47452.85
260.65	47383.90
260.72	47321.34
260.79	47282.04
260.86	47256.88
260.93	47233.65
261.00	47182.40
261.07	47082.99
261.14	46925.12
261.21	46763.34
261.28	46617.50
261.34	46500.86
261.41	46421.06
261.48	46402.80
261.55	46423.90
261.62	46451.56
261.69	46465.40
261.76	46460.66
261.83	46424.96
261.90	46338.13
261.97	46231.50
262.03	46143.70
262.10	46085.70
262.17	46031.54
262.24	46032.89
262.31	46066.30
262.38	46106.62
262.45	46127.06
262.52	46147.28
262.59	46125.04
262.65	46086.60
262.72	46038.44
262.79	46004.66
262.86	45972.64
262.93	45953.84
263.00	45920.31
263.07	45878.60
263.14	45831.64
263.21	45815.34
263.27	45829.05
263.34	45872.61
263.41	45894.22
263.48	45865.21
263.55	45765.20
263.62	45598.08
263.69	45416.11
263.76	45262.58
263.82	45175.62
263.89	45146.18
263.96	45150.33
264.03	45131.01
264.10	45088.13
264.17	44981.84
264.24	44849.36
264.31	44711.32
264.38	44580.48
264.44	44437.92
264.51	44299.05
264.58	44176.58
264.65	44071.33
264.72	43984.94
264.79	43953.76
264.86	43982.79
264.92	44003.19
264.99	44033.93
265.06	44038.38
265.13	43990.46
265.20	43914.98
265.27	43842.92
265.34	43765.99
265.41	43741.86
265.47	43780.17
265.54	43835.72
265.61	43908.97
265.68	43964.19
265.75	43943.08
265.82	43842.44
265.89	43691.18
265.95	43510.62
266.02	43315.86
266.09	43173.78
266.16	43077.76
266.23	43010.88
266.30	42963.50
266.37	42939.02
266.44	42920.14
266.50	42921.01
266.57	42926.60
266.64	42885.47
266.71	42788.74
266.78	42646.06
266.85	42463.61
266.91	42318.00
266.98	42237.69
267.05	42227.44
267.12	42277.16
267.19	42367.01
267.26	42439.97
267.33	42496.04
267.39	42510.96
267.46	42463.61
267.53	42354.17
267.60	42233.73
267.67	42117.30
267.74	42047.85
267.81	42038.88
267.87	42085.65
267.94	42154.90
268.01	42191.81
268.08	42170.78
268.15	42060.32
268.22	41880.64
268.28	41618.28
268.35	41317.62
268.42	41020.30
268.49	40792.45
268.56	40638.20
268.63	40576.83
268.69	40624.88
268.76	40739.05
268.83	40888.30
268.90	41050.22
268.97	41181.76
269.04	41245.23
269.11	41232.40
269.17	41155.57
269.24	41045.95
269.31	40964.15
269.38	40922.04
269.45	40935.31
269.52	40980.78
269.58	41032.04
269.65	41021.24
269.72	40972.76
269.79	40901.00
269.86	40796.62
269.92	40649.37
269.99	40511.20
270.06	40372.33
270.13	40258.24
270.20	40181.52
270.27	40170.62
270.33	40195.95
270.40	40223.63
270.47	40229.38
270.54	40231.48
270.61	40219.42
270.68	40231.06
270.74	40252.22
270.81	40269.49
270.88	40257.07
270.95	40198.28
271.02	40058.95
271.08	39909.32
271.15	39756.04
271.22	39638.15
271.29	39547.14
271.36	39459.87
271.43	39382.10
271.49	39327.68
271.56	39249.76
271.63	39170.98
271.70	39132.76
271.77	39103.42
271.83	39047.46
271.90	38995.39
271.97	38956.12
272.04	38900.22
272.11	38837.16
272.17	38798.13
272.24	38769.22
272.31	38739.92
272.38	38740.84
272.45	38728.11
272.52	38700.47
272.58	38667.24
272.65	38649.56
272.72	38602.14
272.79	38564.92
272.86	38544.68
272.92	38536.02
272.99	38504.21
273.06	38464.98
273.13	38388.54
273.20	38261.47
273.26	38076.91
273.33	37874.20
273.40	37691.56
273.47	37577.26
273.54	37520.14
273.60	37520.04
273.67	37557.09
273.74	37638.86
273.81	37727.00
273.88	37856.92
273.94	38026.26
274.01	38217.12
274.08	38389.63
274.15	38522.76
274.21	38574.27
274.28	38540.95
274.35	38428.56
274.42	38243.44
274.49	38032.02
274.55	37829.04
274.62	37653.72
274.69	37504.00
274.76	37401.12
274.83	37339.86
274.89	37300.42
274.96	37255.12
275.03	37226.33
275.10	37191.85
275.17	37158.52
275.23	37114.16
275.30	37094.90
275.37	37099.26
275.44	37131.70
275.50	37159.84
275.57	37199.61
275.64	37203.92
275.71	37187.41
275.78	37164.50
275.84	37171.08
275.91	37169.86
275.98	37193.85
276.05	37205.50
276.11	37183.54
276.18	37080.42
276.25	36919.04
276.32	36728.97
276.39	36527.54
276.45	36343.60
276.52	36215.08
276.59	36159.25
276.66	36171.19
276.72	36219.75
276.79	36289.86
276.86	36339.10
276.93	36343.62
276.99	36263.10
277.06	36147.38
277.13	36036.86
277.20	35958.90
277.26	35940.57
277.33	35997.58
277.40	36097.59
277.47	36157.55
277.54	36169.12
277.60	36101.08
277.67	35963.99
277.74	35756.30
277.81	35532.98
277.87	35325.60
277.94	35168.40
278.01	35070.61
278.08	35042.59
278.14	35082.82
278.21	35181.42
278.28	35329.96
278.35	35500.77
278.41	35683.66
278.48	35850.62
278.55	35954.31
278.62	35961.35
278.68	35853.27
278.75	35635.28
278.82	35324.90
278.89	35000.83
278.95	34748.32
279.02	34610.53
279.09	34614.27
279.16	34738.76
279.22	34949.70
279.29	35171.48
279.36	35365.72
279.43	35431.95
279.49	35341.32
279.56	35068.60
279.63	34691.36
279.70	34282.86
279.76	33932.54
279.83	33713.20
279.90	33661.69
279.97	33692.58
280.03	33761.24
280.10	33852.06
280.17	33944.44
280.24	34031.50
280.30	34111.78
280.37	34185.40
280.44	34244.92
280.51	34297.59
280.57	34338.96
280.64	34394.26
280.71	34458.84
280.77	34508.46
280.84	34506.26
280.91	34454.06
280.98	34341.74
281.04	34185.22
281.11	34013.80
281.18	33837.58
281.25	33631.64
281.31	33421.13
281.38	33190.84
281.45	32978.55
281.52	32807.47
281.58	32658.83
281.65	32548.92
281.72	32493.04
281.78	32467.82
281.85	32460.00
281.92	32510.16
281.99	32601.29
282.05	32711.93
282.12	32841.18
282.19	32991.02
282.26	33158.28
282.32	33293.66
282.39	33422.88
282.46	33505.02
282.52	33562.70
282.59	33597.83
282.66	33660.45
282.73	33706.95
282.79	33746.90
282.86	33697.85
282.93	33512.71
282.99	33215.45
283.06	32837.20
283.13	32423.46
283.20	32071.24
283.26	31839.54
283.33	31697.03
283.40	31650.13
283.46	31686.34
283.53	31756.38
283.60	31845.30
283.67	31947.02
283.73	32060.37
283.80	32160.68
283.87	32270.52
283.93	32388.84
284.00	32500.62
284.07	32583.19
284.13	32624.30
284.20	32614.94
284.27	32550.00
284.34	32477.32
284.40	32409.66
284.47	32357.08
284.54	32301.85
284.60	32240.72
284.67	32139.21
284.74	32009.40
284.81	31876.55
284.87	31741.27
284.94	31562.36
285.01	31350.36
285.07	31098.31
285.14	30827.58
285.21	30599.52
285.27	30458.90
285.34	30433.56
285.41	30504.90
285.47	30641.80
285.54	30807.13
285.61	30979.72
285.68	31125.93
285.74	31270.54
285.81	31404.15
285.88	31527.00
285.94	31651.34
286.01	31785.56
286.08	31914.23
286.14	32035.36
286.21	32121.46
286.28	32187.58
286.34	32160.72
286.41	32021.81
286.48	31763.72
286.55	31418.54
286.61	31024.64
286.68	30657.45
286.75	30358.34
286.81	30149.62
286.88	30036.89
286.95	29963.72
287.01	29983.87
287.08	30055.82
287.15	30165.99
287.21	30274.09
287.28	30399.40
287.35	30494.02
287.41	30585.66
287.48	30663.46
287.55	30749.86
287.61	30851.46
287.68	30926.59
287.75	30996.42
287.81	31079.38
287.88	31156.16
287.95	31228.52
288.01	31301.65
288.08	31364.10
288.15	31390.10
288.21	31404.80
288.28	31366.30
288.35	31304.28
288.41	31178.26
288.48	30978.20
288.55	30698.29
288.61	30387.51
288.68	30061.72
288.75	29772.20
288.81	29579.34
288.88	29494.35
288.95	29516.84
289.01	29623.19
289.08	29812.26
289.15	30043.21
289.21	30311.66
289.28	30566.12
289.35	30800.64
289.41	30975.63
289.48	31086.09
289.55	31113.94
289.61	31103.64
289.68	31066.71
289.75	30991.36
289.81	30903.68
289.88	30778.50
289.95	30612.72
290.01	30440.60
290.08	30297.88
290.15	30176.82
290.21	30125.52
290.28	30115.54
290.35	30102.28
290.41	30042.36
290.48	29926.70
290.55	29727.32
290.61	29518.14
290.68	29350.56
290.74	29283.01
290.81	29321.70
290.88	29457.94
290.94	29665.38
291.01	29892.10
291.08	30099.92
291.14	30308.29
291.21	30517.74
291.28	30703.77
291.34	30877.56
291.41	31016.88
291.48	31105.72
291.54	31135.48
291.61	31090.95
291.68	30953.80
291.74	30764.68
291.81	30562.45
291.87	30386.28
291.94	30198.32
292.01	30013.97
292.07	29833.18
292.14	29628.79
292.21	29394.58
292.27	29207.88
292.34	29069.21
292.41	28995.30
292.47	28970.91
292.54	29018.29
292.60	29114.98
292.67	29266.09
292.74	29437.70
292.80	29640.80
292.87	29851.91
292.94	30064.06
293.00	30273.12
293.07	30475.22
293.13	30672.74
293.20	30849.04
293.27	31002.33
293.33	31103.60
293.40	31156.80
293.47	31138.13
293.53	31045.53
293.60	30846.87
293.66	30538.06
293.73	30170.88
293.80	29782.65
293.86	29410.52
293.93	29128.20
294.00	28976.17
294.06	28907.74
294.13	28890.78
294.19	28891.94
294.26	28884.77
294.33	28851.15
294.39	28796.11
294.46	28759.64
294.52	28783.52
294.59	28886.28
294.66	29068.98
294.72	29306.64
294.79	29583.54
294.86	29873.14
294.92	30129.00
294.99	30377.50
295.05	30621.01
295.12	30831.26
295.19	31018.75
295.25	31170.07
295.32	31272.45
295.38	31317.52
295.45	31335.08
295.52	31272.36
295.58	31118.18
295.65	30884.20
295.71	30577.12
295.78	30173.86
295.85	29740.10
295.91	29337.03
295.98	28936.71
296.04	28583.85
296.11	28327.51
296.18	28175.00
296.24	28139.72
296.31	28238.50
296.37	28448.98
296.44	28749.26
296.51	29078.64
296.57	29417.50
296.64	29734.95
296.70	30018.17
296.77	30231.62
296.84	30411.16
296.90	30576.27
296.97	30738.61
297.03	30909.35
297.10	31098.13
297.17	31297.11
297.23	31468.76
297.30	31612.94
297.36	31696.62
297.43	31736.15
297.50	31695.94
297.56	31573.27
297.63	31347.64
297.69	30996.00
297.76	30513.48
297.82	29975.24
297.89	29426.59
297.96	28938.24
298.02	28578.73
298.09	28375.53
298.15	28291.04
298.22	28295.58
298.29	28354.58
298.35	28473.48
298.42	28635.86
298.48	28842.28
298.55	29093.97
298.61	29382.36
298.68	29687.99
298.75	29967.81
298.81	30251.44
298.88	30506.24
298.94	30730.32
299.01	30938.00
299.08	31132.96
299.14	31304.44
299.21	31448.69
299.27	31573.76
299.34	31648.46
299.40	31714.04
299.47	31724.96
299.54	31713.03
299.60	31656.87
299.67	31536.19
299.73	31266.64
299.80	30827.77
299.86	30191.74
299.93	29454.39
299.99	28766.68
300.06	28211.33
300.13	27861.28
300.19	27768.82
300.26	27865.04
300.32	28062.23
300.39	28338.24
300.45	28667.04
300.52	29026.98
300.59	29386.42
300.65	29717.36
300.72	30026.34
300.78	30301.70
300.85	30538.46
300.91	30746.29
300.98	30928.89
301.04	31097.22
301.11	31247.21
301.18	31375.72
301.24	31493.06
301.31	31593.61
301.37	31664.66
301.44	31712.59
301.50	31719.32
301.57	31661.72
301.63	31558.06
301.70	31363.38
301.77	31050.88
301.83	30635.62
301.90	30147.65
301.96	29609.35
302.03	29090.78
302.09	28671.38
302.16	28365.71
302.22	28201.70
302.29	28152.92
302.36	28225.75
302.42	28360.67
302.49	28584.72
302.55	28847.45
302.62	29131.82
302.68	29412.76
302.75	29698.34
302.81	29946.97
302.88	30178.72
302.94	30379.88
303.01	30567.68
303.07	30723.28
303.14	30874.58
303.21	30994.58
303.27	31104.74
303.34	31179.96
303.40	31238.79
303.47	31250.10
303.53	31235.51
303.60	31211.02
303.66	31157.16
303.73	31091.68
303.79	30988.51
303.86	30830.51
303.92	30587.46
303.99	30247.88
304.05	29760.67
304.12	29238.77
304.19	28773.10
304.25	28391.02
304.32	28153.44
304.38	28085.42
304.45	28143.14
304.51	28264.76
304.58	28443.29
304.64	28657.73
304.71	28909.81
304.77	29143.48
304.84	29374.39
304.90	29584.41
304.97	29754.89
305.03	29898.36
305.10	30040.02
305.16	30161.96
305.23	30264.98
305.29	30353.47
305.36	30424.28
305.42	30473.38
305.49	30494.60
305.56	30500.42
305.62	30486.14
305.69	30441.25
305.75	30382.80
305.82	30262.58
305.88	30069.16
305.95	29827.50
306.01	29550.82
306.08	29237.62
306.14	28935.33
306.21	28641.67
306.27	28350.97
306.34	28078.85
306.40	27825.56
306.47	27636.94
306.53	27552.75
306.60	27554.14
306.66	27655.45
306.73	27815.18
306.79	27998.52
306.86	28179.09
306.92	28359.97
306.99	28514.60
307.05	28655.79
307.12	28781.58
307.18	28880.69
307.25	28971.72
307.31	29043.00
307.38	29097.47
307.44	29137.68
307.51	29164.74
307.57	29163.50
307.64	29147.14
307.70	29133.59
307.77	29099.64
307.83	29063.86
307.90	29024.67
307.96	28975.16
308.03	28886.53
308.09	28783.65
308.16	28669.34
308.22	28536.22
308.29	28374.10
308.35	28195.29
308.42	27977.32
308.48	27711.31
308.55	27444.43
308.61	27219.99
308.68	27050.43
308.74	26955.31
308.81	26951.98
308.87	27002.77
308.94	27092.47
309.00	27211.98
309.07	27342.50
309.13	27465.24
309.20	27586.46
309.26	27676.38
309.33	27737.76
309.39	27793.84
309.45	27831.70
309.52	27843.41
309.58	27842.82
309.65	27827.88
309.71	27789.72
309.78	27748.50
309.84	27695.74
309.91	27647.68
309.97	27584.54
310.04	27522.91
310.10	27450.15
310.17	27389.24
310.23	27308.89
310.30	27252.56
310.36	27175.38
310.43	27073.76
310.49	26930.70
310.56	26778.60
310.62	26600.65
310.69	26437.38
310.75	26306.44
310.81	26237.16
310.88	26203.57
310.94	26195.38
311.01	26204.38
311.07	26220.09
311.14	26232.78
311.20	26244.65
311.27	26272.12
311.33	26305.68
311.40	26343.70
311.46	26378.10
311.53	26418.72
311.59	26451.42
311.66	26478.36
311.72	26487.38
311.78	26485.76
311.85	26470.46
311.91	26446.34
311.98	26404.38
312.04	26365.53
312.11	26324.06
312.17	26272.84
312.24	26222.51
312.30	26173.48
312.37	26116.75
312.43	26056.02
312.50	25988.56
312.56	25912.74
312.62	25833.42
312.69	25755.57
312.75	25657.86
312.82	25558.66
312.88	25450.35
312.95	25337.94
313.01	25221.39
313.08	25125.43
313.14	25049.72
313.20	24992.31
313.27	24950.94
313.33	24937.38
313.40	24940.82
313.46	24942.48
313.53	24957.88
313.59	24983.05
313.66	25002.08
313.72	25012.54
313.78	25015.82
313.85	25013.55
313.91	25005.92
313.98	24988.68
314.04	24969.75
314.11	24960.69
314.17	24940.24
314.24	24904.96
314.30	24871.92
314.36	24831.74
314.43	24785.46
314.49	24728.48
314.56	24673.67
314.62	24600.36
314.69	24530.89
314.75	24464.68
314.81	24403.91
314.88	24357.68
314.94	24325.86
315.01	24281.48
315.07	24220.33
315.14	24165.59
315.20	24099.74
315.27	24034.88
315.33	23983.54
315.39	23944.05
315.46	23906.85
315.52	23860.50
315.59	23816.69
315.65	23764.83
315.72	23721.14
315.78	23677.79
315.84	23651.50
315.91	23637.04
315.97	23640.87
316.04	23655.03
316.10	23661.52
316.16	23658.46
316.23	23616.62
316.29	23544.99
316.36	23425.10
316.42	23278.99
316.49	23095.95
316.55	22910.89
316.61	22707.90
316.68	22497.62
316.74	22291.18
316.81	22083.68
316.87	21882.30
316.93	21671.03
317.00	21478.56
317.06	21279.70
317.13	21077.94
317.19	20870.87
317.26	20667.30
317.32	20461.92
317.38	20262.98
317.45	20075.02
317.51	19884.35
317.58	19704.25
317.64	19512.98
317.70	19323.38
317.77	19132.27
317.83	18942.67
317.90	18746.43
317.96	18549.88
318.02	18347.92
318.09	18162.04
318.15	17963.11
318.22	17766.93
318.28	17574.70
318.34	17378.56
318.41	17172.83
318.47	16971.59
318.54	16789.38
318.60	16604.98
318.66	16431.27
318.73	16251.18
318.79	16087.06
318.86	15909.86
318.92	15737.27
318.98	15569.18
319.05	15399.31
319.11	15225.52
319.18	15049.32
319.24	14878.35
319.30	14687.41
319.37	14515.58
319.43	14342.28
319.50	14163.62
319.56	13976.60
319.62	13803.53
319.69	13626.39
319.75	13455.11
319.82	13287.82
319.88	13123.12
319.94	12956.09
320.01	12797.79
320.07	12616.90
320.13	12452.36
320.20	12285.18
320.26	12121.80
320.33	11951.52
320.39	11800.33
320.45	11638.61
320.52	11486.26
320.58	11328.15
320.65	11169.07
320.71	11002.68
320.77	10843.78
320.84	10676.50
320.90	10515.35
320.96	10351.23
321.03	10179.70
321.09	10003.98
321.16	9832.17
321.22	9658.76
321.28	9486.85
321.35	9338.73
321.41	9187.33
321.47	9034.92
321.54	8891.14
321.60	8738.34
321.67	8578.36
321.73	8424.18
321.79	8270.34
321.86	8110.73
321.92	7955.55
321.98	7788.08
322.05	7614.56
322.11	7438.05
322.18	7259.20
322.24	7086.66
322.30	6921.99
322.37	6768.72
322.43	6607.68
322.49	6457.20
322.56	6293.54
322.62	6135.40
322.68	5968.82
322.75	5817.62
322.81	5648.60
322.88	5491.72
322.94	5333.95
323.00	5172.36
323.07	5013.46
323.13	4865.09
323.19	4713.95
323.26	4565.73
323.32	4425.96
323.38	4279.50
323.45	4074.42
323.51	3491.33
323.57	2683.92
323.64	1834.83
323.70	1019.39
323.76	292.50
323.83	-24.66
323.89	-90.12
323.96	-90.88
