180.25	3524.80
180.33	-135.54
180.40	660.51
180.48	-27.66
180.56	17.15
180.63	53.05
180.71	95.61
180.78	91.06
180.86	90.05
180.93	94.74
181.01	98.07
181.08	95.99
181.16	94.99
181.23	96.55
181.31	95.73
181.39	119.70
181.46	129.47
181.54	140.24
181.61	156.76
181.69	164.89
181.76	155.90
181.84	148.62
181.91	149.59
181.99	150.35
182.06	150.47
182.14	155.33
182.22	159.63
182.29	169.07
182.37	170.72
182.44	181.97
182.52	176.64
182.59	194.01
182.67	200.59
182.74	204.79
182.82	207.75
182.89	217.45
182.97	214.71
183.04	220.89
183.12	225.75
183.20	239.29
183.27	241.27
183.35	260.43
183.42	269.68
183.50	295.24
183.57	302.96
183.65	333.23
183.72	357.03
183.80	395.47
183.87	423.90
183.95	455.76
184.02	495.26
184.10	520.29
184.17	536.00
184.25	538.88
184.32	532.77
184.40	508.27
184.47	467.35
184.55	425.70
184.62	413.69
184.70	424.55
184.78	441.67
184.85	504.73
184.93	578.98
185.00	646.47
185.08	715.33
185.15	785.95
185.23	857.57
185.30	930.97
185.38	1004.44
185.45	1063.65
185.53	1128.21
185.60	1168.43
185.68	1211.71
185.75	1230.88
185.83	1240.67
185.90	1221.87
185.98	1171.64
186.05	1097.16
186.13	1021.70
186.20	950.62
186.28	912.52
186.35	929.48
186.43	994.17
186.50	1105.88
186.58	1244.13
186.65	1376.07
186.73	1507.50
186.80	1602.33
186.88	1667.42
186.95	1702.48
187.03	1711.73
187.10	1688.81
187.18	1698.97
187.25	1721.85
187.33	1768.30
187.40	1847.80
187.48	1943.64
187.55	2029.73
187.63	2095.55
187.70	2144.67
187.78	2186.05
187.85	2217.80
187.93	2195.13
188.00	2136.47
188.08	2044.67
188.15	1935.33
188.23	1850.29
188.30	1836.99
188.38	1866.45
188.45	1923.69
188.53	1970.99
188.60	2003.07
188.68	2005.92
188.75	2032.91
188.83	2112.67
188.90	2225.38
188.98	2366.31
189.05	2542.12
189.13	2720.76
189.20	2895.29
189.28	3085.39
189.35	3279.87
189.43	3461.77
189.50	3596.37
189.58	3615.29
189.65	3502.48
189.73	3297.11
189.80	3046.14
189.87	2794.33
189.95	2586.81
190.02	2406.75
190.10	2241.81
190.17	2084.49
190.25	1969.32
190.32	1950.69
190.40	2045.20
190.47	2234.37
190.55	2484.07
190.62	2766.39
190.70	3006.46
190.77	3232.06
190.85	3412.04
190.92	3543.21
191.00	3612.09
191.07	3627.97
191.15	3555.96
191.22	3431.51
191.29	3260.13
191.37	3073.26
191.44	2936.16
191.52	2896.13
191.59	2916.95
191.67	2952.11
191.74	2960.37
191.82	2955.52
191.89	2961.35
191.97	3022.31
192.04	3161.08
192.12	3366.38
192.19	3548.89
192.27	3626.83
192.34	3598.67
192.41	3525.61
192.49	3442.70
192.56	3401.19
192.64	3433.42
192.71	3503.13
192.79	3512.94
192.86	3421.43
192.94	3181.11
193.01	2879.74
193.09	2627.29
193.16	2514.16
193.23	2571.63
193.31	2809.80
193.38	3171.41
193.46	3530.94
193.53	3867.19
193.61	4161.08
193.68	4391.88
193.76	4524.07
193.83	4586.19
193.91	4558.81
193.98	4467.93
194.05	4315.97
194.13	4093.56
194.20	3819.81
194.28	3551.95
194.35	3314.85
194.43	3111.46
194.50	2921.78
194.58	2751.45
194.65	2628.47
194.72	2600.05
194.80	2720.12
194.87	3023.39
194.95	3468.65
195.02	3935.31
195.10	4348.26
195.17	4696.11
195.25	4970.25
195.32	5193.03
195.39	5385.35
195.47	5542.90
195.54	5639.11
195.62	5593.11
195.69	5304.85
195.77	4753.23
195.84	4032.37
195.91	3269.90
195.99	2659.47
196.06	2336.03
196.14	2347.21
196.21	2613.76
196.29	3038.24
196.36	3530.58
196.43	4024.35
196.51	4482.31
196.58	4872.28
196.66	5197.76
196.73	5470.85
196.81	5693.98
196.88	5864.78
196.95	5973.23
197.03	5926.87
197.10	5607.27
197.18	5026.45
197.25	4316.89
197.33	3597.00
197.40	2960.83
197.47	2527.84
197.55	2373.07
197.62	2405.62
197.70	2584.83
197.77	2914.37
197.84	3362.86
197.92	3872.24
197.99	4447.03
198.07	5036.67
198.14	5581.65
198.22	6082.55
198.29	6497.43
198.36	6814.31
198.44	7041.57
198.51	7117.23
198.59	6912.69
198.66	6397.50
198.73	5634.09
198.81	4738.45
198.88	3815.43
198.96	3060.19
199.03	2640.71
199.10	2559.54
199.18	2704.51
199.25	3087.71
199.33	3656.68
199.40	4273.27
199.48	4823.37
199.55	5322.31
199.62	5789.26
199.70	6285.35
199.77	6823.30
199.85	7406.24
199.92	7948.79
199.99	8369.60
200.07	8500.80
200.14	8220.39
200.22	7402.29
200.29	6170.90
200.36	4853.12
200.44	3696.82
200.51	2886.27
200.59	2602.27
200.66	2771.68
200.73	3145.30
200.81	3594.35
200.88	4100.03
200.95	4690.19
201.03	5341.54
201.10	6027.47
201.18	6703.54
201.25	7322.52
201.32	7820.63
201.40	8227.10
201.47	8507.14
201.55	8580.80
201.62	8294.14
201.69	7568.71
201.77	6598.00
201.84	5576.96
201.92	4575.11
201.99	3744.29
202.06	3290.30
202.14	3142.53
202.21	3193.21
202.28	3492.06
202.36	4061.61
202.43	4790.79
202.51	5532.18
202.58	6230.87
202.65	6879.56
202.73	7529.00
202.80	8212.65
202.87	8952.41
202.95	9711.46
203.02	10370.56
203.10	10818.28
203.17	10993.64
203.24	10716.47
203.32	9781.70
203.39	8269.83
203.46	6576.85
203.54	4999.77
203.61	3823.10
203.69	3305.15
203.76	3484.95
203.83	4048.21
203.91	4753.37
203.98	5556.39
204.05	6431.31
204.13	7362.33
204.20	8305.51
204.28	9214.51
204.35	9973.45
204.42	10547.36
204.50	10948.30
204.57	11200.99
204.64	11284.18
204.72	11108.63
204.79	10448.06
204.86	9265.87
204.94	7820.37
205.01	6343.27
205.09	4981.85
205.16	4051.50
205.23	3697.89
205.31	3768.77
205.38	4120.19
205.45	4787.49
205.53	5718.18
205.60	6793.75
205.67	7892.28
205.75	8919.75
205.82	9801.59
205.89	10571.24
205.97	11303.87
206.04	12054.37
206.12	12847.61
206.19	13643.32
206.26	14266.72
206.34	14578.49
206.41	14364.50
206.48	13387.28
206.56	11580.51
206.63	9361.99
206.70	7170.49
206.78	5372.27
206.85	4322.31
206.92	4224.19
207.00	4819.72
207.07	5729.38
207.14	6780.13
207.22	7903.41
207.29	9068.25
207.36	10243.19
207.44	11438.65
207.51	12618.69
207.58	13760.99
207.66	14805.81
207.73	15722.93
207.80	16417.33
207.88	16798.38
207.95	16806.43
208.02	16330.77
208.10	15089.25
208.17	13054.57
208.25	10693.79
208.32	8439.71
208.39	6573.73
208.47	5482.21
208.54	5288.92
208.61	5690.15
208.69	6347.80
208.76	7182.08
208.83	8197.29
208.90	9387.61
208.98	10680.87
209.05	12012.45
209.12	13323.66
209.20	14543.67
209.27	15649.28
209.34	16652.77
209.42	17583.33
209.49	18334.48
209.56	18813.67
209.64	18968.98
209.71	18511.31
209.78	17137.75
209.86	15021.50
209.93	12652.62
210.00	10226.39
210.08	8141.14
210.15	6891.04
210.22	6563.19
210.30	6825.03
210.37	7573.31
210.44	8693.99
210.52	10002.98
210.59	11345.37
210.66	12657.35
210.74	13901.17
210.81	15066.99
210.88	16225.52
210.96	17374.43
211.03	18522.62
211.10	19654.90
211.17	20683.31
211.25	21397.87
211.32	21681.04
211.39	21381.91
211.47	20257.83
211.54	18137.96
211.61	15361.62
211.69	12603.09
211.76	10358.19
211.83	9007.19
211.91	8846.25
211.98	9607.49
212.05	10742.79
212.12	11892.18
212.20	12974.13
212.27	13926.33
212.34	14752.65
212.42	15517.81
212.49	16311.93
212.56	17169.32
212.64	18154.15
212.71	19273.57
212.78	20442.15
212.85	21476.27
212.93	22191.27
213.00	22510.12
213.07	22323.27
213.15	21270.91
213.22	19397.01
213.29	17221.57
213.37	15034.63
213.44	13086.85
213.51	11923.25
213.58	11725.35
213.66	12150.90
213.73	12977.65
213.80	14083.18
213.88	15203.74
213.95	16087.84
214.02	16742.83
214.09	17311.53
214.17	17903.22
214.24	18662.39
214.31	19698.49
214.39	20936.23
214.46	22151.88
214.53	23188.71
214.60	23978.18
214.68	24507.57
214.75	24728.69
214.82	24586.41
214.90	23900.57
214.97	22363.39
215.04	20057.31
215.11	17567.67
215.19	15479.91
215.26	14230.00
215.33	14118.81
215.41	15083.29
215.48	16565.13
215.55	18005.56
215.62	19188.07
215.70	20206.99
215.77	21144.72
215.84	22074.57
215.91	23034.69
215.99	24031.57
216.06	24959.02
216.13	25667.64
216.21	26068.40
216.28	26305.85
216.35	26464.54
216.42	26522.72
216.50	26491.29
216.57	26340.98
216.64	25687.33
216.71	24187.42
216.79	22181.49
216.86	20158.11
216.93	18453.86
217.01	17463.79
217.08	17531.92
217.15	18435.54
217.22	19763.71
217.30	21237.85
217.37	22724.05
217.44	24107.95
217.51	25295.49
217.59	26230.95
217.66	26954.30
217.73	27525.26
217.80	27961.95
217.88	28248.95
217.95	28470.58
218.02	28687.70
218.09	28925.94
218.17	29233.30
218.24	29573.77
218.31	29816.63
218.38	29780.13
218.46	29180.18
218.53	27718.08
218.60	25701.53
218.67	23598.40
218.75	21834.31
218.82	20823.66
218.89	20914.83
218.96	21878.53
219.04	23287.29
219.11	24765.87
219.18	26066.47
219.25	27154.97
219.33	28073.76
219.40	28885.92
219.47	29636.05
219.54	30355.06
219.62	31011.38
219.69	31601.15
219.76	32144.36
219.83	32633.01
219.91	33098.06
219.98	33516.36
220.05	33768.54
220.12	33760.12
220.20	33451.63
220.27	32669.57
220.34	31240.97
220.41	29399.67
220.49	27602.38
220.56	26211.08
220.63	25496.08
220.70	25648.04
220.78	26480.03
220.85	27526.52
220.92	28494.33
220.99	29321.73
221.06	30036.56
221.14	30685.99
221.21	31341.49
221.28	32029.36
221.35	32719.13
221.43	33397.26
221.50	34043.87
221.57	34651.38
221.64	35188.31
221.72	35614.85
221.79	35930.73
221.86	36072.71
221.93	36025.52
222.00	35815.07
222.08	35399.20
222.15	34621.65
222.22	33664.50
222.29	32737.70
222.37	31985.82
222.44	31513.81
222.51	31447.89
222.58	31662.32
222.65	31980.26
222.73	32263.61
222.80	32536.32
222.87	32887.94
222.94	33317.55
223.02	33811.20
223.09	34348.45
223.16	34936.17
223.23	35503.90
223.30	36083.63
223.38	36660.75
223.45	37190.61
223.52	37610.05
223.59	37911.73
223.66	38026.45
223.74	37936.72
223.81	37729.13
223.88	37475.77
223.95	37199.84
224.03	36871.25
224.10	36541.82
224.17	36258.27
224.24	36008.61
224.31	35830.57
224.39	35825.03
224.46	35988.65
224.53	36232.08
224.60	36510.42
224.67	36814.93
224.75	37136.19
224.82	37479.52
224.89	37855.49
224.96	38266.10
225.03	38667.61
225.11	39066.81
225.18	39434.63
225.25	39736.71
225.32	39947.61
225.39	40079.79
225.47	40096.06
225.54	39971.65
225.61	39651.00
225.68	39230.77
225.75	38847.49
225.83	38586.77
225.90	38453.71
225.97	38521.50
226.04	38747.73
226.11	38997.55
226.19	39228.73
226.26	39500.21
226.33	39816.81
226.40	40143.37
226.47	40475.89
226.54	40812.63
226.62	41110.27
226.69	41361.05
226.76	41573.57
226.83	41769.71
226.90	41921.99
226.98	42044.04
227.05	42147.75
227.12	42251.01
227.19	42302.10
227.26	42347.72
227.34	42365.35
227.41	42334.05
227.48	42181.63
227.55	41896.59
227.62	41556.67
227.69	41296.65
227.77	41154.57
227.84	41189.80
227.91	41434.16
227.98	41784.15
228.05	42100.93
228.12	42381.86
228.20	42625.90
228.27	42850.91
228.34	43060.99
228.41	43289.89
228.48	43496.07
228.56	43672.21
228.63	43809.63
228.70	43909.81
228.77	43995.63
228.84	44097.83
228.91	44235.32
228.99	44400.64
229.06	44602.21
229.13	44787.07
229.20	44949.86
229.27	45060.68
229.34	45114.91
229.42	45099.95
229.49	45026.19
229.56	44887.41
229.63	44719.41
229.70	44575.77
229.77	44484.99
229.85	44500.70
229.92	44608.44
229.99	44779.18
230.06	44984.86
230.13	45201.73
230.20	45403.60
230.27	45578.91
230.35	45741.28
230.42	45883.41
230.49	46023.79
230.56	46133.45
230.63	46240.91
230.70	46313.77
230.78	46374.39
230.85	46424.81
230.92	46500.07
230.99	46607.52
231.06	46761.82
231.13	46935.63
231.20	47117.49
231.28	47273.22
231.35	47400.41
231.42	47496.97
231.49	47582.08
231.56	47625.50
231.63	47653.97
231.71	47658.17
231.78	47668.93
231.85	47687.69
231.92	47737.55
231.99	47814.31
232.06	47926.63
232.13	48051.48
232.21	48161.68
232.28	48248.39
232.35	48308.28
232.42	48351.05
232.49	48401.80
232.56	48476.16
232.63	48544.74
232.71	48626.70
232.78	48723.29
232.85	48820.85
232.92	48911.57
232.99	49024.25
233.06	49154.67
233.13	49276.52
233.20	49366.02
233.28	49443.80
233.35	49518.31
233.42	49591.19
233.49	49673.66
233.56	49765.81
233.63	49856.39
233.70	49950.49
233.78	50035.56
233.85	50129.12
233.92	50210.44
233.99	50306.43
234.06	50395.51
234.13	50481.79
234.20	50539.05
234.27	50598.46
234.35	50632.89
234.42	50667.63
234.49	50704.34
234.56	50734.17
234.63	50768.17
234.70	50794.72
234.77	50808.48
234.84	50826.91
234.92	50874.76
234.99	50942.93
235.06	51033.77
235.13	51141.72
235.20	51250.75
235.27	51330.39
235.34	51414.33
235.41	51492.99
235.48	51570.98
235.56	51640.12
235.63	51728.11
235.70	51786.10
235.77	51841.89
235.84	51872.37
235.91	51901.38
235.98	51930.03
236.05	51969.21
236.12	52011.49
236.20	52051.35
236.27	52107.08
236.34	52153.75
236.41	52194.19
236.48	52225.86
236.55	52276.89
236.62	52316.39
236.69	52367.08
236.76	52440.73
236.84	52516.75
236.91	52584.46
236.98	52642.31
237.05	52688.44
237.12	52724.71
237.19	52761.75
237.26	52806.25
237.33	52860.33
237.40	52905.43
237.47	52949.01
237.55	52983.86
237.62	53041.78
237.69	53096.99
237.76	53154.94
237.83	53208.14
237.90	53272.96
237.97	53307.82
238.04	53343.02
238.11	53382.99
238.18	53429.17
238.26	53463.60
238.33	53504.86
238.40	53537.15
238.47	53569.91
238.54	53590.39
238.61	53600.39
238.68	53600.75
238.75	53607.61
238.82	53638.31
238.89	53671.17
238.96	53730.87
239.04	53792.58
239.11	53848.35
239.18	53874.83
239.25	53883.63
239.32	53881.55
239.39	53876.38
239.46	53865.12
239.53	53849.52
239.60	53843.45
239.67	53853.14
239.74	53863.93
239.81	53876.73
239.89	53893.81
239.96	53915.79
240.03	53922.71
240.10	53932.27
240.17	53946.48
240.24	53971.53
240.31	54016.85
240.38	54059.51
240.45	54121.41
240.52	54188.49
240.59	54253.88
240.66	54297.29
240.73	54340.35
240.80	54366.13
240.88	54377.08
240.95	54383.82
241.02	54402.97
241.09	54412.33
241.16	54416.73
241.23	54433.92
241.30	54434.99
241.37	54402.08
241.44	54389.69
241.51	54393.96
241.58	54394.91
241.65	54418.38
241.72	54453.23
241.79	54476.15
241.86	54477.89
241.94	54479.29
242.01	54471.69
242.08	54459.22
242.15	54454.83
242.22	54451.81
242.29	54452.13
242.36	54441.45
242.43	54428.90
242.50	54414.42
242.57	54403.32
242.64	54388.51
242.71	54386.42
242.78	54406.33
242.85	54410.97
242.92	54427.68
242.99	54448.93
243.06	54471.41
243.14	54473.25
243.21	54492.91
243.28	54492.31
243.35	54497.40
243.42	54506.97
243.49	54532.08
243.56	54532.52
243.63	54555.32
243.70	54549.04
243.77	54530.29
243.84	54503.10
243.91	54477.26
243.98	54426.52
244.05	54391.85
244.12	54373.96
244.19	54343.52
244.26	54324.93
244.33	54314.29
244.40	54296.42
244.47	54273.05
244.54	54258.21
244.62	54214.62
244.69	54173.10
244.76	54147.31
244.83	54125.53
244.90	54124.22
244.97	54144.47
245.04	54165.65
245.11	54165.09
245.18	54134.57
245.25	54099.67
245.32	54073.37
245.39	54057.71
245.46	54053.16
245.53	54063.33
245.60	54070.05
245.67	54097.41
245.74	54121.35
245.81	54142.46
245.88	54156.73
245.95	54172.40
246.02	54146.75
246.09	54094.28
246.16	54034.03
246.23	53968.31
246.30	53901.25
246.37	53865.53
246.44	53863.55
246.51	53881.63
246.58	53916.21
246.65	53939.85
246.72	53961.65
246.79	53953.89
246.87	53932.55
246.94	53900.00
247.01	53867.33
247.08	53815.29
247.15	53769.73
247.22	53710.30
247.29	53667.17
247.36	53640.34
247.43	53611.19
247.50	53581.81
247.57	53582.23
247.64	53573.69
247.71	53551.92
247.78	53543.04
247.85	53552.34
247.92	53551.97
247.99	53545.25
248.06	53537.73
248.13	53523.04
248.20	53503.35
248.27	53469.40
248.34	53449.57
248.41	53441.71
248.48	53436.41
248.55	53428.91
248.62	53445.59
248.69	53460.28
248.76	53448.38
248.83	53435.27
248.90	53406.77
248.97	53352.45
249.04	53279.79
249.11	53229.40
249.18	53186.58
249.25	53148.08
249.32	53100.74
249.39	53037.96
249.46	52953.21
249.53	52852.50
249.60	52754.39
249.67	52687.27
249.74	52655.78
249.81	52664.46
249.88	52701.21
249.95	52751.64
250.02	52797.29
250.09	52813.25
250.16	52803.98
250.23	52765.35
250.30	52730.65
250.37	52698.99
250.44	52700.18
250.51	52704.24
250.58	52735.41
250.65	52758.08
250.72	52743.85
250.79	52712.34
250.86	52669.23
250.93	52593.02
251.00	52494.79
251.07	52417.34
251.14	52337.47
251.21	52270.15
251.28	52223.71
251.35	52203.77
251.42	52199.81
251.49	52204.51
251.56	52210.78
251.63	52208.41
251.70	52215.31
251.77	52205.91
251.84	52190.94
251.91	52160.37
251.98	52123.28
252.05	52065.53
252.12	52016.11
252.18	51956.42
252.25	51907.58
252.32	51882.49
252.39	51867.82
252.46	51844.00
252.53	51839.10
252.60	51833.54
252.67	51817.71
252.74	51805.16
252.81	51790.76
252.88	51763.65
252.95	51720.30
253.02	51671.87
253.09	51605.61
253.16	51554.59
253.23	51503.31
253.30	51474.98
253.37	51435.39
253.44	51404.06
253.51	51343.09
253.58	51282.81
253.65	51231.11
253.72	51213.90
253.79	51188.93
253.86	51189.09
253.93	51189.35
254.00	51181.70
254.07	51152.99
254.14	51122.97
254.21	51081.03
254.28	51053.44
254.35	51020.12
254.41	50982.81
254.48	50946.01
254.55	50916.67
254.62	50881.93
254.69	50831.79
254.76	50795.09
254.83	50752.63
254.90	50718.83
254.97	50692.31
255.04	50677.79
255.11	50628.49
255.18	50547.92
255.25	50429.56
255.32	50306.31
255.39	50178.41
255.46	50087.49
255.53	50038.87
255.60	50026.69
255.67	50006.67
255.74	50011.94
255.81	50016.88
255.87	50040.34
255.94	50049.22
256.01	50088.76
256.08	50122.51
256.15	50154.27
256.22	50171.13
256.29	50199.82
256.36	50207.49
256.43	50213.31
256.50	50214.87
256.57	50202.03
256.64	50164.90
256.71	50103.05
256.78	50014.23
256.85	49925.74
256.92	49860.07
256.99	49830.05
257.05	49808.03
257.12	49774.63
257.19	49688.89
257.26	49538.01
257.33	49350.80
257.40	49195.63
257.47	49072.22
257.54	49021.61
257.61	49042.89
257.68	49124.27
257.75	49193.84
257.82	49276.62
257.89	49329.85
257.96	49334.29
258.03	49244.17
258.09	49116.21
258.16	48962.53
258.23	48803.47
258.30	48681.66
258.37	48624.37
258.44	48605.28
258.51	48615.30
258.58	48660.54
258.65	48710.89
258.72	48760.49
258.79	48778.93
258.86	48761.17
258.93	48711.91
258.99	48640.95
259.06	48551.20
259.13	48473.53
259.20	48411.88
259.27	48359.20
259.34	48321.14
259.41	48293.25
259.48	48270.39
259.55	48229.81
259.62	48181.49
259.69	48110.05
259.76	48019.72
259.82	47933.61
259.89	47887.63
259.96	47861.83
260.03	47843.83
260.10	47833.03
260.17	47800.49
260.24	47739.70
260.31	47671.27
260.38	47616.97
260.45	47581.60
260.52	47540.97
260.59	47485.21
260.65	47421.79
260.72	47370.93
260.79	47320.41
260.86	47294.58
260.93	47277.60
261.00	47223.26
261.07	47119.68
261.14	46976.05
261.21	46811.93
261.28	46655.43
261.34	46538.96
261.41	46459.02
261.48	46435.28
261.55	46447.32
261.62	46470.06
261.69	46487.05
261.76	46477.83
261.83	46436.50
261.90	46362.56
261.97	46269.05
262.03	46181.39
262.10	46117.61
262.17	46064.54
262.24	46064.99
262.31	46090.75
262.38	46123.92
262.45	46159.57
262.52	46179.20
262.59	46149.28
262.65	46106.49
262.72	46055.19
262.79	46010.55
262.86	45982.57
262.93	45958.88
263.00	45934.15
263.07	45904.07
263.14	45871.71
263.21	45863.58
263.27	45883.03
263.34	45923.32
263.41	45949.21
263.48	45924.27
263.55	45817.70
263.62	45654.97
263.69	45469.45
263.76	45306.72
263.82	45206.77
263.89	45173.35
263.96	45182.95
264.03	45170.58
264.10	45135.64
264.17	45031.73
264.24	44902.05
264.31	44752.54
264.38	44613.83
264.44	44451.62
264.51	44303.79
264.58	44184.91
264.65	44085.46
264.72	44009.78
264.79	43996.27
264.86	44028.41
264.92	44051.54
264.99	44078.71
265.06	44074.62
265.13	44016.67
265.20	43943.04
265.27	43860.48
265.34	43781.47
265.41	43759.72
265.47	43798.59
265.54	43858.33
265.61	43935.83
265.68	43999.25
265.75	43978.63
265.82	43876.26
265.89	43723.81
265.95	43541.68
266.02	43344.29
266.09	43195.27
266.16	43094.74
266.23	43028.66
266.30	42991.46
266.37	42961.61
266.44	42940.21
266.50	42944.25
266.57	42945.44
266.64	42898.98
266.71	42802.63
266.78	42662.09
266.85	42492.89
266.91	42340.74
266.98	42252.83
267.05	42248.95
267.12	42300.65
267.19	42376.18
267.26	42462.91
267.33	42521.49
267.39	42528.94
267.46	42489.67
267.53	42401.57
267.60	42278.71
267.67	42161.91
267.74	42091.07
267.81	42075.29
267.87	42106.52
267.94	42171.02
268.01	42205.08
268.08	42184.38
268.15	42071.99
268.22	41891.26
268.28	41624.69
268.35	41330.93
268.42	41038.47
268.49	40809.05
268.56	40655.48
268.63	40604.03
268.69	40651.57
268.76	40766.63
268.83	40923.37
268.90	41078.87
268.97	41198.51
269.04	41252.81
269.11	41241.46
269.17	41165.62
269.24	41071.69
269.31	40996.77
269.38	40955.49
269.45	40970.59
269.52	41019.42
269.58	41062.47
269.65	41052.35
269.72	41011.07
269.79	40929.05
269.86	40811.95
269.92	40674.23
269.99	40539.75
270.06	40404.95
270.13	40297.71
270.20	40225.54
270.27	40208.51
270.33	40225.82
270.40	40251.16
270.47	40248.63
270.54	40253.47
270.61	40245.91
270.68	40250.73
270.74	40273.87
270.81	40299.06
270.88	40284.95
270.95	40213.08
271.02	40088.03
271.08	39936.20
271.15	39792.49
271.22	39667.64
271.29	39577.51
271.36	39492.77
271.43	39420.05
271.49	39357.94
271.56	39285.25
271.63	39213.21
271.70	39156.21
271.77	39113.11
271.83	39056.35
271.90	39002.56
271.97	38963.53
272.04	38917.51
272.11	38857.13
272.17	38815.19
272.24	38791.86
272.31	38757.49
272.38	38753.70
272.45	38753.43
272.52	38721.85
272.58	38685.53
272.65	38660.83
272.72	38611.85
272.79	38570.22
272.86	38545.31
272.92	38527.63
272.99	38504.02
273.06	38483.70
273.13	38403.10
273.20	38273.87
273.26	38095.01
273.33	37891.81
273.40	37699.64
273.47	37580.51
273.54	37531.55
273.60	37535.56
273.67	37572.16
273.74	37649.78
273.81	37737.87
273.88	37868.55
273.94	38041.98
274.01	38232.03
274.08	38398.50
274.15	38529.31
274.21	38583.79
274.28	38546.05
274.35	38428.13
274.42	38248.47
274.49	38035.65
274.55	37828.90
274.62	37651.44
274.69	37505.43
274.76	37404.77
274.83	37352.97
274.89	37317.71
274.96	37277.55
275.03	37262.23
275.10	37232.22
275.17	37204.91
275.23	37158.89
275.30	37133.49
275.37	37120.79
275.44	37141.79
275.50	37152.55
275.57	37177.03
275.64	37186.31
275.71	37172.07
275.78	37161.03
275.84	37172.05
275.91	37194.01
275.98	37212.91
276.05	37235.51
276.11	37211.06
276.18	37113.17
276.25	36939.49
276.32	36748.83
276.39	36542.61
276.45	36355.93
276.52	36222.30
276.59	36170.43
276.66	36182.25
276.72	36237.31
276.79	36305.24
276.86	36360.91
276.93	36360.79
276.99	36282.45
277.06	36167.03
277.13	36055.05
277.20	35987.59
277.26	35976.17
277.33	36042.53
277.40	36132.26
277.47	36199.43
277.54	36201.27
277.60	36130.89
277.67	35980.30
277.74	35772.99
277.81	35543.18
277.87	35335.45
277.94	35171.64
278.01	35081.99
278.08	35053.14
278.14	35098.69
278.21	35192.54
278.28	35351.88
278.35	35517.87
278.41	35703.65
278.48	35864.59
278.55	35972.18
278.62	35981.88
278.68	35873.91
278.75	35647.41
278.82	35339.07
278.89	35016.42
278.95	34752.10
279.02	34616.67
279.09	34625.89
279.16	34755.59
279.22	34965.24
279.29	35187.01
279.36	35377.37
279.43	35452.87
279.49	35361.56
279.56	35095.25
279.63	34720.33
279.70	34299.83
279.76	33938.29
279.83	33712.49
279.90	33656.74
279.97	33693.81
280.03	33770.16
280.10	33866.96
280.17	33969.89
280.24	34047.22
280.30	34129.09
280.37	34210.21
280.44	34280.40
280.51	34330.76
280.57	34381.77
280.64	34427.07
280.71	34478.00
280.77	34513.21
280.84	34516.08
280.91	34461.01
280.98	34356.61
281.04	34215.99
281.11	34045.71
281.18	33855.59
281.25	33647.53
281.31	33435.43
281.38	33198.54
281.45	32986.51
281.52	32812.81
281.58	32668.57
281.65	32554.05
281.72	32504.64
281.78	32488.31
281.85	32486.19
281.92	32526.94
281.99	32614.20
282.05	32725.60
282.12	32839.56
282.19	32989.99
282.26	33155.49
282.32	33303.48
282.39	33424.29
282.46	33515.20
282.52	33576.89
282.59	33619.09
282.66	33678.82
282.73	33733.81
282.79	33772.57
282.86	33721.35
282.93	33541.17
282.99	33243.39
283.06	32855.27
283.13	32434.64
283.20	32077.69
283.26	31838.22
283.33	31696.83
283.40	31654.73
283.46	31690.67
283.53	31759.92
283.60	31847.38
283.67	31944.11
283.73	32053.84
283.80	32158.79
283.87	32270.06
283.93	32393.93
284.00	32498.36
284.07	32580.22
284.13	32626.62
284.20	32613.31
284.27	32551.54
284.34	32491.89
284.40	32428.34
284.47	32371.06
284.54	32325.22
284.60	32256.31
284.67	32146.08
284.74	32021.81
284.81	31890.39
284.87	31747.19
284.94	31576.98
285.01	31369.51
285.07	31114.71
285.14	30844.85
285.21	30619.29
285.27	30470.09
285.34	30437.29
285.41	30510.61
285.47	30647.09
285.54	30821.69
285.61	30996.17
285.68	31153.12
285.74	31285.76
285.81	31421.01
285.88	31527.91
285.94	31663.46
286.01	31800.83
286.08	31940.36
286.14	32059.99
286.21	32162.56
286.28	32219.33
286.34	32181.69
286.41	32039.30
286.48	31785.57
286.55	31440.62
286.61	31048.97
286.68	30692.83
286.75	30389.45
286.81	30182.46
286.88	30061.85
286.95	29990.02
287.01	30005.85
287.08	30082.89
287.15	30182.59
287.21	30292.20
287.28	30422.72
287.35	30511.35
287.41	30597.27
287.48	30678.11
287.55	30768.33
287.61	30860.71
287.68	30944.42
287.75	31022.42
287.81	31100.82
287.88	31170.11
287.95	31240.61
288.01	31307.33
288.08	31365.03
288.15	31399.10
288.21	31413.03
288.28	31380.85
288.35	31326.86
288.41	31199.94
288.48	30995.11
288.55	30714.40
288.61	30397.41
288.68	30061.51
288.75	29778.03
288.81	29593.31
288.88	29514.82
288.95	29540.14
289.01	29659.58
289.08	29837.83
289.15	30062.34
289.21	30319.52
289.28	30571.23
289.35	30795.89
289.41	30974.11
289.48	31087.23
289.55	31124.77
289.61	31110.77
289.68	31067.93
289.75	31001.26
289.81	30908.10
289.88	30788.68
289.95	30632.31
290.01	30464.41
290.08	30325.33
290.15	30210.85
290.21	30157.73
290.28	30142.03
290.35	30120.90
290.41	30050.37
290.48	29930.09
290.55	29729.63
290.61	29517.16
290.68	29355.93
290.74	29291.06
290.81	29327.04
290.88	29462.91
290.94	29672.17
291.01	29893.73
291.08	30111.34
291.14	30319.61
291.21	30522.78
291.28	30710.52
291.34	30892.60
291.41	31029.81
291.48	31123.29
291.54	31160.35
291.61	31108.11
291.68	30975.93
291.74	30779.07
291.81	30574.84
291.87	30395.31
291.94	30212.72
292.01	30024.66
292.07	29837.65
292.14	29624.99
292.21	29403.65
292.27	29221.49
292.34	29081.49
292.41	29013.73
292.47	28997.37
292.54	29040.14
292.60	29133.13
292.67	29284.27
292.74	29459.32
292.80	29665.50
292.87	29856.66
292.94	30065.52
293.00	30270.87
293.07	30468.60
293.13	30662.54
293.20	30851.59
293.27	31009.14
293.33	31108.72
293.40	31160.12
293.47	31145.99
293.53	31055.49
293.60	30862.17
293.66	30552.73
293.73	30188.39
293.80	29798.20
293.86	29424.67
293.93	29137.93
294.00	28992.56
294.06	28928.44
294.13	28908.22
294.19	28907.73
294.26	28894.55
294.33	28850.56
294.39	28785.19
294.46	28748.79
294.52	28779.72
294.59	28887.61
294.66	29077.62
294.72	29328.39
294.79	29613.15
294.86	29889.67
294.92	30154.57
294.99	30404.64
295.05	30637.49
295.12	30843.57
295.19	31026.58
295.25	31173.13
295.32	31274.92
295.38	31333.88
295.45	31351.85
295.52	31295.29
295.58	31148.00
295.65	30915.98
295.71	30602.31
295.78	30195.25
295.85	29764.83
295.91	29353.35
295.98	28961.45
296.04	28598.44
296.11	28341.02
296.18	28195.30
296.24	28160.49
296.31	28251.02
296.37	28473.77
296.44	28777.57
296.51	29102.74
296.57	29436.21
296.64	29752.83
296.70	30039.11
296.77	30254.92
296.84	30443.76
296.90	30618.81
296.97	30778.36
297.03	30945.38
297.10	31141.44
297.17	31329.41
297.23	31501.50
297.30	31647.82
297.36	31735.29
297.43	31754.95
297.50	31719.23
297.56	31595.69
297.63	31367.67
297.69	31006.04
297.76	30538.35
297.82	29991.49
297.89	29432.96
297.96	28939.34
298.02	28586.85
298.09	28374.47
298.15	28289.44
298.22	28299.28
298.29	28369.85
298.35	28487.95
298.42	28655.57
298.48	28866.31
298.55	29119.61
298.61	29406.50
298.68	29701.98
298.75	29991.71
298.81	30272.09
298.88	30526.47
298.94	30758.23
299.01	30971.21
299.08	31165.52
299.14	31341.58
299.21	31483.10
299.27	31599.57
299.34	31674.77
299.40	31735.21
299.47	31746.31
299.54	31726.70
299.60	31676.01
299.67	31551.68
299.73	31276.60
299.80	30845.05
299.86	30215.83
299.93	29475.15
299.99	28782.43
300.06	28228.17
300.13	27872.65
300.19	27779.39
300.26	27865.32
300.32	28070.83
300.39	28339.63
300.45	28662.21
300.52	29016.55
300.59	29384.45
300.65	29715.12
300.72	30032.53
300.78	30307.77
300.85	30558.58
300.91	30765.87
300.98	30942.75
301.04	31105.35
301.11	31260.61
301.18	31387.18
301.24	31512.02
301.31	31625.57
301.37	31699.15
301.44	31742.32
301.50	31748.83
301.57	31692.69
301.63	31585.47
301.70	31382.27
301.77	31074.71
301.83	30656.21
301.90	30162.47
301.96	29622.62
302.03	29109.34
302.09	28682.17
302.16	28377.82
302.22	28212.37
302.29	28164.19
302.36	28232.55
302.42	28377.67
302.49	28597.89
302.55	28853.90
302.62	29141.57
302.68	29434.31
302.75	29719.41
302.81	29964.97
302.88	30196.71
302.94	30396.30
303.01	30585.60
303.07	30746.75
303.14	30901.69
303.21	31029.21
303.27	31134.92
303.34	31207.50
303.40	31251.70
303.47	31270.32
303.53	31263.79
303.60	31239.63
303.66	31184.95
303.73	31116.18
303.79	31002.66
303.86	30824.90
303.92	30579.88
303.99	30239.85
304.05	29759.03
304.12	29238.14
304.19	28787.23
304.25	28405.89
304.32	28159.51
304.38	28095.77
304.45	28150.18
304.51	28263.94
304.58	28451.82
304.64	28671.19
304.71	28924.39
304.77	29168.85
304.84	29406.09
304.90	29600.56
304.97	29768.46
305.03	29905.33
305.10	30044.14
305.16	30150.47
305.23	30261.38
305.29	30352.45
305.36	30417.15
305.42	30475.53
305.49	30513.52
305.56	30515.75
305.62	30505.57
305.69	30482.08
305.75	30410.77
305.82	30288.91
305.88	30102.27
305.95	29857.79
306.01	29569.69
306.08	29260.50
306.14	28954.79
306.21	28654.64
306.27	28374.25
306.34	28105.61
306.40	27860.03
306.47	27674.45
306.53	27593.85
306.60	27591.27
306.66	27685.91
306.73	27842.67
306.79	28022.03
306.86	28203.10
306.92	28381.08
306.99	28545.13
307.05	28688.21
307.12	28819.64
307.18	28923.17
307.25	29003.16
307.31	29055.88
307.38	29108.12
307.44	29146.06
307.51	29169.38
307.57	29168.77
307.64	29162.26
307.70	29138.77
307.77	29108.01
307.83	29070.61
307.90	29041.96
307.96	28993.22
308.03	28908.29
308.09	28798.50
308.16	28681.80
308.22	28547.05
308.29	28375.75
308.35	28193.49
308.42	27983.95
308.48	27718.93
308.55	27448.13
308.61	27228.47
308.68	27064.20
308.74	26961.80
308.81	26962.43
308.87	27017.08
308.94	27116.91
309.00	27228.45
309.07	27358.41
309.13	27466.95
309.20	27584.84
309.26	27663.22
309.33	27732.07
309.39	27783.65
309.45	27826.87
309.52	27833.16
309.58	27841.97
309.65	27825.25
309.71	27795.75
309.78	27759.93
309.84	27717.11
309.91	27661.00
309.97	27603.77
310.04	27544.70
310.10	27472.19
310.17	27411.13
310.23	27333.74
310.30	27274.97
310.36	27193.83
310.43	27098.44
310.49	26962.45
310.56	26823.34
310.62	26640.39
310.69	26475.66
310.75	26347.50
310.81	26267.45
310.88	26220.32
310.94	26216.69
311.01	26223.31
311.07	26239.54
311.14	26249.67
311.20	26263.69
311.27	26287.75
311.33	26329.69
311.40	26352.17
311.46	26391.05
311.53	26426.88
311.59	26461.06
311.66	26481.68
311.72	26498.77
311.78	26493.13
311.85	26477.14
311.91	26451.47
311.98	26408.81
312.04	26364.43
312.11	26320.41
312.17	26285.23
312.24	26233.82
312.30	26185.53
312.37	26123.97
312.43	26071.03
312.50	25996.69
312.56	25923.87
312.62	25851.17
312.69	25785.70
312.75	25694.82
312.82	25590.65
312.88	25479.47
312.95	25367.66
313.01	25242.05
313.08	25139.05
313.14	25074.47
313.20	25025.33
313.27	24979.90
313.33	24966.83
313.40	24969.49
313.46	24964.70
313.53	24976.79
313.59	24997.78
313.66	25025.11
313.72	25039.99
313.78	25044.28
313.85	25034.95
313.91	25024.99
313.98	25003.69
314.04	24979.40
314.11	24966.60
314.17	24948.64
314.24	24916.63
314.30	24888.84
314.36	24844.19
314.43	24804.23
314.49	24750.98
314.56	24699.99
314.62	24630.53
314.69	24568.68
314.75	24492.59
314.81	24432.42
314.88	24376.89
314.94	24331.48
315.01	24287.21
315.07	24231.76
315.14	24176.04
315.20	24116.23
315.27	24047.85
315.33	23993.01
315.39	23948.88
315.46	23906.13
315.52	23855.71
315.59	23822.01
315.65	23768.57
315.72	23724.31
315.78	23687.05
315.84	23665.41
315.91	23645.99
315.97	23649.43
316.04	23669.93
316.10	23675.83
316.16	23674.67
316.23	23634.68
316.29	23561.21
316.36	23433.07
316.42	23282.94
316.49	23102.70
316.55	22908.05
316.61	22708.21
316.68	22504.78
316.74	22300.34
316.81	22093.31
316.87	21895.84
316.93	21693.94
317.00	21497.57
317.06	21300.76
317.13	21095.45
317.19	20890.15
317.26	20686.68
317.32	20483.56
317.38	20277.81
317.45	20084.26
317.51	19899.99
317.58	19714.12
317.64	19516.94
317.70	19329.39
317.77	19138.52
317.83	18942.72
317.90	18745.11
317.96	18550.77
318.02	18347.17
318.09	18165.16
318.15	17967.33
318.22	17768.54
318.28	17582.35
318.34	17385.19
318.41	17174.16
318.47	16980.17
318.54	16804.85
318.60	16618.34
318.66	16449.41
318.73	16279.35
318.79	16115.83
318.86	15939.96
318.92	15768.29
318.98	15602.45
319.05	15426.28
319.11	15253.29
319.18	15074.93
319.24	14896.47
319.30	14705.01
319.37	14531.14
319.43	14351.21
319.50	14171.85
319.56	13997.34
319.62	13824.89
319.69	13645.55
319.75	13471.41
319.82	13301.61
319.88	13128.78
319.94	12959.79
320.01	12802.30
320.07	12623.26
320.13	12456.85
320.20	12292.67
320.26	12127.13
320.33	11958.30
320.39	11808.87
320.45	11645.49
320.52	11488.83
320.58	11333.67
320.65	11175.77
320.71	11013.59
320.77	10856.31
320.84	10688.81
320.90	10530.11
320.96	10366.20
321.03	10191.32
321.09	10019.95
321.16	9856.07
321.22	9676.73
321.28	9508.94
321.35	9359.48
321.41	9203.99
321.47	9045.88
321.54	8902.21
321.60	8743.30
321.67	8581.08
321.73	8425.51
321.79	8268.61
321.86	8114.75
321.92	7959.80
321.98	7793.47
322.05	7624.47
322.11	7450.39
322.18	7264.71
322.24	7093.50
322.30	6926.33
322.37	6764.69
322.43	6602.21
322.49	6454.39
322.56	6288.33
322.62	6133.51
322.68	5969.65
322.75	5820.01
322.81	5651.28
322.88	5492.72
322.94	5331.87
323.00	5173.88
323.07	5012.21
323.13	4861.96
323.19	4715.92
323.26	4570.17
323.32	4425.91
323.38	4279.85
323.45	4079.39
323.51	3494.95
323.57	2686.17
323.64	1838.57
323.70	1024.07
323.76	292.61
323.83	-25.29
323.89	-90.77
323.96	-90.74
