180.21	3365.90
180.28	-115.93
180.36	625.76
180.44	-41.64
180.51	-12.48
180.59	9.07
180.66	35.49
180.74	30.98
180.81	29.82
180.89	30.61
180.97	31.79
181.04	29.63
181.12	28.57
181.19	28.15
181.27	29.34
181.34	47.14
181.42	53.88
181.50	61.49
181.57	73.52
181.65	79.25
181.72	71.90
181.80	66.52
181.87	66.67
181.95	66.50
182.03	65.23
182.10	67.27
182.18	69.40
182.25	74.39
182.33	74.16
182.40	80.75
182.48	77.12
182.55	88.44
182.63	92.28
182.71	93.73
182.78	95.06
182.86	101.91
182.93	98.77
183.01	100.95
183.08	101.94
183.16	107.48
183.23	102.73
183.31	109.04
183.39	108.23
183.46	118.30
183.54	113.69
183.61	121.44
183.69	123.83
183.76	134.82
183.84	135.10
183.91	137.28
183.99	147.23
184.06	149.02
184.14	152.42
184.22	156.30
184.29	159.48
184.37	157.42
184.44	152.84
184.52	140.75
184.59	137.23
184.67	141.77
184.74	136.88
184.82	148.80
184.89	162.40
184.97	173.50
185.04	182.04
185.12	192.08
185.20	200.43
185.27	210.09
185.35	219.31
185.42	219.65
185.50	232.17
185.57	234.05
185.65	238.75
185.72	239.91
185.80	251.82
185.87	251.49
185.95	251.42
186.02	254.43
186.10	254.28
186.17	252.31
186.25	251.20
186.33	243.51
186.40	235.55
186.48	236.94
186.55	240.94
186.63	245.82
186.70	273.47
186.78	292.35
186.85	311.54
186.93	326.21
187.00	345.17
187.08	347.04
187.15	360.73
187.23	369.12
187.30	379.86
187.38	395.56
187.45	414.75
187.53	430.44
187.60	439.45
187.68	450.51
187.75	460.95
187.83	468.55
187.90	466.23
187.98	467.02
188.05	467.36
188.13	449.55
188.21	427.06
188.28	422.49
188.36	417.13
188.43	417.61
188.51	437.56
188.58	470.34
188.66	484.01
188.73	508.28
188.81	535.90
188.88	550.47
188.96	567.31
189.03	597.72
189.11	621.80
189.18	637.20
189.26	658.50
189.33	684.27
189.41	709.45
189.48	729.52
189.56	750.86
189.63	769.05
189.71	767.46
189.78	750.86
189.86	733.37
189.93	716.37
190.01	690.78
190.08	674.59
190.16	658.16
190.23	638.96
190.31	632.91
190.38	632.93
190.46	643.71
190.53	672.13
190.61	720.75
190.68	752.08
190.76	800.13
190.83	839.77
190.91	869.21
190.98	888.31
191.06	914.77
191.13	932.68
191.21	946.41
191.28	954.21
191.35	960.75
191.43	961.82
191.50	955.45
191.58	956.25
191.65	968.22
191.73	976.45
191.80	987.30
191.88	994.65
191.95	996.75
192.03	997.93
192.10	1004.02
192.18	1013.10
192.25	1025.18
192.33	1029.85
192.40	1026.12
192.48	1021.57
192.55	1016.19
192.63	1007.91
192.70	1015.64
192.78	1031.15
192.85	1053.89
192.93	1071.05
193.00	1078.79
193.08	1076.03
193.15	1073.60
193.22	1071.46
193.30	1080.39
193.37	1120.70
193.45	1157.51
193.52	1205.17
193.60	1256.57
193.67	1295.57
193.75	1320.20
193.82	1352.35
193.90	1364.17
193.97	1369.20
194.05	1366.39
194.12	1352.65
194.20	1336.88
194.27	1319.00
194.34	1285.06
194.42	1257.42
194.49	1242.02
194.57	1227.89
194.64	1213.07
194.72	1207.55
194.79	1210.20
194.87	1225.33
194.94	1258.75
195.02	1312.74
195.09	1377.02
195.17	1445.70
195.24	1502.11
195.31	1544.70
195.39	1574.25
195.46	1591.37
195.54	1604.24
195.61	1606.67
195.69	1589.84
195.76	1563.13
195.84	1530.18
195.91	1465.41
195.99	1392.09
196.06	1331.10
196.13	1295.19
196.21	1282.62
196.28	1311.70
196.36	1376.42
196.43	1456.52
196.51	1533.86
196.58	1606.82
196.66	1670.15
196.73	1712.77
196.80	1739.28
196.88	1754.12
196.95	1763.08
197.03	1760.25
197.10	1743.92
197.18	1719.53
197.25	1675.16
197.33	1612.42
197.40	1549.96
197.47	1484.24
197.55	1433.73
197.62	1407.93
197.70	1409.77
197.77	1435.25
197.85	1490.55
197.92	1555.96
197.99	1633.55
198.07	1718.80
198.14	1794.03
198.22	1871.06
198.29	1927.53
198.37	1971.15
198.44	1997.25
198.51	2005.70
198.59	1989.08
198.66	1969.69
198.74	1922.67
198.81	1849.50
198.89	1759.73
198.96	1675.73
199.03	1589.51
199.11	1533.12
199.18	1513.71
199.26	1540.62
199.33	1599.09
199.41	1688.26
199.48	1784.74
199.55	1886.75
199.63	1966.19
199.70	2039.13
199.78	2096.52
199.85	2146.73
199.93	2181.06
200.00	2218.49
200.07	2227.05
200.15	2216.36
200.22	2184.29
200.30	2116.87
200.37	2018.53
200.44	1892.30
200.52	1775.37
200.59	1696.59
200.67	1665.49
200.74	1681.18
200.81	1750.50
200.89	1843.01
200.96	1938.95
201.04	2033.20
201.11	2132.35
201.19	2229.33
201.26	2313.91
201.33	2375.82
201.41	2429.60
201.48	2462.98
201.56	2475.67
201.63	2477.82
201.70	2450.03
201.78	2388.28
201.85	2299.40
201.93	2191.43
202.00	2082.19
202.07	1997.65
202.15	1929.80
202.22	1897.66
202.30	1920.49
202.37	1977.41
202.44	2066.88
202.52	2193.98
202.59	2335.30
202.67	2459.83
202.74	2573.17
202.81	2667.10
202.89	2748.21
202.96	2822.04
203.04	2889.49
203.11	2927.03
203.18	2948.11
203.26	2934.54
203.33	2876.80
203.41	2770.41
203.48	2636.42
203.55	2454.97
203.63	2287.15
203.70	2177.35
203.77	2142.80
203.85	2182.51
203.92	2302.84
204.00	2476.23
204.07	2639.40
204.14	2798.07
204.22	2939.21
204.29	3076.98
204.37	3189.57
204.44	3289.60
204.51	3368.36
204.59	3429.21
204.66	3448.05
204.73	3437.08
204.81	3398.43
204.88	3329.06
204.96	3217.37
205.03	3068.87
205.10	2902.84
205.18	2763.71
205.25	2647.34
205.32	2586.38
205.40	2605.84
205.47	2693.37
205.55	2821.30
205.62	2993.69
205.69	3197.90
205.77	3401.36
205.84	3598.23
205.91	3767.40
205.99	3908.03
206.06	4020.45
206.14	4123.46
206.21	4211.87
206.28	4271.53
206.36	4317.34
206.43	4310.66
206.50	4255.03
206.58	4129.30
206.65	3948.99
206.72	3698.54
206.80	3447.32
206.87	3236.91
206.95	3125.84
207.02	3138.96
207.09	3274.53
207.17	3505.04
207.24	3769.73
207.31	4028.71
207.39	4268.17
207.46	4489.80
207.53	4685.94
207.61	4868.28
207.68	5028.33
207.75	5180.93
207.83	5303.15
207.90	5385.82
207.98	5419.05
208.05	5408.06
208.12	5317.91
208.20	5171.14
208.27	4963.56
208.34	4698.31
208.42	4422.85
208.49	4218.32
208.56	4096.06
208.64	4094.98
208.71	4214.39
208.78	4413.75
208.86	4653.24
208.93	4916.00
209.00	5181.37
209.08	5449.44
209.15	5713.85
209.22	5962.82
209.30	6188.92
209.37	6382.98
209.44	6558.28
209.52	6706.47
209.59	6811.24
209.67	6876.92
209.74	6879.65
209.81	6816.51
209.89	6666.67
209.96	6430.22
210.03	6121.87
210.11	5830.51
210.18	5567.79
210.25	5392.85
210.33	5358.67
210.40	5478.14
210.47	5702.56
210.55	6007.01
210.62	6352.83
210.69	6693.53
210.77	7024.55
210.84	7316.96
210.91	7597.13
210.99	7852.06
211.06	8095.41
211.13	8311.15
211.21	8511.76
211.28	8667.35
211.35	8784.21
211.42	8819.43
211.50	8762.38
211.57	8601.60
211.64	8340.33
211.72	7983.04
211.79	7602.20
211.86	7312.65
211.94	7193.00
212.01	7239.85
212.08	7470.23
212.16	7816.86
212.23	8184.78
212.30	8512.28
212.38	8803.12
212.45	9065.58
212.52	9309.39
212.60	9542.91
212.67	9780.09
212.74	10035.04
212.82	10281.10
212.89	10523.11
212.96	10742.88
213.03	10913.00
213.11	10993.38
213.18	10984.22
213.25	10884.09
213.33	10671.86
213.40	10368.66
213.47	10084.94
213.55	9859.15
213.62	9724.19
213.69	9735.39
213.77	9910.59
213.84	10179.30
213.91	10511.99
213.98	10859.40
214.06	11193.24
214.13	11480.70
214.20	11732.95
214.28	11974.12
214.35	12237.27
214.42	12518.32
214.50	12829.94
214.57	13137.23
214.64	13418.91
214.72	13647.84
214.79	13810.93
214.86	13893.40
214.93	13884.65
215.01	13775.63
215.08	13561.64
215.15	13242.19
215.23	12871.16
215.30	12578.31
215.37	12441.81
215.44	12522.71
215.52	12813.02
215.59	13255.08
215.66	13736.03
215.74	14187.19
215.81	14563.50
215.88	14907.64
215.95	15224.86
216.03	15539.22
216.10	15837.02
216.17	16127.35
216.25	16387.03
216.32	16606.69
216.39	16777.57
216.46	16919.58
216.54	17019.59
216.61	17065.91
216.68	17049.34
216.76	16963.54
216.83	16766.80
216.90	16481.89
216.97	16189.25
217.05	15985.88
217.12	15914.19
217.19	16034.49
217.27	16339.79
217.34	16763.80
217.41	17239.42
217.48	17715.13
217.56	18172.21
217.63	18591.48
217.70	18956.00
217.78	19262.36
217.85	19529.76
217.92	19756.25
217.99	19955.87
218.07	20136.77
218.14	20314.45
218.21	20496.93
218.28	20664.87
218.36	20815.67
218.43	20937.22
218.50	20977.23
218.57	20899.57
218.65	20698.34
218.72	20383.23
218.79	20036.65
218.87	19782.02
218.94	19697.55
219.01	19827.21
219.08	20164.40
219.16	20639.11
219.23	21159.41
219.30	21644.39
219.37	22069.75
219.45	22447.08
219.52	22795.61
219.59	23098.19
219.66	23390.05
219.74	23677.15
219.81	23951.85
219.88	24205.02
219.95	24458.28
220.03	24698.12
220.10	24891.87
220.17	25045.30
220.24	25122.27
220.32	25110.61
220.39	24980.74
220.46	24772.62
220.53	24471.94
220.61	24175.88
220.68	23975.50
220.75	23952.92
220.82	24107.81
220.90	24423.80
220.97	24827.94
221.04	25229.55
221.11	25589.19
221.19	25902.57
221.26	26206.21
221.33	26497.51
221.40	26799.55
221.48	27098.32
221.55	27384.98
221.62	27652.90
221.69	27914.92
221.77	28153.43
221.84	28374.42
221.91	28563.11
221.98	28706.64
222.06	28805.44
222.13	28852.43
222.20	28843.14
222.27	28786.65
222.35	28684.94
222.42	28575.46
222.49	28509.31
222.56	28510.20
222.63	28573.12
222.71	28721.08
222.78	28919.21
222.85	29124.53
222.92	29336.89
223.00	29573.99
223.07	29806.58
223.14	30044.46
223.21	30293.24
223.29	30542.84
223.36	30806.63
223.43	31074.31
223.50	31332.71
223.57	31586.81
223.65	31817.20
223.72	31983.57
223.79	32113.27
223.86	32195.98
223.94	32229.55
224.01	32240.64
224.08	32252.37
224.15	32249.68
224.22	32260.99
224.30	32279.91
224.37	32318.11
224.44	32390.68
224.51	32501.00
224.59	32626.72
224.66	32792.73
224.73	32969.66
224.80	33142.78
224.87	33325.60
224.95	33537.46
225.02	33752.66
225.09	33965.28
225.16	34181.88
225.23	34387.51
225.31	34568.06
225.38	34715.72
225.45	34854.69
225.52	34961.53
225.60	35043.29
225.67	35089.51
225.74	35106.23
225.81	35093.45
225.88	35083.77
225.96	35107.30
226.03	35179.68
226.10	35301.72
226.17	35439.19
226.24	35598.58
226.32	35748.07
226.39	35890.93
226.46	36044.91
226.53	36215.02
226.60	36388.78
226.68	36562.21
226.75	36716.37
226.82	36852.42
226.89	36987.76
226.96	37112.88
227.04	37209.03
227.11	37312.21
227.18	37415.15
227.25	37492.90
227.32	37558.71
227.40	37642.45
227.47	37703.69
227.54	37746.58
227.61	37773.16
227.68	37775.57
227.76	37751.66
227.83	37752.29
227.90	37798.79
227.97	37885.50
228.04	38014.17
228.11	38160.83
228.19	38307.05
228.26	38434.10
228.33	38559.63
228.40	38674.08
228.47	38806.38
228.55	38929.75
228.62	39039.94
228.69	39157.41
228.76	39251.36
228.83	39327.70
228.90	39413.41
228.98	39523.47
229.05	39615.91
229.12	39737.39
229.19	39861.53
229.26	39978.08
229.34	40050.71
229.41	40117.17
229.48	40162.21
229.55	40196.72
229.62	40214.52
229.69	40239.75
229.77	40251.59
229.84	40260.18
229.91	40284.03
229.98	40330.05
230.05	40387.81
230.12	40463.87
230.20	40565.07
230.27	40665.68
230.34	40769.94
230.41	40881.62
230.48	40984.54
230.55	41069.02
230.63	41150.12
230.70	41221.48
230.77	41262.00
230.84	41311.22
230.91	41352.60
230.98	41393.08
231.06	41446.46
231.13	41534.29
231.20	41630.94
231.27	41732.97
231.34	41835.32
231.41	41924.46
231.49	41987.79
231.56	42047.75
231.63	42104.44
231.70	42152.03
231.77	42184.52
231.84	42204.70
231.92	42209.68
231.99	42232.40
232.06	42273.25
232.13	42326.33
232.20	42410.74
232.27	42500.31
232.34	42565.18
232.42	42613.66
232.49	42654.65
232.56	42686.57
232.63	42724.29
232.70	42766.57
232.77	42823.71
232.85	42889.57
232.92	42951.51
232.99	42998.20
233.06	43051.87
233.13	43091.59
233.20	43127.67
233.27	43152.29
233.35	43180.16
233.42	43209.01
233.49	43242.09
233.56	43276.66
233.63	43311.71
233.70	43358.96
233.77	43403.39
233.85	43447.68
233.92	43498.20
233.99	43550.15
234.06	43593.03
234.13	43627.10
234.20	43662.62
234.27	43684.48
234.35	43707.71
234.42	43732.61
234.49	43765.20
234.56	43791.35
234.63	43803.01
234.70	43811.42
234.77	43813.24
234.84	43809.71
234.92	43790.76
234.99	43803.84
235.06	43820.93
235.13	43848.19
235.20	43879.53
235.27	43933.66
235.34	43967.90
235.41	44020.73
235.49	44060.04
235.56	44101.77
235.63	44137.79
235.70	44166.61
235.77	44166.89
235.84	44177.93
235.91	44171.19
235.98	44158.51
236.06	44158.27
236.13	44164.39
236.20	44167.89
236.27	44173.26
236.34	44184.05
236.41	44196.69
236.48	44201.99
236.55	44213.60
236.63	44214.80
236.70	44216.06
236.77	44218.33
236.84	44244.80
236.91	44262.15
236.98	44289.85
237.05	44314.93
237.12	44334.00
237.19	44327.22
237.27	44323.54
237.34	44330.31
237.41	44332.87
237.48	44331.30
237.55	44337.14
237.62	44344.32
237.69	44348.75
237.76	44365.46
237.83	44390.96
237.91	44413.82
237.98	44433.23
238.05	44459.52
238.12	44472.35
238.19	44477.88
238.26	44503.76
238.33	44520.19
238.40	44522.30
238.47	44524.53
238.54	44528.42
238.62	44513.46
238.69	44500.87
238.76	44493.69
238.83	44487.50
238.90	44491.83
238.97	44505.98
239.04	44528.60
239.11	44552.72
239.18	44577.49
239.25	44588.66
239.33	44584.52
239.40	44568.57
239.47	44557.20
239.54	44533.98
239.61	44508.72
239.68	44492.08
239.75	44488.14
239.82	44476.64
239.89	44481.98
239.96	44501.24
240.03	44508.23
240.11	44516.89
240.18	44528.86
240.25	44531.98
240.32	44527.10
240.39	44542.11
240.46	44559.30
240.53	44599.52
240.60	44653.82
240.67	44700.16
240.74	44740.52
240.81	44764.86
240.88	44765.35
240.96	44757.71
241.03	44762.50
241.10	44767.09
241.17	44778.38
241.24	44801.95
241.31	44817.22
241.38	44823.83
241.45	44810.32
241.52	44801.69
241.59	44787.54
241.66	44792.96
241.73	44795.25
241.80	44811.40
241.88	44838.67
241.95	44853.72
242.02	44855.09
242.09	44857.31
242.16	44862.59
242.23	44868.75
242.30	44888.03
242.37	44905.87
242.44	44931.77
242.51	44954.68
242.58	44959.74
242.65	44964.90
242.72	44976.02
242.79	44984.98
242.87	45012.09
242.94	45036.19
243.01	45058.72
243.08	45088.26
243.15	45116.23
243.22	45129.62
243.29	45156.90
243.36	45182.91
243.43	45206.99
243.50	45251.99
243.57	45294.13
243.64	45336.64
243.71	45368.77
243.78	45400.05
243.85	45416.38
243.92	45426.52
243.99	45430.53
244.07	45445.24
244.14	45448.42
244.21	45462.01
244.28	45481.63
244.35	45505.64
244.42	45530.64
244.49	45569.07
244.56	45579.30
244.63	45610.41
244.70	45617.17
244.77	45624.41
244.84	45636.51
244.91	45668.96
244.98	45698.19
245.05	45747.66
245.12	45797.75
245.19	45837.29
245.26	45873.71
245.33	45906.21
245.40	45951.55
245.47	46010.43
245.55	46051.60
245.62	46087.96
245.69	46126.85
245.76	46167.59
245.83	46195.16
245.90	46249.66
245.97	46303.22
246.04	46351.27
246.11	46394.77
246.18	46424.62
246.25	46436.71
246.32	46456.35
246.39	46480.99
246.46	46509.62
246.53	46552.58
246.60	46603.26
246.67	46659.90
246.74	46728.31
246.81	46776.85
246.88	46828.70
246.95	46889.46
247.02	46933.59
247.09	46956.32
247.16	46983.43
247.23	47009.20
247.30	47010.12
247.37	47020.74
247.44	47043.09
247.51	47084.81
247.58	47118.74
247.66	47181.87
247.73	47253.84
247.80	47328.78
247.87	47383.45
247.94	47469.65
248.01	47539.54
248.08	47601.42
248.15	47644.05
248.22	47695.27
248.29	47731.08
248.36	47778.32
248.43	47820.98
248.50	47884.47
248.57	47946.98
248.64	48004.43
248.71	48065.27
248.78	48134.89
248.85	48188.34
248.92	48248.29
248.99	48298.77
249.06	48335.29
249.13	48360.71
249.20	48397.33
249.27	48425.63
249.34	48457.61
249.41	48483.75
249.48	48516.40
249.55	48539.99
249.62	48573.42
249.69	48606.44
249.76	48646.06
249.83	48693.01
249.90	48754.34
249.97	48817.91
250.04	48903.23
250.11	49001.11
250.18	49094.19
250.25	49165.20
250.32	49218.82
250.39	49266.04
250.46	49303.83
250.53	49349.19
250.60	49400.90
250.67	49474.50
250.74	49540.97
250.81	49593.57
250.88	49630.07
250.95	49674.57
251.02	49697.93
251.09	49717.99
251.16	49756.92
251.23	49795.99
251.30	49837.26
251.37	49884.86
251.44	49928.28
251.51	49988.83
251.58	50060.16
251.65	50120.92
251.72	50181.37
251.79	50255.03
251.86	50305.71
251.93	50344.74
252.00	50370.30
252.07	50402.32
252.14	50423.00
252.21	50438.96
252.28	50468.12
252.35	50528.37
252.42	50589.37
252.49	50650.42
252.56	50715.77
252.63	50775.34
252.70	50816.38
252.77	50858.85
252.84	50914.07
252.91	50962.94
252.98	51003.86
253.05	51037.79
253.12	51068.86
253.19	51100.15
253.25	51150.27
253.32	51186.50
253.39	51254.31
253.46	51307.51
253.53	51344.96
253.60	51356.43
253.67	51388.90
253.74	51414.65
253.81	51465.33
253.88	51510.08
253.95	51565.32
254.02	51625.43
254.09	51673.64
254.16	51701.41
254.23	51722.52
254.30	51746.37
254.37	51776.29
254.44	51814.09
254.51	51841.04
254.58	51872.46
254.65	51916.35
254.72	51958.83
254.79	51961.75
254.86	51994.23
254.93	52012.75
255.00	52037.56
255.07	52055.96
255.14	52117.76
255.21	52152.77
255.28	52189.19
255.34	52188.12
255.41	52186.42
255.48	52164.93
255.55	52159.33
255.62	52186.15
255.69	52232.52
255.76	52269.25
255.83	52320.25
255.90	52362.93
255.97	52409.42
256.04	52447.98
256.11	52492.74
256.18	52537.35
256.25	52582.74
256.32	52618.38
256.39	52661.12
256.46	52707.67
256.53	52757.63
256.60	52804.82
256.67	52837.60
256.74	52864.01
256.80	52894.83
256.87	52885.37
256.94	52881.46
257.01	52887.20
257.08	52897.42
257.15	52902.91
257.22	52935.89
257.29	52944.01
257.36	52942.76
257.43	52921.59
257.50	52893.19
257.57	52856.89
257.64	52859.64
257.71	52881.89
257.78	52925.28
257.85	52971.59
257.92	53037.22
257.98	53092.90
258.05	53126.92
258.12	53142.91
258.19	53135.98
258.26	53103.77
258.33	53040.70
258.40	52998.79
258.47	52968.64
258.54	52968.44
258.61	52973.99
258.68	53015.23
258.75	53055.96
258.82	53102.00
258.89	53127.78
258.95	53159.07
259.02	53174.79
259.09	53160.05
259.16	53142.68
259.23	53123.66
259.30	53098.10
259.37	53081.29
259.44	53095.46
259.51	53110.63
259.58	53132.09
259.65	53158.94
259.72	53181.24
259.79	53173.45
259.85	53156.87
259.92	53131.19
259.99	53117.85
260.06	53116.48
260.13	53124.35
260.20	53135.17
260.27	53136.43
260.34	53108.71
260.41	53075.74
260.48	53052.25
260.55	53047.89
260.62	53049.31
260.68	53040.31
260.75	53024.93
260.82	53026.77
260.89	53005.99
260.96	53007.23
261.03	53031.01
261.10	53046.93
261.17	53018.26
261.24	52978.22
261.31	52931.28
261.38	52877.20
261.44	52821.14
261.51	52775.47
261.58	52757.46
261.65	52741.22
261.72	52743.75
261.79	52731.82
261.86	52738.69
261.93	52737.46
262.00	52725.24
262.07	52688.32
262.13	52667.89
262.20	52647.55
262.27	52624.90
262.34	52610.41
262.41	52611.28
262.48	52622.10
262.55	52630.30
262.62	52635.55
262.69	52637.04
262.76	52628.21
262.82	52600.38
262.89	52571.77
262.96	52551.00
263.03	52548.01
263.10	52552.54
263.17	52551.59
263.24	52530.29
263.31	52520.74
263.38	52504.39
263.44	52499.84
263.51	52504.86
263.58	52502.56
263.65	52464.31
263.72	52402.92
263.79	52319.19
263.86	52242.53
263.93	52188.30
264.00	52167.88
264.06	52164.42
264.13	52163.28
264.20	52148.12
264.27	52102.57
264.34	52048.98
264.41	51989.43
264.48	51923.77
264.55	51863.02
264.61	51816.91
264.68	51761.12
264.75	51714.23
264.82	51670.90
264.89	51642.67
264.96	51629.71
265.03	51615.54
265.10	51607.41
265.16	51605.47
265.23	51589.11
265.30	51569.38
265.37	51543.07
265.44	51511.04
265.51	51486.01
265.58	51478.20
265.65	51474.48
265.71	51481.07
265.78	51482.95
265.85	51471.45
265.92	51418.73
265.99	51344.46
266.06	51264.87
266.13	51169.70
266.20	51091.92
266.26	51053.48
266.33	51030.58
266.40	50991.22
266.47	50960.21
266.54	50904.19
266.61	50851.80
266.68	50824.08
266.74	50806.49
266.81	50773.71
266.88	50737.10
266.95	50665.44
267.02	50581.20
267.09	50511.26
267.16	50471.75
267.22	50462.00
267.29	50484.93
267.36	50509.67
267.43	50544.97
267.50	50550.22
267.57	50540.93
267.64	50502.01
267.70	50444.59
267.77	50372.78
267.84	50330.94
267.91	50285.89
267.98	50261.53
268.05	50258.72
268.11	50251.93
268.18	50220.96
268.25	50178.44
268.32	50116.82
268.39	50012.65
268.46	49882.54
268.53	49755.27
268.59	49640.74
268.66	49547.97
268.73	49492.73
268.80	49491.16
268.87	49507.20
268.94	49553.15
269.00	49603.80
269.07	49662.35
269.14	49690.92
269.21	49694.68
269.28	49674.62
269.35	49623.83
269.41	49565.43
269.48	49516.69
269.55	49491.40
269.62	49469.49
269.69	49472.46
269.76	49450.95
269.82	49419.61
269.89	49373.12
269.96	49328.03
270.03	49265.49
270.10	49200.50
270.17	49127.43
270.23	49070.53
270.30	49023.07
270.37	48998.26
270.44	48997.26
270.51	49008.56
270.58	49015.41
270.64	49009.73
270.71	48996.33
270.78	49004.19
270.85	49008.62
270.92	49014.69
270.99	49014.69
271.05	48989.47
271.12	48921.91
271.19	48840.00
271.26	48744.67
271.33	48665.24
271.39	48609.24
271.46	48551.22
271.53	48502.08
271.60	48485.25
271.67	48465.14
271.74	48427.81
271.80	48404.89
271.87	48407.34
271.94	48378.99
272.01	48324.86
272.08	48291.46
272.14	48263.49
272.21	48224.94
272.28	48196.08
272.35	48183.01
272.42	48166.53
272.48	48156.41
272.55	48155.38
272.62	48143.07
272.69	48132.39
272.76	48130.38
272.83	48122.61
272.89	48091.16
272.96	48064.95
273.03	48040.21
273.10	48022.53
273.17	47989.18
273.23	47958.68
273.30	47917.90
273.37	47861.56
273.44	47768.59
273.51	47687.77
273.57	47623.71
273.64	47578.68
273.71	47567.44
273.78	47577.75
273.85	47595.70
273.91	47621.62
273.98	47675.88
274.05	47734.35
274.12	47818.88
274.19	47903.24
274.25	47963.84
274.32	47994.93
274.39	47985.12
274.46	47928.38
274.53	47846.84
274.59	47748.47
274.66	47636.32
274.73	47541.97
274.80	47461.46
274.86	47389.56
274.93	47344.19
275.00	47321.02
275.07	47308.28
275.14	47289.55
275.20	47279.81
275.27	47266.11
275.34	47239.41
275.41	47200.50
275.48	47193.09
275.54	47197.67
275.61	47210.53
275.68	47220.37
275.75	47233.21
275.81	47216.77
275.88	47198.96
275.95	47188.22
276.02	47188.12
276.09	47193.56
276.15	47195.03
276.22	47190.24
276.29	47168.84
276.36	47103.20
276.42	47009.31
276.49	46922.34
276.56	46818.91
276.63	46718.33
276.70	46674.99
276.76	46667.33
276.83	46679.44
276.90	46720.97
276.97	46772.49
277.03	46800.80
277.10	46784.53
277.17	46758.94
277.24	46704.67
277.30	46656.89
277.37	46615.61
277.44	46625.65
277.51	46636.17
277.58	46662.49
277.64	46678.94
277.71	46669.80
277.78	46621.45
277.85	46542.35
277.91	46431.61
277.98	46315.98
278.05	46218.81
278.12	46153.72
278.18	46115.43
278.25	46131.77
278.32	46173.91
278.39	46242.12
278.45	46314.04
278.52	46401.38
278.59	46477.42
278.66	46526.98
278.72	46557.84
278.79	46541.96
278.86	46462.47
278.93	46352.47
278.99	46195.66
279.06	46051.33
279.13	45949.84
279.20	45928.05
279.26	45958.05
279.33	46050.75
279.40	46136.56
279.47	46240.00
279.53	46298.47
279.60	46293.07
279.67	46206.04
279.74	46057.36
279.80	45850.30
279.87	45667.08
279.94	45524.46
280.01	45451.40
280.07	45459.92
280.14	45502.29
280.21	45524.00
280.28	45561.95
280.34	45605.93
280.41	45629.35
280.48	45645.35
280.55	45683.39
280.61	45697.52
280.68	45697.44
280.75	45688.70
280.82	45688.08
280.88	45686.26
280.95	45660.34
281.02	45630.29
281.08	45567.22
281.15	45491.52
281.22	45386.56
281.29	45283.46
281.35	45171.69
281.42	45064.29
281.49	44945.98
281.56	44828.02
281.62	44740.87
281.69	44662.18
281.76	44606.53
281.82	44561.59
281.89	44540.80
281.96	44530.31
282.03	44539.17
282.09	44561.16
282.16	44596.71
282.23	44656.33
282.30	44696.42
282.36	44746.71
282.43	44810.26
282.50	44886.10
282.56	44911.35
282.63	44933.13
282.70	44952.22
282.77	44961.00
282.83	44961.45
282.90	44986.53
282.97	45005.69
283.03	44949.26
283.10	44837.96
283.17	44675.64
283.24	44484.69
283.30	44289.08
283.37	44152.43
283.44	44066.00
283.50	44029.07
283.57	44031.97
283.64	44048.10
283.71	44070.05
283.77	44100.15
283.84	44135.17
283.91	44164.27
283.97	44198.15
284.04	44250.76
284.11	44297.67
284.18	44337.76
284.24	44366.55
284.31	44396.51
284.38	44380.85
284.44	44366.48
284.51	44352.49
284.58	44338.06
284.64	44324.34
284.71	44319.17
284.78	44279.64
284.85	44233.22
284.91	44181.62
284.98	44116.16
285.05	44041.59
285.11	43955.63
285.18	43846.48
285.25	43733.15
285.31	43625.11
285.38	43548.19
285.45	43533.02
285.52	43557.85
285.58	43617.02
285.65	43685.33
285.72	43763.60
285.78	43829.98
285.85	43892.07
285.92	43950.46
285.98	44024.18
286.05	44096.40
286.12	44173.83
286.18	44246.87
286.25	44319.46
286.32	44367.91
286.39	44395.10
286.45	44380.57
286.52	44332.95
286.59	44223.71
286.65	44062.95
286.72	43882.11
286.79	43712.20
286.85	43558.28
286.92	43458.51
286.99	43418.71
287.05	43389.38
287.12	43398.79
287.19	43447.11
287.25	43509.36
287.32	43573.56
287.39	43666.51
287.45	43742.20
287.52	43791.80
287.59	43829.42
287.65	43869.19
287.72	43890.43
287.79	43916.16
287.86	43951.67
287.92	43983.39
287.99	44013.74
288.06	44063.92
288.12	44101.46
288.19	44133.35
288.26	44161.12
288.32	44185.46
288.39	44176.51
288.46	44158.18
288.52	44117.93
288.59	44051.59
288.66	43939.51
288.72	43800.70
288.79	43658.83
288.86	43514.69
288.92	43395.84
288.99	43347.84
289.06	43368.89
289.12	43417.02
289.19	43526.05
289.26	43655.23
289.32	43785.52
289.39	43910.12
289.45	44048.87
289.52	44145.01
289.59	44223.50
289.65	44262.19
289.72	44266.87
289.79	44254.25
289.85	44231.59
289.92	44194.67
289.99	44159.68
290.05	44106.88
290.12	44023.30
290.19	43959.89
290.25	43901.57
290.32	43859.66
290.39	43868.54
290.45	43884.79
290.52	43888.01
290.59	43873.20
290.65	43818.46
290.72	43716.72
290.79	43631.39
290.85	43581.99
290.92	43592.34
290.98	43665.40
291.05	43784.25
291.12	43931.88
291.18	44062.94
291.25	44185.51
291.32	44286.51
291.38	44389.56
291.45	44476.28
291.52	44564.73
291.58	44630.40
291.65	44667.51
291.72	44676.11
291.78	44639.99
291.85	44555.91
291.91	44464.24
291.98	44385.28
292.05	44287.45
292.11	44212.36
292.18	44141.69
292.25	44053.75
292.31	43959.96
292.38	43893.15
292.45	43830.45
292.51	43805.20
292.58	43817.78
292.64	43859.58
292.71	43914.24
292.78	44001.29
292.84	44103.25
292.91	44218.33
292.98	44337.16
293.04	44459.26
293.11	44572.04
293.17	44682.58
293.24	44790.41
293.31	44888.79
293.37	44983.99
293.44	45045.58
293.51	45093.29
293.57	45107.31
293.64	45087.69
293.70	45023.77
293.77	44919.07
293.84	44749.17
293.90	44538.03
293.97	44345.94
294.04	44197.07
294.10	44109.34
294.17	44101.04
294.23	44146.69
294.30	44185.69
294.37	44210.60
294.43	44219.07
294.50	44205.15
294.56	44189.02
294.63	44207.65
294.70	44262.05
294.76	44377.14
294.83	44527.66
294.90	44712.85
294.96	44894.29
295.03	45065.29
295.09	45196.16
295.16	45316.72
295.23	45415.44
295.29	45505.85
295.36	45580.05
295.42	45643.06
295.49	45676.61
295.56	45701.44
295.62	45705.49
295.69	45653.76
295.75	45574.09
295.82	45448.56
295.89	45259.40
295.95	45039.20
296.02	44846.29
296.08	44650.94
296.15	44494.36
296.22	44383.52
296.28	44319.18
296.35	44318.70
296.41	44390.77
296.48	44511.95
296.55	44694.00
296.61	44905.59
296.68	45105.34
296.74	45299.43
296.81	45480.74
296.88	45608.20
296.94	45704.17
297.01	45798.39
297.07	45880.95
297.14	45956.96
297.20	46067.06
297.27	46192.29
297.34	46296.77
297.40	46399.92
297.47	46476.00
297.53	46503.16
297.60	46490.87
297.67	46456.87
297.73	46366.92
297.80	46225.59
297.86	46026.52
297.93	45770.01
298.00	45475.51
298.06	45212.76
298.13	45026.97
298.19	44930.76
298.26	44925.29
298.32	45004.59
298.39	45094.31
298.46	45172.23
298.52	45275.89
298.59	45405.33
298.65	45539.33
298.72	45707.24
298.78	45904.12
298.85	46082.62
298.92	46248.94
298.98	46403.46
299.05	46538.51
299.11	46659.28
299.18	46764.63
299.24	46854.50
299.31	46923.15
299.38	46987.23
299.44	47023.77
299.51	47059.31
299.57	47080.44
299.64	47096.27
299.70	47083.66
299.77	47051.98
299.84	46945.12
299.90	46749.23
299.97	46443.33
300.03	46049.94
300.10	45656.93
300.16	45341.85
300.23	45156.62
300.30	45133.97
300.36	45239.10
300.43	45426.90
300.49	45647.99
300.56	45875.92
300.62	46101.23
300.69	46323.66
300.75	46510.28
300.82	46684.88
300.89	46828.49
300.95	46947.37
301.02	47047.68
301.08	47132.21
301.15	47209.38
301.21	47293.57
301.28	47361.67
301.34	47432.71
301.41	47496.69
301.48	47547.11
301.54	47557.38
301.61	47567.51
301.67	47552.89
301.74	47528.67
301.80	47443.04
301.87	47301.52
301.93	47088.62
302.00	46815.27
302.06	46505.17
302.13	46220.13
302.20	45994.03
302.26	45846.11
302.33	45789.56
302.39	45800.25
302.46	45873.28
302.52	45987.41
302.59	46123.36
302.65	46278.35
302.72	46445.20
302.78	46609.80
302.85	46768.11
302.91	46915.13
302.98	47032.71
303.05	47134.24
303.11	47223.07
303.18	47290.79
303.24	47350.55
303.31	47408.06
303.37	47456.39
303.44	47487.48
303.50	47507.86
303.57	47505.34
303.63	47499.53
303.70	47476.84
303.76	47440.72
303.83	47402.68
303.89	47350.61
303.96	47259.11
304.03	47141.56
304.09	46959.66
304.16	46704.86
304.22	46392.26
304.29	46099.68
304.35	45856.14
304.42	45730.25
304.48	45710.74
304.55	45789.56
304.61	45907.57
304.68	46045.38
304.74	46171.50
304.81	46303.85
304.87	46421.13
304.94	46533.29
305.00	46634.07
305.07	46694.80
305.13	46741.21
305.20	46780.40
305.26	46819.05
305.33	46849.09
305.39	46885.06
305.46	46906.07
305.52	46934.67
305.59	46949.97
305.66	46933.13
305.72	46903.84
305.79	46873.35
305.85	46815.79
305.92	46711.98
305.98	46575.69
306.05	46392.80
306.11	46157.29
306.18	45905.75
306.24	45669.35
306.31	45439.39
306.37	45236.22
306.44	45056.74
306.50	44903.80
306.57	44804.17
306.63	44803.95
306.70	44888.34
306.76	45032.87
306.83	45206.66
306.89	45360.66
306.96	45479.79
307.02	45559.34
307.09	45618.21
307.15	45667.32
307.22	45705.61
307.28	45729.72
307.35	45742.91
307.41	45741.37
307.48	45733.30
307.54	45732.28
307.61	45718.02
307.67	45689.07
307.74	45651.99
307.80	45612.61
307.87	45565.54
307.93	45512.05
308.00	45474.18
308.06	45428.89
308.13	45359.54
308.19	45265.17
308.26	45178.07
308.32	45074.87
308.38	44970.06
308.45	44854.88
308.51	44732.79
308.58	44571.64
308.64	44381.54
308.71	44221.61
308.77	44097.67
308.84	44014.08
308.90	44020.49
308.97	44064.68
309.03	44114.36
309.10	44171.64
309.16	44230.53
309.23	44244.37
309.29	44277.53
309.36	44283.16
309.42	44261.61
309.49	44248.04
309.55	44234.52
309.62	44194.99
309.68	44167.44
309.75	44140.23
309.81	44082.53
309.88	44029.56
309.94	43965.18
310.00	43899.29
310.07	43831.27
310.13	43774.80
310.20	43690.98
310.26	43617.20
310.33	43541.51
310.39	43477.93
310.46	43404.18
310.52	43325.96
310.59	43232.92
310.65	43122.07
310.72	42983.87
310.78	42846.36
310.85	42741.64
310.91	42666.64
310.97	42633.79
311.04	42626.77
311.10	42624.32
311.17	42623.17
311.23	42618.10
311.30	42587.12
311.36	42566.41
311.43	42572.87
311.49	42563.22
311.56	42551.48
311.62	42550.50
311.69	42536.25
311.75	42520.36
311.81	42490.75
311.88	42451.93
311.94	42398.41
312.01	42362.20
312.07	42299.02
312.14	42243.05
312.20	42199.64
312.27	42158.15
312.33	42101.37
312.40	42041.18
312.46	41981.67
312.52	41913.10
312.59	41838.67
312.65	41765.43
312.72	41687.66
312.78	41606.05
312.85	41520.21
312.91	41428.25
312.98	41327.56
313.04	41236.68
313.10	41143.79
313.17	41060.79
313.23	40996.62
313.30	40944.25
313.36	40910.79
313.43	40891.15
313.49	40879.05
313.56	40858.48
313.62	40837.41
313.68	40799.63
313.75	40765.52
313.81	40723.41
313.88	40683.50
313.94	40645.24
314.01	40604.04
314.07	40578.18
314.13	40559.00
314.20	40525.70
314.26	40489.15
314.33	40450.14
314.39	40395.25
314.46	40319.57
314.52	40276.11
314.58	40213.97
314.65	40147.27
314.71	40072.43
314.78	40002.08
314.84	39917.09
314.91	39855.89
314.97	39800.08
315.03	39747.70
315.10	39708.11
315.16	39652.25
315.23	39589.55
315.29	39544.40
315.36	39488.93
315.42	39425.59
315.48	39369.89
315.55	39325.95
315.61	39250.95
315.68	39194.97
315.74	39138.66
315.81	39094.74
315.87	39044.72
315.93	39026.28
316.00	39027.67
316.06	39028.36
316.13	39017.49
316.19	38985.87
316.25	38903.27
316.32	38775.43
316.38	38610.51
316.45	38418.92
316.51	38193.32
316.58	37959.31
316.64	37704.39
316.70	37462.80
316.77	37199.92
316.83	36948.61
316.90	36699.74
316.96	36458.65
317.02	36202.09
317.09	35958.98
317.15	35705.19
317.22	35455.75
317.28	35192.54
317.34	34930.71
317.41	34679.29
317.47	34439.21
317.54	34192.63
317.60	33944.22
317.66	33698.28
317.73	33421.99
317.79	33144.88
317.86	32864.94
317.92	32603.15
317.98	32325.31
318.05	32059.45
318.11	31793.45
318.18	31533.46
318.24	31256.00
318.30	30985.91
318.37	30710.87
318.43	30430.30
318.50	30141.37
318.56	29857.14
318.62	29587.20
318.69	29316.24
318.75	29059.45
318.82	28792.40
318.88	28524.43
318.94	28237.65
319.01	27965.76
319.07	27680.90
319.13	27409.92
319.20	27135.23
319.26	26853.61
319.33	26574.85
319.39	26278.49
319.45	25984.71
319.52	25699.20
319.58	25419.85
319.65	25130.22
319.71	24853.42
319.77	24562.26
319.84	24284.26
319.90	24006.72
319.96	23724.69
320.03	23442.61
320.09	23171.06
320.16	22875.88
320.22	22586.20
320.28	22294.16
320.35	22010.72
320.41	21722.65
320.47	21449.11
320.54	21166.06
320.60	20890.82
320.67	20604.92
320.73	20331.27
320.79	20037.52
320.86	19760.31
320.92	19478.77
320.98	19194.68
321.05	18892.35
321.11	18601.81
321.18	18313.61
321.24	18026.34
321.30	17738.47
321.37	17473.26
321.43	17204.97
321.49	16917.33
321.56	16645.51
321.62	16380.66
321.68	16105.01
321.75	15824.10
321.81	15552.78
321.88	15260.64
321.94	14977.37
322.00	14693.80
322.07	14403.92
322.13	14123.51
322.19	13848.54
322.26	13561.80
322.32	13279.67
322.38	13002.59
322.45	12735.37
322.51	12458.10
322.58	12198.18
322.64	11921.67
322.70	11659.49
322.77	11384.42
322.83	11124.83
322.89	10846.68
322.96	10580.57
323.02	10315.71
323.08	10045.84
323.15	9776.44
323.21	9511.21
323.27	9249.80
323.34	8989.15
323.40	8739.89
323.46	8485.84
323.53	8129.45
323.59	7023.70
323.65	5436.32
323.72	3765.33
323.78	2152.13
323.85	696.04
323.91	42.69
323.97	-80.88
324.04	-82.48
