180.21	3365.35
180.28	-114.26
180.36	625.57
180.44	-41.48
180.51	-12.74
180.59	9.46
180.66	36.06
180.74	32.44
180.81	30.34
180.89	32.31
180.97	32.93
181.04	30.17
181.12	28.50
181.19	29.41
181.27	29.05
181.34	47.09
181.42	54.31
181.50	62.39
181.57	74.21
181.65	79.74
181.72	72.66
181.80	68.49
181.87	68.63
181.95	68.37
182.03	67.53
182.10	70.14
182.18	71.52
182.25	75.84
182.33	74.60
182.40	81.41
182.48	77.06
182.55	87.64
182.63	92.25
182.71	95.15
182.78	96.66
182.86	101.97
182.93	98.75
183.01	101.21
183.08	102.20
183.16	107.45
183.23	104.05
183.31	111.50
183.39	111.40
183.46	120.90
183.54	116.40
183.61	124.25
183.69	126.36
183.76	136.80
183.84	136.67
183.91	139.06
183.99	148.83
184.06	149.78
184.14	151.53
184.22	155.60
184.29	159.35
184.37	156.72
184.44	152.53
184.52	141.56
184.59	139.04
184.67	142.48
184.74	138.02
184.82	150.39
184.89	163.60
184.97	174.05
185.04	182.69
185.12	193.46
185.20	202.40
185.27	212.23
185.35	221.53
185.42	222.64
185.50	234.83
185.57	236.78
185.65	242.33
185.72	244.80
185.80	255.03
185.87	253.68
185.95	253.00
186.02	255.78
186.10	253.26
186.17	252.18
186.25	252.26
186.33	244.22
186.40	235.65
186.48	237.55
186.55	241.34
186.63	245.29
186.70	274.00
186.78	293.81
186.85	313.17
186.93	328.34
187.00	346.66
187.08	348.19
187.15	360.66
187.23	370.78
187.30	381.73
187.38	398.20
187.45	418.35
187.53	434.30
187.60	443.50
187.68	454.22
187.75	465.37
187.83	472.20
187.90	468.76
187.98	468.27
188.05	468.73
188.13	451.02
188.21	428.09
188.28	424.39
188.36	420.49
188.43	422.10
188.51	439.54
188.58	472.46
188.66	486.69
188.73	508.50
188.81	535.44
188.88	552.76
188.96	568.58
189.03	598.40
189.11	622.19
189.18	637.01
189.26	658.03
189.33	683.82
189.41	709.25
189.48	731.66
189.56	754.55
189.63	774.11
189.71	774.23
189.78	756.02
189.86	736.68
189.93	718.71
190.01	691.21
190.08	673.32
190.16	661.22
190.23	644.73
190.31	638.94
190.38	638.45
190.46	649.67
190.53	674.38
190.61	721.10
190.68	750.54
190.76	799.38
190.83	839.10
190.91	869.55
190.98	888.69
191.06	917.10
191.13	935.24
191.21	947.81
191.28	956.51
191.35	963.08
191.43	963.77
191.50	956.49
191.58	959.23
191.65	970.30
191.73	980.91
191.80	993.53
191.88	1001.16
191.95	1004.02
192.03	1006.29
192.10	1010.94
192.18	1016.35
192.25	1028.68
192.33	1034.29
192.40	1031.00
192.48	1024.08
192.55	1020.85
192.63	1012.90
192.70	1016.17
192.78	1029.25
192.85	1051.16
192.93	1067.75
193.00	1079.75
193.08	1079.99
193.15	1077.34
193.22	1076.11
193.30	1085.67
193.37	1123.81
193.45	1161.01
193.52	1209.45
193.60	1261.04
193.67	1299.35
193.75	1322.35
193.82	1352.92
193.90	1367.98
193.97	1372.48
194.05	1371.05
194.12	1360.37
194.20	1342.06
194.27	1323.13
194.34	1290.21
194.42	1260.02
194.49	1240.25
194.57	1229.46
194.64	1213.28
194.72	1208.81
194.79	1213.19
194.87	1229.04
194.94	1264.03
195.02	1318.80
195.09	1382.24
195.17	1451.18
195.24	1508.66
195.31	1549.60
195.39	1576.27
195.46	1593.27
195.54	1603.44
195.61	1604.73
195.69	1589.43
195.76	1562.35
195.84	1524.76
195.91	1462.15
195.99	1389.42
196.06	1323.94
196.13	1290.39
196.21	1284.57
196.28	1314.37
196.36	1376.50
196.43	1457.21
196.51	1537.74
196.58	1612.04
196.66	1675.92
196.73	1721.20
196.80	1751.13
196.88	1762.51
196.95	1767.31
197.03	1762.43
197.10	1744.94
197.18	1716.84
197.25	1671.58
197.33	1611.46
197.40	1548.80
197.47	1482.79
197.55	1434.22
197.62	1408.94
197.70	1408.49
197.77	1435.66
197.85	1492.39
197.92	1559.42
197.99	1639.50
198.07	1726.79
198.14	1803.38
198.22	1876.27
198.29	1931.52
198.37	1974.55
198.44	2001.86
198.51	2008.80
198.59	1998.14
198.66	1978.68
198.74	1929.96
198.81	1854.29
198.89	1763.80
198.96	1677.55
199.03	1590.88
199.11	1533.15
199.18	1512.24
199.26	1538.54
199.33	1597.33
199.41	1688.68
199.48	1786.89
199.55	1890.18
199.63	1972.59
199.70	2047.05
199.78	2103.81
199.85	2155.49
199.93	2191.97
200.00	2229.83
200.07	2234.03
200.15	2224.02
200.22	2187.61
200.30	2115.34
200.37	2011.95
200.44	1886.62
200.52	1771.26
200.59	1696.17
200.67	1666.96
200.74	1684.70
200.81	1754.20
200.89	1842.28
200.96	1936.32
201.04	2028.04
201.11	2130.23
201.19	2226.59
201.26	2314.16
201.33	2382.19
201.41	2443.31
201.48	2475.98
201.56	2488.17
201.63	2489.04
201.70	2455.89
201.78	2391.56
201.85	2299.48
201.93	2195.61
202.00	2084.78
202.07	1999.96
202.15	1930.14
202.22	1897.96
202.30	1918.94
202.37	1978.72
202.44	2071.91
202.52	2203.59
202.59	2350.79
202.67	2473.77
202.74	2584.23
202.81	2676.40
202.89	2754.88
202.96	2827.17
203.04	2895.68
203.11	2937.06
203.18	2959.45
203.26	2948.04
203.33	2884.53
203.41	2779.39
203.48	2645.01
203.55	2455.65
203.63	2281.78
203.70	2172.05
203.77	2137.35
203.85	2175.70
203.92	2301.08
204.00	2474.32
204.07	2642.49
204.14	2798.21
204.22	2940.28
204.29	3079.57
204.37	3193.62
204.44	3291.85
204.51	3375.33
204.59	3432.82
204.66	3452.93
204.73	3447.21
204.81	3408.93
204.88	3335.89
204.96	3222.33
205.03	3069.60
205.10	2902.53
205.18	2761.03
205.25	2644.85
205.32	2587.85
205.40	2606.69
205.47	2693.49
205.55	2824.33
205.62	2996.56
205.69	3201.36
205.77	3407.49
205.84	3598.85
205.91	3763.73
205.99	3905.85
206.06	4014.99
206.14	4116.11
206.21	4212.45
206.28	4280.78
206.36	4328.66
206.43	4330.06
206.50	4276.36
206.58	4145.30
206.65	3958.02
206.72	3702.82
206.80	3443.24
206.87	3227.77
206.95	3113.96
207.02	3128.96
207.09	3271.29
207.17	3505.10
207.24	3774.91
207.31	4043.37
207.39	4285.72
207.46	4507.69
207.53	4698.09
207.61	4881.73
207.68	5042.08
207.75	5187.96
207.83	5305.71
207.90	5395.23
207.98	5425.32
208.05	5408.52
208.12	5323.96
208.20	5175.28
208.27	4962.42
208.34	4701.12
208.42	4427.37
208.49	4217.04
208.56	4096.22
208.64	4097.64
208.71	4217.09
208.78	4409.84
208.86	4651.51
208.93	4910.68
209.00	5171.20
209.08	5435.34
209.15	5710.01
209.22	5952.85
209.30	6179.78
209.37	6383.26
209.44	6559.56
209.52	6703.93
209.59	6818.41
209.67	6885.98
209.74	6888.41
209.81	6831.30
209.89	6680.37
209.96	6436.34
210.03	6127.40
210.11	5828.62
210.18	5558.93
210.25	5382.66
210.33	5351.55
210.40	5478.40
210.47	5706.20
210.55	6019.74
210.62	6367.52
210.69	6721.32
210.77	7048.25
210.84	7346.77
210.91	7620.72
210.99	7875.70
211.06	8108.57
211.13	8325.73
211.21	8526.21
211.28	8683.94
211.35	8801.07
211.42	8840.94
211.50	8786.07
211.57	8616.60
211.64	8353.95
211.72	7997.43
211.79	7615.77
211.86	7319.16
211.94	7201.75
212.01	7244.97
212.08	7475.03
212.16	7818.24
212.23	8189.30
212.30	8517.88
212.38	8818.13
212.45	9082.65
212.52	9331.85
212.60	9572.48
212.67	9812.04
212.74	10060.06
212.82	10306.67
212.89	10545.41
212.96	10760.40
213.03	10925.06
213.11	11011.35
213.18	11000.76
213.25	10902.80
213.33	10689.71
213.40	10386.36
213.47	10092.62
213.55	9864.96
213.62	9725.08
213.69	9738.20
213.77	9919.32
213.84	10188.21
213.91	10515.04
213.98	10859.81
214.06	11186.40
214.13	11474.29
214.20	11729.78
214.28	11977.29
214.35	12249.56
214.42	12535.00
214.50	12846.58
214.57	13160.51
214.64	13442.68
214.72	13668.73
214.79	13839.51
214.86	13924.12
214.93	13915.35
215.01	13809.14
215.08	13588.73
215.15	13260.36
215.23	12883.60
215.30	12582.22
215.37	12441.82
215.44	12522.36
215.52	12813.22
215.59	13263.10
215.66	13743.37
215.74	14192.21
215.81	14568.06
215.88	14918.63
215.95	15235.12
216.03	15553.02
216.10	15858.26
216.17	16155.62
216.25	16410.88
216.32	16637.46
216.39	16811.10
216.46	16953.14
216.54	17047.45
216.61	17097.91
216.68	17080.60
216.76	16993.24
216.83	16792.90
216.90	16512.63
216.97	16210.37
217.05	15995.07
217.12	15922.07
217.19	16038.92
217.27	16336.78
217.34	16766.59
217.41	17249.91
217.48	17736.60
217.56	18195.39
217.63	18620.94
217.70	18981.77
217.78	19292.75
217.85	19553.89
217.92	19781.89
217.99	19985.45
218.07	20169.48
218.14	20337.91
218.21	20519.75
218.28	20697.37
218.36	20844.57
218.43	20963.11
218.50	21009.08
218.57	20934.15
218.65	20722.87
218.72	20406.72
218.79	20067.63
218.87	19796.78
218.94	19706.98
219.01	19833.02
219.08	20166.80
219.16	20646.22
219.23	21173.27
219.30	21661.62
219.37	22099.55
219.45	22478.89
219.52	22819.11
219.59	23134.76
219.66	23425.18
219.74	23708.76
219.81	23998.01
219.88	24253.86
219.95	24496.48
220.03	24724.40
220.10	24931.13
220.17	25071.38
220.24	25146.74
220.32	25132.00
220.39	25017.94
220.46	24790.58
220.53	24503.23
220.61	24213.79
220.68	24025.23
220.75	24001.83
220.82	24160.60
220.90	24459.00
220.97	24847.29
221.04	25242.04
221.11	25611.59
221.19	25936.09
221.26	26242.86
221.33	26549.14
221.40	26856.05
221.48	27145.65
221.55	27428.44
221.62	27698.25
221.69	27963.08
221.77	28209.29
221.84	28437.36
221.91	28620.61
221.98	28782.66
222.06	28872.60
222.13	28912.70
222.20	28888.85
222.27	28830.53
222.35	28720.59
222.42	28623.33
222.49	28554.99
222.56	28558.72
222.63	28624.47
222.71	28763.28
222.78	28947.09
222.85	29146.47
222.92	29360.22
223.00	29594.20
223.07	29839.87
223.14	30090.28
223.21	30350.08
223.29	30602.73
223.36	30867.12
223.43	31130.91
223.50	31383.37
223.57	31632.63
223.65	31865.02
223.72	32039.55
223.79	32172.26
223.86	32244.54
223.94	32284.42
224.01	32287.98
224.08	32292.53
224.15	32291.89
224.22	32306.89
224.30	32315.25
224.37	32364.95
224.44	32449.73
224.51	32555.76
224.59	32695.60
224.66	32866.78
224.73	33047.25
224.80	33217.19
224.87	33415.59
224.95	33623.13
225.02	33843.39
225.09	34051.47
225.16	34264.58
225.23	34453.65
225.31	34634.20
225.38	34781.16
225.45	34912.04
225.52	35029.70
225.60	35109.54
225.67	35150.37
225.74	35155.76
225.81	35138.47
225.88	35117.24
225.96	35141.65
226.03	35219.27
226.10	35337.42
226.17	35502.12
226.24	35664.85
226.32	35829.54
226.39	35971.83
226.46	36125.95
226.53	36282.50
226.60	36455.06
226.68	36613.78
226.75	36774.92
226.82	36929.68
226.89	37067.22
226.96	37178.30
227.04	37271.89
227.11	37356.89
227.18	37438.64
227.25	37512.19
227.32	37587.51
227.40	37670.37
227.47	37746.82
227.54	37792.77
227.61	37815.21
227.68	37811.41
227.76	37803.56
227.83	37808.19
227.90	37850.96
227.97	37928.57
228.04	38054.35
228.11	38194.68
228.19	38332.84
228.26	38471.70
228.33	38597.71
228.40	38718.94
228.47	38840.52
228.55	38955.80
228.62	39062.69
228.69	39181.01
228.76	39285.35
228.83	39374.80
228.90	39469.53
228.98	39564.09
229.05	39664.15
229.12	39780.37
229.19	39893.73
229.26	40005.42
229.34	40101.04
229.41	40165.96
229.48	40216.05
229.55	40255.69
229.62	40281.22
229.69	40292.74
229.77	40302.41
229.84	40310.31
229.91	40327.81
229.98	40350.44
230.05	40415.44
230.12	40498.68
230.20	40586.10
230.27	40686.55
230.34	40807.00
230.41	40920.68
230.48	41022.18
230.55	41118.95
230.63	41205.31
230.70	41287.43
230.77	41331.02
230.84	41385.11
230.91	41428.96
230.98	41476.74
231.06	41520.87
231.13	41607.51
231.20	41697.97
231.27	41809.75
231.34	41900.62
231.41	41993.05
231.49	42065.73
231.56	42126.07
231.63	42165.96
231.70	42219.90
231.77	42261.47
231.84	42290.93
231.92	42308.82
231.99	42336.20
232.06	42367.95
232.13	42401.96
232.20	42460.99
232.27	42527.49
232.34	42583.28
232.42	42627.22
232.49	42670.58
232.56	42711.10
232.63	42767.89
232.70	42828.04
232.77	42901.79
232.85	42970.78
232.92	43021.51
232.99	43057.62
233.06	43101.10
233.13	43142.63
233.20	43182.15
233.27	43213.36
233.35	43244.04
233.42	43256.26
233.49	43273.54
233.56	43308.47
233.63	43359.44
233.70	43405.68
233.77	43462.94
233.85	43516.11
233.92	43570.47
233.99	43613.78
234.06	43658.96
234.13	43715.66
234.20	43762.43
234.27	43794.51
234.35	43823.46
234.42	43854.00
234.49	43863.93
234.56	43884.31
234.63	43889.92
234.70	43891.85
234.77	43896.62
234.84	43898.17
234.92	43883.21
234.99	43897.04
235.06	43926.57
235.13	43950.97
235.20	43982.02
235.27	44032.76
235.34	44054.76
235.41	44087.94
235.49	44117.23
235.56	44156.37
235.63	44178.72
235.70	44213.32
235.77	44217.39
235.84	44232.48
235.91	44234.63
235.98	44231.29
236.06	44228.08
236.13	44240.68
236.20	44251.63
236.27	44246.15
236.34	44251.92
236.41	44268.48
236.48	44279.74
236.55	44280.06
236.63	44295.41
236.70	44308.08
236.77	44313.17
236.84	44331.83
236.91	44359.89
236.98	44388.61
237.05	44418.26
237.12	44432.75
237.19	44434.92
237.27	44428.99
237.34	44426.93
237.41	44426.63
237.48	44432.84
237.55	44425.80
237.62	44438.49
237.69	44446.97
237.76	44463.84
237.83	44483.65
237.91	44515.23
237.98	44529.38
238.05	44549.00
238.12	44550.53
238.19	44553.02
238.26	44573.43
238.33	44588.66
238.40	44586.74
238.47	44579.34
238.54	44586.88
238.62	44580.76
238.69	44573.74
238.76	44580.97
238.83	44596.46
238.90	44594.44
238.97	44600.29
239.04	44622.84
239.11	44639.83
239.18	44662.65
239.25	44677.39
239.33	44664.14
239.40	44650.53
239.47	44634.70
239.54	44608.33
239.61	44582.46
239.68	44566.92
239.75	44548.45
239.82	44536.56
239.89	44534.45
239.96	44542.91
240.03	44561.03
240.11	44576.22
240.18	44596.82
240.25	44607.57
240.32	44626.65
240.39	44651.14
240.46	44669.49
240.53	44691.24
240.60	44731.45
240.67	44760.02
240.74	44786.26
240.81	44803.04
240.88	44816.06
240.96	44806.56
241.03	44813.96
241.10	44817.16
241.17	44834.34
241.24	44850.88
241.31	44872.20
241.38	44864.08
241.45	44854.10
241.52	44844.25
241.59	44841.66
241.66	44842.67
241.73	44874.55
241.80	44902.77
241.88	44929.42
241.95	44940.24
242.02	44959.22
242.09	44962.60
242.16	44961.22
242.23	44970.30
242.30	44979.86
242.37	44996.15
242.44	45015.68
242.51	45028.59
242.58	45029.07
242.65	45035.59
242.72	45039.52
242.79	45037.59
242.87	45057.92
242.94	45076.94
243.01	45106.14
243.08	45131.53
243.15	45163.77
243.22	45181.77
243.29	45220.16
243.36	45241.20
243.43	45273.10
243.50	45306.28
243.57	45355.21
243.64	45394.43
243.71	45437.26
243.78	45465.19
243.85	45493.28
243.92	45500.23
243.99	45503.94
244.07	45512.64
244.14	45514.53
244.21	45520.92
244.28	45542.96
244.35	45556.09
244.42	45583.22
244.49	45599.41
244.56	45618.35
244.63	45639.68
244.70	45653.64
244.77	45665.52
244.84	45702.79
244.91	45738.21
244.98	45777.59
245.05	45830.81
245.12	45878.74
245.19	45916.12
245.26	45949.12
245.33	45974.99
245.40	46014.72
245.47	46062.36
245.55	46113.20
245.62	46152.13
245.69	46187.89
245.76	46234.26
245.83	46263.73
245.90	46297.81
245.97	46353.25
246.04	46411.72
246.11	46444.63
246.18	46473.09
246.25	46491.98
246.32	46493.32
246.39	46506.07
246.46	46539.77
246.53	46587.61
246.60	46642.58
246.67	46715.56
246.74	46784.69
246.81	46839.46
246.88	46888.87
246.95	46948.87
247.02	46995.74
247.09	47031.62
247.16	47061.85
247.23	47083.59
247.30	47079.37
247.37	47069.95
247.44	47088.42
247.51	47113.88
247.58	47147.03
247.66	47202.28
247.73	47284.14
247.80	47337.86
247.87	47392.30
247.94	47469.58
248.01	47554.89
248.08	47614.76
248.15	47677.74
248.22	47745.40
248.29	47795.34
248.36	47836.29
248.43	47890.34
248.50	47952.99
248.57	48012.61
248.64	48068.57
248.71	48131.28
248.78	48206.72
248.85	48267.47
248.92	48323.71
248.99	48375.35
249.06	48413.24
249.13	48432.42
249.20	48456.59
249.27	48480.08
249.34	48506.84
249.41	48538.73
249.48	48568.47
249.55	48612.62
249.62	48655.19
249.69	48682.18
249.76	48706.40
249.83	48735.09
249.90	48787.76
249.97	48852.28
250.04	48950.43
250.11	49054.12
250.18	49147.92
250.25	49222.84
250.32	49273.75
250.39	49315.61
250.46	49355.71
250.53	49410.75
250.60	49466.64
250.67	49537.53
250.74	49601.81
250.81	49647.56
250.88	49692.63
250.95	49720.39
251.02	49746.45
251.09	49767.48
251.16	49814.74
251.23	49853.03
251.30	49894.20
251.37	49939.06
251.44	49996.40
251.51	50046.74
251.58	50106.66
251.65	50165.30
251.72	50225.12
251.79	50288.22
251.86	50336.80
251.93	50369.33
252.00	50400.50
252.07	50415.96
252.14	50433.64
252.21	50470.37
252.28	50508.63
252.35	50555.50
252.42	50631.10
252.49	50695.35
252.56	50745.63
252.63	50799.31
252.70	50855.26
252.77	50902.77
252.84	50960.09
252.91	51020.10
252.98	51076.37
253.05	51114.66
253.12	51145.48
253.19	51164.84
253.25	51190.35
253.32	51226.60
253.39	51278.14
253.46	51327.84
253.53	51377.55
253.60	51403.97
253.67	51422.27
253.74	51456.13
253.81	51491.22
253.88	51526.85
253.95	51591.99
254.02	51648.17
254.09	51677.78
254.16	51710.99
254.23	51741.64
254.30	51765.56
254.37	51812.58
254.44	51867.90
254.51	51913.81
254.58	51955.95
254.65	51996.04
254.72	52028.93
254.79	52042.53
254.86	52063.50
254.93	52075.48
255.00	52090.75
255.07	52109.76
255.14	52156.55
255.21	52191.19
255.28	52207.10
255.34	52196.74
255.41	52193.76
255.48	52185.39
255.55	52181.68
255.62	52222.58
255.69	52270.07
255.76	52297.80
255.83	52338.29
255.90	52383.21
255.97	52417.20
256.04	52460.56
256.11	52524.19
256.18	52574.62
256.25	52622.94
256.32	52672.33
256.39	52727.10
256.46	52768.29
256.53	52803.82
256.60	52831.49
256.67	52860.78
256.74	52878.67
256.80	52890.94
256.87	52890.36
256.94	52897.81
257.01	52908.76
257.08	52930.75
257.15	52952.40
257.22	52984.30
257.29	52989.15
257.36	52966.92
257.43	52931.89
257.50	52893.14
257.57	52856.57
257.64	52855.91
257.71	52872.81
257.78	52918.51
257.85	52969.18
257.92	53041.87
257.98	53095.54
258.05	53134.99
258.12	53144.64
258.19	53132.13
258.26	53081.94
258.33	53029.67
258.40	53005.60
258.47	52986.23
258.54	52997.97
258.61	53022.91
258.68	53070.86
258.75	53111.41
258.82	53159.58
258.89	53193.81
258.95	53210.58
259.02	53227.26
259.09	53213.56
259.16	53186.11
259.23	53144.32
259.30	53125.90
259.37	53099.31
259.44	53115.57
259.51	53124.14
259.58	53162.83
259.65	53185.64
259.72	53201.87
259.79	53179.24
259.85	53164.22
259.92	53129.72
259.99	53115.87
260.06	53121.16
260.13	53136.66
260.20	53152.36
260.27	53156.28
260.34	53138.35
260.41	53109.99
260.48	53090.19
260.55	53084.29
260.62	53082.47
260.68	53084.30
260.75	53072.32
260.82	53072.60
260.89	53060.14
260.96	53073.18
261.03	53064.22
261.10	53055.44
261.17	53030.27
261.24	52988.46
261.31	52922.32
261.38	52874.21
261.44	52833.51
261.51	52789.98
261.58	52777.22
261.65	52775.50
261.72	52775.49
261.79	52778.95
261.86	52783.25
261.93	52777.42
262.00	52760.67
262.07	52721.66
262.13	52686.68
262.20	52651.37
262.27	52617.94
262.34	52618.15
262.41	52641.69
262.48	52651.38
262.55	52662.57
262.62	52675.70
262.69	52652.28
262.76	52626.09
262.82	52605.39
262.89	52594.54
262.96	52581.18
263.03	52573.75
263.10	52574.12
263.17	52553.05
263.24	52520.10
263.31	52497.75
263.38	52492.49
263.44	52498.02
263.51	52510.83
263.58	52514.98
263.65	52487.80
263.72	52433.84
263.79	52345.37
263.86	52268.46
263.93	52211.17
264.00	52185.05
264.06	52176.57
264.13	52185.56
264.20	52181.76
264.27	52143.44
264.34	52086.67
264.41	52025.32
264.48	51957.98
264.55	51900.87
264.61	51843.54
264.68	51791.51
264.75	51740.15
264.82	51688.86
264.89	51636.10
264.96	51622.03
265.03	51610.03
265.10	51610.18
265.16	51610.43
265.23	51599.87
265.30	51581.05
265.37	51548.32
265.44	51510.37
265.51	51481.97
265.58	51473.70
265.65	51463.76
265.71	51480.40
265.78	51497.02
265.85	51490.20
265.92	51450.77
265.99	51381.83
266.06	51301.97
266.13	51196.40
266.20	51117.30
266.26	51068.35
266.33	51037.03
266.40	50996.11
266.47	50959.08
266.54	50915.53
266.61	50874.49
266.68	50847.09
266.74	50823.40
266.81	50800.56
266.88	50750.64
266.95	50677.64
267.02	50600.87
267.09	50539.44
267.16	50495.43
267.22	50492.13
267.29	50508.02
267.36	50535.62
267.43	50558.87
267.50	50570.00
267.57	50556.24
267.64	50513.64
267.70	50447.06
267.77	50374.80
267.84	50319.06
267.91	50276.92
267.98	50263.23
268.05	50269.24
268.11	50272.02
268.18	50252.76
268.25	50206.93
268.32	50135.07
268.39	50032.74
268.46	49900.34
268.53	49779.54
268.59	49677.21
268.66	49590.36
268.73	49534.80
268.80	49531.74
268.87	49537.30
268.94	49568.56
269.00	49624.20
269.07	49675.89
269.14	49705.47
269.21	49706.79
269.28	49666.43
269.35	49602.38
269.41	49546.87
269.48	49492.23
269.55	49463.59
269.62	49465.77
269.69	49488.27
269.76	49474.15
269.82	49443.95
269.89	49401.02
269.96	49366.20
270.03	49301.86
270.10	49234.78
270.17	49178.92
270.23	49120.83
270.30	49056.31
270.37	49023.34
270.44	49022.02
270.51	49021.09
270.58	49021.45
270.64	49016.94
270.71	48997.55
270.78	48993.60
270.85	48986.50
270.92	48988.98
270.99	48985.58
271.05	48969.85
271.12	48916.93
271.19	48851.09
271.26	48764.93
271.33	48690.86
271.39	48626.53
271.46	48573.80
271.53	48541.01
271.60	48525.74
271.67	48502.62
271.74	48472.10
271.80	48439.07
271.87	48412.09
271.94	48372.47
272.01	48329.69
272.08	48297.02
272.14	48269.29
272.21	48232.67
272.28	48210.23
272.35	48195.16
272.42	48172.47
272.48	48162.42
272.55	48156.36
272.62	48150.51
272.69	48136.63
272.76	48135.98
272.83	48114.82
272.89	48090.45
272.96	48069.48
273.03	48045.81
273.10	48018.35
273.17	48005.54
273.23	47978.94
273.30	47941.19
273.37	47875.75
273.44	47779.74
273.51	47697.63
273.57	47634.27
273.64	47593.43
273.71	47592.16
273.78	47612.87
273.85	47617.54
273.91	47649.26
273.98	47689.54
274.05	47745.22
274.12	47824.11
274.19	47920.29
274.25	47974.87
274.32	48003.05
274.39	47977.06
274.46	47923.13
274.53	47820.83
274.59	47701.73
274.66	47596.64
274.73	47522.15
274.80	47442.84
274.86	47387.01
274.93	47368.14
275.00	47347.97
275.07	47323.43
275.14	47313.95
275.20	47294.42
275.27	47267.77
275.34	47234.13
275.41	47214.07
275.48	47196.80
275.54	47206.38
275.61	47218.65
275.68	47232.25
275.75	47236.18
275.81	47231.80
275.88	47214.94
275.95	47214.55
276.02	47212.84
276.09	47205.16
276.15	47208.46
276.22	47212.74
276.29	47188.36
276.36	47115.72
276.42	47036.12
276.49	46941.10
276.56	46835.75
276.63	46743.18
276.70	46696.34
276.76	46685.39
276.83	46683.56
276.90	46723.77
276.97	46769.84
277.03	46808.08
277.10	46802.38
277.17	46788.95
277.24	46734.19
277.30	46683.12
277.37	46657.50
277.44	46665.58
277.51	46695.26
277.58	46721.08
277.64	46727.19
277.71	46707.75
277.78	46641.72
277.85	46541.14
277.91	46438.23
277.98	46327.94
278.05	46218.55
278.12	46166.22
278.18	46132.42
278.25	46132.44
278.32	46178.55
278.39	46254.71
278.45	46329.29
278.52	46417.06
278.59	46493.42
278.66	46555.55
278.72	46581.21
278.79	46553.88
278.86	46477.06
278.93	46374.41
278.99	46224.45
279.06	46084.77
279.13	45989.07
279.20	45972.46
279.26	46004.12
279.33	46084.67
279.40	46189.03
279.47	46295.71
279.53	46348.70
279.60	46335.05
279.67	46238.60
279.74	46068.36
279.80	45862.68
279.87	45672.34
279.94	45526.62
280.01	45476.14
280.07	45475.51
280.14	45512.72
280.21	45545.65
280.28	45582.76
280.34	45599.68
280.41	45650.24
280.48	45670.81
280.55	45696.55
280.61	45714.87
280.68	45735.73
280.75	45723.47
280.82	45731.28
280.88	45737.75
280.95	45724.04
281.02	45674.82
281.08	45602.13
281.15	45499.59
281.22	45399.68
281.29	45291.96
281.35	45180.62
281.42	45071.52
281.49	44966.11
281.56	44843.86
281.62	44756.13
281.69	44686.24
281.76	44619.98
281.82	44575.34
281.89	44553.01
281.96	44528.12
282.03	44528.48
282.09	44571.22
282.16	44614.77
282.23	44657.60
282.30	44717.25
282.36	44777.66
282.43	44831.16
282.50	44898.77
282.56	44946.25
282.63	44974.04
282.70	44982.94
282.77	44993.98
282.83	45008.42
282.90	45020.66
282.97	45016.86
283.03	44981.43
283.10	44872.30
283.17	44698.34
283.24	44501.89
283.30	44308.24
283.37	44146.71
283.44	44061.54
283.50	44017.17
283.57	44027.30
283.64	44053.97
283.71	44076.03
283.77	44095.69
283.84	44128.53
283.91	44155.19
283.97	44195.88
284.04	44255.74
284.11	44296.87
284.18	44345.25
284.24	44381.86
284.31	44395.67
284.38	44379.13
284.44	44370.36
284.51	44351.82
284.58	44344.18
284.64	44332.79
284.71	44332.23
284.78	44296.65
284.85	44248.07
284.91	44178.65
284.98	44116.29
285.05	44036.07
285.11	43953.44
285.18	43845.30
285.25	43730.15
285.31	43615.31
285.38	43535.98
285.45	43517.83
285.52	43548.78
285.58	43616.69
285.65	43704.77
285.72	43791.98
285.78	43864.37
285.85	43926.40
285.92	43990.05
285.98	44048.71
286.05	44115.73
286.12	44186.22
286.18	44250.96
286.25	44313.95
286.32	44348.10
286.39	44368.17
286.45	44363.85
286.52	44324.56
286.59	44222.01
286.65	44089.10
286.72	43921.02
286.79	43737.54
286.85	43584.66
286.92	43473.58
286.99	43421.03
287.05	43394.52
287.12	43418.84
287.19	43464.14
287.25	43539.36
287.32	43609.35
287.39	43690.86
287.45	43739.06
287.52	43787.36
287.59	43815.37
287.65	43856.65
287.72	43890.53
287.79	43936.46
287.86	43973.02
287.92	44013.32
287.99	44035.55
288.06	44080.11
288.12	44118.68
288.19	44156.50
288.26	44178.37
288.32	44203.27
288.39	44196.20
288.46	44180.81
288.52	44146.61
288.59	44082.47
288.66	43967.65
288.72	43830.87
288.79	43683.24
288.86	43532.18
288.92	43424.47
288.99	43381.27
289.06	43395.37
289.12	43448.50
289.19	43554.03
289.26	43678.80
289.32	43820.60
289.39	43951.24
289.45	44086.79
289.52	44185.51
289.59	44263.57
289.65	44299.04
289.72	44308.13
289.79	44291.18
289.85	44279.13
289.92	44247.38
289.99	44195.25
290.05	44133.09
290.12	44059.82
290.19	43983.60
290.25	43929.45
290.32	43910.22
290.39	43919.74
290.45	43934.67
290.52	43941.82
290.59	43915.83
290.65	43839.75
290.72	43735.56
290.79	43638.70
290.85	43593.74
290.92	43617.77
290.98	43705.50
291.05	43835.36
291.12	43978.96
291.18	44103.24
291.25	44213.96
291.32	44305.72
291.38	44405.69
291.45	44508.44
291.52	44593.46
291.58	44652.00
291.65	44702.28
291.72	44700.22
291.78	44663.78
291.85	44580.90
291.91	44485.38
291.98	44397.39
292.05	44314.11
292.11	44237.79
292.18	44172.94
292.25	44084.65
292.31	43984.74
292.38	43900.81
292.45	43843.02
292.51	43822.33
292.58	43835.83
292.64	43879.42
292.71	43946.35
292.78	44021.17
292.84	44117.80
292.91	44240.32
292.98	44359.75
293.04	44479.76
293.11	44595.28
293.17	44703.53
293.24	44809.73
293.31	44918.63
293.37	45011.19
293.44	45084.65
293.51	45132.66
293.57	45140.55
293.64	45114.30
293.70	45047.15
293.77	44925.95
293.84	44769.78
293.90	44576.54
293.97	44391.23
294.04	44247.95
294.10	44175.10
294.17	44145.61
294.23	44176.18
294.30	44208.69
294.37	44221.29
294.43	44214.19
294.50	44191.71
294.56	44180.04
294.63	44195.47
294.70	44265.43
294.76	44383.28
294.83	44544.64
294.90	44720.46
294.96	44892.79
295.03	45051.01
295.09	45197.91
295.16	45338.62
295.23	45462.65
295.29	45564.81
295.36	45658.37
295.42	45711.71
295.49	45739.81
295.56	45756.95
295.62	45755.19
295.69	45704.47
295.75	45621.90
295.82	45490.11
295.89	45301.23
295.95	45084.67
296.02	44873.11
296.08	44677.85
296.15	44517.36
296.22	44394.53
296.28	44339.60
296.35	44337.44
296.41	44398.69
296.48	44518.46
296.55	44700.06
296.61	44896.16
296.68	45104.62
296.74	45309.79
296.81	45484.63
296.88	45619.41
296.94	45725.45
297.01	45815.29
297.07	45897.45
297.14	45983.47
297.20	46093.71
297.27	46213.79
297.34	46331.66
297.40	46425.74
297.47	46499.37
297.53	46536.50
297.60	46538.31
297.67	46484.64
297.73	46399.96
297.80	46253.58
297.86	46036.22
297.93	45763.30
298.00	45492.73
298.06	45231.14
298.13	45053.97
298.19	44960.37
298.26	44961.18
298.32	45023.11
298.39	45116.89
298.46	45207.88
298.52	45326.27
298.59	45458.83
298.65	45596.53
298.72	45752.16
298.78	45933.11
298.85	46101.89
298.92	46252.88
298.98	46405.97
299.05	46544.46
299.11	46662.54
299.18	46776.32
299.24	46878.94
299.31	46953.77
299.38	47026.76
299.44	47069.25
299.51	47096.78
299.57	47111.89
299.64	47116.06
299.70	47097.27
299.77	47063.46
299.84	46967.98
299.90	46790.70
299.97	46494.73
300.03	46119.56
300.10	45717.18
300.16	45389.91
300.23	45193.65
300.30	45164.63
300.36	45265.83
300.43	45466.92
300.49	45686.59
300.56	45905.93
300.62	46120.73
300.69	46325.36
300.75	46506.58
300.82	46678.66
300.89	46828.73
300.95	46962.01
301.02	47066.81
301.08	47166.17
301.15	47249.03
301.21	47326.54
301.28	47396.30
301.34	47465.71
301.41	47519.55
301.48	47566.20
301.54	47592.71
301.61	47603.13
301.67	47591.77
301.74	47544.13
301.80	47452.85
301.87	47317.03
301.93	47104.75
302.00	46841.26
302.06	46557.36
302.13	46269.12
302.20	46014.62
302.26	45856.17
302.33	45796.83
302.39	45810.07
302.46	45885.85
302.52	46014.93
302.59	46167.54
302.65	46324.33
302.72	46493.71
302.78	46670.56
302.85	46823.04
302.91	46954.93
302.98	47066.90
303.05	47161.10
303.11	47244.25
303.18	47319.23
303.24	47395.93
303.31	47453.41
303.37	47510.60
303.44	47548.37
303.50	47577.17
303.57	47573.29
303.63	47564.28
303.70	47534.40
303.76	47499.38
303.83	47447.69
303.89	47390.95
303.96	47302.43
304.03	47170.12
304.09	46985.15
304.16	46733.57
304.22	46427.09
304.29	46144.04
304.35	45921.85
304.42	45789.48
304.48	45765.18
304.55	45826.88
304.61	45933.44
304.68	46062.60
304.74	46190.11
304.81	46319.82
304.87	46448.76
304.94	46572.52
305.00	46675.08
305.07	46752.24
305.13	46808.27
305.20	46850.56
305.26	46891.62
305.33	46923.07
305.39	46949.41
305.46	46963.30
305.52	46973.37
305.59	46964.85
305.66	46942.54
305.72	46918.25
305.79	46883.90
305.85	46834.71
305.92	46751.92
305.98	46612.17
306.05	46417.86
306.11	46189.85
306.18	45933.02
306.24	45680.95
306.31	45455.55
306.37	45242.77
306.44	45054.05
306.50	44909.99
306.57	44817.72
306.63	44817.24
306.70	44907.53
306.76	45053.41
306.83	45217.15
306.89	45377.76
306.96	45507.54
307.02	45593.52
307.09	45674.73
307.15	45738.85
307.22	45783.56
307.28	45796.15
307.35	45812.73
307.41	45807.43
307.48	45787.60
307.54	45773.65
307.61	45746.49
307.67	45710.92
307.74	45666.98
307.80	45629.65
307.87	45587.76
307.93	45554.84
308.00	45509.81
308.06	45463.74
308.13	45392.21
308.19	45292.13
308.26	45186.32
308.32	45097.40
308.38	45001.70
308.45	44896.15
308.51	44778.03
308.58	44631.50
308.64	44439.88
308.71	44268.95
308.77	44141.07
308.84	44056.95
308.90	44042.62
308.97	44085.20
309.03	44136.16
309.10	44193.68
309.16	44249.78
309.23	44280.49
309.29	44301.37
309.36	44291.08
309.42	44276.49
309.49	44254.18
309.55	44245.55
309.62	44201.92
309.68	44189.42
309.75	44151.36
309.81	44104.42
309.88	44034.41
309.94	43990.40
310.00	43917.69
310.07	43852.99
310.13	43794.73
310.20	43728.65
310.26	43655.76
310.33	43580.25
310.39	43519.47
310.46	43451.21
310.52	43369.04
310.59	43267.37
310.65	43166.18
310.72	43028.90
310.78	42899.61
310.85	42790.94
310.91	42732.40
310.97	42696.66
311.04	42692.20
311.10	42674.06
311.17	42675.60
311.23	42656.14
311.30	42628.97
311.36	42609.27
311.43	42612.01
311.49	42589.29
311.56	42568.77
311.62	42550.97
311.69	42536.94
311.75	42521.61
311.81	42500.91
311.88	42470.30
311.94	42434.49
312.01	42400.03
312.07	42331.62
312.14	42288.39
312.20	42251.84
312.27	42210.33
312.33	42143.39
312.40	42092.35
312.46	42026.68
312.52	41950.28
312.59	41875.58
312.65	41801.83
312.72	41730.27
312.78	41645.32
312.85	41569.57
312.91	41472.29
312.98	41371.65
313.04	41275.21
313.10	41188.88
313.17	41098.01
313.23	41031.28
313.30	40985.87
313.36	40939.69
313.43	40909.24
313.49	40897.98
313.56	40874.96
313.62	40848.69
313.68	40828.34
313.75	40804.82
313.81	40771.75
313.88	40732.18
313.94	40698.30
314.01	40663.10
314.07	40622.41
314.13	40579.94
314.20	40550.35
314.26	40505.19
314.33	40455.76
314.39	40412.98
314.46	40350.67
314.52	40285.98
314.58	40220.35
314.65	40141.90
314.71	40063.08
314.78	40000.74
314.84	39941.75
314.91	39880.40
314.97	39840.31
315.03	39791.84
315.10	39743.64
315.16	39685.22
315.23	39626.47
315.29	39561.50
315.36	39497.36
315.42	39440.99
315.48	39392.96
315.55	39346.74
315.61	39298.35
315.68	39258.30
315.74	39193.84
315.81	39141.39
315.87	39090.67
315.93	39063.24
316.00	39050.96
316.06	39050.96
316.13	39042.92
316.19	39015.09
316.25	38930.21
316.32	38797.34
316.38	38634.06
316.45	38431.79
316.51	38213.14
316.58	37980.99
316.64	37736.84
316.70	37498.73
316.77	37248.65
316.83	36996.97
316.90	36741.87
316.96	36493.85
317.02	36232.54
317.09	35983.54
317.15	35726.31
317.22	35475.02
317.28	35217.87
317.34	34950.76
317.41	34697.76
317.47	34452.10
317.54	34204.74
317.60	33958.11
317.66	33715.21
317.73	33444.87
317.79	33172.25
317.86	32907.28
317.92	32642.58
317.98	32370.24
318.05	32100.00
318.11	31828.45
318.18	31559.42
318.24	31289.25
318.30	31014.40
318.37	30746.34
318.43	30465.15
318.50	30178.89
318.56	29886.69
318.62	29606.05
318.69	29327.39
318.75	29069.90
318.82	28799.19
318.88	28525.51
318.94	28256.32
319.01	27985.73
319.07	27711.67
319.13	27435.90
319.20	27162.97
319.26	26884.06
319.33	26600.82
319.39	26302.73
319.45	26018.60
319.52	25722.59
319.58	25435.95
319.65	25142.10
319.71	24865.84
319.77	24580.04
319.84	24308.13
319.90	24025.05
319.96	23753.08
320.03	23471.62
320.09	23202.99
320.16	22912.62
320.22	22631.80
320.28	22332.31
320.35	22034.57
320.41	21734.55
320.47	21455.96
320.54	21167.94
320.60	20899.22
320.67	20630.01
320.73	20355.18
320.79	20073.20
320.86	19792.40
320.92	19499.54
320.98	19206.37
321.05	18909.81
321.11	18616.34
321.18	18323.18
321.24	18045.13
321.30	17763.58
321.37	17489.29
321.43	17219.00
321.49	16945.34
321.56	16666.22
321.62	16398.88
321.68	16120.15
321.75	15839.14
321.81	15560.57
321.88	15281.94
321.94	14993.71
322.00	14714.74
322.07	14425.52
322.13	14145.42
322.19	13856.16
322.26	13570.48
322.32	13288.26
322.38	13017.36
322.45	12746.66
322.51	12477.36
322.58	12213.75
322.64	11940.30
322.70	11675.75
322.77	11400.19
322.83	11135.89
322.89	10860.24
322.96	10594.28
323.02	10317.91
323.08	10046.25
323.15	9776.22
323.21	9512.05
323.27	9250.75
323.34	8999.77
323.40	8755.17
323.46	8502.47
323.53	8149.54
323.59	7037.79
323.65	5443.66
323.72	3771.31
323.78	2157.43
323.85	696.14
323.91	42.86
323.97	-83.26
324.04	-82.46
