180.21	3365.85
180.28	-116.22
180.36	624.79
180.44	-42.49
180.51	-13.33
180.59	8.51
180.66	34.76
180.74	31.52
180.81	30.31
180.89	32.07
180.97	33.12
181.04	30.35
181.12	29.41
181.19	29.27
181.27	29.56
181.34	47.31
181.42	55.15
181.50	62.48
181.57	74.30
181.65	78.91
181.72	71.83
181.80	65.89
181.87	66.28
181.95	66.22
182.03	65.78
182.10	68.60
182.18	70.16
182.25	74.59
182.33	74.36
182.40	81.79
182.48	77.79
182.55	89.12
182.63	92.71
182.71	95.61
182.78	97.30
182.86	102.57
182.93	100.46
183.01	102.83
183.08	102.58
183.16	106.85
183.23	103.42
183.31	109.58
183.39	109.38
183.46	119.65
183.54	116.18
183.61	124.90
183.69	127.16
183.76	137.45
183.84	137.00
183.91	138.27
183.99	147.73
184.06	148.72
184.14	151.06
184.22	154.93
184.29	159.35
184.37	156.88
184.44	151.77
184.52	141.79
184.59	139.18
184.67	143.49
184.74	138.30
184.82	152.03
184.89	165.05
184.97	174.88
185.04	182.40
185.12	192.64
185.20	201.47
185.27	210.82
185.35	221.57
185.42	222.89
185.50	237.17
185.57	238.93
185.65	245.30
185.72	246.12
185.80	256.23
185.87	253.44
185.95	252.53
186.02	254.58
186.10	252.81
186.17	252.46
186.25	253.29
186.33	245.54
186.40	237.99
186.48	240.15
186.55	244.47
186.63	248.27
186.70	277.95
186.78	296.62
186.85	316.21
186.93	330.21
187.00	349.04
187.08	350.00
187.15	363.13
187.23	371.88
187.30	383.22
187.38	399.68
187.45	419.47
187.53	435.27
187.60	445.30
187.68	455.90
187.75	467.09
187.83	473.80
187.90	469.09
187.98	468.34
188.05	468.75
188.13	449.44
188.21	426.70
188.28	424.88
188.36	420.68
188.43	421.01
188.51	440.09
188.58	473.31
188.66	485.97
188.73	507.72
188.81	535.87
188.88	552.47
188.96	569.63
189.03	601.41
189.11	626.72
189.18	641.71
189.26	661.31
189.33	685.44
189.41	710.53
189.48	733.31
189.56	755.12
189.63	775.50
189.71	775.32
189.78	756.95
189.86	737.76
189.93	721.71
190.01	695.71
190.08	678.17
190.16	664.85
190.23	646.37
190.31	637.79
190.38	636.96
190.46	648.22
190.53	674.90
190.61	723.55
190.68	754.12
190.76	802.83
190.83	842.28
190.91	872.65
190.98	889.47
191.06	917.50
191.13	933.85
191.21	947.07
191.28	954.53
191.35	963.99
191.43	965.81
191.50	961.20
191.58	963.80
191.65	975.68
191.73	983.90
191.80	996.04
191.88	1001.57
191.95	1002.24
192.03	1004.48
192.10	1009.15
192.18	1016.17
192.25	1029.33
192.33	1037.14
192.40	1031.96
192.48	1025.90
192.55	1021.08
192.63	1012.95
192.70	1018.05
192.78	1031.19
192.85	1056.19
192.93	1072.30
193.00	1082.92
193.08	1079.55
193.15	1078.47
193.22	1075.14
193.30	1083.76
193.37	1123.74
193.45	1163.41
193.52	1210.14
193.60	1260.31
193.67	1303.57
193.75	1328.12
193.82	1356.66
193.90	1372.08
193.97	1379.32
194.05	1375.67
194.12	1361.22
194.20	1344.61
194.27	1324.75
194.34	1289.53
194.42	1256.99
194.49	1240.65
194.57	1229.27
194.64	1214.48
194.72	1207.90
194.79	1213.67
194.87	1226.81
194.94	1259.72
195.02	1311.56
195.09	1374.65
195.17	1442.80
195.24	1501.84
195.31	1545.80
195.39	1575.86
195.46	1596.22
195.54	1607.49
195.61	1608.08
195.69	1592.56
195.76	1567.87
195.84	1532.54
195.91	1466.36
195.99	1392.98
196.06	1329.04
196.13	1294.34
196.21	1285.24
196.28	1318.43
196.36	1384.13
196.43	1462.94
196.51	1539.84
196.58	1615.27
196.66	1677.20
196.73	1718.21
196.80	1748.23
196.88	1760.71
196.95	1765.54
197.03	1764.52
197.10	1750.05
197.18	1721.82
197.25	1679.94
197.33	1616.98
197.40	1550.80
197.47	1481.79
197.55	1433.66
197.62	1405.84
197.70	1406.67
197.77	1432.98
197.85	1490.86
197.92	1556.74
197.99	1639.79
198.07	1725.99
198.14	1804.32
198.22	1879.38
198.29	1936.68
198.37	1977.09
198.44	2004.05
198.51	2011.75
198.59	1997.81
198.66	1977.11
198.74	1930.68
198.81	1858.27
198.89	1766.92
198.96	1680.65
199.03	1592.74
199.11	1534.91
199.18	1513.50
199.26	1542.12
199.33	1600.88
199.41	1693.76
199.48	1789.91
199.55	1887.45
199.63	1965.91
199.70	2042.99
199.78	2100.16
199.85	2151.28
199.93	2193.03
200.00	2231.99
200.07	2237.38
200.15	2225.66
200.22	2190.18
200.30	2120.65
200.37	2019.75
200.44	1892.45
200.52	1776.87
200.59	1698.80
200.67	1666.02
200.74	1683.95
200.81	1756.15
200.89	1847.47
200.96	1944.65
201.04	2038.93
201.11	2140.17
201.19	2235.97
201.26	2320.95
201.33	2387.06
201.41	2441.88
201.48	2473.04
201.56	2483.69
201.63	2485.72
201.70	2455.27
201.78	2396.19
201.85	2307.51
201.93	2202.04
202.00	2091.34
202.07	2006.63
202.15	1934.06
202.22	1902.10
202.30	1924.85
202.37	1981.95
202.44	2071.78
202.52	2203.20
202.59	2345.10
202.67	2468.86
202.74	2581.57
202.81	2670.24
202.89	2749.53
202.96	2823.43
203.04	2890.32
203.11	2931.59
203.18	2958.23
203.26	2942.92
203.33	2880.32
203.41	2777.30
203.48	2638.88
203.55	2450.84
203.63	2282.83
203.70	2175.29
203.77	2141.19
203.85	2184.95
203.92	2312.16
204.00	2480.60
204.07	2643.58
204.14	2797.92
204.22	2941.04
204.29	3077.45
204.37	3200.37
204.44	3304.14
204.51	3388.90
204.59	3446.65
204.66	3469.89
204.73	3463.70
204.81	3427.68
204.88	3353.56
204.96	3237.45
205.03	3082.00
205.10	2910.41
205.18	2765.53
205.25	2650.00
205.32	2591.10
205.40	2612.10
205.47	2698.82
205.55	2826.02
205.62	2999.19
205.69	3203.02
205.77	3410.18
205.84	3605.96
205.91	3774.72
205.99	3914.91
206.06	4028.82
206.14	4127.91
206.21	4216.32
206.28	4284.46
206.36	4328.98
206.43	4329.26
206.50	4275.18
206.58	4150.70
206.65	3957.12
206.72	3700.49
206.80	3440.80
206.87	3228.00
206.95	3112.95
207.02	3137.68
207.09	3282.76
207.17	3515.99
207.24	3786.80
207.31	4050.70
207.39	4287.83
207.46	4512.71
207.53	4706.42
207.61	4885.69
207.68	5046.01
207.75	5194.65
207.83	5309.76
207.90	5395.80
207.98	5427.58
208.05	5420.11
208.12	5335.77
208.20	5190.50
208.27	4976.94
208.34	4715.08
208.42	4436.03
208.49	4225.15
208.56	4102.27
208.64	4100.40
208.71	4215.59
208.78	4413.14
208.86	4650.98
208.93	4908.56
209.00	5176.46
209.08	5450.99
209.15	5721.44
209.22	5977.24
209.30	6208.30
209.37	6407.62
209.44	6583.26
209.52	6734.32
209.59	6840.63
209.67	6909.06
209.74	6916.91
209.81	6850.78
209.89	6690.04
209.96	6444.71
210.03	6132.52
210.11	5829.31
210.18	5558.68
210.25	5382.21
210.33	5353.11
210.40	5471.94
210.47	5694.41
210.55	6002.80
210.62	6356.55
210.69	6698.25
210.77	7035.67
210.84	7337.30
210.91	7620.35
210.99	7869.08
211.06	8115.74
211.13	8332.91
211.21	8544.66
211.28	8702.85
211.35	8826.00
211.42	8859.97
211.50	8801.25
211.57	8631.43
211.64	8371.99
211.72	8011.23
211.79	7630.24
211.86	7337.35
211.94	7211.28
212.01	7251.48
212.08	7481.00
212.16	7819.93
212.23	8189.85
212.30	8524.15
212.38	8820.14
212.45	9085.35
212.52	9339.70
212.60	9574.17
212.67	9811.78
212.74	10065.42
212.82	10315.50
212.89	10563.09
212.96	10793.37
213.03	10952.55
213.11	11038.63
213.18	11026.97
213.25	10921.54
213.33	10694.66
213.40	10396.67
213.47	10098.07
213.55	9872.32
213.62	9736.38
213.69	9750.74
213.77	9925.71
213.84	10190.83
213.91	10511.91
213.98	10857.58
214.06	11193.17
214.13	11486.37
214.20	11751.69
214.28	12004.80
214.35	12271.66
214.42	12555.06
214.50	12859.64
214.57	13169.54
214.64	13450.73
214.72	13681.42
214.79	13852.42
214.86	13938.53
214.93	13931.57
215.01	13822.26
215.08	13600.70
215.15	13273.27
215.23	12902.27
215.30	12605.22
215.37	12467.94
215.44	12544.82
215.52	12835.68
215.59	13278.10
215.66	13760.64
215.74	14204.27
215.81	14585.38
215.88	14931.45
215.95	15259.13
216.03	15571.63
216.10	15887.47
216.17	16180.91
216.25	16434.70
216.32	16647.40
216.39	16822.67
216.46	16954.55
216.54	17047.32
216.61	17105.55
216.68	17093.55
216.76	17001.73
216.83	16801.72
216.90	16517.67
216.97	16206.07
217.05	15988.69
217.12	15919.85
217.19	16050.87
217.27	16357.17
217.34	16793.14
217.41	17276.55
217.48	17759.96
217.56	18217.64
217.63	18642.42
217.70	19009.59
217.78	19320.18
217.85	19588.39
217.92	19809.85
217.99	20013.90
218.07	20201.41
218.14	20374.02
218.21	20552.20
218.28	20732.88
218.36	20885.11
218.43	20996.31
218.50	21040.50
218.57	20958.57
218.65	20732.82
218.72	20409.92
218.79	20066.19
218.87	19809.85
218.94	19730.03
219.01	19870.67
219.08	20203.99
219.16	20683.84
219.23	21201.89
219.30	21692.09
219.37	22124.91
219.45	22511.81
219.52	22847.72
219.59	23157.11
219.66	23454.50
219.74	23738.92
219.81	24023.22
219.88	24279.01
219.95	24528.15
220.03	24756.73
220.10	24961.76
220.17	25106.20
220.24	25195.54
220.32	25191.49
220.39	25078.49
220.46	24851.95
220.53	24552.95
220.61	24255.60
220.68	24053.08
220.75	24021.87
220.82	24179.82
220.90	24492.55
220.97	24892.17
221.04	25293.59
221.11	25645.41
221.19	25972.69
221.26	26272.51
221.33	26562.33
221.40	26856.42
221.48	27161.71
221.55	27449.17
221.62	27723.41
221.69	27993.66
221.77	28254.57
221.84	28484.36
221.91	28663.97
221.98	28822.80
222.06	28922.22
222.13	28953.02
222.20	28919.28
222.27	28867.84
222.35	28756.00
222.42	28641.15
222.49	28584.24
222.56	28595.00
222.63	28658.72
222.71	28800.65
222.78	28992.45
222.85	29197.43
222.92	29414.14
223.00	29628.29
223.07	29869.96
223.14	30107.61
223.21	30359.01
223.29	30620.52
223.36	30899.62
223.43	31166.36
223.50	31434.30
223.57	31687.08
223.65	31911.29
223.72	32081.36
223.79	32214.98
223.86	32303.26
223.94	32341.92
224.01	32356.54
224.08	32370.83
224.15	32371.61
224.22	32375.24
224.30	32377.32
224.37	32407.22
224.44	32478.53
224.51	32579.87
224.59	32714.73
224.66	32885.38
224.73	33070.72
224.80	33250.24
224.87	33438.45
224.95	33655.08
225.02	33873.90
225.09	34089.45
225.16	34303.64
225.23	34513.66
225.31	34693.71
225.38	34848.36
225.45	34976.23
225.52	35082.39
225.60	35158.67
225.67	35196.28
225.74	35203.90
225.81	35185.90
225.88	35175.19
225.96	35197.61
226.03	35269.02
226.10	35394.92
226.17	35548.63
226.24	35711.06
226.32	35871.78
226.39	36025.25
226.46	36172.47
226.53	36339.29
226.60	36507.03
226.68	36663.16
226.75	36821.47
226.82	36975.16
226.89	37116.72
226.96	37245.61
227.04	37352.18
227.11	37440.28
227.18	37522.42
227.25	37585.51
227.32	37648.46
227.40	37727.90
227.47	37790.52
227.54	37837.54
227.61	37872.59
227.68	37878.17
227.76	37862.76
227.83	37867.26
227.90	37904.22
227.97	37983.28
228.04	38111.41
228.11	38254.11
228.19	38399.49
228.26	38548.88
228.33	38684.94
228.40	38803.43
228.47	38929.32
228.55	39054.73
228.62	39167.18
228.69	39275.89
228.76	39375.31
228.83	39462.70
228.90	39552.64
228.98	39638.38
229.05	39729.86
229.12	39851.42
229.19	39959.78
229.26	40066.30
229.34	40164.20
229.41	40237.69
229.48	40271.00
229.55	40312.53
229.62	40340.09
229.69	40352.85
229.77	40358.30
229.84	40373.94
229.91	40396.31
229.98	40433.96
230.05	40484.71
230.12	40565.80
230.20	40666.11
230.27	40772.17
230.34	40877.64
230.41	40996.71
230.48	41099.47
230.55	41196.42
230.63	41282.08
230.70	41368.19
230.77	41420.55
230.84	41471.32
230.91	41508.01
230.98	41550.69
231.06	41594.64
231.13	41665.68
231.20	41753.63
231.27	41870.63
231.34	41967.90
231.41	42056.95
231.49	42133.81
231.56	42203.40
231.63	42242.41
231.70	42297.94
231.77	42329.95
231.84	42353.64
231.92	42363.96
231.99	42393.32
232.06	42421.71
232.13	42464.32
232.20	42540.97
232.27	42615.93
232.34	42677.53
232.42	42723.52
232.49	42771.11
232.56	42800.66
232.63	42851.11
232.70	42897.11
232.77	42957.46
232.85	43024.57
232.92	43080.57
232.99	43126.10
233.06	43180.06
233.13	43221.58
233.20	43256.32
233.27	43288.21
233.35	43322.46
233.42	43338.67
233.49	43371.33
233.56	43408.26
233.63	43454.65
233.70	43488.65
233.77	43542.07
233.85	43593.86
233.92	43646.72
233.99	43694.85
234.06	43747.72
234.13	43788.58
234.20	43831.04
234.27	43853.64
234.35	43883.74
234.42	43905.39
234.49	43916.62
234.56	43931.64
234.63	43947.22
234.70	43949.41
234.77	43950.40
234.84	43953.65
234.92	43940.14
234.99	43951.60
235.06	43972.45
235.13	44005.10
235.20	44047.38
235.27	44094.04
235.34	44123.07
235.41	44165.04
235.49	44204.04
235.56	44236.35
235.63	44279.53
235.70	44322.08
235.77	44335.70
235.84	44353.79
235.91	44362.60
235.98	44349.08
236.06	44334.69
236.13	44336.44
236.20	44332.40
236.27	44328.77
236.34	44345.03
236.41	44357.66
236.48	44365.56
236.55	44380.77
236.63	44384.79
236.70	44379.61
236.77	44387.21
236.84	44401.14
236.91	44397.54
236.98	44422.62
237.05	44451.66
237.12	44469.19
237.19	44468.15
237.27	44479.88
237.34	44482.92
237.41	44485.23
237.48	44483.17
237.55	44489.46
237.62	44490.69
237.69	44509.84
237.76	44528.87
237.83	44560.96
237.91	44589.19
237.98	44613.26
238.05	44627.51
238.12	44640.10
238.19	44644.92
238.26	44665.20
238.33	44678.23
238.40	44677.98
238.47	44663.18
238.54	44662.02
238.62	44657.43
238.69	44646.47
238.76	44645.36
238.83	44649.64
238.90	44659.58
238.97	44667.49
239.04	44682.96
239.11	44697.37
239.18	44734.05
239.25	44745.51
239.33	44735.90
239.40	44741.06
239.47	44735.42
239.54	44703.80
239.61	44676.24
239.68	44661.85
239.75	44645.78
239.82	44633.07
239.89	44626.08
239.96	44630.98
240.03	44645.86
240.11	44663.74
240.18	44677.58
240.25	44691.02
240.32	44702.93
240.39	44724.50
240.46	44736.28
240.53	44766.28
240.60	44806.56
240.67	44841.77
240.74	44859.54
240.81	44889.57
240.88	44909.36
240.96	44919.36
241.03	44929.77
241.10	44938.39
241.17	44939.57
241.24	44947.73
241.31	44958.70
241.38	44961.75
241.45	44954.54
241.52	44937.26
241.59	44923.37
241.66	44926.25
241.73	44945.71
241.80	44970.00
241.88	45007.46
241.95	45031.30
242.02	45039.57
242.09	45028.87
242.16	45035.18
242.23	45039.20
242.30	45048.34
242.37	45059.03
242.44	45077.10
242.51	45080.73
242.58	45089.19
242.65	45085.29
242.72	45096.28
242.79	45112.85
242.87	45133.79
242.94	45152.81
243.01	45183.43
243.08	45205.06
243.15	45226.01
243.22	45252.94
243.29	45281.81
243.36	45306.73
243.43	45335.35
243.50	45375.90
243.57	45418.93
243.64	45450.17
243.71	45498.74
243.78	45534.66
243.85	45555.82
243.92	45571.66
243.99	45585.16
244.07	45596.20
244.14	45599.38
244.21	45618.58
244.28	45627.77
244.35	45642.18
244.42	45651.91
244.49	45682.93
244.56	45699.11
244.63	45741.38
244.70	45758.40
244.77	45777.17
244.84	45795.30
244.91	45811.96
244.98	45826.67
245.05	45883.21
245.12	45927.38
245.19	45972.60
245.26	46021.82
245.33	46053.29
245.40	46086.98
245.47	46141.73
245.55	46185.21
245.62	46218.49
245.69	46264.52
245.76	46315.71
245.83	46355.96
245.90	46396.21
245.97	46449.03
246.04	46501.26
246.11	46531.43
246.18	46553.40
246.25	46564.03
246.32	46566.01
246.39	46574.71
246.46	46605.80
246.53	46644.33
246.60	46708.91
246.67	46778.13
246.74	46841.99
246.81	46894.80
246.88	46957.08
246.95	46997.80
247.02	47045.04
247.09	47084.04
247.16	47118.36
247.23	47142.76
247.30	47161.23
247.37	47167.31
247.44	47189.61
247.51	47218.51
247.58	47254.91
247.66	47313.41
247.73	47390.49
247.80	47454.56
247.87	47521.82
247.94	47593.56
248.01	47665.17
248.08	47720.90
248.15	47779.58
248.22	47822.75
248.29	47856.85
248.36	47896.48
248.43	47949.13
248.50	48003.27
248.57	48062.57
248.64	48129.58
248.71	48199.12
248.78	48276.51
248.85	48349.22
248.92	48415.08
248.99	48463.53
249.06	48505.49
249.13	48520.81
249.20	48546.12
249.27	48571.31
249.34	48606.66
249.41	48636.38
249.48	48668.19
249.55	48682.26
249.62	48710.32
249.69	48734.74
249.76	48764.40
249.83	48811.08
249.90	48874.82
249.97	48949.34
250.04	49036.18
250.11	49138.30
250.18	49228.56
250.25	49299.11
250.32	49348.26
250.39	49391.83
250.46	49426.46
250.53	49474.46
250.60	49542.30
250.67	49621.93
250.74	49691.15
250.81	49738.90
250.88	49773.85
250.95	49804.65
251.02	49823.28
251.09	49856.56
251.16	49896.09
251.23	49945.49
251.30	49995.45
251.37	50048.67
251.44	50094.15
251.51	50140.84
251.58	50195.47
251.65	50253.78
251.72	50310.82
251.79	50364.94
251.86	50429.32
251.93	50473.40
252.00	50497.27
252.07	50506.65
252.14	50529.33
252.21	50544.87
252.28	50572.05
252.35	50611.83
252.42	50685.10
252.49	50748.83
252.56	50815.66
252.63	50874.16
252.70	50940.99
252.77	50996.79
252.84	51051.89
252.91	51098.91
252.98	51146.49
253.05	51167.66
253.12	51190.60
253.19	51220.84
253.25	51266.13
253.32	51309.30
253.39	51384.80
253.46	51431.01
253.53	51471.12
253.60	51489.84
253.67	51507.28
253.74	51525.96
253.81	51572.89
253.88	51616.30
253.95	51678.10
254.02	51743.74
254.09	51788.67
254.16	51826.45
254.23	51852.31
254.30	51872.94
254.37	51898.55
254.44	51936.63
254.51	51978.65
254.58	52019.85
254.65	52059.25
254.72	52091.45
254.79	52103.45
254.86	52122.27
254.93	52136.88
255.00	52166.46
255.07	52194.48
255.14	52246.85
255.21	52289.99
255.28	52315.14
255.34	52311.82
255.41	52322.40
255.48	52332.47
255.55	52328.05
255.62	52350.63
255.69	52389.61
255.76	52417.97
255.83	52451.03
255.90	52501.96
255.97	52566.94
256.04	52598.15
256.11	52648.34
256.18	52684.09
256.25	52720.80
256.32	52752.37
256.39	52807.25
256.46	52843.68
256.53	52887.90
256.60	52928.32
256.67	52962.25
256.74	52987.40
256.80	53007.33
256.87	53000.77
256.94	52984.35
257.01	52982.35
257.08	52997.08
257.15	53019.38
257.22	53055.09
257.29	53073.22
257.36	53070.57
257.43	53044.54
257.50	53012.53
257.57	52967.09
257.64	52963.33
257.71	52973.87
257.78	53021.16
257.85	53065.94
257.92	53145.91
257.98	53203.37
258.05	53247.36
258.12	53247.49
258.19	53237.99
258.26	53195.85
258.33	53142.49
258.40	53101.29
258.47	53078.29
258.54	53072.58
258.61	53085.63
258.68	53125.81
258.75	53165.02
258.82	53224.93
258.89	53270.10
258.95	53298.46
259.02	53309.52
259.09	53304.90
259.16	53279.94
259.23	53261.59
259.30	53238.21
259.37	53226.05
259.44	53224.61
259.51	53230.89
259.58	53251.54
259.65	53278.37
259.72	53291.46
259.79	53283.56
259.85	53252.47
259.92	53222.10
259.99	53207.20
260.06	53210.55
260.13	53223.19
260.20	53246.70
260.27	53234.59
260.34	53207.79
260.41	53172.24
260.48	53155.75
260.55	53162.57
260.62	53184.58
260.68	53183.27
260.75	53172.73
260.82	53162.98
260.89	53144.15
260.96	53132.12
261.03	53144.28
261.10	53147.15
261.17	53129.43
261.24	53079.56
261.31	53028.42
261.38	52976.08
261.44	52933.76
261.51	52889.12
261.58	52873.53
261.65	52873.63
261.72	52869.27
261.79	52860.61
261.86	52857.53
261.93	52849.28
262.00	52816.67
262.07	52765.91
262.13	52737.72
262.20	52713.10
262.27	52695.16
262.34	52694.92
262.41	52731.94
262.48	52743.49
262.55	52756.87
262.62	52760.49
262.69	52756.23
262.76	52722.02
262.82	52692.88
262.89	52669.24
262.96	52641.00
263.03	52623.21
263.10	52615.62
263.17	52609.81
263.24	52589.76
263.31	52581.95
263.38	52577.17
263.44	52591.98
263.51	52607.49
263.58	52619.09
263.65	52590.52
263.72	52518.38
263.79	52430.38
263.86	52338.43
263.93	52265.61
264.00	52237.41
264.06	52244.98
264.13	52251.14
264.20	52259.50
264.27	52221.75
264.34	52167.63
264.41	52109.09
264.48	52043.44
264.55	51971.20
264.61	51920.28
264.68	51870.63
264.75	51816.75
264.82	51760.82
264.89	51722.35
264.96	51709.61
265.03	51697.67
265.10	51695.07
265.16	51688.49
265.23	51678.59
265.30	51646.26
265.37	51611.02
265.44	51562.92
265.51	51533.52
265.58	51518.77
265.65	51519.67
265.71	51530.42
265.78	51559.38
265.85	51562.81
265.92	51526.68
265.99	51457.04
266.06	51375.74
266.13	51271.51
266.20	51205.39
266.26	51145.53
266.33	51111.27
266.40	51084.70
266.47	51047.35
266.54	50984.63
266.61	50956.47
266.68	50933.98
266.74	50910.30
266.81	50887.76
266.88	50851.17
266.95	50764.40
267.02	50672.77
267.09	50606.84
267.16	50554.51
267.22	50541.74
267.29	50573.97
267.36	50613.69
267.43	50648.63
267.50	50663.03
267.57	50653.68
267.64	50604.22
267.70	50535.96
267.77	50449.04
267.84	50392.87
267.91	50352.43
267.98	50330.77
268.05	50342.72
268.11	50351.34
268.18	50340.94
268.25	50292.45
268.32	50220.72
268.39	50117.97
268.46	49996.23
268.53	49865.14
268.59	49756.85
268.66	49678.59
268.73	49625.34
268.80	49604.10
268.87	49618.42
268.94	49668.29
269.00	49727.53
269.07	49766.53
269.14	49796.49
269.21	49798.37
269.28	49747.19
269.35	49681.79
269.41	49633.38
269.48	49581.34
269.55	49537.89
269.62	49533.70
269.69	49538.56
269.76	49510.19
269.82	49471.47
269.89	49441.38
269.96	49395.35
270.03	49331.68
270.10	49275.39
270.17	49216.34
270.23	49158.65
270.30	49110.41
270.37	49089.16
270.44	49095.69
270.51	49100.32
270.58	49102.50
270.64	49101.85
270.71	49079.57
270.78	49055.80
270.85	49063.08
270.92	49079.84
270.99	49069.43
271.05	49050.49
271.12	48994.94
271.19	48917.97
271.26	48822.77
271.33	48750.60
271.39	48699.83
271.46	48654.05
271.53	48620.82
271.60	48594.29
271.67	48577.13
271.74	48536.08
271.80	48513.62
271.87	48484.07
271.94	48445.87
272.01	48394.83
272.08	48369.63
272.14	48347.07
272.21	48325.65
272.28	48303.94
272.35	48277.01
272.42	48245.80
272.48	48231.39
272.55	48207.10
272.62	48197.45
272.69	48194.19
272.76	48196.33
272.83	48167.24
272.89	48146.16
272.96	48123.94
273.03	48094.86
273.10	48058.96
273.17	48036.23
273.23	48012.36
273.30	47969.83
273.37	47902.98
273.44	47809.94
273.51	47732.35
273.57	47667.00
273.64	47623.01
273.71	47627.59
273.78	47663.46
273.85	47694.76
273.91	47719.05
273.98	47769.70
274.05	47831.82
274.12	47902.22
274.19	47982.86
274.25	48051.13
274.32	48077.78
274.39	48057.73
274.46	48004.76
274.53	47901.54
274.59	47782.84
274.66	47681.63
274.73	47597.07
274.80	47511.18
274.86	47462.80
274.93	47441.64
275.00	47406.05
275.07	47375.22
275.14	47364.23
275.20	47340.09
275.27	47313.57
275.34	47286.01
275.41	47262.20
275.48	47256.30
275.54	47270.36
275.61	47284.34
275.68	47305.37
275.75	47317.25
275.81	47301.41
275.88	47278.32
275.95	47274.43
276.02	47275.52
276.09	47271.56
276.15	47277.26
276.22	47284.30
276.29	47269.85
276.36	47197.97
276.42	47109.54
276.49	47017.26
276.56	46901.21
276.63	46790.60
276.70	46739.72
276.76	46742.11
276.83	46756.09
276.90	46794.50
276.97	46836.48
277.03	46862.79
277.10	46844.19
277.17	46802.29
277.24	46743.31
277.30	46693.84
277.37	46677.52
277.44	46683.89
277.51	46708.05
277.58	46749.78
277.64	46765.49
277.71	46752.47
277.78	46702.76
277.85	46623.71
277.91	46511.46
277.98	46411.81
278.05	46308.89
278.12	46248.79
278.18	46220.96
278.25	46224.39
278.32	46254.18
278.39	46306.17
278.45	46374.30
278.52	46454.05
278.59	46544.19
278.66	46612.45
278.72	46663.03
278.79	46647.38
278.86	46564.51
278.93	46438.41
278.99	46288.13
279.06	46136.42
279.13	46025.31
279.20	46000.74
279.26	46039.11
279.33	46128.33
279.40	46227.44
279.47	46329.91
279.53	46396.26
279.60	46386.13
279.67	46282.75
279.74	46120.75
279.80	45928.65
279.87	45727.35
279.94	45593.62
280.01	45541.30
280.07	45540.82
280.14	45573.03
280.21	45621.08
280.28	45647.60
280.34	45670.47
280.41	45703.83
280.48	45729.74
280.55	45746.70
280.61	45754.30
280.68	45757.98
280.75	45754.95
280.82	45755.61
280.88	45762.54
280.95	45749.59
281.02	45721.73
281.08	45660.15
281.15	45571.95
281.22	45477.29
281.29	45383.24
281.35	45265.58
281.42	45142.73
281.49	45018.19
281.56	44882.21
281.62	44781.79
281.69	44698.13
281.76	44651.81
281.82	44628.12
281.89	44622.63
281.96	44615.33
282.03	44624.02
282.09	44648.17
282.16	44676.37
282.23	44714.55
282.30	44765.54
282.36	44829.16
282.43	44879.51
282.50	44950.50
282.56	44996.65
282.63	45025.45
282.70	45034.82
282.77	45048.70
282.83	45052.61
282.90	45066.36
282.97	45059.43
283.03	45017.56
283.10	44914.42
283.17	44749.45
283.24	44562.11
283.30	44371.81
283.37	44215.08
283.44	44125.17
283.50	44084.82
283.57	44075.59
283.64	44085.58
283.71	44107.05
283.77	44131.67
283.84	44173.99
283.91	44209.04
283.97	44258.26
284.04	44312.23
284.11	44363.48
284.18	44400.22
284.24	44434.60
284.31	44449.95
284.38	44427.90
284.44	44407.12
284.51	44391.36
284.58	44385.89
284.64	44381.34
284.71	44394.59
284.78	44355.77
284.85	44306.40
284.91	44251.78
284.98	44189.33
285.05	44101.49
285.11	44015.76
285.18	43911.26
285.25	43780.82
285.31	43658.79
285.38	43577.41
285.45	43558.11
285.52	43588.40
285.58	43651.89
285.65	43732.56
285.72	43822.71
285.78	43900.86
285.85	43967.98
285.92	44034.56
285.98	44109.27
286.05	44182.54
286.12	44255.88
286.18	44322.41
286.25	44376.59
286.32	44410.59
286.39	44450.34
286.45	44443.72
286.52	44392.29
286.59	44294.18
286.65	44149.55
286.72	43955.80
286.79	43778.43
286.85	43620.18
286.92	43519.46
286.99	43469.48
287.05	43443.93
287.12	43455.88
287.19	43502.23
287.25	43563.66
287.32	43633.95
287.39	43711.24
287.45	43773.27
287.52	43831.27
287.59	43878.13
287.65	43922.10
287.72	43964.58
287.79	44010.59
287.86	44039.43
287.92	44064.29
287.99	44103.16
288.06	44148.05
288.12	44170.29
288.19	44207.12
288.26	44228.80
288.32	44247.49
288.39	44231.41
288.46	44233.40
288.52	44203.56
288.59	44149.30
288.66	44030.90
288.72	43903.34
288.79	43743.04
288.86	43591.56
288.92	43471.35
288.99	43421.85
289.06	43432.29
289.12	43484.49
289.19	43584.60
289.26	43709.86
289.32	43840.16
289.39	43974.15
289.45	44104.32
289.52	44207.49
289.59	44294.11
289.65	44333.63
289.72	44330.80
289.79	44327.28
289.85	44302.87
289.92	44263.49
289.99	44225.73
290.05	44168.60
290.12	44084.98
290.19	44022.95
290.25	43966.25
290.32	43935.50
290.39	43948.53
290.45	43972.67
290.52	43968.32
290.59	43947.80
290.65	43876.76
290.72	43762.79
290.79	43667.55
290.85	43626.48
290.92	43641.71
290.98	43720.16
291.05	43850.68
291.12	43989.67
291.18	44119.84
291.25	44233.79
291.32	44335.94
291.38	44439.59
291.45	44540.04
291.52	44628.45
291.58	44694.11
291.65	44737.56
291.72	44734.52
291.78	44684.04
291.85	44602.00
291.91	44496.52
291.98	44413.54
292.05	44337.13
292.11	44285.31
292.18	44225.52
292.25	44158.51
292.31	44064.51
292.38	43983.36
292.45	43910.10
292.51	43880.79
292.58	43887.71
292.64	43923.77
292.71	43983.86
292.78	44075.92
292.84	44165.70
292.91	44279.23
292.98	44400.72
293.04	44529.74
293.11	44645.11
293.17	44757.95
293.24	44868.81
293.31	44972.50
293.37	45060.19
293.44	45116.42
293.51	45166.42
293.57	45189.08
293.64	45161.64
293.70	45103.97
293.77	44999.10
293.84	44835.52
293.90	44631.30
293.97	44448.98
294.04	44306.04
294.10	44220.69
294.17	44207.42
294.23	44240.20
294.30	44268.35
294.37	44280.60
294.43	44280.73
294.50	44252.59
294.56	44233.31
294.63	44252.33
294.70	44299.86
294.76	44408.45
294.83	44565.15
294.90	44738.50
294.96	44909.97
295.03	45077.98
295.09	45223.11
295.16	45357.88
295.23	45473.79
295.29	45583.95
295.36	45672.60
295.42	45741.18
295.49	45781.41
295.56	45804.65
295.62	45807.27
295.69	45760.68
295.75	45666.03
295.82	45537.04
295.89	45358.40
295.95	45140.47
296.02	44930.72
296.08	44740.37
296.15	44567.52
296.22	44442.62
296.28	44368.79
296.35	44375.33
296.41	44440.12
296.48	44564.86
296.55	44750.90
296.61	44965.12
296.68	45169.02
296.74	45358.49
296.81	45536.63
296.88	45673.24
296.94	45782.69
297.01	45868.89
297.07	45968.42
297.14	46055.60
297.20	46154.42
297.27	46263.94
297.34	46389.23
297.40	46481.74
297.47	46548.61
297.53	46580.80
297.60	46585.10
297.67	46534.12
297.73	46441.87
297.80	46296.43
297.86	46075.50
297.93	45802.34
298.00	45511.45
298.06	45259.24
298.13	45076.08
298.19	44988.56
298.26	44991.16
298.32	45062.28
298.39	45145.86
298.46	45241.78
298.52	45357.64
298.59	45489.52
298.65	45630.56
298.72	45799.28
298.78	45976.10
298.85	46147.08
298.92	46304.15
298.98	46451.38
299.05	46583.29
299.11	46698.92
299.18	46799.51
299.24	46882.26
299.31	46956.82
299.38	47018.41
299.44	47058.50
299.51	47113.93
299.57	47140.74
299.64	47151.82
299.70	47142.72
299.77	47114.10
299.84	47005.38
299.90	46816.87
299.97	46513.59
300.03	46132.52
300.10	45741.83
300.16	45414.40
300.23	45223.22
300.30	45195.78
300.36	45301.77
300.43	45497.47
300.49	45710.07
300.56	45935.68
300.62	46158.19
300.69	46373.22
300.75	46559.95
300.82	46745.35
300.89	46891.10
300.95	47023.24
301.02	47127.85
301.08	47212.69
301.15	47302.14
301.21	47389.16
301.28	47458.42
301.34	47528.46
301.41	47590.77
301.48	47620.78
301.54	47638.08
301.61	47649.98
301.67	47625.66
301.74	47586.67
301.80	47501.52
301.87	47347.28
301.93	47128.23
302.00	46879.55
302.06	46582.46
302.13	46292.45
302.20	46078.35
302.26	45918.32
302.33	45845.00
302.39	45852.07
302.46	45926.26
302.52	46025.60
302.59	46183.00
302.65	46340.61
302.72	46512.11
302.78	46691.16
302.85	46861.76
302.91	46996.59
302.98	47113.54
303.05	47216.30
303.11	47297.56
303.18	47365.97
303.24	47428.62
303.31	47484.96
303.37	47530.87
303.44	47564.69
303.50	47585.68
303.57	47590.44
303.63	47577.50
303.70	47562.93
303.76	47533.39
303.83	47489.99
303.89	47429.29
303.96	47350.18
304.03	47215.11
304.09	47040.70
304.16	46786.82
304.22	46478.10
304.29	46191.86
304.35	45957.58
304.42	45816.62
304.48	45788.74
304.55	45867.76
304.61	45975.27
304.68	46112.50
304.74	46241.89
304.81	46380.31
304.87	46485.72
304.94	46600.07
305.00	46694.04
305.07	46767.10
305.13	46810.26
305.20	46859.26
305.26	46886.69
305.33	46915.22
305.39	46941.04
305.46	46957.65
305.52	46977.67
305.59	46990.60
305.66	46978.10
305.72	46962.90
305.79	46939.61
305.85	46899.38
305.92	46806.18
305.98	46671.79
306.05	46470.53
306.11	46240.02
306.18	45976.25
306.24	45735.52
306.31	45503.20
306.37	45291.54
306.44	45101.60
306.50	44944.54
306.57	44845.23
306.63	44853.04
306.70	44940.30
306.76	45084.46
306.83	45256.49
306.89	45405.37
306.96	45526.29
307.02	45606.34
307.09	45681.04
307.15	45735.68
307.22	45785.57
307.28	45808.11
307.35	45828.39
307.41	45822.10
307.48	45810.14
307.54	45797.96
307.61	45774.77
307.67	45738.56
307.74	45698.16
307.80	45655.15
307.87	45612.17
307.93	45576.72
308.00	45545.83
308.06	45496.23
308.13	45430.93
308.19	45342.73
308.26	45241.62
308.32	45137.08
308.38	45035.01
308.45	44922.19
308.51	44791.14
308.58	44625.36
308.64	44457.13
308.71	44300.38
308.77	44183.80
308.84	44116.65
308.90	44114.28
308.97	44143.51
309.03	44194.47
309.10	44251.21
309.16	44303.24
309.23	44338.12
309.29	44362.93
309.36	44365.74
309.42	44350.93
309.49	44323.94
309.55	44302.11
309.62	44266.68
309.68	44237.55
309.75	44183.30
309.81	44132.71
309.88	44069.66
309.94	43999.62
310.00	43927.88
310.07	43869.32
310.13	43819.47
310.20	43760.89
310.26	43700.15
310.33	43630.10
310.39	43562.70
310.46	43482.82
310.52	43397.46
310.59	43297.15
310.65	43185.56
310.72	43067.22
310.78	42939.98
310.85	42826.52
310.91	42750.35
310.97	42715.48
311.04	42704.13
311.10	42704.66
311.17	42701.90
311.23	42691.50
311.30	42666.39
311.36	42647.10
311.43	42628.87
311.49	42615.53
311.56	42605.10
311.62	42602.76
311.69	42587.84
311.75	42576.99
311.81	42541.94
311.88	42500.59
311.94	42446.71
312.01	42397.50
312.07	42332.98
312.14	42293.53
312.20	42263.21
312.27	42230.83
312.33	42177.92
312.40	42124.81
312.46	42061.86
312.52	41986.37
312.59	41908.27
312.65	41836.63
312.72	41761.31
312.78	41677.70
312.85	41591.71
312.91	41497.56
312.98	41403.58
313.04	41311.86
313.10	41221.05
313.17	41141.32
313.23	41068.24
313.30	41008.60
313.36	40963.61
313.43	40933.36
313.49	40921.23
313.56	40908.97
313.62	40894.71
313.68	40868.05
313.75	40852.18
313.81	40809.72
313.88	40766.88
313.94	40727.02
314.01	40689.77
314.07	40639.83
314.13	40602.94
314.20	40576.89
314.26	40536.26
314.33	40497.96
314.39	40452.58
314.46	40393.12
314.52	40331.33
314.58	40268.45
314.65	40192.00
314.71	40115.40
314.78	40055.52
314.84	39993.75
314.91	39934.85
314.97	39885.24
315.03	39833.33
315.10	39774.81
315.16	39703.10
315.23	39640.05
315.29	39581.13
315.36	39527.61
315.42	39477.11
315.48	39436.56
315.55	39390.30
315.61	39336.86
315.68	39289.82
315.74	39231.08
315.81	39177.02
315.87	39130.54
315.93	39109.53
316.00	39091.97
316.06	39083.58
316.13	39067.64
316.19	39029.61
316.25	38942.07
316.32	38813.65
316.38	38656.05
316.45	38453.97
316.51	38232.84
316.58	38002.90
316.64	37761.34
316.70	37515.86
316.77	37271.06
316.83	37025.08
316.90	36776.53
316.96	36530.01
317.02	36269.05
317.09	36020.87
317.15	35765.56
317.22	35501.96
317.28	35246.24
317.34	34994.05
317.41	34739.71
317.47	34500.15
317.54	34252.62
317.60	34001.95
317.66	33747.63
317.73	33479.93
317.79	33198.91
317.86	32936.41
317.92	32665.85
317.98	32388.42
318.05	32116.14
318.11	31846.01
318.18	31576.06
318.24	31302.66
318.30	31036.72
318.37	30763.26
318.43	30482.22
318.50	30198.30
318.56	29909.73
318.62	29630.10
318.69	29361.17
318.75	29093.45
318.82	28815.86
318.88	28555.35
318.94	28284.52
319.01	28001.71
319.07	27730.65
319.13	27456.48
319.20	27177.51
319.26	26891.53
319.33	26616.60
319.39	26314.78
319.45	26027.34
319.52	25744.18
319.58	25458.03
319.65	25173.80
319.71	24897.35
319.77	24612.41
319.84	24325.31
319.90	24042.02
319.96	23747.64
320.03	23455.74
320.09	23175.39
320.16	22881.82
320.22	22598.78
320.28	22316.34
320.35	22034.05
320.41	21748.38
320.47	21473.83
320.54	21192.63
320.60	20917.60
320.67	20649.60
320.73	20378.83
320.79	20098.20
320.86	19807.81
320.92	19522.29
320.98	19223.78
321.05	18926.57
321.11	18627.13
321.18	18344.35
321.24	18051.51
321.30	17768.85
321.37	17486.62
321.43	17219.11
321.49	16945.16
321.56	16673.53
321.62	16409.62
321.68	16140.68
321.75	15863.78
321.81	15584.60
321.88	15297.29
321.94	15009.85
322.00	14723.40
322.07	14435.29
322.13	14145.62
322.19	13865.64
322.26	13577.75
322.32	13303.07
322.38	13027.41
322.45	12762.35
322.51	12491.88
322.58	12226.09
322.64	11943.32
322.70	11672.80
322.77	11401.65
322.83	11136.34
322.89	10865.71
322.96	10600.87
323.02	10333.55
323.08	10061.43
323.15	9791.37
323.21	9529.51
323.27	9267.03
323.34	9013.38
323.40	8758.87
323.46	8503.18
323.53	8145.44
323.59	7035.27
323.65	5439.40
323.72	3770.70
323.78	2157.81
323.85	696.90
323.91	42.42
323.97	-81.42
324.04	-82.62
