180.21	3368.50
180.28	-116.94
180.36	625.58
180.44	-42.03
180.51	-13.00
180.59	8.79
180.66	35.17
180.74	31.55
180.81	29.85
180.89	31.59
180.97	31.73
181.04	30.10
181.12	28.43
181.19	28.85
181.27	29.53
181.34	48.19
181.42	54.42
181.50	61.97
181.57	73.29
181.65	78.57
181.72	71.68
181.80	66.83
181.87	66.96
181.95	66.73
182.03	65.51
182.10	67.92
182.18	69.62
182.25	74.88
182.33	74.39
182.40	81.10
182.48	75.92
182.55	87.23
182.63	90.78
182.71	92.91
182.78	94.80
182.86	102.26
182.93	99.46
183.01	102.77
183.08	104.00
183.16	108.87
183.23	104.52
183.31	111.15
183.39	110.03
183.46	119.88
183.54	116.01
183.61	123.98
183.69	125.56
183.76	136.99
183.84	136.59
183.91	137.50
183.99	146.77
184.06	149.00
184.14	150.87
184.22	155.56
184.29	160.56
184.37	159.18
184.44	153.89
184.52	142.51
184.59	138.23
184.67	141.11
184.74	135.77
184.82	148.55
184.89	161.91
184.97	173.32
185.04	183.42
185.12	193.47
185.20	202.18
185.27	211.53
185.35	220.80
185.42	220.69
185.50	233.68
185.57	235.98
185.65	242.96
185.72	243.94
185.80	254.91
185.87	253.41
185.95	253.50
186.02	255.15
186.10	255.18
186.17	253.75
186.25	253.65
186.33	245.21
186.40	237.80
186.48	239.69
186.55	244.12
186.63	249.01
186.70	277.08
186.78	295.73
186.85	315.69
186.93	329.22
187.00	348.38
187.08	350.95
187.15	363.66
187.23	371.28
187.30	383.28
187.38	398.69
187.45	418.36
187.53	435.05
187.60	444.87
187.68	456.08
187.75	466.15
187.83	473.64
187.90	469.67
187.98	469.07
188.05	468.64
188.13	450.03
188.21	425.94
188.28	422.77
188.36	418.67
188.43	419.66
188.51	440.05
188.58	473.74
188.66	487.16
188.73	511.29
188.81	539.61
188.88	555.72
188.96	572.68
189.03	602.98
189.11	627.50
189.18	643.25
189.26	663.49
189.33	688.59
189.41	715.09
189.48	735.14
189.56	756.46
189.63	775.53
189.71	775.46
189.78	757.33
189.86	740.76
189.93	724.56
190.01	700.87
190.08	680.80
190.16	666.82
190.23	647.58
190.31	638.77
190.38	635.99
190.46	649.06
190.53	676.43
190.61	725.51
190.68	758.37
190.76	807.92
190.83	848.96
190.91	878.96
190.98	895.41
191.06	922.17
191.13	937.58
191.21	949.12
191.28	955.44
191.35	963.27
191.43	963.37
191.50	959.04
191.58	960.30
191.65	972.20
191.73	980.06
191.80	991.81
191.88	997.48
191.95	1000.98
192.03	1005.36
192.10	1012.02
192.18	1020.04
192.25	1034.40
192.33	1039.66
192.40	1033.44
192.48	1028.94
192.55	1024.53
192.63	1018.19
192.70	1023.59
192.78	1038.61
192.85	1062.71
192.93	1078.82
193.00	1086.21
193.08	1083.86
193.15	1082.12
193.22	1078.86
193.30	1090.36
193.37	1130.17
193.45	1169.81
193.52	1218.32
193.60	1268.87
193.67	1309.34
193.75	1332.13
193.82	1363.85
193.90	1377.94
193.97	1383.90
194.05	1378.64
194.12	1366.79
194.20	1349.72
194.27	1330.18
194.34	1293.31
194.42	1264.38
194.49	1247.55
194.57	1234.80
194.64	1217.92
194.72	1212.73
194.79	1215.16
194.87	1227.64
194.94	1259.81
195.02	1314.58
195.09	1380.65
195.17	1449.20
195.24	1510.56
195.31	1552.53
195.39	1580.62
195.46	1598.14
195.54	1612.04
195.61	1609.70
195.69	1594.91
195.76	1568.36
195.84	1535.21
195.91	1469.55
195.99	1400.00
196.06	1335.98
196.13	1300.16
196.21	1289.87
196.28	1322.16
196.36	1385.20
196.43	1464.32
196.51	1543.04
196.58	1613.13
196.66	1673.89
196.73	1718.09
196.80	1745.23
196.88	1757.49
196.95	1767.71
197.03	1766.94
197.10	1747.01
197.18	1722.00
197.25	1680.25
197.33	1617.56
197.40	1552.30
197.47	1488.05
197.55	1440.55
197.62	1414.88
197.70	1414.69
197.77	1441.53
197.85	1499.54
197.92	1564.90
197.99	1646.31
198.07	1734.77
198.14	1809.19
198.22	1883.16
198.29	1940.04
198.37	1977.80
198.44	2002.32
198.51	2014.96
198.59	2002.37
198.66	1980.27
198.74	1936.49
198.81	1862.84
198.89	1768.39
198.96	1678.78
199.03	1592.96
199.11	1534.13
199.18	1513.57
199.26	1541.56
199.33	1601.42
199.41	1694.64
199.48	1794.85
199.55	1896.70
199.63	1981.69
199.70	2059.14
199.78	2113.74
199.85	2163.22
199.93	2200.17
200.00	2234.56
200.07	2241.50
200.15	2230.80
200.22	2192.38
200.30	2122.17
200.37	2019.21
200.44	1891.01
200.52	1773.75
200.59	1698.09
200.67	1667.76
200.74	1687.48
200.81	1761.45
200.89	1854.35
200.96	1952.59
201.04	2043.35
201.11	2142.54
201.19	2236.89
201.26	2324.27
201.33	2386.68
201.41	2445.29
201.48	2478.52
201.56	2488.81
201.63	2490.21
201.70	2461.67
201.78	2401.45
201.85	2311.41
201.93	2204.73
202.00	2093.70
202.07	2009.30
202.15	1938.74
202.22	1907.03
202.30	1932.00
202.37	1990.22
202.44	2081.28
202.52	2212.64
202.59	2358.06
202.67	2480.16
202.74	2593.34
202.81	2686.12
202.89	2763.95
202.96	2838.04
203.04	2906.91
203.11	2946.76
203.18	2967.26
203.26	2955.32
203.33	2891.46
203.41	2784.29
203.48	2645.26
203.55	2460.76
203.63	2291.04
203.70	2180.81
203.77	2145.45
203.85	2190.46
203.92	2313.54
204.00	2483.09
204.07	2648.14
204.14	2803.71
204.22	2945.22
204.29	3082.19
204.37	3198.67
204.44	3301.77
204.51	3390.08
204.59	3446.85
204.66	3468.89
204.73	3465.41
204.81	3424.77
204.88	3349.79
204.96	3236.17
205.03	3083.90
205.10	2915.16
205.18	2773.53
205.25	2655.95
205.32	2596.37
205.40	2613.29
205.47	2700.86
205.55	2834.21
205.62	3008.06
205.69	3216.29
205.77	3428.20
205.84	3621.07
205.91	3783.44
205.99	3926.54
206.06	4032.13
206.14	4132.76
206.21	4223.80
206.28	4290.34
206.36	4334.69
206.43	4337.15
206.50	4278.31
206.58	4152.52
206.65	3967.51
206.72	3717.93
206.80	3462.58
206.87	3246.66
206.95	3131.61
207.02	3147.03
207.09	3285.80
207.17	3514.84
207.24	3788.66
207.31	4051.66
207.39	4290.38
207.46	4511.30
207.53	4709.58
207.61	4890.45
207.68	5054.30
207.75	5199.64
207.83	5323.91
207.90	5408.10
207.98	5443.08
208.05	5433.83
208.12	5354.69
208.20	5201.11
208.27	4988.89
208.34	4725.65
208.42	4445.24
208.49	4232.17
208.56	4107.11
208.64	4103.73
208.71	4214.98
208.78	4410.20
208.86	4653.28
208.93	4917.08
209.00	5185.89
209.08	5462.50
209.15	5734.52
209.22	5984.87
209.30	6215.80
209.37	6419.39
209.44	6591.87
209.52	6744.36
209.59	6850.03
209.67	6913.57
209.74	6910.62
209.81	6849.09
209.89	6688.91
209.96	6447.25
210.03	6138.84
210.11	5845.07
210.18	5575.32
210.25	5400.93
210.33	5373.66
210.40	5493.94
210.47	5717.77
210.55	6028.74
210.62	6384.25
210.69	6729.35
210.77	7062.37
210.84	7364.73
210.91	7650.62
210.99	7901.31
211.06	8143.64
211.13	8367.85
211.21	8565.73
211.28	8725.74
211.35	8839.58
211.42	8877.87
211.50	8814.05
211.57	8650.42
211.64	8379.64
211.72	8027.24
211.79	7636.67
211.86	7340.57
211.94	7215.00
212.01	7258.52
212.08	7480.43
212.16	7830.21
212.23	8203.09
212.30	8536.32
212.38	8832.68
212.45	9107.78
212.52	9358.36
212.60	9591.89
212.67	9840.12
212.74	10096.57
212.82	10340.18
212.89	10591.46
212.96	10813.67
213.03	10973.44
213.11	11055.54
213.18	11044.58
213.25	10933.26
213.33	10725.88
213.40	10423.18
213.47	10125.32
213.55	9889.88
213.62	9750.71
213.69	9763.66
213.77	9936.76
213.84	10210.02
213.91	10550.31
213.98	10900.99
214.06	11226.78
214.13	11522.84
214.20	11775.55
214.28	12023.49
214.35	12292.63
214.42	12585.59
214.50	12898.19
214.57	13218.80
214.64	13499.24
214.72	13731.11
214.79	13891.75
214.86	13973.24
214.93	13961.48
215.01	13857.19
215.08	13634.10
215.15	13311.16
215.23	12932.69
215.30	12636.89
215.37	12489.07
215.44	12565.16
215.52	12856.91
215.59	13295.79
215.66	13782.29
215.74	14239.17
215.81	14619.31
215.88	14961.67
215.95	15286.26
216.03	15599.23
216.10	15906.43
216.17	16200.92
216.25	16461.78
216.32	16691.12
216.39	16864.89
216.46	16998.03
216.54	17096.83
216.61	17149.73
216.68	17135.06
216.76	17040.61
216.83	16843.86
216.90	16554.27
216.97	16252.13
217.05	16036.14
217.12	15970.31
217.19	16088.13
217.27	16395.98
217.34	16827.69
217.41	17307.23
217.48	17790.09
217.56	18251.11
217.63	18678.18
217.70	19047.41
217.78	19366.35
217.85	19632.78
217.92	19869.29
217.99	20058.92
218.07	20230.91
218.14	20397.65
218.21	20575.04
218.28	20743.48
218.36	20904.63
218.43	21027.77
218.50	21066.73
218.57	20994.03
218.65	20787.68
218.72	20473.62
218.79	20125.09
218.87	19869.45
218.94	19771.89
219.01	19885.82
219.08	20211.94
219.16	20699.66
219.23	21224.29
219.30	21731.22
219.37	22180.35
219.45	22583.30
219.52	22928.57
219.59	23240.15
219.66	23531.94
219.74	23820.19
219.81	24101.64
219.88	24355.87
219.95	24607.74
220.03	24830.80
220.10	25019.00
220.17	25161.11
220.24	25235.23
220.32	25218.79
220.39	25108.67
220.46	24893.30
220.53	24592.59
220.61	24305.12
220.68	24110.75
220.75	24084.91
220.82	24245.43
220.90	24545.73
220.97	24939.31
221.04	25343.24
221.11	25697.46
221.19	26018.27
221.26	26332.35
221.33	26634.43
221.40	26941.96
221.48	27254.90
221.55	27547.66
221.62	27822.49
221.69	28088.53
221.77	28329.28
221.84	28541.46
221.91	28727.14
221.98	28884.17
222.06	28986.31
222.13	29032.46
222.20	29012.11
222.27	28951.51
222.35	28832.14
222.42	28719.36
222.49	28646.13
222.56	28650.56
222.63	28717.62
222.71	28865.17
222.78	29061.00
222.85	29270.92
222.92	29497.87
223.00	29728.55
223.07	29973.55
223.14	30212.33
223.21	30468.46
223.29	30724.64
223.36	30996.28
223.43	31264.13
223.50	31523.83
223.57	31768.18
223.65	31991.47
223.72	32154.49
223.79	32273.28
223.86	32351.94
223.94	32379.02
224.01	32390.06
224.08	32413.68
224.15	32421.66
224.22	32443.31
224.30	32465.85
224.37	32498.63
224.44	32565.68
224.51	32664.67
224.59	32771.99
224.66	32939.05
224.73	33118.93
224.80	33296.90
224.87	33498.17
224.95	33728.06
225.02	33952.41
225.09	34173.80
225.16	34388.88
225.23	34587.45
225.31	34761.07
225.38	34912.43
225.45	35047.51
225.52	35148.78
225.60	35227.21
225.67	35269.25
225.74	35289.09
225.81	35273.13
225.88	35269.23
225.96	35283.92
226.03	35354.51
226.10	35454.77
226.17	35608.59
226.24	35763.16
226.32	35937.49
226.39	36105.25
226.46	36277.63
226.53	36445.56
226.60	36618.27
226.68	36770.64
226.75	36911.57
226.82	37045.96
226.89	37179.01
226.96	37301.73
227.04	37403.20
227.11	37499.91
227.18	37589.50
227.25	37656.89
227.32	37734.07
227.40	37818.73
227.47	37895.24
227.54	37939.03
227.61	37971.74
227.68	37970.66
227.76	37961.28
227.83	37953.24
227.90	38004.91
227.97	38089.51
228.04	38208.77
228.11	38348.58
228.19	38496.25
228.26	38632.34
228.33	38756.46
228.40	38875.18
228.47	39000.96
228.55	39127.54
228.62	39242.10
228.69	39364.95
228.76	39464.04
228.83	39547.77
228.90	39645.20
228.98	39726.87
229.05	39802.27
229.12	39920.36
229.19	40037.26
229.26	40134.79
229.34	40235.02
229.41	40322.65
229.48	40369.59
229.55	40406.56
229.62	40428.83
229.69	40440.77
229.77	40439.05
229.84	40453.38
229.91	40478.18
229.98	40514.52
230.05	40575.40
230.12	40649.85
230.20	40746.69
230.27	40852.06
230.34	40958.11
230.41	41065.02
230.48	41182.89
230.55	41277.81
230.63	41360.75
230.70	41441.56
230.77	41496.60
230.84	41539.66
230.91	41581.41
230.98	41633.84
231.06	41682.39
231.13	41765.21
231.20	41863.52
231.27	41966.45
231.34	42051.78
231.41	42150.31
231.49	42223.42
231.56	42286.93
231.63	42346.07
231.70	42397.19
231.77	42426.59
231.84	42457.84
231.92	42475.03
231.99	42499.14
232.06	42541.94
232.13	42593.55
232.20	42654.03
232.27	42732.36
232.34	42786.77
232.42	42828.82
232.49	42871.64
232.56	42914.58
232.63	42950.58
232.70	42989.66
232.77	43057.69
232.85	43117.63
232.92	43171.85
232.99	43224.46
233.06	43285.06
233.13	43319.26
233.20	43352.44
233.27	43381.87
233.35	43407.08
233.42	43428.45
233.49	43454.69
233.56	43488.40
233.63	43526.32
233.70	43568.60
233.77	43615.44
233.85	43659.72
233.92	43735.44
233.99	43791.05
234.06	43824.12
234.13	43859.35
234.20	43907.87
234.27	43923.59
234.35	43952.12
234.42	43986.35
234.49	44020.80
234.56	44040.36
234.63	44043.20
234.70	44043.46
234.77	44052.74
234.84	44046.31
234.92	44033.59
234.99	44039.86
235.06	44058.80
235.13	44097.11
235.20	44142.28
235.27	44195.27
235.34	44236.27
235.41	44276.30
235.49	44296.47
235.56	44326.45
235.63	44356.44
235.70	44394.96
235.77	44412.99
235.84	44424.35
235.91	44430.93
235.98	44427.66
236.06	44422.55
236.13	44428.97
236.20	44447.05
236.27	44448.21
236.34	44450.89
236.41	44460.08
236.48	44463.11
236.55	44464.89
236.63	44474.14
236.70	44481.77
236.77	44491.52
236.84	44517.55
236.91	44530.76
236.98	44542.59
237.05	44585.18
237.12	44602.02
237.19	44594.02
237.27	44602.59
237.34	44624.34
237.41	44611.43
237.48	44606.73
237.55	44603.59
237.62	44600.51
237.69	44602.15
237.76	44625.21
237.83	44651.06
237.91	44682.61
237.98	44708.96
238.05	44721.77
238.12	44714.74
238.19	44719.84
238.26	44732.45
238.33	44738.84
238.40	44742.97
238.47	44748.48
238.54	44748.83
238.62	44741.14
238.69	44732.63
238.76	44726.06
238.83	44727.41
238.90	44737.81
238.97	44755.42
239.04	44783.41
239.11	44807.00
239.18	44830.92
239.25	44854.08
239.33	44847.83
239.40	44836.91
239.47	44823.42
239.54	44798.13
239.61	44755.99
239.68	44735.21
239.75	44723.05
239.82	44723.70
239.89	44729.96
239.96	44746.16
240.03	44764.51
240.11	44775.71
240.18	44778.22
240.25	44783.03
240.32	44787.81
240.39	44800.36
240.46	44820.30
240.53	44857.83
240.60	44899.24
240.67	44941.91
240.74	44976.07
240.81	45001.66
240.88	45000.46
240.96	45007.82
241.03	45007.27
241.10	45005.36
241.17	45010.08
241.24	45037.33
241.31	45054.44
241.38	45054.92
241.45	45056.26
241.52	45049.99
241.59	45041.59
241.66	45042.97
241.73	45074.38
241.80	45101.08
241.88	45129.31
241.95	45150.66
242.02	45159.53
242.09	45151.34
242.16	45143.30
242.23	45151.33
242.30	45170.36
242.37	45183.57
242.44	45206.76
242.51	45228.24
242.58	45234.81
242.65	45228.89
242.72	45239.35
242.79	45248.56
242.87	45273.19
242.94	45282.36
243.01	45292.48
243.08	45316.52
243.15	45334.21
243.22	45351.73
243.29	45386.97
243.36	45432.92
243.43	45464.07
243.50	45506.05
243.57	45551.78
243.64	45587.41
243.71	45617.34
243.78	45637.70
243.85	45655.96
243.92	45663.12
243.99	45688.00
244.07	45701.00
244.14	45711.13
244.21	45728.21
244.28	45747.89
244.35	45750.30
244.42	45766.76
244.49	45796.99
244.56	45822.68
244.63	45845.59
244.70	45865.09
244.77	45886.54
244.84	45915.38
244.91	45946.59
244.98	45986.78
245.05	46038.19
245.12	46080.07
245.19	46121.22
245.26	46147.38
245.33	46176.27
245.40	46206.76
245.47	46252.43
245.55	46296.18
245.62	46328.55
245.69	46365.26
245.76	46419.68
245.83	46470.33
245.90	46508.75
245.97	46566.11
246.04	46632.30
246.11	46676.59
246.18	46693.48
246.25	46702.35
246.32	46716.59
246.39	46718.21
246.46	46732.21
246.53	46781.16
246.60	46838.66
246.67	46907.29
246.74	46975.56
246.81	47035.57
246.88	47080.26
246.95	47132.58
247.02	47172.59
247.09	47208.61
247.16	47240.21
247.23	47269.94
247.30	47290.83
247.37	47301.91
247.44	47322.39
247.51	47345.67
247.58	47381.26
247.66	47431.59
247.73	47501.57
247.80	47557.80
247.87	47623.95
247.94	47696.55
248.01	47771.06
248.08	47830.93
248.15	47900.31
248.22	47966.58
248.29	48020.12
248.36	48059.40
248.43	48105.10
248.50	48153.41
248.57	48196.41
248.64	48253.40
248.71	48322.82
248.78	48395.19
248.85	48453.75
248.92	48509.40
248.99	48549.48
249.06	48576.18
249.13	48596.20
249.20	48623.10
249.27	48657.25
249.34	48693.01
249.41	48732.80
249.48	48766.07
249.55	48789.84
249.62	48821.41
249.69	48852.04
249.76	48882.18
249.83	48930.70
249.90	48996.78
249.97	49074.65
250.04	49162.96
250.11	49261.99
250.18	49355.06
250.25	49424.75
250.32	49468.05
250.39	49508.53
250.46	49557.04
250.53	49604.62
250.60	49665.00
250.67	49739.41
250.74	49812.14
250.81	49851.88
250.88	49891.67
250.95	49930.93
251.02	49967.32
251.09	49993.09
251.16	50030.33
251.23	50069.74
251.30	50110.81
251.37	50143.69
251.44	50189.66
251.51	50251.89
251.58	50292.50
251.65	50350.82
251.72	50412.34
251.79	50480.77
251.86	50534.82
251.93	50597.82
252.00	50634.68
252.07	50654.81
252.14	50674.73
252.21	50697.87
252.28	50719.96
252.35	50754.54
252.42	50820.34
252.49	50881.64
252.56	50935.73
252.63	50997.20
252.70	51055.79
252.77	51103.08
252.84	51163.21
252.91	51217.58
252.98	51275.37
253.05	51314.87
253.12	51352.03
253.19	51369.65
253.25	51401.96
253.32	51434.31
253.39	51486.92
253.46	51539.95
253.53	51589.60
253.60	51608.93
253.67	51630.90
253.74	51658.65
253.81	51694.89
253.88	51734.64
253.95	51797.60
254.02	51856.16
254.09	51899.20
254.16	51928.84
254.23	51948.92
254.30	51976.42
254.37	52000.45
254.44	52037.04
254.51	52079.79
254.58	52124.67
254.65	52156.21
254.72	52200.84
254.79	52223.62
254.86	52242.77
254.93	52262.84
255.00	52293.08
255.07	52322.70
255.14	52370.40
255.21	52406.82
255.28	52424.19
255.34	52423.44
255.41	52421.80
255.48	52423.67
255.55	52421.82
255.62	52452.06
255.69	52490.65
255.76	52518.12
255.83	52549.33
255.90	52603.30
255.97	52642.74
256.04	52686.45
256.11	52741.24
256.18	52801.90
256.25	52850.94
256.32	52900.44
256.39	52952.72
256.46	52986.30
256.53	53004.71
256.60	53021.80
256.67	53051.56
256.74	53063.99
256.80	53077.46
256.87	53095.92
256.94	53112.73
257.01	53117.05
257.08	53148.27
257.15	53184.43
257.22	53201.27
257.29	53208.05
257.36	53198.65
257.43	53159.12
257.50	53127.72
257.57	53093.36
257.64	53090.45
257.71	53098.43
257.78	53149.21
257.85	53194.97
257.92	53264.69
257.98	53319.00
258.05	53376.58
258.12	53380.60
258.19	53367.66
258.26	53337.90
258.33	53282.51
258.40	53219.77
258.47	53196.97
258.54	53194.99
258.61	53205.02
258.68	53246.17
258.75	53301.17
258.82	53354.06
258.89	53387.17
258.95	53414.88
259.02	53425.00
259.09	53424.04
259.16	53401.21
259.23	53373.86
259.30	53334.07
259.37	53315.79
259.44	53303.95
259.51	53309.68
259.58	53349.19
259.65	53390.13
259.72	53405.54
259.79	53401.98
259.85	53388.72
259.92	53359.05
259.99	53343.25
260.06	53341.10
260.13	53354.93
260.20	53367.65
260.27	53355.68
260.34	53334.60
260.41	53314.42
260.48	53293.53
260.55	53288.28
260.62	53293.14
260.68	53280.62
260.75	53267.81
260.82	53264.68
260.89	53251.83
260.96	53249.60
261.03	53275.26
261.10	53278.99
261.17	53262.14
261.24	53225.18
261.31	53177.97
261.38	53121.55
261.44	53066.29
261.51	53022.94
261.58	52993.62
261.65	52983.86
261.72	52971.18
261.79	52972.09
261.86	52969.49
261.93	52967.34
262.00	52948.92
262.07	52921.80
262.13	52895.01
262.20	52872.35
262.27	52845.73
262.34	52837.68
262.41	52842.35
262.48	52846.41
262.55	52856.02
262.62	52867.79
262.69	52863.21
262.76	52851.52
262.82	52828.04
262.89	52801.53
262.96	52788.17
263.03	52783.11
263.10	52776.59
263.17	52764.71
263.24	52748.32
263.31	52730.55
263.38	52719.20
263.44	52728.50
263.51	52738.85
263.58	52729.63
263.65	52704.87
263.72	52641.60
263.79	52545.14
263.86	52465.12
263.93	52403.14
264.00	52363.38
264.06	52357.78
264.13	52364.50
264.20	52365.09
264.27	52337.70
264.34	52275.90
264.41	52200.41
264.48	52147.22
264.55	52089.56
264.61	52030.48
264.68	51991.82
264.75	51952.12
264.82	51880.55
264.89	51831.62
264.96	51816.10
265.03	51790.31
265.10	51790.80
265.16	51815.30
265.23	51808.17
265.30	51787.75
265.37	51763.22
265.44	51726.89
265.51	51692.26
265.58	51680.82
265.65	51673.38
265.71	51683.37
265.78	51685.66
265.85	51668.91
265.92	51619.42
265.99	51559.94
266.06	51485.23
266.13	51395.92
266.20	51327.67
266.26	51284.83
266.33	51254.13
266.40	51218.23
266.47	51182.85
266.54	51131.74
266.61	51092.34
266.68	51059.73
266.74	51035.99
266.81	51014.43
266.88	50956.02
266.95	50872.16
267.02	50787.61
267.09	50722.02
267.16	50680.70
267.22	50674.83
267.29	50696.34
267.36	50725.67
267.43	50744.97
267.50	50747.09
267.57	50734.77
267.64	50697.23
267.70	50639.06
267.77	50569.00
267.84	50514.00
267.91	50482.08
267.98	50473.55
268.05	50477.05
268.11	50476.86
268.18	50458.33
268.25	50404.86
268.32	50324.91
268.39	50222.42
268.46	50112.64
268.53	49989.82
268.59	49892.42
268.66	49808.40
268.73	49758.14
268.80	49747.52
268.87	49764.05
268.94	49793.96
269.00	49835.63
269.07	49874.08
269.14	49897.72
269.21	49893.10
269.28	49862.42
269.35	49810.22
269.41	49756.95
269.48	49706.53
269.55	49675.52
269.62	49657.56
269.69	49668.14
269.76	49651.72
269.82	49615.45
269.89	49582.99
269.96	49550.68
270.03	49486.14
270.10	49421.87
270.17	49343.08
270.23	49280.55
270.30	49223.62
270.37	49192.49
270.44	49197.39
270.51	49210.59
270.58	49207.84
270.64	49207.05
270.71	49196.54
270.78	49184.74
270.85	49190.11
270.92	49198.42
270.99	49190.24
271.05	49165.90
271.12	49106.12
271.19	49035.91
271.26	48946.52
271.33	48875.29
271.39	48818.61
271.46	48753.25
271.53	48706.31
271.60	48685.02
271.67	48646.20
271.74	48604.02
271.80	48588.71
271.87	48576.77
271.94	48541.01
272.01	48511.36
272.08	48483.80
272.14	48460.48
272.21	48424.84
272.28	48394.19
272.35	48369.14
272.42	48351.89
272.48	48337.18
272.55	48327.86
272.62	48317.71
272.69	48313.61
272.76	48307.13
272.83	48290.29
272.89	48263.71
272.96	48254.56
273.03	48233.61
273.10	48209.99
273.17	48194.29
273.23	48166.75
273.30	48108.67
273.37	48039.34
273.44	47961.10
273.51	47863.96
273.57	47797.08
273.64	47754.21
273.71	47751.30
273.78	47759.16
273.85	47794.52
273.91	47835.32
273.98	47895.26
274.05	47939.27
274.12	48015.02
274.19	48093.50
274.25	48151.86
274.32	48178.54
274.39	48182.01
274.46	48123.61
274.53	48026.41
274.59	47917.57
274.66	47814.22
274.73	47714.91
274.80	47633.54
274.86	47577.13
274.93	47535.92
275.00	47503.70
275.07	47482.91
275.14	47470.84
275.20	47449.29
275.27	47427.26
275.34	47395.71
275.41	47373.09
275.48	47367.57
275.54	47378.68
275.61	47395.54
275.68	47425.73
275.75	47432.04
275.81	47409.92
275.88	47394.40
275.95	47383.69
276.02	47370.93
276.09	47369.24
276.15	47381.60
276.22	47384.26
276.29	47356.53
276.36	47283.56
276.42	47202.97
276.49	47099.93
276.56	46991.78
276.63	46910.67
276.70	46866.89
276.76	46854.37
276.83	46877.07
276.90	46908.50
276.97	46941.38
277.03	46970.37
277.10	46963.81
277.17	46932.58
277.24	46887.88
277.30	46840.85
277.37	46813.27
277.44	46823.31
277.51	46855.01
277.58	46872.47
277.64	46879.53
277.71	46862.37
277.78	46796.40
277.85	46692.17
277.91	46590.47
277.98	46485.81
278.05	46382.31
278.12	46330.67
278.18	46300.94
278.25	46307.78
278.32	46348.10
278.39	46421.31
278.45	46484.36
278.52	46575.69
278.59	46667.69
278.66	46725.60
278.72	46742.81
278.79	46711.93
278.86	46627.15
278.93	46496.81
278.99	46352.42
279.06	46208.38
279.13	46127.91
279.20	46107.30
279.26	46148.88
279.33	46225.51
279.40	46336.72
279.47	46434.16
279.53	46502.53
279.60	46493.97
279.67	46412.10
279.74	46246.66
279.80	46045.98
279.87	45844.24
279.94	45701.66
280.01	45643.27
280.07	45662.08
280.14	45703.62
280.21	45740.82
280.28	45769.02
280.34	45790.81
280.41	45809.70
280.48	45827.44
280.55	45854.01
280.61	45879.54
280.68	45880.45
280.75	45879.45
280.82	45876.41
280.88	45875.69
280.95	45841.49
281.02	45818.21
281.08	45747.82
281.15	45661.21
281.22	45565.08
281.29	45471.43
281.35	45349.14
281.42	45245.31
281.49	45137.82
281.56	45006.53
281.62	44906.08
281.69	44824.68
281.76	44757.96
281.82	44706.72
281.89	44699.47
281.96	44703.14
282.03	44718.47
282.09	44751.33
282.16	44799.24
282.23	44838.60
282.30	44878.06
282.36	44935.00
282.43	44984.47
282.50	45036.34
282.56	45077.50
282.63	45103.85
282.70	45110.82
282.77	45126.74
282.83	45133.54
282.90	45152.04
282.97	45149.17
283.03	45102.22
283.10	44993.75
283.17	44831.24
283.24	44626.99
283.30	44427.60
283.37	44287.46
283.44	44199.31
283.50	44174.02
283.57	44188.88
283.64	44220.29
283.71	44236.19
283.77	44257.80
283.84	44289.01
283.91	44316.09
283.97	44356.78
284.04	44424.07
284.11	44476.63
284.18	44527.04
284.24	44560.95
284.31	44576.60
284.38	44551.67
284.44	44536.01
284.51	44510.95
284.58	44501.95
284.64	44501.58
284.71	44495.04
284.78	44460.33
284.85	44407.09
284.91	44346.60
284.98	44272.21
285.05	44189.12
285.11	44106.39
285.18	43988.62
285.25	43870.93
285.31	43751.20
285.38	43665.32
285.45	43633.92
285.52	43674.09
285.58	43736.56
285.65	43824.11
285.72	43913.02
285.78	43989.94
285.85	44061.09
285.92	44125.35
285.98	44184.28
286.05	44260.23
286.12	44332.68
286.18	44392.12
286.25	44455.59
286.32	44507.72
286.39	44536.35
286.45	44535.18
286.52	44498.20
286.59	44388.86
286.65	44243.65
286.72	44058.54
286.79	43872.62
286.85	43707.20
286.92	43607.82
286.99	43555.70
287.05	43530.08
287.12	43548.60
287.19	43585.22
287.25	43649.45
287.32	43716.08
287.39	43797.37
287.45	43865.87
287.52	43926.01
287.59	43959.37
287.65	44003.77
287.72	44049.73
287.79	44092.22
287.86	44125.48
287.92	44174.86
287.99	44205.82
288.06	44240.60
288.12	44255.04
288.19	44304.34
288.26	44319.18
288.32	44329.18
288.39	44321.77
288.46	44315.78
288.52	44269.80
288.59	44207.93
288.66	44099.82
288.72	43961.69
288.79	43816.08
288.86	43667.58
288.92	43554.64
288.99	43504.65
289.06	43510.74
289.12	43566.73
289.19	43665.66
289.26	43796.83
289.32	43927.36
289.39	44066.79
289.45	44196.25
289.52	44309.83
289.59	44375.51
289.65	44417.19
289.72	44421.64
289.79	44401.41
289.85	44367.86
289.92	44338.41
289.99	44299.92
290.05	44242.73
290.12	44170.45
290.19	44102.20
290.25	44050.08
290.32	44025.55
290.39	44038.28
290.45	44070.74
290.52	44088.05
290.59	44065.32
290.65	43989.97
290.72	43876.82
290.79	43760.25
290.85	43699.32
290.92	43710.72
290.98	43788.86
291.05	43914.42
291.12	44078.95
291.18	44222.04
291.25	44341.94
291.32	44443.82
291.38	44543.39
291.45	44632.41
291.52	44708.60
291.58	44772.36
291.65	44820.04
291.72	44828.78
291.78	44789.60
291.85	44708.98
291.91	44612.50
291.98	44542.33
292.05	44475.08
292.11	44405.81
292.18	44342.57
292.25	44253.88
292.31	44140.40
292.38	44049.03
292.45	43986.59
292.51	43958.75
292.58	43969.71
292.64	44012.14
292.71	44066.93
292.78	44148.86
292.84	44243.04
292.91	44356.78
292.98	44468.78
293.04	44601.35
293.11	44719.97
293.17	44846.25
293.24	44965.01
293.31	45076.27
293.37	45172.73
293.44	45237.04
293.51	45267.39
293.57	45271.31
293.64	45241.35
293.70	45161.88
293.77	45045.79
293.84	44884.04
293.90	44689.48
293.97	44504.68
294.04	44357.28
294.10	44261.74
294.17	44242.91
294.23	44286.06
294.30	44322.78
294.37	44338.67
294.43	44351.56
294.50	44329.51
294.56	44309.36
294.63	44323.21
294.70	44392.01
294.76	44505.72
294.83	44663.37
294.90	44837.08
294.96	45024.17
295.03	45188.48
295.09	45331.14
295.16	45464.63
295.23	45570.11
295.29	45671.08
295.36	45759.67
295.42	45826.47
295.49	45867.28
295.56	45897.30
295.62	45887.10
295.69	45832.70
295.75	45743.68
295.82	45622.53
295.89	45437.53
295.95	45222.48
296.02	45010.81
296.08	44813.91
296.15	44630.50
296.22	44509.91
296.28	44450.15
296.35	44457.33
296.41	44526.06
296.48	44656.96
296.55	44839.46
296.61	45038.62
296.68	45238.56
296.74	45426.34
296.81	45598.68
296.88	45740.99
296.94	45847.93
297.01	45947.40
297.07	46038.35
297.14	46131.50
297.20	46227.05
297.27	46350.38
297.34	46470.31
297.40	46564.03
297.47	46629.31
297.53	46673.99
297.60	46671.91
297.67	46621.24
297.73	46534.35
297.80	46386.30
297.86	46158.54
297.93	45888.80
298.00	45600.84
298.06	45335.50
298.13	45158.14
298.19	45066.05
298.26	45063.08
298.32	45136.93
298.39	45235.76
298.46	45331.73
298.52	45447.51
298.59	45567.23
298.65	45698.18
298.72	45866.92
298.78	46046.02
298.85	46228.77
298.92	46390.76
298.98	46548.01
299.05	46680.67
299.11	46791.09
299.18	46892.56
299.24	46992.80
299.31	47066.39
299.38	47140.07
299.44	47197.02
299.51	47240.56
299.57	47257.02
299.64	47264.86
299.70	47245.99
299.77	47206.58
299.84	47106.01
299.90	46926.26
299.97	46617.15
300.03	46227.63
300.10	45833.36
300.16	45499.93
300.23	45298.87
300.30	45273.32
300.36	45381.99
300.43	45572.51
300.49	45779.76
300.56	46013.75
300.62	46237.18
300.69	46447.38
300.75	46630.21
300.82	46822.25
300.89	46959.91
300.95	47083.50
301.02	47184.08
301.08	47274.84
301.15	47352.87
301.21	47438.06
301.28	47505.31
301.34	47570.18
301.41	47635.10
301.48	47682.50
301.54	47704.46
301.61	47726.73
301.67	47724.91
301.74	47686.33
301.80	47589.31
301.87	47446.16
301.93	47240.56
302.00	46972.96
302.06	46674.70
302.13	46387.64
302.20	46161.68
302.26	45994.42
302.33	45932.42
302.39	45936.69
302.46	46013.66
302.52	46118.35
302.59	46270.95
302.65	46426.34
302.72	46603.00
302.78	46778.85
302.85	46939.46
302.91	47070.45
302.98	47185.13
303.05	47286.93
303.11	47387.33
303.18	47464.12
303.24	47525.39
303.31	47580.35
303.37	47620.16
303.44	47645.19
303.50	47664.88
303.57	47670.10
303.63	47666.04
303.70	47647.93
303.76	47605.49
303.83	47568.77
303.89	47506.65
303.96	47417.17
304.03	47288.88
304.09	47111.39
304.16	46845.89
304.22	46542.45
304.29	46254.41
304.35	46022.59
304.42	45880.03
304.48	45861.19
304.55	45943.46
304.61	46060.85
304.68	46200.92
304.74	46339.18
304.81	46470.38
304.87	46592.55
304.94	46712.03
305.00	46808.33
305.07	46881.02
305.13	46927.48
305.20	46958.35
305.26	46987.75
305.33	47016.30
305.39	47039.98
305.46	47068.78
305.52	47085.49
305.59	47083.94
305.66	47066.18
305.72	47052.11
305.79	47018.26
305.85	46972.87
305.92	46880.83
305.98	46732.34
306.05	46522.22
306.11	46288.15
306.18	46033.73
306.24	45788.94
306.31	45580.61
306.37	45387.42
306.44	45197.56
306.50	45044.82
306.57	44954.55
306.63	44954.98
306.70	45038.16
306.76	45185.67
306.83	45353.95
306.89	45515.93
306.96	45621.89
307.02	45705.31
307.09	45775.49
307.15	45829.12
307.22	45871.19
307.28	45906.88
307.35	45913.49
307.41	45915.31
307.48	45908.71
307.54	45888.16
307.61	45859.87
307.67	45834.42
307.74	45791.37
307.80	45754.97
307.87	45719.16
307.93	45681.31
308.00	45635.19
308.06	45589.72
308.13	45509.21
308.19	45423.86
308.26	45322.11
308.32	45226.88
308.38	45126.60
308.45	45020.20
308.51	44895.17
308.58	44737.42
308.64	44554.90
308.71	44387.44
308.77	44271.34
308.84	44188.20
308.90	44189.94
308.97	44234.87
309.03	44294.13
309.10	44348.00
309.16	44396.87
309.23	44411.35
309.29	44425.98
309.36	44416.37
309.42	44398.99
309.49	44375.53
309.55	44366.88
309.62	44337.80
309.68	44308.52
309.75	44262.72
309.81	44221.38
309.88	44166.47
309.94	44105.82
310.00	44040.38
310.07	43973.44
310.13	43914.51
310.20	43835.04
310.26	43757.43
310.33	43678.04
310.39	43621.03
310.46	43548.56
310.52	43472.45
310.59	43377.04
310.65	43276.48
310.72	43148.06
310.78	43023.92
310.85	42914.99
310.91	42848.71
310.97	42806.10
311.04	42784.78
311.10	42769.88
311.17	42771.05
311.23	42752.25
311.30	42725.82
311.36	42710.06
311.43	42694.78
311.49	42687.09
311.56	42679.14
311.62	42679.97
311.69	42669.41
311.75	42665.03
311.81	42627.39
311.88	42584.02
311.94	42539.76
312.01	42495.37
312.07	42430.48
312.14	42395.38
312.20	42361.13
312.27	42320.70
312.33	42271.78
312.40	42218.84
312.46	42143.79
312.52	42073.61
312.59	41981.25
312.65	41894.76
312.72	41810.65
312.78	41728.62
312.85	41640.10
312.91	41559.59
312.98	41462.43
313.04	41376.25
313.10	41281.95
313.17	41205.06
313.23	41134.93
313.30	41089.54
313.36	41044.23
313.43	41012.78
313.49	40990.82
313.56	40971.69
313.62	40948.67
313.68	40920.96
313.75	40900.37
313.81	40868.41
313.88	40830.00
313.94	40793.37
314.01	40762.68
314.07	40731.25
314.13	40697.32
314.20	40668.11
314.26	40632.08
314.33	40583.13
314.39	40537.02
314.46	40471.32
314.52	40406.35
314.58	40341.01
314.65	40273.14
314.71	40185.80
314.78	40116.67
314.84	40049.68
314.91	39987.27
314.97	39935.20
315.03	39887.56
315.10	39846.07
315.16	39792.19
315.23	39733.12
315.29	39681.89
315.36	39622.75
315.42	39561.57
315.48	39510.61
315.55	39466.32
315.61	39394.43
315.68	39343.94
315.74	39290.74
315.81	39231.95
315.87	39182.37
315.93	39153.81
316.00	39148.27
316.06	39134.06
316.13	39128.70
316.19	39090.70
316.25	39014.70
316.32	38887.67
316.38	38730.19
316.45	38526.91
316.51	38298.31
316.58	38067.88
316.64	37819.64
316.70	37571.49
316.77	37328.58
316.83	37080.14
316.90	36836.17
316.96	36585.71
317.02	36335.31
317.09	36080.02
317.15	35841.91
317.22	35580.22
317.28	35327.09
317.34	35078.00
317.41	34823.38
317.47	34567.10
317.54	34318.13
317.60	34065.12
317.66	33806.61
317.73	33541.65
317.79	33273.02
317.86	33007.28
317.92	32741.67
317.98	32462.57
318.05	32186.67
318.11	31912.69
318.18	31643.07
318.24	31366.46
318.30	31099.21
318.37	30827.19
318.43	30541.57
318.50	30251.66
318.56	29968.35
318.62	29678.17
318.69	29403.82
318.75	29128.54
318.82	28858.64
318.88	28580.27
318.94	28306.64
319.01	28034.14
319.07	27763.38
319.13	27484.19
319.20	27211.69
319.26	26934.91
319.33	26642.98
319.39	26347.94
319.45	26070.08
319.52	25785.68
319.58	25503.07
319.65	25227.39
319.71	24950.59
319.77	24658.60
319.84	24380.33
319.90	24097.17
319.96	23811.64
320.03	23525.41
320.09	23245.20
320.16	22943.14
320.22	22652.37
320.28	22365.61
320.35	22085.20
320.41	21797.96
320.47	21526.42
320.54	21247.65
320.60	20975.72
320.67	20693.59
320.73	20419.14
320.79	20131.02
320.86	19845.60
320.92	19545.47
320.98	19257.62
321.05	18962.31
321.11	18668.69
321.18	18373.73
321.24	18088.92
321.30	17804.74
321.37	17525.21
321.43	17253.06
321.49	16983.41
321.56	16710.72
321.62	16440.20
321.68	16164.46
321.75	15885.67
321.81	15603.01
321.88	15316.33
321.94	15026.79
322.00	14743.37
322.07	14458.16
322.13	14176.05
322.19	13891.95
322.26	13605.17
322.32	13325.62
322.38	13050.22
322.45	12778.43
322.51	12504.50
322.58	12241.19
322.64	11967.35
322.70	11697.61
322.77	11424.49
322.83	11159.63
322.89	10884.27
322.96	10607.61
323.02	10341.34
323.08	10072.65
323.15	9806.25
323.21	9547.41
323.27	9290.73
323.34	9028.80
323.40	8775.48
323.46	8522.76
323.53	8160.53
323.59	7045.58
323.65	5450.78
323.72	3777.84
323.78	2157.98
323.85	695.99
323.91	41.90
323.97	-81.64
324.04	-83.74
