180.21	3368.00
180.28	-114.76
180.36	625.35
180.44	-41.95
180.51	-13.09
180.59	8.47
180.66	34.63
180.74	31.17
180.81	28.94
180.89	30.42
180.97	32.12
181.04	29.40
181.12	28.33
181.19	27.92
181.27	28.64
181.34	45.93
181.42	53.62
181.50	61.22
181.57	73.98
181.65	79.42
181.72	72.75
181.80	68.11
181.87	68.75
181.95	68.56
182.03	67.27
182.10	69.97
182.18	71.09
182.25	75.41
182.33	74.76
182.40	82.16
182.48	77.61
182.55	89.25
182.63	93.31
182.71	95.91
182.78	96.94
182.86	103.07
182.93	99.69
183.01	103.14
183.08	103.59
183.16	108.97
183.23	104.59
183.31	111.38
183.39	110.26
183.46	122.17
183.54	118.21
183.61	127.04
183.69	128.98
183.76	139.14
183.84	136.94
183.91	138.56
183.99	147.19
184.06	149.31
184.14	151.95
184.22	156.85
184.29	159.66
184.37	158.00
184.44	152.44
184.52	141.08
184.59	137.20
184.67	142.35
184.74	137.13
184.82	150.44
184.89	164.47
184.97	175.03
185.04	182.89
185.12	193.34
185.20	201.65
185.27	210.62
185.35	220.38
185.42	221.86
185.50	235.79
185.57	238.14
185.65	244.97
185.72	245.59
185.80	256.09
185.87	254.99
185.95	255.17
186.02	256.69
186.10	257.95
186.17	256.41
186.25	256.06
186.33	248.19
186.40	240.42
186.48	239.69
186.55	244.75
186.63	247.96
186.70	276.32
186.78	296.30
186.85	317.14
186.93	331.05
187.00	350.43
187.08	351.53
187.15	364.17
187.23	373.66
187.30	384.53
187.38	400.25
187.45	419.98
187.53	436.09
187.60	443.33
187.68	455.37
187.75	466.80
187.83	474.63
187.90	470.62
187.98	471.47
188.05	470.81
188.13	452.26
188.21	429.06
188.28	425.84
188.36	422.55
188.43	423.48
188.51	441.90
188.58	474.09
188.66	485.81
188.73	507.01
188.81	535.28
188.88	551.83
188.96	568.78
189.03	597.81
189.11	623.18
189.18	636.67
189.26	657.32
189.33	683.35
189.41	710.52
189.48	732.79
189.56	755.95
189.63	776.32
189.71	774.80
189.78	758.82
189.86	741.06
189.93	725.29
190.01	698.93
190.08	681.53
190.16	669.63
190.23	650.33
190.31	641.70
190.38	640.19
190.46	650.61
190.53	674.81
190.61	721.58
190.68	752.94
190.76	804.75
190.83	847.12
190.91	878.55
190.98	897.43
191.06	927.25
191.13	942.95
191.21	953.60
191.28	960.37
191.35	967.80
191.43	965.58
191.50	958.55
191.58	962.03
191.65	974.57
191.73	983.78
191.80	998.42
191.88	1003.59
191.95	1005.72
192.03	1006.85
192.10	1011.48
192.18	1015.53
192.25	1031.60
192.33	1036.66
192.40	1033.23
192.48	1029.07
192.55	1028.51
192.63	1019.61
192.70	1024.94
192.78	1038.39
192.85	1059.87
192.93	1074.24
193.00	1081.91
193.08	1080.99
193.15	1078.82
193.22	1077.93
193.30	1088.87
193.37	1131.35
193.45	1169.69
193.52	1216.70
193.60	1268.89
193.67	1308.30
193.75	1332.45
193.82	1363.11
193.90	1381.86
193.97	1384.07
194.05	1380.65
194.12	1364.84
194.20	1348.84
194.27	1326.38
194.34	1293.78
194.42	1263.61
194.49	1248.08
194.57	1234.89
194.64	1218.70
194.72	1215.72
194.79	1220.38
194.87	1231.89
194.94	1265.97
195.02	1320.43
195.09	1383.75
195.17	1451.49
195.24	1511.94
195.31	1552.15
195.39	1580.23
195.46	1595.93
195.54	1607.69
195.61	1610.07
195.69	1596.22
195.76	1572.76
195.84	1538.39
195.91	1474.95
195.99	1400.68
196.06	1336.05
196.13	1299.21
196.21	1291.51
196.28	1322.31
196.36	1385.82
196.43	1466.39
196.51	1543.02
196.58	1614.80
196.66	1677.04
196.73	1721.51
196.80	1748.79
196.88	1764.49
196.95	1773.11
197.03	1769.73
197.10	1751.46
197.18	1725.32
197.25	1680.71
197.33	1617.17
197.40	1553.59
197.47	1488.50
197.55	1438.65
197.62	1411.67
197.70	1413.76
197.77	1437.20
197.85	1494.83
197.92	1558.86
197.99	1640.68
198.07	1725.30
198.14	1805.45
198.22	1880.75
198.29	1939.47
198.37	1977.73
198.44	2005.03
198.51	2015.38
198.59	2001.36
198.66	1982.47
198.74	1940.08
198.81	1866.97
198.89	1771.84
198.96	1684.00
199.03	1597.12
199.11	1536.32
199.18	1515.61
199.26	1544.51
199.33	1604.83
199.41	1696.36
199.48	1794.60
199.55	1894.79
199.63	1975.58
199.70	2050.47
199.78	2108.08
199.85	2158.96
199.93	2197.84
200.00	2237.45
200.07	2240.86
200.15	2228.62
200.22	2195.19
200.30	2123.98
200.37	2020.57
200.44	1896.92
200.52	1780.26
200.59	1701.64
200.67	1671.84
200.74	1689.06
200.81	1760.33
200.89	1849.96
200.96	1947.51
201.04	2036.46
201.11	2136.86
201.19	2233.22
201.26	2320.02
201.33	2383.94
201.41	2445.16
201.48	2476.87
201.56	2487.40
201.63	2492.39
201.70	2462.37
201.78	2402.21
201.85	2311.14
201.93	2206.54
202.00	2094.76
202.07	2011.04
202.15	1939.32
202.22	1907.40
202.30	1928.17
202.37	1987.13
202.44	2075.19
202.52	2205.84
202.59	2350.72
202.67	2475.13
202.74	2584.12
202.81	2678.25
202.89	2754.12
202.96	2829.27
203.04	2899.85
203.11	2941.90
203.18	2965.48
203.26	2952.30
203.33	2889.99
203.41	2784.76
203.48	2646.69
203.55	2458.06
203.63	2290.38
203.70	2181.62
203.77	2142.96
203.85	2184.36
203.92	2310.15
204.00	2482.17
204.07	2648.36
204.14	2806.82
204.22	2949.54
204.29	3088.42
204.37	3202.64
204.44	3304.26
204.51	3386.60
204.59	3445.37
204.66	3466.75
204.73	3460.92
204.81	3421.58
204.88	3353.21
204.96	3241.72
205.03	3088.51
205.10	2923.88
205.18	2778.29
205.25	2657.64
205.32	2594.24
205.40	2613.73
205.47	2701.84
205.55	2834.95
205.62	3010.81
205.69	3218.64
205.77	3425.18
205.84	3617.40
205.91	3785.86
205.99	3926.00
206.06	4037.29
206.14	4139.16
206.21	4230.38
206.28	4299.16
206.36	4342.06
206.43	4342.52
206.50	4287.79
206.58	4157.16
206.65	3965.90
206.72	3716.90
206.80	3457.50
206.87	3241.06
206.95	3126.99
207.02	3144.31
207.09	3282.89
207.17	3514.75
207.24	3784.81
207.31	4057.65
207.39	4297.58
207.46	4522.11
207.53	4719.30
207.61	4905.91
207.68	5063.64
207.75	5210.34
207.83	5332.30
207.90	5420.56
207.98	5453.38
208.05	5440.76
208.12	5354.10
208.20	5199.76
208.27	4984.90
208.34	4717.45
208.42	4437.11
208.49	4227.96
208.56	4104.61
208.64	4100.44
208.71	4217.34
208.78	4414.36
208.86	4657.59
208.93	4921.58
209.00	5191.76
209.08	5460.10
209.15	5737.78
209.22	5992.39
209.30	6225.05
209.37	6426.07
209.44	6608.40
209.52	6752.05
209.59	6850.24
209.67	6916.82
209.74	6919.10
209.81	6849.85
209.89	6699.10
209.96	6462.18
210.03	6148.38
210.11	5849.22
210.18	5581.58
210.25	5405.43
210.33	5378.47
210.40	5495.65
210.47	5720.88
210.55	6032.64
210.62	6381.07
210.69	6724.88
210.77	7063.62
210.84	7360.25
210.91	7639.58
210.99	7889.32
211.06	8128.82
211.13	8349.53
211.21	8555.70
211.28	8720.20
211.35	8843.59
211.42	8880.35
211.50	8818.24
211.57	8655.41
211.64	8386.04
211.72	8022.06
211.79	7636.94
211.86	7343.82
211.94	7214.68
212.01	7262.22
212.08	7493.10
212.16	7838.36
212.23	8206.72
212.30	8545.63
212.38	8834.74
212.45	9101.96
212.52	9353.64
212.60	9596.10
212.67	9832.06
212.74	10086.38
212.82	10336.16
212.89	10589.53
212.96	10808.87
213.03	10973.88
213.11	11064.23
213.18	11053.86
213.25	10939.04
213.33	10718.28
213.40	10419.64
213.47	10124.16
213.55	9894.48
213.62	9760.95
213.69	9778.56
213.77	9950.66
213.84	10216.72
213.91	10546.92
213.98	10896.69
214.06	11220.86
214.13	11517.40
214.20	11769.70
214.28	12020.51
214.35	12286.74
214.42	12577.91
214.50	12881.64
214.57	13201.42
214.64	13479.12
214.72	13708.31
214.79	13872.55
214.86	13958.52
214.93	13953.62
215.01	13852.62
215.08	13632.64
215.15	13310.62
215.23	12935.07
215.30	12628.09
215.37	12485.40
215.44	12569.80
215.52	12856.90
215.59	13301.46
215.66	13789.35
215.74	14239.53
215.81	14611.96
215.88	14965.68
215.95	15289.02
216.03	15612.34
216.10	15910.82
216.17	16206.74
216.25	16457.38
216.32	16678.68
216.39	16850.14
216.46	16998.26
216.54	17093.28
216.61	17156.28
216.68	17142.24
216.76	17047.88
216.83	16846.25
216.90	16559.16
216.97	16243.40
217.05	16028.78
217.12	15960.10
217.19	16078.88
217.27	16392.06
217.34	16833.94
217.41	17321.50
217.48	17805.57
217.56	18261.03
217.63	18675.72
217.70	19039.56
217.78	19348.56
217.85	19621.56
217.92	19857.12
217.99	20062.42
218.07	20240.86
218.14	20411.88
218.21	20588.00
218.28	20768.50
218.36	20924.44
218.43	21039.14
218.50	21080.43
218.57	20996.46
218.65	20779.16
218.72	20450.80
218.79	20110.08
218.87	19848.38
218.94	19759.40
219.01	19885.48
219.08	20232.02
219.16	20716.30
219.23	21246.46
219.30	21742.48
219.37	22189.25
219.45	22579.94
219.52	22923.16
219.59	23230.75
219.66	23535.32
219.74	23819.98
219.81	24103.94
219.88	24361.81
219.95	24618.22
220.03	24841.61
220.10	25040.50
220.17	25174.22
220.24	25252.51
220.32	25236.90
220.39	25119.10
220.46	24891.04
220.53	24596.64
220.61	24302.39
220.68	24112.71
220.75	24089.02
220.82	24251.05
220.90	24565.41
220.97	24966.94
221.04	25360.84
221.11	25720.88
221.19	26041.64
221.26	26337.10
221.33	26635.04
221.40	26938.10
221.48	27242.29
221.55	27540.48
221.62	27810.06
221.69	28078.38
221.77	28325.82
221.84	28541.79
221.91	28720.98
221.98	28885.54
222.06	28979.55
222.13	29021.62
222.20	29012.79
222.27	28951.30
222.35	28839.50
222.42	28726.52
222.49	28655.10
222.56	28650.05
222.63	28723.59
222.71	28882.92
222.78	29082.62
222.85	29291.61
222.92	29517.80
223.00	29737.30
223.07	29966.25
223.14	30215.22
223.21	30474.58
223.29	30727.31
223.36	31004.04
223.43	31271.40
223.50	31526.55
223.57	31771.71
223.65	31991.61
223.72	32152.34
223.79	32277.60
223.86	32353.10
223.94	32394.44
224.01	32412.60
224.08	32423.82
224.15	32421.49
224.22	32429.25
224.30	32436.28
224.37	32462.70
224.44	32546.50
224.51	32654.84
224.59	32784.86
224.66	32953.49
224.73	33139.18
224.80	33313.26
224.87	33510.02
224.95	33730.72
225.02	33942.16
225.09	34154.32
225.16	34363.98
225.23	34567.04
225.31	34755.02
225.38	34921.68
225.45	35065.10
225.52	35179.46
225.60	35248.48
225.67	35280.94
225.74	35282.46
225.81	35261.02
225.88	35236.70
225.96	35271.14
226.03	35339.04
226.10	35449.70
226.17	35606.84
226.24	35780.97
226.32	35934.94
226.39	36092.65
226.46	36257.56
226.53	36414.12
226.60	36584.30
226.68	36754.14
226.75	36913.56
226.82	37062.20
226.89	37205.42
226.96	37335.62
227.04	37428.24
227.11	37508.12
227.18	37603.95
227.25	37674.38
227.32	37737.66
227.40	37812.56
227.47	37887.50
227.54	37929.88
227.61	37957.98
227.68	37952.44
227.76	37947.91
227.83	37951.84
227.90	37992.60
227.97	38073.32
228.04	38197.30
228.11	38338.26
228.19	38484.52
228.26	38610.58
228.33	38741.87
228.40	38864.24
228.47	38991.00
228.55	39112.72
228.62	39239.32
228.69	39352.84
228.76	39453.90
228.83	39531.86
228.90	39625.92
228.98	39713.20
229.05	39817.58
229.12	39943.37
229.19	40069.34
229.26	40171.48
229.34	40262.88
229.41	40319.32
229.48	40356.52
229.55	40390.72
229.62	40418.02
229.69	40434.56
229.77	40451.58
229.84	40458.58
229.91	40479.08
229.98	40508.36
230.05	40561.32
230.12	40642.24
230.20	40749.50
230.27	40854.52
230.34	40974.60
230.41	41089.47
230.48	41188.50
230.55	41276.96
230.63	41367.03
230.70	41446.82
230.77	41496.50
230.84	41548.01
230.91	41585.13
230.98	41631.30
231.06	41680.38
231.13	41772.66
231.20	41865.37
231.27	41983.50
231.34	42070.70
231.41	42150.16
231.49	42206.38
231.56	42265.54
231.63	42316.16
231.70	42378.08
231.77	42425.98
231.84	42465.68
231.92	42494.60
231.99	42519.66
232.06	42556.22
232.13	42591.52
232.20	42650.38
232.27	42710.24
232.34	42779.90
232.42	42816.34
232.49	42870.98
232.56	42912.08
232.63	42973.80
232.70	43011.38
232.77	43084.34
232.85	43145.80
232.92	43200.76
232.99	43236.46
233.06	43284.10
233.13	43323.65
233.20	43358.91
233.27	43396.84
233.35	43427.19
233.42	43453.10
233.49	43476.48
233.56	43511.52
233.63	43548.20
233.70	43586.16
233.77	43630.70
233.85	43674.63
233.92	43733.06
233.99	43785.52
234.06	43839.34
234.13	43882.13
234.20	43922.34
234.27	43940.03
234.35	43974.84
234.42	44000.72
234.49	44018.98
234.56	44045.78
234.63	44051.09
234.70	44052.94
234.77	44047.76
234.84	44059.44
234.92	44050.94
234.99	44069.88
235.06	44084.58
235.13	44118.06
235.20	44139.98
235.27	44195.42
235.34	44223.16
235.41	44264.66
235.49	44297.08
235.56	44332.76
235.63	44355.37
235.70	44398.28
235.77	44411.40
235.84	44425.08
235.91	44433.50
235.98	44425.69
236.06	44418.22
236.13	44411.90
236.20	44414.13
236.27	44409.09
236.34	44410.50
236.41	44427.44
236.48	44450.66
236.55	44458.69
236.63	44469.42
236.70	44472.24
236.77	44460.96
236.84	44477.65
236.91	44507.41
236.98	44530.55
237.05	44563.04
237.12	44588.52
237.19	44587.47
237.27	44589.74
237.34	44600.32
237.41	44611.70
237.48	44620.94
237.55	44621.12
237.62	44619.58
237.69	44634.52
237.76	44643.20
237.83	44660.83
237.91	44678.70
237.98	44688.90
238.05	44703.37
238.12	44711.16
238.19	44716.06
238.26	44745.92
238.33	44773.10
238.40	44768.06
238.47	44774.16
238.54	44780.18
238.62	44760.76
238.69	44743.47
238.76	44735.18
238.83	44718.76
238.90	44712.85
238.97	44728.08
239.04	44751.76
239.11	44786.38
239.18	44821.34
239.25	44843.92
239.33	44847.44
239.40	44829.76
239.47	44810.76
239.54	44788.90
239.61	44757.60
239.68	44730.88
239.75	44725.97
239.82	44717.47
239.89	44718.44
239.96	44731.86
240.03	44748.76
240.11	44767.84
240.18	44778.40
240.25	44786.56
240.32	44796.42
240.39	44805.74
240.46	44812.35
240.53	44839.34
240.60	44877.82
240.67	44917.70
240.74	44959.80
240.81	44997.56
240.88	45022.16
240.96	45023.51
241.03	45024.24
241.10	45029.76
241.17	45032.12
241.24	45042.54
241.31	45071.47
241.38	45073.66
241.45	45062.28
241.52	45050.06
241.59	45032.24
241.66	45026.85
241.73	45052.54
241.80	45085.96
241.88	45115.30
241.95	45137.84
242.02	45139.50
242.09	45132.16
242.16	45122.06
242.23	45131.78
242.30	45155.16
242.37	45163.36
242.44	45178.80
242.51	45191.74
242.58	45189.02
242.65	45177.55
242.72	45193.36
242.79	45198.22
242.87	45226.91
242.94	45250.66
243.01	45281.08
243.08	45309.96
243.15	45341.47
243.22	45365.60
243.29	45407.63
243.36	45440.54
243.43	45485.18
243.50	45535.69
243.57	45568.96
243.64	45591.90
243.71	45618.66
243.78	45632.82
243.85	45645.10
243.92	45662.82
243.99	45688.38
244.07	45704.78
244.14	45721.22
244.21	45730.18
244.28	45744.48
244.35	45754.34
244.42	45771.74
244.49	45782.92
244.56	45811.10
244.63	45843.86
244.70	45850.02
244.77	45870.20
244.84	45898.91
244.91	45923.70
244.98	45955.59
245.05	46003.38
245.12	46048.28
245.19	46084.76
245.26	46107.85
245.33	46135.84
245.40	46178.42
245.47	46225.34
245.55	46269.30
245.62	46317.04
245.69	46346.56
245.76	46394.32
245.83	46440.12
245.90	46499.00
245.97	46552.84
246.04	46613.53
246.11	46654.26
246.18	46676.28
246.25	46691.84
246.32	46703.80
246.39	46722.19
246.46	46750.30
246.53	46800.77
246.60	46845.69
246.67	46912.80
246.74	46973.32
246.81	47034.19
246.88	47077.22
246.95	47121.13
247.02	47161.18
247.09	47196.48
247.16	47214.38
247.23	47227.88
247.30	47247.88
247.37	47266.06
247.44	47290.12
247.51	47328.15
247.58	47386.28
247.66	47438.24
247.73	47508.66
247.80	47567.66
247.87	47615.65
247.94	47682.19
248.01	47754.82
248.08	47806.34
248.15	47870.19
248.22	47936.64
248.29	47984.64
248.36	48031.58
248.43	48090.95
248.50	48139.50
248.57	48196.16
248.64	48246.40
248.71	48311.62
248.78	48381.22
248.85	48452.20
248.92	48504.41
248.99	48548.44
249.06	48586.97
249.13	48602.42
249.20	48635.44
249.27	48669.92
249.34	48716.58
249.41	48746.17
249.48	48783.64
249.55	48789.60
249.62	48820.17
249.69	48848.68
249.76	48889.64
249.83	48930.09
249.90	49013.52
249.97	49090.54
250.04	49172.98
250.11	49272.02
250.18	49360.74
250.25	49420.34
250.32	49465.15
250.39	49502.82
250.46	49528.78
250.53	49581.06
250.60	49642.70
250.67	49718.34
250.74	49802.30
250.81	49858.40
250.88	49902.48
250.95	49932.16
251.02	49956.97
251.09	49973.63
251.16	50018.40
251.23	50050.18
251.30	50107.01
251.37	50158.12
251.44	50203.66
251.51	50255.74
251.58	50324.85
251.65	50369.92
251.72	50422.52
251.79	50492.12
251.86	50548.52
251.93	50585.54
252.00	50625.26
252.07	50648.88
252.14	50675.16
252.21	50693.95
252.28	50727.68
252.35	50761.22
252.42	50828.48
252.49	50876.80
252.56	50931.26
252.63	50989.80
252.70	51059.18
252.77	51109.42
252.84	51177.08
252.91	51230.87
252.98	51275.38
253.05	51309.20
253.12	51340.35
253.19	51354.56
253.25	51387.90
253.32	51426.16
253.39	51476.04
253.46	51515.24
253.53	51565.92
253.60	51583.04
253.67	51590.26
253.74	51618.04
253.81	51659.98
253.88	51702.91
253.95	51765.41
254.02	51834.63
254.09	51891.12
254.16	51933.08
254.23	51953.56
254.30	51979.70
254.37	52017.58
254.44	52037.03
254.51	52073.82
254.58	52115.74
254.65	52164.48
254.72	52198.26
254.79	52227.40
254.86	52253.26
254.93	52271.12
255.00	52280.65
255.07	52305.84
255.14	52348.09
255.21	52377.47
255.28	52403.85
255.34	52411.22
255.41	52419.97
255.48	52420.70
255.55	52419.76
255.62	52440.62
255.69	52483.65
255.76	52503.58
255.83	52538.96
255.90	52577.80
255.97	52632.24
256.04	52667.36
256.11	52733.28
256.18	52782.62
256.25	52838.98
256.32	52868.22
256.39	52913.76
256.46	52943.47
256.53	52969.56
256.60	53011.51
256.67	53056.02
256.74	53096.09
256.80	53125.22
256.87	53140.53
256.94	53130.53
257.01	53123.84
257.08	53130.76
257.15	53141.56
257.22	53167.80
257.29	53169.12
257.36	53167.98
257.43	53136.35
257.50	53096.21
257.57	53048.75
257.64	53061.06
257.71	53074.50
257.78	53127.51
257.85	53189.47
257.92	53267.06
257.98	53320.99
258.05	53362.22
258.12	53361.66
258.19	53348.40
258.26	53298.88
258.33	53236.94
258.40	53186.34
258.47	53168.54
258.54	53159.66
258.61	53180.78
258.68	53228.22
258.75	53284.38
258.82	53335.08
258.89	53377.66
258.95	53406.74
259.02	53413.90
259.09	53401.74
259.16	53377.45
259.23	53345.62
259.30	53321.78
259.37	53321.16
259.44	53328.56
259.51	53337.96
259.58	53369.58
259.65	53396.16
259.72	53398.16
259.79	53395.18
259.85	53376.82
259.92	53345.88
259.99	53341.36
260.06	53350.25
260.13	53347.87
260.20	53361.22
260.27	53361.47
260.34	53334.48
260.41	53294.36
260.48	53274.76
260.55	53278.03
260.62	53282.74
260.68	53275.02
260.75	53257.85
260.82	53252.38
260.89	53233.99
260.96	53225.40
261.03	53230.92
261.10	53242.56
261.17	53224.66
261.24	53178.22
261.31	53117.50
261.38	53062.37
261.44	53008.06
261.51	52966.08
261.58	52944.58
261.65	52957.00
261.72	52964.48
261.79	52964.78
261.86	52968.63
261.93	52976.14
262.00	52959.04
262.07	52928.75
262.13	52907.51
262.20	52893.24
262.27	52864.66
262.34	52855.10
262.41	52864.18
262.48	52869.45
262.55	52871.01
262.62	52877.20
262.69	52861.86
262.76	52838.80
262.82	52816.08
262.89	52785.78
262.96	52766.32
263.03	52760.74
263.10	52752.47
263.17	52735.44
263.24	52719.44
263.31	52711.20
263.38	52702.60
263.44	52707.30
263.51	52714.48
263.58	52710.90
263.65	52675.90
263.72	52610.06
263.79	52521.01
263.86	52449.20
263.93	52394.10
264.00	52361.16
264.06	52367.26
264.13	52377.72
264.20	52380.85
264.27	52344.10
264.34	52284.80
264.41	52213.12
264.48	52148.90
264.55	52073.42
264.61	52025.01
264.68	51989.91
264.75	51946.24
264.82	51888.87
264.89	51847.18
264.96	51825.44
265.03	51802.88
265.10	51792.10
265.16	51801.88
265.23	51797.18
265.30	51777.60
265.37	51735.92
265.44	51700.94
265.51	51678.08
265.58	51659.20
265.65	51649.22
265.71	51668.20
265.78	51697.32
265.85	51675.32
265.92	51637.82
265.99	51576.14
266.06	51501.48
266.13	51391.50
266.20	51319.50
266.26	51260.62
266.33	51209.87
266.40	51171.00
266.47	51148.94
266.54	51112.84
266.61	51099.40
266.68	51089.81
266.74	51067.08
266.81	51026.18
266.88	50969.24
266.95	50874.32
267.02	50786.16
267.09	50715.84
267.16	50671.06
267.22	50664.82
267.29	50689.59
267.36	50718.48
267.43	50736.24
267.50	50749.48
267.57	50740.78
267.64	50698.18
267.70	50637.53
267.77	50576.82
267.84	50517.34
267.91	50466.80
267.98	50444.13
268.05	50447.51
268.11	50440.59
268.18	50415.98
268.25	50379.24
268.32	50308.18
268.39	50210.40
268.46	50102.22
268.53	49986.87
268.59	49869.74
268.66	49783.16
268.73	49725.16
268.80	49704.62
268.87	49719.32
268.94	49762.78
269.00	49817.31
269.07	49863.48
269.14	49897.94
269.21	49899.16
269.28	49865.60
269.35	49806.98
269.41	49745.24
269.48	49697.28
269.55	49661.59
269.62	49658.24
269.69	49662.56
269.76	49656.75
269.82	49626.90
269.89	49589.74
269.96	49536.53
270.03	49472.30
270.10	49401.67
270.17	49316.08
270.23	49260.02
270.30	49208.52
270.37	49193.84
270.44	49192.96
270.51	49211.92
270.58	49196.74
270.64	49193.76
270.71	49176.80
270.78	49171.62
270.85	49164.52
270.92	49183.85
270.99	49189.31
271.05	49160.66
271.12	49102.16
271.19	49026.98
271.26	48934.85
271.33	48855.36
271.39	48802.90
271.46	48743.64
271.53	48711.14
271.60	48690.44
271.67	48661.59
271.74	48629.88
271.80	48608.06
271.87	48590.81
271.94	48547.98
272.01	48492.14
272.08	48447.12
272.14	48409.14
272.21	48375.26
272.28	48353.92
272.35	48344.74
272.42	48337.34
272.48	48348.87
272.55	48345.30
272.62	48335.58
272.69	48323.47
272.76	48309.72
272.83	48281.63
272.89	48256.02
272.96	48245.54
273.03	48233.02
273.10	48208.06
273.17	48191.68
273.23	48163.02
273.30	48108.44
273.37	48036.19
273.44	47949.90
273.51	47858.60
273.57	47787.24
273.64	47752.34
273.71	47746.38
273.78	47758.80
273.85	47788.69
273.91	47824.69
273.98	47864.97
274.05	47920.46
274.12	48002.52
274.19	48072.34
274.25	48131.32
274.32	48157.62
274.39	48141.59
274.46	48081.46
274.53	47993.18
274.59	47876.24
274.66	47769.22
274.73	47681.15
274.80	47604.60
274.86	47543.98
274.93	47513.76
275.00	47499.70
275.07	47482.86
275.14	47466.69
275.20	47443.19
275.27	47424.98
275.34	47395.91
275.41	47369.48
275.48	47361.94
275.54	47372.65
275.61	47377.98
275.68	47395.01
275.75	47398.87
275.81	47380.82
275.88	47379.44
275.95	47382.76
276.02	47369.42
276.09	47372.78
276.15	47394.54
276.22	47382.12
276.29	47355.02
276.36	47297.47
276.42	47212.26
276.49	47108.22
276.56	47004.96
276.63	46907.92
276.70	46854.98
276.76	46847.16
276.83	46859.52
276.90	46897.24
276.97	46950.02
277.03	46986.14
277.10	46973.69
277.17	46940.20
277.24	46889.84
277.30	46830.87
277.37	46793.04
277.44	46804.84
277.51	46825.78
277.58	46852.84
277.64	46868.58
277.71	46856.41
277.78	46796.41
277.85	46712.47
277.91	46605.84
277.98	46496.90
278.05	46406.64
278.12	46345.28
278.18	46319.65
278.25	46317.92
278.32	46346.62
278.39	46401.16
278.45	46476.68
278.52	46561.62
278.59	46654.37
278.66	46712.52
278.72	46740.62
278.79	46703.72
278.86	46619.62
278.93	46482.62
278.99	46339.08
279.06	46195.72
279.13	46107.26
279.20	46081.25
279.26	46124.63
279.33	46217.76
279.40	46313.32
279.47	46414.72
279.53	46478.96
279.60	46476.18
279.67	46387.76
279.74	46233.52
279.80	46036.62
279.87	45838.04
279.94	45695.28
280.01	45630.82
280.07	45640.58
280.14	45673.97
280.21	45723.26
280.28	45766.68
280.34	45796.84
280.41	45825.12
280.48	45853.34
280.55	45868.94
280.61	45870.84
280.68	45874.16
280.75	45867.60
280.82	45859.76
280.88	45869.46
280.95	45859.56
281.02	45819.27
281.08	45753.42
281.15	45683.18
281.22	45574.50
281.29	45462.74
281.35	45343.42
281.42	45230.95
281.49	45097.20
281.56	44975.90
281.62	44892.04
281.69	44826.23
281.76	44763.42
281.82	44735.69
281.89	44718.92
281.96	44709.90
282.03	44712.97
282.09	44746.52
282.16	44775.81
282.23	44820.32
282.30	44859.80
282.36	44915.97
282.43	44982.06
282.50	45053.42
282.56	45097.54
282.63	45127.12
282.70	45136.66
282.77	45137.63
282.83	45146.42
282.90	45163.46
282.97	45163.92
283.03	45115.59
283.10	45006.32
283.17	44836.96
283.24	44633.24
283.30	44438.65
283.37	44298.38
283.44	44215.98
283.50	44183.16
283.57	44195.66
283.64	44208.62
283.71	44227.40
283.77	44251.47
283.84	44284.76
283.91	44314.58
283.97	44361.46
284.04	44424.68
284.11	44476.01
284.18	44515.66
284.24	44550.18
284.31	44565.64
284.38	44549.60
284.44	44521.02
284.51	44510.87
284.58	44511.48
284.64	44514.06
284.71	44503.02
284.78	44475.92
284.85	44423.76
284.91	44347.22
284.98	44275.90
285.05	44193.13
285.11	44110.20
285.18	43994.66
285.25	43877.28
285.31	43756.40
285.38	43673.70
285.45	43642.34
285.52	43668.94
285.58	43739.50
285.65	43834.22
285.72	43924.98
285.78	44006.92
285.85	44076.28
285.92	44132.20
285.98	44191.87
286.05	44267.34
286.12	44333.58
286.18	44392.94
286.25	44451.44
286.32	44491.22
286.39	44511.16
286.45	44502.08
286.52	44466.97
286.59	44369.74
286.65	44237.56
286.72	44057.90
286.79	43880.52
286.85	43714.36
286.92	43601.02
286.99	43534.80
287.05	43518.18
287.12	43534.80
287.19	43584.00
287.25	43656.08
287.32	43723.24
287.39	43795.28
287.45	43862.70
287.52	43917.68
287.59	43960.16
287.65	44009.65
287.72	44053.84
287.79	44091.72
287.86	44130.06
287.92	44161.82
287.99	44195.65
288.06	44230.84
288.12	44258.63
288.19	44295.42
288.26	44322.30
288.32	44332.06
288.39	44321.81
288.46	44306.98
288.52	44267.98
288.59	44197.10
288.66	44088.88
288.72	43953.15
288.79	43802.48
288.86	43639.99
288.92	43537.30
288.99	43481.87
289.06	43496.20
289.12	43559.32
289.19	43677.88
289.26	43800.87
289.32	43941.06
289.39	44081.40
289.45	44212.74
289.52	44306.98
289.59	44376.96
289.65	44414.54
289.72	44408.44
289.79	44404.34
289.85	44390.52
289.92	44366.41
289.99	44326.60
290.05	44275.34
290.12	44184.78
290.19	44110.24
290.25	44049.06
290.32	44017.84
290.39	44031.38
290.45	44052.06
290.52	44057.78
290.59	44039.66
290.65	43975.40
290.72	43861.06
290.79	43763.72
290.85	43719.82
290.92	43736.98
290.98	43823.41
291.05	43951.98
291.12	44101.12
291.18	44238.54
291.25	44356.44
291.32	44452.85
291.38	44555.28
291.45	44654.16
291.52	44733.26
291.58	44796.06
291.65	44833.94
291.72	44839.20
291.78	44795.92
291.85	44716.05
291.91	44606.80
291.98	44522.28
292.05	44438.63
292.11	44365.66
292.18	44296.90
292.25	44222.38
292.31	44127.34
292.38	44042.50
292.45	43981.31
292.51	43947.12
292.58	43948.54
292.64	43989.58
292.71	44041.78
292.78	44131.24
292.84	44247.56
292.91	44377.38
292.98	44504.24
293.04	44646.81
293.11	44766.78
293.17	44872.16
293.24	44980.10
293.31	45070.47
293.37	45157.19
293.44	45215.46
293.51	45251.46
293.57	45267.86
293.64	45256.24
293.70	45192.78
293.77	45079.84
293.84	44909.00
293.90	44708.80
293.97	44512.04
294.04	44363.84
294.10	44279.69
294.17	44274.28
294.23	44307.87
294.30	44342.58
294.37	44351.12
294.43	44361.76
294.50	44341.26
294.56	44316.58
294.63	44322.63
294.70	44380.16
294.76	44476.18
294.83	44622.44
294.90	44801.82
294.96	44981.46
295.03	45155.91
295.09	45308.66
295.16	45455.80
295.23	45568.20
295.29	45677.82
295.36	45758.72
295.42	45823.58
295.49	45855.18
295.56	45874.60
295.62	45870.80
295.69	45824.38
295.75	45733.76
295.82	45612.40
295.89	45433.32
295.95	45222.28
296.02	45018.52
296.08	44823.28
296.15	44641.88
296.22	44520.35
296.28	44454.59
296.35	44454.20
296.41	44519.97
296.48	44648.98
296.55	44834.87
296.61	45036.16
296.68	45245.58
296.74	45452.42
296.81	45634.28
296.88	45778.82
296.94	45887.37
297.01	45975.28
297.07	46054.54
297.14	46156.02
297.20	46259.28
297.27	46373.32
297.34	46483.20
297.40	46580.98
297.47	46634.81
297.53	46648.64
297.60	46655.54
297.67	46611.22
297.73	46522.18
297.80	46374.09
297.86	46167.98
297.93	45893.88
298.00	45614.18
298.06	45357.62
298.13	45180.38
298.19	45097.18
298.26	45095.91
298.32	45163.81
298.39	45250.02
298.46	45338.22
298.52	45437.98
298.59	45557.46
298.65	45695.66
298.72	45864.99
298.78	46043.90
298.85	46216.94
298.92	46382.40
298.98	46530.95
299.05	46657.96
299.11	46780.35
299.18	46900.76
299.24	46991.00
299.31	47072.44
299.38	47140.70
299.44	47179.48
299.51	47205.58
299.57	47237.28
299.64	47242.42
299.70	47239.03
299.77	47202.74
299.84	47102.03
299.90	46915.44
299.97	46610.22
300.03	46206.97
300.10	45818.34
300.16	45496.75
300.23	45295.65
300.30	45268.90
300.36	45388.38
300.43	45579.06
300.49	45801.96
300.56	46034.40
300.62	46243.98
300.69	46446.30
300.75	46628.18
300.82	46801.02
300.89	46945.52
300.95	47078.28
301.02	47182.94
301.08	47281.16
301.15	47370.84
301.21	47447.48
301.28	47520.45
301.34	47606.54
301.41	47664.90
301.48	47708.38
301.54	47739.74
301.61	47763.44
301.67	47741.78
301.74	47703.82
301.80	47611.08
301.87	47465.92
301.93	47248.54
302.00	46980.72
302.06	46676.82
302.13	46381.75
302.20	46136.59
302.26	45974.68
302.33	45903.73
302.39	45918.37
302.46	46001.20
302.52	46121.66
302.59	46271.24
302.65	46443.20
302.72	46614.98
302.78	46777.80
302.85	46941.84
302.91	47072.90
302.98	47183.18
303.05	47275.96
303.11	47366.90
303.18	47447.20
303.24	47518.52
303.31	47581.92
303.37	47635.20
303.44	47673.26
303.50	47686.72
303.57	47682.30
303.63	47665.42
303.70	47651.33
303.76	47611.53
303.83	47565.24
303.89	47522.70
303.96	47435.08
304.03	47300.13
304.09	47121.12
304.16	46870.09
304.22	46552.72
304.29	46268.40
304.35	46038.88
304.42	45903.37
304.48	45868.02
304.55	45946.56
304.61	46056.90
304.68	46188.16
304.74	46320.30
304.81	46473.59
304.87	46596.20
304.94	46709.34
305.00	46805.72
305.07	46873.63
305.13	46903.97
305.20	46933.30
305.26	46961.84
305.33	46995.72
305.39	47030.97
305.46	47053.87
305.52	47078.40
305.59	47084.31
305.66	47065.98
305.72	47047.28
305.79	47015.50
305.85	46967.72
305.92	46887.52
305.98	46748.13
306.05	46539.41
306.11	46306.76
306.18	46040.52
306.24	45789.70
306.31	45572.76
306.37	45373.82
306.44	45195.16
306.50	45056.72
306.57	44963.47
306.63	44952.28
306.70	45031.96
306.76	45175.78
306.83	45335.24
306.89	45494.96
306.96	45617.26
307.02	45708.37
307.09	45789.52
307.15	45851.70
307.22	45893.62
307.28	45923.53
307.35	45939.85
307.41	45915.58
307.48	45895.13
307.54	45883.97
307.61	45864.82
307.67	45835.20
307.74	45812.52
307.80	45782.06
307.87	45729.38
307.93	45677.46
308.00	45631.60
308.06	45580.70
308.13	45501.19
308.19	45424.41
308.26	45333.10
308.32	45226.56
308.38	45123.08
308.45	45004.96
308.51	44872.35
308.58	44709.76
308.64	44542.02
308.71	44370.06
308.77	44258.12
308.84	44178.60
308.90	44174.36
308.97	44202.62
309.03	44254.20
309.10	44312.40
309.16	44363.88
309.23	44389.46
309.29	44404.88
309.36	44408.20
309.42	44394.78
309.49	44385.72
309.55	44374.30
309.62	44348.60
309.68	44319.59
309.75	44274.81
309.81	44217.60
309.88	44159.66
309.94	44101.98
310.00	44042.66
310.07	43974.62
310.13	43908.56
310.20	43834.70
310.26	43766.70
310.33	43689.30
310.39	43628.87
310.46	43565.16
310.52	43485.64
310.59	43388.24
310.65	43275.60
310.72	43145.42
310.78	43019.04
310.85	42911.78
310.91	42836.30
310.97	42812.03
311.04	42791.69
311.10	42775.30
311.17	42764.47
311.23	42752.46
311.30	42720.72
311.36	42710.82
311.43	42711.69
311.49	42711.50
311.56	42704.30
311.62	42704.20
311.69	42696.42
311.75	42680.88
311.81	42646.08
311.88	42605.38
311.94	42544.48
312.01	42495.76
312.07	42435.02
312.14	42391.84
312.20	42348.78
312.27	42308.80
312.33	42251.34
312.40	42194.69
312.46	42126.74
312.52	42062.26
312.59	41995.22
312.65	41929.60
312.72	41852.34
312.78	41770.68
312.85	41681.14
312.91	41587.30
312.98	41488.45
313.04	41390.09
313.10	41294.70
313.17	41208.72
313.23	41144.02
313.30	41090.56
313.36	41049.30
313.43	41020.06
313.49	41003.10
313.56	40977.46
313.62	40945.72
313.68	40922.30
313.75	40905.84
313.81	40865.20
313.88	40822.66
313.94	40787.22
314.01	40750.90
314.07	40700.02
314.13	40667.96
314.20	40641.08
314.26	40610.02
314.33	40561.41
314.39	40529.58
314.46	40474.28
314.52	40419.23
314.58	40349.96
314.65	40281.60
314.71	40206.65
314.78	40139.60
314.84	40067.44
314.91	40012.02
314.97	39964.40
315.03	39909.74
315.10	39860.44
315.16	39795.13
315.23	39737.92
315.29	39683.65
315.36	39623.86
315.42	39572.87
315.48	39531.40
315.55	39470.41
315.61	39403.69
315.68	39349.88
315.74	39282.24
315.81	39218.63
315.87	39176.04
315.93	39156.26
316.00	39142.96
316.06	39140.72
316.13	39143.48
316.19	39114.06
316.25	39030.18
316.32	38902.34
316.38	38736.66
316.45	38533.62
316.51	38304.50
316.58	38077.47
316.64	37833.24
316.70	37595.46
316.77	37341.56
316.83	37094.85
316.90	36839.92
316.96	36588.69
317.02	36323.65
317.09	36072.46
317.15	35813.32
317.22	35552.03
317.28	35298.02
317.34	35040.06
317.41	34782.91
317.47	34535.97
317.54	34297.66
317.60	34050.78
317.66	33795.62
317.73	33542.87
317.79	33281.37
317.86	33001.44
317.92	32735.14
317.98	32469.36
318.05	32181.44
318.11	31901.82
318.18	31630.95
318.24	31354.58
318.30	31079.31
318.37	30806.84
318.43	30521.90
318.50	30238.00
318.56	29950.39
318.62	29678.28
318.69	29415.28
318.75	29149.22
318.82	28873.75
318.88	28596.60
318.94	28313.42
319.01	28035.77
319.07	27765.49
319.13	27496.77
319.20	27228.98
319.26	26941.24
319.33	26652.90
319.39	26353.02
319.45	26073.36
319.52	25783.62
319.58	25505.30
319.65	25221.50
319.71	24943.86
319.77	24642.58
319.84	24363.00
319.90	24082.88
319.96	23795.70
320.03	23510.94
320.09	23238.30
320.16	22947.58
320.22	22659.02
320.28	22367.20
320.35	22079.39
320.41	21788.58
320.47	21503.62
320.54	21223.44
320.60	20950.30
320.67	20679.08
320.73	20406.34
320.79	20123.36
320.86	19840.66
320.92	19546.18
320.98	19249.70
321.05	18943.66
321.11	18651.06
321.18	18356.88
321.24	18075.44
321.30	17795.44
321.37	17531.14
321.43	17262.74
321.49	16983.28
321.56	16709.80
321.62	16438.66
321.68	16156.41
321.75	15876.04
321.81	15601.74
321.88	15318.51
321.94	15035.17
322.00	14753.02
322.07	14462.81
322.13	14179.68
322.19	13896.14
322.26	13607.61
322.32	13328.98
322.38	13055.78
322.45	12783.58
322.51	12504.41
322.58	12244.11
322.64	11967.28
322.70	11695.66
322.77	11426.05
322.83	11166.64
322.89	10882.98
322.96	10612.96
323.02	10343.30
323.08	10070.28
323.15	9799.92
323.21	9542.22
323.27	9282.89
323.34	9028.91
323.40	8778.88
323.46	8527.36
323.53	8167.69
323.59	7054.35
323.65	5456.70
323.72	3780.43
323.78	2160.89
323.85	697.09
323.91	42.14
323.97	-82.96
324.04	-81.66
