180.21	3368.35
180.28	-116.05
180.36	625.01
180.44	-42.41
180.51	-13.85
180.59	7.88
180.66	35.32
180.74	31.64
180.81	29.50
180.89	32.30
180.97	33.22
181.04	29.67
181.12	28.45
181.19	28.93
181.27	29.02
181.34	47.38
181.42	54.69
181.50	63.13
181.57	75.45
181.65	81.23
181.72	74.56
181.80	69.77
181.87	69.65
181.95	69.90
182.03	68.29
182.10	69.63
182.18	71.47
182.25	76.95
182.33	75.81
182.40	82.74
182.48	78.91
182.55	90.00
182.63	93.35
182.71	95.83
182.78	97.25
182.86	103.41
182.93	100.52
183.01	102.99
183.08	103.69
183.16	109.40
183.23	105.70
183.31	111.68
183.39	111.23
183.46	120.39
183.54	115.46
183.61	123.33
183.69	125.77
183.76	136.03
183.84	136.47
183.91	138.49
183.99	149.05
184.06	151.27
184.14	154.65
184.22	158.20
184.29	162.21
184.37	159.54
184.44	154.50
184.52	142.98
184.59	140.27
184.67	143.93
184.74	137.72
184.82	150.07
184.89	163.08
184.97	172.89
185.04	181.42
185.12	191.18
185.20	198.94
185.27	208.45
185.35	218.10
185.42	217.95
185.50	231.71
185.57	234.43
185.65	240.42
185.72	241.31
185.80	251.60
185.87	248.91
185.95	246.97
186.02	248.53
186.10	248.39
186.17	247.58
186.25	248.35
186.33	241.56
186.40	234.60
186.48	234.13
186.55	238.75
186.63	243.26
186.70	271.68
186.78	288.76
186.85	309.81
186.93	322.56
187.00	340.04
187.08	339.88
187.15	352.81
187.23	360.42
187.30	371.20
187.38	384.61
187.45	403.95
187.53	418.59
187.60	425.44
187.68	434.17
187.75	445.39
187.83	452.35
187.90	448.86
187.98	450.56
188.05	452.40
188.13	435.49
188.21	412.99
188.28	410.05
188.36	405.45
188.43	406.00
188.51	422.32
188.58	453.16
188.66	464.36
188.73	483.57
188.81	509.19
188.88	524.45
188.96	538.69
189.03	567.26
189.11	593.80
189.18	608.40
189.26	628.78
189.33	654.82
189.41	681.08
189.48	700.86
189.56	723.07
189.63	741.72
189.71	741.00
189.78	722.37
189.86	701.95
189.93	684.80
190.01	658.84
190.08	641.99
190.16	629.42
190.23	612.49
190.31	603.28
190.38	601.07
190.46	609.83
190.53	634.43
190.61	682.07
190.68	713.32
190.76	763.10
190.83	802.36
190.91	832.37
190.98	848.06
191.06	874.46
191.13	889.26
191.21	902.29
191.28	906.83
191.35	911.68
191.43	909.53
191.50	899.45
191.58	897.14
191.65	905.88
191.73	913.41
191.80	925.55
191.88	933.38
191.95	935.85
192.03	939.31
192.10	948.78
192.18	957.08
192.25	974.27
192.33	982.17
192.40	981.87
192.48	976.57
192.55	971.62
192.63	960.46
192.70	963.85
192.78	973.73
192.85	993.88
192.93	1008.01
193.00	1013.36
193.08	1007.36
193.15	1001.11
193.22	994.94
193.30	1002.07
193.37	1043.15
193.45	1083.60
193.52	1135.30
193.60	1187.65
193.67	1228.77
193.75	1253.13
193.82	1285.73
193.90	1298.74
193.97	1301.81
194.05	1299.61
194.12	1285.54
194.20	1266.58
194.27	1243.86
194.34	1209.75
194.42	1175.20
194.49	1155.32
194.57	1138.75
194.64	1121.00
194.72	1112.11
194.79	1115.17
194.87	1127.16
194.94	1161.02
195.02	1217.71
195.09	1288.22
195.17	1361.20
195.24	1425.02
195.31	1472.23
195.39	1502.94
195.46	1519.27
195.54	1531.71
195.61	1530.83
195.69	1511.94
195.76	1481.64
195.84	1442.96
195.91	1370.07
195.99	1289.83
196.06	1220.09
196.13	1181.36
196.21	1166.36
196.28	1200.19
196.36	1268.11
196.43	1350.84
196.51	1431.84
196.58	1511.68
196.66	1576.12
196.73	1621.80
196.80	1652.78
196.88	1669.91
196.95	1678.89
197.03	1674.29
197.10	1657.14
197.18	1628.53
197.25	1579.96
197.33	1509.45
197.40	1439.18
197.47	1362.92
197.55	1306.91
197.62	1275.03
197.70	1273.85
197.77	1299.53
197.85	1361.42
197.92	1430.16
197.99	1515.02
198.07	1608.45
198.14	1692.62
198.22	1771.82
198.29	1836.48
198.37	1884.62
198.44	1912.96
198.51	1924.63
198.59	1911.60
198.66	1885.83
198.74	1834.91
198.81	1753.32
198.89	1652.08
198.96	1554.86
199.03	1459.80
199.11	1394.16
199.18	1369.06
199.26	1394.11
199.33	1453.05
199.41	1547.74
199.48	1649.37
199.55	1758.65
199.63	1847.62
199.70	1930.32
199.78	1994.01
199.85	2048.61
199.93	2089.37
200.00	2128.61
200.07	2134.84
200.15	2124.28
200.22	2087.94
200.30	2010.01
200.37	1896.56
200.44	1757.93
200.52	1627.04
200.59	1536.13
200.67	1499.45
200.74	1515.94
200.81	1591.63
200.89	1687.17
200.96	1785.67
201.04	1883.73
201.11	1989.25
201.19	2090.67
201.26	2183.66
201.33	2261.07
201.41	2325.11
201.48	2363.51
201.56	2374.94
201.63	2372.84
201.70	2336.63
201.78	2269.52
201.85	2168.62
201.93	2051.35
202.00	1932.37
202.07	1837.41
202.15	1756.40
202.22	1719.25
202.30	1739.77
202.37	1799.89
202.44	1896.57
202.52	2032.19
202.59	2182.06
202.67	2315.07
202.74	2436.63
202.81	2535.30
202.89	2622.59
202.96	2706.71
203.04	2781.10
203.11	2826.68
203.18	2848.93
203.26	2836.81
203.33	2770.24
203.41	2654.73
203.48	2501.29
203.55	2299.75
203.63	2111.32
203.70	1984.45
203.77	1938.34
203.85	1976.39
203.92	2105.16
204.00	2282.86
204.07	2458.26
204.14	2625.25
204.22	2773.13
204.29	2921.52
204.37	3046.55
204.44	3155.71
204.51	3249.71
204.59	3314.51
204.66	3335.97
204.73	3328.04
204.81	3282.81
204.88	3199.22
204.96	3068.66
205.03	2894.00
205.10	2706.50
205.18	2547.17
205.25	2410.73
205.32	2344.48
205.40	2364.81
205.47	2455.26
205.55	2590.13
205.62	2777.13
205.69	2995.92
205.77	3215.32
205.84	3420.86
205.91	3602.92
205.99	3754.64
206.06	3878.99
206.14	3988.35
206.21	4090.53
206.28	4161.48
206.36	4208.38
206.43	4202.58
206.50	4141.74
206.58	3998.98
206.65	3789.99
206.72	3510.54
206.80	3222.43
206.87	2977.09
206.95	2842.18
207.02	2846.24
207.09	2985.54
207.17	3224.15
207.24	3508.14
207.31	3793.33
207.39	4055.91
207.46	4297.94
207.53	4520.06
207.61	4725.93
207.68	4905.98
207.75	5068.98
207.83	5200.91
207.90	5290.22
207.98	5323.27
208.05	5302.32
208.12	5203.96
208.20	5035.34
208.27	4790.46
208.34	4482.12
208.42	4160.52
208.49	3914.27
208.56	3761.38
208.64	3748.00
208.71	3869.84
208.78	4074.06
208.86	4325.19
208.93	4604.77
209.00	4889.18
209.08	5182.86
209.15	5483.08
209.22	5764.68
209.30	6020.32
209.37	6244.62
209.44	6432.99
209.52	6595.86
209.59	6707.49
209.67	6779.60
209.74	6779.99
209.81	6704.53
209.89	6517.32
209.96	6235.92
210.03	5870.04
210.11	5516.75
210.18	5203.87
210.25	5000.92
210.33	4953.54
210.40	5071.68
210.47	5312.61
210.55	5641.24
210.62	6019.24
210.69	6391.51
210.77	6758.63
210.84	7083.07
210.91	7398.19
210.99	7671.70
211.06	7936.46
211.13	8175.23
211.21	8395.61
211.28	8564.71
211.35	8689.07
211.42	8725.03
211.50	8652.19
211.57	8455.09
211.64	8144.09
211.72	7725.04
211.79	7272.97
211.86	6920.78
211.94	6761.27
212.01	6785.62
212.08	7017.09
212.16	7389.42
212.23	7786.28
212.30	8145.97
212.38	8470.72
212.45	8765.07
212.52	9039.29
212.60	9298.42
212.67	9564.17
212.74	9834.99
212.82	10104.05
212.89	10371.96
212.96	10612.28
213.03	10781.34
213.11	10868.14
213.18	10842.81
213.25	10702.48
213.33	10439.89
213.40	10077.16
213.47	9718.66
213.55	9434.51
213.62	9254.25
213.69	9250.36
213.77	9425.03
213.84	9712.42
213.91	10070.22
213.98	10456.37
214.06	10811.09
214.13	11134.37
214.20	11410.92
214.28	11681.07
214.35	11964.41
214.42	12282.43
214.50	12620.24
214.57	12964.56
214.64	13274.35
214.72	13528.38
214.79	13711.96
214.86	13797.51
214.93	13771.68
215.01	13628.63
215.08	13353.00
215.15	12953.06
215.23	12498.48
215.30	12133.16
215.37	11951.38
215.44	12020.79
215.52	12322.04
215.59	12802.09
215.66	13339.50
215.74	13833.12
215.81	14247.75
215.88	14632.90
215.95	14991.31
216.03	15331.40
216.10	15665.59
216.17	15983.12
216.25	16262.73
216.32	16496.70
216.39	16681.62
216.46	16823.25
216.54	16918.35
216.61	16956.38
216.68	16915.29
216.76	16790.11
216.83	16542.03
216.90	16182.64
216.97	15806.35
217.05	15537.92
217.12	15430.28
217.19	15532.80
217.27	15858.94
217.34	16339.46
217.41	16876.84
217.48	17414.19
217.56	17929.77
217.63	18406.97
217.70	18804.58
217.78	19146.47
217.85	19431.78
217.92	19676.55
217.99	19884.89
218.07	20078.55
218.14	20250.65
218.21	20431.35
218.28	20614.40
218.36	20777.76
218.43	20884.27
218.50	20913.04
218.57	20798.14
218.65	20521.32
218.72	20109.57
218.79	19682.26
218.87	19346.36
218.94	19225.72
219.01	19348.10
219.08	19720.21
219.16	20249.77
219.23	20837.21
219.30	21385.77
219.37	21876.76
219.45	22304.26
219.52	22685.08
219.59	23027.38
219.66	23344.98
219.74	23647.68
219.81	23951.48
219.88	24229.14
219.95	24485.97
220.03	24727.20
220.10	24947.63
220.17	25096.43
220.24	25174.86
220.32	25143.61
220.39	24986.83
220.46	24699.32
220.53	24321.79
220.61	23938.85
220.68	23682.65
220.75	23627.12
220.82	23784.21
220.90	24115.87
220.97	24558.44
221.04	24998.52
221.11	25392.79
221.19	25749.68
221.26	26097.50
221.33	26436.27
221.40	26777.91
221.48	27123.14
221.55	27443.92
221.62	27749.45
221.69	28040.88
221.77	28306.30
221.84	28534.20
221.91	28727.11
221.98	28873.06
222.06	28957.26
222.13	28988.23
222.20	28941.95
222.27	28836.38
222.35	28675.67
222.42	28516.57
222.49	28399.86
222.56	28377.32
222.63	28446.17
222.71	28604.91
222.78	28812.67
222.85	29027.90
222.92	29259.10
223.00	29488.70
223.07	29742.24
223.14	30006.85
223.21	30299.77
223.29	30581.77
223.36	30884.17
223.43	31178.96
223.50	31472.68
223.57	31737.17
223.65	31980.77
223.72	32160.80
223.79	32293.79
223.86	32361.93
223.94	32377.75
224.01	32378.52
224.08	32378.10
224.15	32351.86
224.22	32339.21
224.30	32338.54
224.37	32362.33
224.44	32422.93
224.51	32527.89
224.59	32661.03
224.66	32839.84
224.73	33020.20
224.80	33208.86
224.87	33419.92
224.95	33645.60
225.02	33885.09
225.09	34123.81
225.16	34350.84
225.23	34558.12
225.31	34759.63
225.38	34922.76
225.45	35062.43
225.52	35184.52
225.60	35268.78
225.67	35291.15
225.74	35283.76
225.81	35251.84
225.88	35205.53
225.96	35205.99
226.03	35269.92
226.10	35384.81
226.17	35540.90
226.24	35721.07
226.32	35900.06
226.39	36068.27
226.46	36242.69
226.53	36421.11
226.60	36610.94
226.68	36787.57
226.75	36966.61
226.82	37127.87
226.89	37274.99
226.96	37399.62
227.04	37506.79
227.11	37598.09
227.18	37687.28
227.25	37756.63
227.32	37820.07
227.40	37895.66
227.47	37956.39
227.54	37999.02
227.61	38017.34
227.68	38015.66
227.76	37988.77
227.83	37976.07
227.90	38006.98
227.97	38087.83
228.04	38202.58
228.11	38350.10
228.19	38503.19
228.26	38652.75
228.33	38797.97
228.40	38941.68
228.47	39078.35
228.55	39224.28
228.62	39347.18
228.69	39454.11
228.76	39561.59
228.83	39654.58
228.90	39744.33
228.98	39834.96
229.05	39938.43
229.12	40049.79
229.19	40155.92
229.26	40265.37
229.34	40361.60
229.41	40438.17
229.48	40484.59
229.55	40523.61
229.62	40534.19
229.69	40538.83
229.77	40534.96
229.84	40542.05
229.91	40562.13
229.98	40595.49
230.05	40652.21
230.12	40736.09
230.20	40839.16
230.27	40943.06
230.34	41064.45
230.41	41176.48
230.48	41273.95
230.55	41363.57
230.63	41467.05
230.70	41548.73
230.77	41604.32
230.84	41658.93
230.91	41696.66
230.98	41735.36
231.06	41781.36
231.13	41872.57
231.20	41971.66
231.27	42089.98
231.34	42195.71
231.41	42289.46
231.49	42362.58
231.56	42420.94
231.63	42474.65
231.70	42521.17
231.77	42562.62
231.84	42594.11
231.92	42626.47
231.99	42647.83
232.06	42673.30
232.13	42713.02
232.20	42766.89
232.27	42829.46
232.34	42890.08
232.42	42936.34
232.49	42984.79
232.56	43038.61
232.63	43091.47
232.70	43142.33
232.77	43209.84
232.85	43262.85
232.92	43304.76
232.99	43357.10
233.06	43414.58
233.13	43463.04
233.20	43508.88
233.27	43550.89
233.35	43574.29
233.42	43589.54
233.49	43620.19
233.56	43654.89
233.63	43697.90
233.70	43739.90
233.77	43787.63
233.85	43829.59
233.92	43885.04
233.99	43929.64
234.06	43976.96
234.13	44020.39
234.20	44065.48
234.27	44096.57
234.35	44128.91
234.42	44160.08
234.49	44185.65
234.56	44202.31
234.63	44210.64
234.70	44214.43
234.77	44216.28
234.84	44208.03
234.92	44195.36
234.99	44202.45
235.06	44213.51
235.13	44235.91
235.20	44275.95
235.27	44324.95
235.34	44358.73
235.41	44405.80
235.49	44439.62
235.56	44475.47
235.63	44502.77
235.70	44535.13
235.77	44543.23
235.84	44560.48
235.91	44555.04
235.98	44548.97
236.06	44547.58
236.13	44549.02
236.20	44553.28
236.27	44555.10
236.34	44581.92
236.41	44590.41
236.48	44606.72
236.55	44606.80
236.63	44621.38
236.70	44612.73
236.77	44617.21
236.84	44637.67
236.91	44660.96
236.98	44680.81
237.05	44695.48
237.12	44715.39
237.19	44716.07
237.27	44722.51
237.34	44738.23
237.41	44750.81
237.48	44752.35
237.55	44757.44
237.62	44759.96
237.69	44756.63
237.76	44779.70
237.83	44810.05
237.91	44835.53
237.98	44853.71
238.05	44875.48
238.12	44885.63
238.19	44888.02
238.26	44895.54
238.33	44905.45
238.40	44906.52
238.47	44890.57
238.54	44895.44
238.62	44888.63
238.69	44890.58
238.76	44882.92
238.83	44883.34
238.90	44881.51
238.97	44880.92
239.04	44891.48
239.11	44916.82
239.18	44955.64
239.25	44973.43
239.33	44969.70
239.40	44965.18
239.47	44946.84
239.54	44923.04
239.61	44900.34
239.68	44893.53
239.75	44877.63
239.82	44880.30
239.89	44879.86
239.96	44880.67
240.03	44894.24
240.11	44906.44
240.18	44909.02
240.25	44907.37
240.32	44915.80
240.39	44937.03
240.46	44950.82
240.53	44989.19
240.60	45040.23
240.67	45076.15
240.74	45103.14
240.81	45135.76
240.88	45141.33
240.96	45131.44
241.03	45138.02
241.10	45134.35
241.17	45129.66
241.24	45143.39
241.31	45164.01
241.38	45168.63
241.45	45177.30
241.52	45189.82
241.59	45190.96
241.66	45188.43
241.73	45207.77
241.80	45222.54
241.88	45240.90
241.95	45252.34
242.02	45274.63
242.09	45258.97
242.16	45251.41
242.23	45254.98
242.30	45270.88
242.37	45260.69
242.44	45300.15
242.51	45311.65
242.58	45308.16
242.65	45307.67
242.72	45333.14
242.79	45331.56
242.87	45370.72
242.94	45387.11
243.01	45416.51
243.08	45443.90
243.15	45469.20
243.22	45488.79
243.29	45528.21
243.36	45550.18
243.43	45572.59
243.50	45616.77
243.57	45647.12
243.64	45686.53
243.71	45722.40
243.78	45759.25
243.85	45784.19
243.92	45799.62
243.99	45806.13
244.07	45819.26
244.14	45816.68
244.21	45811.91
244.28	45830.32
244.35	45848.26
244.42	45864.71
244.49	45884.59
244.56	45915.17
244.63	45940.74
244.70	45959.74
244.77	45975.75
244.84	46006.53
244.91	46037.29
244.98	46061.81
245.05	46102.67
245.12	46150.76
245.19	46193.47
245.26	46218.82
245.33	46260.97
245.40	46304.90
245.47	46344.57
245.55	46385.33
245.62	46437.79
245.69	46468.85
245.76	46510.44
245.83	46563.23
245.90	46612.13
245.97	46649.98
246.04	46709.51
246.11	46749.15
246.18	46768.84
246.25	46778.24
246.32	46792.93
246.39	46803.60
246.46	46830.76
246.53	46882.26
246.60	46944.08
246.67	46999.65
246.74	47053.89
246.81	47114.98
246.88	47161.96
246.95	47205.93
247.02	47260.28
247.09	47301.38
247.16	47326.15
247.23	47339.84
247.30	47348.15
247.37	47352.71
247.44	47376.06
247.51	47396.12
247.58	47444.35
247.66	47504.69
247.73	47575.36
247.80	47638.04
247.87	47698.96
247.94	47763.91
248.01	47840.60
248.08	47908.93
248.15	47963.02
248.22	48032.36
248.29	48086.52
248.36	48119.71
248.43	48162.94
248.50	48223.41
248.57	48271.15
248.64	48314.75
248.71	48384.33
248.78	48456.76
248.85	48507.63
248.92	48569.78
248.99	48628.16
249.06	48669.35
249.13	48689.45
249.20	48727.37
249.27	48755.33
249.34	48787.69
249.41	48811.89
249.48	48832.84
249.55	48867.43
249.62	48894.94
249.69	48906.15
249.76	48934.11
249.83	48972.91
249.90	49023.36
249.97	49090.64
250.04	49179.53
250.11	49281.06
250.18	49375.99
250.25	49453.34
250.32	49510.83
250.39	49569.65
250.46	49615.91
250.53	49668.39
250.60	49718.71
250.67	49788.48
250.74	49860.85
250.81	49907.29
250.88	49953.90
250.95	49994.59
251.02	50026.81
251.09	50043.52
251.16	50074.37
251.23	50108.03
251.30	50145.59
251.37	50177.03
251.44	50228.46
251.51	50279.91
251.58	50331.45
251.65	50390.19
251.72	50451.38
251.79	50503.43
251.86	50569.34
251.93	50618.17
252.00	50648.29
252.07	50669.26
252.14	50693.83
252.21	50708.40
252.28	50743.66
252.35	50789.55
252.42	50859.09
252.49	50919.44
252.56	50972.15
252.63	51026.37
252.70	51076.91
252.77	51125.79
252.84	51182.95
252.91	51244.51
252.98	51296.29
253.05	51344.98
253.12	51380.99
253.19	51405.21
253.25	51440.53
253.32	51467.58
253.39	51507.30
253.46	51550.58
253.53	51593.93
253.60	51601.40
253.67	51620.97
253.74	51643.36
253.81	51680.39
253.88	51720.69
253.95	51791.77
254.02	51853.18
254.09	51901.56
254.16	51939.73
254.23	51968.72
254.30	51983.43
254.37	52011.32
254.44	52048.11
254.51	52077.05
254.58	52109.83
254.65	52153.18
254.72	52191.29
254.79	52210.88
254.86	52239.36
254.93	52260.25
255.00	52284.94
255.07	52315.44
255.14	52372.15
255.21	52403.03
255.28	52417.47
255.34	52414.51
255.41	52401.94
255.48	52381.15
255.55	52372.05
255.62	52396.92
255.69	52438.70
255.76	52481.82
255.83	52525.52
255.90	52571.08
255.97	52623.61
256.04	52662.12
256.11	52703.95
256.18	52747.81
256.25	52800.38
256.32	52830.56
256.39	52876.19
256.46	52913.80
256.53	52944.11
256.60	52986.88
256.67	53041.72
256.74	53072.96
256.80	53105.28
256.87	53120.39
256.94	53114.63
257.01	53095.63
257.08	53103.94
257.15	53114.46
257.22	53128.36
257.29	53119.68
257.36	53111.66
257.43	53076.95
257.50	53040.29
257.57	53015.71
257.64	53034.27
257.71	53050.13
257.78	53097.33
257.85	53147.71
257.92	53212.39
257.98	53259.35
258.05	53315.20
258.12	53328.25
258.19	53320.12
258.26	53272.79
258.33	53213.09
258.40	53163.31
258.47	53135.05
258.54	53127.78
258.61	53152.11
258.68	53200.93
258.75	53245.74
258.82	53305.14
258.89	53350.43
258.95	53388.66
259.02	53397.29
259.09	53386.49
259.16	53359.33
259.23	53332.80
259.30	53297.08
259.37	53282.15
259.44	53282.83
259.51	53281.80
259.58	53296.86
259.65	53309.45
259.72	53326.66
259.79	53314.04
259.85	53294.24
259.92	53261.51
259.99	53259.13
260.06	53253.02
260.13	53264.41
260.20	53281.38
260.27	53283.28
260.34	53254.31
260.41	53231.95
260.48	53210.54
260.55	53196.94
260.62	53208.55
260.68	53207.76
260.75	53192.60
260.82	53179.11
260.89	53181.66
260.96	53181.43
261.03	53191.40
261.10	53184.26
261.17	53163.91
261.24	53102.85
261.31	53024.42
261.38	52956.05
261.44	52890.32
261.51	52846.47
261.58	52843.01
261.65	52858.26
261.72	52862.17
261.79	52882.19
261.86	52877.81
261.93	52851.79
262.00	52809.29
262.07	52763.33
262.13	52726.65
262.20	52711.65
262.27	52692.76
262.34	52705.18
262.41	52728.64
262.48	52740.09
262.55	52746.48
262.62	52759.25
262.69	52751.02
262.76	52730.31
262.82	52707.01
262.89	52696.25
262.96	52682.75
263.03	52670.70
263.10	52676.08
263.17	52662.42
263.24	52632.30
263.31	52616.03
263.38	52611.66
263.44	52622.14
263.51	52634.50
263.58	52649.19
263.65	52618.61
263.72	52552.04
263.79	52442.96
263.86	52360.36
263.93	52291.08
264.00	52266.58
264.06	52260.95
264.13	52278.55
264.20	52265.99
264.27	52222.79
264.34	52166.89
264.41	52096.67
264.48	52025.63
264.55	51962.49
264.61	51894.69
264.68	51824.71
264.75	51769.20
264.82	51706.33
264.89	51667.68
264.96	51655.19
265.03	51651.45
265.10	51661.99
265.16	51665.57
265.23	51642.70
265.30	51617.70
265.37	51582.47
265.44	51529.62
265.51	51504.03
265.58	51513.12
265.65	51528.16
265.71	51554.05
265.78	51580.72
265.85	51577.72
265.92	51518.95
265.99	51437.02
266.06	51329.76
266.13	51220.07
266.20	51126.61
266.26	51066.67
266.33	51027.46
266.40	50994.98
266.47	50971.63
266.54	50931.64
266.61	50908.80
266.68	50885.18
266.74	50864.43
266.81	50832.06
266.88	50782.51
266.95	50691.49
267.02	50600.30
267.09	50533.08
267.16	50481.01
267.22	50472.38
267.29	50499.64
267.36	50534.48
267.43	50562.63
267.50	50576.97
267.57	50577.35
267.64	50527.61
267.70	50467.69
267.77	50393.48
267.84	50329.95
267.91	50283.17
267.98	50288.88
268.05	50300.50
268.11	50313.31
268.18	50307.34
268.25	50261.79
268.32	50170.62
268.39	50056.96
268.46	49915.21
268.53	49771.73
268.59	49635.63
268.66	49537.78
268.73	49460.76
268.80	49444.16
268.87	49471.14
268.94	49543.53
269.00	49617.27
269.07	49696.55
269.14	49737.34
269.21	49739.69
269.28	49682.45
269.35	49613.81
269.41	49546.81
269.48	49495.51
269.55	49457.85
269.62	49465.67
269.69	49479.78
269.76	49469.82
269.82	49445.37
269.89	49415.18
269.96	49362.81
270.03	49307.56
270.10	49238.98
270.17	49152.74
270.23	49080.39
270.30	49015.50
270.37	48979.39
270.44	48982.17
270.51	49002.68
270.58	49018.26
270.64	49026.45
270.71	49005.62
270.78	48984.05
270.85	48978.59
270.92	48972.44
270.99	48966.23
271.05	48949.70
271.12	48892.47
271.19	48809.41
271.26	48711.30
271.33	48633.40
271.39	48569.31
271.46	48509.93
271.53	48469.98
271.60	48453.83
271.67	48421.68
271.74	48380.22
271.80	48358.13
271.87	48342.70
271.94	48300.75
272.01	48259.50
272.08	48226.20
272.14	48194.83
272.21	48154.16
272.28	48130.51
272.35	48109.62
272.42	48086.46
272.48	48072.20
272.55	48068.12
272.62	48065.83
272.69	48058.43
272.76	48069.57
272.83	48060.57
272.89	48037.87
272.96	48002.24
273.03	47980.98
273.10	47945.43
273.17	47924.51
273.23	47888.32
273.30	47840.45
273.37	47758.96
273.44	47665.64
273.51	47557.85
273.57	47487.71
273.64	47450.27
273.71	47448.19
273.78	47456.77
273.85	47491.18
273.91	47529.67
273.98	47588.57
274.05	47661.69
274.12	47756.03
274.19	47854.31
274.25	47931.72
274.32	47966.22
274.39	47958.60
274.46	47902.01
274.53	47802.22
274.59	47672.98
274.66	47549.83
274.73	47437.43
274.80	47344.02
274.86	47273.42
274.93	47244.48
275.00	47227.03
275.07	47210.91
275.14	47189.25
275.20	47176.10
275.27	47148.29
275.34	47116.97
275.41	47087.70
275.48	47085.69
275.54	47094.29
275.61	47112.98
275.68	47127.13
275.75	47143.95
275.81	47134.79
275.88	47113.35
275.95	47097.88
276.02	47094.79
276.09	47101.70
276.15	47115.39
276.22	47121.84
276.29	47109.07
276.36	47044.94
276.42	46944.30
276.49	46836.82
276.56	46718.37
276.63	46617.62
276.70	46552.67
276.76	46548.55
276.83	46568.38
276.90	46615.80
276.97	46651.97
277.03	46697.05
277.10	46687.29
277.17	46640.46
277.24	46575.76
277.30	46528.64
277.37	46487.37
277.44	46494.52
277.51	46525.09
277.58	46568.87
277.64	46590.10
277.71	46585.06
277.78	46515.10
277.85	46413.81
277.91	46285.06
277.98	46158.46
278.05	46046.60
278.12	45982.62
278.18	45956.36
278.25	45966.59
278.32	46018.16
278.39	46091.04
278.45	46179.85
278.52	46278.45
278.59	46375.07
278.66	46441.48
278.72	46472.60
278.79	46440.40
278.86	46352.07
278.93	46212.61
278.99	46031.63
279.06	45873.02
279.13	45769.70
279.20	45739.76
279.26	45780.18
279.33	45885.55
279.40	46017.21
279.47	46136.24
279.53	46214.48
279.60	46215.29
279.67	46110.77
279.74	45909.78
279.80	45681.72
279.87	45461.50
279.94	45290.94
280.01	45224.65
280.07	45238.87
280.14	45295.61
280.21	45349.98
280.28	45400.74
280.34	45433.12
280.41	45465.20
280.48	45476.40
280.55	45503.16
280.61	45528.47
280.68	45549.16
280.75	45557.05
280.82	45579.05
280.88	45591.54
280.95	45585.17
281.02	45555.78
281.08	45480.79
281.15	45383.34
281.22	45273.76
281.29	45162.69
281.35	45026.38
281.42	44910.61
281.49	44768.55
281.56	44637.45
281.62	44519.48
281.69	44436.61
281.76	44368.03
281.82	44325.15
281.89	44300.23
281.96	44295.35
282.03	44304.33
282.09	44326.99
282.16	44385.49
282.23	44444.74
282.30	44508.07
282.36	44596.08
282.43	44676.59
282.50	44749.36
282.56	44792.01
282.63	44832.73
282.70	44845.70
282.77	44876.22
282.83	44899.98
282.90	44933.25
282.97	44927.98
283.03	44875.70
283.10	44745.50
283.17	44554.12
283.24	44325.51
283.30	44101.80
283.37	43931.40
283.44	43831.81
283.50	43791.05
283.57	43794.90
283.64	43825.58
283.71	43856.75
283.77	43889.39
283.84	43934.30
283.91	43977.32
283.97	44019.26
284.04	44091.74
284.11	44161.75
284.18	44219.39
284.24	44271.89
284.31	44302.08
284.38	44285.76
284.44	44254.35
284.51	44216.58
284.58	44192.04
284.64	44182.85
284.71	44168.16
284.78	44127.60
284.85	44075.29
284.91	44007.79
284.98	43930.54
285.05	43834.19
285.11	43736.78
285.18	43620.13
285.25	43475.29
285.31	43345.24
285.38	43259.58
285.45	43232.53
285.52	43262.97
285.58	43347.01
285.65	43454.31
285.72	43552.32
285.78	43644.98
285.85	43724.02
285.92	43794.33
285.98	43866.78
286.05	43946.15
286.12	44023.25
286.18	44102.66
286.25	44183.77
286.32	44233.73
286.39	44278.41
286.45	44282.13
286.52	44223.24
286.59	44102.50
286.65	43928.31
286.72	43704.37
286.79	43482.16
286.85	43301.87
286.92	43168.65
286.99	43103.43
287.05	43081.43
287.12	43104.31
287.19	43166.51
287.25	43249.88
287.32	43329.05
287.39	43421.88
287.45	43497.25
287.52	43544.90
287.59	43597.60
287.65	43659.23
287.72	43705.95
287.79	43766.12
287.86	43828.70
287.92	43873.76
287.99	43903.74
288.06	43958.59
288.12	43992.87
288.19	44027.20
288.26	44050.64
288.32	44075.01
288.39	44062.83
288.46	44041.82
288.52	44002.90
288.59	43926.77
288.66	43798.73
288.72	43632.62
288.79	43457.68
288.86	43270.41
288.92	43134.83
288.99	43075.02
289.06	43092.49
289.12	43164.91
289.19	43290.57
289.26	43441.69
289.32	43606.11
289.39	43776.01
289.45	43936.59
289.52	44061.80
289.59	44152.92
289.65	44195.86
289.72	44195.98
289.79	44175.67
289.85	44154.12
289.92	44110.56
289.99	44060.47
290.05	43990.07
290.12	43885.63
290.19	43781.36
290.25	43712.73
290.32	43678.61
290.39	43679.31
290.45	43717.72
290.52	43739.23
290.59	43724.55
290.65	43636.53
290.72	43516.98
290.79	43390.00
290.85	43328.28
290.92	43339.60
290.98	43435.39
291.05	43591.51
291.12	43765.16
291.18	43925.12
291.25	44054.29
291.32	44176.50
291.38	44295.32
291.45	44402.73
291.52	44507.91
291.58	44586.96
291.65	44629.98
291.72	44618.28
291.78	44568.87
291.85	44453.05
291.91	44324.26
291.98	44230.15
292.05	44134.17
292.11	44048.25
292.18	43960.80
292.25	43871.32
292.31	43738.92
292.38	43635.52
292.45	43560.73
292.51	43542.01
292.58	43553.12
292.64	43603.95
292.71	43679.04
292.78	43780.83
292.84	43888.29
292.91	44028.06
292.98	44163.97
293.04	44309.85
293.11	44442.66
293.17	44573.05
293.24	44695.78
293.31	44827.16
293.37	44933.15
293.44	45013.50
293.51	45075.76
293.57	45084.58
293.64	45044.26
293.70	44969.59
293.77	44823.92
293.84	44611.67
293.90	44375.02
293.97	44157.14
294.04	43972.12
294.10	43883.13
294.17	43878.24
294.23	43921.85
294.30	43958.57
294.37	43980.17
294.43	43980.78
294.50	43947.50
294.56	43928.63
294.63	43942.62
294.70	44014.19
294.76	44135.36
294.83	44321.90
294.90	44522.84
294.96	44736.47
295.03	44924.08
295.09	45092.69
295.16	45243.59
295.23	45387.88
295.29	45509.95
295.36	45619.90
295.42	45697.47
295.49	45739.51
295.56	45750.85
295.62	45735.44
295.69	45669.06
295.75	45562.49
295.82	45405.96
295.89	45179.67
295.95	44921.77
296.02	44680.05
296.08	44447.52
296.15	44244.74
296.22	44104.57
296.28	44035.41
296.35	44020.60
296.41	44091.65
296.48	44246.55
296.55	44470.07
296.61	44708.27
296.68	44964.05
296.74	45204.47
296.81	45402.94
296.88	45558.91
296.94	45685.55
297.01	45786.15
297.07	45873.84
297.14	45979.83
297.20	46089.43
297.27	46224.28
297.34	46354.69
297.40	46468.11
297.47	46542.40
297.53	46599.66
297.60	46600.96
297.67	46548.07
297.73	46447.05
297.80	46263.63
297.86	45988.93
297.93	45661.09
298.00	45317.47
298.06	44999.24
298.13	44794.23
298.19	44685.42
298.26	44670.45
298.32	44741.64
298.39	44842.71
298.46	44941.96
298.52	45072.89
298.59	45227.75
298.65	45394.62
298.72	45586.83
298.78	45799.94
298.85	46008.22
298.92	46199.50
298.98	46376.26
299.05	46540.95
299.11	46674.69
299.18	46793.26
299.24	46903.92
299.31	46984.86
299.38	47047.95
299.44	47100.65
299.51	47146.28
299.57	47171.29
299.64	47180.56
299.70	47179.38
299.77	47148.34
299.84	47030.45
299.90	46802.25
299.97	46445.18
300.03	45980.52
300.10	45487.87
300.16	45088.89
300.23	44856.13
300.30	44824.91
300.36	44946.03
300.43	45188.13
300.49	45459.78
300.56	45719.67
300.62	45970.35
300.69	46202.92
300.75	46414.48
300.82	46611.99
300.89	46787.18
300.95	46932.98
301.02	47073.06
301.08	47176.24
301.15	47260.64
301.21	47356.67
301.28	47443.71
301.34	47529.89
301.41	47604.92
301.48	47669.20
301.54	47693.86
301.61	47708.76
301.67	47687.27
301.74	47644.96
301.80	47543.00
301.87	47386.07
301.93	47130.96
302.00	46816.63
302.06	46459.78
302.13	46116.79
302.20	45829.67
302.26	45647.94
302.33	45561.32
302.39	45560.91
302.46	45645.80
302.52	45768.48
302.59	45939.52
302.65	46133.92
302.72	46347.00
302.78	46547.06
302.85	46751.03
302.91	46912.29
302.98	47054.73
303.05	47172.70
303.11	47283.51
303.18	47371.80
303.24	47467.53
303.31	47549.36
303.37	47610.91
303.44	47657.72
303.50	47690.28
303.57	47685.89
303.63	47670.50
303.70	47651.51
303.76	47604.11
303.83	47553.72
303.89	47496.31
303.96	47382.57
304.03	47227.50
304.09	47019.22
304.16	46707.26
304.22	46338.84
304.29	46006.36
304.35	45739.67
304.42	45588.79
304.48	45580.05
304.55	45673.94
304.61	45827.19
304.68	46000.82
304.74	46157.35
304.81	46320.21
304.87	46463.46
304.94	46591.88
305.00	46697.05
305.07	46785.52
305.13	46833.17
305.20	46886.86
305.26	46932.22
305.33	46975.29
305.39	47009.18
305.46	47032.41
305.52	47054.98
305.59	47071.68
305.66	47070.80
305.72	47060.93
305.79	47039.52
305.85	46992.36
305.92	46886.46
305.98	46723.42
306.05	46514.14
306.11	46260.20
306.18	45982.48
306.24	45720.53
306.31	45476.72
306.37	45243.15
306.44	45036.52
306.50	44854.58
306.57	44739.43
306.63	44729.26
306.70	44814.73
306.76	44970.66
306.83	45164.62
306.89	45340.76
306.96	45480.76
307.02	45578.87
307.09	45675.30
307.15	45745.08
307.22	45816.04
307.28	45856.48
307.35	45892.02
307.41	45901.24
307.48	45915.60
307.54	45905.77
307.61	45896.82
307.67	45869.27
307.74	45831.88
307.80	45788.91
307.87	45745.64
307.93	45709.05
308.00	45663.40
308.06	45610.23
308.13	45530.13
308.19	45423.19
308.26	45303.66
308.32	45191.54
308.38	45073.85
308.45	44946.27
308.51	44813.53
308.58	44629.02
308.64	44420.13
308.71	44232.56
308.77	44100.75
308.84	44018.76
308.90	44030.02
308.97	44085.02
309.03	44158.67
309.10	44229.78
309.16	44297.83
309.23	44342.47
309.29	44382.48
309.36	44394.94
309.42	44392.48
309.49	44386.83
309.55	44370.04
309.62	44348.08
309.68	44328.16
309.75	44290.43
309.81	44236.46
309.88	44187.97
309.94	44121.50
310.00	44061.87
310.07	43996.08
310.13	43935.36
310.20	43857.10
310.26	43784.09
310.33	43700.46
310.39	43627.80
310.46	43555.08
310.52	43471.73
310.59	43361.59
310.65	43237.67
310.72	43096.24
310.78	42954.98
310.85	42834.41
310.91	42759.17
310.97	42727.59
311.04	42721.43
311.10	42712.61
311.17	42715.35
311.23	42716.26
311.30	42695.20
311.36	42692.68
311.43	42702.52
311.49	42704.40
311.56	42702.78
311.62	42705.76
311.69	42694.99
311.75	42681.67
311.81	42654.23
311.88	42617.54
311.94	42577.24
312.01	42531.45
312.07	42481.51
312.14	42435.53
312.20	42391.26
312.27	42337.97
312.33	42285.74
312.40	42224.59
312.46	42155.10
312.52	42090.34
312.59	42022.72
312.65	41938.26
312.72	41853.30
312.78	41765.94
312.85	41676.15
312.91	41577.54
312.98	41480.48
313.04	41388.12
313.10	41294.71
313.17	41202.27
313.23	41132.74
313.30	41083.04
313.36	41046.81
313.43	41023.24
313.49	41016.82
313.56	41004.58
313.62	40988.88
313.68	40963.45
313.75	40946.63
313.81	40915.17
313.88	40872.58
313.94	40832.42
314.01	40793.05
314.07	40755.05
314.13	40718.46
314.20	40691.75
314.26	40653.82
314.33	40617.66
314.39	40573.30
314.46	40511.25
314.52	40452.32
314.58	40387.26
314.65	40309.43
314.71	40229.82
314.78	40166.18
314.84	40091.31
314.91	40044.91
314.97	39998.51
315.03	39962.65
315.10	39923.27
315.16	39866.92
315.23	39795.36
315.29	39729.41
315.36	39663.65
315.42	39601.78
315.48	39551.68
315.55	39499.22
315.61	39443.91
315.68	39388.70
315.74	39318.48
315.81	39263.26
315.87	39212.01
315.93	39186.18
316.00	39169.30
316.06	39169.93
316.13	39170.74
316.19	39156.21
316.25	39098.44
316.32	38975.30
316.38	38818.19
316.45	38616.03
316.51	38390.65
316.58	38144.46
316.64	37898.12
316.70	37654.42
316.77	37400.66
316.83	37138.01
316.90	36882.75
316.96	36631.44
317.02	36369.76
317.09	36123.73
317.15	35876.06
317.22	35612.88
317.28	35350.87
317.34	35088.37
317.41	34824.82
317.47	34570.56
317.54	34323.19
317.60	34087.89
317.66	33846.21
317.73	33590.30
317.79	33326.63
317.86	33058.63
317.92	32787.01
317.98	32504.98
318.05	32223.11
318.11	31946.36
318.18	31680.42
318.24	31397.20
318.30	31118.89
318.37	30853.78
318.43	30564.06
318.50	30274.47
318.56	29993.54
318.62	29721.99
318.69	29444.20
318.75	29192.00
318.82	28922.23
318.88	28653.75
318.94	28373.39
319.01	28088.82
319.07	27810.86
319.13	27538.13
319.20	27263.27
319.26	26986.01
319.33	26709.67
319.39	26409.21
319.45	26119.86
319.52	25828.05
319.58	25541.43
319.65	25255.66
319.71	24968.53
319.77	24681.18
319.84	24405.65
319.90	24125.05
319.96	23847.09
320.03	23568.95
320.09	23288.73
320.16	22993.73
320.22	22706.63
320.28	22405.79
320.35	22121.81
320.41	21830.91
320.47	21551.11
320.54	21272.33
320.60	21003.48
320.67	20728.95
320.73	20456.23
320.79	20169.30
320.86	19883.14
320.92	19587.90
320.98	19292.56
321.05	19001.14
321.11	18704.16
321.18	18412.78
321.24	18128.90
321.30	17850.51
321.37	17569.47
321.43	17307.02
321.49	17031.69
321.56	16753.44
321.62	16477.46
321.68	16199.51
321.75	15916.17
321.81	15637.83
321.88	15353.09
321.94	15066.65
322.00	14778.43
322.07	14488.24
322.13	14199.70
322.19	13919.57
322.26	13633.80
322.32	13354.72
322.38	13078.24
322.45	12805.34
322.51	12530.71
322.58	12270.28
322.64	12000.23
322.70	11731.33
322.77	11457.40
322.83	11195.78
322.89	10914.76
322.96	10641.52
323.02	10370.87
323.08	10100.02
323.15	9825.09
323.21	9563.57
323.27	9297.59
323.34	9039.30
323.40	8791.10
323.46	8535.91
323.53	8175.56
323.59	7062.84
323.65	5465.14
323.72	3784.52
323.78	2166.20
323.85	699.09
323.91	43.25
323.97	-81.80
324.04	-82.90
