180.21	3360.75
180.28	-113.94
180.36	623.06
180.44	-44.22
180.51	-17.05
180.59	3.33
180.66	29.12
180.74	25.52
180.81	23.68
180.89	24.93
180.97	26.64
181.04	24.15
181.12	23.15
181.19	23.82
181.27	24.58
181.34	41.42
181.42	47.85
181.50	55.19
181.57	66.69
181.65	72.84
181.72	66.19
181.80	61.32
181.87	62.35
181.95	62.01
182.03	60.83
182.10	63.45
182.18	64.97
182.25	69.02
182.33	68.68
182.40	74.99
182.48	70.42
182.55	81.50
182.63	85.20
182.71	87.51
182.78	89.84
182.86	95.56
182.93	93.24
183.01	96.10
183.08	96.38
183.16	100.09
183.23	97.05
183.31	102.88
183.39	101.65
183.46	111.83
183.54	108.49
183.61	117.32
183.69	120.37
183.76	131.01
183.84	131.54
183.91	133.26
183.99	141.67
184.06	142.68
184.14	146.43
184.22	150.57
184.29	154.34
184.37	152.53
184.44	148.25
184.52	137.45
184.59	133.38
184.67	137.41
184.74	132.84
184.82	145.88
184.89	159.73
184.97	171.50
185.04	180.70
185.12	191.35
185.20	200.57
185.27	210.72
185.35	221.25
185.42	225.02
185.50	239.68
185.57	243.43
185.65	251.00
185.72	254.61
185.80	265.90
185.87	265.14
185.95	266.49
186.02	269.90
186.10	269.40
186.17	269.03
186.25	269.12
186.33	258.81
186.40	248.84
186.48	249.28
186.55	252.46
186.63	257.21
186.70	287.48
186.78	308.47
186.85	329.89
186.93	347.14
187.00	369.50
187.08	374.42
187.15	391.87
187.23	407.15
187.30	421.50
187.38	439.93
187.45	463.35
187.53	482.03
187.60	491.41
187.68	504.80
187.75	515.97
187.83	521.83
187.90	516.94
187.98	514.17
188.05	511.10
188.13	491.16
188.21	467.35
188.28	463.83
188.36	460.91
188.43	465.36
188.51	489.45
188.58	528.99
188.66	549.53
188.73	580.68
188.81	616.33
188.88	637.83
188.96	658.10
189.03	691.68
189.11	717.15
189.18	731.85
189.26	753.88
189.33	779.00
189.41	803.52
189.48	822.89
189.56	842.67
189.63	861.90
189.71	864.98
189.78	855.22
189.86	845.92
189.93	836.44
190.01	812.88
190.08	796.88
190.16	778.23
190.23	757.57
190.31	747.96
190.38	752.01
190.46	765.08
190.53	795.66
190.61	845.87
190.68	880.11
190.76	927.78
190.83	967.76
190.91	1001.02
190.98	1023.47
191.06	1057.05
191.13	1080.27
191.21	1102.01
191.28	1118.92
191.35	1137.96
191.43	1151.85
191.50	1157.54
191.58	1168.88
191.65	1187.39
191.73	1196.32
191.80	1206.48
191.88	1212.41
191.95	1214.79
192.03	1211.76
192.10	1211.51
192.18	1210.03
192.25	1210.22
192.33	1202.60
192.40	1190.82
192.48	1183.88
192.55	1185.49
192.63	1190.22
192.70	1208.18
192.78	1236.21
192.85	1274.06
192.93	1302.54
193.00	1328.53
193.08	1347.21
193.15	1364.87
193.22	1376.30
193.30	1391.86
193.37	1429.20
193.45	1454.29
193.52	1486.12
193.60	1520.05
193.67	1548.58
193.75	1562.53
193.82	1588.54
193.90	1603.14
193.97	1613.93
194.05	1620.89
194.12	1618.23
194.20	1614.83
194.27	1609.38
194.34	1594.69
194.42	1580.12
194.49	1576.25
194.57	1572.89
194.64	1564.78
194.72	1562.37
194.79	1567.69
194.87	1577.24
194.94	1600.73
195.02	1639.62
195.09	1682.69
195.17	1728.91
195.24	1771.33
195.31	1805.56
195.39	1827.78
195.46	1846.03
195.54	1862.07
195.61	1870.36
195.69	1865.99
195.76	1857.19
195.84	1851.15
195.91	1823.41
195.99	1791.44
196.06	1767.77
196.13	1761.29
196.21	1758.93
196.28	1778.46
196.36	1821.23
196.43	1867.93
196.51	1914.05
196.58	1957.95
196.66	1998.16
196.73	2024.46
196.80	2042.30
196.88	2051.15
196.95	2058.53
197.03	2060.60
197.10	2052.55
197.18	2040.20
197.25	2024.92
197.33	1999.30
197.40	1976.84
197.47	1949.99
197.55	1936.54
197.62	1927.83
197.70	1932.94
197.77	1949.20
197.85	1989.32
197.92	2030.27
197.99	2081.48
198.07	2137.47
198.14	2182.05
198.22	2223.21
198.29	2255.41
198.37	2279.01
198.44	2292.73
198.51	2301.98
198.59	2297.79
198.66	2291.49
198.74	2273.78
198.81	2243.19
198.89	2202.49
198.96	2169.73
199.03	2133.22
199.11	2112.79
199.18	2109.09
199.26	2127.08
199.33	2164.63
199.41	2223.02
199.48	2274.03
199.55	2332.66
199.63	2380.91
199.70	2424.78
199.78	2454.19
199.85	2485.37
199.93	2504.62
200.00	2528.40
200.07	2529.80
200.15	2531.55
200.22	2522.83
200.30	2496.24
200.37	2456.05
200.44	2403.17
200.52	2354.40
200.59	2327.90
200.67	2325.48
200.74	2343.83
200.81	2390.53
200.89	2445.68
200.96	2501.93
201.04	2554.01
201.11	2614.23
201.19	2672.47
201.26	2722.00
201.33	2760.43
201.41	2800.05
201.48	2823.83
201.56	2834.23
201.63	2846.45
201.70	2837.83
201.78	2812.45
201.85	2780.35
201.93	2738.75
202.00	2691.20
202.07	2661.76
202.15	2637.10
202.22	2624.64
202.30	2649.39
202.37	2693.49
202.44	2752.76
202.52	2835.16
202.59	2923.63
202.67	2994.44
202.74	3058.96
202.81	3112.52
202.89	3157.25
202.96	3202.85
203.04	3246.10
203.11	3270.04
203.18	3289.17
203.26	3288.72
203.33	3261.75
203.41	3214.01
203.48	3160.09
203.55	3076.43
203.63	3006.49
203.70	2973.07
203.77	2977.17
203.85	3016.58
203.92	3100.67
204.00	3211.88
204.07	3314.82
204.14	3415.81
204.22	3498.13
204.29	3579.57
204.37	3644.92
204.44	3701.86
204.51	3748.82
204.59	3794.42
204.66	3821.12
204.73	3834.59
204.81	3832.18
204.88	3817.46
204.96	3779.54
205.03	3722.11
205.10	3657.34
205.18	3606.34
205.25	3564.58
205.32	3553.74
205.40	3582.12
205.47	3645.20
205.55	3729.01
205.62	3837.64
205.69	3963.92
205.77	4085.83
205.84	4200.02
205.91	4305.26
205.99	4392.27
206.06	4461.20
206.14	4527.19
206.21	4586.04
206.28	4630.98
206.36	4668.49
206.43	4679.83
206.50	4670.50
206.58	4631.55
206.65	4559.19
206.72	4456.21
206.80	4355.37
206.87	4273.93
206.95	4245.36
207.02	4291.12
207.09	4399.64
207.17	4556.83
207.24	4726.81
207.31	4893.80
207.39	5038.14
207.46	5166.43
207.53	5277.56
207.61	5388.50
207.68	5482.08
207.75	5574.87
207.83	5659.32
207.90	5724.75
207.98	5762.66
208.05	5784.82
208.12	5769.77
208.20	5725.12
208.27	5653.11
208.34	5562.40
208.42	5465.42
208.49	5401.58
208.56	5378.93
208.64	5423.56
208.71	5517.39
208.78	5648.71
208.86	5803.78
208.93	5964.31
209.00	6122.20
209.08	6279.25
209.15	6442.02
209.22	6592.25
209.30	6736.34
209.37	6861.83
209.44	6982.09
209.52	7082.93
209.59	7164.51
209.67	7224.10
209.74	7260.34
209.81	7274.41
209.89	7238.60
209.96	7167.50
210.03	7072.67
210.11	6977.25
210.18	6890.83
210.25	6859.59
210.33	6896.82
210.40	6993.46
210.47	7148.30
210.55	7349.91
210.62	7554.83
210.69	7758.11
210.77	7963.39
210.84	8140.46
210.91	8310.22
210.99	8472.83
211.06	8624.05
211.13	8769.07
211.21	8909.09
211.28	9016.26
211.35	9108.46
211.42	9167.61
211.50	9182.45
211.57	9158.43
211.64	9089.92
211.72	8980.20
211.79	8858.76
211.86	8780.47
211.94	8789.06
212.01	8876.55
212.08	9053.62
212.16	9277.20
212.23	9509.54
212.30	9712.73
212.38	9901.11
212.45	10074.10
212.52	10241.65
212.60	10397.77
212.67	10565.35
212.74	10731.82
212.82	10892.87
212.89	11060.45
212.96	11211.15
213.03	11327.67
213.11	11427.71
213.18	11481.27
213.25	11495.44
213.33	11475.03
213.40	11418.00
213.47	11350.88
213.55	11327.08
213.62	11332.38
213.69	11401.14
213.77	11544.00
213.84	11727.96
213.91	11931.38
213.98	12153.34
214.06	12369.87
214.13	12569.55
214.20	12748.79
214.28	12929.30
214.35	13110.58
214.42	13298.12
214.50	13488.59
214.57	13691.32
214.64	13880.56
214.72	14047.68
214.79	14189.52
214.86	14303.03
214.93	14363.74
215.01	14385.77
215.08	14365.33
215.15	14303.48
215.23	14210.35
215.30	14166.63
215.37	14183.73
215.44	14301.73
215.52	14506.14
215.59	14783.07
215.66	15070.13
215.74	15344.29
215.81	15569.34
215.88	15784.93
215.95	15992.80
216.03	16197.97
216.10	16394.86
216.17	16607.29
216.25	16793.83
216.32	16967.66
216.39	17126.25
216.46	17277.02
216.54	17392.79
216.61	17499.40
216.68	17568.35
216.76	17602.08
216.83	17595.65
216.90	17560.53
216.97	17527.15
217.05	17539.96
217.12	17602.22
217.19	17737.29
217.27	17944.33
217.34	18189.48
217.41	18451.02
217.48	18721.79
217.56	18989.19
217.63	19245.97
217.70	19486.76
217.78	19710.12
217.85	19913.16
217.92	20087.46
217.99	20259.58
218.07	20412.95
218.14	20562.63
218.21	20724.50
218.28	20886.61
218.36	21043.74
218.43	21183.99
218.50	21291.64
218.57	21338.72
218.65	21334.31
218.72	21273.39
218.79	21216.01
218.87	21187.31
218.94	21238.59
219.01	21382.58
219.08	21611.56
219.16	21899.04
219.23	22206.30
219.30	22493.43
219.37	22753.82
219.45	22997.39
219.52	23216.61
219.59	23423.45
219.66	23622.67
219.74	23823.17
219.81	24024.99
219.88	24216.79
219.95	24398.36
220.03	24583.64
220.10	24743.32
220.17	24880.33
220.24	24994.91
220.32	25083.95
220.39	25112.90
220.46	25115.85
220.53	25089.77
220.61	25050.27
220.68	25048.87
220.75	25126.30
220.82	25285.96
220.90	25487.54
220.97	25735.94
221.04	25978.02
221.11	26195.08
221.19	26388.79
221.26	26593.67
221.33	26792.94
221.40	27000.80
221.48	27207.95
221.55	27407.70
221.62	27585.24
221.69	27771.98
221.77	27948.92
221.84	28135.96
221.91	28284.45
221.98	28443.13
222.06	28562.72
222.13	28664.66
222.20	28731.37
222.27	28805.20
222.35	28840.50
222.42	28874.89
222.49	28937.92
222.56	29010.44
222.63	29104.02
222.71	29227.24
222.78	29377.50
222.85	29533.29
222.92	29705.14
223.00	29870.19
223.07	30039.89
223.14	30220.34
223.21	30375.56
223.29	30537.15
223.36	30720.60
223.43	30906.14
223.50	31082.17
223.57	31256.94
223.65	31430.91
223.72	31568.57
223.79	31695.30
223.86	31792.98
223.94	31886.21
224.01	31960.74
224.08	32026.39
224.15	32085.71
224.22	32158.37
224.30	32223.79
224.37	32296.45
224.44	32405.01
224.51	32518.01
224.59	32626.29
224.66	32759.71
224.73	32901.83
224.80	33034.92
224.87	33179.56
224.95	33338.33
225.02	33498.11
225.09	33652.68
225.16	33802.16
225.23	33948.42
225.31	34091.11
225.38	34199.60
225.45	34310.82
225.52	34414.68
225.60	34502.05
225.67	34583.12
225.74	34657.04
225.81	34722.93
225.88	34783.87
225.96	34857.64
226.03	34946.95
226.10	35061.84
226.17	35187.11
226.24	35316.37
226.32	35444.61
226.39	35568.31
226.46	35691.49
226.53	35803.24
226.60	35921.42
226.68	36038.54
226.75	36148.94
226.82	36260.72
226.89	36372.42
226.96	36472.70
227.04	36546.39
227.11	36617.97
227.18	36688.06
227.25	36747.73
227.32	36816.24
227.40	36904.00
227.47	36984.76
227.54	37065.89
227.61	37131.89
227.68	37194.51
227.76	37255.31
227.83	37314.27
227.90	37381.07
227.97	37472.67
228.04	37565.97
228.11	37654.50
228.19	37749.56
228.26	37850.39
228.33	37944.89
228.40	38038.79
228.47	38139.35
228.55	38238.83
228.62	38323.20
228.69	38413.13
228.76	38487.47
228.83	38572.66
228.90	38648.02
228.98	38725.41
229.05	38815.05
229.12	38921.88
229.19	39007.47
229.26	39108.67
229.34	39195.72
229.41	39255.14
229.48	39306.24
229.55	39368.73
229.62	39431.11
229.69	39486.62
229.77	39531.86
229.84	39575.08
229.91	39605.74
229.98	39631.37
230.05	39663.78
230.12	39716.08
230.20	39788.50
230.27	39870.41
230.34	39953.85
230.41	40047.94
230.48	40141.39
230.55	40229.86
230.63	40301.48
230.70	40382.72
230.77	40438.21
230.84	40492.09
230.91	40526.56
230.98	40579.47
231.06	40613.27
231.13	40676.42
231.20	40762.27
231.27	40859.68
231.34	40931.37
231.41	41009.05
231.49	41071.59
231.56	41120.89
231.63	41162.30
231.70	41229.21
231.77	41275.69
231.84	41318.79
231.92	41352.61
231.99	41387.61
232.06	41409.29
232.13	41450.69
232.20	41507.34
232.27	41559.68
232.34	41615.40
232.42	41663.40
232.49	41714.46
232.56	41744.93
232.63	41798.58
232.70	41847.34
232.77	41911.82
232.85	41980.43
232.92	42054.32
232.99	42107.78
233.06	42157.21
233.13	42200.33
233.20	42217.39
233.27	42240.18
233.35	42248.19
233.42	42265.28
233.49	42272.08
233.56	42302.17
233.63	42336.31
233.70	42381.96
233.77	42421.05
233.85	42477.73
233.92	42523.10
233.99	42559.76
234.06	42596.40
234.13	42634.07
234.20	42669.22
234.27	42709.17
234.35	42745.19
234.42	42775.94
234.49	42799.78
234.56	42827.06
234.63	42840.54
234.70	42851.42
234.77	42860.35
234.84	42872.08
234.92	42865.97
234.99	42866.97
235.06	42891.92
235.13	42911.05
235.20	42938.58
235.27	42981.99
235.34	43024.47
235.41	43052.14
235.49	43083.22
235.56	43118.47
235.63	43140.13
235.70	43160.18
235.77	43173.22
235.84	43191.70
235.91	43190.33
235.98	43181.21
236.06	43176.75
236.13	43169.03
236.20	43168.82
236.27	43158.83
236.34	43174.40
236.41	43185.20
236.48	43199.38
236.55	43207.67
236.63	43228.37
236.70	43230.31
236.77	43236.95
236.84	43249.55
236.91	43273.05
236.98	43292.71
237.05	43315.46
237.12	43321.45
237.19	43335.56
237.27	43330.86
237.34	43331.71
237.41	43334.71
237.48	43337.21
237.55	43323.87
237.62	43329.96
237.69	43340.07
237.76	43347.38
237.83	43386.86
237.91	43422.89
237.98	43442.95
238.05	43460.43
238.12	43477.60
238.19	43470.63
238.26	43484.25
238.33	43499.98
238.40	43501.01
238.47	43499.58
238.54	43509.34
238.62	43495.75
238.69	43482.61
238.76	43484.19
238.83	43485.37
238.90	43492.98
238.97	43508.31
239.04	43526.62
239.11	43541.40
239.18	43566.64
239.25	43574.83
239.33	43574.16
239.40	43566.67
239.47	43552.55
239.54	43526.76
239.61	43509.62
239.68	43494.08
239.75	43489.71
239.82	43492.03
239.89	43505.64
239.96	43523.41
240.03	43541.39
240.11	43551.31
240.18	43558.00
240.25	43561.79
240.32	43561.43
240.39	43576.70
240.46	43590.12
240.53	43616.61
240.60	43656.42
240.67	43690.61
240.74	43713.53
240.81	43747.84
240.88	43763.26
240.96	43769.13
241.03	43774.53
241.10	43788.70
241.17	43789.02
241.24	43796.26
241.31	43807.50
241.38	43804.18
241.45	43788.73
241.52	43791.19
241.59	43801.63
241.66	43811.67
241.73	43842.33
241.80	43878.66
241.88	43897.91
241.95	43905.67
242.02	43908.59
242.09	43898.88
242.16	43884.99
242.23	43898.65
242.30	43926.47
242.37	43943.50
242.44	43969.69
242.51	43991.46
242.58	43995.73
242.65	43994.95
242.72	44009.96
242.79	44021.52
242.87	44052.51
242.94	44072.36
243.01	44090.95
243.08	44112.61
243.15	44132.37
243.22	44143.58
243.29	44165.46
243.36	44185.54
243.43	44217.15
243.50	44257.85
243.57	44302.47
243.64	44350.86
243.71	44409.13
243.78	44447.93
243.85	44468.10
243.92	44489.30
243.99	44498.71
244.07	44506.36
244.14	44507.29
244.21	44527.57
244.28	44543.26
244.35	44565.05
244.42	44579.41
244.49	44594.30
244.56	44609.41
244.63	44632.08
244.70	44640.70
244.77	44656.22
244.84	44693.38
244.91	44736.02
244.98	44780.89
245.05	44827.27
245.12	44877.64
245.19	44919.26
245.26	44943.50
245.33	44970.68
245.40	45029.48
245.47	45087.22
245.55	45142.70
245.62	45190.62
245.69	45230.61
245.76	45260.65
245.83	45295.75
245.90	45336.11
245.97	45377.00
246.04	45427.78
246.11	45467.30
246.18	45488.97
246.25	45494.54
246.32	45521.10
246.39	45543.57
246.46	45577.45
246.53	45639.78
246.60	45703.63
246.67	45765.82
246.74	45820.01
246.81	45882.45
246.88	45927.28
246.95	45983.64
247.02	46025.92
247.09	46076.94
247.16	46102.51
247.23	46121.03
247.30	46121.01
247.37	46131.13
247.44	46144.20
247.51	46168.97
247.58	46202.56
247.66	46270.25
247.73	46343.99
247.80	46419.75
247.87	46490.37
247.94	46573.54
248.01	46647.12
248.08	46713.86
248.15	46766.15
248.22	46812.99
248.29	46858.11
248.36	46894.48
248.43	46934.68
248.50	46987.83
248.57	47055.51
248.64	47116.09
248.71	47177.05
248.78	47250.41
248.85	47316.23
248.92	47376.88
248.99	47425.22
249.06	47465.25
249.13	47491.76
249.20	47523.96
249.27	47547.09
249.34	47582.24
249.41	47617.14
249.48	47654.65
249.55	47677.07
249.62	47723.58
249.69	47761.74
249.76	47811.85
249.83	47859.34
249.90	47935.03
249.97	47995.67
250.04	48074.26
250.11	48156.33
250.18	48247.32
250.25	48313.51
250.32	48385.61
250.39	48452.49
250.46	48509.29
250.53	48559.13
250.60	48612.73
250.67	48675.92
250.74	48737.81
250.81	48780.31
250.88	48817.10
250.95	48854.77
251.02	48885.63
251.09	48907.99
251.16	48966.37
251.23	49021.49
251.30	49081.66
251.37	49123.60
251.44	49172.42
251.51	49218.66
251.58	49274.48
251.65	49329.93
251.72	49402.75
251.79	49477.27
251.86	49528.82
251.93	49570.54
252.00	49596.85
252.07	49609.71
252.14	49625.67
252.21	49653.90
252.28	49688.72
252.35	49745.33
252.42	49818.20
252.49	49879.48
252.56	49932.91
252.63	49996.16
252.70	50046.45
252.77	50091.71
252.84	50139.54
252.91	50189.45
252.98	50227.18
253.05	50264.35
253.12	50287.48
253.19	50318.98
253.25	50365.43
253.32	50415.47
253.39	50470.00
253.46	50529.65
253.53	50583.13
253.60	50612.20
253.67	50636.48
253.74	50665.72
253.81	50721.65
253.88	50766.49
253.95	50827.87
254.02	50877.21
254.09	50929.05
254.16	50959.11
254.23	50998.97
254.30	51019.93
254.37	51071.15
254.44	51112.97
254.51	51150.90
254.58	51186.12
254.65	51238.24
254.72	51269.86
254.79	51289.94
254.86	51322.82
254.93	51347.64
255.00	51369.43
255.07	51402.62
255.14	51462.65
255.21	51493.00
255.28	51517.02
255.34	51536.45
255.41	51553.85
255.48	51544.16
255.55	51556.48
255.62	51584.96
255.69	51623.24
255.76	51655.16
255.83	51709.68
255.90	51761.49
255.97	51810.86
256.04	51847.57
256.11	51894.51
256.18	51932.33
256.25	51969.87
256.32	52007.01
256.39	52047.45
256.46	52076.69
256.53	52088.22
256.60	52113.86
256.67	52140.59
256.74	52162.58
256.80	52182.46
256.87	52226.09
256.94	52241.31
257.01	52255.32
257.08	52277.06
257.15	52295.49
257.22	52313.99
257.29	52327.46
257.36	52338.71
257.43	52338.19
257.50	52345.78
257.57	52336.60
257.64	52355.57
257.71	52372.87
257.78	52404.68
257.85	52433.61
257.92	52471.09
257.98	52500.75
258.05	52535.24
258.12	52542.11
258.19	52542.40
258.26	52525.91
258.33	52495.59
258.40	52469.31
258.47	52464.81
258.54	52461.90
258.61	52476.82
258.68	52514.01
258.75	52545.83
258.82	52583.15
258.89	52608.95
258.95	52628.62
259.02	52638.97
259.09	52638.50
259.16	52630.17
259.23	52625.85
259.30	52608.35
259.37	52600.57
259.44	52605.44
259.51	52614.78
259.58	52639.54
259.65	52679.05
259.72	52705.27
259.79	52705.71
259.85	52687.05
259.92	52666.66
259.99	52652.63
260.06	52658.74
260.13	52669.86
260.20	52688.83
260.27	52682.32
260.34	52657.02
260.41	52621.54
260.48	52595.31
260.55	52594.14
260.62	52609.96
260.68	52621.32
260.75	52619.08
260.82	52633.56
260.89	52625.76
260.96	52625.92
261.03	52635.37
261.10	52635.97
261.17	52621.82
261.24	52602.41
261.31	52579.80
261.38	52557.02
261.44	52537.12
261.51	52512.72
261.58	52492.78
261.65	52471.45
261.72	52452.93
261.79	52446.65
261.86	52437.01
261.93	52436.45
262.00	52434.22
262.07	52410.31
262.13	52387.02
262.20	52368.50
262.27	52347.60
262.34	52335.53
262.41	52347.23
262.48	52348.83
262.55	52353.60
262.62	52351.48
262.69	52339.74
262.76	52317.41
262.82	52293.78
262.89	52272.53
262.96	52250.69
263.03	52241.01
263.10	52245.62
263.17	52239.39
263.24	52210.89
263.31	52204.28
263.38	52189.76
263.44	52172.35
263.51	52157.65
263.58	52150.88
263.65	52129.33
263.72	52079.28
263.79	52018.65
263.86	51964.62
263.93	51936.55
264.00	51905.27
264.06	51908.10
264.13	51917.15
264.20	51927.06
264.27	51893.32
264.34	51848.24
264.41	51796.83
264.48	51749.68
264.55	51711.02
264.61	51686.97
264.68	51681.06
264.75	51662.68
264.82	51622.62
264.89	51577.12
264.96	51541.80
265.03	51494.78
265.10	51471.45
265.16	51450.74
265.23	51435.56
265.30	51434.61
265.37	51427.37
265.44	51398.92
265.51	51394.80
265.58	51379.83
265.65	51351.28
265.71	51327.46
265.78	51323.69
265.85	51303.63
265.92	51271.09
265.99	51222.01
266.06	51175.52
266.13	51106.37
266.20	51047.53
266.26	51021.97
266.33	51009.59
266.40	50988.86
266.47	50959.20
266.54	50910.56
266.61	50851.77
266.68	50797.43
266.74	50757.44
266.81	50734.03
266.88	50705.23
266.95	50660.75
267.02	50626.39
267.09	50575.00
267.16	50524.82
267.22	50499.11
267.29	50496.36
267.36	50490.44
267.43	50498.66
267.50	50504.76
267.57	50497.37
267.64	50460.47
267.70	50417.60
267.77	50364.66
267.84	50323.94
267.91	50289.64
267.98	50268.80
268.05	50246.78
268.11	50226.86
268.18	50186.91
268.25	50140.21
268.32	50096.24
268.39	50048.57
268.46	50007.86
268.53	49955.34
268.59	49915.90
268.66	49873.32
268.73	49831.67
268.80	49790.98
268.87	49771.50
268.94	49750.76
269.00	49755.67
269.07	49765.20
269.14	49770.27
269.21	49757.63
269.28	49736.20
269.35	49688.20
269.41	49641.47
269.48	49593.06
269.55	49566.76
269.62	49540.09
269.69	49524.37
269.76	49496.29
269.82	49467.85
269.89	49437.22
269.96	49417.05
270.03	49384.34
270.10	49357.38
270.17	49325.32
270.23	49292.04
270.30	49243.90
270.37	49218.38
270.44	49196.94
270.51	49180.62
270.58	49167.96
270.64	49174.33
270.71	49156.30
270.78	49146.00
270.85	49133.89
270.92	49121.69
270.99	49100.69
271.05	49075.01
271.12	49036.60
271.19	48998.05
271.26	48940.89
271.33	48896.02
271.39	48865.57
271.46	48826.74
271.53	48788.03
271.60	48769.07
271.67	48742.32
271.74	48715.81
271.80	48702.02
271.87	48700.96
271.94	48686.41
272.01	48658.70
272.08	48631.13
272.14	48588.76
272.21	48551.49
272.28	48536.85
272.35	48526.95
272.42	48506.98
272.48	48514.49
272.55	48521.15
272.62	48505.40
272.69	48499.92
272.76	48502.93
272.83	48486.08
272.89	48460.31
272.96	48438.70
273.03	48405.49
273.10	48368.15
273.17	48344.79
273.23	48318.72
273.30	48285.17
273.37	48255.05
273.44	48230.51
273.51	48189.15
273.57	48163.42
273.64	48141.94
273.71	48137.70
273.78	48137.90
273.85	48153.85
273.91	48153.40
273.98	48166.02
274.05	48181.35
274.12	48198.15
274.19	48213.97
274.25	48232.74
274.32	48235.54
274.39	48209.01
274.46	48167.60
274.53	48105.83
274.59	48032.77
274.66	47968.14
274.73	47926.84
274.80	47875.12
274.86	47834.15
274.93	47827.57
275.00	47820.49
275.07	47806.97
275.14	47805.44
275.20	47795.55
275.27	47777.83
275.34	47743.39
275.41	47705.27
275.48	47682.60
275.54	47676.19
275.61	47660.87
275.68	47663.71
275.75	47656.51
275.81	47638.96
275.88	47628.60
275.95	47617.97
276.02	47598.60
276.09	47591.97
276.15	47579.50
276.22	47571.43
276.29	47560.06
276.36	47540.26
276.42	47503.07
276.49	47463.60
276.56	47408.40
276.63	47330.26
276.70	47276.83
276.76	47246.63
276.83	47238.25
276.90	47245.89
276.97	47283.63
277.03	47316.81
277.10	47319.84
277.17	47317.45
277.24	47294.46
277.30	47268.11
277.37	47243.90
277.44	47246.80
277.51	47242.61
277.58	47230.85
277.64	47216.47
277.71	47191.20
277.78	47151.20
277.85	47094.41
277.91	47048.06
277.98	46989.07
278.05	46938.04
278.12	46906.12
278.18	46885.01
278.25	46866.60
278.32	46870.47
278.39	46888.20
278.45	46912.26
278.52	46946.33
278.59	46987.07
278.66	47013.77
278.72	47030.24
278.79	47009.01
278.86	46975.91
278.93	46920.02
278.99	46854.32
279.06	46783.85
279.13	46736.32
279.20	46711.19
279.26	46711.26
279.33	46734.37
279.40	46764.97
279.47	46791.14
279.53	46799.41
279.60	46783.83
279.67	46736.43
279.74	46658.69
279.80	46573.81
279.87	46501.25
279.94	46447.58
280.01	46419.86
280.07	46416.21
280.14	46412.92
280.21	46405.51
280.28	46405.91
280.34	46396.99
280.41	46391.35
280.48	46388.94
280.55	46370.28
280.61	46353.91
280.68	46343.93
280.75	46328.24
280.82	46310.62
280.88	46301.12
280.95	46257.81
281.02	46207.93
281.08	46137.18
281.15	46063.35
281.22	45989.63
281.29	45925.46
281.35	45856.92
281.42	45794.65
281.49	45730.08
281.56	45653.41
281.62	45589.75
281.69	45536.69
281.76	45490.05
281.82	45464.80
281.89	45466.82
281.96	45463.70
282.03	45457.85
282.09	45462.24
282.16	45460.14
282.23	45448.68
282.30	45441.54
282.36	45443.27
282.43	45456.47
282.50	45482.01
282.56	45492.74
282.63	45503.47
282.70	45504.17
282.77	45500.34
282.83	45485.25
282.90	45474.35
282.97	45460.50
283.03	45442.63
283.10	45391.60
283.17	45319.31
283.24	45246.38
283.30	45149.66
283.37	45057.65
283.44	44996.69
283.50	44944.76
283.57	44917.04
283.64	44913.12
283.71	44911.49
283.77	44900.37
283.84	44916.33
283.91	44912.94
283.97	44914.95
284.04	44930.80
284.11	44949.89
284.18	44949.87
284.24	44956.19
284.31	44971.15
284.38	44970.60
284.44	44970.20
284.51	44979.15
284.58	44993.46
284.64	44993.96
284.71	44995.30
284.78	44981.15
284.85	44960.45
284.91	44920.94
284.98	44886.73
285.05	44841.18
285.11	44793.77
285.18	44737.60
285.25	44695.31
285.31	44657.39
285.38	44633.98
285.45	44628.78
285.52	44647.43
285.58	44672.59
285.65	44704.71
285.72	44719.08
285.78	44741.74
285.85	44757.62
285.92	44768.83
285.98	44774.30
286.05	44803.97
286.12	44832.76
286.18	44844.31
286.25	44861.04
286.32	44879.70
286.39	44883.94
286.45	44874.33
286.52	44865.67
286.59	44833.09
286.65	44758.35
286.72	44683.07
286.79	44613.16
286.85	44553.13
286.92	44509.18
286.99	44501.45
287.05	44477.55
287.12	44480.16
287.19	44495.84
287.25	44520.91
287.32	44547.61
287.39	44608.84
287.45	44636.19
287.52	44652.04
287.59	44665.04
287.65	44682.01
287.72	44688.72
287.79	44702.36
287.86	44710.41
287.92	44708.35
287.99	44703.17
288.06	44712.10
288.12	44721.92
288.19	44732.36
288.26	44754.25
288.32	44776.29
288.39	44772.32
288.46	44767.40
288.52	44762.63
288.59	44732.58
288.66	44692.97
288.72	44645.51
288.79	44587.22
288.86	44528.76
288.92	44493.92
288.99	44468.01
289.06	44473.95
289.12	44487.19
289.19	44518.98
289.26	44566.58
289.32	44619.24
289.39	44666.92
289.45	44732.90
289.52	44786.47
289.59	44808.26
289.65	44823.22
289.72	44832.15
289.79	44836.51
289.85	44834.63
289.92	44834.19
289.99	44826.41
290.05	44810.56
290.12	44773.29
290.19	44742.47
290.25	44720.51
290.32	44709.46
290.39	44710.22
290.45	44723.41
290.52	44730.41
290.59	44735.75
290.65	44710.20
290.72	44662.61
290.79	44628.56
290.85	44616.76
290.92	44628.10
290.98	44657.88
291.05	44727.04
291.12	44783.21
291.18	44837.07
291.25	44878.76
291.32	44940.65
291.38	44984.10
291.45	45035.03
291.52	45071.95
291.58	45111.46
291.65	45121.68
291.72	45133.76
291.78	45124.40
291.85	45103.42
291.91	45069.74
291.98	45072.95
292.05	45038.25
292.11	45024.32
292.18	45010.56
292.25	44978.10
292.31	44911.14
292.38	44881.37
292.45	44858.97
292.51	44853.23
292.58	44857.89
292.64	44900.22
292.71	44927.08
292.78	44965.48
292.84	45000.77
292.91	45061.48
292.98	45110.27
293.04	45175.49
293.11	45222.39
293.17	45269.90
293.24	45323.10
293.31	45373.90
293.37	45418.87
293.44	45455.52
293.51	45490.97
293.57	45498.54
293.64	45492.91
293.70	45472.97
293.77	45435.11
293.84	45368.21
293.90	45292.92
293.97	45224.08
294.04	45179.89
294.10	45143.58
294.17	45145.03
294.23	45167.14
294.30	45190.88
294.37	45194.00
294.43	45218.02
294.50	45215.58
294.56	45216.11
294.63	45224.44
294.70	45250.30
294.76	45285.00
294.83	45349.45
294.90	45430.22
294.96	45511.42
295.03	45589.96
295.09	45670.17
295.16	45748.67
295.23	45805.84
295.29	45862.64
295.36	45903.58
295.42	45920.53
295.49	45936.98
295.56	45956.83
295.62	45962.33
295.69	45959.59
295.75	45938.90
295.82	45901.58
295.89	45847.13
295.95	45767.32
296.02	45690.92
296.08	45626.50
296.15	45565.06
296.22	45511.80
296.28	45488.92
296.35	45504.44
296.41	45533.04
296.48	45581.15
296.55	45653.63
296.61	45739.35
296.68	45819.02
296.74	45921.41
296.81	46013.95
296.88	46092.69
296.94	46152.49
297.01	46206.23
297.07	46242.40
297.14	46284.25
297.20	46332.08
297.27	46390.46
297.34	46450.65
297.40	46507.58
297.47	46541.64
297.53	46562.09
297.60	46581.65
297.67	46569.64
297.73	46544.61
297.80	46497.06
297.86	46418.15
297.93	46320.52
298.00	46235.68
298.06	46147.82
298.13	46101.57
298.19	46088.78
298.26	46088.96
298.32	46116.20
298.39	46158.29
298.46	46193.50
298.52	46244.36
298.59	46305.33
298.65	46356.57
298.72	46430.90
298.78	46521.58
298.85	46604.48
298.92	46681.72
298.98	46757.79
299.05	46810.20
299.11	46864.57
299.18	46914.00
299.24	46961.18
299.31	46995.32
299.38	47031.04
299.44	47048.52
299.51	47063.50
299.57	47078.12
299.64	47088.55
299.70	47101.29
299.77	47097.61
299.84	47065.65
299.90	46993.58
299.97	46884.28
300.03	46739.22
300.10	46593.05
300.16	46476.71
300.23	46407.34
300.30	46404.84
300.36	46452.68
300.43	46538.93
300.49	46629.73
300.56	46731.94
300.62	46833.22
300.69	46925.71
300.75	47002.17
300.82	47089.12
300.89	47148.78
300.95	47207.89
301.02	47253.84
301.08	47292.33
301.15	47317.08
301.21	47364.43
301.28	47391.36
301.34	47418.07
301.41	47440.67
301.48	47460.06
301.54	47451.68
301.61	47455.49
301.67	47448.95
301.74	47446.41
301.80	47414.66
301.87	47371.96
301.93	47291.88
302.00	47198.75
302.06	47071.32
302.13	46958.67
302.20	46869.64
302.26	46802.14
302.33	46778.41
302.39	46785.63
302.46	46810.87
302.52	46847.75
302.59	46909.94
302.65	46968.68
302.72	47038.87
302.78	47108.82
302.85	47190.17
302.91	47236.54
302.98	47271.79
303.05	47302.57
303.11	47333.00
303.18	47340.88
303.24	47362.54
303.31	47384.43
303.37	47400.40
303.44	47412.23
303.50	47414.81
303.57	47408.18
303.63	47384.06
303.70	47363.72
303.76	47335.15
303.83	47299.34
303.89	47269.51
303.96	47233.95
304.03	47175.99
304.09	47098.78
304.16	46990.72
304.22	46857.44
304.29	46732.00
304.35	46630.89
304.42	46562.29
304.48	46542.29
304.55	46557.70
304.61	46596.15
304.68	46642.07
304.74	46677.88
304.81	46718.35
304.87	46747.89
304.94	46775.99
305.00	46786.94
305.07	46796.28
305.13	46775.97
305.20	46768.10
305.26	46764.74
305.33	46765.20
305.39	46765.86
305.46	46767.90
305.52	46754.83
305.59	46738.13
305.66	46712.24
305.72	46694.01
305.79	46668.58
305.85	46636.78
305.92	46557.26
305.98	46453.28
306.05	46293.69
306.11	46122.91
306.18	45937.03
306.24	45779.18
306.31	45635.44
306.37	45511.80
306.44	45404.82
306.50	45331.11
306.57	45298.06
306.63	45329.34
306.70	45415.59
306.76	45525.42
306.83	45625.75
306.89	45690.06
306.96	45717.79
307.02	45722.92
307.09	45728.40
307.15	45725.68
307.22	45734.01
307.28	45723.51
307.35	45710.43
307.41	45668.94
307.48	45635.27
307.54	45584.96
307.61	45545.46
307.67	45491.60
307.74	45459.16
307.80	45421.25
307.87	45386.61
307.93	45341.53
308.00	45305.04
308.06	45253.43
308.13	45187.83
308.19	45107.14
308.26	45030.83
308.32	44953.07
308.38	44885.65
308.45	44820.09
308.51	44766.04
308.58	44680.47
308.64	44580.83
308.71	44490.93
308.77	44420.37
308.84	44357.04
308.90	44345.22
308.97	44343.25
309.03	44337.66
309.10	44320.92
309.16	44298.98
309.23	44254.39
309.29	44217.24
309.36	44163.31
309.42	44117.58
309.49	44074.37
309.55	44039.28
309.62	43988.16
309.68	43956.34
309.75	43901.28
309.81	43847.27
309.88	43782.35
309.94	43722.56
310.00	43652.79
310.07	43601.95
310.13	43547.82
310.20	43482.98
310.26	43439.28
310.33	43378.92
310.39	43325.16
310.46	43267.51
310.52	43218.57
310.59	43143.41
310.65	43071.22
310.72	42988.91
310.78	42905.11
310.85	42820.67
310.91	42757.55
310.97	42709.57
311.04	42664.43
311.10	42631.18
311.17	42610.25
311.23	42563.61
311.30	42522.64
311.36	42493.92
311.43	42464.36
311.49	42415.91
311.56	42378.37
311.62	42346.04
311.69	42307.85
311.75	42267.44
311.81	42219.80
311.88	42188.65
311.94	42137.66
312.01	42084.35
312.07	42031.08
312.14	41999.97
312.20	41955.31
312.27	41916.42
312.33	41872.31
312.40	41820.37
312.46	41758.53
312.52	41698.86
312.59	41632.68
312.65	41563.27
312.72	41483.63
312.78	41399.64
312.85	41313.31
312.91	41230.90
312.98	41154.41
313.04	41093.75
313.10	41030.02
313.17	40969.01
313.23	40913.34
313.30	40857.97
313.36	40800.72
313.43	40760.31
313.49	40726.31
313.56	40682.58
313.62	40642.95
313.68	40598.73
313.75	40553.92
313.81	40504.51
313.88	40453.22
313.94	40402.79
314.01	40354.51
314.07	40310.69
314.13	40265.15
314.20	40233.86
314.26	40183.70
314.33	40136.35
314.39	40078.78
314.46	40008.54
314.52	39945.93
314.58	39895.16
314.65	39838.24
314.71	39774.56
314.78	39727.95
314.84	39666.35
314.91	39609.11
314.97	39556.33
315.03	39510.69
315.10	39458.72
315.16	39412.42
315.23	39356.63
315.29	39310.10
315.36	39262.09
315.42	39204.81
315.48	39152.18
315.55	39102.78
315.61	39037.55
315.68	38974.69
315.74	38919.96
315.81	38864.66
315.87	38818.25
315.93	38789.11
316.00	38779.06
316.06	38762.65
316.13	38737.09
316.19	38687.29
316.25	38604.84
316.32	38468.30
316.38	38303.12
316.45	38097.07
316.51	37879.58
316.58	37643.45
316.64	37396.62
316.70	37161.01
316.77	36927.36
316.83	36683.04
316.90	36434.20
316.96	36195.49
317.02	35941.01
317.09	35693.58
317.15	35448.97
317.22	35196.14
317.28	34937.26
317.34	34691.39
317.41	34436.31
317.47	34174.19
317.54	33927.48
317.60	33674.34
317.66	33406.22
317.73	33147.74
317.79	32895.00
317.86	32630.80
317.92	32377.17
317.98	32108.82
318.05	31837.85
318.11	31556.62
318.18	31285.33
318.24	31008.60
318.30	30738.58
318.37	30465.76
318.43	30188.71
318.50	29906.90
318.56	29621.17
318.62	29342.33
318.69	29069.13
318.75	28793.89
318.82	28515.60
318.88	28243.94
318.94	27969.13
319.01	27687.01
319.07	27420.77
319.13	27152.33
319.20	26871.31
319.26	26595.26
319.33	26313.75
319.39	26018.46
319.45	25733.55
319.52	25459.99
319.58	25172.85
319.65	24892.18
319.71	24613.22
319.77	24333.53
319.84	24054.49
319.90	23780.04
319.96	23499.44
320.03	23221.27
320.09	22945.10
320.16	22660.48
320.22	22386.37
320.28	22095.89
320.35	21819.06
320.41	21528.32
320.47	21247.43
320.54	20958.09
320.60	20695.07
320.67	20415.47
320.73	20138.78
320.79	19858.36
320.86	19582.48
320.92	19286.68
320.98	18996.06
321.05	18710.19
321.11	18414.13
321.18	18120.26
321.24	17842.30
321.30	17565.87
321.37	17293.01
321.43	17029.72
321.49	16759.26
321.56	16486.89
321.62	16221.98
321.68	15944.09
321.75	15668.10
321.81	15392.98
321.88	15113.85
321.94	14828.18
322.00	14548.40
322.07	14259.17
322.13	13976.51
322.19	13695.70
322.26	13414.49
322.32	13136.14
322.38	12867.05
322.45	12604.86
322.51	12338.50
322.58	12071.79
322.64	11808.18
322.70	11544.58
322.77	11272.70
322.83	11012.10
322.89	10744.94
322.96	10474.13
323.02	10203.03
323.08	9932.44
323.15	9664.00
323.21	9403.54
323.27	9146.35
323.34	8898.55
323.40	8654.23
323.46	8403.14
323.53	8047.09
323.59	6951.16
323.65	5376.33
323.72	3725.39
323.78	2128.42
323.85	689.07
323.91	41.35
323.97	-81.89
324.04	-82.24
