180.21	3362.90
180.28	-113.93
180.36	623.12
180.44	-44.15
180.51	-16.58
180.59	4.81
180.66	29.96
180.74	26.86
180.81	25.21
180.89	26.97
180.97	27.14
181.04	25.13
181.12	24.47
181.19	24.33
181.27	24.51
181.34	41.56
181.42	48.68
181.50	55.50
181.57	66.77
181.65	72.44
181.72	66.31
181.80	61.18
181.87	62.15
181.95	62.35
182.03	61.57
182.10	63.25
182.18	65.37
182.25	69.71
182.33	69.36
182.40	75.81
182.48	71.81
182.55	83.42
182.63	87.54
182.71	90.05
182.78	91.41
182.86	97.81
182.93	93.83
183.01	96.33
183.08	96.55
183.16	101.03
183.23	97.91
183.31	104.93
183.39	104.27
183.46	114.64
183.54	111.75
183.61	119.58
183.69	121.84
183.76	132.35
183.84	132.16
183.91	132.85
183.99	142.55
184.06	144.42
184.14	147.55
184.22	152.09
184.29	156.06
184.37	153.00
184.44	148.24
184.52	137.08
184.59	134.15
184.67	139.17
184.74	135.47
184.82	148.23
184.89	162.17
184.97	172.50
185.04	182.19
185.12	192.95
185.20	202.62
185.27	212.53
185.35	223.33
185.42	224.92
185.50	239.08
185.57	242.40
185.65	249.69
185.72	250.77
185.80	262.22
185.87	260.81
185.95	261.41
186.02	265.46
186.10	266.93
186.17	266.69
186.25	266.99
186.33	258.56
186.40	249.46
186.48	250.78
186.55	254.02
186.63	259.17
186.70	289.06
186.78	309.79
186.85	331.24
186.93	348.83
187.00	372.16
187.08	376.82
187.15	394.80
187.23	409.82
187.30	426.07
187.38	444.18
187.45	467.17
187.53	485.02
187.60	493.81
187.68	505.29
187.75	515.68
187.83	522.22
187.90	516.12
187.98	514.28
188.05	512.61
188.13	492.70
188.21	467.96
188.28	464.89
188.36	460.79
188.43	464.09
188.51	486.18
188.58	523.51
188.66	544.08
188.73	576.25
188.81	610.33
188.88	635.76
188.96	659.98
189.03	692.45
189.11	718.23
189.18	734.30
189.26	754.93
189.33	779.95
189.41	807.60
189.48	828.02
189.56	848.71
189.63	867.45
189.71	868.98
189.78	855.81
189.86	845.79
189.93	835.88
190.01	813.46
190.08	798.44
190.16	782.63
190.23	759.08
190.31	749.66
190.38	750.82
190.46	762.50
190.53	791.07
190.61	842.11
190.68	875.64
190.76	924.23
190.83	963.24
190.91	996.69
190.98	1020.61
191.06	1053.03
191.13	1076.44
191.21	1100.02
191.28	1114.71
191.35	1132.55
191.43	1146.43
191.50	1152.73
191.58	1165.92
191.65	1184.33
191.73	1194.46
191.80	1204.75
191.88	1212.59
191.95	1212.21
192.03	1212.89
192.10	1211.70
192.18	1210.02
192.25	1208.80
192.33	1203.36
192.40	1189.59
192.48	1182.75
192.55	1181.80
192.63	1185.74
192.70	1200.64
192.78	1229.70
192.85	1267.08
192.93	1297.54
193.00	1321.03
193.08	1340.30
193.15	1357.64
193.22	1368.65
193.30	1386.07
193.37	1423.11
193.45	1449.76
193.52	1482.43
193.60	1517.87
193.67	1545.83
193.75	1563.21
193.82	1589.64
193.90	1603.07
193.97	1609.95
194.05	1616.01
194.12	1613.97
194.20	1611.75
194.27	1611.36
194.34	1598.45
194.42	1585.53
194.49	1579.68
194.57	1573.42
194.64	1563.00
194.72	1560.26
194.79	1562.38
194.87	1571.41
194.94	1595.74
195.02	1631.58
195.09	1674.21
195.17	1723.49
195.24	1766.52
195.31	1800.88
195.39	1825.53
195.46	1846.64
195.54	1860.73
195.61	1869.70
195.69	1867.63
195.76	1858.02
195.84	1848.31
195.91	1820.56
195.99	1789.77
196.06	1761.09
196.13	1751.38
196.21	1748.72
196.28	1772.67
196.36	1812.55
196.43	1861.34
196.51	1910.18
196.58	1958.94
196.66	1996.37
196.73	2023.49
196.80	2040.04
196.88	2049.10
196.95	2053.57
197.03	2056.24
197.10	2047.68
197.18	2038.53
197.25	2020.70
197.33	1997.32
197.40	1972.76
197.47	1945.84
197.55	1929.77
197.62	1922.10
197.70	1926.07
197.77	1943.85
197.85	1986.12
197.92	2027.67
197.99	2076.77
198.07	2131.94
198.14	2178.95
198.22	2219.57
198.29	2251.89
198.37	2276.87
198.44	2294.46
198.51	2303.26
198.59	2301.74
198.66	2297.77
198.74	2279.70
198.81	2247.40
198.89	2202.27
198.96	2163.64
199.03	2125.03
199.11	2104.82
199.18	2099.01
199.26	2123.19
199.33	2163.94
199.41	2224.21
199.48	2280.64
199.55	2341.51
199.63	2388.27
199.70	2434.92
199.78	2463.48
199.85	2494.34
199.93	2514.83
200.00	2539.77
200.07	2539.57
200.15	2538.52
200.22	2527.00
200.30	2494.81
200.37	2451.81
200.44	2400.51
200.52	2352.72
200.59	2327.81
200.67	2325.33
200.74	2342.96
200.81	2386.44
200.89	2440.38
200.96	2497.45
201.04	2555.71
201.11	2618.35
201.19	2675.83
201.26	2728.76
201.33	2766.05
201.41	2802.96
201.48	2824.79
201.56	2837.57
201.63	2846.82
201.70	2838.47
201.78	2812.59
201.85	2779.74
201.93	2736.58
202.00	2691.55
202.07	2658.48
202.15	2632.51
202.22	2619.78
202.30	2641.67
202.37	2682.00
202.44	2744.53
202.52	2829.02
202.59	2919.72
202.67	2994.02
202.74	3060.93
202.81	3114.73
202.89	3157.98
202.96	3201.59
203.04	3243.53
203.11	3268.55
203.18	3286.24
203.26	3287.75
203.33	3259.18
203.41	3212.14
203.48	3153.98
203.55	3067.66
203.63	2996.76
203.70	2961.69
203.77	2964.10
203.85	3008.18
203.92	3096.49
204.00	3209.43
204.07	3314.67
204.14	3410.03
204.22	3490.98
204.29	3574.14
204.37	3638.65
204.44	3697.06
204.51	3753.67
204.59	3800.30
204.66	3825.25
204.73	3840.20
204.81	3837.94
204.88	3818.88
204.96	3780.99
205.03	3719.64
205.10	3651.28
205.18	3598.14
205.25	3559.49
205.32	3548.83
205.40	3577.78
205.47	3642.98
205.55	3727.07
205.62	3832.01
205.69	3953.69
205.77	4077.24
205.84	4188.04
205.91	4291.85
205.99	4380.33
206.06	4451.57
206.14	4513.93
206.21	4576.84
206.28	4623.56
206.36	4662.73
206.43	4680.52
206.50	4676.43
206.58	4633.00
206.65	4561.50
206.72	4458.17
206.80	4351.37
206.87	4270.41
206.95	4248.75
207.02	4292.81
207.09	4397.02
207.17	4552.75
207.24	4721.47
207.31	4879.80
207.39	5022.68
207.46	5157.04
207.53	5268.11
207.61	5377.81
207.68	5475.58
207.75	5568.91
207.83	5647.81
207.90	5715.30
207.98	5753.55
208.05	5772.48
208.12	5760.77
208.20	5715.25
208.27	5643.17
208.34	5549.58
208.42	5449.84
208.49	5380.38
208.56	5360.09
208.64	5398.40
208.71	5496.56
208.78	5628.26
208.86	5792.80
208.93	5959.77
209.00	6123.48
209.08	6283.95
209.15	6452.32
209.22	6598.01
209.30	6737.27
209.37	6865.00
209.44	6980.85
209.52	7080.80
209.59	7158.83
209.67	7221.64
209.74	7258.66
209.81	7271.43
209.89	7239.24
209.96	7170.07
210.03	7071.81
210.11	6973.94
210.18	6885.23
210.25	6849.35
210.33	6883.08
210.40	6983.57
210.47	7141.23
210.55	7342.35
210.62	7553.20
210.69	7757.94
210.77	7955.69
210.84	8130.18
210.91	8303.60
210.99	8466.35
211.06	8618.58
211.13	8760.61
211.21	8898.48
211.28	9006.38
211.35	9094.49
211.42	9151.09
211.50	9167.12
211.57	9137.75
211.64	9064.74
211.72	8957.22
211.79	8839.55
211.86	8770.66
211.94	8783.68
212.01	8872.33
212.08	9041.21
212.16	9264.84
212.23	9488.48
212.30	9698.07
212.38	9891.74
212.45	10066.88
212.52	10240.25
212.60	10408.73
212.67	10568.62
212.74	10729.10
212.82	10893.45
212.89	11056.16
212.96	11202.63
213.03	11326.94
213.11	11421.11
213.18	11474.36
213.25	11489.86
213.33	11464.27
213.40	11392.53
213.47	11333.48
213.55	11302.63
213.62	11306.96
213.69	11371.59
213.77	11517.36
213.84	11703.16
213.91	11915.87
213.98	12136.29
214.06	12352.36
214.13	12557.74
214.20	12737.20
214.28	12911.13
214.35	13098.31
214.42	13296.53
214.50	13493.13
214.57	13693.66
214.64	13892.08
214.72	14056.39
214.79	14195.85
214.86	14301.26
214.93	14368.86
215.01	14382.94
215.08	14350.15
215.15	14276.95
215.23	14182.49
215.30	14122.92
215.37	14141.40
215.44	14265.39
215.52	14472.84
215.59	14753.25
215.66	15047.63
215.74	15315.81
215.81	15547.57
215.88	15773.00
215.95	15979.86
216.03	16188.70
216.10	16398.06
216.17	16596.72
216.25	16782.32
216.32	16959.13
216.39	17113.95
216.46	17255.14
216.54	17384.44
216.61	17488.61
216.68	17549.84
216.76	17585.76
216.83	17581.76
216.90	17548.02
216.97	17512.99
217.05	17520.85
217.12	17584.25
217.19	17718.75
217.27	17917.44
217.34	18154.77
217.41	18433.29
217.48	18709.38
217.56	18980.14
217.63	19243.71
217.70	19494.13
217.78	19710.91
217.85	19902.27
217.92	20082.06
217.99	20254.65
218.07	20414.94
218.14	20563.63
218.21	20721.63
218.28	20870.19
218.36	21015.43
218.43	21148.71
218.50	21260.00
218.57	21317.23
218.65	21319.64
218.72	21267.57
218.79	21208.23
218.87	21181.27
218.94	21233.07
219.01	21373.26
219.08	21596.04
219.16	21869.61
219.23	22166.06
219.30	22451.08
219.37	22720.98
219.45	22965.46
219.52	23207.54
219.59	23414.36
219.66	23615.37
219.74	23804.72
219.81	24008.73
219.88	24190.35
219.95	24386.63
220.03	24570.95
220.10	24734.85
220.17	24870.55
220.24	24983.63
220.32	25060.61
220.39	25095.51
220.46	25085.56
220.53	25061.79
220.61	25025.08
220.68	25029.31
220.75	25100.54
220.82	25265.38
220.90	25471.49
220.97	25712.33
221.04	25951.55
221.11	26168.00
221.19	26369.64
221.26	26563.37
221.33	26759.35
221.40	26962.44
221.48	27172.03
221.55	27370.66
221.62	27558.42
221.69	27756.87
221.77	27936.09
221.84	28109.52
221.91	28262.28
221.98	28405.47
222.06	28532.84
222.13	28639.70
222.20	28710.27
222.27	28767.08
222.35	28807.62
222.42	28839.16
222.49	28882.77
222.56	28962.22
222.63	29068.08
222.71	29198.16
222.78	29348.73
222.85	29521.86
222.92	29689.70
223.00	29856.54
223.07	30028.73
223.14	30193.23
223.21	30358.11
223.29	30527.95
223.36	30704.86
223.43	30887.76
223.50	31065.77
223.57	31230.73
223.65	31401.62
223.72	31546.71
223.79	31671.81
223.86	31777.35
223.94	31869.27
224.01	31936.02
224.08	32003.45
224.15	32068.61
224.22	32133.86
224.30	32193.38
224.37	32267.52
224.44	32365.79
224.51	32474.47
224.59	32597.90
224.66	32730.80
224.73	32871.13
224.80	33006.50
224.87	33156.95
224.95	33315.52
225.02	33487.06
225.09	33646.37
225.16	33796.25
225.23	33938.17
225.31	34077.08
225.38	34198.59
225.45	34308.04
225.52	34421.70
225.60	34512.40
225.67	34582.78
225.74	34630.36
225.81	34688.72
225.88	34745.48
225.96	34818.86
226.03	34911.17
226.10	35036.86
226.17	35165.83
226.24	35291.99
226.32	35419.97
226.39	35537.74
226.46	35649.13
226.53	35761.06
226.60	35890.02
226.68	36002.91
226.75	36121.35
226.82	36229.28
226.89	36347.61
226.96	36440.49
227.04	36527.52
227.11	36605.16
227.18	36692.09
227.25	36746.49
227.32	36813.28
227.40	36895.20
227.47	36973.27
227.54	37046.60
227.61	37117.25
227.68	37181.35
227.76	37236.80
227.83	37301.07
227.90	37368.01
227.97	37454.37
228.04	37551.13
228.11	37635.60
228.19	37708.83
228.26	37800.31
228.33	37894.88
228.40	37973.26
228.47	38082.19
228.55	38199.21
228.62	38306.45
228.69	38409.03
228.76	38497.63
228.83	38564.51
228.90	38632.91
228.98	38695.44
229.05	38769.89
229.12	38865.16
229.19	38967.75
229.26	39068.46
229.34	39159.90
229.41	39234.40
229.48	39279.70
229.55	39334.94
229.62	39394.42
229.69	39442.43
229.77	39485.06
229.84	39543.89
229.91	39575.45
229.98	39611.72
230.05	39656.84
230.12	39705.45
230.20	39784.50
230.27	39874.07
230.34	39955.39
230.41	40043.15
230.48	40143.64
230.55	40222.13
230.63	40297.60
230.70	40379.51
230.77	40432.69
230.84	40474.42
230.91	40509.92
230.98	40550.03
231.06	40576.86
231.13	40651.79
231.20	40735.67
231.27	40825.21
231.34	40906.37
231.41	41000.27
231.49	41061.07
231.56	41115.03
231.63	41161.80
231.70	41201.48
231.77	41230.54
231.84	41260.10
231.92	41290.94
231.99	41332.33
232.06	41370.17
232.13	41420.65
232.20	41485.46
232.27	41545.95
232.34	41588.85
232.42	41637.19
232.49	41674.09
232.56	41713.06
232.63	41764.21
232.70	41834.15
232.77	41899.20
232.85	41971.99
232.92	42031.62
232.99	42075.88
233.06	42099.81
233.13	42138.17
233.20	42159.37
233.27	42179.24
233.35	42191.97
233.42	42206.86
233.49	42230.56
233.56	42265.13
233.63	42307.65
233.70	42353.93
233.77	42415.70
233.85	42465.89
233.92	42521.44
233.99	42564.33
234.06	42599.06
234.13	42629.62
234.20	42672.64
234.27	42700.12
234.35	42733.98
234.42	42771.41
234.49	42791.36
234.56	42797.97
234.63	42801.07
234.70	42800.71
234.77	42808.51
234.84	42816.06
234.92	42814.71
234.99	42831.52
235.06	42854.42
235.13	42863.44
235.20	42888.06
235.27	42927.97
235.34	42959.27
235.41	43002.30
235.49	43052.83
235.56	43093.00
235.63	43116.91
235.70	43135.32
235.77	43130.28
235.84	43131.41
235.91	43125.68
235.98	43131.06
236.06	43138.15
236.13	43149.70
236.20	43157.92
236.27	43161.29
236.34	43169.81
236.41	43179.14
236.48	43188.06
236.55	43196.79
236.63	43214.46
236.70	43216.50
236.77	43221.43
236.84	43238.04
236.91	43250.14
236.98	43268.18
237.05	43298.74
237.12	43317.14
237.19	43320.64
237.27	43331.80
237.34	43331.31
237.41	43323.53
237.48	43317.54
237.55	43315.24
237.62	43301.73
237.69	43317.71
237.76	43344.53
237.83	43375.07
237.91	43402.38
237.98	43437.54
238.05	43453.32
238.12	43457.77
238.19	43457.47
238.26	43470.20
238.33	43485.25
238.40	43488.49
238.47	43482.39
238.54	43490.36
238.62	43485.95
238.69	43470.16
238.76	43455.83
238.83	43450.62
238.90	43452.59
238.97	43465.46
239.04	43483.21
239.11	43515.08
239.18	43542.42
239.25	43554.03
239.33	43547.94
239.40	43547.09
239.47	43529.53
239.54	43508.81
239.61	43490.97
239.68	43471.59
239.75	43458.62
239.82	43460.15
239.89	43464.22
239.96	43477.07
240.03	43504.58
240.11	43524.94
240.18	43536.71
240.25	43549.16
240.32	43554.23
240.39	43564.35
240.46	43560.40
240.53	43593.11
240.60	43632.51
240.67	43672.90
240.74	43697.63
240.81	43738.60
240.88	43739.90
240.96	43750.86
241.03	43751.94
241.10	43755.81
241.17	43756.64
241.24	43776.61
241.31	43790.50
241.38	43786.76
241.45	43788.81
241.52	43788.58
241.59	43789.94
241.66	43783.16
241.73	43808.77
241.80	43833.40
241.88	43850.30
241.95	43857.31
242.02	43885.71
242.09	43891.44
242.16	43887.67
242.23	43908.59
242.30	43929.74
242.37	43933.19
242.44	43952.21
242.51	43969.04
242.58	43973.70
242.65	43978.04
242.72	43989.48
242.79	43995.23
242.87	44012.84
242.94	44031.27
243.01	44047.26
243.08	44068.08
243.15	44086.13
243.22	44110.96
243.29	44140.65
243.36	44177.32
243.43	44215.30
243.50	44264.31
243.57	44318.59
243.64	44363.64
243.71	44407.06
243.78	44433.80
243.85	44447.40
243.92	44444.40
243.99	44449.88
244.07	44455.18
244.14	44459.73
244.21	44482.20
244.28	44510.11
244.35	44537.57
244.42	44566.70
244.49	44591.08
244.56	44616.35
244.63	44645.54
244.70	44649.48
244.77	44650.20
244.84	44670.38
244.91	44686.24
244.98	44714.35
245.05	44763.62
245.12	44823.94
245.19	44885.68
245.26	44935.72
245.33	44979.28
245.40	45032.30
245.47	45086.05
245.55	45126.98
245.62	45177.01
245.69	45221.86
245.76	45264.91
245.83	45298.00
245.90	45329.46
245.97	45353.80
246.04	45391.62
246.11	45415.82
246.18	45429.18
246.25	45453.73
246.32	45478.58
246.39	45500.64
246.46	45542.60
246.53	45602.89
246.60	45665.78
246.67	45731.57
246.74	45792.53
246.81	45844.59
246.88	45894.38
246.95	45943.52
247.02	45998.70
247.09	46043.39
247.16	46075.73
247.23	46095.62
247.30	46104.73
247.37	46109.68
247.44	46131.55
247.51	46164.91
247.58	46201.86
247.66	46248.01
247.73	46324.07
247.80	46382.00
247.87	46451.10
247.94	46527.65
248.01	46624.03
248.08	46677.54
248.15	46739.74
248.22	46789.22
248.29	46845.63
248.36	46872.02
248.43	46922.98
248.50	46986.80
248.57	47045.06
248.64	47100.07
248.71	47178.51
248.78	47257.17
248.85	47309.18
248.92	47375.21
248.99	47431.76
249.06	47461.74
249.13	47481.13
249.20	47508.45
249.27	47523.66
249.34	47541.53
249.41	47577.31
249.48	47615.03
249.55	47645.73
249.62	47690.18
249.69	47734.66
249.76	47777.43
249.83	47816.57
249.90	47887.22
249.97	47947.51
250.04	48023.75
250.11	48114.99
250.18	48207.96
250.25	48279.19
250.32	48348.15
250.39	48418.09
250.46	48472.58
250.53	48525.34
250.60	48591.33
250.67	48669.20
250.74	48723.14
250.81	48753.63
250.88	48794.85
250.95	48827.35
251.02	48849.84
251.09	48887.25
251.16	48954.55
251.23	49008.88
251.30	49057.15
251.37	49101.28
251.44	49147.99
251.51	49187.28
251.58	49237.83
251.65	49298.92
251.72	49364.15
251.79	49424.73
251.86	49472.19
251.93	49509.66
252.00	49533.63
252.07	49552.54
252.14	49573.43
252.21	49610.71
252.28	49650.09
252.35	49705.33
252.42	49781.51
252.49	49850.48
252.56	49917.54
252.63	49980.29
252.70	50031.99
252.77	50072.15
252.84	50115.65
252.91	50151.36
252.98	50196.68
253.05	50233.01
253.12	50267.42
253.19	50309.15
253.25	50357.22
253.32	50393.99
253.39	50448.01
253.46	50495.11
253.53	50531.67
253.60	50559.08
253.67	50589.53
253.74	50631.80
253.81	50686.81
253.88	50744.16
253.95	50804.31
254.02	50855.39
254.09	50895.63
254.16	50928.06
254.23	50957.75
254.30	50981.75
254.37	51028.65
254.44	51078.49
254.51	51129.66
254.58	51168.27
254.65	51208.53
254.72	51238.64
254.79	51240.34
254.86	51258.99
254.93	51277.71
255.00	51317.68
255.07	51357.28
255.14	51423.40
255.21	51459.34
255.28	51485.49
255.34	51483.19
255.41	51485.95
255.48	51498.53
255.55	51515.82
255.62	51556.65
255.69	51600.22
255.76	51649.82
255.83	51685.39
255.90	51732.77
255.97	51780.16
256.04	51811.33
256.11	51848.91
256.18	51881.04
256.25	51914.88
256.32	51949.34
256.39	51999.55
256.46	52031.84
256.53	52063.18
256.60	52089.98
256.67	52115.32
256.74	52135.02
256.80	52164.82
256.87	52184.62
256.94	52194.32
257.01	52200.45
257.08	52223.17
257.15	52241.22
257.22	52267.82
257.29	52290.59
257.36	52309.49
257.43	52317.67
257.50	52305.41
257.57	52297.59
257.64	52301.41
257.71	52311.26
257.78	52339.95
257.85	52384.50
257.92	52429.12
257.98	52474.81
258.05	52505.99
258.12	52512.83
258.19	52505.68
258.26	52488.46
258.33	52455.31
258.40	52437.11
258.47	52422.55
258.54	52427.26
258.61	52447.73
258.68	52476.46
258.75	52513.99
258.82	52561.49
258.89	52586.21
258.95	52597.48
259.02	52615.03
259.09	52611.88
259.16	52597.72
259.23	52581.07
259.30	52562.04
259.37	52550.68
259.44	52558.57
259.51	52571.43
259.58	52604.11
259.65	52628.00
259.72	52653.40
259.79	52652.45
259.85	52646.25
259.92	52625.89
259.99	52631.77
260.06	52629.77
260.13	52637.40
260.20	52635.22
260.27	52633.98
260.34	52609.22
260.41	52580.38
260.48	52564.17
260.55	52569.80
260.62	52585.61
260.68	52601.59
260.75	52606.35
260.82	52601.65
260.89	52604.10
260.96	52594.50
261.03	52595.37
261.10	52602.86
261.17	52593.09
261.24	52553.81
261.31	52530.80
261.38	52505.64
261.44	52467.96
261.51	52451.85
261.58	52441.69
261.65	52424.80
261.72	52405.03
261.79	52397.18
261.86	52388.45
261.93	52388.54
262.00	52374.56
262.07	52360.09
262.13	52352.44
262.20	52337.58
262.27	52326.09
262.34	52333.93
262.41	52334.58
262.48	52324.74
262.55	52320.82
262.62	52310.30
262.69	52278.52
262.76	52262.79
262.82	52238.82
262.89	52220.30
262.96	52202.12
263.03	52200.82
263.10	52193.89
263.17	52184.29
263.24	52164.04
263.31	52141.12
263.38	52122.04
263.44	52110.75
263.51	52105.13
263.58	52093.30
263.65	52068.32
263.72	52026.47
263.79	51959.61
263.86	51907.58
263.93	51863.46
264.00	51841.06
264.06	51839.67
264.13	51849.53
264.20	51840.09
264.27	51820.02
264.34	51790.61
264.41	51738.60
264.48	51692.21
264.55	51647.68
264.61	51620.35
264.68	51597.27
264.75	51577.42
264.82	51536.21
264.89	51515.67
264.96	51491.11
265.03	51458.92
265.10	51438.25
265.16	51426.25
265.23	51413.66
265.30	51394.77
265.37	51376.04
265.44	51346.81
265.51	51342.31
265.58	51318.83
265.65	51292.54
265.71	51269.52
265.78	51254.42
265.85	51211.66
265.92	51178.83
265.99	51133.20
266.06	51093.17
266.13	51046.90
266.20	51013.60
266.26	50986.55
266.33	50964.22
266.40	50942.21
266.47	50911.34
266.54	50856.55
266.61	50809.63
266.68	50776.70
266.74	50738.01
266.81	50700.94
266.88	50670.87
266.95	50619.10
267.02	50570.42
267.09	50522.50
267.16	50484.29
267.22	50469.88
267.29	50451.90
267.36	50441.12
267.43	50428.25
267.50	50417.30
267.57	50400.11
267.64	50378.62
267.70	50352.81
267.77	50325.15
267.84	50297.22
267.91	50256.98
267.98	50231.00
268.05	50196.03
268.11	50165.74
268.18	50131.27
268.25	50109.05
268.32	50065.11
268.39	50009.45
268.46	49955.14
268.53	49895.44
268.59	49825.79
268.66	49784.65
268.73	49748.23
268.80	49711.50
268.87	49684.43
268.94	49679.10
269.00	49667.23
269.07	49675.35
269.14	49690.97
269.21	49688.37
269.28	49661.13
269.35	49634.25
269.41	49600.03
269.48	49562.28
269.55	49533.12
269.62	49511.85
269.69	49481.80
269.76	49449.57
269.82	49403.41
269.89	49372.23
269.96	49338.10
270.03	49310.06
270.10	49276.77
270.17	49245.14
270.23	49196.09
270.30	49162.51
270.37	49142.65
270.44	49123.92
270.51	49110.72
270.58	49112.42
270.64	49108.88
270.71	49084.77
270.78	49075.11
270.85	49070.25
270.92	49059.99
270.99	49037.05
271.05	49019.60
271.12	48983.57
271.19	48938.35
271.26	48883.67
271.33	48844.54
271.39	48805.25
271.46	48754.53
271.53	48725.23
271.60	48708.39
271.67	48689.55
271.74	48663.19
271.80	48659.77
271.87	48646.79
271.94	48620.73
272.01	48585.77
272.08	48558.91
272.14	48518.79
272.21	48489.15
272.28	48479.15
272.35	48461.88
272.42	48450.86
272.48	48459.65
272.55	48452.53
272.62	48431.15
272.69	48434.45
272.76	48432.13
272.83	48410.34
272.89	48385.90
272.96	48371.66
273.03	48344.30
273.10	48313.74
273.17	48288.23
273.23	48268.26
273.30	48246.23
273.37	48207.36
273.44	48167.39
273.51	48127.93
273.57	48096.64
273.64	48075.34
273.71	48070.56
273.78	48066.58
273.85	48069.22
273.91	48069.58
273.98	48068.19
274.05	48085.72
274.12	48119.72
274.19	48148.92
274.25	48171.52
274.32	48180.41
274.39	48157.05
274.46	48102.16
274.53	48037.25
274.59	47963.83
274.66	47909.15
274.73	47864.95
274.80	47833.22
274.86	47805.40
274.93	47792.30
275.00	47764.85
275.07	47743.68
275.14	47724.26
275.20	47700.94
275.27	47678.94
275.34	47661.07
275.41	47640.73
275.48	47635.57
275.54	47645.71
275.61	47646.76
275.68	47641.78
275.75	47636.70
275.81	47609.12
275.88	47582.78
275.95	47566.49
276.02	47541.65
276.09	47516.14
276.15	47503.76
276.22	47497.38
276.29	47480.96
276.36	47457.38
276.42	47419.05
276.49	47384.51
276.56	47327.06
276.63	47272.89
276.70	47233.23
276.76	47220.22
276.83	47208.40
276.90	47209.82
276.97	47217.18
277.03	47240.48
277.10	47237.14
277.17	47229.81
277.24	47215.06
277.30	47190.80
277.37	47151.04
277.44	47137.91
277.51	47124.33
277.58	47109.94
277.64	47101.12
277.71	47097.76
277.78	47073.85
277.85	47033.11
277.91	46987.72
277.98	46943.54
278.05	46896.61
278.12	46853.79
278.18	46823.06
278.25	46808.02
278.32	46805.97
278.39	46826.49
278.45	46855.67
278.52	46890.02
278.59	46924.40
278.66	46942.21
278.72	46930.28
278.79	46901.44
278.86	46865.75
278.93	46827.36
278.99	46768.00
279.06	46718.02
279.13	46680.87
279.20	46665.94
279.26	46669.43
279.33	46697.32
279.40	46732.95
279.47	46766.22
279.53	46783.43
279.60	46754.41
279.67	46700.28
279.74	46614.25
279.80	46519.54
279.87	46431.99
279.94	46364.98
280.01	46339.38
280.07	46333.38
280.14	46330.75
280.21	46333.79
280.28	46348.58
280.34	46346.28
280.41	46343.11
280.48	46339.97
280.55	46332.95
280.61	46313.64
280.68	46290.60
280.75	46261.60
280.82	46240.35
280.88	46203.29
280.95	46165.54
281.02	46114.97
281.08	46053.55
281.15	45982.50
281.22	45925.48
281.29	45858.56
281.35	45786.08
281.42	45722.29
281.49	45656.52
281.56	45572.08
281.62	45514.58
281.69	45465.32
281.76	45420.81
281.82	45397.07
281.89	45382.05
281.96	45371.14
282.03	45367.99
282.09	45392.57
282.16	45400.11
282.23	45408.66
282.30	45413.23
282.36	45414.41
282.43	45403.68
282.50	45417.47
282.56	45420.05
282.63	45412.64
282.70	45415.76
282.77	45423.85
282.83	45414.66
282.90	45415.58
282.97	45406.75
283.03	45383.02
283.10	45325.22
283.17	45248.50
283.24	45157.95
283.30	45059.84
283.37	44973.35
283.44	44910.01
283.50	44875.36
283.57	44864.49
283.64	44870.90
283.71	44861.07
283.77	44851.41
283.84	44855.79
283.91	44849.18
283.97	44849.93
284.04	44871.91
284.11	44889.81
284.18	44897.36
284.24	44907.37
284.31	44913.45
284.38	44912.67
284.44	44916.19
284.51	44913.80
284.58	44917.03
284.64	44909.38
284.71	44903.84
284.78	44889.67
284.85	44868.80
284.91	44837.65
284.98	44812.59
285.05	44775.03
285.11	44728.07
285.18	44665.30
285.25	44616.22
285.31	44580.02
285.38	44547.27
285.45	44532.35
285.52	44546.94
285.58	44563.71
285.65	44579.17
285.72	44604.53
285.78	44636.32
285.85	44671.80
285.92	44696.31
285.98	44720.20
286.05	44743.21
286.12	44774.73
286.18	44787.34
286.25	44803.35
286.32	44808.32
286.39	44826.36
286.45	44817.46
286.52	44784.35
286.59	44741.93
286.65	44686.07
286.72	44602.12
286.79	44529.14
286.85	44477.05
286.92	44436.47
286.99	44422.26
287.05	44413.54
287.12	44411.55
287.19	44432.20
287.25	44458.30
287.32	44469.82
287.39	44504.87
287.45	44544.12
287.52	44564.04
287.59	44582.64
287.65	44620.96
287.72	44636.87
287.79	44644.66
287.86	44651.07
287.92	44650.72
287.99	44641.27
288.06	44657.81
288.12	44655.02
288.19	44666.66
288.26	44672.32
288.32	44678.25
288.39	44666.48
288.46	44668.82
288.52	44666.25
288.59	44654.46
288.66	44624.87
288.72	44582.49
288.79	44527.92
288.86	44472.26
288.92	44428.98
288.99	44399.47
289.06	44390.90
289.12	44421.35
289.19	44458.00
289.26	44507.88
289.32	44563.85
289.39	44631.40
289.45	44677.54
289.52	44709.83
289.59	44741.96
289.65	44769.36
289.72	44765.82
289.79	44766.57
289.85	44763.94
289.92	44753.53
289.99	44734.41
290.05	44717.85
290.12	44680.98
290.19	44653.53
290.25	44624.64
290.32	44614.37
290.39	44619.67
290.45	44635.42
290.52	44655.33
290.59	44659.75
290.65	44634.68
290.72	44587.26
290.79	44566.28
290.85	44549.79
290.92	44564.27
290.98	44615.62
291.05	44688.96
291.12	44737.21
291.18	44791.68
291.25	44840.61
291.32	44875.20
291.38	44911.34
291.45	44951.40
291.52	44983.49
291.58	45010.84
291.65	45026.92
291.72	45034.83
291.78	45037.09
291.85	45013.05
291.91	44986.57
291.98	44969.74
292.05	44942.10
292.11	44907.96
292.18	44895.63
292.25	44858.45
292.31	44820.76
292.38	44794.46
292.45	44784.75
292.51	44775.14
292.58	44791.03
292.64	44819.55
292.71	44846.54
292.78	44891.01
292.84	44931.30
292.91	44986.08
292.98	45038.79
293.04	45089.74
293.11	45128.90
293.17	45185.64
293.24	45244.62
293.31	45289.40
293.37	45342.34
293.44	45380.57
293.51	45406.39
293.57	45405.71
293.64	45409.71
293.70	45398.86
293.77	45367.09
293.84	45309.35
293.90	45237.86
293.97	45169.99
294.04	45111.73
294.10	45077.85
294.17	45074.43
294.23	45096.78
294.30	45102.28
294.37	45114.68
294.43	45125.53
294.50	45124.19
294.56	45128.75
294.63	45147.57
294.70	45179.89
294.76	45225.86
294.83	45299.24
294.90	45376.38
294.96	45455.76
295.03	45526.53
295.09	45611.88
295.16	45678.98
295.23	45741.23
295.29	45801.37
295.36	45855.76
295.42	45870.80
295.49	45877.19
295.56	45893.00
295.62	45896.99
295.69	45873.66
295.75	45855.61
295.82	45824.31
295.89	45760.27
295.95	45680.42
296.02	45607.24
296.08	45529.89
296.15	45464.48
296.22	45418.91
296.28	45401.73
296.35	45417.49
296.41	45451.89
296.48	45511.07
296.55	45589.63
296.61	45674.94
296.68	45762.63
296.74	45865.80
296.81	45953.23
296.88	46023.30
296.94	46084.05
297.01	46121.50
297.07	46152.30
297.14	46197.92
297.20	46246.94
297.27	46308.69
297.34	46383.78
297.40	46445.16
297.47	46487.15
297.53	46498.86
297.60	46497.58
297.67	46486.20
297.73	46448.17
297.80	46394.52
297.86	46335.34
297.93	46251.57
298.00	46154.13
298.06	46070.90
298.13	46021.62
298.19	46003.89
298.26	46010.80
298.32	46038.63
298.39	46088.34
298.46	46120.13
298.52	46168.75
298.59	46227.07
298.65	46300.36
298.72	46376.56
298.78	46467.10
298.85	46533.72
298.92	46605.53
298.98	46669.82
299.05	46728.18
299.11	46780.01
299.18	46833.31
299.24	46878.24
299.31	46897.69
299.38	46922.29
299.44	46943.15
299.51	46971.42
299.57	46992.12
299.64	47010.71
299.70	47022.34
299.77	47018.29
299.84	46985.85
299.90	46909.40
299.97	46796.69
300.03	46645.63
300.10	46497.56
300.16	46369.81
300.23	46315.64
300.30	46319.06
300.36	46363.78
300.43	46450.16
300.49	46550.19
300.56	46645.36
300.62	46752.98
300.69	46855.53
300.75	46936.55
300.82	47020.39
300.89	47078.76
300.95	47127.37
301.02	47168.63
301.08	47207.24
301.15	47248.58
301.21	47286.21
301.28	47312.51
301.34	47348.42
301.41	47377.40
301.48	47385.16
301.54	47391.02
301.61	47392.45
301.67	47388.18
301.74	47378.12
301.80	47346.46
301.87	47290.43
301.93	47220.03
302.00	47109.17
302.06	46983.93
302.13	46855.23
302.20	46765.54
302.26	46704.45
302.33	46688.46
302.39	46696.93
302.46	46734.08
302.52	46768.54
302.59	46814.94
302.65	46866.16
302.72	46937.80
302.78	47007.19
302.85	47088.02
302.91	47141.60
302.98	47199.27
303.05	47225.41
303.11	47264.14
303.18	47275.32
303.24	47300.43
303.31	47309.44
303.37	47324.55
303.44	47328.87
303.50	47333.39
303.57	47323.51
303.63	47312.60
303.70	47291.83
303.76	47259.75
303.83	47226.65
303.89	47199.29
303.96	47143.42
304.03	47077.79
304.09	46994.27
304.16	46888.36
304.22	46744.35
304.29	46627.30
304.35	46527.99
304.42	46471.44
304.48	46453.72
304.55	46481.64
304.61	46509.20
304.68	46555.97
304.74	46601.39
304.81	46644.64
304.87	46671.93
304.94	46716.59
305.00	46738.05
305.07	46737.13
305.13	46718.49
305.20	46715.29
305.26	46709.67
305.33	46701.44
305.39	46705.58
305.46	46694.04
305.52	46674.69
305.59	46649.98
305.66	46624.68
305.72	46589.32
305.79	46565.92
305.85	46535.70
305.92	46471.37
305.98	46364.81
306.05	46220.57
306.11	46056.81
306.18	45864.68
306.24	45688.29
306.31	45549.95
306.37	45421.31
306.44	45316.62
306.50	45252.00
306.57	45231.57
306.63	45258.97
306.70	45351.97
306.76	45454.75
306.83	45552.91
306.89	45619.07
306.96	45642.84
307.02	45638.91
307.09	45642.97
307.15	45647.17
307.22	45651.45
307.28	45644.85
307.35	45625.93
307.41	45593.98
307.48	45558.33
307.54	45512.39
307.61	45480.99
307.67	45436.78
307.74	45395.50
307.80	45355.47
307.87	45319.55
307.93	45280.41
308.00	45241.08
308.06	45190.30
308.13	45128.92
308.19	45058.80
308.26	44977.98
308.32	44912.68
308.38	44842.55
308.45	44769.41
308.51	44699.73
308.58	44618.41
308.64	44519.14
308.71	44441.52
308.77	44377.19
308.84	44306.84
308.90	44274.78
308.97	44255.90
309.03	44245.99
309.10	44221.69
309.16	44206.42
309.23	44170.29
309.29	44146.87
309.36	44102.63
309.42	44065.85
309.49	44031.78
309.55	43998.79
309.62	43949.47
309.68	43898.92
309.75	43827.95
309.81	43760.32
309.88	43703.29
309.94	43633.57
310.00	43564.84
310.07	43519.77
310.13	43483.96
310.20	43418.46
310.26	43363.98
310.33	43316.88
310.39	43262.76
310.46	43191.15
310.52	43135.59
310.59	43058.10
310.65	42980.64
310.72	42894.04
310.78	42808.26
310.85	42723.34
310.91	42675.19
310.97	42626.84
311.04	42596.32
311.10	42563.09
311.17	42537.67
311.23	42501.49
311.30	42460.69
311.36	42427.22
311.43	42397.76
311.49	42365.26
311.56	42331.80
311.62	42286.08
311.69	42237.93
311.75	42202.20
311.81	42151.48
311.88	42091.77
311.94	42038.87
312.01	42001.24
312.07	41942.10
312.14	41896.18
312.20	41866.40
312.27	41844.00
312.33	41786.43
312.40	41733.41
312.46	41677.95
312.52	41612.75
312.59	41541.09
312.65	41471.26
312.72	41409.95
312.78	41326.64
312.85	41251.72
312.91	41178.98
312.98	41107.85
313.04	41030.00
313.10	40966.08
313.17	40902.13
313.23	40845.07
313.30	40802.35
313.36	40746.26
313.43	40709.16
313.49	40670.91
313.56	40624.78
313.62	40574.06
313.68	40535.98
313.75	40491.73
313.81	40446.77
313.88	40402.30
313.94	40350.47
314.01	40298.01
314.07	40246.75
314.13	40197.79
314.20	40153.20
314.26	40098.03
314.33	40065.07
314.39	40028.31
314.46	39970.72
314.52	39910.99
314.58	39863.59
314.65	39796.32
314.71	39719.36
314.78	39657.16
314.84	39604.28
314.91	39547.95
314.97	39489.09
315.03	39445.33
315.10	39400.01
315.16	39336.28
315.23	39283.43
315.29	39238.37
315.36	39193.69
315.42	39144.70
315.48	39088.70
315.55	39034.92
315.61	38973.74
315.68	38907.99
315.74	38850.02
315.81	38810.98
315.87	38764.70
315.93	38732.61
316.00	38721.42
316.06	38700.13
316.13	38681.63
316.19	38636.27
316.25	38548.82
316.32	38416.09
316.38	38252.30
316.45	38052.03
316.51	37827.37
316.58	37597.64
316.64	37354.28
316.70	37117.77
316.77	36871.83
316.83	36627.83
316.90	36379.38
316.96	36127.95
317.02	35874.48
317.09	35624.89
317.15	35387.09
317.22	35138.33
317.28	34885.17
317.34	34633.55
317.41	34375.03
317.47	34121.86
317.54	33871.76
317.60	33627.04
317.66	33367.87
317.73	33103.37
317.79	32840.81
317.86	32585.13
317.92	32319.81
317.98	32050.08
318.05	31782.73
318.11	31503.52
318.18	31227.00
318.24	30956.23
318.30	30691.75
318.37	30425.47
318.43	30148.68
318.50	29865.22
318.56	29576.09
318.62	29294.89
318.69	29013.93
318.75	28737.98
318.82	28452.93
318.88	28176.80
318.94	27900.31
319.01	27634.44
319.07	27363.97
319.13	27097.24
319.20	26830.28
319.26	26555.67
319.33	26263.57
319.39	25975.42
319.45	25696.20
319.52	25418.09
319.58	25128.92
319.65	24850.92
319.71	24577.03
319.77	24304.02
319.84	24021.47
319.90	23754.80
319.96	23478.47
320.03	23195.14
320.09	22912.97
320.16	22621.78
320.22	22331.19
320.28	22047.44
320.35	21759.32
320.41	21470.65
320.47	21201.67
320.54	20922.78
320.60	20654.60
320.67	20386.84
320.73	20114.29
320.79	19826.92
320.86	19544.86
320.92	19247.30
320.98	18958.02
321.05	18661.80
321.11	18371.65
321.18	18086.73
321.24	17805.63
321.30	17529.91
321.37	17267.40
321.43	17004.87
321.49	16730.06
321.56	16453.39
321.62	16188.33
321.68	15909.73
321.75	15628.54
321.81	15360.66
321.88	15083.17
321.94	14795.83
322.00	14517.52
322.07	14231.98
322.13	13949.39
322.19	13677.34
322.26	13395.58
322.32	13117.04
322.38	12852.28
322.45	12581.97
322.51	12312.81
322.58	12056.64
322.64	11790.64
322.70	11522.91
322.77	11251.42
322.83	10990.15
322.89	10713.22
322.96	10445.54
323.02	10181.83
323.08	9912.82
323.15	9648.25
323.21	9393.11
323.27	9136.96
323.34	8879.29
323.40	8636.47
323.46	8385.96
323.53	8034.91
323.59	6939.75
323.65	5370.23
323.72	3724.16
323.78	2128.32
323.85	686.21
323.91	39.15
323.97	-81.28
324.04	-81.68
