180.21	3361.15
180.28	-114.88
180.36	623.27
180.44	-43.35
180.51	-15.15
180.59	5.42
180.66	30.98
180.74	28.01
180.81	25.85
180.89	27.11
180.97	28.07
181.04	25.88
181.12	24.53
181.19	24.87
181.27	25.22
181.34	42.41
181.42	48.90
181.50	56.47
181.57	68.16
181.65	73.18
181.72	66.78
181.80	61.83
181.87	61.66
181.95	61.58
182.03	60.41
182.10	62.35
182.18	64.73
182.25	69.70
182.33	68.69
182.40	75.92
182.48	71.64
182.55	82.67
182.63	86.81
182.71	89.83
182.78	91.60
182.86	97.71
182.93	94.58
183.01	97.17
183.08	97.35
183.16	102.77
183.23	99.46
183.31	105.63
183.39	105.14
183.46	115.33
183.54	110.68
183.61	119.62
183.69	122.34
183.76	132.76
183.84	132.56
183.91	135.75
183.99	144.99
184.06	147.12
184.14	149.65
184.22	154.07
184.29	157.13
184.37	154.72
184.44	150.12
184.52	139.47
184.59	136.22
184.67	141.08
184.74	135.82
184.82	147.71
184.89	161.80
184.97	172.60
185.04	181.36
185.12	193.68
185.20	204.17
185.27	214.39
185.35	225.72
185.42	227.28
185.50	241.33
185.57	243.69
185.65	250.52
185.72	252.94
185.80	263.66
185.87	262.45
185.95	263.90
186.02	267.19
186.10	268.06
186.17	268.42
186.25	268.62
186.33	259.52
186.40	250.61
186.48	249.53
186.55	253.24
186.63	258.15
186.70	287.90
186.78	309.39
186.85	332.57
186.93	350.50
187.00	373.47
187.08	379.55
187.15	397.18
187.23	411.34
187.30	427.37
187.38	446.06
187.45	467.93
187.53	486.64
187.60	495.33
187.68	506.55
187.75	518.49
187.83	525.98
187.90	519.80
187.98	519.18
188.05	514.89
188.13	493.49
188.21	467.40
188.28	465.11
188.36	461.34
188.43	467.06
188.51	489.82
188.58	529.83
188.66	548.84
188.73	578.56
188.81	612.58
188.88	635.43
188.96	655.46
189.03	688.83
189.11	716.43
189.18	734.85
189.26	755.12
189.33	782.23
189.41	808.05
189.48	826.67
189.56	846.81
189.63	866.10
189.71	866.66
189.78	854.50
189.86	844.72
189.93	833.60
190.01	812.27
190.08	797.28
190.16	781.54
190.23	760.57
190.31	750.75
190.38	754.12
190.46	766.70
190.53	798.83
190.61	847.78
190.68	882.23
190.76	930.40
190.83	971.12
190.91	1000.68
190.98	1024.17
191.06	1056.40
191.13	1080.59
191.21	1102.12
191.28	1118.24
191.35	1136.31
191.43	1148.35
191.50	1155.55
191.58	1168.19
191.65	1186.11
191.73	1196.84
191.80	1209.28
191.88	1213.56
191.95	1214.78
192.03	1214.46
192.10	1216.17
192.18	1214.80
192.25	1216.70
192.33	1209.26
192.40	1197.19
192.48	1187.20
192.55	1186.44
192.63	1188.28
192.70	1206.38
192.78	1232.85
192.85	1269.75
192.93	1299.11
193.00	1323.66
193.08	1341.73
193.15	1362.19
193.22	1377.05
193.30	1395.54
193.37	1432.37
193.45	1460.31
193.52	1491.54
193.60	1524.36
193.67	1550.30
193.75	1564.51
193.82	1590.17
193.90	1603.90
193.97	1613.46
194.05	1618.98
194.12	1618.08
194.20	1614.75
194.27	1611.08
194.34	1595.47
194.42	1584.29
194.49	1581.48
194.57	1576.76
194.64	1566.65
194.72	1566.24
194.79	1568.72
194.87	1577.51
194.94	1602.35
195.02	1643.10
195.09	1686.80
195.17	1737.20
195.24	1781.64
195.31	1814.24
195.39	1836.00
195.46	1852.82
195.54	1866.63
195.61	1870.00
195.69	1866.82
195.76	1860.03
195.84	1852.42
195.91	1820.93
195.99	1789.34
196.06	1764.64
196.13	1753.90
196.21	1753.23
196.28	1778.46
196.36	1822.42
196.43	1868.04
196.51	1914.53
196.58	1958.61
196.66	1999.37
196.73	2027.49
196.80	2045.95
196.88	2055.90
196.95	2064.16
197.03	2064.73
197.10	2054.72
197.18	2043.12
197.25	2027.74
197.33	2003.80
197.40	1979.53
197.47	1952.70
197.55	1937.42
197.62	1929.97
197.70	1933.52
197.77	1953.24
197.85	1993.06
197.92	2033.07
197.99	2081.36
198.07	2134.23
198.14	2178.66
198.22	2224.80
198.29	2259.25
198.37	2283.97
198.44	2302.63
198.51	2307.83
198.59	2297.89
198.66	2292.90
198.74	2275.76
198.81	2243.71
198.89	2204.71
198.96	2171.80
199.03	2131.97
199.11	2110.54
199.18	2105.54
199.26	2125.26
199.33	2162.96
199.41	2223.92
199.48	2280.56
199.55	2340.91
199.63	2390.95
199.70	2437.81
199.78	2466.07
199.85	2493.44
199.93	2514.14
200.00	2535.74
200.07	2539.46
200.15	2540.75
200.22	2530.77
200.30	2498.31
200.37	2457.63
200.44	2401.25
200.52	2355.97
200.59	2329.71
200.67	2332.77
200.74	2352.11
200.81	2403.36
200.89	2458.07
200.96	2515.76
201.04	2563.90
201.11	2622.53
201.19	2676.73
201.26	2722.23
201.33	2759.18
201.41	2796.42
201.48	2818.30
201.56	2828.83
201.63	2844.45
201.70	2837.12
201.78	2816.24
201.85	2786.38
201.93	2744.89
202.00	2697.22
202.07	2666.78
202.15	2638.28
202.22	2624.46
202.30	2645.78
202.37	2684.65
202.44	2743.97
202.52	2827.22
202.59	2916.70
202.67	2991.50
202.74	3059.32
202.81	3111.79
202.89	3157.92
202.96	3202.18
203.04	3242.25
203.11	3267.02
203.18	3287.11
203.26	3289.88
203.33	3262.48
203.41	3215.22
203.48	3159.98
203.55	3073.87
203.63	3003.58
203.70	2970.02
203.77	2975.97
203.85	3016.72
203.92	3101.72
204.00	3214.49
204.07	3319.26
204.14	3416.31
204.22	3500.97
204.29	3586.65
204.37	3648.39
204.44	3706.69
204.51	3760.99
204.59	3804.93
204.66	3830.50
204.73	3845.14
204.81	3843.74
204.88	3824.06
204.96	3786.40
205.03	3725.90
205.10	3660.02
205.18	3606.98
205.25	3567.05
205.32	3557.25
205.40	3587.27
205.47	3651.52
205.55	3738.28
205.62	3847.55
205.69	3972.73
205.77	4099.95
205.84	4219.42
205.91	4317.79
205.99	4404.96
206.06	4473.55
206.14	4536.19
206.21	4590.63
206.28	4642.44
206.36	4679.63
206.43	4689.26
206.50	4678.30
206.58	4636.69
206.65	4560.08
206.72	4456.00
206.80	4356.99
206.87	4279.86
206.95	4251.47
207.02	4295.84
207.09	4404.13
207.17	4556.88
207.24	4724.94
207.31	4893.14
207.39	5041.47
207.46	5174.15
207.53	5286.44
207.61	5393.96
207.68	5488.17
207.75	5580.52
207.83	5659.81
207.90	5725.61
207.98	5762.82
208.05	5783.67
208.12	5764.96
208.20	5715.99
208.27	5648.65
208.34	5560.79
208.42	5463.38
208.49	5403.58
208.56	5384.94
208.64	5423.74
208.71	5517.67
208.78	5651.32
208.86	5809.11
208.93	5973.67
209.00	6133.31
209.08	6292.54
209.15	6451.30
209.22	6601.28
209.30	6742.69
209.37	6871.47
209.44	6987.96
209.52	7093.45
209.59	7174.05
209.67	7237.96
209.74	7266.74
209.81	7277.67
209.89	7244.42
209.96	7173.55
210.03	7071.57
210.11	6986.40
210.18	6903.30
210.25	6863.96
210.33	6896.87
210.40	6999.87
210.47	7152.87
210.55	7350.14
210.62	7564.75
210.69	7769.66
210.77	7973.63
210.84	8150.27
210.91	8327.17
210.99	8480.42
211.06	8632.39
211.13	8769.32
211.21	8903.50
211.28	9012.93
211.35	9111.21
211.42	9169.74
211.50	9191.18
211.57	9164.57
211.64	9094.21
211.72	8983.39
211.79	8865.00
211.86	8790.53
211.94	8803.96
212.01	8889.24
212.08	9065.49
212.16	9287.26
212.23	9517.42
212.30	9719.53
212.38	9906.88
212.45	10078.34
212.52	10248.97
212.60	10408.99
212.67	10576.59
212.74	10747.55
212.82	10915.00
212.89	11081.99
212.96	11229.91
213.03	11358.30
213.11	11457.27
213.18	11504.30
213.25	11519.71
213.33	11494.46
213.40	11425.13
213.47	11367.26
213.55	11337.39
213.62	11336.18
213.69	11411.26
213.77	11556.83
213.84	11729.26
213.91	11944.59
213.98	12169.53
214.06	12378.42
214.13	12574.77
214.20	12759.01
214.28	12936.48
214.35	13123.27
214.42	13320.38
214.50	13522.04
214.57	13719.63
214.64	13899.85
214.72	14058.71
214.79	14193.88
214.86	14299.10
214.93	14369.01
215.01	14398.50
215.08	14376.33
215.15	14313.75
215.23	14214.95
215.30	14155.56
215.37	14163.26
215.44	14280.94
215.52	14481.48
215.59	14764.67
215.66	15063.77
215.74	15350.40
215.81	15590.74
215.88	15821.41
215.95	16027.75
216.03	16231.20
216.10	16432.65
216.17	16630.10
216.25	16803.68
216.32	16984.83
216.39	17144.38
216.46	17287.15
216.54	17401.40
216.61	17508.68
216.68	17576.19
216.76	17614.50
216.83	17611.94
216.90	17587.72
216.97	17554.79
217.05	17564.69
217.12	17619.78
217.19	17749.66
217.27	17944.27
217.34	18189.75
217.41	18450.01
217.48	18713.90
217.56	18976.75
217.63	19240.68
217.70	19483.91
217.78	19710.00
217.85	19919.82
217.92	20107.76
217.99	20288.85
218.07	20449.70
218.14	20598.30
218.21	20750.84
218.28	20911.75
218.36	21062.04
218.43	21188.41
218.50	21293.66
218.57	21352.12
218.65	21353.11
218.72	21294.55
218.79	21235.74
218.87	21218.03
218.94	21271.02
219.01	21403.05
219.08	21636.59
219.16	21933.99
219.23	22234.76
219.30	22511.02
219.37	22772.87
219.45	23007.30
219.52	23226.11
219.59	23434.80
219.66	23646.75
219.74	23845.78
219.81	24056.01
219.88	24251.91
219.95	24443.94
220.03	24635.31
220.10	24806.49
220.17	24933.41
220.24	25038.79
220.32	25119.83
220.39	25148.45
220.46	25137.33
220.53	25109.97
220.61	25074.42
220.68	25070.32
220.75	25135.99
220.82	25298.37
220.90	25507.47
220.97	25748.28
221.04	25987.44
221.11	26219.88
221.19	26413.57
221.26	26608.72
221.33	26813.88
221.40	27023.03
221.48	27228.43
221.55	27437.38
221.62	27627.84
221.69	27818.05
221.77	27999.64
221.84	28171.36
221.91	28321.53
221.98	28476.36
222.06	28610.18
222.13	28709.22
222.20	28777.84
222.27	28834.72
222.35	28866.14
222.42	28897.64
222.49	28947.19
222.56	29022.14
222.63	29126.84
222.71	29258.63
222.78	29407.32
222.85	29568.12
222.92	29727.18
223.00	29892.02
223.07	30062.93
223.14	30235.54
223.21	30403.73
223.29	30587.01
223.36	30773.11
223.43	30958.96
223.50	31126.54
223.57	31308.99
223.65	31479.33
223.72	31615.46
223.79	31731.08
223.86	31842.63
223.94	31925.07
224.01	31989.64
224.08	32063.34
224.15	32140.62
224.22	32208.34
224.30	32268.57
224.37	32354.29
224.44	32450.23
224.51	32562.77
224.59	32678.30
224.66	32810.66
224.73	32943.04
224.80	33083.93
224.87	33227.65
224.95	33391.86
225.02	33562.65
225.09	33717.63
225.16	33867.74
225.23	34008.19
225.31	34135.00
225.38	34253.76
225.45	34378.37
225.52	34485.31
225.60	34571.23
225.67	34664.33
225.74	34721.91
225.81	34761.30
225.88	34816.77
225.96	34890.34
226.03	34969.76
226.10	35085.20
226.17	35213.61
226.24	35337.49
226.32	35462.39
226.39	35585.87
226.46	35696.67
226.53	35817.56
226.60	35939.61
226.68	36054.29
226.75	36168.80
226.82	36296.59
226.89	36422.18
226.96	36531.52
227.04	36624.90
227.11	36706.53
227.18	36774.08
227.25	36828.57
227.32	36895.63
227.40	36978.56
227.47	37050.84
227.54	37134.88
227.61	37217.11
227.68	37273.88
227.76	37324.08
227.83	37389.30
227.90	37452.45
227.97	37524.57
228.04	37614.38
228.11	37700.34
228.19	37793.90
228.26	37889.02
228.33	37977.76
228.40	38063.84
228.47	38165.98
228.55	38253.92
228.62	38346.04
228.69	38444.86
228.76	38545.73
228.83	38620.73
228.90	38707.38
228.98	38788.83
229.05	38871.09
229.12	38971.50
229.19	39079.76
229.26	39167.85
229.34	39250.93
229.41	39322.57
229.48	39368.67
229.55	39417.87
229.62	39468.73
229.69	39508.01
229.77	39547.26
229.84	39596.65
229.91	39644.06
229.98	39684.72
230.05	39730.18
230.12	39793.05
230.20	39856.73
230.27	39932.08
230.34	40012.41
230.41	40113.45
230.48	40193.07
230.55	40283.88
230.63	40357.83
230.70	40440.15
230.77	40490.22
230.84	40538.40
230.91	40570.40
230.98	40609.75
231.06	40656.19
231.13	40731.23
231.20	40820.83
231.27	40919.29
231.34	41003.05
231.41	41083.44
231.49	41142.30
231.56	41193.55
231.63	41239.69
231.70	41301.50
231.77	41348.68
231.84	41389.34
231.92	41420.92
231.99	41445.80
232.06	41468.13
232.13	41502.69
232.20	41549.78
232.27	41606.72
232.34	41663.40
232.42	41701.96
232.49	41752.67
232.56	41798.43
232.63	41861.91
232.70	41913.45
232.77	41990.17
232.85	42048.67
232.92	42120.15
232.99	42165.99
233.06	42218.29
233.13	42259.30
233.20	42286.25
233.27	42293.91
233.35	42291.24
233.42	42292.00
233.49	42297.28
233.56	42323.89
233.63	42365.44
233.70	42419.06
233.77	42480.34
233.85	42535.42
233.92	42595.45
233.99	42636.26
234.06	42677.58
234.13	42717.90
234.20	42756.67
234.27	42782.71
234.35	42813.61
234.42	42833.50
234.49	42854.98
234.56	42880.92
234.63	42882.50
234.70	42881.39
234.77	42894.00
234.84	42881.94
234.92	42874.50
234.99	42893.21
235.06	42919.40
235.13	42943.21
235.20	42981.88
235.27	43021.91
235.34	43054.88
235.41	43099.26
235.49	43133.27
235.56	43162.91
235.63	43195.17
235.70	43225.40
235.77	43239.87
235.84	43253.61
235.91	43271.04
235.98	43265.45
236.06	43250.15
236.13	43247.21
236.20	43257.92
236.27	43252.09
236.34	43257.31
236.41	43266.55
236.48	43263.82
236.55	43259.49
236.63	43269.83
236.70	43268.17
236.77	43278.17
236.84	43315.51
236.91	43336.40
236.98	43351.05
237.05	43379.71
237.12	43400.86
237.19	43398.47
237.27	43402.66
237.34	43410.86
237.41	43407.50
237.48	43410.71
237.55	43405.59
237.62	43398.33
237.69	43409.95
237.76	43428.30
237.83	43465.53
237.91	43496.87
237.98	43533.62
238.05	43542.25
238.12	43560.79
238.19	43552.02
238.26	43568.20
238.33	43579.02
238.40	43596.44
238.47	43598.87
238.54	43601.12
238.62	43586.17
238.69	43572.03
238.76	43548.66
238.83	43539.82
238.90	43546.56
238.97	43564.09
239.04	43594.26
239.11	43624.30
239.18	43648.41
239.25	43660.82
239.33	43661.93
239.40	43651.62
239.47	43649.72
239.54	43630.37
239.61	43610.98
239.68	43580.06
239.75	43565.19
239.82	43553.42
239.89	43558.66
239.96	43579.01
240.03	43611.93
240.11	43636.49
240.18	43652.02
240.25	43662.10
240.32	43661.08
240.39	43663.12
240.46	43664.37
240.53	43695.50
240.60	43730.34
240.67	43754.87
240.74	43789.26
240.81	43821.23
240.88	43832.24
240.96	43838.69
241.03	43864.15
241.10	43883.12
241.17	43895.00
241.24	43912.42
241.31	43928.27
241.38	43918.76
241.45	43893.48
241.52	43891.98
241.59	43879.93
241.66	43892.36
241.73	43917.72
241.80	43946.95
241.88	43964.35
241.95	43984.65
242.02	43977.53
242.09	43962.46
242.16	43958.08
242.23	43968.80
242.30	43985.44
242.37	43998.41
242.44	44037.32
242.51	44055.70
242.58	44050.69
242.65	44045.71
242.72	44066.39
242.79	44067.92
242.87	44093.65
242.94	44118.24
243.01	44144.60
243.08	44169.93
243.15	44200.58
243.22	44225.73
243.29	44258.72
243.36	44292.91
243.43	44319.39
243.50	44357.60
243.57	44401.69
243.64	44435.28
243.71	44471.15
243.78	44507.41
243.85	44527.67
243.92	44538.45
243.99	44554.76
244.07	44574.27
244.14	44576.65
244.21	44579.87
244.28	44597.01
244.35	44622.54
244.42	44637.16
244.49	44664.82
244.56	44708.74
244.63	44736.59
244.70	44744.39
244.77	44755.27
244.84	44785.07
244.91	44798.27
244.98	44822.40
245.05	44865.99
245.12	44920.60
245.19	44956.48
245.26	44995.69
245.33	45046.75
245.40	45102.23
245.47	45161.77
245.55	45218.94
245.62	45264.51
245.69	45297.37
245.76	45335.67
245.83	45366.88
245.90	45398.22
245.97	45441.83
246.04	45493.51
246.11	45523.57
246.18	45540.22
246.25	45566.21
246.32	45581.31
246.39	45602.00
246.46	45640.12
246.53	45690.41
246.60	45747.79
246.67	45812.53
246.74	45863.46
246.81	45929.23
246.88	45983.43
246.95	46028.49
247.02	46077.27
247.09	46134.89
247.16	46145.52
247.23	46161.62
247.30	46166.59
247.37	46168.83
247.44	46184.04
247.51	46230.34
247.58	46278.75
247.66	46343.74
247.73	46423.25
247.80	46490.92
247.87	46552.37
247.94	46634.69
248.01	46723.78
248.08	46797.45
248.15	46860.17
248.22	46913.69
248.29	46945.18
248.36	46967.70
248.43	47004.57
248.50	47057.94
248.57	47127.01
248.64	47197.49
248.71	47276.53
248.78	47350.92
248.85	47408.15
248.92	47465.72
248.99	47507.84
249.06	47536.00
249.13	47558.87
249.20	47589.92
249.27	47613.61
249.34	47650.36
249.41	47687.01
249.48	47720.77
249.55	47751.87
249.62	47791.03
249.69	47830.84
249.76	47874.05
249.83	47928.09
249.90	47986.29
249.97	48049.27
250.04	48125.68
250.11	48214.90
250.18	48291.97
250.25	48356.35
250.32	48417.85
250.39	48481.36
250.46	48524.40
250.53	48593.42
250.60	48670.73
250.67	48746.60
250.74	48811.92
250.81	48871.96
250.88	48899.44
250.95	48935.34
251.02	48967.45
251.09	48994.84
251.16	49033.69
251.23	49091.73
251.30	49147.88
251.37	49193.74
251.44	49245.36
251.51	49305.67
251.58	49362.84
251.65	49412.57
251.72	49469.85
251.79	49527.81
251.86	49568.64
251.93	49605.98
252.00	49641.22
252.07	49667.42
252.14	49688.37
252.21	49722.50
252.28	49755.85
252.35	49801.45
252.42	49861.22
252.49	49925.41
252.56	49983.10
252.63	50053.50
252.70	50105.10
252.77	50173.81
252.84	50231.36
252.91	50283.85
252.98	50325.17
253.05	50360.96
253.12	50384.40
253.19	50429.24
253.25	50483.13
253.32	50525.38
253.39	50592.69
253.46	50637.64
253.53	50667.65
253.60	50685.72
253.67	50709.15
253.74	50738.75
253.81	50778.87
253.88	50834.32
253.95	50895.30
254.02	50943.47
254.09	50982.91
254.16	51029.69
254.23	51051.83
254.30	51076.69
254.37	51123.76
254.44	51166.61
254.51	51206.52
254.58	51252.10
254.65	51301.22
254.72	51347.55
254.79	51377.64
254.86	51411.10
254.93	51426.97
255.00	51443.23
255.07	51459.52
255.14	51510.05
255.21	51540.92
255.28	51575.26
255.34	51587.77
255.41	51600.30
255.48	51604.46
255.55	51615.46
255.62	51644.86
255.69	51696.75
255.76	51746.18
255.83	51780.91
255.90	51838.87
255.97	51896.56
256.04	51933.80
256.11	51980.07
256.18	52029.65
256.25	52060.15
256.32	52088.92
256.39	52124.50
256.46	52143.07
256.53	52158.86
256.60	52179.88
256.67	52203.00
256.74	52220.86
256.80	52256.23
256.87	52284.50
256.94	52299.22
257.01	52311.67
257.08	52341.16
257.15	52355.83
257.22	52372.54
257.29	52394.31
257.36	52406.43
257.43	52403.25
257.50	52399.40
257.57	52401.01
257.64	52408.99
257.71	52420.84
257.78	52453.62
257.85	52491.80
257.92	52538.40
257.98	52577.63
258.05	52608.03
258.12	52620.50
258.19	52618.58
258.26	52591.82
258.33	52561.85
258.40	52538.71
258.47	52523.70
258.54	52520.88
258.61	52541.92
258.68	52571.28
258.75	52615.61
258.82	52667.27
258.89	52701.74
258.95	52721.17
259.02	52740.73
259.09	52730.30
259.16	52711.09
259.23	52693.53
259.30	52677.48
259.37	52662.41
259.44	52664.09
259.51	52677.70
259.58	52711.69
259.65	52734.74
259.72	52759.12
259.79	52768.62
259.85	52754.58
259.92	52732.72
259.99	52735.34
260.06	52740.86
260.13	52738.26
260.20	52740.97
260.27	52732.02
260.34	52706.43
260.41	52669.10
260.48	52666.13
260.55	52674.36
260.62	52688.51
260.68	52692.36
260.75	52697.43
260.82	52700.10
260.89	52692.59
260.96	52690.94
261.03	52694.82
261.10	52692.65
261.17	52682.97
261.24	52664.79
261.31	52632.57
261.38	52604.24
261.44	52575.15
261.51	52526.26
261.58	52495.67
261.65	52481.95
261.72	52476.16
261.79	52472.72
261.86	52485.36
261.93	52492.95
262.00	52493.13
262.07	52476.52
262.13	52457.16
262.20	52434.96
262.27	52411.11
262.34	52384.84
262.41	52377.41
262.48	52384.93
262.55	52391.06
262.62	52404.38
262.69	52405.32
262.76	52395.31
262.82	52370.23
262.89	52342.44
262.96	52311.32
263.03	52297.94
263.10	52287.43
263.17	52264.73
263.24	52246.33
263.31	52226.89
263.38	52218.12
263.44	52217.53
263.51	52219.03
263.58	52207.76
263.65	52186.74
263.72	52138.82
263.79	52060.91
263.86	52013.01
263.93	51986.95
264.00	51964.32
264.06	51961.30
264.13	51967.75
264.20	51962.50
264.27	51928.67
264.34	51882.08
264.41	51841.71
264.48	51819.33
264.55	51782.59
264.61	51752.56
264.68	51737.80
264.75	51697.13
264.82	51638.10
264.89	51597.73
264.96	51571.36
265.03	51536.51
265.10	51519.37
265.16	51513.56
265.23	51497.47
265.30	51487.57
265.37	51472.32
265.44	51460.04
265.51	51449.66
265.58	51430.11
265.65	51406.22
265.71	51391.42
265.78	51375.86
265.85	51338.06
265.92	51310.34
265.99	51262.55
266.06	51216.45
266.13	51161.87
266.20	51122.96
266.26	51085.31
266.33	51066.43
266.40	51041.22
266.47	50998.90
266.54	50947.03
266.61	50902.15
266.68	50864.40
266.74	50824.13
266.81	50797.52
266.88	50768.47
266.95	50718.16
267.02	50665.53
267.09	50609.62
267.16	50560.40
267.22	50531.09
267.29	50519.90
267.36	50512.22
267.43	50517.89
267.50	50518.04
267.57	50511.34
267.64	50488.82
267.70	50458.71
267.77	50421.15
267.84	50382.06
267.91	50345.28
267.98	50317.78
268.05	50293.42
268.11	50265.82
268.18	50237.50
268.25	50198.28
268.32	50142.99
268.39	50081.75
268.46	50021.20
268.53	49965.69
268.59	49920.38
268.66	49894.19
268.73	49863.84
268.80	49840.88
268.87	49816.33
268.94	49794.10
269.00	49784.00
269.07	49778.76
269.14	49787.58
269.21	49782.67
269.28	49774.28
269.35	49731.86
269.41	49703.16
269.48	49659.73
269.55	49627.47
269.62	49585.08
269.69	49577.21
269.76	49536.62
269.82	49496.23
269.89	49463.05
269.96	49447.47
270.03	49407.69
270.10	49386.31
270.17	49356.55
270.23	49314.23
270.30	49271.00
270.37	49246.69
270.44	49235.84
270.51	49219.71
270.58	49210.75
270.64	49210.10
270.71	49187.04
270.78	49167.78
270.85	49154.58
270.92	49138.94
270.99	49119.08
271.05	49103.32
271.12	49050.51
271.19	49007.95
271.26	48965.15
271.33	48911.44
271.39	48882.18
271.46	48848.62
271.53	48823.49
271.60	48811.34
271.67	48800.64
271.74	48769.05
271.80	48747.21
271.87	48729.12
271.94	48698.29
272.01	48661.43
272.08	48629.40
272.14	48612.28
272.21	48590.64
272.28	48577.27
272.35	48570.66
272.42	48558.67
272.48	48551.18
272.55	48542.88
272.62	48529.90
272.69	48521.47
272.76	48517.43
272.83	48505.38
272.89	48477.96
272.96	48458.55
273.03	48425.67
273.10	48406.86
273.17	48378.15
273.23	48351.51
273.30	48319.96
273.37	48290.06
273.44	48246.48
273.51	48212.65
273.57	48197.51
273.64	48179.13
273.71	48165.80
273.78	48157.14
273.85	48164.41
273.91	48155.49
273.98	48168.34
274.05	48186.52
274.12	48210.16
274.19	48239.27
274.25	48269.54
274.32	48267.77
274.39	48246.81
274.46	48205.34
274.53	48139.48
274.59	48060.05
274.66	48007.30
274.73	47974.29
274.80	47932.05
274.86	47893.29
274.93	47884.19
275.00	47855.97
275.07	47823.71
275.14	47810.91
275.20	47787.72
275.27	47757.27
275.34	47735.68
275.41	47706.37
275.48	47692.85
275.54	47696.20
275.61	47687.11
275.68	47678.92
275.75	47690.48
275.81	47677.99
275.88	47670.77
275.95	47675.45
276.02	47661.72
276.09	47635.70
276.15	47612.68
276.22	47593.23
276.29	47572.25
276.36	47540.69
276.42	47510.08
276.49	47471.39
276.56	47417.03
276.63	47349.64
276.70	47316.22
276.76	47290.12
276.83	47294.30
276.90	47313.63
276.97	47345.87
277.03	47369.58
277.10	47361.07
277.17	47334.01
277.24	47290.14
277.30	47257.39
277.37	47226.85
277.44	47227.27
277.51	47233.25
277.58	47236.38
277.64	47218.69
277.71	47201.62
277.78	47169.86
277.85	47119.19
277.91	47061.75
277.98	47009.81
278.05	46962.52
278.12	46920.27
278.18	46895.19
278.25	46893.54
278.32	46900.52
278.39	46917.96
278.45	46943.89
278.52	46977.09
278.59	47004.43
278.66	47014.31
278.72	47007.32
278.79	46994.85
278.86	46957.05
278.93	46914.13
278.99	46863.84
279.06	46814.32
279.13	46758.13
279.20	46746.30
279.26	46747.94
279.33	46763.48
279.40	46787.88
279.47	46830.41
279.53	46840.22
279.60	46829.16
279.67	46785.35
279.74	46710.38
279.80	46616.75
279.87	46534.66
279.94	46465.29
280.01	46433.21
280.07	46425.67
280.14	46424.92
280.21	46412.84
280.28	46416.93
280.34	46419.32
280.41	46415.80
280.48	46402.89
280.55	46397.00
280.61	46377.20
280.68	46364.55
280.75	46327.24
280.82	46303.24
280.88	46279.66
280.95	46246.51
281.02	46204.86
281.08	46158.02
281.15	46102.27
281.22	46037.99
281.29	45969.41
281.35	45889.82
281.42	45831.49
281.49	45754.23
281.56	45680.38
281.62	45631.81
281.69	45580.63
281.76	45541.98
281.82	45514.94
281.89	45508.13
281.96	45493.76
282.03	45491.40
282.09	45483.05
282.16	45488.91
282.23	45476.41
282.30	45465.37
282.36	45473.15
282.43	45477.67
282.50	45494.33
282.56	45497.77
282.63	45494.73
282.70	45485.15
282.77	45494.00
282.83	45488.75
282.90	45486.16
282.97	45483.50
283.03	45456.41
283.10	45391.63
283.17	45316.70
283.24	45236.50
283.30	45148.23
283.37	45067.59
283.44	45009.42
283.50	44970.45
283.57	44958.12
283.64	44930.95
283.71	44915.20
283.77	44915.31
283.84	44923.19
283.91	44910.72
283.97	44923.93
284.04	44948.62
284.11	44958.38
284.18	44967.89
284.24	44979.66
284.31	44992.16
284.38	44983.45
284.44	44984.74
284.51	44978.04
284.58	44977.86
284.64	44983.23
284.71	44985.53
284.78	44969.26
284.85	44945.12
284.91	44926.45
284.98	44898.92
285.05	44853.62
285.11	44824.79
285.18	44772.06
285.25	44705.38
285.31	44657.58
285.38	44631.27
285.45	44613.93
285.52	44638.13
285.58	44676.15
285.65	44695.91
285.72	44726.98
285.78	44753.28
285.85	44775.89
285.92	44797.27
285.98	44829.95
286.05	44847.31
286.12	44873.30
286.18	44884.97
286.25	44906.16
286.32	44909.57
286.39	44932.97
286.45	44923.64
286.52	44899.25
286.59	44846.85
286.65	44784.66
286.72	44708.06
286.79	44629.17
286.85	44561.08
286.92	44509.28
286.99	44495.62
287.05	44465.29
287.12	44473.12
287.19	44491.23
287.25	44532.62
287.32	44550.38
287.39	44601.15
287.45	44635.67
287.52	44666.53
287.59	44680.18
287.65	44702.51
287.72	44705.58
287.79	44715.23
287.86	44728.16
287.92	44738.21
287.99	44742.95
288.06	44760.73
288.12	44763.62
288.19	44766.42
288.26	44761.97
288.32	44760.11
288.39	44755.46
288.46	44745.84
288.52	44737.33
288.59	44727.06
288.66	44697.17
288.72	44651.37
288.79	44610.95
288.86	44559.01
288.92	44515.26
288.99	44490.79
289.06	44497.21
289.12	44512.33
289.19	44550.50
289.26	44595.88
289.32	44651.94
289.39	44695.31
289.45	44747.44
289.52	44783.60
289.59	44813.73
289.65	44835.37
289.72	44845.03
289.79	44847.10
289.85	44850.26
289.92	44847.96
289.99	44835.50
290.05	44815.53
290.12	44782.22
290.19	44754.82
290.25	44733.43
290.32	44713.10
290.39	44724.81
290.45	44743.47
290.52	44751.43
290.59	44753.52
290.65	44740.95
290.72	44696.51
290.79	44656.05
290.85	44632.69
290.92	44640.99
290.98	44666.48
291.05	44726.76
291.12	44797.07
291.18	44867.59
291.25	44924.49
291.32	44974.81
291.38	45015.01
291.45	45047.54
291.52	45083.23
291.58	45101.72
291.65	45125.49
291.72	45128.59
291.78	45131.54
291.85	45102.24
291.91	45078.49
291.98	45064.73
292.05	45047.91
292.11	45017.33
292.18	44989.24
292.25	44954.83
292.31	44906.01
292.38	44870.12
292.45	44846.88
292.51	44851.22
292.58	44856.41
292.64	44884.33
292.71	44913.59
292.78	44955.24
292.84	44997.32
292.91	45066.31
292.98	45118.11
293.04	45175.79
293.11	45222.38
293.17	45279.34
293.24	45326.81
293.31	45386.39
293.37	45434.82
293.44	45472.30
293.51	45488.92
293.57	45491.69
293.64	45470.96
293.70	45472.75
293.77	45445.03
293.84	45393.90
293.90	45316.80
293.97	45249.06
294.04	45186.82
294.10	45161.98
294.17	45173.32
294.23	45207.61
294.30	45228.30
294.37	45227.71
294.43	45236.80
294.50	45222.40
294.56	45228.23
294.63	45244.82
294.70	45277.97
294.76	45322.81
294.83	45388.20
294.90	45455.08
294.96	45538.10
295.03	45607.46
295.09	45678.93
295.16	45752.72
295.23	45811.14
295.29	45869.08
295.36	45919.33
295.42	45954.17
295.49	45972.47
295.56	45994.40
295.62	46001.40
295.69	45990.35
295.75	45957.13
295.82	45913.42
295.89	45842.85
295.95	45768.86
296.02	45703.56
296.08	45632.93
296.15	45565.20
296.22	45523.00
296.28	45496.99
296.35	45498.26
296.41	45528.30
296.48	45584.01
296.55	45670.03
296.61	45769.82
296.68	45861.76
296.74	45948.58
296.81	46045.78
296.88	46117.86
296.94	46162.64
297.01	46217.39
297.07	46267.02
297.14	46305.62
297.20	46355.16
297.27	46419.69
297.34	46472.72
297.40	46534.09
297.47	46578.43
297.53	46599.47
297.60	46611.23
297.67	46594.16
297.73	46555.12
297.80	46500.28
297.86	46417.65
297.93	46313.58
298.00	46217.88
298.06	46136.24
298.13	46082.74
298.19	46058.92
298.26	46078.37
298.32	46128.25
298.39	46171.17
298.46	46208.24
298.52	46268.61
298.59	46322.25
298.65	46371.24
298.72	46445.95
298.78	46527.53
298.85	46594.50
298.92	46665.11
298.98	46738.34
299.05	46797.57
299.11	46854.11
299.18	46915.56
299.24	46952.73
299.31	46969.44
299.38	46999.41
299.44	47013.00
299.51	47031.42
299.57	47053.81
299.64	47085.42
299.70	47098.57
299.77	47110.63
299.84	47086.28
299.90	47020.07
299.97	46899.22
300.03	46744.83
300.10	46587.72
300.16	46461.07
300.23	46396.38
300.30	46404.51
300.36	46455.66
300.43	46549.67
300.49	46638.87
300.56	46744.64
300.62	46844.88
300.69	46946.60
300.75	47024.21
300.82	47108.82
300.89	47167.25
300.95	47218.09
301.02	47252.51
301.08	47287.82
301.15	47324.49
301.21	47352.60
301.28	47382.32
301.34	47426.12
301.41	47452.82
301.48	47467.03
301.54	47477.53
301.61	47476.74
301.67	47466.05
301.74	47457.41
301.80	47425.64
301.87	47373.78
301.93	47299.68
302.00	47203.97
302.06	47090.18
302.13	46969.10
302.20	46881.98
302.26	46809.63
302.33	46774.61
302.39	46769.79
302.46	46801.71
302.52	46836.71
302.59	46900.25
302.65	46961.45
302.72	47030.24
302.78	47095.96
302.85	47162.07
302.91	47214.59
302.98	47259.98
303.05	47292.46
303.11	47323.01
303.18	47356.36
303.24	47385.50
303.31	47390.21
303.37	47417.89
303.44	47434.45
303.50	47431.00
303.57	47411.11
303.63	47404.98
303.70	47370.96
303.76	47339.35
303.83	47308.10
303.89	47274.69
303.96	47225.93
304.03	47163.82
304.09	47079.74
304.16	46961.89
304.22	46829.73
304.29	46715.82
304.35	46623.10
304.42	46570.40
304.48	46559.49
304.55	46585.89
304.61	46617.72
304.68	46651.03
304.74	46686.32
304.81	46716.52
304.87	46743.26
304.94	46772.33
305.00	46804.54
305.07	46807.59
305.13	46807.67
305.20	46805.48
305.26	46803.23
305.33	46793.70
305.39	46789.76
305.46	46776.83
305.52	46762.92
305.59	46743.26
305.66	46717.45
305.72	46688.86
305.79	46657.50
305.85	46621.91
305.92	46550.13
305.98	46440.05
306.05	46290.32
306.11	46127.66
306.18	45946.82
306.24	45778.58
306.31	45631.07
306.37	45513.70
306.44	45408.10
306.50	45318.91
306.57	45294.12
306.63	45331.60
306.70	45412.01
306.76	45505.80
306.83	45609.51
306.89	45675.37
306.96	45706.43
307.02	45716.31
307.09	45737.42
307.15	45747.48
307.22	45748.07
307.28	45737.18
307.35	45710.94
307.41	45669.36
307.48	45638.02
307.54	45604.43
307.61	45564.72
307.67	45518.75
307.74	45481.31
307.80	45436.85
307.87	45396.57
307.93	45359.67
308.00	45327.47
308.06	45277.58
308.13	45207.99
308.19	45131.99
308.26	45046.87
308.32	44965.96
308.38	44891.89
308.45	44825.74
308.51	44766.48
308.58	44694.76
308.64	44600.49
308.71	44510.30
308.77	44440.69
308.84	44366.42
308.90	44339.57
308.97	44332.27
309.03	44334.16
309.10	44317.18
309.16	44302.40
309.23	44257.54
309.29	44228.98
309.36	44177.12
309.42	44145.69
309.49	44108.57
309.55	44072.72
309.62	44019.48
309.68	43982.17
309.75	43922.94
309.81	43860.70
309.88	43808.25
309.94	43742.79
310.00	43680.24
310.07	43623.15
310.13	43568.35
310.20	43507.30
310.26	43455.38
310.33	43391.46
310.39	43336.04
310.46	43282.00
310.52	43217.89
310.59	43151.82
310.65	43080.88
310.72	42984.16
310.78	42897.08
310.85	42817.88
310.91	42751.17
310.97	42709.65
311.04	42685.43
311.10	42649.70
311.17	42609.57
311.23	42568.26
311.30	42522.48
311.36	42485.47
311.43	42464.88
311.49	42443.09
311.56	42423.29
311.62	42378.18
311.69	42338.99
311.75	42294.79
311.81	42238.52
311.88	42182.28
311.94	42137.70
312.01	42094.88
312.07	42035.30
312.14	42003.98
312.20	41961.11
312.27	41915.10
312.33	41858.27
312.40	41810.93
312.46	41739.53
312.52	41676.94
312.59	41616.66
312.65	41549.48
312.72	41470.12
312.78	41400.74
312.85	41323.71
312.91	41239.42
312.98	41157.24
313.04	41090.94
313.10	41029.00
313.17	40967.52
313.23	40920.30
313.30	40873.94
313.36	40821.20
313.43	40773.70
313.49	40739.79
313.56	40694.81
313.62	40644.89
313.68	40610.10
313.75	40568.44
313.81	40517.88
313.88	40463.28
313.94	40419.68
314.01	40371.34
314.07	40324.01
314.13	40277.12
314.20	40236.99
314.26	40183.42
314.33	40131.42
314.39	40085.33
314.46	40018.73
314.52	39964.84
314.58	39908.28
314.65	39853.34
314.71	39781.82
314.78	39731.06
314.84	39675.19
314.91	39622.01
314.97	39552.11
315.03	39501.42
315.10	39446.64
315.16	39381.26
315.23	39332.14
315.29	39288.76
315.36	39239.24
315.42	39195.23
315.48	39142.17
315.55	39081.16
315.61	39025.94
315.68	38974.17
315.74	38913.92
315.81	38876.50
315.87	38837.20
315.93	38802.78
316.00	38790.84
316.06	38783.04
316.13	38760.67
316.19	38721.28
316.25	38637.67
316.32	38495.89
316.38	38328.19
316.45	38120.18
316.51	37899.57
316.58	37660.85
316.64	37410.06
316.70	37160.67
316.77	36923.53
316.83	36667.45
316.90	36420.59
316.96	36180.87
317.02	35932.03
317.09	35677.78
317.15	35436.26
317.22	35184.23
317.28	34930.08
317.34	34674.88
317.41	34425.57
317.47	34167.90
317.54	33923.29
317.60	33665.99
317.66	33415.19
317.73	33157.86
317.79	32898.75
317.86	32644.71
317.92	32397.09
317.98	32128.76
318.05	31858.96
318.11	31586.90
318.18	31308.98
318.24	31032.48
318.30	30760.77
318.37	30483.14
318.43	30212.18
318.50	29924.61
318.56	29640.93
318.62	29354.77
318.69	29076.50
318.75	28799.02
318.82	28524.75
318.88	28249.15
318.94	27966.50
319.01	27693.22
319.07	27415.28
319.13	27145.52
319.20	26867.88
319.26	26595.85
319.33	26316.07
319.39	26026.66
319.45	25751.82
319.52	25473.53
319.58	25195.53
319.65	24911.02
319.71	24634.92
319.77	24342.47
319.84	24049.59
319.90	23769.70
319.96	23493.59
320.03	23211.29
320.09	22936.73
320.16	22658.12
320.22	22373.45
320.28	22083.52
320.35	21794.74
320.41	21502.92
320.47	21228.88
320.54	20948.93
320.60	20674.83
320.67	20417.14
320.73	20143.33
320.79	19864.76
320.86	19588.86
320.92	19299.30
320.98	18996.37
321.05	18706.57
321.11	18408.59
321.18	18120.67
321.24	17844.17
321.30	17567.26
321.37	17296.24
321.43	17030.46
321.49	16756.12
321.56	16484.49
321.62	16224.16
321.68	15945.10
321.75	15671.13
321.81	15393.96
321.88	15106.23
321.94	14817.68
322.00	14538.68
322.07	14251.25
322.13	13969.79
322.19	13693.44
322.26	13414.72
322.32	13140.76
322.38	12870.78
322.45	12607.63
322.51	12343.22
322.58	12078.88
322.64	11808.30
322.70	11548.08
322.77	11278.06
322.83	11008.38
322.89	10737.53
322.96	10473.10
323.02	10204.12
323.08	9937.05
323.15	9673.17
323.21	9416.37
323.27	9161.28
323.34	8907.58
323.40	8659.50
323.46	8408.92
323.53	8052.67
323.59	6952.01
323.65	5375.45
323.72	3724.66
323.78	2129.66
323.85	686.60
323.91	39.83
323.97	-80.13
324.04	-81.03
