180.21	3361.30
180.28	-112.87
180.36	622.50
180.44	-44.80
180.51	-17.11
180.59	3.25
180.66	28.29
180.74	26.08
180.81	24.58
180.89	25.66
180.97	26.48
181.04	23.80
181.12	21.68
181.19	21.62
181.27	22.65
181.34	39.98
181.42	47.21
181.50	54.39
181.57	65.50
181.65	70.03
181.72	62.90
181.80	58.02
181.87	58.58
181.95	58.73
182.03	58.12
182.10	60.58
182.18	62.14
182.25	67.12
182.33	66.20
182.40	72.09
182.48	68.29
182.55	79.38
182.63	83.37
182.71	86.14
182.78	88.36
182.86	94.25
182.93	91.53
183.01	93.49
183.08	94.37
183.16	98.99
183.23	95.87
183.31	102.41
183.39	102.35
183.46	111.14
183.54	107.09
183.61	115.13
183.69	117.71
183.76	127.81
183.84	128.44
183.91	131.08
183.99	141.08
184.06	142.97
184.14	145.47
184.22	149.56
184.29	153.32
184.37	150.12
184.44	144.93
184.52	135.00
184.59	131.89
184.67	136.40
184.74	132.10
184.82	145.24
184.89	159.17
184.97	170.63
185.04	179.37
185.12	190.56
185.20	200.04
185.27	210.38
185.35	219.38
185.42	220.98
185.50	234.56
185.57	237.86
185.65	244.72
185.72	247.98
185.80	259.83
185.87	260.15
185.95	260.00
186.02	263.96
186.10	264.46
186.17	263.75
186.25	262.86
186.33	254.07
186.40	244.68
186.48	245.95
186.55	250.17
186.63	255.81
186.70	286.57
186.78	308.96
186.85	330.66
186.93	349.87
187.00	372.14
187.08	378.03
187.15	393.53
187.23	409.40
187.30	423.60
187.38	440.42
187.45	463.53
187.53	481.18
187.60	489.59
187.68	502.44
187.75	515.59
187.83	522.27
187.90	519.97
187.98	518.53
188.05	515.32
188.13	493.80
188.21	466.93
188.28	460.53
188.36	456.20
188.43	459.53
188.51	483.30
188.58	522.52
188.66	544.91
188.73	575.15
188.81	609.08
188.88	633.29
188.96	655.59
189.03	687.16
189.11	715.95
189.18	732.93
189.26	753.55
189.33	778.68
189.41	804.74
189.48	823.59
189.56	843.83
189.63	862.69
189.71	866.55
189.78	857.09
189.86	847.19
189.93	835.96
190.01	812.76
190.08	795.20
190.16	777.66
190.23	754.10
190.31	744.81
190.38	746.84
190.46	759.83
190.53	790.01
190.61	841.41
190.68	877.01
190.76	927.02
190.83	966.55
190.91	997.62
190.98	1020.72
191.06	1054.35
191.13	1077.71
191.21	1100.10
191.28	1119.62
191.35	1137.45
191.43	1148.80
191.50	1155.39
191.58	1167.64
191.65	1180.62
191.73	1192.80
191.80	1202.99
191.88	1209.50
191.95	1211.35
192.03	1212.30
192.10	1209.95
192.18	1209.86
192.25	1209.82
192.33	1201.01
192.40	1188.91
192.48	1183.76
192.55	1183.73
192.63	1186.57
192.70	1207.06
192.78	1235.66
192.85	1271.45
192.93	1301.82
193.00	1327.24
193.08	1343.23
193.15	1361.33
193.22	1374.31
193.30	1390.83
193.37	1428.19
193.45	1459.20
193.52	1490.23
193.60	1523.46
193.67	1551.80
193.75	1567.11
193.82	1590.04
193.90	1604.57
193.97	1613.89
194.05	1618.17
194.12	1616.49
194.20	1613.78
194.27	1612.79
194.34	1599.50
194.42	1584.83
194.49	1579.30
194.57	1575.41
194.64	1563.52
194.72	1559.15
194.79	1565.71
194.87	1575.21
194.94	1598.39
195.02	1636.88
195.09	1682.49
195.17	1731.76
195.24	1775.11
195.31	1807.08
195.39	1831.49
195.46	1847.39
195.54	1862.30
195.61	1871.49
195.69	1869.53
195.76	1861.96
195.84	1856.32
195.91	1826.81
195.99	1795.01
196.06	1770.06
196.13	1759.83
196.21	1759.28
196.28	1782.40
196.36	1823.93
196.43	1872.13
196.51	1917.27
196.58	1960.55
196.66	1997.20
196.73	2022.75
196.80	2040.24
196.88	2049.59
196.95	2057.48
197.03	2063.14
197.10	2055.97
197.18	2047.35
197.25	2033.98
197.33	2010.38
197.40	1986.01
197.47	1961.64
197.55	1945.84
197.62	1938.79
197.70	1945.46
197.77	1961.78
197.85	2001.73
197.92	2039.35
197.99	2086.38
198.07	2136.83
198.14	2180.02
198.22	2218.88
198.29	2251.37
198.37	2273.78
198.44	2291.35
198.51	2303.13
198.59	2296.48
198.66	2293.44
198.74	2278.36
198.81	2248.97
198.89	2208.29
198.96	2175.55
199.03	2139.12
199.11	2118.70
199.18	2114.55
199.26	2137.26
199.33	2177.62
199.41	2234.91
199.48	2288.76
199.55	2344.87
199.63	2385.83
199.70	2427.68
199.78	2456.83
199.85	2487.55
199.93	2507.40
200.00	2533.93
200.07	2535.99
200.15	2537.82
200.22	2525.50
200.30	2500.22
200.37	2461.77
200.44	2412.86
200.52	2365.74
200.59	2341.61
200.67	2338.99
200.74	2356.27
200.81	2405.43
200.89	2459.83
200.96	2518.59
201.04	2569.32
201.11	2625.61
201.19	2678.50
201.26	2730.19
201.33	2765.14
201.41	2801.23
201.48	2827.98
201.56	2841.03
201.63	2849.48
201.70	2843.66
201.78	2825.92
201.85	2795.67
201.93	2755.83
202.00	2712.71
202.07	2681.08
202.15	2654.04
202.22	2642.98
202.30	2666.70
202.37	2704.79
202.44	2763.59
202.52	2840.62
202.59	2923.97
202.67	2994.79
202.74	3059.69
202.81	3111.89
202.89	3158.88
202.96	3203.22
203.04	3240.73
203.11	3264.18
203.18	3282.86
203.26	3284.52
203.33	3260.04
203.41	3220.76
203.48	3172.11
203.55	3097.94
203.63	3034.71
203.70	3000.56
203.77	3001.70
203.85	3046.83
203.92	3129.84
204.00	3237.82
204.07	3340.98
204.14	3436.41
204.22	3511.18
204.29	3586.69
204.37	3644.90
204.44	3700.48
204.51	3748.34
204.59	3795.61
204.66	3826.30
204.73	3846.19
204.81	3846.21
204.88	3835.04
204.96	3797.06
205.03	3741.98
205.10	3674.83
205.18	3626.55
205.25	3588.67
205.32	3581.56
205.40	3605.62
205.47	3672.70
205.55	3757.67
205.62	3860.48
205.69	3977.82
205.77	4102.04
205.84	4212.63
205.91	4314.31
205.99	4399.51
206.06	4467.83
206.14	4525.50
206.21	4586.00
206.28	4625.43
206.36	4663.72
206.43	4677.33
206.50	4671.14
206.58	4627.82
206.65	4567.30
206.72	4472.30
206.80	4381.03
206.87	4309.07
206.95	4293.22
207.02	4334.72
207.09	4441.91
207.17	4586.73
207.24	4750.36
207.31	4906.05
207.39	5049.75
207.46	5177.44
207.53	5289.59
207.61	5399.90
207.68	5487.33
207.75	5577.45
207.83	5654.41
207.90	5720.10
207.98	5755.36
208.05	5780.39
208.12	5762.01
208.20	5722.14
208.27	5658.43
208.34	5580.88
208.42	5490.63
208.49	5442.16
208.56	5426.88
208.64	5470.17
208.71	5560.29
208.78	5692.20
208.86	5841.55
208.93	5996.58
209.00	6151.11
209.08	6309.70
209.15	6466.94
209.22	6612.38
209.30	6748.98
209.37	6873.39
209.44	6984.07
209.52	7084.52
209.59	7157.26
209.67	7225.63
209.74	7262.00
209.81	7277.89
209.89	7251.32
209.96	7197.00
210.03	7103.98
210.11	7020.56
210.18	6947.47
210.25	6919.86
210.33	6954.23
210.40	7057.73
210.47	7211.14
210.55	7393.59
210.62	7596.73
210.69	7791.63
210.77	7982.40
210.84	8151.58
210.91	8318.22
210.99	8468.83
211.06	8615.48
211.13	8748.67
211.21	8880.40
211.28	8987.88
211.35	9080.76
211.42	9143.73
211.50	9172.81
211.57	9152.29
211.64	9100.03
211.72	9008.53
211.79	8898.00
211.86	8824.50
211.94	8840.16
212.01	8922.69
212.08	9087.78
212.16	9308.65
212.23	9539.21
212.30	9744.87
212.38	9927.83
212.45	10096.55
212.52	10262.22
212.60	10417.49
212.67	10572.56
212.74	10741.11
212.82	10904.08
212.89	11063.64
212.96	11209.15
213.03	11337.44
213.11	11433.72
213.18	11488.06
213.25	11508.74
213.33	11495.92
213.40	11435.16
213.47	11381.89
213.55	11358.98
213.62	11367.93
213.69	11444.15
213.77	11588.58
213.84	11769.70
213.91	11982.62
213.98	12206.44
214.06	12403.83
214.13	12602.16
214.20	12776.58
214.28	12947.16
214.35	13120.50
214.42	13318.47
214.50	13509.42
214.57	13700.52
214.64	13878.05
214.72	14039.19
214.79	14171.90
214.86	14268.08
214.93	14346.54
215.01	14387.00
215.08	14372.43
215.15	14324.06
215.23	14248.87
215.30	14203.51
215.37	14210.11
215.44	14327.18
215.52	14523.14
215.59	14792.85
215.66	15069.94
215.74	15340.32
215.81	15573.84
215.88	15799.86
215.95	16005.33
216.03	16212.11
216.10	16416.78
216.17	16614.97
216.25	16784.11
216.32	16957.52
216.39	17114.01
216.46	17253.04
216.54	17372.13
216.61	17479.79
216.68	17547.61
216.76	17590.08
216.83	17593.38
216.90	17571.93
216.97	17542.50
217.05	17564.74
217.12	17633.68
217.19	17768.45
217.27	17968.22
217.34	18217.07
217.41	18478.74
217.48	18740.33
217.56	18997.54
217.63	19240.76
217.70	19468.99
217.78	19672.29
217.85	19873.01
217.92	20057.89
217.99	20238.13
218.07	20401.89
218.14	20560.30
218.21	20712.41
218.28	20876.27
218.36	21021.05
218.43	21151.67
218.50	21263.12
218.57	21316.25
218.65	21313.10
218.72	21272.04
218.79	21237.96
218.87	21231.80
218.94	21295.51
219.01	21437.87
219.08	21663.76
219.16	21931.82
219.23	22220.48
219.30	22497.20
219.37	22745.81
219.45	22981.70
219.52	23205.05
219.59	23404.28
219.66	23597.60
219.74	23799.29
219.81	23994.34
219.88	24179.53
219.95	24371.59
220.03	24569.81
220.10	24742.71
220.17	24888.76
220.24	25010.26
220.32	25089.56
220.39	25113.68
220.46	25107.98
220.53	25079.77
220.61	25051.46
220.68	25062.00
220.75	25145.95
220.82	25300.61
220.90	25504.61
220.97	25736.07
221.04	25971.85
221.11	26180.24
221.19	26376.11
221.26	26569.39
221.33	26769.61
221.40	26970.97
221.48	27176.11
221.55	27355.58
221.62	27537.77
221.69	27723.02
221.77	27896.94
221.84	28066.67
221.91	28235.37
221.98	28387.22
222.06	28500.65
222.13	28616.36
222.20	28694.20
222.27	28757.37
222.35	28799.23
222.42	28844.18
222.49	28889.32
222.56	28962.58
222.63	29063.15
222.71	29201.24
222.78	29353.89
222.85	29512.92
222.92	29682.73
223.00	29845.38
223.07	30006.09
223.14	30173.33
223.21	30327.78
223.29	30488.48
223.36	30664.65
223.43	30837.60
223.50	31011.11
223.57	31186.49
223.65	31358.35
223.72	31505.68
223.79	31641.06
223.86	31738.17
223.94	31818.00
224.01	31881.59
224.08	31948.01
224.15	32012.30
224.22	32089.56
224.30	32170.08
224.37	32262.15
224.44	32367.02
224.51	32479.61
224.59	32593.96
224.66	32729.71
224.73	32858.17
224.80	33003.40
224.87	33149.24
224.95	33312.76
225.02	33470.83
225.09	33628.22
225.16	33764.25
225.23	33901.30
225.31	34035.42
225.38	34144.36
225.45	34262.24
225.52	34379.82
225.60	34476.68
225.67	34555.55
225.74	34635.89
225.81	34697.12
225.88	34739.94
225.96	34811.73
226.03	34904.04
226.10	35013.75
226.17	35133.65
226.24	35270.40
226.32	35399.26
226.39	35507.61
226.46	35614.84
226.53	35729.94
226.60	35838.14
226.68	35945.10
226.75	36056.89
226.82	36166.07
226.89	36265.93
226.96	36373.74
227.04	36450.10
227.11	36539.43
227.18	36626.03
227.25	36709.16
227.32	36789.70
227.40	36887.07
227.47	36965.38
227.54	37041.56
227.61	37095.63
227.68	37140.16
227.76	37192.55
227.83	37251.08
227.90	37320.89
227.97	37398.14
228.04	37493.97
228.11	37577.34
228.19	37658.85
228.26	37744.15
228.33	37841.22
228.40	37928.64
228.47	38028.23
228.55	38130.68
228.62	38233.86
228.69	38337.83
228.76	38428.91
228.83	38508.99
228.90	38587.64
228.98	38659.39
229.05	38747.65
229.12	38846.80
229.19	38937.77
229.26	39032.96
229.34	39108.41
229.41	39170.05
229.48	39223.91
229.55	39282.63
229.62	39346.02
229.69	39406.67
229.77	39448.24
229.84	39487.25
229.91	39526.80
229.98	39556.39
230.05	39597.19
230.12	39648.47
230.20	39717.07
230.27	39787.69
230.34	39873.86
230.41	39964.93
230.48	40057.84
230.55	40140.33
230.63	40230.90
230.70	40299.17
230.77	40346.29
230.84	40397.77
230.91	40428.80
230.98	40464.50
231.06	40500.49
231.13	40568.23
231.20	40641.79
231.27	40732.31
231.34	40811.32
231.41	40907.48
231.49	40969.26
231.56	41023.83
231.63	41085.73
231.70	41139.93
231.77	41184.86
231.84	41235.61
231.92	41281.96
231.99	41312.30
232.06	41339.92
232.13	41373.35
232.20	41425.27
232.27	41473.05
232.34	41526.28
232.42	41569.71
232.49	41612.24
232.56	41647.06
232.63	41696.62
232.70	41740.69
232.77	41808.40
232.85	41867.72
232.92	41928.22
232.99	41976.85
233.06	42033.90
233.13	42077.55
233.20	42106.83
233.27	42124.76
233.35	42150.01
233.42	42163.96
233.49	42185.29
233.56	42220.60
233.63	42264.36
233.70	42289.79
233.77	42327.43
233.85	42358.95
233.92	42400.69
233.99	42444.59
234.06	42494.49
234.13	42541.39
234.20	42592.50
234.27	42630.21
234.35	42653.29
234.42	42687.19
234.49	42714.77
234.56	42738.36
234.63	42741.21
234.70	42753.79
234.77	42753.22
234.84	42743.05
234.92	42730.13
234.99	42745.37
235.06	42766.18
235.13	42793.25
235.20	42831.49
235.27	42876.44
235.34	42904.34
235.41	42937.59
235.49	42972.15
235.56	43009.54
235.63	43040.28
235.70	43068.45
235.77	43087.92
235.84	43102.89
235.91	43097.80
235.98	43091.59
236.06	43087.80
236.13	43075.10
236.20	43070.45
236.27	43073.51
236.34	43073.77
236.41	43085.38
236.48	43100.76
236.55	43105.68
236.63	43107.08
236.70	43106.43
236.77	43110.30
236.84	43133.22
236.91	43153.87
236.98	43175.46
237.05	43213.62
237.12	43230.28
237.19	43228.87
237.27	43231.82
237.34	43244.60
237.41	43241.17
237.48	43246.86
237.55	43250.25
237.62	43250.72
237.69	43258.24
237.76	43279.25
237.83	43307.71
237.91	43335.54
237.98	43360.55
238.05	43362.66
238.12	43364.40
238.19	43364.35
238.26	43380.89
238.33	43389.96
238.40	43406.22
238.47	43402.95
238.54	43403.24
238.62	43378.00
238.69	43363.31
238.76	43347.84
238.83	43349.52
238.90	43350.97
238.97	43371.90
239.04	43395.90
239.11	43429.26
239.18	43458.96
239.25	43473.26
239.33	43468.66
239.40	43467.55
239.47	43453.12
239.54	43426.71
239.61	43413.97
239.68	43403.71
239.75	43387.80
239.82	43387.25
239.89	43398.86
239.96	43404.88
240.03	43423.18
240.11	43442.19
240.18	43453.26
240.25	43454.59
240.32	43463.16
240.39	43472.77
240.46	43489.11
240.53	43517.60
240.60	43559.44
240.67	43596.65
240.74	43629.78
240.81	43641.50
240.88	43656.62
240.96	43668.93
241.03	43675.93
241.10	43679.53
241.17	43704.25
241.24	43714.67
241.31	43720.45
241.38	43718.30
241.45	43711.54
241.52	43704.30
241.59	43703.13
241.66	43710.25
241.73	43738.42
241.80	43760.95
241.88	43784.60
241.95	43793.98
242.02	43797.77
242.09	43792.97
242.16	43789.94
242.23	43796.64
242.30	43813.75
242.37	43825.34
242.44	43839.59
242.51	43854.75
242.58	43859.34
242.65	43868.75
242.72	43896.77
242.79	43916.09
242.87	43948.75
242.94	43968.85
243.01	43984.83
243.08	44000.68
243.15	44023.63
243.22	44028.59
243.29	44052.49
243.36	44081.18
243.43	44114.00
243.50	44154.94
243.57	44215.17
243.64	44263.72
243.71	44315.18
243.78	44335.18
243.85	44345.89
243.92	44351.67
243.99	44360.96
244.07	44370.94
244.14	44389.22
244.21	44411.97
244.28	44439.46
244.35	44459.84
244.42	44469.51
244.49	44495.47
244.56	44510.98
244.63	44518.61
244.70	44531.47
244.77	44556.49
244.84	44590.88
244.91	44631.08
244.98	44680.42
245.05	44729.81
245.12	44778.56
245.19	44811.25
245.26	44843.53
245.33	44888.32
245.40	44941.42
245.47	44993.79
245.55	45051.19
245.62	45103.20
245.69	45130.80
245.76	45155.81
245.83	45185.52
245.90	45215.07
245.97	45249.02
246.04	45302.18
246.11	45335.60
246.18	45364.33
246.25	45387.88
246.32	45410.20
246.39	45424.97
246.46	45467.92
246.53	45520.60
246.60	45577.60
246.67	45637.34
246.74	45704.50
246.81	45768.54
246.88	45822.25
246.95	45871.82
247.02	45919.63
247.09	45961.96
247.16	45986.52
247.23	46003.62
247.30	46006.89
247.37	46024.71
247.44	46062.41
247.51	46096.32
247.58	46139.78
247.66	46208.69
247.73	46282.05
247.80	46339.34
247.87	46413.13
247.94	46494.48
248.01	46575.82
248.08	46631.78
248.15	46682.90
248.22	46720.11
248.29	46763.85
248.36	46795.49
248.43	46856.33
248.50	46916.16
248.57	46985.77
248.64	47031.95
248.71	47098.22
248.78	47155.66
248.85	47207.45
248.92	47263.15
248.99	47317.48
249.06	47352.48
249.13	47380.81
249.20	47420.14
249.27	47447.13
249.34	47477.38
249.41	47508.56
249.48	47546.50
249.55	47579.76
249.62	47624.00
249.69	47668.97
249.76	47720.31
249.83	47767.33
249.90	47819.18
249.97	47890.15
250.04	47979.15
250.11	48072.12
250.18	48143.35
250.25	48221.96
250.32	48281.75
250.39	48333.63
250.46	48374.24
250.53	48440.45
250.60	48509.04
250.67	48578.69
250.74	48636.82
250.81	48686.92
250.88	48717.60
250.95	48748.15
251.02	48778.84
251.09	48813.66
251.16	48869.16
251.23	48934.13
251.30	48984.11
251.37	49041.04
251.44	49087.77
251.51	49136.63
251.58	49192.42
251.65	49250.91
251.72	49303.84
251.79	49371.59
251.86	49417.13
251.93	49455.94
252.00	49481.06
252.07	49492.61
252.14	49508.26
252.21	49535.69
252.28	49562.08
252.35	49614.71
252.42	49685.20
252.49	49753.17
252.56	49821.47
252.63	49896.30
252.70	49953.39
252.77	50017.49
252.84	50071.40
252.91	50116.16
252.98	50149.13
253.05	50191.84
253.12	50218.87
253.19	50253.72
253.25	50291.87
253.32	50347.42
253.39	50404.62
253.46	50453.51
253.53	50499.58
253.60	50543.35
253.67	50570.67
253.74	50601.76
253.81	50657.64
253.88	50704.06
253.95	50752.21
254.02	50809.87
254.09	50845.30
254.16	50865.57
254.23	50885.78
254.30	50918.97
254.37	50944.94
254.44	50986.96
254.51	51038.08
254.58	51086.41
254.65	51135.09
254.72	51178.19
254.79	51203.23
254.86	51218.47
254.93	51245.45
255.00	51271.06
255.07	51311.11
255.14	51361.15
255.21	51397.55
255.28	51416.87
255.34	51427.64
255.41	51443.73
255.48	51468.10
255.55	51504.01
255.62	51553.33
255.69	51591.36
255.76	51608.60
255.83	51629.31
255.90	51659.17
255.97	51704.37
256.04	51733.72
256.11	51798.60
256.18	51842.68
256.25	51889.09
256.32	51907.74
256.39	51943.06
256.46	51962.97
256.53	51981.96
256.60	52000.08
256.67	52036.08
256.74	52071.96
256.80	52090.21
256.87	52125.56
256.94	52141.40
257.01	52158.22
257.08	52196.54
257.15	52234.29
257.22	52258.25
257.29	52281.37
257.36	52294.52
257.43	52279.78
257.50	52261.40
257.57	52249.87
257.64	52259.62
257.71	52267.88
257.78	52297.10
257.85	52334.17
257.92	52373.11
257.98	52411.82
258.05	52450.79
258.12	52467.94
258.19	52473.12
258.26	52455.14
258.33	52420.12
258.40	52397.80
258.47	52388.31
258.54	52385.36
258.61	52416.45
258.68	52452.29
258.75	52488.14
258.82	52528.41
258.89	52561.69
258.95	52579.53
259.02	52594.58
259.09	52596.67
259.16	52580.01
259.23	52570.37
259.30	52548.49
259.37	52539.43
259.44	52538.85
259.51	52557.01
259.58	52584.73
259.65	52615.83
259.72	52629.13
259.79	52621.89
259.85	52597.43
259.92	52585.40
259.99	52586.91
260.06	52610.66
260.13	52633.83
260.20	52654.24
260.27	52633.20
260.34	52610.25
260.41	52563.23
260.48	52526.36
260.55	52514.83
260.62	52530.17
260.68	52528.81
260.75	52531.77
260.82	52547.11
260.89	52547.33
260.96	52544.51
261.03	52556.13
261.10	52568.54
261.17	52557.32
261.24	52537.76
261.31	52519.24
261.38	52485.76
261.44	52450.25
261.51	52417.60
261.58	52404.74
261.65	52391.11
261.72	52370.43
261.79	52364.79
261.86	52368.45
261.93	52357.54
262.00	52340.89
262.07	52332.75
262.13	52326.40
262.20	52307.63
262.27	52287.22
262.34	52284.19
262.41	52284.50
262.48	52274.71
262.55	52273.44
262.62	52272.10
262.69	52257.14
262.76	52250.20
262.82	52228.77
262.89	52208.67
262.96	52203.65
263.03	52192.20
263.10	52181.47
263.17	52163.97
263.24	52142.52
263.31	52117.90
263.38	52109.31
263.44	52099.49
263.51	52095.98
263.58	52090.71
263.65	52073.48
263.72	52020.36
263.79	51961.72
263.86	51907.87
263.93	51863.49
264.00	51824.69
264.06	51824.08
264.13	51817.59
264.20	51810.26
264.27	51783.35
264.34	51753.84
264.41	51710.23
264.48	51677.04
264.55	51644.51
264.61	51620.94
264.68	51603.73
264.75	51588.10
264.82	51546.37
264.89	51506.22
264.96	51473.67
265.03	51431.59
265.10	51402.67
265.16	51390.55
265.23	51379.53
265.30	51376.94
265.37	51368.29
265.44	51341.00
265.51	51317.51
265.58	51300.40
265.65	51275.35
265.71	51257.98
265.78	51249.78
265.85	51242.20
265.92	51213.28
265.99	51164.86
266.06	51122.06
266.13	51064.53
266.20	51018.26
266.26	50992.35
266.33	50971.25
266.40	50945.22
266.47	50917.78
266.54	50859.48
266.61	50800.13
266.68	50767.23
266.74	50730.91
266.81	50695.47
266.88	50670.32
266.95	50635.15
267.02	50588.36
267.09	50545.43
267.16	50500.70
267.22	50473.76
267.29	50451.58
267.36	50430.56
267.43	50420.54
267.50	50414.25
267.57	50401.43
267.64	50378.14
267.70	50351.17
267.77	50309.20
267.84	50284.93
267.91	50252.93
267.98	50217.76
268.05	50195.17
268.11	50175.19
268.18	50137.30
268.25	50090.63
268.32	50061.95
268.39	50007.98
268.46	49958.89
268.53	49902.45
268.59	49857.55
268.66	49803.63
268.73	49759.15
268.80	49732.17
268.87	49707.47
268.94	49697.47
269.00	49706.30
269.07	49718.03
269.14	49712.16
269.21	49706.53
269.28	49675.30
269.35	49630.14
269.41	49600.80
269.48	49564.15
269.55	49529.74
269.62	49516.19
269.69	49487.87
269.76	49439.23
269.82	49396.79
269.89	49372.80
269.96	49339.98
270.03	49309.05
270.10	49292.25
270.17	49268.77
270.23	49228.03
270.30	49186.27
270.37	49167.07
270.44	49157.05
270.51	49138.58
270.58	49122.30
270.64	49123.57
270.71	49110.28
270.78	49096.22
270.85	49080.42
270.92	49079.29
270.99	49054.67
271.05	49032.98
271.12	48989.82
271.19	48954.80
271.26	48898.90
271.33	48851.70
271.39	48814.43
271.46	48762.17
271.53	48720.84
271.60	48705.92
271.67	48688.67
271.74	48669.88
271.80	48661.47
271.87	48655.50
271.94	48629.26
272.01	48594.98
272.08	48554.13
272.14	48522.37
272.21	48502.02
272.28	48488.23
272.35	48481.61
272.42	48472.24
272.48	48478.13
272.55	48460.60
272.62	48455.96
272.69	48452.43
272.76	48467.35
272.83	48444.38
272.89	48424.22
272.96	48388.98
273.03	48360.87
273.10	48311.89
273.17	48290.35
273.23	48270.89
273.30	48245.76
273.37	48211.51
273.44	48185.49
273.51	48157.03
273.57	48133.21
273.64	48120.31
273.71	48114.13
273.78	48103.90
273.85	48106.67
273.91	48102.24
273.98	48107.59
274.05	48121.84
274.12	48145.10
274.19	48164.18
274.25	48183.26
274.32	48181.14
274.39	48166.92
274.46	48126.07
274.53	48063.69
274.59	47990.98
274.66	47935.69
274.73	47887.45
274.80	47851.39
274.86	47827.63
274.93	47814.49
275.00	47800.71
275.07	47775.21
275.14	47761.90
275.20	47742.08
275.27	47720.20
275.34	47689.14
275.41	47669.80
275.48	47659.56
275.54	47649.66
275.61	47643.81
275.68	47645.49
275.75	47639.92
275.81	47612.66
275.88	47595.39
275.95	47590.11
276.02	47571.33
276.09	47555.67
276.15	47547.37
276.22	47546.16
276.29	47537.17
276.36	47511.91
276.42	47473.88
276.49	47431.63
276.56	47372.80
276.63	47303.07
276.70	47281.41
276.76	47254.42
276.83	47247.72
276.90	47258.53
276.97	47285.02
277.03	47280.49
277.10	47277.79
277.17	47261.20
277.24	47238.56
277.30	47215.75
277.37	47187.67
277.44	47187.44
277.51	47197.41
277.58	47192.17
277.64	47171.61
277.71	47165.51
277.78	47136.60
277.85	47086.93
277.91	47026.76
277.98	46971.27
278.05	46917.62
278.12	46884.92
278.18	46855.87
278.25	46854.72
278.32	46866.55
278.39	46892.07
278.45	46913.84
278.52	46944.60
278.59	46967.04
278.66	46984.28
278.72	46980.86
278.79	46953.08
278.86	46913.52
278.93	46871.26
278.99	46811.23
279.06	46746.17
279.13	46711.20
279.20	46693.50
279.26	46697.35
279.33	46719.32
279.40	46760.36
279.47	46795.69
279.53	46807.36
279.60	46786.94
279.67	46741.70
279.74	46646.34
279.80	46552.95
279.87	46464.90
279.94	46401.19
280.01	46358.64
280.07	46361.14
280.14	46357.91
280.21	46373.81
280.28	46382.21
280.34	46385.07
280.41	46389.78
280.48	46377.47
280.55	46356.29
280.61	46346.13
280.68	46331.30
280.75	46300.31
280.82	46277.91
280.88	46253.82
280.95	46204.71
281.02	46157.38
281.08	46105.27
281.15	46043.83
281.22	45986.61
281.29	45922.37
281.35	45861.40
281.42	45799.23
281.49	45729.60
281.56	45659.94
281.62	45606.11
281.69	45546.48
281.76	45509.70
281.82	45490.36
281.89	45472.95
281.96	45467.44
282.03	45476.13
282.09	45467.46
282.16	45467.35
282.23	45464.08
282.30	45449.48
282.36	45448.50
282.43	45454.30
282.50	45469.50
282.56	45468.30
282.63	45468.69
282.70	45458.95
282.77	45461.23
282.83	45443.34
282.90	45437.01
282.97	45429.43
283.03	45411.50
283.10	45373.79
283.17	45318.22
283.24	45247.05
283.30	45164.52
283.37	45076.34
283.44	44998.96
283.50	44957.59
283.57	44949.23
283.64	44930.86
283.71	44920.76
283.77	44910.45
283.84	44903.31
283.91	44878.36
283.97	44883.30
284.04	44913.06
284.11	44934.03
284.18	44945.58
284.24	44969.12
284.31	44978.02
284.38	44965.08
284.44	44967.66
284.51	44970.64
284.58	44963.92
284.64	44984.12
284.71	44992.11
284.78	44974.68
284.85	44941.45
284.91	44923.94
284.98	44883.44
285.05	44837.29
285.11	44802.18
285.18	44762.55
285.25	44717.97
285.31	44672.60
285.38	44654.84
285.45	44644.05
285.52	44668.15
285.58	44681.18
285.65	44707.71
285.72	44721.69
285.78	44742.02
285.85	44753.28
285.92	44767.81
285.98	44777.55
286.05	44799.72
286.12	44823.89
286.18	44842.67
286.25	44859.16
286.32	44868.68
286.39	44872.79
286.45	44863.75
286.52	44840.52
286.59	44799.33
286.65	44748.19
286.72	44676.27
286.79	44608.38
286.85	44545.40
286.92	44504.36
286.99	44481.45
287.05	44473.43
287.12	44484.50
287.19	44503.41
287.25	44532.13
287.32	44558.87
287.39	44598.83
287.45	44622.01
287.52	44643.47
287.59	44661.70
287.65	44677.54
287.72	44690.04
287.79	44700.19
287.86	44704.71
287.92	44700.43
287.99	44702.38
288.06	44709.75
288.12	44714.58
288.19	44731.67
288.26	44737.38
288.32	44752.96
288.39	44742.57
288.46	44744.36
288.52	44739.66
288.59	44727.31
288.66	44693.02
288.72	44657.03
288.79	44601.04
288.86	44543.55
288.92	44505.12
288.99	44474.54
289.06	44479.14
289.12	44499.53
289.19	44536.71
289.26	44586.18
289.32	44638.17
289.39	44682.23
289.45	44727.47
289.52	44756.84
289.59	44794.11
289.65	44820.90
289.72	44831.40
289.79	44835.93
289.85	44842.26
289.92	44812.53
289.99	44791.13
290.05	44763.98
290.12	44722.82
290.19	44685.06
290.25	44673.08
290.32	44670.28
290.39	44687.40
290.45	44716.34
290.52	44739.14
290.59	44744.16
290.65	44730.88
290.72	44693.36
290.79	44655.32
290.85	44637.79
290.92	44657.04
290.98	44679.73
291.05	44730.41
291.12	44796.91
291.18	44860.51
291.25	44904.51
291.32	44960.78
291.38	44996.07
291.45	45028.09
291.52	45056.82
291.58	45086.32
291.65	45094.98
291.72	45113.26
291.78	45112.28
291.85	45081.37
291.91	45042.64
291.98	45030.64
292.05	44999.72
292.11	44986.18
292.18	44983.36
292.25	44959.59
292.31	44918.99
292.38	44889.13
292.45	44863.30
292.51	44853.85
292.58	44866.50
292.64	44893.26
292.71	44931.34
292.78	44979.25
292.84	45016.77
292.91	45071.80
292.98	45118.22
293.04	45163.38
293.11	45202.52
293.17	45254.39
293.24	45299.97
293.31	45350.15
293.37	45391.47
293.44	45424.08
293.51	45447.03
293.57	45442.25
293.64	45428.09
293.70	45410.13
293.77	45374.37
293.84	45324.33
293.90	45263.59
293.97	45210.77
294.04	45172.34
294.10	45144.33
294.17	45140.23
294.23	45171.74
294.30	45191.24
294.37	45203.31
294.43	45218.91
294.50	45213.44
294.56	45208.18
294.63	45213.84
294.70	45237.11
294.76	45283.63
294.83	45359.57
294.90	45437.28
294.96	45525.25
295.03	45601.47
295.09	45670.91
295.16	45735.25
295.23	45789.97
295.29	45839.99
295.36	45881.21
295.42	45904.70
295.49	45915.06
295.56	45924.39
295.62	45933.86
295.69	45926.80
295.75	45906.09
295.82	45864.61
295.89	45810.76
295.95	45727.67
296.02	45663.71
296.08	45597.65
296.15	45549.61
296.22	45510.37
296.28	45501.17
296.35	45507.53
296.41	45539.92
296.48	45587.05
296.55	45663.38
296.61	45742.81
296.68	45827.52
296.74	45923.45
296.81	46014.37
296.88	46081.91
296.94	46134.95
297.01	46178.10
297.07	46209.11
297.14	46246.37
297.20	46296.66
297.27	46355.19
297.34	46418.67
297.40	46486.78
297.47	46530.73
297.53	46549.96
297.60	46554.21
297.67	46538.59
297.73	46502.85
297.80	46456.82
297.86	46390.11
297.93	46312.29
298.00	46220.66
298.06	46131.08
298.13	46082.25
298.19	46064.20
298.26	46076.14
298.32	46115.26
298.39	46158.32
298.46	46193.42
298.52	46235.64
298.59	46288.26
298.65	46346.91
298.72	46420.61
298.78	46495.77
298.85	46579.04
298.92	46648.57
298.98	46719.43
299.05	46771.87
299.11	46833.54
299.18	46888.53
299.24	46930.52
299.31	46954.84
299.38	46992.76
299.44	47003.26
299.51	47015.25
299.57	47038.22
299.64	47068.58
299.70	47078.19
299.77	47086.87
299.84	47058.71
299.90	46989.12
299.97	46870.24
300.03	46727.91
300.10	46585.40
300.16	46473.17
300.23	46414.96
300.30	46413.27
300.36	46464.67
300.43	46553.36
300.49	46648.88
300.56	46739.15
300.62	46838.67
300.69	46931.03
300.75	46994.86
300.82	47063.79
300.89	47117.42
300.95	47152.94
301.02	47192.68
301.08	47233.25
301.15	47267.40
301.21	47309.25
301.28	47346.93
301.34	47372.82
301.41	47392.25
301.48	47404.56
301.54	47412.40
301.61	47428.17
301.67	47423.34
301.74	47417.85
301.80	47392.39
301.87	47343.01
301.93	47254.27
302.00	47151.15
302.06	47038.35
302.13	46931.31
302.20	46842.77
302.26	46796.28
302.33	46787.82
302.39	46787.03
302.46	46810.97
302.52	46848.25
302.59	46897.76
302.65	46954.25
302.72	47016.81
302.78	47087.76
302.85	47155.26
302.91	47198.07
302.98	47234.33
303.05	47263.91
303.11	47279.93
303.18	47296.41
303.24	47313.90
303.31	47323.90
303.37	47340.97
303.44	47349.37
303.50	47355.67
303.57	47346.95
303.63	47334.05
303.70	47313.53
303.76	47295.95
303.83	47261.15
303.89	47240.17
303.96	47199.12
304.03	47149.58
304.09	47060.35
304.16	46959.17
304.22	46828.98
304.29	46714.56
304.35	46609.81
304.42	46555.46
304.48	46535.81
304.55	46550.84
304.61	46580.84
304.68	46621.31
304.74	46661.41
304.81	46699.54
304.87	46725.44
304.94	46755.75
305.00	46779.72
305.07	46785.45
305.13	46773.42
305.20	46763.33
305.26	46747.99
305.33	46737.71
305.39	46724.22
305.46	46706.69
305.52	46697.47
305.59	46686.91
305.66	46656.79
305.72	46635.81
305.79	46608.35
305.85	46575.49
305.92	46502.28
305.98	46402.69
306.05	46251.66
306.11	46088.60
306.18	45908.75
306.24	45750.30
306.31	45606.37
306.37	45483.48
306.44	45387.67
306.50	45310.08
306.57	45269.79
306.63	45308.37
306.70	45390.70
306.76	45489.84
306.83	45588.61
306.89	45666.34
306.96	45692.50
307.02	45695.99
307.09	45701.38
307.15	45706.06
307.22	45710.65
307.28	45700.55
307.35	45677.34
307.41	45638.02
307.48	45601.09
307.54	45545.73
307.61	45494.25
307.67	45455.29
307.74	45421.45
307.80	45376.36
307.87	45343.34
307.93	45308.56
308.00	45269.28
308.06	45214.57
308.13	45151.18
308.19	45085.48
308.26	45019.31
308.32	44949.66
308.38	44891.97
308.45	44832.09
308.51	44764.85
308.58	44673.60
308.64	44578.37
308.71	44484.63
308.77	44409.78
308.84	44340.71
308.90	44305.32
308.97	44292.29
309.03	44278.67
309.10	44258.86
309.16	44243.38
309.23	44217.33
309.29	44187.28
309.36	44142.01
309.42	44097.47
309.49	44057.75
309.55	44010.52
309.62	43959.34
309.68	43917.78
309.75	43861.33
309.81	43803.88
309.88	43753.59
309.94	43685.63
310.00	43622.18
310.07	43564.66
310.13	43506.62
310.20	43445.62
310.26	43401.98
310.33	43337.13
310.39	43288.71
310.46	43235.97
310.52	43178.56
310.59	43105.83
310.65	43035.54
310.72	42951.82
310.78	42863.48
310.85	42785.84
310.91	42730.32
310.97	42690.06
311.04	42653.94
311.10	42610.96
311.17	42581.06
311.23	42538.81
311.30	42493.75
311.36	42454.81
311.43	42436.78
311.49	42404.00
311.56	42365.57
311.62	42325.72
311.69	42297.48
311.75	42247.72
311.81	42188.68
311.88	42143.71
311.94	42089.00
312.01	42035.98
312.07	41986.09
312.14	41948.48
312.20	41908.98
312.27	41880.19
312.33	41824.60
312.40	41773.16
312.46	41702.06
312.52	41629.37
312.59	41550.36
312.65	41475.80
312.72	41394.07
312.78	41338.30
312.85	41268.92
312.91	41191.90
312.98	41125.39
313.04	41065.41
313.10	40991.51
313.17	40935.05
313.23	40885.52
313.30	40837.80
313.36	40783.44
313.43	40728.70
313.49	40686.10
313.56	40641.97
313.62	40592.38
313.68	40547.22
313.75	40515.96
313.81	40458.04
313.88	40409.20
313.94	40364.16
314.01	40325.42
314.07	40276.36
314.13	40240.75
314.20	40201.57
314.26	40150.35
314.33	40092.05
314.39	40037.66
314.46	39970.89
314.52	39910.61
314.58	39854.82
314.65	39798.80
314.71	39739.30
314.78	39678.54
314.84	39628.38
314.91	39565.17
314.97	39518.17
315.03	39468.94
315.10	39424.27
315.16	39363.97
315.23	39317.08
315.29	39254.78
315.36	39207.76
315.42	39167.05
315.48	39123.50
315.55	39080.27
315.61	39033.85
315.68	38971.39
315.74	38904.30
315.81	38840.64
315.87	38784.50
315.93	38746.60
316.00	38732.08
316.06	38717.51
316.13	38696.00
316.19	38650.73
316.25	38573.28
316.32	38439.69
316.38	38272.65
316.45	38079.08
316.51	37855.86
316.58	37611.60
316.64	37366.58
316.70	37128.86
316.77	36878.79
316.83	36635.46
316.90	36389.44
316.96	36145.19
317.02	35885.95
317.09	35639.95
317.15	35394.81
317.22	35140.21
317.28	34888.01
317.34	34637.00
317.41	34381.71
317.47	34130.46
317.54	33891.56
317.60	33646.07
317.66	33401.25
317.73	33136.93
317.79	32872.58
317.86	32604.33
317.92	32347.50
317.98	32064.37
318.05	31802.41
318.11	31536.15
318.18	31271.35
318.24	30984.21
318.30	30714.60
318.37	30439.99
318.43	30154.71
318.50	29865.27
318.56	29578.27
318.62	29312.47
318.69	29035.05
318.75	28765.85
318.82	28491.72
318.88	28224.27
318.94	27941.04
319.01	27669.67
319.07	27394.39
319.13	27127.16
319.20	26857.88
319.26	26583.25
319.33	26294.73
319.39	26000.07
319.45	25720.40
319.52	25441.09
319.58	25150.09
319.65	24876.27
319.71	24604.15
319.77	24322.03
319.84	24041.31
319.90	23768.71
319.96	23485.34
320.03	23207.49
320.09	22924.73
320.16	22636.52
320.22	22353.48
320.28	22060.59
320.35	21771.08
320.41	21483.54
320.47	21203.69
320.54	20932.07
320.60	20669.02
320.67	20396.63
320.73	20126.01
320.79	19848.72
320.86	19560.82
320.92	19270.58
320.98	18983.41
321.05	18688.08
321.11	18396.04
321.18	18108.60
321.24	17825.40
321.30	17553.24
321.37	17278.81
321.43	17007.93
321.49	16736.39
321.56	16465.73
321.62	16189.92
321.68	15924.57
321.75	15650.66
321.81	15374.86
321.88	15093.51
321.94	14812.23
322.00	14529.03
322.07	14245.82
322.13	13961.59
322.19	13682.02
322.26	13401.28
322.32	13126.14
322.38	12854.31
322.45	12598.72
322.51	12330.29
322.58	12067.21
322.64	11797.26
322.70	11535.61
322.77	11257.44
322.83	10998.82
322.89	10731.38
322.96	10462.13
323.02	10191.04
323.08	9920.96
323.15	9654.40
323.21	9395.75
323.27	9139.27
323.34	8885.10
323.40	8638.67
323.46	8389.99
323.53	8036.58
323.59	6940.22
323.65	5368.94
323.72	3723.67
323.78	2127.68
323.85	685.30
323.91	39.68
323.97	-81.22
324.04	-81.37
