180.21	3359.50
180.28	-114.24
180.36	622.78
180.44	-43.91
180.51	-15.98
180.59	4.40
180.66	29.53
180.74	25.94
180.81	24.27
180.89	26.06
180.97	26.86
181.04	24.17
181.12	23.83
181.19	23.53
181.27	23.08
181.34	39.87
181.42	47.11
181.50	53.76
181.57	64.92
181.65	70.79
181.72	64.56
181.80	59.32
181.87	59.42
181.95	59.02
182.03	57.41
182.10	59.39
182.18	61.79
182.25	66.87
182.33	66.87
182.40	72.43
182.48	68.96
182.55	79.56
182.63	82.81
182.71	85.05
182.78	88.36
182.86	94.08
182.93	91.38
183.01	94.15
183.08	95.40
183.16	100.08
183.23	97.01
183.31	103.36
183.39	103.17
183.46	112.20
183.54	108.68
183.61	116.55
183.69	119.23
183.76	129.30
183.84	129.36
183.91	130.79
183.99	140.00
184.06	141.57
184.14	144.92
184.22	149.34
184.29	152.61
184.37	150.65
184.44	145.87
184.52	135.39
184.59	132.55
184.67	137.14
184.74	132.45
184.82	144.59
184.89	158.01
184.97	168.58
185.04	178.19
185.12	190.00
185.20	200.25
185.27	210.59
185.35	222.17
185.42	224.13
185.50	236.55
185.57	239.00
185.65	245.35
185.72	247.63
185.80	259.21
185.87	259.88
185.95	262.19
186.02	266.46
186.10	267.15
186.17	266.50
186.25	266.30
186.33	257.49
186.40	247.79
186.48	246.97
186.55	251.51
186.63	257.32
186.70	287.45
186.78	309.41
186.85	332.82
186.93	349.49
187.00	370.39
187.08	376.51
187.15	393.42
187.23	408.35
187.30	424.66
187.38	443.71
187.45	464.46
187.53	481.86
187.60	488.78
187.68	498.40
187.75	510.43
187.83	517.51
187.90	513.50
187.98	512.81
188.05	511.06
188.13	490.24
188.21	464.86
188.28	461.59
188.36	458.32
188.43	462.37
188.51	484.36
188.58	523.63
188.66	544.55
188.73	575.00
188.81	608.79
188.88	632.56
188.96	652.61
189.03	683.14
189.11	708.94
189.18	726.68
189.26	745.65
189.33	772.21
189.41	798.84
189.48	818.59
189.56	839.41
189.63	860.42
189.71	861.35
189.78	850.35
189.86	841.18
189.93	828.41
190.01	807.01
190.08	792.95
190.16	776.06
190.23	754.13
190.31	746.60
190.38	746.28
190.46	758.09
190.53	788.68
190.61	837.08
190.68	871.00
190.76	920.78
190.83	961.11
190.91	992.70
190.98	1017.90
191.06	1052.50
191.13	1076.01
191.21	1099.68
191.28	1118.24
191.35	1134.90
191.43	1147.77
191.50	1153.77
191.58	1164.55
191.65	1176.08
191.73	1186.52
191.80	1196.21
191.88	1203.87
191.95	1204.00
192.03	1207.70
192.10	1207.87
192.18	1204.66
192.25	1203.16
192.33	1197.16
192.40	1183.44
192.48	1177.59
192.55	1178.86
192.63	1184.31
192.70	1202.49
192.78	1231.65
192.85	1264.54
192.93	1292.70
193.00	1315.34
193.08	1331.95
193.15	1351.86
193.22	1368.63
193.30	1389.45
193.37	1429.25
193.45	1458.27
193.52	1490.12
193.60	1521.31
193.67	1547.41
193.75	1560.54
193.82	1586.31
193.90	1597.92
193.97	1608.15
194.05	1611.34
194.12	1610.16
194.20	1605.38
194.27	1601.75
194.34	1588.89
194.42	1578.58
194.49	1571.58
194.57	1567.52
194.64	1559.93
194.72	1557.76
194.79	1561.72
194.87	1574.07
194.94	1598.68
195.02	1635.84
195.09	1679.17
195.17	1726.54
195.24	1768.85
195.31	1801.29
195.39	1824.66
195.46	1842.49
195.54	1855.97
195.61	1864.13
195.69	1862.40
195.76	1857.33
195.84	1845.95
195.91	1818.84
195.99	1789.26
196.06	1761.57
196.13	1750.64
196.21	1754.26
196.28	1777.55
196.36	1815.93
196.43	1864.73
196.51	1913.01
196.58	1958.02
196.66	1994.67
196.73	2019.62
196.80	2036.48
196.88	2044.07
196.95	2047.52
197.03	2048.66
197.10	2042.88
197.18	2034.74
197.25	2018.40
197.33	1998.17
197.40	1977.37
197.47	1951.93
197.55	1932.83
197.62	1924.56
197.70	1927.29
197.77	1947.52
197.85	1986.80
197.92	2027.25
197.99	2075.67
198.07	2128.13
198.14	2171.93
198.22	2216.26
198.29	2252.24
198.37	2277.29
198.44	2295.94
198.51	2303.26
198.59	2295.41
198.66	2289.63
198.74	2272.81
198.81	2241.04
198.89	2198.96
198.96	2164.31
199.03	2125.25
199.11	2104.77
199.18	2099.99
199.26	2123.87
199.33	2161.60
199.41	2220.80
199.48	2276.07
199.55	2335.08
199.63	2381.44
199.70	2428.04
199.78	2457.26
199.85	2487.26
199.93	2508.10
200.00	2527.75
200.07	2530.08
200.15	2531.19
200.22	2521.46
200.30	2492.71
200.37	2454.82
200.44	2403.97
200.52	2360.07
200.59	2338.04
200.67	2338.23
200.74	2356.92
200.81	2402.00
200.89	2454.99
200.96	2509.36
201.04	2559.82
201.11	2618.41
201.19	2674.57
201.26	2723.73
201.33	2757.82
201.41	2793.88
201.48	2817.11
201.56	2827.58
201.63	2837.04
201.70	2828.23
201.78	2809.86
201.85	2776.77
201.93	2736.57
202.00	2691.98
202.07	2665.95
202.15	2639.77
202.22	2633.52
202.30	2653.50
202.37	2693.42
202.44	2748.01
202.52	2827.37
202.59	2913.00
202.67	2990.70
202.74	3059.76
202.81	3114.54
202.89	3156.25
202.96	3200.11
203.04	3239.52
203.11	3264.00
203.18	3284.05
203.26	3289.00
203.33	3261.11
203.41	3214.98
203.48	3162.78
203.55	3080.77
203.63	3010.99
203.70	2980.17
203.77	2987.55
203.85	3026.49
203.92	3109.04
204.00	3219.42
204.07	3320.78
204.14	3415.57
204.22	3493.68
204.29	3574.59
204.37	3636.09
204.44	3692.45
204.51	3742.95
204.59	3784.30
204.66	3806.26
204.73	3820.81
204.81	3812.40
204.88	3793.71
204.96	3765.94
205.03	3715.20
205.10	3654.40
205.18	3611.58
205.25	3571.51
205.32	3558.49
205.40	3584.97
205.47	3647.06
205.55	3728.73
205.62	3836.62
205.69	3958.04
205.77	4078.62
205.84	4194.01
205.91	4298.52
205.99	4389.34
206.06	4457.85
206.14	4523.92
206.21	4585.76
206.28	4629.02
206.36	4663.82
206.43	4677.78
206.50	4667.95
206.58	4619.45
206.65	4550.56
206.72	4450.06
206.80	4353.50
206.87	4279.09
206.95	4260.05
207.02	4309.10
207.09	4416.26
207.17	4565.28
207.24	4730.48
207.31	4890.35
207.39	5031.47
207.46	5161.22
207.53	5274.61
207.61	5383.71
207.68	5476.58
207.75	5567.76
207.83	5644.77
207.90	5709.03
207.98	5742.64
208.05	5761.17
208.12	5744.35
208.20	5707.72
208.27	5639.62
208.34	5557.37
208.42	5467.24
208.49	5408.02
208.56	5382.27
208.64	5418.81
208.71	5513.23
208.78	5644.17
208.86	5799.90
208.93	5968.47
209.00	6130.32
209.08	6288.39
209.15	6447.70
209.22	6593.52
209.30	6727.08
209.37	6856.22
209.44	6966.34
209.52	7066.78
209.59	7148.73
209.67	7214.94
209.74	7248.71
209.81	7266.87
209.89	7235.82
209.96	7168.52
210.03	7073.57
210.11	6983.19
210.18	6896.74
210.25	6863.21
210.33	6894.47
210.40	6994.76
210.47	7154.08
210.55	7354.78
210.62	7568.81
210.69	7768.52
210.77	7967.72
210.84	8138.59
210.91	8302.80
210.99	8460.89
211.06	8617.32
211.13	8748.91
211.21	8882.09
211.28	8991.81
211.35	9078.95
211.42	9141.37
211.50	9163.78
211.57	9136.43
211.64	9075.49
211.72	8970.12
211.79	8852.38
211.86	8779.17
211.94	8796.12
212.01	8882.34
212.08	9055.40
212.16	9278.69
212.23	9513.43
212.30	9717.97
212.38	9899.68
212.45	10069.95
212.52	10229.73
212.60	10382.22
212.67	10542.88
212.74	10716.16
212.82	10882.83
212.89	11045.06
212.96	11200.16
213.03	11324.61
213.11	11418.24
213.18	11473.60
213.25	11498.23
213.33	11469.80
213.40	11408.46
213.47	11352.09
213.55	11316.55
213.62	11323.61
213.69	11399.78
213.77	11535.50
213.84	11713.02
213.91	11930.65
213.98	12151.17
214.06	12350.62
214.13	12561.25
214.20	12738.03
214.28	12913.25
214.35	13092.29
214.42	13293.63
214.50	13484.67
214.57	13685.67
214.64	13866.03
214.72	14026.04
214.79	14163.97
214.86	14263.69
214.93	14329.13
215.01	14361.56
215.08	14340.36
215.15	14276.73
215.23	14192.58
215.30	14140.64
215.37	14149.79
215.44	14266.28
215.52	14478.18
215.59	14754.58
215.66	15048.94
215.74	15321.17
215.81	15557.81
215.88	15779.60
215.95	15982.18
216.03	16182.62
216.10	16385.24
216.17	16582.94
216.25	16755.68
216.32	16928.23
216.39	17085.45
216.46	17225.48
216.54	17346.55
216.61	17455.00
216.68	17535.24
216.76	17580.51
216.83	17573.70
216.90	17552.92
216.97	17518.96
217.05	17527.68
217.12	17587.14
217.19	17732.56
217.27	17933.82
217.34	18184.13
217.41	18445.72
217.48	18719.93
217.56	18981.52
217.63	19230.45
217.70	19458.93
217.78	19674.77
217.85	19865.38
217.92	20050.89
217.99	20221.57
218.07	20383.17
218.14	20530.36
218.21	20690.77
218.28	20840.67
218.36	20985.82
218.43	21119.13
218.50	21234.29
218.57	21291.16
218.65	21287.78
218.72	21245.34
218.79	21201.40
218.87	21173.63
218.94	21224.26
219.01	21372.30
219.08	21598.03
219.16	21865.57
219.23	22168.79
219.30	22449.86
219.37	22705.87
219.45	22937.00
219.52	23158.69
219.59	23363.73
219.66	23556.77
219.74	23757.70
219.81	23977.75
219.88	24178.00
219.95	24359.78
220.03	24553.29
220.10	24723.15
220.17	24853.84
220.24	24968.83
220.32	25058.79
220.39	25097.10
220.46	25090.56
220.53	25061.16
220.61	25028.31
220.68	25031.89
220.75	25111.97
220.82	25270.63
220.90	25483.43
220.97	25724.35
221.04	25962.57
221.11	26174.63
221.19	26371.03
221.26	26562.53
221.33	26756.50
221.40	26966.29
221.48	27159.29
221.55	27352.13
221.62	27535.37
221.69	27721.08
221.77	27895.02
221.84	28078.28
221.91	28221.75
221.98	28375.99
222.06	28505.59
222.13	28606.92
222.20	28679.55
222.27	28757.76
222.35	28794.71
222.42	28837.18
222.49	28896.67
222.56	28970.80
222.63	29070.37
222.71	29195.21
222.78	29346.24
222.85	29488.73
222.92	29663.56
223.00	29822.94
223.07	29988.89
223.14	30144.00
223.21	30322.23
223.29	30481.13
223.36	30661.96
223.43	30839.05
223.50	31023.32
223.57	31194.44
223.65	31368.43
223.72	31522.00
223.79	31657.91
223.86	31759.99
223.94	31845.01
224.01	31913.51
224.08	31970.29
224.15	32023.87
224.22	32091.15
224.30	32155.94
224.37	32239.15
224.44	32344.47
224.51	32454.32
224.59	32572.43
224.66	32709.77
224.73	32843.69
224.80	32977.84
224.87	33131.48
224.95	33283.33
225.02	33451.65
225.09	33610.55
225.16	33761.91
225.23	33908.26
225.31	34051.89
225.38	34156.30
225.45	34258.80
225.52	34368.35
225.60	34462.64
225.67	34539.92
225.74	34606.87
225.81	34666.77
225.88	34715.10
225.96	34778.42
226.03	34865.02
226.10	34984.01
226.17	35120.25
226.24	35241.32
226.32	35369.55
226.39	35493.70
226.46	35602.88
226.53	35699.67
226.60	35825.87
226.68	35939.43
226.75	36052.44
226.82	36172.31
226.89	36299.60
226.96	36408.88
227.04	36487.57
227.11	36563.54
227.18	36634.93
227.25	36688.51
227.32	36754.83
227.40	36848.76
227.47	36934.92
227.54	37011.23
227.61	37088.74
227.68	37154.71
227.76	37202.85
227.83	37261.51
227.90	37336.34
227.97	37413.01
228.04	37494.99
228.11	37593.94
228.19	37674.14
228.26	37761.16
228.33	37866.72
228.40	37967.18
228.47	38057.56
228.55	38169.02
228.62	38275.32
228.69	38363.45
228.76	38431.09
228.83	38513.21
228.90	38588.99
228.98	38663.36
229.05	38747.91
229.12	38866.63
229.19	38968.58
229.26	39060.67
229.34	39131.96
229.41	39193.28
229.48	39238.68
229.55	39290.93
229.62	39338.44
229.69	39397.33
229.77	39452.58
229.84	39498.90
229.91	39542.37
229.98	39570.09
230.05	39607.95
230.12	39648.02
230.20	39713.66
230.27	39781.34
230.34	39881.28
230.41	39975.30
230.48	40068.68
230.55	40150.59
230.63	40235.56
230.70	40318.52
230.77	40380.37
230.84	40426.30
230.91	40466.26
230.98	40501.24
231.06	40535.57
231.13	40597.43
231.20	40682.02
231.27	40766.17
231.34	40845.16
231.41	40921.59
231.49	40978.47
231.56	41034.86
231.63	41092.29
231.70	41150.75
231.77	41193.37
231.84	41241.25
231.92	41275.53
231.99	41321.37
232.06	41354.56
232.13	41395.44
232.20	41449.67
232.27	41507.62
232.34	41543.94
232.42	41591.98
232.49	41644.57
232.56	41687.61
232.63	41733.01
232.70	41793.50
232.77	41862.50
232.85	41918.28
232.92	41972.55
232.99	42018.83
233.06	42049.38
233.13	42085.26
233.20	42114.46
233.27	42134.72
233.35	42161.93
233.42	42185.82
233.49	42196.72
233.56	42221.58
233.63	42272.26
233.70	42314.32
233.77	42365.59
233.85	42411.04
233.92	42470.34
233.99	42500.36
234.06	42544.22
234.13	42584.43
234.20	42631.39
234.27	42662.57
234.35	42686.72
234.42	42707.62
234.49	42722.22
234.56	42738.49
234.63	42746.58
234.70	42767.37
234.77	42779.75
234.84	42786.52
234.92	42783.93
234.99	42794.34
235.06	42810.51
235.13	42826.52
235.20	42867.51
235.27	42908.29
235.34	42936.01
235.41	42973.87
235.49	43003.43
235.56	43031.49
235.63	43049.23
235.70	43076.24
235.77	43098.03
235.84	43111.44
235.91	43106.64
235.98	43107.51
236.06	43104.44
236.13	43097.62
236.20	43104.50
236.27	43096.23
236.34	43106.90
236.41	43110.43
236.48	43107.04
236.55	43117.13
236.63	43127.07
236.70	43123.39
236.77	43139.71
236.84	43162.90
236.91	43179.71
236.98	43204.00
237.05	43239.11
237.12	43243.29
237.19	43243.32
237.27	43243.83
237.34	43251.10
237.41	43253.48
237.48	43270.49
237.55	43269.33
237.62	43266.95
237.69	43291.86
237.76	43313.81
237.83	43334.95
237.91	43357.98
237.98	43387.22
238.05	43394.06
238.12	43399.80
238.19	43401.76
238.26	43435.07
238.33	43443.27
238.40	43443.84
238.47	43442.98
238.54	43452.92
238.62	43432.21
238.69	43429.85
238.76	43421.98
238.83	43429.07
238.90	43429.72
238.97	43444.95
239.04	43458.82
239.11	43484.95
239.18	43495.27
239.25	43511.45
239.33	43506.54
239.40	43505.84
239.47	43488.39
239.54	43465.86
239.61	43435.89
239.68	43419.49
239.75	43403.83
239.82	43405.14
239.89	43419.94
239.96	43437.90
240.03	43456.41
240.11	43485.53
240.18	43500.50
240.25	43504.36
240.32	43520.19
240.39	43535.04
240.46	43539.04
240.53	43564.75
240.60	43597.35
240.67	43621.98
240.74	43656.46
240.81	43677.05
240.88	43686.72
240.96	43700.20
241.03	43713.87
241.10	43728.67
241.17	43742.90
241.24	43763.58
241.31	43773.29
241.38	43771.82
241.45	43747.99
241.52	43743.27
241.59	43745.53
241.66	43758.11
241.73	43776.06
241.80	43806.11
241.88	43817.82
241.95	43825.81
242.02	43830.62
242.09	43829.24
242.16	43829.60
242.23	43848.95
242.30	43859.69
242.37	43862.81
242.44	43880.70
242.51	43893.49
242.58	43904.58
242.65	43901.54
242.72	43929.79
242.79	43943.69
242.87	43971.43
242.94	43987.22
243.01	44030.60
243.08	44048.79
243.15	44063.70
243.22	44071.85
243.29	44103.70
243.36	44120.84
243.43	44149.93
243.50	44210.56
243.57	44269.09
243.64	44302.75
243.71	44340.93
243.78	44380.05
243.85	44382.57
243.92	44399.63
243.99	44429.10
244.07	44452.84
244.14	44443.05
244.21	44462.88
244.28	44471.46
244.35	44478.39
244.42	44480.14
244.49	44513.67
244.56	44544.89
244.63	44577.88
244.70	44597.12
244.77	44621.90
244.84	44645.79
244.91	44667.63
244.98	44698.74
245.05	44737.51
245.12	44782.13
245.19	44830.28
245.26	44867.58
245.33	44904.61
245.40	44950.33
245.47	45016.07
245.55	45063.71
245.62	45106.43
245.69	45142.01
245.76	45189.08
245.83	45232.62
245.90	45270.67
245.97	45317.93
246.04	45374.85
246.11	45411.95
246.18	45430.50
246.25	45447.77
246.32	45462.44
246.39	45474.29
246.46	45504.58
246.53	45546.45
246.60	45606.33
246.67	45672.57
246.74	45734.48
246.81	45802.49
246.88	45862.89
246.95	45917.43
247.02	45962.87
247.09	46002.87
247.16	46027.33
247.23	46042.44
247.30	46044.67
247.37	46058.65
247.44	46080.06
247.51	46106.49
247.58	46151.83
247.66	46218.22
247.73	46287.06
247.80	46362.69
247.87	46432.27
247.94	46502.73
248.01	46579.10
248.08	46647.94
248.15	46701.94
248.22	46755.21
248.29	46801.64
248.36	46838.83
248.43	46883.94
248.50	46939.36
248.57	47000.34
248.64	47056.80
248.71	47120.60
248.78	47182.33
248.85	47242.21
248.92	47300.65
248.99	47343.19
249.06	47382.03
249.13	47421.96
249.20	47452.03
249.27	47477.74
249.34	47517.24
249.41	47552.01
249.48	47574.64
249.55	47605.92
249.62	47647.86
249.69	47692.45
249.76	47739.38
249.83	47795.23
249.90	47861.65
249.97	47928.14
250.04	48012.33
250.11	48100.74
250.18	48188.08
250.25	48261.44
250.32	48311.25
250.39	48365.09
250.46	48413.43
250.53	48476.22
250.60	48535.79
250.67	48611.98
250.74	48672.40
250.81	48712.33
250.88	48735.85
250.95	48769.55
251.02	48795.36
251.09	48825.75
251.16	48887.87
251.23	48938.76
251.30	48997.29
251.37	49052.90
251.44	49108.76
251.51	49152.98
251.58	49215.91
251.65	49272.02
251.72	49326.65
251.79	49381.99
251.86	49425.47
251.93	49465.16
252.00	49491.59
252.07	49521.52
252.14	49546.51
252.21	49580.38
252.28	49618.38
252.35	49656.34
252.42	49727.04
252.49	49787.25
252.56	49855.78
252.63	49916.74
252.70	49979.88
252.77	50021.39
252.84	50079.45
252.91	50122.17
252.98	50169.25
253.05	50204.35
253.12	50239.42
253.19	50270.72
253.25	50320.93
253.32	50359.27
253.39	50419.62
253.46	50479.13
253.53	50527.45
253.60	50550.78
253.67	50577.49
253.74	50612.33
253.81	50652.65
253.88	50705.04
253.95	50763.56
254.02	50824.33
254.09	50869.18
254.16	50912.27
254.23	50946.61
254.30	50971.70
254.37	51007.43
254.44	51047.37
254.51	51076.37
254.58	51108.09
254.65	51159.79
254.72	51197.02
254.79	51221.73
254.86	51260.85
254.93	51278.50
255.00	51303.37
255.07	51335.77
255.14	51387.51
255.21	51415.49
255.28	51451.22
255.34	51462.83
255.41	51480.25
255.48	51492.72
255.55	51508.19
255.62	51543.52
255.69	51585.90
255.76	51618.56
255.83	51662.87
255.90	51713.34
255.97	51760.82
256.04	51794.73
256.11	51836.03
256.18	51869.26
256.25	51892.40
256.32	51916.98
256.39	51958.48
256.46	51994.98
256.53	52026.18
256.60	52075.72
256.67	52105.18
256.74	52128.83
256.80	52155.74
256.87	52174.65
256.94	52173.92
257.01	52188.83
257.08	52213.02
257.15	52237.24
257.22	52257.74
257.29	52274.28
257.36	52279.90
257.43	52285.91
257.50	52274.12
257.57	52267.48
257.64	52286.63
257.71	52304.53
257.78	52326.01
257.85	52358.90
257.92	52397.26
257.98	52427.90
258.05	52468.97
258.12	52486.79
258.19	52488.83
258.26	52476.21
258.33	52451.85
258.40	52423.54
258.47	52414.87
258.54	52424.80
258.61	52451.97
258.68	52486.05
258.75	52511.04
258.82	52543.51
258.89	52560.13
258.95	52556.50
259.02	52560.54
259.09	52565.96
259.16	52547.57
259.23	52533.27
259.30	52523.62
259.37	52522.59
259.44	52529.97
259.51	52542.69
259.58	52573.80
259.65	52603.88
259.72	52625.03
259.79	52622.08
259.85	52620.37
259.92	52600.67
259.99	52611.76
260.06	52612.37
260.13	52622.97
260.20	52627.02
260.27	52623.04
260.34	52588.60
260.41	52556.28
260.48	52542.50
260.55	52547.60
260.62	52552.90
260.68	52564.33
260.75	52559.66
260.82	52555.53
260.89	52553.44
260.96	52564.75
261.03	52569.27
261.10	52583.02
261.17	52591.07
261.24	52567.25
261.31	52536.82
261.38	52514.26
261.44	52476.82
261.51	52434.50
261.58	52407.33
261.65	52399.24
261.72	52386.16
261.79	52387.30
261.86	52394.64
261.93	52404.84
262.00	52389.11
262.07	52359.30
262.13	52336.06
262.20	52316.69
262.27	52293.85
262.34	52282.74
262.41	52291.98
262.48	52295.35
262.55	52296.71
262.62	52296.35
262.69	52278.45
262.76	52260.68
262.82	52231.55
262.89	52207.35
262.96	52185.87
263.03	52182.96
263.10	52169.76
263.17	52161.87
263.24	52140.21
263.31	52128.04
263.38	52115.33
263.44	52111.58
263.51	52097.43
263.58	52087.99
263.65	52060.58
263.72	52021.11
263.79	51954.70
263.86	51921.36
263.93	51886.08
264.00	51852.67
264.06	51831.09
264.13	51838.42
264.20	51829.91
264.27	51795.88
264.34	51765.44
264.41	51727.33
264.48	51684.35
264.55	51633.67
264.61	51605.96
264.68	51580.28
264.75	51563.31
264.82	51527.14
264.89	51495.88
264.96	51473.14
265.03	51457.91
265.10	51433.07
265.16	51431.47
265.23	51425.83
265.30	51404.99
265.37	51382.15
265.44	51357.65
265.51	51330.51
265.58	51307.01
265.65	51293.36
265.71	51268.81
265.78	51269.48
265.85	51241.21
265.92	51205.69
265.99	51151.50
266.06	51109.35
266.13	51037.73
266.20	50999.77
266.26	50981.12
266.33	50976.25
266.40	50961.25
266.47	50928.54
266.54	50879.53
266.61	50835.50
266.68	50791.10
266.74	50733.88
266.81	50707.10
266.88	50674.57
266.95	50612.49
267.02	50561.56
267.09	50526.15
267.16	50485.24
267.22	50463.22
267.29	50462.77
267.36	50450.30
267.43	50450.66
267.50	50444.10
267.57	50433.67
267.64	50410.96
267.70	50378.29
267.77	50333.85
267.84	50304.06
267.91	50261.98
267.98	50216.89
268.05	50194.14
268.11	50163.97
268.18	50114.03
268.25	50075.25
268.32	50048.07
268.39	49995.40
268.46	49939.61
268.53	49894.07
268.59	49843.55
268.66	49789.96
268.73	49759.05
268.80	49743.56
268.87	49720.31
268.94	49714.41
269.00	49716.96
269.07	49714.22
269.14	49708.95
269.21	49694.53
269.28	49665.19
269.35	49624.88
269.41	49588.46
269.48	49547.35
269.55	49515.42
269.62	49491.16
269.69	49470.40
269.76	49430.42
269.82	49406.22
269.89	49378.23
269.96	49360.90
270.03	49335.17
270.10	49301.00
270.17	49252.38
270.23	49229.78
270.30	49183.35
270.37	49145.32
270.44	49142.14
270.51	49134.29
270.58	49112.61
270.64	49101.12
270.71	49097.05
270.78	49095.39
270.85	49087.96
270.92	49079.25
270.99	49062.02
271.05	49038.65
271.12	48989.62
271.19	48943.83
271.26	48893.41
271.33	48855.68
271.39	48809.50
271.46	48760.26
271.53	48730.54
271.60	48719.27
271.67	48698.52
271.74	48681.83
271.80	48688.68
271.87	48684.76
271.94	48661.87
272.01	48627.87
272.08	48597.88
272.14	48560.44
272.21	48533.57
272.28	48521.97
272.35	48516.75
272.42	48516.13
272.48	48506.62
272.55	48484.89
272.62	48455.75
272.69	48454.35
272.76	48454.43
272.83	48444.94
272.89	48435.11
272.96	48421.52
273.03	48384.25
273.10	48341.92
273.17	48307.32
273.23	48276.87
273.30	48243.64
273.37	48199.33
273.44	48155.10
273.51	48123.82
273.57	48100.96
273.64	48081.21
273.71	48083.17
273.78	48094.67
273.85	48101.93
273.91	48101.01
273.98	48122.53
274.05	48140.04
274.12	48160.51
274.19	48183.66
274.25	48200.74
274.32	48193.07
274.39	48166.60
274.46	48110.56
274.53	48046.94
274.59	47974.61
274.66	47918.11
274.73	47886.51
274.80	47857.93
274.86	47819.30
274.93	47804.26
275.00	47788.68
275.07	47758.83
275.14	47744.49
275.20	47743.20
275.27	47722.73
275.34	47696.82
275.41	47675.94
275.48	47668.80
275.54	47667.46
275.61	47671.17
275.68	47669.20
275.75	47656.60
275.81	47630.59
275.88	47608.28
275.95	47584.32
276.02	47571.64
276.09	47572.76
276.15	47563.49
276.22	47555.30
276.29	47553.15
276.36	47525.76
276.42	47487.88
276.49	47445.73
276.56	47382.36
276.63	47321.35
276.70	47273.12
276.76	47253.11
276.83	47246.11
276.90	47262.21
276.97	47260.99
277.03	47269.24
277.10	47258.78
277.17	47245.11
277.24	47209.15
277.30	47204.25
277.37	47190.99
277.44	47178.83
277.51	47175.71
277.58	47174.64
277.64	47161.51
277.71	47147.12
277.78	47116.60
277.85	47064.69
277.91	47005.41
277.98	46947.16
278.05	46900.50
278.12	46867.37
278.18	46848.02
278.25	46844.22
278.32	46848.62
278.39	46867.02
278.45	46894.89
278.52	46921.44
278.59	46952.39
278.66	46972.09
278.72	46969.02
278.79	46943.99
278.86	46902.96
278.93	46851.42
278.99	46792.44
279.06	46736.24
279.13	46690.13
279.20	46677.22
279.26	46685.33
279.33	46705.25
279.40	46737.53
279.47	46776.68
279.53	46794.47
279.60	46786.90
279.67	46734.19
279.74	46653.34
279.80	46563.43
279.87	46476.30
279.94	46405.02
280.01	46376.87
280.07	46369.83
280.14	46379.66
280.21	46389.86
280.28	46387.16
280.34	46384.02
280.41	46382.53
280.48	46358.86
280.55	46342.49
280.61	46335.68
280.68	46329.71
280.75	46310.69
280.82	46297.05
280.88	46263.62
280.95	46226.48
281.02	46179.61
281.08	46117.44
281.15	46043.87
281.22	45989.04
281.29	45921.13
281.35	45836.57
281.42	45774.99
281.49	45714.90
281.56	45642.39
281.62	45587.79
281.69	45550.88
281.76	45503.56
281.82	45462.43
281.89	45443.06
281.96	45431.77
282.03	45422.21
282.09	45423.66
282.16	45427.23
282.23	45426.32
282.30	45424.00
282.36	45430.41
282.43	45444.56
282.50	45473.62
282.56	45485.94
282.63	45485.32
282.70	45490.87
282.77	45486.22
282.83	45479.56
282.90	45472.62
282.97	45461.31
283.03	45421.02
283.10	45371.92
283.17	45300.71
283.24	45214.84
283.30	45122.03
283.37	45057.56
283.44	45008.17
283.50	44965.30
283.57	44948.50
283.64	44937.86
283.71	44923.13
283.77	44905.04
283.84	44906.62
283.91	44893.22
283.97	44897.27
284.04	44913.96
284.11	44933.96
284.18	44944.25
284.24	44962.71
284.31	44966.76
284.38	44960.82
284.44	44949.68
284.51	44937.80
284.58	44941.09
284.64	44954.51
284.71	44952.96
284.78	44934.33
284.85	44923.02
284.91	44906.30
284.98	44872.45
285.05	44830.24
285.11	44806.45
285.18	44752.92
285.25	44686.35
285.31	44635.80
285.38	44609.57
285.45	44592.29
285.52	44607.82
285.58	44639.25
285.65	44669.23
285.72	44694.41
285.78	44712.90
285.85	44735.88
285.92	44747.38
285.98	44763.45
286.05	44786.10
286.12	44817.02
286.18	44838.25
286.25	44864.79
286.32	44874.51
286.39	44878.20
286.45	44871.85
286.52	44830.74
286.59	44780.02
286.65	44734.08
286.72	44677.80
286.79	44600.59
286.85	44561.37
286.92	44522.67
286.99	44507.03
287.05	44481.45
287.12	44481.65
287.19	44479.99
287.25	44501.07
287.32	44526.17
287.39	44566.35
287.45	44604.52
287.52	44638.90
287.59	44661.14
287.65	44669.17
287.72	44677.53
287.79	44679.49
287.86	44686.08
287.92	44684.29
287.99	44684.89
288.06	44692.54
288.12	44698.20
288.19	44713.10
288.26	44712.56
288.32	44711.00
288.39	44697.40
288.46	44691.28
288.52	44672.20
288.59	44662.71
288.66	44635.73
288.72	44600.96
288.79	44559.07
288.86	44504.04
288.92	44468.03
288.99	44445.01
289.06	44447.74
289.12	44462.31
289.19	44502.50
289.26	44543.29
289.32	44592.57
289.39	44645.68
289.45	44699.26
289.52	44738.65
289.59	44771.88
289.65	44789.86
289.72	44800.70
289.79	44801.55
289.85	44791.65
289.92	44781.41
289.99	44773.78
290.05	44753.15
290.12	44720.89
290.19	44710.00
290.25	44691.39
290.32	44684.90
290.39	44698.48
290.45	44723.28
290.52	44729.35
290.59	44735.78
290.65	44724.83
290.72	44671.09
290.79	44617.46
290.85	44593.70
290.92	44603.11
290.98	44624.98
291.05	44694.76
291.12	44775.23
291.18	44845.01
291.25	44895.16
291.32	44951.80
291.38	44989.71
291.45	45026.07
291.52	45053.72
291.58	45078.80
291.65	45095.79
291.72	45103.89
291.78	45099.97
291.85	45073.57
291.91	45041.34
291.98	45027.14
292.05	44990.70
292.11	44962.75
292.18	44956.91
292.25	44939.36
292.31	44892.43
292.38	44872.71
292.45	44851.78
292.51	44841.55
292.58	44846.51
292.64	44871.56
292.71	44898.45
292.78	44936.39
292.84	44975.99
292.91	45014.54
292.98	45066.98
293.04	45118.66
293.11	45165.28
293.17	45211.68
293.24	45274.52
293.31	45327.35
293.37	45370.12
293.44	45406.16
293.51	45435.77
293.57	45445.54
293.64	45429.66
293.70	45424.32
293.77	45398.83
293.84	45341.43
293.90	45272.70
293.97	45219.21
294.04	45172.78
294.10	45143.58
294.17	45144.37
294.23	45168.10
294.30	45180.66
294.37	45175.95
294.43	45175.44
294.50	45168.16
294.56	45167.03
294.63	45186.00
294.70	45229.61
294.76	45281.65
294.83	45360.70
294.90	45435.55
294.96	45515.18
295.03	45584.32
295.09	45657.92
295.16	45727.36
295.23	45780.47
295.29	45827.97
295.36	45877.72
295.42	45907.23
295.49	45913.87
295.56	45935.26
295.62	45933.63
295.69	45918.49
295.75	45893.43
295.82	45861.81
295.89	45797.02
295.95	45729.54
296.02	45658.38
296.08	45597.67
296.15	45532.56
296.22	45502.91
296.28	45482.98
296.35	45491.52
296.41	45529.67
296.48	45601.10
296.55	45674.85
296.61	45765.35
296.68	45861.35
296.74	45946.71
296.81	46033.57
296.88	46113.20
296.94	46173.95
297.01	46206.23
297.07	46234.88
297.14	46261.66
297.20	46298.34
297.27	46350.45
297.34	46418.02
297.40	46476.36
297.47	46521.96
297.53	46547.64
297.60	46552.86
297.67	46541.11
297.73	46517.75
297.80	46463.41
297.86	46389.33
297.93	46300.61
298.00	46202.69
298.06	46118.92
298.13	46061.78
298.19	46033.23
298.26	46038.86
298.32	46082.50
298.39	46127.14
298.46	46168.75
298.52	46222.25
298.59	46286.23
298.65	46341.29
298.72	46417.66
298.78	46504.39
298.85	46581.26
298.92	46653.28
298.98	46721.42
299.05	46782.95
299.11	46849.40
299.18	46903.05
299.24	46956.76
299.31	46981.89
299.38	47006.11
299.44	46999.39
299.51	47017.10
299.57	47021.91
299.64	47040.82
299.70	47051.43
299.77	47067.23
299.84	47033.29
299.90	46955.13
299.97	46841.04
300.03	46695.80
300.10	46547.89
300.16	46435.36
300.23	46383.27
300.30	46395.08
300.36	46439.43
300.43	46522.13
300.49	46606.71
300.56	46705.13
300.62	46795.68
300.69	46891.46
300.75	46970.94
300.82	47061.28
300.89	47125.65
300.95	47176.07
301.02	47214.22
301.08	47259.54
301.15	47284.69
301.21	47314.54
301.28	47344.51
301.34	47375.67
301.41	47388.78
301.48	47403.30
301.54	47403.30
301.61	47418.57
301.67	47416.97
301.74	47419.63
301.80	47388.25
301.87	47345.43
301.93	47263.17
302.00	47166.84
302.06	47042.07
302.13	46940.15
302.20	46845.90
302.26	46781.83
302.33	46765.38
302.39	46769.08
302.46	46793.21
302.52	46843.04
302.59	46895.47
302.65	46942.99
302.72	47014.84
302.78	47086.55
302.85	47143.40
302.91	47197.15
302.98	47234.59
303.05	47262.24
303.11	47279.08
303.18	47303.09
303.24	47322.90
303.31	47346.86
303.37	47368.13
303.44	47390.85
303.50	47387.96
303.57	47380.66
303.63	47353.12
303.70	47321.80
303.76	47284.20
303.83	47259.84
303.89	47231.73
303.96	47198.43
304.03	47143.06
304.09	47066.16
304.16	46952.32
304.22	46811.37
304.29	46683.02
304.35	46580.86
304.42	46516.65
304.48	46491.74
304.55	46517.71
304.61	46543.60
304.68	46576.29
304.74	46625.73
304.81	46678.49
304.87	46695.69
304.94	46739.36
305.00	46764.61
305.07	46766.81
305.13	46756.30
305.20	46759.58
305.26	46744.24
305.33	46739.64
305.39	46732.17
305.46	46714.70
305.52	46699.97
305.59	46689.80
305.66	46675.49
305.72	46643.86
305.79	46620.33
305.85	46585.31
305.92	46511.77
305.98	46391.59
306.05	46241.33
306.11	46072.12
306.18	45891.16
306.24	45732.28
306.31	45595.63
306.37	45486.50
306.44	45383.09
306.50	45306.84
306.57	45273.42
306.63	45314.85
306.70	45391.64
306.76	45499.34
306.83	45601.03
306.89	45669.24
306.96	45680.39
307.02	45682.41
307.09	45684.06
307.15	45682.91
307.22	45687.03
307.28	45687.46
307.35	45670.44
307.41	45633.43
307.48	45602.70
307.54	45558.95
307.61	45521.48
307.67	45476.13
307.74	45438.62
307.80	45396.92
307.87	45359.88
307.93	45307.61
308.00	45263.57
308.06	45208.20
308.13	45143.43
308.19	45067.32
308.26	45006.72
308.32	44939.32
308.38	44887.56
308.45	44821.66
308.51	44760.80
308.58	44664.89
308.64	44572.28
308.71	44478.34
308.77	44410.18
308.84	44335.67
308.90	44307.90
308.97	44284.60
309.03	44277.69
309.10	44259.56
309.16	44261.80
309.23	44240.07
309.29	44218.60
309.36	44163.18
309.42	44115.22
309.49	44068.39
309.55	44018.84
309.62	43961.36
309.68	43927.98
309.75	43873.05
309.81	43803.56
309.88	43757.41
309.94	43706.77
310.00	43635.98
310.07	43579.49
310.13	43537.09
310.20	43459.89
310.26	43395.65
310.33	43338.70
310.39	43292.72
310.46	43231.17
310.52	43177.63
310.59	43106.33
310.65	43028.36
310.72	42934.69
310.78	42837.29
310.85	42764.42
310.91	42720.85
310.97	42673.00
311.04	42639.66
311.10	42617.47
311.17	42583.03
311.23	42531.49
311.30	42501.80
311.36	42467.98
311.43	42435.22
311.49	42392.46
311.56	42358.70
311.62	42315.84
311.69	42279.83
311.75	42242.22
311.81	42203.23
311.88	42154.14
311.94	42107.33
312.01	42058.03
312.07	42000.13
312.14	41958.20
312.20	41919.40
312.27	41883.45
312.33	41832.45
312.40	41776.82
312.46	41705.39
312.52	41646.11
312.59	41572.98
312.65	41507.84
312.72	41439.73
312.78	41374.60
312.85	41299.02
312.91	41212.59
312.98	41131.46
313.04	41066.43
313.10	40992.67
313.17	40922.51
313.23	40881.28
313.30	40825.59
313.36	40769.99
313.43	40725.06
313.49	40684.08
313.56	40634.26
313.62	40582.00
313.68	40540.67
313.75	40504.28
313.81	40457.96
313.88	40416.04
313.94	40384.89
314.01	40339.15
314.07	40298.47
314.13	40256.94
314.20	40207.97
314.26	40152.60
314.33	40097.53
314.39	40046.68
314.46	39982.94
314.52	39928.34
314.58	39880.59
314.65	39825.22
314.71	39755.83
314.78	39706.28
314.84	39641.35
314.91	39574.45
314.97	39524.87
315.03	39472.72
315.10	39423.49
315.16	39371.04
315.23	39321.25
315.29	39266.68
315.36	39220.97
315.42	39167.75
315.48	39125.17
315.55	39069.87
315.61	39003.02
315.68	38937.95
315.74	38879.50
315.81	38817.63
315.87	38772.52
315.93	38751.94
316.00	38739.71
316.06	38711.41
316.13	38693.67
316.19	38655.91
316.25	38562.17
316.32	38422.57
316.38	38264.03
316.45	38061.47
316.51	37827.40
316.58	37598.96
316.64	37370.89
316.70	37135.32
316.77	36889.17
316.83	36654.64
316.90	36404.99
316.96	36155.47
317.02	35902.19
317.09	35651.07
317.15	35395.92
317.22	35147.78
317.28	34892.57
317.34	34635.66
317.41	34384.00
317.47	34127.65
317.54	33873.92
317.60	33617.32
317.66	33371.06
317.73	33109.17
317.79	32850.53
317.86	32599.70
317.92	32343.39
317.98	32070.24
318.05	31807.57
318.11	31540.95
318.18	31268.74
318.24	31001.03
318.30	30728.90
318.37	30459.89
318.43	30178.42
318.50	29888.96
318.56	29591.76
318.62	29315.22
318.69	29036.11
318.75	28767.27
318.82	28489.31
318.88	28217.26
318.94	27936.17
319.01	27650.87
319.07	27379.51
319.13	27102.37
319.20	26834.19
319.26	26567.14
319.33	26296.05
319.39	26004.32
319.45	25732.67
319.52	25447.37
319.58	25157.75
319.65	24869.05
319.71	24588.67
319.77	24304.41
319.84	24023.62
319.90	23746.78
319.96	23470.84
320.03	23185.97
320.09	22907.21
320.16	22633.85
320.22	22350.31
320.28	22063.95
320.35	21786.29
320.41	21507.61
320.47	21227.84
320.54	20952.13
320.60	20677.72
320.67	20405.21
320.73	20126.78
320.79	19841.81
320.86	19561.58
320.92	19276.54
320.98	18983.90
321.05	18682.98
321.11	18387.62
321.18	18097.35
321.24	17823.92
321.30	17550.67
321.37	17293.29
321.43	17031.58
321.49	16755.70
321.56	16477.78
321.62	16213.08
321.68	15932.14
321.75	15656.73
321.81	15381.78
321.88	15096.63
321.94	14811.16
322.00	14527.77
322.07	14234.69
322.13	13956.10
322.19	13680.90
322.26	13399.13
322.32	13125.61
322.38	12863.48
322.45	12599.82
322.51	12329.21
322.58	12063.45
322.64	11789.40
322.70	11523.80
322.77	11249.85
322.83	10988.28
322.89	10717.99
322.96	10456.36
323.02	10182.48
323.08	9915.98
323.15	9649.79
323.21	9392.70
323.27	9136.31
323.34	8886.55
323.40	8634.29
323.46	8387.48
323.53	8034.17
323.59	6938.10
323.65	5366.15
323.72	3722.39
323.78	2126.77
323.85	686.70
323.91	40.02
323.97	-81.89
324.04	-81.94
