180.21	3360.10
180.28	-114.60
180.36	622.78
180.44	-44.54
180.51	-17.66
180.59	2.84
180.66	28.32
180.74	25.20
180.81	23.56
180.89	25.77
180.97	26.38
181.04	23.90
181.12	22.98
181.19	23.18
181.27	24.04
181.34	41.46
181.42	47.83
181.50	54.99
181.57	66.56
181.65	72.27
181.72	64.86
181.80	60.42
181.87	60.65
181.95	60.24
182.03	58.03
182.10	60.55
182.18	62.25
182.25	66.62
182.33	65.78
182.40	72.38
182.48	68.56
182.55	79.02
182.63	83.62
182.71	86.58
182.78	89.15
182.86	95.15
182.93	92.63
183.01	94.44
183.08	94.40
183.16	99.01
183.23	96.15
183.31	101.56
183.39	101.01
183.46	110.92
183.54	107.39
183.61	115.25
183.69	118.61
183.76	128.73
183.84	130.14
183.91	132.28
183.99	140.73
184.06	142.70
184.14	146.33
184.22	149.20
184.29	152.53
184.37	150.77
184.44	146.22
184.52	135.36
184.59	132.81
184.67	136.99
184.74	133.15
184.82	145.43
184.89	159.56
184.97	171.05
185.04	180.38
185.12	191.22
185.20	200.56
185.27	210.10
185.35	221.70
185.42	223.02
185.50	236.87
185.57	241.76
185.65	248.87
185.72	250.69
185.80	263.11
185.87	262.43
185.95	262.79
186.02	267.57
186.10	266.95
186.17	266.69
186.25	266.25
186.33	256.19
186.40	245.74
186.48	245.36
186.55	248.36
186.63	253.59
186.70	284.78
186.78	307.26
186.85	330.99
186.93	349.17
187.00	370.90
187.08	376.41
187.15	393.91
187.23	407.14
187.30	423.22
187.38	443.21
187.45	464.68
187.53	482.10
187.60	491.43
187.68	501.17
187.75	512.53
187.83	519.55
187.90	513.40
187.98	512.15
188.05	510.51
188.13	489.99
188.21	464.98
188.28	460.91
188.36	458.52
188.43	461.95
188.51	484.75
188.58	523.80
188.66	546.30
188.73	576.88
188.81	611.95
188.88	634.00
188.96	654.41
189.03	685.59
189.11	709.74
189.18	725.19
189.26	746.66
189.33	773.28
189.41	800.65
189.48	819.93
189.56	840.65
189.63	861.10
189.71	863.05
189.78	850.39
189.86	841.95
189.93	832.06
190.01	808.80
190.08	792.33
190.16	777.09
190.23	754.84
190.31	746.27
190.38	748.02
190.46	762.38
190.53	790.14
190.61	840.70
190.68	876.28
190.76	926.00
190.83	964.18
190.91	999.04
190.98	1022.69
191.06	1052.24
191.13	1074.01
191.21	1098.26
191.28	1114.77
191.35	1131.85
191.43	1147.40
191.50	1155.72
191.58	1167.05
191.65	1182.33
191.73	1193.39
191.80	1202.93
191.88	1207.53
191.95	1208.64
192.03	1207.60
192.10	1207.84
192.18	1204.24
192.25	1208.34
192.33	1202.15
192.40	1191.94
192.48	1184.78
192.55	1187.76
192.63	1188.25
192.70	1205.67
192.78	1235.15
192.85	1270.38
192.93	1299.81
193.00	1325.67
193.08	1342.33
193.15	1359.20
193.22	1374.38
193.30	1390.61
193.37	1425.76
193.45	1453.65
193.52	1483.71
193.60	1518.62
193.67	1545.90
193.75	1564.95
193.82	1589.44
193.90	1603.54
193.97	1610.17
194.05	1616.19
194.12	1610.93
194.20	1608.75
194.27	1606.33
194.34	1592.93
194.42	1579.83
194.49	1577.38
194.57	1573.81
194.64	1563.18
194.72	1559.59
194.79	1565.91
194.87	1572.23
194.94	1595.42
195.02	1635.01
195.09	1679.00
195.17	1723.65
195.24	1766.40
195.31	1799.87
195.39	1822.99
195.46	1843.00
195.54	1860.03
195.61	1869.02
195.69	1864.77
195.76	1858.60
195.84	1847.04
195.91	1817.61
195.99	1784.84
196.06	1760.01
196.13	1750.87
196.21	1755.14
196.28	1778.56
196.36	1825.69
196.43	1873.75
196.51	1919.69
196.58	1961.67
196.66	1999.95
196.73	2024.09
196.80	2042.52
196.88	2051.07
196.95	2058.53
197.03	2060.00
197.10	2052.41
197.18	2040.68
197.25	2020.80
197.33	1997.50
197.40	1973.91
197.47	1946.24
197.55	1931.31
197.62	1928.31
197.70	1932.29
197.77	1951.71
197.85	1989.08
197.92	2029.13
197.99	2078.40
198.07	2130.89
198.14	2173.72
198.22	2216.82
198.29	2251.46
198.37	2271.85
198.44	2287.97
198.51	2297.59
198.59	2294.50
198.66	2288.97
198.74	2274.59
198.81	2244.25
198.89	2203.39
198.96	2167.39
199.03	2131.28
199.11	2111.58
199.18	2108.60
199.26	2134.96
199.33	2175.72
199.41	2230.60
199.48	2283.81
199.55	2341.14
199.63	2382.37
199.70	2427.04
199.78	2457.70
199.85	2487.17
199.93	2506.88
200.00	2532.16
200.07	2533.10
200.15	2533.99
200.22	2522.65
200.30	2496.27
200.37	2457.13
200.44	2406.15
200.52	2360.37
200.59	2339.01
200.67	2338.08
200.74	2354.38
200.81	2401.28
200.89	2457.08
200.96	2508.45
201.04	2560.61
201.11	2620.52
201.19	2676.37
201.26	2723.81
201.33	2764.71
201.41	2796.92
201.48	2818.01
201.56	2827.56
201.63	2835.71
201.70	2827.77
201.78	2808.54
201.85	2780.18
201.93	2740.69
202.00	2700.81
202.07	2670.31
202.15	2645.20
202.22	2631.77
202.30	2653.17
202.37	2690.01
202.44	2746.56
202.52	2827.12
202.59	2916.30
202.67	2989.48
202.74	3059.91
202.81	3115.47
202.89	3158.84
202.96	3197.82
203.04	3238.59
203.11	3261.45
203.18	3277.54
203.26	3280.95
203.33	3259.51
203.41	3214.81
203.48	3160.38
203.55	3083.59
203.63	3017.60
203.70	2985.47
203.77	2994.04
203.85	3036.18
203.92	3120.68
204.00	3230.45
204.07	3332.11
204.14	3422.03
204.22	3499.78
204.29	3581.85
204.37	3642.08
204.44	3696.48
204.51	3750.97
204.59	3798.17
204.66	3818.59
204.73	3836.41
204.81	3836.83
204.88	3820.68
204.96	3785.02
205.03	3731.05
205.10	3663.26
205.18	3614.46
205.25	3573.91
205.32	3560.11
205.40	3590.50
205.47	3654.67
205.55	3737.90
205.62	3841.98
205.69	3968.77
205.77	4089.73
205.84	4202.10
205.91	4302.98
205.99	4390.69
206.06	4454.80
206.14	4519.07
206.21	4580.26
206.28	4622.13
206.36	4664.23
206.43	4684.81
206.50	4676.11
206.58	4633.89
206.65	4566.41
206.72	4462.71
206.80	4363.80
206.87	4284.40
206.95	4261.25
207.02	4305.91
207.09	4412.38
207.17	4561.35
207.24	4730.48
207.31	4893.15
207.39	5036.55
207.46	5167.49
207.53	5279.12
207.61	5388.81
207.68	5481.05
207.75	5575.37
207.83	5653.56
207.90	5720.39
207.98	5756.13
208.05	5782.09
208.12	5765.05
208.20	5725.43
208.27	5656.53
208.34	5572.02
208.42	5476.53
208.49	5419.54
208.56	5397.82
208.64	5441.70
208.71	5539.09
208.78	5671.93
208.86	5825.83
208.93	5986.45
209.00	6143.96
209.08	6294.46
209.15	6450.35
209.22	6597.19
209.30	6738.58
209.37	6862.71
209.44	6977.81
209.52	7081.22
209.59	7158.51
209.67	7222.93
209.74	7254.88
209.81	7267.66
209.89	7236.70
209.96	7176.02
210.03	7083.12
210.11	6998.07
210.18	6924.21
210.25	6890.06
210.33	6920.48
210.40	7017.43
210.47	7170.60
210.55	7361.54
210.62	7577.49
210.69	7779.25
210.77	7975.03
210.84	8147.39
210.91	8316.69
210.99	8467.60
211.06	8620.82
211.13	8765.44
211.21	8909.80
211.28	9017.54
211.35	9112.25
211.42	9174.67
211.50	9194.34
211.57	9163.34
211.64	9096.97
211.72	8991.57
211.79	8873.28
211.86	8797.98
211.94	8806.15
212.01	8894.65
212.08	9058.86
212.16	9280.85
212.23	9511.58
212.30	9719.75
212.38	9907.53
212.45	10087.64
212.52	10254.61
212.60	10414.82
212.67	10575.09
212.74	10733.94
212.82	10898.92
212.89	11059.65
212.96	11211.86
213.03	11328.53
213.11	11431.49
213.18	11477.70
213.25	11496.81
213.33	11468.92
213.40	11417.48
213.47	11360.35
213.55	11334.33
213.62	11337.96
213.69	11412.45
213.77	11556.89
213.84	11744.16
213.91	11962.64
213.98	12181.25
214.06	12380.63
214.13	12575.16
214.20	12749.60
214.28	12925.08
214.35	13109.40
214.42	13312.48
214.50	13511.43
214.57	13709.30
214.64	13888.33
214.72	14053.34
214.79	14191.43
214.86	14296.73
214.93	14362.09
215.01	14385.32
215.08	14363.05
215.15	14298.64
215.23	14208.95
215.30	14167.02
215.37	14184.15
215.44	14305.05
215.52	14509.70
215.59	14782.48
215.66	15063.27
215.74	15338.27
215.81	15573.87
215.88	15794.76
215.95	15998.75
216.03	16209.54
216.10	16408.39
216.17	16601.90
216.25	16780.59
216.32	16958.48
216.39	17107.43
216.46	17252.31
216.54	17375.58
216.61	17483.32
216.68	17556.05
216.76	17599.38
216.83	17598.16
216.90	17565.09
216.97	17534.54
217.05	17540.54
217.12	17603.95
217.19	17743.49
217.27	17948.24
217.34	18188.79
217.41	18449.23
217.48	18713.09
217.56	18973.48
217.63	19231.95
217.70	19473.37
217.78	19696.88
217.85	19903.07
217.92	20085.32
217.99	20258.47
218.07	20417.54
218.14	20565.65
218.21	20721.03
218.28	20868.55
218.36	21012.01
218.43	21144.81
218.50	21254.78
218.57	21311.28
218.65	21319.20
218.72	21273.30
218.79	21223.78
218.87	21206.74
218.94	21261.81
219.01	21396.78
219.08	21616.63
219.16	21899.36
219.23	22200.77
219.30	22477.58
219.37	22735.69
219.45	22974.63
219.52	23195.82
219.59	23394.76
219.66	23588.92
219.74	23790.17
219.81	24000.19
219.88	24185.48
219.95	24372.66
220.03	24564.16
220.10	24728.83
220.17	24863.87
220.24	24983.26
220.32	25072.69
220.39	25103.67
220.46	25105.09
220.53	25079.00
220.61	25048.61
220.68	25056.05
220.75	25132.54
220.82	25296.03
220.90	25502.62
220.97	25739.97
221.04	25966.01
221.11	26188.72
221.19	26372.40
221.26	26567.03
221.33	26767.28
221.40	26972.25
221.48	27171.81
221.55	27368.98
221.62	27555.83
221.69	27739.47
221.77	27918.85
221.84	28094.51
221.91	28251.64
221.98	28402.34
222.06	28529.31
222.13	28646.26
222.20	28722.63
222.27	28788.00
222.35	28831.11
222.42	28863.79
222.49	28902.94
222.56	28973.81
222.63	29078.65
222.71	29205.38
222.78	29356.09
222.85	29518.34
222.92	29692.91
223.00	29850.14
223.07	30017.93
223.14	30187.49
223.21	30349.54
223.29	30498.98
223.36	30675.43
223.43	30861.07
223.50	31044.23
223.57	31221.45
223.65	31408.94
223.72	31565.95
223.79	31688.37
223.86	31786.67
223.94	31880.67
224.01	31952.11
224.08	32013.08
224.15	32077.69
224.22	32152.34
224.30	32217.29
224.37	32294.85
224.44	32405.54
224.51	32523.25
224.59	32642.20
224.66	32770.04
224.73	32905.64
224.80	33037.69
224.87	33177.24
224.95	33330.82
225.02	33504.09
225.09	33668.53
225.16	33811.03
225.23	33953.80
225.31	34081.88
225.38	34189.03
225.45	34289.77
225.52	34399.69
225.60	34488.64
225.67	34581.84
225.74	34646.44
225.81	34704.50
225.88	34759.48
225.96	34828.93
226.03	34912.62
226.10	35030.72
226.17	35158.97
226.24	35281.51
226.32	35400.24
226.39	35513.51
226.46	35625.13
226.53	35738.74
226.60	35869.86
226.68	35998.97
226.75	36111.85
226.82	36235.16
226.89	36354.98
226.96	36457.29
227.04	36541.77
227.11	36623.54
227.18	36696.70
227.25	36760.67
227.32	36833.93
227.40	36912.25
227.47	36993.39
227.54	37053.08
227.61	37117.00
227.68	37170.86
227.76	37230.19
227.83	37292.72
227.90	37372.84
227.97	37457.45
228.04	37550.19
228.11	37636.07
228.19	37714.15
228.26	37802.09
228.33	37890.75
228.40	37986.48
228.47	38086.82
228.55	38185.36
228.62	38281.42
228.69	38375.44
228.76	38458.61
228.83	38538.97
228.90	38633.78
228.98	38718.23
229.05	38802.68
229.12	38895.13
229.19	38994.13
229.26	39083.67
229.34	39159.77
229.41	39232.76
229.48	39292.16
229.55	39341.32
229.62	39395.40
229.69	39442.18
229.77	39484.46
229.84	39520.50
229.91	39558.97
229.98	39584.32
230.05	39630.78
230.12	39688.71
230.20	39761.70
230.27	39838.38
230.34	39928.72
230.41	40024.84
230.48	40108.18
230.55	40192.58
230.63	40270.21
230.70	40353.07
230.77	40411.37
230.84	40457.98
230.91	40499.55
230.98	40541.93
231.06	40578.95
231.13	40637.85
231.20	40712.19
231.27	40792.61
231.34	40875.70
231.41	40965.20
231.49	41024.38
231.56	41084.64
231.63	41134.45
231.70	41183.30
231.77	41213.70
231.84	41264.59
231.92	41294.37
231.99	41342.33
232.06	41379.29
232.13	41418.61
232.20	41470.87
232.27	41546.82
232.34	41597.89
232.42	41640.02
232.49	41693.67
232.56	41741.51
232.63	41790.41
232.70	41839.80
232.77	41914.71
232.85	41983.97
232.92	42035.70
232.99	42081.16
233.06	42123.71
233.13	42151.54
233.20	42170.05
233.27	42190.46
233.35	42202.08
233.42	42216.23
233.49	42234.71
233.56	42270.36
233.63	42309.07
233.70	42354.88
233.77	42399.70
233.85	42448.38
233.92	42506.93
233.99	42557.43
234.06	42588.82
234.13	42622.65
234.20	42669.46
234.27	42688.26
234.35	42706.78
234.42	42745.01
234.49	42776.93
234.56	42787.06
234.63	42800.89
234.70	42822.46
234.77	42833.43
234.84	42838.11
234.92	42839.39
234.99	42847.20
235.06	42858.50
235.13	42876.82
235.20	42905.45
235.27	42944.44
235.34	42974.96
235.41	43017.05
235.49	43052.25
235.56	43085.40
235.63	43116.34
235.70	43139.00
235.77	43149.50
235.84	43156.90
235.91	43158.98
235.98	43153.28
236.06	43154.17
236.13	43149.62
236.20	43152.15
236.27	43148.17
236.34	43157.54
236.41	43162.78
236.48	43163.00
236.55	43164.51
236.63	43170.05
236.70	43168.39
236.77	43177.85
236.84	43198.60
236.91	43213.87
236.98	43244.35
237.05	43271.00
237.12	43284.38
237.19	43288.58
237.27	43302.94
237.34	43299.65
237.41	43302.89
237.48	43302.02
237.55	43295.80
237.62	43296.06
237.69	43320.69
237.76	43337.89
237.83	43374.59
237.91	43420.89
237.98	43443.75
238.05	43445.31
238.12	43450.74
238.19	43451.43
238.26	43456.37
238.33	43467.78
238.40	43473.00
238.47	43476.43
238.54	43484.67
238.62	43473.14
238.69	43463.63
238.76	43457.59
238.83	43466.51
238.90	43467.40
238.97	43493.61
239.04	43515.24
239.11	43538.73
239.18	43555.49
239.25	43557.78
239.33	43542.96
239.40	43533.63
239.47	43523.94
239.54	43504.20
239.61	43487.20
239.68	43469.75
239.75	43466.50
239.82	43464.22
239.89	43463.53
239.96	43484.39
240.03	43504.51
240.11	43513.76
240.18	43530.26
240.25	43545.12
240.32	43543.92
240.39	43566.68
240.46	43586.83
240.53	43606.05
240.60	43648.30
240.67	43690.68
240.74	43710.60
240.81	43723.70
240.88	43743.40
240.96	43732.01
241.03	43734.49
241.10	43736.05
241.17	43757.35
241.24	43776.08
241.31	43808.91
241.38	43811.86
241.45	43814.19
241.52	43808.06
241.59	43800.87
241.66	43793.68
241.73	43814.90
241.80	43842.69
241.88	43861.61
241.95	43875.19
242.02	43892.53
242.09	43881.98
242.16	43887.04
242.23	43899.04
242.30	43911.17
242.37	43922.96
242.44	43953.63
242.51	43951.05
242.58	43948.18
242.65	43944.25
242.72	43946.05
242.79	43951.65
242.87	43986.15
242.94	44016.12
243.01	44042.84
243.08	44078.16
243.15	44103.27
243.22	44122.77
243.29	44139.42
243.36	44173.55
243.43	44201.08
243.50	44246.79
243.57	44293.61
243.64	44340.62
243.71	44381.43
243.78	44412.99
243.85	44434.00
243.92	44442.78
243.99	44459.55
244.07	44470.01
244.14	44480.20
244.21	44493.93
244.28	44514.10
244.35	44527.28
244.42	44556.13
244.49	44576.18
244.56	44605.90
244.63	44624.01
244.70	44634.69
244.77	44647.30
244.84	44680.97
244.91	44710.73
244.98	44750.11
245.05	44812.15
245.12	44861.70
245.19	44909.75
245.26	44947.97
245.33	45001.51
245.40	45057.88
245.47	45118.50
245.55	45166.11
245.62	45209.68
245.69	45242.59
245.76	45269.14
245.83	45298.37
245.90	45333.46
245.97	45372.22
246.04	45413.45
246.11	45444.61
246.18	45472.22
246.25	45484.79
246.32	45502.31
246.39	45531.16
246.46	45567.63
246.53	45618.30
246.60	45694.94
246.67	45759.33
246.74	45819.85
246.81	45880.75
246.88	45929.93
246.95	45966.89
247.02	46019.70
247.09	46058.16
247.16	46081.54
247.23	46094.51
247.30	46107.61
247.37	46110.79
247.44	46135.09
247.51	46175.14
247.58	46227.85
247.66	46283.31
247.73	46351.48
247.80	46416.01
247.87	46479.87
247.94	46554.25
248.01	46635.74
248.08	46724.21
248.15	46780.33
248.22	46836.84
248.29	46885.71
248.36	46925.64
248.43	46959.13
248.50	47012.37
248.57	47067.73
248.64	47115.11
248.71	47185.12
248.78	47250.39
248.85	47308.95
248.92	47366.50
248.99	47425.25
249.06	47455.52
249.13	47479.82
249.20	47516.43
249.27	47551.28
249.34	47585.53
249.41	47613.26
249.48	47650.47
249.55	47686.99
249.62	47724.48
249.69	47758.05
249.76	47807.25
249.83	47856.24
249.90	47914.83
249.97	47987.25
250.04	48066.82
250.11	48161.81
250.18	48244.02
250.25	48316.33
250.32	48381.23
250.39	48443.01
250.46	48496.36
250.53	48559.72
250.60	48628.16
250.67	48701.36
250.74	48765.18
250.81	48805.09
250.88	48836.46
250.95	48869.14
251.02	48891.19
251.09	48904.22
251.16	48953.58
251.23	49010.23
251.30	49070.22
251.37	49119.90
251.44	49175.63
251.51	49223.91
251.58	49283.58
251.65	49329.80
251.72	49382.19
251.79	49460.16
251.86	49513.31
251.93	49545.56
252.00	49571.62
252.07	49593.28
252.14	49596.91
252.21	49624.77
252.28	49670.96
252.35	49717.95
252.42	49792.40
252.49	49867.31
252.56	49932.60
252.63	49974.10
252.70	50035.21
252.77	50077.53
252.84	50124.02
252.91	50159.05
252.98	50219.04
253.05	50253.72
253.12	50285.54
253.19	50325.72
253.25	50382.55
253.32	50423.32
253.39	50483.47
253.46	50546.33
253.53	50595.27
253.60	50620.77
253.67	50649.04
253.74	50681.85
253.81	50723.66
253.88	50765.49
253.95	50823.46
254.02	50876.42
254.09	50930.32
254.16	50963.57
254.23	50995.66
254.30	51034.98
254.37	51076.82
254.44	51113.55
254.51	51162.42
254.58	51213.88
254.65	51247.13
254.72	51283.71
254.79	51297.04
254.86	51320.52
254.93	51338.09
255.00	51368.19
255.07	51414.55
255.14	51477.08
255.21	51515.95
255.28	51542.39
255.34	51552.57
255.41	51556.87
255.48	51562.02
255.55	51580.20
255.62	51619.60
255.69	51662.04
255.76	51690.67
255.83	51735.27
255.90	51777.47
255.97	51831.42
256.04	51862.61
256.11	51910.65
256.18	51943.12
256.25	51976.69
256.32	51997.03
256.39	52043.63
256.46	52072.21
256.53	52110.95
256.60	52145.66
256.67	52163.66
256.74	52191.97
256.80	52224.67
256.87	52239.73
256.94	52246.79
257.01	52269.79
257.08	52295.73
257.15	52315.76
257.22	52334.04
257.29	52351.17
257.36	52358.24
257.43	52343.65
257.50	52341.73
257.57	52342.63
257.64	52356.48
257.71	52373.49
257.78	52406.12
257.85	52436.75
257.92	52476.09
257.98	52520.81
258.05	52561.86
258.12	52575.13
258.19	52575.44
258.26	52551.56
258.33	52505.33
258.40	52475.62
258.47	52468.62
258.54	52465.71
258.61	52478.30
258.68	52517.09
258.75	52552.03
258.82	52585.10
258.89	52613.40
258.95	52640.96
259.02	52658.52
259.09	52656.53
259.16	52648.83
259.23	52638.81
259.30	52621.27
259.37	52609.20
259.44	52614.99
259.51	52645.59
259.58	52679.38
259.65	52712.68
259.72	52734.27
259.79	52731.50
259.85	52698.08
259.92	52673.35
259.99	52666.02
260.06	52666.06
260.13	52683.83
260.20	52702.99
260.27	52704.93
260.34	52683.01
260.41	52654.76
260.48	52634.76
260.55	52635.30
260.62	52634.71
260.68	52641.81
260.75	52644.31
260.82	52639.00
260.89	52638.87
260.96	52653.14
261.03	52673.69
261.10	52684.14
261.17	52690.03
261.24	52660.49
261.31	52622.71
261.38	52587.10
261.44	52552.47
261.51	52517.49
261.58	52493.13
261.65	52478.41
261.72	52462.01
261.79	52455.49
261.86	52447.79
261.93	52449.72
262.00	52440.39
262.07	52418.86
262.13	52391.82
262.20	52375.36
262.27	52359.75
262.34	52353.84
262.41	52347.73
262.48	52343.74
262.55	52352.90
262.62	52346.69
262.69	52332.58
262.76	52324.31
262.82	52305.69
262.89	52276.13
262.96	52257.29
263.03	52247.16
263.10	52243.07
263.17	52247.39
263.24	52226.43
263.31	52212.99
263.38	52205.58
263.44	52196.04
263.51	52176.66
263.58	52173.77
263.65	52146.04
263.72	52095.11
263.79	52036.03
263.86	51999.01
263.93	51954.86
264.00	51933.70
264.06	51927.54
264.13	51931.47
264.20	51916.33
264.27	51894.30
264.34	51854.68
264.41	51814.54
264.48	51761.92
264.55	51722.82
264.61	51702.09
264.68	51686.00
264.75	51667.84
264.82	51634.64
264.89	51598.02
264.96	51564.00
265.03	51534.36
265.10	51500.55
265.16	51488.00
265.23	51475.14
265.30	51461.39
265.37	51443.56
265.44	51428.77
265.51	51419.27
265.58	51413.58
265.65	51397.19
265.71	51376.65
265.78	51359.56
265.85	51326.53
265.92	51276.27
265.99	51215.06
266.06	51175.38
266.13	51122.69
266.20	51075.28
266.26	51056.27
266.33	51048.85
266.40	51012.26
266.47	50978.77
266.54	50934.56
266.61	50885.35
266.68	50842.33
266.74	50817.71
266.81	50786.38
266.88	50753.52
266.95	50702.01
267.02	50650.50
267.09	50598.01
267.16	50541.33
267.22	50517.59
267.29	50509.37
267.36	50508.30
267.43	50511.69
267.50	50520.61
267.57	50507.18
267.64	50483.08
267.70	50433.07
267.77	50386.38
267.84	50348.56
267.91	50318.96
267.98	50290.31
268.05	50283.46
268.11	50263.56
268.18	50228.76
268.25	50171.07
268.32	50115.27
268.39	50053.04
268.46	49987.72
268.53	49936.25
268.59	49897.06
268.66	49856.60
268.73	49823.75
268.80	49801.82
268.87	49776.11
268.94	49766.14
269.00	49771.87
269.07	49769.76
269.14	49769.70
269.21	49764.13
269.28	49746.50
269.35	49706.00
269.41	49665.88
269.48	49626.87
269.55	49601.23
269.62	49581.37
269.69	49570.38
269.76	49547.18
269.82	49506.35
269.89	49460.47
269.96	49424.77
270.03	49383.02
270.10	49355.69
270.17	49326.13
270.23	49293.04
270.30	49258.60
270.37	49230.97
270.44	49211.65
270.51	49192.23
270.58	49177.28
270.64	49164.73
270.71	49152.12
270.78	49143.12
270.85	49135.21
270.92	49134.24
270.99	49119.68
271.05	49097.34
271.12	49058.11
271.19	49019.09
271.26	48974.67
271.33	48931.64
271.39	48904.71
271.46	48860.57
271.53	48824.70
271.60	48798.76
271.67	48772.11
271.74	48734.49
271.80	48715.22
271.87	48705.27
271.94	48679.81
272.01	48650.26
272.08	48622.23
272.14	48594.81
272.21	48576.03
272.28	48570.41
272.35	48561.64
272.42	48551.83
272.48	48550.10
272.55	48537.14
272.62	48515.76
272.69	48508.77
272.76	48515.12
272.83	48504.29
272.89	48479.65
272.96	48456.72
273.03	48433.47
273.10	48392.80
273.17	48353.53
273.23	48337.02
273.30	48309.48
273.37	48269.49
273.44	48227.79
273.51	48208.39
273.57	48175.78
273.64	48152.12
273.71	48155.75
273.78	48162.71
273.85	48163.35
273.91	48166.87
273.98	48183.41
274.05	48194.84
274.12	48222.04
274.19	48240.81
274.25	48262.29
274.32	48260.26
274.39	48231.93
274.46	48190.20
274.53	48137.17
274.59	48059.84
274.66	48001.22
274.73	47963.07
274.80	47911.48
274.86	47876.58
274.93	47863.95
275.00	47848.80
275.07	47827.15
275.14	47814.57
275.20	47795.79
275.27	47777.62
275.34	47753.70
275.41	47725.91
275.48	47718.97
275.54	47725.89
275.61	47725.57
275.68	47724.78
275.75	47726.28
275.81	47698.29
275.88	47671.84
275.95	47657.02
276.02	47634.76
276.09	47612.62
276.15	47605.44
276.22	47586.33
276.29	47566.22
276.36	47548.06
276.42	47516.26
276.49	47482.42
276.56	47437.54
276.63	47385.21
276.70	47331.39
276.76	47314.15
276.83	47300.53
276.90	47316.01
276.97	47329.10
277.03	47349.36
277.10	47339.72
277.17	47335.86
277.24	47299.07
277.30	47275.09
277.37	47251.03
277.44	47251.36
277.51	47245.06
277.58	47240.10
277.64	47229.23
277.71	47214.43
277.78	47163.89
277.85	47112.80
277.91	47056.26
277.98	47003.91
278.05	46959.81
278.12	46940.74
278.18	46918.52
278.25	46917.82
278.32	46925.51
278.39	46939.87
278.45	46967.49
278.52	46995.77
278.59	47016.70
278.66	47020.99
278.72	47023.00
278.79	46998.85
278.86	46970.43
278.93	46931.78
278.99	46887.69
279.06	46830.87
279.13	46777.24
279.20	46750.01
279.26	46743.40
279.33	46761.06
279.40	46790.25
279.47	46823.36
279.53	46840.44
279.60	46829.99
279.67	46782.24
279.74	46703.61
279.80	46618.15
279.87	46534.29
279.94	46475.98
280.01	46448.62
280.07	46432.05
280.14	46434.25
280.21	46436.61
280.28	46436.11
280.34	46423.35
280.41	46424.37
280.48	46411.40
280.55	46398.76
280.61	46381.67
280.68	46374.63
280.75	46363.17
280.82	46342.62
280.88	46313.28
280.95	46265.28
281.02	46217.55
281.08	46145.11
281.15	46082.49
281.22	46008.75
281.29	45960.74
281.35	45887.24
281.42	45825.68
281.49	45746.01
281.56	45687.16
281.62	45627.50
281.69	45574.69
281.76	45542.34
281.82	45520.76
281.89	45502.13
281.96	45482.41
282.03	45475.30
282.09	45477.94
282.16	45487.09
282.23	45487.46
282.30	45490.15
282.36	45503.49
282.43	45495.54
282.50	45509.25
282.56	45508.65
282.63	45515.40
282.70	45512.94
282.77	45529.90
282.83	45522.50
282.90	45525.96
282.97	45511.67
283.03	45485.04
283.10	45425.58
283.17	45359.28
283.24	45272.43
283.30	45185.70
283.37	45104.13
283.44	45048.47
283.50	45008.06
283.57	44984.35
283.64	44966.89
283.71	44960.64
283.77	44948.29
283.84	44934.91
283.91	44932.23
283.97	44942.23
284.04	44954.80
284.11	44967.93
284.18	44983.42
284.24	45005.71
284.31	45017.33
284.38	45002.53
284.44	45004.46
284.51	45007.58
284.58	45005.90
284.64	45003.54
284.71	45003.04
284.78	44986.51
284.85	44960.14
284.91	44936.77
284.98	44906.49
285.05	44879.73
285.11	44837.66
285.18	44795.17
285.25	44733.82
285.31	44697.65
285.38	44668.54
285.45	44671.02
285.52	44679.20
285.58	44702.46
285.65	44716.45
285.72	44736.88
285.78	44750.98
285.85	44779.82
285.92	44804.76
285.98	44824.74
286.05	44842.05
286.12	44864.26
286.18	44883.20
286.25	44907.87
286.32	44917.21
286.39	44927.67
286.45	44923.76
286.52	44896.83
286.59	44852.62
286.65	44790.28
286.72	44728.73
286.79	44657.58
286.85	44593.63
286.92	44543.52
286.99	44530.14
287.05	44510.30
287.12	44517.05
287.19	44535.34
287.25	44567.81
287.32	44598.94
287.39	44636.64
287.45	44659.56
287.52	44678.14
287.59	44692.55
287.65	44707.26
287.72	44711.44
287.79	44724.04
287.86	44730.91
287.92	44731.88
287.99	44732.25
288.06	44753.91
288.12	44766.87
288.19	44779.87
288.26	44784.86
288.32	44792.02
288.39	44771.95
288.46	44758.65
288.52	44745.08
288.59	44727.14
288.66	44687.48
288.72	44651.82
288.79	44603.37
288.86	44548.34
288.92	44504.11
288.99	44479.26
289.06	44475.92
289.12	44494.41
289.19	44535.84
289.26	44580.65
289.32	44630.71
289.39	44690.07
289.45	44745.49
289.52	44775.07
289.59	44812.74
289.65	44839.56
289.72	44835.30
289.79	44834.36
289.85	44837.76
289.92	44830.84
289.99	44825.96
290.05	44814.64
290.12	44785.54
290.19	44761.14
290.25	44744.74
290.32	44732.25
290.39	44743.40
290.45	44758.56
290.52	44777.20
290.59	44777.35
290.65	44748.38
290.72	44707.29
290.79	44673.31
290.85	44649.09
290.92	44651.22
290.98	44687.48
291.05	44737.34
291.12	44789.83
291.18	44850.92
291.25	44908.18
291.32	44955.03
291.38	44998.41
291.45	45034.18
291.52	45075.38
291.58	45101.41
291.65	45130.98
291.72	45149.61
291.78	45154.72
291.85	45123.92
291.91	45088.00
291.98	45058.24
292.05	45018.10
292.11	44997.49
292.18	44982.98
292.25	44957.17
292.31	44921.09
292.38	44904.44
292.45	44880.96
292.51	44871.60
292.58	44873.56
292.64	44900.56
292.71	44925.26
292.78	44963.88
292.84	45000.74
292.91	45063.54
292.98	45113.06
293.04	45173.77
293.11	45230.76
293.17	45290.99
293.24	45334.70
293.31	45388.65
293.37	45433.44
293.44	45460.52
293.51	45484.31
293.57	45503.24
293.64	45485.04
293.70	45480.55
293.77	45449.15
293.84	45398.45
293.90	45319.21
293.97	45258.41
294.04	45198.51
294.10	45176.20
294.17	45172.18
294.23	45198.68
294.30	45220.79
294.37	45233.93
294.43	45245.09
294.50	45239.32
294.56	45249.91
294.63	45269.16
294.70	45301.88
294.76	45340.75
294.83	45411.39
294.90	45480.99
294.96	45552.53
295.03	45621.52
295.09	45697.31
295.16	45766.78
295.23	45824.62
295.29	45883.54
295.36	45924.73
295.42	45956.79
295.49	45984.07
295.56	46006.83
295.62	46008.87
295.69	45993.45
295.75	45964.50
295.82	45909.71
295.89	45838.74
295.95	45758.59
296.02	45691.34
296.08	45618.12
296.15	45554.83
296.22	45510.43
296.28	45494.44
296.35	45504.25
296.41	45539.02
296.48	45604.30
296.55	45688.94
296.61	45781.15
296.68	45871.76
296.74	45966.57
296.81	46052.06
296.88	46115.99
296.94	46168.77
297.01	46214.99
297.07	46249.57
297.14	46290.25
297.20	46342.23
297.27	46404.01
297.34	46462.39
297.40	46524.84
297.47	46561.42
297.53	46579.53
297.60	46591.11
297.67	46585.01
297.73	46551.85
297.80	46497.79
297.86	46423.68
297.93	46332.73
298.00	46234.31
298.06	46151.48
298.13	46112.45
298.19	46099.15
298.26	46111.26
298.32	46152.77
298.39	46199.31
298.46	46231.15
298.52	46286.02
298.59	46335.51
298.65	46389.17
298.72	46462.09
298.78	46540.55
298.85	46607.33
298.92	46679.15
298.98	46749.16
299.05	46813.78
299.11	46865.29
299.18	46917.79
299.24	46958.61
299.31	46981.34
299.38	46993.24
299.44	47020.97
299.51	47043.01
299.57	47064.40
299.64	47085.28
299.70	47108.82
299.77	47110.81
299.84	47092.73
299.90	47023.62
299.97	46925.19
300.03	46785.38
300.10	46637.69
300.16	46508.35
300.23	46446.45
300.30	46435.28
300.36	46479.32
300.43	46561.91
300.49	46661.33
300.56	46760.30
300.62	46861.28
300.69	46943.58
300.75	47028.38
300.82	47109.83
300.89	47174.27
300.95	47221.50
301.02	47268.41
301.08	47299.12
301.15	47320.15
301.21	47347.72
301.28	47382.09
301.34	47409.10
301.41	47444.50
301.48	47457.37
301.54	47454.83
301.61	47449.32
301.67	47447.61
301.74	47432.81
301.80	47409.53
301.87	47363.50
301.93	47293.52
302.00	47197.87
302.06	47080.95
302.13	46960.20
302.20	46874.16
302.26	46800.75
302.33	46773.75
302.39	46769.73
302.46	46803.37
302.52	46838.05
302.59	46905.62
302.65	46961.70
302.72	47034.70
302.78	47105.97
302.85	47182.89
302.91	47225.93
302.98	47272.39
303.05	47301.65
303.11	47331.39
303.18	47341.47
303.24	47365.70
303.31	47383.95
303.37	47396.37
303.44	47397.16
303.50	47403.85
303.57	47395.24
303.63	47368.43
303.70	47346.63
303.76	47317.48
303.83	47290.94
303.89	47254.27
303.96	47220.89
304.03	47164.16
304.09	47089.01
304.16	46969.98
304.22	46845.50
304.29	46725.61
304.35	46621.97
304.42	46549.44
304.48	46537.14
304.55	46551.51
304.61	46571.88
304.68	46625.31
304.74	46677.90
304.81	46717.70
304.87	46735.87
304.94	46769.40
305.00	46780.04
305.07	46786.42
305.13	46784.48
305.20	46799.41
305.26	46796.42
305.33	46801.48
305.39	46792.71
305.46	46778.75
305.52	46752.30
305.59	46735.30
305.66	46693.22
305.72	46663.86
305.79	46632.63
305.85	46606.51
305.92	46536.12
305.98	46428.00
306.05	46289.22
306.11	46121.06
306.18	45944.36
306.24	45781.84
306.31	45649.34
306.37	45519.84
306.44	45420.83
306.50	45334.86
306.57	45311.08
306.63	45345.50
306.70	45429.81
306.76	45525.02
306.83	45634.16
306.89	45690.47
306.96	45717.80
307.02	45724.73
307.09	45734.82
307.15	45727.46
307.22	45731.31
307.28	45718.63
307.35	45705.38
307.41	45671.68
307.48	45640.63
307.54	45598.87
307.61	45562.59
307.67	45514.52
307.74	45476.88
307.80	45435.19
307.87	45399.84
307.93	45359.81
308.00	45314.66
308.06	45266.87
308.13	45199.03
308.19	45122.42
308.26	45048.02
308.32	44978.96
308.38	44900.16
308.45	44840.93
308.51	44773.66
308.58	44686.84
308.64	44594.17
308.71	44509.22
308.77	44430.76
308.84	44369.78
308.90	44345.02
308.97	44327.08
309.03	44321.26
309.10	44305.74
309.16	44293.54
309.23	44260.16
309.29	44238.83
309.36	44187.97
309.42	44143.00
309.49	44100.37
309.55	44053.35
309.62	43988.54
309.68	43949.54
309.75	43897.86
309.81	43842.62
309.88	43802.06
309.94	43743.71
310.00	43677.45
310.07	43615.77
310.13	43555.18
310.20	43478.94
310.26	43427.88
310.33	43369.24
310.39	43319.52
310.46	43246.67
310.52	43186.18
310.59	43115.58
310.65	43042.21
310.72	42958.62
310.78	42891.01
310.85	42809.84
310.91	42754.06
310.97	42710.09
311.04	42668.44
311.10	42628.95
311.17	42599.18
311.23	42558.51
311.30	42520.23
311.36	42486.77
311.43	42467.61
311.49	42439.19
311.56	42393.93
311.62	42357.41
311.69	42326.32
311.75	42285.08
311.81	42230.56
311.88	42192.84
311.94	42135.90
312.01	42085.42
312.07	42022.06
312.14	41982.68
312.20	41941.64
312.27	41904.48
312.33	41846.11
312.40	41792.16
312.46	41728.15
312.52	41662.42
312.59	41588.91
312.65	41521.80
312.72	41450.06
312.78	41381.42
312.85	41295.58
312.91	41221.11
312.98	41141.67
313.04	41074.46
313.10	41014.01
313.17	40962.96
313.23	40920.10
313.30	40877.02
313.36	40822.31
313.43	40761.93
313.49	40718.36
313.56	40658.99
313.62	40617.90
313.68	40575.97
313.75	40544.26
313.81	40502.55
313.88	40449.12
313.94	40388.82
314.01	40351.03
314.07	40299.39
314.13	40252.92
314.20	40225.39
314.26	40191.01
314.33	40138.89
314.39	40086.83
314.46	40010.88
314.52	39949.46
314.58	39884.39
314.65	39814.64
314.71	39747.77
314.78	39695.87
314.84	39640.86
314.91	39591.30
314.97	39542.96
315.03	39498.17
315.10	39456.90
315.16	39395.24
315.23	39333.25
315.29	39285.64
315.36	39230.40
315.42	39175.04
315.48	39121.25
315.55	39070.02
315.61	39007.15
315.68	38958.78
315.74	38906.53
315.81	38853.47
315.87	38802.97
315.93	38778.72
316.00	38753.42
316.06	38733.34
316.13	38717.96
316.19	38676.71
316.25	38590.39
316.32	38467.27
316.38	38303.93
316.45	38104.86
316.51	37894.66
316.58	37665.31
316.64	37414.09
316.70	37175.77
316.77	36925.75
316.83	36680.67
316.90	36426.79
316.96	36186.44
317.02	35928.61
317.09	35693.96
317.15	35444.83
317.22	35198.35
317.28	34942.32
317.34	34690.37
317.41	34434.81
317.47	34176.90
317.54	33923.31
317.60	33673.47
317.66	33417.37
317.73	33144.46
317.79	32876.23
317.86	32613.87
317.92	32349.80
317.98	32083.43
318.05	31821.82
318.11	31555.05
318.18	31289.75
318.24	31017.73
318.30	30748.53
318.37	30475.46
318.43	30190.64
318.50	29896.38
318.56	29608.11
318.62	29324.02
318.69	29041.04
318.75	28770.75
318.82	28503.04
318.88	28242.04
318.94	27972.68
319.01	27691.69
319.07	27422.77
319.13	27146.11
319.20	26862.46
319.26	26579.87
319.33	26313.78
319.39	26015.89
319.45	25730.20
319.52	25456.95
319.58	25167.43
319.65	24877.24
319.71	24607.41
319.77	24341.19
319.84	24054.48
319.90	23788.99
319.96	23511.22
320.03	23227.10
320.09	22939.91
320.16	22654.29
320.22	22368.10
320.28	22087.18
320.35	21804.71
320.41	21513.11
320.47	21237.15
320.54	20955.28
320.60	20670.44
320.67	20400.48
320.73	20130.25
320.79	19842.74
320.86	19560.89
320.92	19281.09
320.98	18992.80
321.05	18701.54
321.11	18417.94
321.18	18131.65
321.24	17849.59
321.30	17572.70
321.37	17302.86
321.43	17031.92
321.49	16756.60
321.56	16487.88
321.62	16211.06
321.68	15928.12
321.75	15649.87
321.81	15379.96
321.88	15095.04
321.94	14811.61
322.00	14530.29
322.07	14250.75
322.13	13968.95
322.19	13689.22
322.26	13414.97
322.32	13143.75
322.38	12872.90
322.45	12607.25
322.51	12339.29
322.58	12074.92
322.64	11803.81
322.70	11539.32
322.77	11259.03
322.83	10998.79
322.89	10726.92
322.96	10463.14
323.02	10191.39
323.08	9929.00
323.15	9657.51
323.21	9392.13
323.27	9133.17
323.34	8882.59
323.40	8635.99
323.46	8393.34
323.53	8044.20
323.59	6950.02
323.65	5374.84
323.72	3726.78
323.78	2128.94
323.85	688.99
323.91	40.48
323.97	-82.30
324.04	-82.25
