180.21	3363.25
180.28	-115.42
180.36	623.28
180.44	-43.61
180.51	-16.06
180.59	5.31
180.66	31.04
180.74	28.34
180.81	26.18
180.89	28.50
180.97	28.89
181.04	26.81
181.12	25.40
181.19	25.41
181.27	25.76
181.34	42.75
181.42	49.18
181.50	56.60
181.57	67.90
181.65	73.22
181.72	66.92
181.80	62.38
181.87	62.45
181.95	62.72
182.03	62.59
182.10	65.13
182.18	67.15
182.25	72.06
182.33	71.25
182.40	77.28
182.48	72.93
182.55	83.35
182.63	87.30
182.71	90.13
182.78	91.42
182.86	97.71
182.93	95.34
183.01	97.89
183.08	98.44
183.16	103.57
183.23	99.60
183.31	105.74
183.39	105.24
183.46	115.32
183.54	112.04
183.61	119.92
183.69	122.56
183.76	133.09
183.84	133.40
183.91	134.88
183.99	145.35
184.06	147.59
184.14	150.51
184.22	153.81
184.29	157.67
184.37	155.55
184.44	150.30
184.52	139.41
184.59	137.49
184.67	141.77
184.74	136.32
184.82	148.91
184.89	162.56
184.97	173.60
185.04	183.40
185.12	195.23
185.20	205.27
185.27	215.86
185.35	225.95
185.42	226.28
185.50	240.76
185.57	244.03
185.65	251.25
185.72	253.37
185.80	266.29
185.87	265.85
185.95	265.53
186.02	269.16
186.10	270.20
186.17	270.64
186.25	269.00
186.33	260.79
186.40	251.40
186.48	250.94
186.55	253.00
186.63	259.98
186.70	289.44
186.78	310.59
186.85	333.23
186.93	351.88
187.00	373.75
187.08	379.92
187.15	397.34
187.23	411.33
187.30	426.57
187.38	443.54
187.45	467.00
187.53	486.09
187.60	495.47
187.68	506.95
187.75	519.42
187.83	526.05
187.90	520.57
187.98	519.32
188.05	515.75
188.13	495.45
188.21	470.07
188.28	466.67
188.36	463.75
188.43	470.04
188.51	493.99
188.58	534.41
188.66	555.30
188.73	585.09
188.81	618.04
188.88	640.04
188.96	659.07
189.03	688.85
189.11	716.58
189.18	733.71
189.26	754.75
189.33	781.88
189.41	811.49
189.48	831.30
189.56	851.07
189.63	870.38
189.71	872.73
189.78	860.28
189.86	849.88
189.93	839.71
190.01	816.70
190.08	799.18
190.16	780.59
190.23	758.11
190.31	750.36
190.38	754.11
190.46	768.59
190.53	799.05
190.61	849.17
190.68	881.86
190.76	929.94
190.83	969.11
190.91	1002.28
190.98	1023.84
191.06	1054.74
191.13	1076.92
191.21	1098.66
191.28	1118.62
191.35	1138.89
191.43	1153.56
191.50	1161.29
191.58	1173.70
191.65	1186.61
191.73	1193.43
191.80	1203.56
191.88	1208.72
191.95	1210.40
192.03	1209.74
192.10	1212.87
192.18	1212.71
192.25	1215.46
192.33	1208.87
192.40	1200.11
192.48	1192.75
192.55	1192.90
192.63	1193.69
192.70	1212.08
192.78	1238.07
192.85	1274.93
192.93	1303.93
193.00	1329.26
193.08	1344.41
193.15	1360.69
193.22	1373.18
193.30	1391.59
193.37	1429.52
193.45	1460.44
193.52	1494.64
193.60	1530.63
193.67	1558.78
193.75	1574.16
193.82	1598.03
193.90	1610.02
193.97	1619.52
194.05	1623.60
194.12	1620.24
194.20	1615.90
194.27	1614.07
194.34	1598.69
194.42	1583.07
194.49	1579.45
194.57	1576.84
194.64	1565.95
194.72	1563.56
194.79	1570.48
194.87	1579.48
194.94	1602.74
195.02	1642.08
195.09	1686.67
195.17	1735.62
195.24	1782.97
195.31	1814.57
195.39	1838.95
195.46	1855.44
195.54	1870.19
195.61	1877.15
195.69	1876.65
195.76	1867.46
195.84	1856.86
195.91	1826.36
195.99	1789.51
196.06	1761.67
196.13	1750.94
196.21	1753.78
196.28	1779.50
196.36	1823.02
196.43	1873.96
196.51	1924.09
196.58	1966.33
196.66	2000.86
196.73	2026.06
196.80	2042.34
196.88	2050.09
196.95	2059.89
197.03	2063.42
197.10	2058.11
197.18	2048.52
197.25	2031.53
197.33	2006.23
197.40	1984.90
197.47	1956.04
197.55	1936.72
197.62	1928.97
197.70	1931.43
197.77	1948.17
197.85	1989.14
197.92	2032.30
197.99	2083.02
198.07	2138.22
198.14	2183.19
198.22	2226.85
198.29	2258.89
198.37	2281.98
198.44	2299.37
198.51	2307.59
198.59	2302.90
198.66	2299.62
198.74	2283.50
198.81	2252.37
198.89	2209.02
198.96	2169.67
199.03	2129.74
199.11	2107.90
199.18	2099.87
199.26	2126.06
199.33	2169.40
199.41	2229.61
199.48	2286.72
199.55	2348.10
199.63	2390.95
199.70	2435.47
199.78	2464.75
199.85	2495.55
199.93	2516.73
200.00	2541.20
200.07	2541.94
200.15	2545.31
200.22	2530.12
200.30	2504.06
200.37	2464.14
200.44	2412.19
200.52	2359.75
200.59	2335.57
200.67	2330.72
200.74	2347.68
200.81	2395.15
200.89	2454.05
200.96	2513.51
201.04	2568.54
201.11	2628.83
201.19	2685.41
201.26	2730.68
201.33	2767.29
201.41	2802.97
201.48	2825.31
201.56	2835.26
201.63	2847.01
201.70	2838.00
201.78	2815.53
201.85	2781.46
201.93	2740.94
202.00	2694.32
202.07	2663.66
202.15	2638.66
202.22	2629.25
202.30	2653.35
202.37	2696.01
202.44	2755.23
202.52	2835.70
202.59	2926.78
202.67	2998.27
202.74	3065.74
202.81	3120.63
202.89	3165.88
202.96	3208.86
203.04	3246.01
203.11	3269.58
203.18	3286.66
203.26	3287.89
203.33	3259.40
203.41	3214.65
203.48	3160.15
203.55	3075.58
203.63	3002.99
203.70	2969.70
203.77	2978.35
203.85	3018.74
203.92	3106.12
204.00	3222.72
204.07	3323.96
204.14	3417.21
204.22	3503.57
204.29	3587.88
204.37	3652.28
204.44	3713.97
204.51	3770.18
204.59	3813.31
204.66	3835.34
204.73	3847.03
204.81	3847.46
204.88	3826.79
204.96	3785.64
205.03	3727.05
205.10	3661.15
205.18	3605.09
205.25	3561.92
205.32	3548.85
205.40	3580.26
205.47	3641.46
205.55	3725.30
205.62	3834.31
205.69	3963.29
205.77	4086.85
205.84	4208.05
205.91	4313.97
205.99	4405.19
206.06	4471.50
206.14	4537.55
206.21	4596.12
206.28	4641.44
206.36	4677.16
206.43	4693.40
206.50	4677.28
206.58	4629.22
206.65	4556.65
206.72	4448.96
206.80	4345.52
206.87	4266.52
206.95	4244.84
207.02	4289.17
207.09	4398.91
207.17	4555.24
207.24	4731.50
207.31	4894.51
207.39	5039.56
207.46	5175.06
207.53	5288.66
207.61	5393.59
207.68	5490.21
207.75	5584.67
207.83	5664.46
207.90	5726.77
207.98	5762.69
208.05	5780.85
208.12	5761.87
208.20	5713.23
208.27	5647.31
208.34	5560.40
208.42	5461.41
208.49	5399.42
208.56	5383.93
208.64	5420.43
208.71	5514.24
208.78	5649.99
208.86	5807.06
208.93	5971.84
209.00	6138.47
209.08	6301.93
209.15	6467.19
209.22	6621.95
209.30	6765.94
209.37	6889.17
209.44	7006.93
209.52	7105.36
209.59	7181.74
209.67	7243.12
209.74	7277.28
209.81	7290.55
209.89	7257.48
209.96	7187.79
210.03	7086.09
210.11	6993.10
210.18	6903.38
210.25	6865.63
210.33	6898.98
210.40	7001.22
210.47	7158.39
210.55	7357.56
210.62	7578.74
210.69	7783.64
210.77	7983.46
210.84	8163.62
210.91	8334.19
210.99	8489.59
211.06	8638.42
211.13	8783.27
211.21	8919.58
211.28	9033.73
211.35	9123.97
211.42	9194.96
211.50	9211.57
211.57	9179.09
211.64	9111.10
211.72	8996.60
211.79	8867.01
211.86	8784.15
211.94	8790.15
212.01	8867.05
212.08	9042.64
212.16	9272.01
212.23	9505.39
212.30	9715.67
212.38	9910.80
212.45	10087.50
212.52	10255.23
212.60	10418.61
212.67	10585.64
212.74	10748.14
212.82	10909.45
212.89	11070.26
212.96	11223.50
213.03	11346.53
213.11	11451.17
213.18	11509.69
213.25	11525.78
213.33	11496.99
213.40	11430.11
213.47	11360.17
213.55	11327.57
213.62	11328.77
213.69	11394.74
213.77	11540.91
213.84	11726.90
213.91	11940.22
213.98	12167.69
214.06	12380.11
214.13	12582.57
214.20	12757.87
214.28	12933.31
214.35	13117.98
214.42	13326.26
214.50	13522.78
214.57	13726.45
214.64	13911.54
214.72	14071.85
214.79	14199.58
214.86	14306.08
214.93	14376.27
215.01	14404.17
215.08	14382.02
215.15	14316.69
215.23	14225.29
215.30	14169.29
215.37	14178.85
215.44	14296.93
215.52	14504.61
215.59	14779.78
215.66	15062.87
215.74	15339.01
215.81	15574.29
215.88	15797.64
215.95	16004.98
216.03	16229.62
216.10	16435.79
216.17	16634.02
216.25	16816.40
216.32	16994.58
216.39	17143.32
216.46	17291.37
216.54	17415.99
216.61	17520.30
216.68	17584.50
216.76	17620.15
216.83	17603.49
216.90	17570.30
216.97	17531.68
217.05	17538.01
217.12	17599.91
217.19	17740.06
217.27	17942.04
217.34	18190.76
217.41	18462.16
217.48	18741.51
217.56	19003.33
217.63	19262.94
217.70	19509.02
217.78	19730.32
217.85	19927.72
217.92	20122.82
217.99	20303.01
218.07	20457.33
218.14	20605.34
218.21	20769.05
218.28	20919.67
218.36	21058.88
218.43	21193.96
218.50	21300.07
218.57	21346.08
218.65	21340.43
218.72	21294.92
218.79	21240.79
218.87	21214.57
218.94	21263.22
219.01	21402.29
219.08	21624.57
219.16	21904.78
219.23	22211.20
219.30	22498.57
219.37	22766.41
219.45	23006.32
219.52	23230.64
219.59	23440.97
219.66	23644.37
219.74	23847.86
219.81	24054.85
219.88	24254.71
219.95	24440.64
220.03	24622.28
220.10	24784.36
220.17	24921.57
220.24	25025.33
220.32	25100.73
220.39	25133.41
220.46	25122.58
220.53	25094.59
220.61	25063.02
220.68	25071.11
220.75	25146.83
220.82	25304.35
220.90	25504.60
220.97	25751.49
221.04	25990.53
221.11	26209.84
221.19	26414.67
221.26	26624.04
221.33	26826.25
221.40	27040.63
221.48	27249.74
221.55	27448.17
221.62	27632.58
221.69	27817.63
221.77	27990.34
221.84	28168.42
221.91	28323.86
221.98	28470.55
222.06	28587.61
222.13	28697.83
222.20	28766.34
222.27	28821.04
222.35	28862.42
222.42	28904.05
222.49	28946.07
222.56	29024.39
222.63	29133.62
222.71	29264.59
222.78	29414.15
222.85	29572.58
222.92	29736.99
223.00	29887.63
223.07	30058.25
223.14	30231.39
223.21	30392.50
223.29	30555.59
223.36	30749.84
223.43	30928.07
223.50	31104.93
223.57	31289.61
223.65	31465.06
223.72	31604.31
223.79	31724.05
223.86	31826.42
223.94	31917.33
224.01	31999.97
224.08	32073.18
224.15	32136.71
224.22	32205.35
224.30	32263.44
224.37	32334.22
224.44	32435.00
224.51	32551.44
224.59	32657.14
224.66	32798.46
224.73	32928.63
224.80	33053.82
224.87	33189.42
224.95	33359.45
225.02	33526.20
225.09	33681.20
225.16	33837.89
225.23	33993.60
225.31	34129.12
225.38	34240.65
225.45	34365.74
225.52	34481.49
225.60	34569.12
225.67	34647.04
225.74	34704.16
225.81	34748.13
225.88	34800.43
225.96	34870.24
226.03	34953.18
226.10	35074.25
226.17	35203.21
226.24	35325.95
226.32	35458.12
226.39	35585.45
226.46	35698.49
226.53	35820.70
226.60	35950.85
226.68	36067.52
226.75	36188.54
226.82	36303.14
226.89	36416.74
226.96	36516.34
227.04	36601.41
227.11	36670.34
227.18	36750.04
227.25	36808.52
227.32	36875.06
227.40	36959.15
227.47	37039.53
227.54	37110.27
227.61	37188.52
227.68	37243.68
227.76	37298.89
227.83	37359.30
227.90	37427.61
227.97	37496.79
228.04	37588.18
228.11	37671.77
228.19	37763.01
228.26	37863.57
228.33	37961.22
228.40	38055.61
228.47	38153.37
228.55	38243.98
228.62	38330.24
228.69	38424.21
228.76	38507.30
228.83	38597.01
228.90	38685.17
228.98	38771.65
229.05	38859.82
229.12	38964.04
229.19	39061.21
229.26	39154.52
229.34	39233.05
229.41	39308.04
229.48	39352.72
229.55	39402.89
229.62	39458.09
229.69	39512.31
229.77	39553.38
229.84	39603.22
229.91	39642.36
229.98	39681.93
230.05	39726.80
230.12	39784.79
230.20	39862.84
230.27	39933.37
230.34	40008.08
230.41	40103.46
230.48	40188.76
230.55	40272.23
230.63	40361.91
230.70	40451.00
230.77	40508.49
230.84	40558.60
230.91	40582.22
230.98	40616.25
231.06	40656.81
231.13	40723.15
231.20	40792.97
231.27	40895.04
231.34	40976.20
231.41	41053.57
231.49	41111.48
231.56	41178.39
231.63	41238.40
231.70	41296.27
231.77	41342.79
231.84	41390.93
231.92	41419.24
231.99	41436.46
232.06	41474.61
232.13	41511.94
232.20	41556.74
232.27	41613.85
232.34	41667.40
232.42	41698.03
232.49	41734.74
232.56	41780.21
232.63	41846.72
232.70	41905.61
232.77	41980.83
232.85	42052.09
232.92	42104.25
232.99	42125.71
233.06	42158.12
233.13	42194.08
233.20	42220.33
233.27	42234.89
233.35	42258.34
233.42	42288.34
233.49	42301.07
233.56	42334.87
233.63	42374.28
233.70	42414.67
233.77	42458.27
233.85	42517.24
233.92	42576.71
233.99	42627.41
234.06	42673.88
234.13	42712.62
234.20	42748.02
234.27	42763.66
234.35	42791.72
234.42	42822.12
234.49	42842.46
234.56	42873.18
234.63	42883.89
234.70	42895.55
234.77	42900.68
234.84	42897.31
234.92	42878.03
234.99	42881.06
235.06	42899.54
235.13	42921.68
235.20	42957.46
235.27	43009.15
235.34	43054.54
235.41	43092.72
235.49	43122.75
235.56	43162.45
235.63	43178.67
235.70	43205.88
235.77	43217.13
235.84	43243.60
235.91	43240.94
235.98	43244.74
236.06	43230.51
236.13	43232.03
236.20	43224.85
236.27	43223.31
236.34	43227.84
236.41	43247.21
236.48	43254.26
236.55	43265.15
236.63	43274.79
236.70	43275.07
236.77	43276.11
236.84	43302.02
236.91	43320.62
236.98	43347.29
237.05	43371.26
237.12	43384.78
237.19	43385.64
237.27	43383.22
237.34	43381.10
237.41	43381.37
237.48	43386.04
237.55	43375.75
237.62	43383.29
237.69	43396.87
237.76	43420.18
237.83	43450.66
237.91	43482.53
237.98	43501.12
238.05	43512.25
238.12	43510.01
238.19	43507.05
238.26	43528.29
238.33	43536.14
238.40	43548.03
238.47	43557.92
238.54	43571.30
238.62	43560.14
238.69	43552.09
238.76	43535.13
238.83	43527.11
238.90	43525.74
238.97	43532.29
239.04	43557.12
239.11	43584.38
239.18	43610.26
239.25	43618.71
239.33	43614.61
239.40	43605.28
239.47	43595.81
239.54	43585.74
239.61	43572.04
239.68	43557.97
239.75	43547.86
239.82	43552.89
239.89	43549.22
239.96	43558.29
240.03	43580.67
240.11	43599.59
240.18	43601.71
240.25	43609.47
240.32	43622.24
240.39	43633.33
240.46	43655.75
240.53	43693.27
240.60	43744.02
240.67	43775.15
240.74	43812.25
240.81	43826.56
240.88	43833.61
240.96	43829.20
241.03	43835.28
241.10	43828.56
241.17	43835.34
241.24	43853.09
241.31	43867.27
241.38	43863.45
241.45	43863.21
241.52	43862.12
241.59	43851.18
241.66	43856.34
241.73	43881.32
241.80	43904.24
241.88	43930.75
241.95	43953.75
242.02	43970.96
242.09	43964.77
242.16	43959.76
242.23	43967.57
242.30	43985.12
242.37	43986.10
242.44	44012.92
242.51	44030.72
242.58	44037.98
242.65	44034.25
242.72	44056.47
242.79	44059.29
242.87	44074.23
242.94	44093.90
243.01	44109.93
243.08	44129.25
243.15	44147.93
243.22	44171.97
243.29	44200.81
243.36	44231.51
243.43	44259.43
243.50	44314.08
243.57	44374.19
243.64	44407.75
243.71	44446.95
243.78	44484.90
243.85	44503.45
243.92	44508.76
243.99	44522.89
244.07	44548.09
244.14	44541.24
244.21	44549.22
244.28	44561.67
244.35	44587.07
244.42	44598.19
244.49	44620.27
244.56	44652.67
244.63	44683.26
244.70	44693.09
244.77	44708.58
244.84	44748.52
244.91	44785.03
244.98	44830.30
245.05	44879.98
245.12	44932.67
245.19	44978.12
245.26	45015.46
245.33	45046.23
245.40	45093.83
245.47	45144.11
245.55	45192.50
245.62	45231.89
245.69	45267.05
245.76	45301.16
245.83	45340.37
245.90	45374.21
245.97	45410.23
246.04	45456.36
246.11	45495.51
246.18	45517.94
246.25	45530.46
246.32	45552.59
246.39	45578.08
246.46	45618.51
246.53	45680.17
246.60	45745.46
246.67	45808.52
246.74	45863.93
246.81	45918.99
246.88	45962.36
246.95	46016.39
247.02	46066.96
247.09	46109.58
247.16	46134.33
247.23	46145.32
247.30	46153.55
247.37	46167.97
247.44	46188.69
247.51	46219.94
247.58	46265.90
247.66	46322.71
247.73	46385.61
247.80	46459.63
247.87	46523.62
247.94	46599.85
248.01	46683.07
248.08	46750.71
248.15	46801.58
248.22	46850.40
248.29	46901.31
248.36	46942.16
248.43	46996.99
248.50	47060.94
248.57	47130.70
248.64	47182.82
248.71	47246.39
248.78	47311.60
248.85	47367.68
248.92	47427.19
248.99	47476.72
249.06	47507.41
249.13	47519.21
249.20	47549.87
249.27	47578.34
249.34	47614.02
249.41	47648.83
249.48	47691.59
249.55	47720.55
249.62	47755.06
249.69	47787.69
249.76	47847.28
249.83	47909.90
249.90	47988.19
249.97	48058.81
250.04	48151.53
250.11	48225.20
250.18	48297.06
250.25	48360.21
250.32	48414.62
250.39	48463.47
250.46	48519.53
250.53	48567.55
250.60	48627.55
250.67	48712.37
250.74	48778.45
250.81	48822.42
250.88	48876.23
250.95	48909.82
251.02	48938.28
251.09	48967.19
251.16	49017.86
251.23	49067.83
251.30	49122.09
251.37	49166.44
251.44	49214.25
251.51	49266.03
251.58	49318.24
251.65	49369.35
251.72	49421.16
251.79	49485.67
251.86	49535.00
251.93	49570.54
252.00	49603.96
252.07	49634.10
252.14	49660.88
252.21	49684.22
252.28	49719.83
252.35	49766.39
252.42	49824.14
252.49	49888.70
252.56	49953.20
252.63	50024.66
252.70	50077.10
252.77	50125.31
252.84	50173.86
252.91	50204.66
252.98	50236.48
253.05	50273.26
253.12	50303.25
253.19	50327.43
253.25	50390.04
253.32	50433.83
253.39	50503.79
253.46	50576.05
253.53	50633.92
253.60	50659.33
253.67	50695.03
253.74	50716.03
253.81	50744.75
253.88	50784.53
253.95	50841.98
254.02	50896.51
254.09	50935.82
254.16	50968.39
254.23	51004.90
254.30	51029.01
254.37	51063.10
254.44	51109.02
254.51	51158.07
254.58	51199.38
254.65	51253.45
254.72	51292.98
254.79	51316.53
254.86	51342.34
254.93	51357.79
255.00	51388.86
255.07	51431.83
255.14	51487.96
255.21	51525.88
255.28	51564.57
255.34	51561.89
255.41	51557.14
255.48	51565.25
255.55	51577.26
255.62	51614.43
255.69	51674.29
255.76	51726.36
255.83	51766.04
255.90	51811.40
255.97	51853.75
256.04	51870.85
256.11	51903.64
256.18	51934.36
256.25	51976.37
256.32	52005.10
256.39	52051.36
256.46	52080.46
256.53	52116.82
256.60	52148.96
256.67	52172.20
256.74	52202.32
256.80	52232.75
256.87	52249.50
256.94	52258.61
257.01	52273.23
257.08	52289.59
257.15	52317.51
257.22	52342.58
257.29	52354.94
257.36	52364.64
257.43	52363.93
257.50	52361.23
257.57	52359.24
257.64	52376.80
257.71	52396.35
257.78	52419.17
257.85	52446.41
257.92	52493.20
257.98	52530.86
258.05	52558.34
258.12	52577.34
258.19	52583.90
258.26	52559.23
258.33	52521.13
258.40	52507.52
258.47	52492.49
258.54	52487.48
258.61	52503.74
258.68	52540.46
258.75	52568.31
258.82	52603.59
258.89	52627.03
258.95	52653.59
259.02	52670.67
259.09	52675.45
259.16	52675.94
259.23	52667.03
259.30	52632.29
259.37	52615.53
259.44	52608.74
259.51	52607.93
259.58	52637.61
259.65	52673.84
259.72	52695.54
259.79	52702.33
259.85	52697.86
259.92	52670.27
259.99	52668.54
260.06	52671.72
260.13	52674.89
260.20	52683.10
260.27	52688.07
260.34	52663.08
260.41	52636.78
260.48	52623.84
260.55	52627.67
260.62	52633.21
260.68	52635.34
260.75	52636.92
260.82	52646.67
260.89	52637.90
260.96	52634.26
261.03	52652.33
261.10	52655.20
261.17	52638.33
261.24	52619.01
261.31	52594.91
261.38	52563.38
261.44	52528.41
261.51	52492.46
261.58	52465.52
261.65	52457.98
261.72	52434.95
261.79	52426.79
261.86	52425.02
261.93	52430.50
262.00	52415.22
262.07	52401.55
262.13	52385.25
262.20	52380.04
262.27	52358.95
262.34	52352.02
262.41	52351.95
262.48	52363.60
262.55	52357.14
262.62	52352.61
262.69	52328.38
262.76	52314.53
262.82	52281.26
262.89	52266.41
262.96	52257.26
263.03	52251.68
263.10	52243.63
263.17	52228.06
263.24	52194.90
263.31	52166.67
263.38	52157.18
263.44	52147.83
263.51	52142.57
263.58	52137.26
263.65	52115.78
263.72	52063.85
263.79	52008.81
263.86	51965.30
263.93	51921.62
264.00	51897.29
264.06	51893.37
264.13	51884.98
264.20	51878.56
264.27	51862.70
264.34	51835.89
264.41	51784.46
264.48	51753.83
264.55	51706.52
264.61	51665.24
264.68	51632.10
264.75	51608.52
264.82	51551.73
264.89	51509.43
264.96	51481.33
265.03	51450.10
265.10	51440.43
265.16	51447.30
265.23	51444.16
265.30	51450.50
265.37	51440.35
265.44	51402.52
265.51	51379.93
265.58	51359.11
265.65	51327.82
265.71	51301.89
265.78	51307.06
265.85	51284.39
265.92	51252.94
265.99	51211.63
266.06	51175.95
266.13	51109.95
266.20	51068.26
266.26	51035.27
266.33	51012.30
266.40	50985.72
266.47	50951.57
266.54	50894.16
266.61	50854.89
266.68	50805.42
266.74	50755.97
266.81	50728.53
266.88	50689.94
266.95	50629.82
267.02	50589.16
267.09	50550.98
267.16	50515.82
267.22	50507.46
267.29	50504.96
267.36	50495.70
267.43	50487.81
267.50	50474.32
267.57	50458.31
267.64	50430.74
267.70	50390.33
267.77	50349.96
267.84	50319.30
267.91	50277.89
267.98	50251.80
268.05	50238.47
268.11	50215.07
268.18	50174.66
268.25	50134.27
268.32	50085.59
268.39	50024.46
268.46	49968.88
268.53	49912.12
268.59	49863.98
268.66	49825.13
268.73	49793.06
268.80	49772.01
268.87	49751.42
268.94	49735.96
269.00	49734.90
269.07	49736.63
269.14	49732.53
269.21	49734.77
269.28	49720.84
269.35	49681.54
269.41	49640.70
269.48	49602.05
269.55	49552.47
269.62	49517.64
269.69	49505.73
269.76	49470.97
269.82	49441.52
269.89	49427.52
269.96	49412.97
270.03	49377.24
270.10	49349.84
270.17	49301.33
270.23	49257.68
270.30	49211.36
270.37	49177.54
270.44	49167.69
270.51	49154.00
270.58	49137.65
270.64	49122.58
270.71	49109.86
270.78	49103.46
270.85	49099.60
270.92	49102.26
270.99	49093.11
271.05	49074.23
271.12	49021.38
271.19	48976.85
271.26	48914.32
271.33	48864.80
271.39	48827.15
271.46	48789.34
271.53	48763.94
271.60	48753.17
271.67	48736.17
271.74	48708.94
271.80	48694.07
271.87	48672.89
271.94	48642.62
272.01	48606.70
272.08	48568.38
272.14	48539.88
272.21	48517.68
272.28	48501.30
272.35	48495.40
272.42	48492.32
272.48	48486.74
272.55	48475.55
272.62	48465.57
272.69	48461.25
272.76	48463.82
272.83	48443.98
272.89	48432.42
272.96	48417.87
273.03	48397.55
273.10	48358.85
273.17	48341.18
273.23	48311.78
273.30	48265.24
273.37	48210.16
273.44	48162.77
273.51	48123.30
273.57	48095.48
273.64	48092.57
273.71	48094.42
273.78	48100.97
273.85	48104.12
273.91	48111.78
273.98	48114.69
274.05	48129.81
274.12	48158.49
274.19	48192.08
274.25	48204.61
274.32	48201.51
274.39	48180.02
274.46	48121.69
274.53	48050.88
274.59	47968.28
274.66	47909.75
274.73	47864.31
274.80	47835.79
274.86	47810.40
274.93	47808.04
275.00	47799.39
275.07	47783.38
275.14	47779.93
275.20	47752.55
275.27	47727.60
275.34	47691.68
275.41	47661.59
275.48	47643.52
275.54	47651.20
275.61	47653.02
275.68	47661.68
275.75	47661.35
275.81	47629.17
275.88	47604.78
275.95	47596.72
276.02	47581.31
276.09	47569.33
276.15	47564.13
276.22	47552.85
276.29	47521.85
276.36	47480.72
276.42	47437.00
276.49	47398.36
276.56	47337.02
276.63	47282.79
276.70	47243.39
276.76	47230.33
276.83	47224.56
276.90	47239.90
276.97	47268.19
277.03	47290.74
277.10	47281.40
277.17	47269.62
277.24	47244.26
277.30	47208.45
277.37	47186.10
277.44	47191.01
277.51	47186.16
277.58	47183.45
277.64	47178.49
277.71	47167.93
277.78	47122.19
277.85	47067.17
277.91	47014.91
277.98	46956.83
278.05	46902.93
278.12	46877.81
278.18	46864.02
278.25	46851.47
278.32	46864.56
278.39	46878.45
278.45	46891.80
278.52	46912.03
278.59	46949.89
278.66	46960.82
278.72	46959.16
278.79	46937.88
278.86	46905.90
278.93	46852.14
278.99	46789.52
279.06	46740.09
279.13	46691.06
279.20	46675.01
279.26	46682.92
279.33	46709.09
279.40	46734.54
279.47	46776.93
279.53	46787.76
279.60	46765.10
279.67	46714.61
279.74	46643.04
279.80	46551.37
279.87	46462.17
279.94	46401.59
280.01	46377.17
280.07	46368.35
280.14	46373.61
280.21	46380.43
280.28	46380.83
280.34	46366.72
280.41	46353.67
280.48	46344.40
280.55	46345.04
280.61	46342.76
280.68	46334.50
280.75	46310.40
280.82	46283.76
280.88	46247.11
280.95	46190.66
281.02	46144.86
281.08	46098.27
281.15	46037.75
281.22	45970.23
281.29	45908.67
281.35	45827.18
281.42	45752.50
281.49	45686.72
281.56	45619.82
281.62	45564.12
281.69	45515.14
281.76	45476.84
281.82	45443.01
281.89	45429.03
281.96	45417.66
282.03	45420.04
282.09	45422.51
282.16	45419.71
282.23	45408.94
282.30	45404.25
282.36	45403.16
282.43	45401.65
282.50	45422.82
282.56	45430.86
282.63	45433.25
282.70	45438.95
282.77	45452.18
282.83	45441.68
282.90	45444.40
282.97	45434.58
283.03	45401.54
283.10	45345.64
283.17	45284.43
283.24	45196.27
283.30	45104.77
283.37	45026.11
283.44	44968.88
283.50	44913.64
283.57	44895.62
283.64	44886.50
283.71	44885.18
283.77	44878.73
283.84	44891.33
283.91	44882.68
283.97	44892.49
284.04	44909.12
284.11	44924.60
284.18	44941.93
284.24	44963.35
284.31	44973.27
284.38	44970.86
284.44	44963.85
284.51	44945.95
284.58	44949.19
284.64	44953.61
284.71	44941.73
284.78	44922.85
284.85	44911.05
284.91	44881.04
284.98	44847.70
285.05	44807.35
285.11	44776.74
285.18	44720.05
285.25	44658.48
285.31	44598.22
285.38	44574.46
285.45	44554.60
285.52	44567.88
285.58	44596.22
285.65	44626.35
285.72	44651.26
285.78	44677.54
285.85	44697.37
285.92	44717.22
285.98	44735.15
286.05	44751.80
286.12	44772.54
286.18	44787.55
286.25	44799.96
286.32	44812.69
286.39	44832.11
286.45	44837.48
286.52	44823.91
286.59	44790.12
286.65	44736.21
286.72	44660.82
286.79	44579.54
286.85	44509.58
286.92	44454.37
286.99	44431.39
287.05	44410.61
287.12	44418.68
287.19	44438.98
287.25	44469.70
287.32	44501.55
287.39	44546.77
287.45	44570.73
287.52	44588.89
287.59	44613.64
287.65	44630.12
287.72	44637.21
287.79	44653.68
287.86	44661.24
287.92	44654.43
287.99	44662.87
288.06	44665.84
288.12	44673.36
288.19	44691.66
288.26	44702.83
288.32	44701.52
288.39	44700.88
288.46	44700.17
288.52	44693.91
288.59	44692.38
288.66	44666.54
288.72	44625.30
288.79	44560.12
288.86	44502.98
288.92	44452.75
288.99	44420.60
289.06	44423.15
289.12	44442.89
289.19	44481.49
289.26	44528.39
289.32	44588.68
289.39	44646.06
289.45	44716.62
289.52	44756.51
289.59	44796.79
289.65	44813.08
289.72	44812.07
289.79	44809.04
289.85	44807.88
289.92	44794.88
289.99	44782.20
290.05	44764.72
290.12	44719.65
290.19	44692.04
290.25	44658.24
290.32	44649.81
290.39	44658.92
290.45	44682.58
290.52	44687.25
290.59	44693.81
290.65	44666.88
290.72	44617.92
290.79	44581.17
290.85	44563.89
290.92	44578.77
290.98	44615.51
291.05	44675.91
291.12	44736.15
291.18	44803.31
291.25	44851.36
291.32	44902.55
291.38	44952.96
291.45	44999.33
291.52	45038.55
291.58	45060.61
291.65	45079.56
291.72	45085.21
291.78	45081.96
291.85	45056.71
291.91	45035.32
291.98	45021.36
292.05	44998.70
292.11	44970.33
292.18	44949.43
292.25	44923.18
292.31	44881.10
292.38	44856.91
292.45	44839.18
292.51	44835.40
292.58	44839.84
292.64	44856.05
292.71	44873.47
292.78	44915.85
292.84	44953.18
292.91	45006.33
292.98	45058.84
293.04	45120.27
293.11	45162.96
293.17	45215.78
293.24	45266.81
293.31	45328.86
293.37	45371.14
293.44	45399.03
293.51	45430.33
293.57	45438.56
293.64	45419.46
293.70	45411.03
293.77	45390.98
293.84	45324.84
293.90	45256.41
293.97	45198.17
294.04	45143.82
294.10	45102.72
294.17	45097.62
294.23	45117.36
294.30	45135.04
294.37	45137.55
294.43	45152.40
294.50	45160.17
294.56	45159.45
294.63	45168.26
294.70	45197.71
294.76	45251.55
294.83	45312.97
294.90	45388.03
294.96	45470.45
295.03	45551.49
295.09	45619.15
295.16	45696.16
295.23	45763.97
295.29	45826.66
295.36	45872.03
295.42	45897.23
295.49	45908.81
295.56	45926.26
295.62	45925.91
295.69	45925.39
295.75	45913.48
295.82	45872.41
295.89	45798.82
295.95	45714.38
296.02	45635.23
296.08	45562.80
296.15	45495.98
296.22	45453.44
296.28	45446.64
296.35	45457.58
296.41	45488.78
296.48	45553.10
296.55	45634.74
296.61	45718.02
296.68	45810.14
296.74	45901.53
296.81	45989.42
296.88	46057.22
296.94	46115.53
297.01	46150.20
297.07	46185.29
297.14	46233.26
297.20	46282.88
297.27	46335.17
297.34	46404.95
297.40	46463.21
297.47	46509.84
297.53	46549.62
297.60	46572.94
297.67	46563.56
297.73	46539.76
297.80	46471.54
297.86	46373.93
297.93	46266.07
298.00	46157.54
298.06	46066.23
298.13	46017.04
298.19	45998.62
298.26	46010.99
298.32	46056.39
298.39	46102.29
298.46	46146.35
298.52	46208.96
298.59	46269.45
298.65	46332.78
298.72	46407.35
298.78	46491.72
298.85	46564.82
298.92	46640.61
298.98	46701.89
299.05	46763.51
299.11	46828.74
299.18	46869.90
299.24	46909.88
299.31	46939.33
299.38	46969.74
299.44	46976.59
299.51	47015.18
299.57	47037.79
299.64	47064.77
299.70	47084.83
299.77	47086.95
299.84	47061.38
299.90	46988.50
299.97	46865.95
300.03	46707.86
300.10	46560.79
300.16	46436.17
300.23	46373.43
300.30	46381.55
300.36	46435.97
300.43	46518.72
300.49	46606.98
300.56	46701.05
300.62	46802.81
300.69	46890.46
300.75	46974.02
300.82	47062.20
300.89	47144.67
300.95	47199.48
301.02	47234.66
301.08	47269.34
301.15	47290.49
301.21	47310.45
301.28	47333.04
301.34	47372.30
301.41	47403.84
301.48	47430.72
301.54	47432.40
301.61	47429.37
301.67	47442.04
301.74	47430.44
301.80	47391.16
301.87	47340.62
301.93	47260.82
302.00	47146.99
302.06	47013.81
302.13	46898.30
302.20	46800.66
302.26	46739.63
302.33	46712.49
302.39	46714.46
302.46	46735.58
302.52	46777.91
302.59	46840.87
302.65	46900.13
302.72	46977.43
302.78	47056.50
302.85	47123.08
302.91	47172.21
302.98	47211.17
303.05	47245.08
303.11	47279.16
303.18	47303.75
303.24	47318.72
303.31	47333.09
303.37	47343.58
303.44	47341.19
303.50	47340.24
303.57	47331.10
303.63	47322.42
303.70	47309.04
303.76	47281.58
303.83	47257.01
303.89	47231.02
303.96	47177.10
304.03	47113.06
304.09	47039.76
304.16	46924.98
304.22	46789.37
304.29	46681.10
304.35	46581.96
304.42	46510.19
304.48	46492.51
304.55	46507.56
304.61	46530.25
304.68	46570.26
304.74	46611.48
304.81	46651.22
304.87	46682.23
304.94	46707.96
305.00	46738.23
305.07	46757.08
305.13	46756.03
305.20	46763.17
305.26	46772.30
305.33	46759.70
305.39	46748.00
305.46	46735.27
305.52	46712.53
305.59	46691.26
305.66	46658.86
305.72	46631.33
305.79	46599.23
305.85	46569.78
305.92	46502.00
305.98	46390.16
306.05	46240.53
306.11	46085.64
306.18	45900.15
306.24	45728.70
306.31	45598.13
306.37	45477.67
306.44	45357.46
306.50	45275.83
306.57	45245.99
306.63	45282.30
306.70	45368.15
306.76	45477.09
306.83	45585.82
306.89	45645.77
306.96	45669.97
307.02	45668.02
307.09	45667.81
307.15	45662.94
307.22	45670.02
307.28	45653.17
307.35	45636.29
307.41	45604.21
307.48	45577.49
307.54	45548.64
307.61	45518.96
307.67	45474.47
307.74	45437.97
307.80	45402.11
307.87	45348.33
307.93	45305.75
308.00	45270.26
308.06	45222.55
308.13	45150.89
308.19	45077.98
308.26	45005.51
308.32	44936.47
308.38	44864.56
308.45	44796.23
308.51	44732.46
308.58	44644.99
308.64	44543.32
308.71	44460.71
308.77	44381.75
308.84	44318.30
308.90	44284.57
308.97	44270.99
309.03	44261.62
309.10	44245.73
309.16	44230.94
309.23	44205.82
309.29	44175.33
309.36	44124.14
309.42	44085.27
309.49	44051.61
309.55	44019.78
309.62	43969.56
309.68	43935.35
309.75	43887.80
309.81	43822.01
309.88	43752.47
309.94	43699.39
310.00	43637.83
310.07	43577.69
310.13	43531.21
310.20	43471.64
310.26	43420.43
310.33	43353.42
310.39	43301.94
310.46	43234.78
310.52	43171.80
310.59	43087.24
310.65	43017.14
310.72	42938.96
310.78	42854.67
310.85	42771.38
310.91	42718.55
310.97	42669.74
311.04	42626.32
311.10	42587.81
311.17	42560.36
311.23	42526.70
311.30	42488.90
311.36	42446.62
311.43	42420.57
311.49	42384.14
311.56	42346.76
311.62	42308.25
311.69	42281.00
311.75	42247.78
311.81	42206.27
311.88	42145.32
311.94	42095.97
312.01	42039.67
312.07	41981.20
312.14	41949.51
312.20	41910.31
312.27	41867.83
312.33	41817.40
312.40	41757.60
312.46	41681.61
312.52	41620.77
312.59	41552.35
312.65	41488.14
312.72	41425.72
312.78	41355.53
312.85	41277.56
312.91	41200.83
312.98	41128.24
313.04	41061.21
313.10	40995.33
313.17	40932.25
313.23	40882.69
313.30	40828.30
313.36	40765.36
313.43	40712.10
313.49	40684.79
313.56	40632.70
313.62	40581.48
313.68	40538.49
313.75	40498.26
313.81	40442.53
313.88	40387.56
313.94	40342.56
314.01	40300.66
314.07	40266.12
314.13	40225.71
314.20	40201.22
314.26	40165.81
314.33	40121.89
314.39	40071.04
314.46	40006.31
314.52	39948.98
314.58	39877.94
314.65	39808.21
314.71	39744.01
314.78	39685.10
314.84	39624.67
314.91	39580.22
314.97	39534.85
315.03	39482.98
315.10	39435.29
315.16	39374.17
315.23	39313.39
315.29	39268.34
315.36	39219.78
315.42	39173.53
315.48	39125.99
315.55	39070.93
315.61	38994.43
315.68	38928.46
315.74	38872.32
315.81	38815.40
315.87	38775.28
315.93	38755.48
316.00	38741.53
316.06	38723.83
316.13	38712.21
316.19	38666.70
316.25	38574.85
316.32	38436.48
316.38	38273.81
316.45	38064.88
316.51	37840.76
316.58	37617.11
316.64	37377.05
316.70	37139.55
316.77	36892.86
316.83	36643.87
316.90	36395.85
316.96	36165.51
317.02	35910.55
317.09	35675.04
317.15	35439.49
317.22	35189.38
317.28	34922.72
317.34	34659.65
317.41	34401.98
317.47	34142.73
317.54	33892.88
317.60	33636.62
317.66	33392.61
317.73	33123.92
317.79	32857.75
317.86	32595.60
317.92	32345.18
317.98	32083.01
318.05	31823.73
318.11	31553.47
318.18	31294.03
318.24	31017.12
318.30	30735.44
318.37	30454.11
318.43	30178.30
318.50	29877.02
318.56	29597.17
318.62	29314.54
318.69	29039.61
318.75	28768.93
318.82	28494.50
318.88	28219.38
318.94	27943.32
319.01	27667.22
319.07	27393.82
319.13	27127.52
319.20	26849.89
319.26	26584.20
319.33	26302.32
319.39	26004.69
319.45	25719.89
319.52	25431.54
319.58	25138.19
319.65	24858.17
319.71	24590.19
319.77	24305.59
319.84	24033.77
319.90	23761.80
319.96	23488.32
320.03	23212.88
320.09	22942.77
320.16	22656.23
320.22	22360.49
320.28	22069.44
320.35	21781.19
320.41	21487.35
320.47	21216.61
320.54	20949.49
320.60	20675.04
320.67	20402.06
320.73	20134.27
320.79	19849.56
320.86	19563.73
320.92	19277.19
320.98	18975.26
321.05	18674.88
321.11	18377.96
321.18	18095.01
321.24	17818.10
321.30	17545.28
321.37	17278.26
321.43	17016.25
321.49	16738.69
321.56	16462.95
321.62	16197.74
321.68	15923.09
321.75	15645.07
321.81	15370.43
321.88	15083.14
321.94	14802.77
322.00	14521.22
322.07	14243.47
322.13	13970.44
322.19	13697.78
322.26	13417.85
322.32	13143.85
322.38	12866.18
322.45	12592.97
322.51	12324.48
322.58	12061.52
322.64	11790.57
322.70	11527.58
322.77	11254.32
322.83	10995.47
322.89	10726.92
322.96	10466.89
323.02	10203.77
323.08	9939.51
323.15	9674.32
323.21	9409.79
323.27	9150.46
323.34	8890.19
323.40	8646.64
323.46	8390.62
323.53	8036.90
323.59	6937.25
323.65	5366.60
323.72	3715.72
323.78	2124.52
323.85	684.10
323.91	39.65
323.97	-82.37
324.04	-80.67
