180.21	3370.60
180.28	-115.58
180.36	626.43
180.44	-41.12
180.51	-12.01
180.59	11.16
180.66	38.67
180.74	34.47
180.81	32.62
180.89	34.85
180.97	35.28
181.04	32.38
181.12	30.91
181.19	31.22
181.27	30.92
181.34	48.23
181.42	55.69
181.50	62.97
181.57	75.10
181.65	81.25
181.72	75.32
181.80	69.90
181.87	70.40
181.95	70.75
182.03	69.22
182.10	71.00
182.18	72.51
182.25	77.86
182.33	76.81
182.40	84.31
182.48	79.86
182.55	92.04
182.63	95.81
182.71	98.88
182.78	100.71
182.86	107.65
182.93	104.12
183.01	106.57
183.08	106.49
183.16	111.53
183.23	106.85
183.31	113.41
183.39	112.61
183.46	122.21
183.54	117.53
183.61	125.30
183.69	127.22
183.76	137.99
183.84	137.30
183.91	138.88
183.99	148.73
184.06	150.54
184.14	153.31
184.22	156.66
184.29	159.89
184.37	158.03
184.44	152.89
184.52	140.41
184.59	137.04
184.67	140.55
184.74	134.54
184.82	146.22
184.89	159.16
184.97	169.11
185.04	176.74
185.12	185.40
185.20	193.14
185.27	201.52
185.35	210.20
185.42	209.36
185.50	222.24
185.57	223.10
185.65	227.61
185.72	228.27
185.80	237.86
185.87	234.44
185.95	233.92
186.02	235.81
186.10	233.86
186.17	232.85
186.25	233.73
186.33	226.44
186.40	219.01
186.48	220.60
186.55	223.76
186.63	224.91
186.70	250.73
186.78	267.31
186.85	284.86
186.93	294.92
187.00	310.77
187.08	308.29
187.15	315.63
187.23	320.08
187.30	327.30
187.38	338.55
187.45	355.36
187.53	368.82
187.60	375.19
187.68	385.97
187.75	396.39
187.83	403.39
187.90	401.89
187.98	401.85
188.05	403.95
188.13	389.46
188.21	368.52
188.28	366.32
188.36	363.39
188.43	360.87
188.51	373.45
188.58	397.47
188.66	402.29
188.73	416.82
188.81	437.70
188.88	448.63
188.96	461.81
189.03	489.22
189.11	512.29
189.18	527.66
189.26	546.41
189.33	570.72
189.41	595.81
189.48	615.44
189.56	634.40
189.63	653.86
189.71	651.44
189.78	628.94
189.86	606.88
189.93	585.72
190.01	556.94
190.08	538.83
190.16	527.00
190.23	510.23
190.31	506.01
190.38	503.73
190.46	510.60
190.53	533.18
190.61	576.60
190.68	602.39
190.76	647.51
190.83	684.21
190.91	711.02
190.98	725.64
191.06	748.09
191.13	758.58
191.21	765.64
191.28	763.29
191.35	760.28
191.43	752.26
191.50	737.67
191.58	731.63
191.65	737.69
191.73	744.74
191.80	754.73
191.88	761.18
191.95	763.84
192.03	770.34
192.10	778.45
192.18	790.64
192.25	813.65
192.33	828.19
192.40	828.76
192.48	825.48
192.55	819.93
192.63	803.98
192.70	800.45
192.78	802.58
192.85	815.82
192.93	823.90
193.00	821.21
193.08	803.29
193.15	790.97
193.22	777.41
193.30	777.34
193.37	812.88
193.45	855.92
193.52	906.31
193.60	961.49
193.67	1006.24
193.75	1035.93
193.82	1067.59
193.90	1082.87
193.97	1085.93
194.05	1075.99
194.12	1056.33
194.20	1032.50
194.27	1004.27
194.34	960.94
194.42	924.75
194.49	902.12
194.57	884.58
194.64	864.92
194.72	859.83
194.79	864.32
194.87	877.79
194.94	913.67
195.02	973.25
195.09	1043.96
195.17	1120.16
195.24	1186.36
195.31	1235.87
195.39	1268.14
195.46	1287.11
195.54	1295.06
195.61	1291.50
195.69	1271.74
195.76	1239.38
195.84	1191.92
195.91	1109.60
195.99	1017.68
196.06	933.74
196.13	882.05
196.21	862.61
196.28	893.46
196.36	961.47
196.43	1045.65
196.51	1134.49
196.58	1219.10
196.66	1291.46
196.73	1346.30
196.80	1383.47
196.88	1402.40
196.95	1413.05
197.03	1414.75
197.10	1394.90
197.18	1362.15
197.25	1303.48
197.33	1219.15
197.40	1128.28
197.47	1038.03
197.55	967.55
197.62	928.26
197.70	924.50
197.77	953.60
197.85	1014.61
197.92	1090.69
197.99	1183.03
198.07	1285.16
198.14	1376.13
198.22	1468.25
198.29	1541.83
198.37	1595.14
198.44	1632.06
198.51	1650.10
198.59	1636.57
198.66	1608.46
198.74	1553.01
198.81	1456.82
198.89	1333.73
198.96	1221.02
199.03	1111.88
199.11	1035.19
199.18	1005.72
199.26	1032.16
199.33	1092.05
199.41	1187.45
199.48	1292.41
199.55	1408.14
199.63	1507.45
199.70	1599.59
199.78	1674.77
199.85	1743.37
199.93	1796.15
200.00	1848.03
200.07	1866.12
200.15	1859.83
200.22	1818.14
200.30	1729.99
200.37	1593.95
200.44	1425.84
200.52	1268.68
200.59	1156.16
200.67	1098.04
200.74	1103.51
200.81	1173.49
200.89	1269.19
200.96	1375.93
201.04	1482.15
201.11	1602.17
201.19	1720.24
201.26	1829.01
201.33	1915.24
201.41	1987.83
201.48	2030.12
201.56	2048.32
201.63	2046.89
201.70	2007.74
201.78	1928.97
201.85	1806.58
201.93	1658.81
202.00	1516.36
202.07	1397.48
202.15	1304.77
202.22	1262.21
202.30	1286.18
202.37	1345.02
202.44	1443.56
202.52	1585.36
202.59	1747.00
202.67	1891.04
202.74	2027.68
202.81	2148.15
202.89	2254.11
202.96	2352.75
203.04	2448.14
203.11	2509.40
203.18	2547.49
203.26	2537.51
203.33	2469.08
203.41	2336.74
203.48	2156.22
203.55	1909.96
203.63	1683.97
203.70	1521.50
203.77	1442.59
203.85	1462.78
203.92	1585.77
204.00	1766.98
204.07	1953.34
204.14	2139.66
204.22	2314.08
204.29	2487.19
204.37	2634.80
204.44	2765.38
204.51	2872.52
204.59	2939.82
204.66	2961.89
204.73	2951.62
204.81	2896.65
204.88	2793.54
204.96	2636.85
205.03	2421.43
205.10	2184.60
205.18	1980.63
205.25	1813.56
205.32	1725.43
205.40	1740.72
205.47	1840.04
205.55	1984.77
205.62	2185.78
205.69	2424.53
205.77	2671.18
205.84	2903.45
205.91	3115.87
205.99	3295.65
206.06	3444.25
206.14	3577.07
206.21	3700.90
206.28	3793.41
206.36	3854.22
206.43	3855.14
206.50	3781.38
206.58	3610.52
206.65	3353.63
206.72	3005.26
206.80	2643.53
206.87	2343.20
206.95	2161.41
207.02	2136.21
207.09	2275.14
207.17	2523.95
207.24	2822.56
207.31	3132.39
207.39	3421.89
207.46	3702.69
207.53	3966.38
207.61	4214.67
207.68	4436.76
207.75	4645.55
207.83	4810.78
207.90	4926.57
207.98	4967.23
208.05	4937.72
208.12	4804.64
208.20	4578.49
208.27	4256.41
208.34	3856.28
208.42	3439.24
208.49	3110.57
208.56	2897.31
208.64	2845.39
208.71	2954.10
208.78	3173.50
208.86	3451.42
208.93	3766.45
209.00	4098.41
209.08	4444.14
209.15	4796.68
209.22	5130.97
209.30	5441.12
209.37	5713.86
209.44	5955.04
209.52	6151.49
209.59	6290.66
209.67	6364.49
209.74	6352.83
209.81	6237.34
209.89	5992.92
209.96	5610.37
210.03	5131.39
210.11	4664.18
210.18	4244.70
210.25	3953.82
210.33	3866.46
210.40	3982.78
210.47	4235.29
210.55	4602.84
210.62	5032.85
210.69	5468.57
210.77	5895.85
210.84	6291.73
210.91	6664.63
210.99	6997.81
211.06	7324.21
211.13	7626.53
211.21	7901.32
211.28	8123.47
211.35	8275.94
211.42	8310.00
211.50	8200.96
211.57	7935.05
211.64	7505.84
211.72	6945.15
211.79	6335.37
211.86	5839.53
211.94	5564.74
212.01	5537.91
212.08	5762.73
212.16	6169.20
212.23	6624.14
212.30	7045.02
212.38	7424.47
212.45	7774.06
212.52	8095.62
212.60	8403.55
212.67	8721.94
212.74	9058.18
212.82	9397.44
212.89	9737.54
212.96	10030.47
213.03	10234.66
213.11	10315.38
213.18	10248.44
213.25	10019.84
213.33	9626.76
213.40	9099.54
213.47	8581.32
213.55	8159.41
213.62	7881.36
213.69	7829.82
213.77	8023.57
213.84	8357.27
213.91	8772.27
213.98	9216.07
214.06	9634.83
214.13	10000.59
214.20	10318.96
214.28	10629.43
214.35	10977.81
214.42	11373.06
214.50	11803.47
214.57	12243.98
214.64	12641.63
214.72	12948.29
214.79	13148.97
214.86	13211.72
214.93	13128.23
215.01	12894.95
215.08	12484.02
215.15	11902.95
215.23	11253.79
215.30	10716.49
215.37	10410.54
215.44	10436.45
215.52	10782.46
215.59	11369.50
215.66	12017.20
215.74	12624.90
215.81	13138.72
215.88	13610.69
215.95	14043.88
216.03	14476.66
216.10	14893.88
216.17	15284.24
216.25	15613.46
216.32	15884.27
216.39	16068.45
216.46	16204.49
216.54	16287.42
216.61	16290.56
216.68	16189.08
216.76	15967.51
216.83	15562.55
216.90	15006.77
216.97	14431.10
217.05	13988.70
217.12	13767.99
217.19	13861.01
217.27	14256.31
217.34	14859.81
217.41	15549.21
217.48	16256.32
217.56	16913.17
217.63	17504.95
217.70	18010.39
217.78	18428.64
217.85	18769.07
217.92	19043.62
217.99	19284.83
218.07	19492.17
218.14	19679.79
218.21	19871.97
218.28	20069.30
218.36	20230.75
218.43	20324.71
218.50	20292.76
218.57	20075.04
218.65	19627.84
218.72	18996.28
218.79	18329.36
218.87	17807.77
218.94	17559.78
219.01	17667.74
219.08	18127.59
219.16	18823.39
219.23	19581.91
219.30	20301.38
219.37	20928.43
219.45	21469.85
219.52	21947.78
219.59	22381.09
219.66	22779.82
219.74	23159.23
219.81	23529.10
219.88	23846.00
219.95	24157.71
220.03	24444.62
220.10	24688.23
220.17	24838.77
220.24	24882.43
220.32	24760.49
220.39	24465.20
220.46	23994.01
220.53	23392.05
220.61	22792.45
220.68	22355.00
220.75	22197.92
220.82	22347.31
220.90	22758.29
220.97	23324.02
221.04	23907.23
221.11	24429.77
221.19	24889.94
221.26	25321.71
221.33	25738.08
221.40	26165.61
221.48	26583.16
221.55	26993.31
221.62	27374.94
221.69	27736.23
221.77	28061.78
221.84	28353.47
221.91	28579.83
221.98	28736.63
222.06	28797.32
222.13	28758.63
222.20	28622.29
222.27	28396.47
222.35	28095.13
222.42	27805.69
222.49	27597.92
222.56	27493.97
222.63	27523.54
222.71	27683.53
222.78	27920.20
222.85	28167.94
222.92	28438.55
223.00	28720.68
223.07	29041.22
223.14	29385.09
223.21	29743.24
223.29	30115.32
223.36	30504.57
223.43	30874.52
223.50	31227.09
223.57	31569.97
223.65	31855.14
223.72	32062.92
223.79	32204.98
223.86	32258.34
223.94	32239.57
224.01	32175.22
224.08	32107.18
224.15	32032.67
224.22	31964.45
224.30	31892.96
224.37	31877.01
224.44	31916.31
224.51	31996.05
224.59	32142.36
224.66	32360.62
224.73	32591.31
224.80	32825.49
224.87	33073.88
224.95	33353.33
225.02	33642.22
225.09	33922.37
225.16	34196.21
225.23	34480.73
225.31	34715.17
225.38	34902.14
225.45	35070.80
225.52	35181.18
225.60	35230.56
225.67	35229.74
225.74	35175.67
225.81	35071.00
225.88	34986.44
225.96	34949.97
226.03	34983.04
226.10	35102.65
226.17	35285.23
226.24	35486.16
226.32	35685.16
226.39	35886.78
226.46	36091.65
226.53	36305.78
226.60	36548.38
226.68	36775.04
226.75	36986.87
226.82	37165.56
226.89	37341.94
226.96	37477.15
227.04	37584.42
227.11	37678.02
227.18	37784.00
227.25	37861.09
227.32	37926.91
227.40	37997.55
227.47	38057.17
227.54	38071.01
227.61	38039.98
227.68	37970.90
227.76	37880.65
227.83	37813.26
227.90	37810.06
227.97	37889.15
228.04	38050.70
228.11	38260.17
228.19	38467.85
228.26	38670.73
228.33	38851.00
228.40	39011.39
228.47	39176.07
228.55	39331.63
228.62	39478.10
228.69	39611.19
228.76	39716.77
228.83	39803.19
228.90	39902.29
228.98	39992.64
229.05	40106.95
229.12	40249.85
229.19	40386.63
229.26	40517.63
229.34	40628.01
229.41	40706.66
229.48	40744.24
229.55	40764.13
229.62	40751.77
229.69	40713.80
229.77	40664.80
229.84	40626.93
229.91	40620.26
229.98	40640.51
230.05	40713.91
230.12	40810.28
230.20	40949.52
230.27	41085.30
230.34	41230.56
230.41	41369.42
230.48	41504.53
230.55	41607.52
230.63	41698.97
230.70	41783.53
230.77	41843.54
230.84	41893.73
230.91	41930.90
230.98	41984.66
231.06	42028.89
231.13	42123.44
231.20	42244.11
231.27	42376.16
231.34	42486.65
231.41	42597.29
231.49	42666.87
231.56	42717.58
231.63	42761.15
231.70	42804.33
231.77	42835.00
231.84	42844.05
231.92	42851.38
231.99	42876.55
232.06	42906.69
232.13	42948.40
232.20	43029.11
232.27	43109.58
232.34	43177.91
232.42	43224.02
232.49	43279.62
232.56	43308.06
232.63	43352.44
232.70	43390.74
232.77	43454.72
232.85	43501.36
232.92	43561.51
232.99	43613.19
233.06	43672.33
233.13	43722.92
233.20	43775.91
233.27	43816.09
233.35	43853.02
233.42	43881.85
233.49	43914.18
233.56	43961.55
233.63	44025.28
233.70	44074.81
233.77	44128.14
233.85	44185.11
233.92	44246.06
233.99	44287.73
234.06	44327.78
234.13	44367.86
234.20	44408.39
234.27	44432.32
234.35	44458.56
234.42	44489.94
234.49	44514.22
234.56	44523.90
234.63	44528.03
234.70	44521.73
234.77	44516.81
234.84	44503.56
234.92	44488.75
234.99	44486.92
235.06	44513.56
235.13	44536.05
235.20	44567.26
235.27	44621.30
235.34	44658.94
235.41	44694.48
235.49	44726.31
235.56	44772.25
235.63	44797.53
235.70	44832.11
235.77	44846.99
235.84	44875.27
235.91	44879.03
235.98	44887.00
236.06	44897.87
236.13	44909.65
236.20	44910.86
236.27	44921.55
236.34	44934.33
236.41	44934.00
236.48	44945.29
236.55	44961.54
236.63	44964.88
236.70	44967.47
236.77	44973.65
236.84	44986.75
236.91	44997.28
236.98	45008.88
237.05	45026.03
237.12	45043.90
237.19	45058.25
237.27	45060.77
237.34	45079.56
237.41	45087.37
237.48	45098.11
237.55	45102.85
237.62	45110.78
237.69	45128.50
237.76	45149.49
237.83	45168.59
237.91	45188.20
237.98	45211.27
238.05	45208.88
238.12	45213.72
238.19	45215.15
238.26	45223.91
238.33	45228.46
238.40	45241.43
238.47	45246.98
238.54	45244.82
238.62	45245.19
238.69	45241.99
238.76	45229.66
238.83	45203.67
238.90	45213.36
238.97	45211.33
239.04	45226.35
239.11	45252.87
239.18	45287.14
239.25	45297.17
239.33	45302.73
239.40	45305.58
239.47	45286.89
239.54	45258.90
239.61	45231.61
239.68	45201.53
239.75	45180.48
239.82	45178.61
239.89	45184.46
239.96	45185.37
240.03	45194.35
240.11	45201.18
240.18	45203.99
240.25	45214.45
240.32	45234.98
240.39	45254.69
240.46	45269.32
240.53	45305.71
240.60	45347.76
240.67	45373.69
240.74	45406.28
240.81	45437.06
240.88	45451.02
240.96	45455.36
241.03	45464.24
241.10	45471.21
241.17	45476.60
241.24	45486.66
241.31	45497.64
241.38	45503.08
241.45	45492.51
241.52	45484.64
241.59	45474.29
241.66	45467.77
241.73	45477.53
241.80	45495.99
241.88	45518.68
241.95	45539.91
242.02	45556.70
242.09	45553.95
242.16	45550.42
242.23	45552.77
242.30	45550.59
242.37	45554.56
242.44	45584.81
242.51	45602.32
242.58	45610.68
242.65	45627.39
242.72	45642.22
242.79	45650.05
242.87	45660.20
242.94	45677.95
243.01	45708.25
243.08	45732.67
243.15	45756.45
243.22	45791.11
243.29	45822.58
243.36	45835.84
243.43	45861.99
243.50	45889.54
243.57	45930.27
243.64	45960.25
243.71	45996.45
243.78	46032.64
243.85	46052.20
243.92	46061.26
243.99	46062.94
244.07	46068.41
244.14	46066.07
244.21	46069.45
244.28	46083.98
244.35	46113.58
244.42	46129.69
244.49	46153.24
244.56	46183.03
244.63	46210.87
244.70	46218.45
244.77	46232.00
244.84	46254.38
244.91	46275.25
244.98	46303.33
245.05	46347.48
245.12	46391.33
245.19	46417.96
245.26	46443.22
245.33	46466.15
245.40	46500.57
245.47	46547.07
245.55	46602.75
245.62	46651.36
245.69	46689.75
245.76	46735.01
245.83	46777.56
245.90	46822.23
245.97	46885.09
246.04	46954.36
246.11	46996.53
246.18	47025.48
246.25	47044.95
246.32	47043.29
246.39	47034.63
246.46	47044.88
246.53	47077.58
246.60	47120.86
246.67	47188.93
246.74	47266.06
246.81	47345.10
246.88	47407.67
246.95	47462.11
247.02	47498.72
247.09	47525.57
247.16	47530.81
247.23	47539.54
247.30	47539.37
247.37	47553.51
247.44	47580.54
247.51	47619.22
247.58	47659.53
247.66	47712.44
247.73	47772.38
247.80	47828.28
247.87	47888.39
247.94	47963.36
248.01	48036.25
248.08	48097.16
248.15	48149.88
248.22	48204.82
248.29	48246.00
248.36	48286.10
248.43	48338.45
248.50	48395.42
248.57	48454.06
248.64	48510.71
248.71	48580.94
248.78	48634.87
248.85	48696.52
248.92	48743.53
248.99	48793.23
249.06	48823.78
249.13	48853.64
249.20	48873.61
249.27	48900.96
249.34	48929.11
249.41	48959.22
249.48	48980.52
249.55	48998.32
249.62	49016.76
249.69	49024.38
249.76	49039.79
249.83	49077.66
249.90	49142.44
249.97	49211.98
250.04	49309.36
250.11	49421.59
250.18	49516.22
250.25	49581.94
250.32	49633.00
250.39	49671.26
250.46	49698.07
250.53	49740.05
250.60	49800.90
250.67	49879.64
250.74	49955.52
250.81	50013.59
250.88	50061.02
250.95	50092.16
251.02	50108.21
251.09	50111.16
251.16	50128.30
251.23	50151.55
251.30	50172.51
251.37	50202.91
251.44	50243.32
251.51	50298.15
251.58	50359.75
251.65	50433.07
251.72	50508.22
251.79	50581.02
251.86	50639.99
251.93	50683.05
252.00	50710.09
252.07	50730.48
252.14	50755.27
252.21	50785.87
252.28	50816.80
252.35	50844.34
252.42	50893.47
252.49	50930.67
252.56	50972.77
252.63	51023.99
252.70	51095.09
252.77	51158.10
252.84	51237.85
252.91	51294.82
252.98	51341.96
253.05	51387.22
253.12	51409.93
253.19	51423.05
253.25	51452.13
253.32	51493.79
253.39	51536.16
253.46	51564.26
253.53	51588.99
253.60	51598.75
253.67	51599.60
253.74	51608.47
253.81	51656.67
253.88	51698.72
253.95	51760.11
254.02	51814.54
254.09	51864.04
254.16	51888.83
254.23	51925.87
254.30	51960.47
254.37	51997.12
254.44	52025.93
254.51	52076.24
254.58	52105.11
254.65	52126.36
254.72	52160.02
254.79	52173.87
254.86	52189.19
254.93	52214.01
255.00	52244.53
255.07	52265.22
255.14	52311.50
255.21	52341.50
255.28	52343.77
255.34	52316.49
255.41	52292.99
255.48	52263.13
255.55	52241.23
255.62	52256.66
255.69	52287.25
255.76	52326.27
255.83	52362.29
255.90	52395.60
255.97	52447.68
256.04	52494.35
256.11	52554.59
256.18	52629.39
256.25	52696.86
256.32	52755.54
256.39	52808.76
256.46	52852.16
256.53	52895.91
256.60	52941.89
256.67	52977.47
256.74	53017.17
256.80	53036.73
256.87	53028.57
256.94	53021.49
257.01	53003.23
257.08	52999.06
257.15	53010.82
257.22	53031.89
257.29	53012.66
257.36	52967.97
257.43	52912.35
257.50	52843.07
257.57	52776.54
257.64	52767.62
257.71	52800.09
257.78	52860.44
257.85	52929.48
257.92	53018.42
257.98	53089.20
258.05	53143.97
258.12	53156.62
258.19	53134.58
258.26	53067.19
258.33	52992.59
258.40	52931.98
258.47	52883.10
258.54	52884.45
258.61	52907.84
258.68	52966.19
258.75	53017.37
258.82	53090.25
258.89	53128.84
258.95	53154.07
259.02	53142.33
259.09	53125.21
259.16	53074.42
259.23	53036.73
259.30	53009.59
259.37	52995.94
259.44	52989.05
259.51	53011.68
259.58	53030.70
259.65	53034.42
259.72	53039.84
259.79	53024.09
259.85	52989.21
259.92	52953.99
259.99	52952.58
260.06	52957.22
260.13	52973.90
260.20	52984.83
260.27	52986.07
260.34	52962.35
260.41	52920.56
260.48	52896.75
260.55	52886.92
260.62	52879.42
260.68	52859.35
260.75	52832.38
260.82	52807.50
260.89	52794.37
260.96	52792.29
261.03	52806.42
261.10	52819.64
261.17	52789.07
261.24	52721.70
261.31	52640.85
261.38	52556.84
261.44	52465.71
261.51	52411.18
261.58	52388.89
261.65	52385.19
261.72	52405.52
261.79	52436.20
261.86	52456.85
261.93	52454.33
262.00	52419.37
262.07	52362.02
262.13	52305.97
262.20	52252.21
262.27	52215.98
262.34	52223.20
262.41	52238.60
262.48	52273.20
262.55	52312.39
262.62	52347.51
262.69	52350.15
262.76	52337.60
262.82	52307.02
262.89	52271.32
262.96	52246.27
263.03	52233.89
263.10	52232.26
263.17	52219.45
263.24	52199.72
263.31	52186.51
263.38	52186.78
263.44	52203.70
263.51	52228.44
263.58	52246.36
263.65	52213.77
263.72	52123.35
263.79	52000.58
263.86	51893.71
263.93	51798.65
264.00	51760.50
264.06	51766.40
264.13	51781.62
264.20	51779.35
264.27	51738.26
264.34	51659.40
264.41	51570.34
264.48	51475.43
264.55	51373.65
264.61	51286.22
264.68	51203.64
264.75	51123.29
264.82	51050.85
264.89	51012.89
264.96	51009.24
265.03	51022.77
265.10	51054.03
265.16	51081.36
265.23	51069.93
265.30	51025.96
265.37	50966.56
265.44	50900.48
265.51	50853.08
265.58	50847.20
265.65	50877.53
265.71	50922.42
265.78	50971.48
265.85	50990.34
265.92	50948.69
265.99	50862.73
266.06	50744.25
266.13	50590.78
266.20	50464.98
266.26	50384.74
266.33	50326.14
266.40	50292.36
266.47	50270.26
266.54	50231.75
266.61	50207.17
266.68	50193.05
266.74	50185.30
266.81	50159.94
266.88	50086.65
266.95	49970.74
267.02	49854.60
267.09	49749.27
267.16	49701.05
267.22	49723.65
267.29	49786.91
267.36	49873.30
267.43	49943.66
267.50	49981.58
267.57	49976.94
267.64	49912.22
267.70	49798.98
267.77	49684.32
267.84	49595.33
267.91	49553.78
267.98	49546.33
268.05	49585.67
268.11	49626.69
268.18	49629.43
268.25	49568.22
268.32	49475.30
268.39	49318.32
268.46	49120.24
268.53	48914.91
268.59	48732.23
268.66	48589.98
268.73	48513.07
268.80	48510.75
268.87	48561.67
268.94	48662.90
269.00	48780.04
269.07	48884.35
269.14	48946.06
269.21	48960.95
269.28	48920.92
269.35	48840.97
269.41	48762.18
269.48	48709.42
269.55	48683.27
269.62	48702.11
269.69	48745.65
269.76	48748.24
269.82	48718.39
269.89	48682.26
269.96	48613.73
270.03	48508.00
270.10	48409.77
270.17	48302.65
270.23	48210.97
270.30	48133.80
270.37	48121.09
270.44	48135.05
270.51	48167.75
270.58	48187.38
270.64	48197.19
270.71	48179.56
270.78	48181.40
270.85	48187.90
270.92	48201.13
270.99	48217.00
271.05	48201.41
271.12	48126.09
271.19	48026.25
271.26	47902.83
271.33	47793.16
271.39	47702.81
271.46	47636.63
271.53	47583.65
271.60	47548.83
271.67	47491.48
271.74	47438.84
271.80	47383.66
271.87	47345.34
271.94	47294.12
272.01	47252.69
272.08	47219.39
272.14	47191.80
272.21	47169.88
272.28	47146.61
272.35	47120.04
272.42	47090.36
272.48	47078.98
272.55	47067.04
272.62	47058.80
272.69	47055.73
272.76	47055.17
272.83	47031.17
272.89	47004.29
272.96	46980.25
273.03	46965.89
273.10	46949.04
273.17	46931.89
273.23	46880.80
273.30	46815.21
273.37	46701.94
273.44	46564.96
273.51	46420.37
273.57	46321.60
273.64	46258.81
273.71	46262.43
273.78	46300.82
273.85	46372.46
273.91	46435.37
273.98	46522.53
274.05	46620.73
274.12	46744.33
274.19	46876.40
274.25	47004.77
274.32	47068.31
274.39	47072.07
274.46	47014.51
274.53	46886.18
274.59	46712.90
274.66	46552.71
274.73	46401.81
274.80	46269.89
274.86	46173.73
274.93	46134.06
275.00	46107.91
275.07	46089.40
275.14	46071.46
275.20	46058.40
275.27	46028.75
275.34	46003.54
275.41	45985.44
275.48	45979.89
275.54	46001.31
275.61	46039.92
275.68	46067.19
275.75	46083.76
275.81	46090.25
275.88	46090.23
275.95	46077.76
276.02	46088.85
276.09	46109.45
276.15	46135.40
276.22	46138.30
276.29	46112.70
276.36	46008.58
276.42	45866.11
276.49	45695.68
276.56	45534.24
276.63	45399.40
276.70	45330.42
276.76	45327.85
276.83	45371.34
276.90	45444.90
276.97	45521.45
277.03	45577.60
277.10	45573.58
277.17	45509.85
277.24	45423.23
277.30	45353.06
277.37	45315.63
277.44	45326.78
277.51	45397.88
277.58	45467.38
277.64	45504.24
277.71	45486.77
277.78	45412.22
277.85	45265.47
277.91	45078.22
277.98	44907.15
278.05	44759.23
278.12	44662.20
278.18	44625.03
278.25	44645.66
278.32	44706.81
278.39	44820.42
278.45	44958.27
278.52	45107.65
278.59	45269.83
278.66	45386.32
278.72	45439.02
278.79	45411.91
278.86	45294.34
278.93	45083.22
278.99	44822.47
279.06	44586.65
279.13	44426.20
279.20	44389.47
279.26	44469.76
279.33	44633.10
279.40	44829.01
279.47	45018.20
279.53	45140.37
279.60	45143.92
279.67	45009.90
279.74	44736.60
279.80	44407.87
279.87	44087.80
279.94	43848.82
280.01	43739.86
280.07	43767.22
280.14	43847.05
280.21	43938.48
280.28	44021.29
280.34	44091.39
280.41	44150.50
280.48	44209.25
280.55	44266.48
280.61	44302.34
280.68	44331.24
280.75	44360.37
280.82	44377.38
280.88	44395.87
280.95	44423.77
281.02	44413.71
281.08	44338.01
281.15	44239.68
281.22	44109.43
281.29	43959.67
281.35	43799.94
281.42	43637.47
281.49	43451.10
281.56	43273.64
281.62	43120.58
281.69	43005.14
281.76	42920.33
281.82	42876.38
281.89	42859.87
281.96	42859.36
282.03	42885.36
282.09	42944.40
282.16	43021.48
282.23	43120.92
282.30	43245.11
282.36	43369.43
282.43	43491.36
282.50	43607.19
282.56	43684.15
282.63	43731.07
282.70	43755.30
282.77	43801.76
282.83	43845.52
282.90	43888.32
282.97	43899.82
283.03	43837.53
283.10	43645.69
283.17	43368.35
283.24	43049.08
283.30	42723.60
283.37	42482.90
283.44	42354.43
283.50	42313.24
283.57	42348.71
283.64	42418.48
283.71	42495.63
283.77	42570.18
283.84	42654.62
283.91	42724.14
283.97	42798.73
284.04	42896.88
284.11	42994.84
284.18	43081.32
284.24	43143.65
284.31	43178.52
284.38	43148.33
284.44	43097.79
284.51	43043.39
284.58	43013.30
284.64	42999.45
284.71	42975.52
284.78	42921.66
284.85	42842.13
284.91	42744.01
284.98	42631.84
285.05	42507.07
285.11	42366.96
285.18	42191.32
285.25	41989.77
285.31	41792.71
285.38	41659.41
285.45	41616.60
285.52	41672.53
285.58	41790.14
285.65	41948.81
285.72	42124.43
285.78	42268.00
285.85	42390.71
285.92	42504.84
285.98	42616.62
286.05	42725.07
286.12	42841.65
286.18	42948.75
286.25	43052.18
286.32	43132.70
286.39	43187.59
286.45	43204.43
286.52	43157.35
286.59	43006.98
286.65	42757.83
286.72	42443.88
286.79	42111.91
286.85	41827.58
286.92	41628.47
286.99	41540.52
287.05	41508.45
287.12	41546.84
287.19	41620.99
287.25	41741.00
287.32	41859.30
287.39	41986.28
287.45	42100.88
287.52	42187.38
287.59	42257.62
287.65	42330.50
287.72	42412.37
287.79	42489.09
287.86	42579.62
287.92	42656.24
287.99	42727.71
288.06	42794.11
288.12	42853.52
288.19	42909.21
288.26	42949.90
288.32	42978.78
288.39	42978.51
288.46	42948.36
288.52	42880.66
288.59	42760.20
288.66	42566.60
288.72	42320.34
288.79	42052.26
288.86	41789.43
288.92	41596.31
288.99	41508.99
289.06	41536.57
289.12	41644.97
289.19	41831.70
289.26	42051.79
289.32	42289.10
289.39	42525.44
289.45	42756.07
289.52	42932.71
289.59	43070.95
289.65	43121.45
289.72	43117.20
289.79	43083.31
289.85	43033.71
289.92	42954.58
289.99	42886.11
290.05	42780.28
290.12	42634.83
290.19	42504.96
290.25	42411.20
290.32	42369.66
290.39	42386.40
290.45	42438.27
290.52	42452.47
290.59	42406.86
290.65	42275.88
290.72	42084.17
290.79	41898.99
290.85	41808.77
290.92	41825.47
290.98	41952.96
291.05	42171.06
291.12	42425.05
291.18	42655.34
291.25	42858.25
291.32	43032.82
291.38	43201.20
291.45	43363.33
291.52	43498.19
291.58	43595.15
291.65	43646.73
291.72	43640.37
291.78	43562.90
291.85	43417.03
291.91	43245.54
291.98	43104.90
292.05	42964.53
292.11	42822.04
292.18	42699.58
292.25	42556.61
292.31	42375.08
292.38	42210.64
292.45	42097.99
292.51	42040.14
292.58	42036.89
292.64	42102.38
292.71	42215.55
292.78	42359.24
292.84	42525.41
292.91	42730.15
292.98	42934.78
293.04	43136.77
293.11	43333.14
293.17	43530.35
293.24	43722.17
293.31	43898.30
293.37	44052.79
293.44	44158.53
293.51	44223.95
293.57	44219.41
293.64	44153.34
293.70	44021.78
293.77	43812.42
293.84	43504.04
293.90	43167.28
293.97	42834.89
294.04	42573.22
294.10	42421.33
294.17	42401.52
294.23	42453.88
294.30	42517.46
294.37	42549.60
294.43	42548.27
294.50	42504.36
294.56	42451.86
294.63	42460.12
294.70	42547.85
294.76	42724.42
294.83	42980.08
294.90	43287.54
294.96	43597.67
295.03	43871.02
295.09	44115.54
295.16	44331.70
295.23	44513.38
295.29	44674.51
295.36	44820.17
295.42	44921.33
295.49	44985.26
295.56	45011.08
295.62	44974.64
295.69	44870.88
295.75	44713.85
295.82	44464.21
295.89	44131.32
295.95	43770.24
296.02	43401.02
296.08	43049.79
296.15	42747.35
296.22	42529.08
296.28	42409.90
296.35	42409.62
296.41	42502.59
296.48	42721.10
296.55	43040.60
296.61	43383.48
296.68	43739.96
296.74	44068.83
296.81	44355.42
296.88	44569.08
296.94	44749.28
297.01	44887.16
297.07	45030.79
297.14	45180.42
297.20	45354.14
297.27	45538.93
297.34	45728.41
297.40	45884.98
297.47	45991.90
297.53	46044.39
297.60	46029.62
297.67	45930.79
297.73	45766.64
297.80	45489.63
297.86	45091.53
297.93	44614.48
298.00	44110.27
298.06	43641.17
298.13	43313.14
298.19	43149.15
298.26	43118.55
298.32	43201.33
298.39	43341.37
298.46	43488.75
298.52	43665.15
298.59	43877.24
298.65	44124.98
298.72	44401.71
298.78	44701.25
298.85	44996.87
298.92	45268.04
298.98	45517.02
299.05	45739.05
299.11	45929.50
299.18	46092.59
299.24	46251.58
299.31	46370.91
299.38	46481.52
299.44	46561.57
299.51	46626.71
299.57	46647.72
299.64	46657.25
299.70	46632.32
299.77	46552.62
299.84	46372.10
299.90	46045.03
299.97	45509.77
300.03	44817.82
300.10	44116.68
300.16	43525.60
300.23	43175.07
300.30	43111.80
300.36	43298.40
300.43	43629.82
300.49	44013.96
300.56	44388.44
300.62	44752.66
300.69	45092.25
300.75	45403.32
300.82	45686.75
300.89	45939.15
300.95	46158.06
301.02	46336.45
301.08	46498.49
301.15	46647.83
301.21	46790.10
301.28	46907.07
301.34	47036.06
301.41	47152.12
301.48	47233.39
301.54	47280.69
301.61	47313.96
301.67	47289.32
301.74	47203.75
301.80	47050.56
301.87	46794.56
301.93	46416.92
302.00	45958.25
302.06	45435.92
302.13	44924.39
302.20	44512.62
302.26	44239.96
302.33	44132.80
302.39	44158.66
302.46	44303.82
302.52	44510.58
302.59	44767.31
302.65	45035.10
302.72	45329.62
302.78	45615.12
302.85	45893.42
302.91	46145.36
302.98	46363.91
303.05	46558.18
303.11	46731.92
303.18	46871.98
303.24	47006.47
303.31	47113.74
303.37	47196.11
303.44	47264.31
303.50	47314.52
303.57	47323.33
303.63	47318.50
303.70	47303.45
303.76	47241.81
303.83	47178.06
303.89	47081.03
303.96	46931.91
304.03	46714.34
304.09	46421.11
304.16	45975.90
304.22	45455.86
304.29	44971.51
304.35	44582.75
304.42	44348.19
304.48	44322.18
304.55	44458.65
304.61	44670.93
304.68	44920.95
304.74	45169.56
304.81	45415.99
304.87	45643.61
304.94	45864.39
305.00	46046.61
305.07	46206.50
305.13	46321.86
305.20	46432.61
305.26	46520.08
305.33	46605.19
305.39	46677.49
305.46	46739.86
305.52	46781.22
305.59	46801.63
305.66	46793.54
305.72	46760.62
305.79	46719.09
305.85	46657.52
305.92	46541.19
305.98	46362.05
306.05	46115.26
306.11	45817.46
306.18	45463.22
306.24	45124.32
306.31	44797.31
306.37	44498.29
306.44	44212.28
306.50	43974.62
306.57	43807.74
306.63	43764.17
306.70	43847.45
306.76	44032.27
306.83	44290.66
306.89	44540.21
306.96	44772.62
307.02	44949.08
307.09	45100.78
307.15	45218.66
307.22	45328.64
307.28	45404.84
307.35	45474.39
307.41	45519.79
307.48	45564.07
307.54	45594.37
307.61	45599.64
307.67	45576.87
307.74	45548.31
307.80	45499.68
307.87	45447.15
307.93	45409.55
308.00	45370.61
308.06	45322.40
308.13	45242.22
308.19	45132.61
308.26	44994.68
308.32	44848.90
308.38	44684.65
308.45	44503.78
308.51	44304.45
308.58	44055.90
308.64	43778.44
308.71	43536.03
308.77	43371.77
308.84	43275.78
308.90	43293.01
308.97	43387.14
309.03	43513.22
309.10	43646.30
309.16	43772.63
309.23	43865.52
309.29	43960.78
309.36	44013.81
309.42	44048.15
309.49	44072.56
309.55	44089.36
309.62	44079.19
309.68	44069.79
309.75	44032.45
309.81	43993.18
309.88	43945.93
309.94	43877.41
310.00	43803.87
310.07	43736.19
310.13	43670.97
310.20	43586.47
310.26	43517.42
310.33	43439.00
310.39	43368.10
310.46	43279.33
310.52	43184.98
310.59	43051.20
310.65	42892.87
310.72	42705.35
310.78	42518.98
310.85	42368.91
310.91	42283.59
310.97	42265.73
311.04	42284.29
311.10	42311.64
311.17	42347.38
311.23	42363.22
311.30	42362.09
311.36	42379.94
311.43	42414.81
311.49	42448.63
311.56	42473.87
311.62	42503.73
311.69	42512.65
311.75	42521.21
311.81	42496.87
311.88	42472.27
311.94	42418.18
312.01	42373.61
312.07	42299.39
312.14	42256.82
312.20	42210.05
312.27	42174.56
312.33	42119.88
312.40	42068.32
312.46	41999.73
312.52	41923.38
312.59	41844.78
312.65	41759.13
312.72	41666.11
312.78	41571.53
312.85	41481.16
312.91	41369.78
312.98	41249.30
313.04	41129.72
313.10	40997.35
313.17	40873.54
313.23	40796.00
313.30	40743.08
313.36	40704.23
313.43	40703.10
313.49	40730.47
313.56	40735.37
313.62	40750.42
313.68	40769.32
313.75	40781.62
313.81	40759.01
313.88	40731.67
313.94	40692.66
314.01	40660.47
314.07	40621.38
314.13	40597.62
314.20	40585.08
314.26	40563.77
314.33	40535.20
314.39	40497.05
314.46	40431.12
314.52	40366.41
314.58	40289.49
314.65	40208.92
314.71	40123.51
314.78	40045.56
314.84	39961.37
314.91	39907.24
314.97	39845.60
315.03	39798.34
315.10	39762.04
315.16	39705.45
315.23	39633.34
315.29	39566.70
315.36	39497.18
315.42	39436.17
315.48	39382.42
315.55	39336.24
315.61	39289.92
315.68	39237.09
315.74	39167.95
315.81	39120.52
315.87	39069.26
315.93	39035.39
316.00	39030.48
316.06	39032.68
316.13	39033.15
316.19	39019.45
316.25	38971.96
316.32	38863.16
316.38	38722.29
316.45	38525.38
316.51	38312.37
316.58	38068.75
316.64	37820.37
316.70	37561.74
316.77	37321.94
316.83	37060.57
316.90	36807.72
316.96	36561.62
317.02	36318.32
317.09	36067.55
317.15	35818.49
317.22	35554.51
317.28	35280.19
317.34	35015.54
317.41	34752.29
317.47	34497.78
317.54	34259.20
317.60	34019.01
317.66	33778.25
317.73	33518.84
317.79	33247.91
317.86	32985.73
317.92	32727.70
317.98	32448.37
318.05	32161.22
318.11	31890.41
318.18	31619.24
318.24	31332.55
318.30	31062.87
318.37	30807.44
318.43	30528.50
318.50	30242.91
318.56	29973.04
318.62	29695.99
318.69	29414.70
318.75	29151.39
318.82	28882.25
318.88	28612.99
318.94	28345.53
319.01	28075.59
319.07	27807.99
319.13	27542.10
319.20	27265.78
319.26	26981.90
319.33	26705.52
319.39	26405.76
319.45	26108.98
319.52	25824.26
319.58	25523.05
319.65	25224.66
319.71	24942.60
319.77	24650.47
319.84	24357.00
319.90	24090.52
319.96	23814.47
320.03	23523.92
320.09	23252.32
320.16	22960.02
320.22	22670.42
320.28	22378.70
320.35	22108.76
320.41	21824.07
320.47	21555.78
320.54	21277.97
320.60	21009.76
320.67	20727.70
320.73	20449.70
320.79	20160.79
320.86	19874.03
320.92	19578.73
320.98	19284.58
321.05	18979.51
321.11	18679.40
321.18	18387.49
321.24	18105.50
321.30	17828.51
321.37	17558.00
321.43	17296.79
321.49	17019.41
321.56	16743.83
321.62	16473.60
321.68	16192.24
321.75	15909.23
321.81	15631.76
321.88	15349.48
321.94	15063.27
322.00	14787.14
322.07	14494.89
322.13	14209.69
322.19	13924.85
322.26	13639.65
322.32	13356.93
322.38	13080.67
322.45	12812.27
322.51	12539.97
322.58	12277.35
322.64	12002.73
322.70	11740.69
322.77	11458.50
322.83	11187.19
322.89	10908.27
322.96	10640.20
323.02	10366.58
323.08	10101.52
323.15	9831.87
323.21	9565.20
323.27	9300.15
323.34	9044.74
323.40	8799.49
323.46	8550.37
323.53	8189.75
323.59	7077.46
323.65	5475.77
323.72	3789.98
323.78	2165.32
323.85	700.97
323.91	41.89
323.97	-77.43
324.04	-82.18
