180.21	3369.80
180.28	-115.85
180.36	626.31
180.44	-41.14
180.51	-12.07
180.59	10.39
180.66	37.49
180.74	33.78
180.81	31.96
180.89	34.33
180.97	35.05
181.04	32.42
181.12	31.30
181.19	31.26
181.27	31.70
181.34	50.52
181.42	58.31
181.50	65.55
181.57	78.06
181.65	83.94
181.72	76.63
181.80	70.62
181.87	71.00
181.95	70.66
182.03	69.49
182.10	71.77
182.18	73.75
182.25	78.10
182.33	78.02
182.40	84.87
182.48	80.09
182.55	91.83
182.63	96.47
182.71	98.60
182.78	99.97
182.86	106.40
182.93	103.73
183.01	106.14
183.08	105.99
183.16	111.39
183.23	107.18
183.31	113.44
183.39	113.27
183.46	123.69
183.54	118.52
183.61	126.58
183.69	127.83
183.76	137.32
183.84	137.01
183.91	139.31
183.99	149.29
184.06	150.65
184.14	154.55
184.22	158.14
184.29	161.16
184.37	159.19
184.44	154.02
184.52	142.05
184.59	139.34
184.67	143.16
184.74	136.01
184.82	148.69
184.89	160.80
184.97	169.31
185.04	176.50
185.12	186.23
185.20	192.69
185.27	201.13
185.35	210.55
185.42	210.64
185.50	223.10
185.57	225.06
185.65	229.27
185.72	228.70
185.80	237.04
185.87	234.26
185.95	232.43
186.02	234.64
186.10	232.88
186.17	231.71
186.25	231.93
186.33	225.89
186.40	217.44
186.48	218.90
186.55	223.01
186.63	225.50
186.70	250.75
186.78	268.27
186.85	287.01
186.93	298.27
187.00	313.28
187.08	310.11
187.15	318.02
187.23	321.78
187.30	326.89
187.38	337.81
187.45	354.87
187.53	368.37
187.60	374.43
187.68	386.90
187.75	397.36
187.83	404.68
187.90	401.48
187.98	402.80
188.05	402.66
188.13	387.88
188.21	366.89
188.28	365.74
188.36	360.69
188.43	359.86
188.51	374.23
188.58	399.63
188.66	403.97
188.73	419.24
188.81	440.18
188.88	448.96
188.96	460.98
189.03	487.74
189.11	509.44
189.18	522.33
189.26	542.48
189.33	565.98
189.41	591.01
189.48	612.56
189.56	633.14
189.63	651.45
189.71	650.18
189.78	628.74
189.86	604.84
189.93	584.31
190.01	555.00
190.08	535.97
190.16	523.32
190.23	509.16
190.31	503.93
190.38	501.72
190.46	509.76
190.53	532.95
190.61	576.00
190.68	601.96
190.76	648.25
190.83	685.43
190.91	711.35
190.98	723.08
191.06	746.23
191.13	757.99
191.21	764.68
191.28	763.77
191.35	763.27
191.43	753.42
191.50	737.05
191.58	729.60
191.65	736.67
191.73	743.64
191.80	755.35
191.88	761.06
191.95	764.51
192.03	769.31
192.10	776.22
192.18	787.44
192.25	809.89
192.33	824.00
192.40	826.73
192.48	825.85
192.55	819.42
192.63	805.31
192.70	802.07
192.78	804.35
192.85	816.47
192.93	823.97
193.00	822.26
193.08	804.82
193.15	788.50
193.22	775.26
193.30	776.84
193.37	811.22
193.45	854.94
193.52	907.92
193.60	965.09
193.67	1011.70
193.75	1040.47
193.82	1072.79
193.90	1088.65
193.97	1090.29
194.05	1082.23
194.12	1062.47
194.20	1034.88
194.27	1005.98
194.34	962.72
194.42	923.19
194.49	901.33
194.57	885.58
194.64	867.06
194.72	860.94
194.79	865.75
194.87	878.99
194.94	915.75
195.02	973.79
195.09	1046.95
195.17	1125.24
195.24	1189.44
195.31	1235.00
195.39	1267.33
195.46	1281.32
195.54	1289.46
195.61	1291.37
195.69	1275.29
195.76	1242.79
195.84	1196.07
195.91	1114.99
195.99	1019.42
196.06	935.74
196.13	883.44
196.21	865.71
196.28	893.43
196.36	963.73
196.43	1049.46
196.51	1137.69
196.58	1222.35
196.66	1297.22
196.73	1349.36
196.80	1383.41
196.88	1404.20
196.95	1417.05
197.03	1413.67
197.10	1394.81
197.18	1362.88
197.25	1303.01
197.33	1218.56
197.40	1130.15
197.47	1039.63
197.55	971.37
197.62	931.96
197.70	928.70
197.77	956.28
197.85	1018.18
197.92	1093.78
197.99	1186.46
198.07	1287.23
198.14	1382.13
198.22	1475.28
198.29	1547.97
198.37	1603.21
198.44	1635.61
198.51	1648.51
198.59	1633.58
198.66	1606.12
198.74	1547.26
198.81	1454.21
198.89	1335.09
198.96	1219.14
199.03	1107.41
199.11	1029.96
199.18	999.59
199.26	1023.11
199.33	1087.76
199.41	1184.52
199.48	1293.20
199.55	1409.60
199.63	1510.04
199.70	1602.45
199.78	1678.78
199.85	1747.95
199.93	1800.00
200.00	1849.98
200.07	1867.19
200.15	1862.94
200.22	1819.50
200.30	1731.53
200.37	1596.45
200.44	1426.29
200.52	1265.77
200.59	1152.11
200.67	1095.85
200.74	1102.63
200.81	1173.74
200.89	1270.55
200.96	1378.45
201.04	1483.09
201.11	1602.44
201.19	1722.05
201.26	1832.80
201.33	1921.95
201.41	1998.70
201.48	2042.55
201.56	2060.15
201.63	2058.65
201.70	2013.97
201.78	1930.75
201.85	1808.94
201.93	1660.55
202.00	1514.37
202.07	1400.54
202.15	1307.94
202.22	1265.50
202.30	1287.78
202.37	1345.97
202.44	1443.41
202.52	1589.84
202.59	1750.90
202.67	1896.15
202.74	2033.43
202.81	2153.78
202.89	2257.32
202.96	2356.17
203.04	2450.77
203.11	2511.64
203.18	2546.39
203.26	2534.89
203.33	2466.51
203.41	2336.88
203.48	2157.76
203.55	1913.81
203.63	1687.17
203.70	1522.93
203.77	1443.34
203.85	1459.94
203.92	1581.58
204.00	1762.93
204.07	1948.17
204.14	2129.94
204.22	2305.24
204.29	2478.74
204.37	2625.47
204.44	2761.09
204.51	2871.07
204.59	2943.47
204.66	2965.78
204.73	2957.75
204.81	2898.06
204.88	2794.63
204.96	2635.53
205.03	2419.05
205.10	2181.78
205.18	1979.67
205.25	1811.19
205.32	1722.61
205.40	1740.02
205.47	1836.02
205.55	1981.78
205.62	2182.77
205.69	2421.81
205.77	2665.29
205.84	2900.78
205.91	3113.86
205.99	3299.08
206.06	3447.20
206.14	3581.80
206.21	3706.16
206.28	3797.04
206.36	3857.13
206.43	3856.99
206.50	3784.92
206.58	3613.81
206.65	3353.29
206.72	3006.05
206.80	2647.15
206.87	2344.20
206.95	2162.46
207.02	2136.70
207.09	2267.86
207.17	2518.76
207.24	2818.50
207.31	3126.79
207.39	3419.74
207.46	3702.39
207.53	3964.00
207.61	4214.21
207.68	4435.40
207.75	4641.13
207.83	4808.36
207.90	4923.51
207.98	4962.91
208.05	4932.83
208.12	4804.74
208.20	4581.49
208.27	4262.42
208.34	3863.71
208.42	3448.64
208.49	3123.12
208.56	2910.98
208.64	2856.76
208.71	2965.51
208.78	3185.99
208.86	3463.25
208.93	3775.02
209.00	4109.10
209.08	4455.13
209.15	4813.45
209.22	5151.07
209.30	5460.20
209.37	5733.89
209.44	5975.28
209.52	6167.16
209.59	6303.45
209.67	6378.51
209.74	6358.63
209.81	6244.95
209.89	5999.92
209.96	5613.21
210.03	5137.58
210.11	4675.68
210.18	4257.48
210.25	3965.64
210.33	3875.05
210.40	3987.39
210.47	4240.29
210.55	4601.07
210.62	5032.44
210.69	5475.48
210.77	5908.96
210.84	6304.68
210.91	6685.80
210.99	7024.24
211.06	7352.45
211.13	7654.31
211.21	7931.61
211.28	8145.85
211.35	8295.58
211.42	8324.08
211.50	8209.11
211.57	7937.56
211.64	7507.63
211.72	6945.18
211.79	6338.43
211.86	5847.62
211.94	5578.35
212.01	5558.60
212.08	5785.92
212.16	6191.88
212.23	6643.82
212.30	7060.78
212.38	7437.90
212.45	7793.28
212.52	8118.28
212.60	8429.51
212.67	8750.95
212.74	9083.54
212.82	9416.83
212.89	9754.14
212.96	10048.34
213.03	10257.94
213.11	10348.97
213.18	10282.36
213.25	10054.45
213.33	9663.38
213.40	9130.58
213.47	8605.53
213.55	8175.48
213.62	7887.90
213.69	7829.24
213.77	8022.60
213.84	8355.36
213.91	8773.30
213.98	9227.30
214.06	9645.76
214.13	10016.06
214.20	10327.75
214.28	10643.25
214.35	10992.58
214.42	11392.73
214.50	11822.28
214.57	12272.32
214.64	12660.68
214.72	12963.79
214.79	13166.88
214.86	13232.67
214.93	13148.56
215.01	12919.26
215.08	12509.48
215.15	11921.51
215.23	11265.96
215.30	10718.37
215.37	10413.23
215.44	10436.79
215.52	10783.86
215.59	11373.02
215.66	12031.65
215.74	12640.27
215.81	13157.23
215.88	13627.87
215.95	14063.24
216.03	14489.98
216.10	14903.51
216.17	15293.62
216.25	15631.19
216.32	15909.16
216.39	16097.50
216.46	16234.30
216.54	16309.61
216.61	16309.26
216.68	16194.82
216.76	15974.68
216.83	15575.09
216.90	15016.42
216.97	14429.68
217.05	13992.47
217.12	13780.42
217.19	13873.19
217.27	14271.00
217.34	14887.26
217.41	15584.86
217.48	16288.23
217.56	16945.18
217.63	17545.56
217.70	18044.49
217.78	18459.74
217.85	18791.21
217.92	19074.17
217.99	19326.30
218.07	19539.16
218.14	19717.54
218.21	19918.58
218.28	20113.35
218.36	20262.95
218.43	20354.40
218.50	20331.98
218.57	20103.02
218.65	19654.06
218.72	19014.22
218.79	18350.32
218.87	17825.47
218.94	17582.82
219.01	17694.65
219.08	18159.59
219.16	18845.98
219.23	19601.09
219.30	20321.21
219.37	20941.07
219.45	21484.82
219.52	21963.30
219.59	22397.97
219.66	22800.05
219.74	23194.08
219.81	23568.46
219.88	23900.57
219.95	24211.58
220.03	24501.67
220.10	24737.49
220.17	24891.62
220.24	24930.36
220.32	24814.14
220.39	24515.65
220.46	24039.92
220.53	23433.26
220.61	22831.77
220.68	22389.56
220.75	22233.92
220.82	22387.34
220.90	22798.30
220.97	23365.54
221.04	23944.93
221.11	24465.28
221.19	24926.21
221.26	25369.61
221.33	25792.30
221.40	26229.30
221.48	26642.01
221.55	27050.37
221.62	27425.61
221.69	27789.75
221.77	28109.32
221.84	28407.45
221.91	28628.47
221.98	28779.22
222.06	28840.21
222.13	28800.65
222.20	28660.42
222.27	28436.57
222.35	28139.01
222.42	27840.19
222.49	27632.66
222.56	27531.88
222.63	27565.26
222.71	27736.90
222.78	27981.40
222.85	28238.85
222.92	28509.17
223.00	28800.96
223.07	29114.28
223.14	29446.55
223.21	29808.94
223.29	30181.02
223.36	30568.80
223.43	30937.94
223.50	31300.28
223.57	31626.18
223.65	31916.33
223.72	32104.44
223.79	32237.85
223.86	32286.21
223.94	32270.79
224.01	32214.00
224.08	32161.17
224.15	32074.71
224.22	31998.09
224.30	31944.29
224.37	31922.22
224.44	31951.11
224.51	32055.34
224.59	32211.07
224.66	32412.80
224.73	32644.86
224.80	32879.70
224.87	33123.75
224.95	33396.33
225.02	33691.35
225.09	33982.45
225.16	34271.18
225.23	34553.77
225.31	34807.16
225.38	35000.95
225.45	35154.28
225.52	35280.73
225.60	35328.20
225.67	35310.49
225.74	35238.03
225.81	35128.71
225.88	35032.80
225.96	34994.76
226.03	35027.69
226.10	35153.31
226.17	35346.02
226.24	35533.55
226.32	35734.66
226.39	35946.25
226.46	36155.06
226.53	36365.94
226.60	36591.75
226.68	36813.59
226.75	37015.63
226.82	37213.22
226.89	37386.75
226.96	37543.60
227.04	37661.76
227.11	37756.76
227.18	37849.24
227.25	37925.41
227.32	37992.91
227.40	38071.56
227.47	38143.34
227.54	38155.03
227.61	38137.87
227.68	38069.56
227.76	37969.34
227.83	37908.10
227.90	37911.59
227.97	37981.84
228.04	38139.80
228.11	38346.41
228.19	38548.11
228.26	38736.08
228.33	38924.18
228.40	39083.49
228.47	39253.53
228.55	39405.45
228.62	39549.07
228.69	39671.09
228.76	39777.19
228.83	39858.79
228.90	39949.90
228.98	40049.83
229.05	40162.91
229.12	40302.10
229.19	40444.06
229.26	40573.27
229.34	40682.05
229.41	40770.90
229.48	40816.27
229.55	40833.53
229.62	40826.00
229.69	40797.18
229.77	40739.29
229.84	40698.11
229.91	40680.96
229.98	40707.98
230.05	40780.88
230.12	40891.31
230.20	41037.03
230.27	41200.35
230.34	41343.42
230.41	41468.83
230.48	41593.66
230.55	41683.73
230.63	41760.45
230.70	41842.39
230.77	41898.49
230.84	41947.51
230.91	41998.00
230.98	42034.67
231.06	42085.96
231.13	42184.93
231.20	42291.92
231.27	42411.52
231.34	42532.38
231.41	42643.97
231.49	42717.40
231.56	42781.40
231.63	42833.00
231.70	42888.24
231.77	42918.59
231.84	42942.17
231.92	42956.46
231.99	42969.92
232.06	42990.14
232.13	43029.50
232.20	43094.27
232.27	43166.27
232.34	43237.21
232.42	43287.81
232.49	43335.40
232.56	43375.06
232.63	43433.78
232.70	43484.31
232.77	43547.35
232.85	43600.96
232.92	43661.90
232.99	43699.52
233.06	43751.93
233.13	43810.13
233.20	43862.73
233.27	43904.87
233.35	43944.86
233.42	43974.28
233.49	44007.98
233.56	44051.52
233.63	44100.89
233.70	44147.46
233.77	44194.95
233.85	44233.43
233.92	44294.02
233.99	44334.29
234.06	44388.86
234.13	44441.65
234.20	44494.91
234.27	44521.95
234.35	44560.14
234.42	44585.57
234.49	44601.88
234.56	44610.56
234.63	44598.82
234.70	44599.81
234.77	44589.70
234.84	44580.81
234.92	44568.76
234.99	44576.21
235.06	44581.01
235.13	44603.86
235.20	44643.56
235.27	44694.58
235.34	44747.21
235.41	44808.26
235.49	44856.61
235.56	44885.44
235.63	44912.10
235.70	44937.54
235.77	44946.64
235.84	44960.66
235.91	44977.16
235.98	44981.07
236.06	44985.17
236.13	44984.30
236.20	44988.74
236.27	44988.79
236.34	44998.34
236.41	45007.18
236.48	45014.23
236.55	45014.83
236.63	45024.44
236.70	45015.88
236.77	45014.48
236.84	45038.86
236.91	45058.99
236.98	45075.22
237.05	45109.01
237.12	45137.60
237.19	45136.51
237.27	45143.42
237.34	45160.78
237.41	45173.56
237.48	45172.23
237.55	45172.97
237.62	45176.17
237.69	45177.75
237.76	45191.81
237.83	45218.86
237.91	45245.34
237.98	45271.68
238.05	45279.93
238.12	45273.10
238.19	45272.89
238.26	45298.47
238.33	45304.25
238.40	45319.13
238.47	45335.21
238.54	45341.02
238.62	45322.84
238.69	45312.08
238.76	45299.29
238.83	45277.68
238.90	45284.91
238.97	45295.97
239.04	45316.18
239.11	45336.76
239.18	45377.35
239.25	45385.52
239.33	45384.74
239.40	45380.73
239.47	45360.81
239.54	45326.10
239.61	45295.83
239.68	45284.34
239.75	45270.52
239.82	45269.41
239.89	45269.07
239.96	45274.15
240.03	45266.08
240.11	45268.45
240.18	45273.82
240.25	45286.44
240.32	45302.26
240.39	45328.47
240.46	45355.51
240.53	45391.83
240.60	45435.74
240.67	45470.37
240.74	45501.93
240.81	45531.00
240.88	45546.39
240.96	45550.05
241.03	45571.46
241.10	45578.98
241.17	45582.24
241.24	45595.75
241.31	45614.39
241.38	45602.68
241.45	45579.36
241.52	45562.32
241.59	45552.13
241.66	45544.15
241.73	45554.71
241.80	45592.65
241.88	45614.90
241.95	45629.01
242.02	45639.28
242.09	45640.53
242.16	45625.26
242.23	45635.71
242.30	45649.41
242.37	45656.67
242.44	45675.38
242.51	45693.36
242.58	45695.07
242.65	45703.93
242.72	45718.26
242.79	45726.83
242.87	45749.04
242.94	45765.56
243.01	45780.25
243.08	45801.96
243.15	45821.18
243.22	45844.47
243.29	45883.79
243.36	45914.10
243.43	45944.32
243.50	45987.35
243.57	46028.93
243.64	46055.92
243.71	46091.08
243.78	46112.36
243.85	46127.10
243.92	46133.93
243.99	46149.30
244.07	46157.97
244.14	46167.55
244.21	46180.18
244.28	46187.93
244.35	46197.78
244.42	46218.62
244.49	46243.87
244.56	46262.64
244.63	46300.53
244.70	46310.77
244.77	46317.77
244.84	46337.67
244.91	46364.73
244.98	46384.80
245.05	46433.20
245.12	46476.48
245.19	46518.42
245.26	46553.08
245.33	46587.82
245.40	46626.77
245.47	46666.66
245.55	46706.26
245.62	46734.51
245.69	46776.76
245.76	46832.04
245.83	46891.60
245.90	46944.17
245.97	47003.13
246.04	47056.34
246.11	47076.80
246.18	47092.34
246.25	47110.79
246.32	47118.22
246.39	47126.91
246.46	47160.74
246.53	47204.80
246.60	47256.13
246.67	47325.28
246.74	47395.25
246.81	47446.90
246.88	47488.31
246.95	47520.19
247.02	47564.54
247.09	47589.71
247.16	47615.70
247.23	47635.85
247.30	47653.64
247.37	47654.49
247.44	47670.55
247.51	47701.46
247.58	47735.27
247.66	47782.40
247.73	47856.47
247.80	47919.60
247.87	47979.92
247.94	48050.12
248.01	48132.04
248.08	48187.63
248.15	48235.88
248.22	48286.14
248.29	48342.79
248.36	48378.12
248.43	48427.93
248.50	48490.41
248.57	48544.05
248.64	48589.02
248.71	48651.44
248.78	48718.07
248.85	48781.83
248.92	48846.82
248.99	48901.97
249.06	48932.62
249.13	48948.66
249.20	48965.03
249.27	48991.89
249.34	49018.72
249.41	49056.88
249.48	49084.76
249.55	49111.62
249.62	49126.56
249.69	49136.90
249.76	49147.99
249.83	49178.43
249.90	49222.83
249.97	49285.90
250.04	49382.57
250.11	49490.49
250.18	49586.07
250.25	49662.57
250.32	49712.35
250.39	49748.49
250.46	49785.82
250.53	49832.35
250.60	49902.04
250.67	49980.50
250.74	50049.56
250.81	50106.46
250.88	50141.56
250.95	50169.85
251.02	50192.28
251.09	50213.73
251.16	50221.04
251.23	50246.43
251.30	50268.53
251.37	50301.84
251.44	50342.30
251.51	50415.78
251.58	50491.58
251.65	50571.58
251.72	50637.24
251.79	50703.56
251.86	50743.73
251.93	50779.29
252.00	50793.74
252.07	50815.55
252.14	50842.61
252.21	50868.46
252.28	50895.58
252.35	50945.29
252.42	51003.43
252.49	51053.73
252.56	51113.26
252.63	51168.49
252.70	51220.87
252.77	51267.92
252.84	51318.88
252.91	51374.66
252.98	51437.34
253.05	51469.62
253.12	51507.67
253.19	51539.17
253.25	51556.30
253.32	51570.33
253.39	51621.99
253.46	51662.82
253.53	51690.19
253.60	51709.56
253.67	51721.18
253.74	51736.38
253.81	51762.95
253.88	51803.30
253.95	51857.44
254.02	51914.42
254.09	51960.70
254.16	51987.74
254.23	52019.62
254.30	52060.44
254.37	52093.83
254.44	52125.70
254.51	52165.07
254.58	52195.41
254.65	52214.44
254.72	52252.80
254.79	52261.64
254.86	52284.52
254.93	52297.34
255.00	52319.79
255.07	52345.20
255.14	52409.65
255.21	52443.23
255.28	52456.55
255.34	52443.62
255.41	52418.38
255.48	52371.13
255.55	52347.08
255.62	52355.01
255.69	52385.31
255.76	52407.07
255.83	52452.75
255.90	52499.66
255.97	52561.31
256.04	52602.70
256.11	52666.54
256.18	52727.95
256.25	52794.32
256.32	52849.29
256.39	52924.33
256.46	52980.98
256.53	53031.06
256.60	53067.94
256.67	53107.69
256.74	53123.89
256.80	53143.33
256.87	53136.01
256.94	53111.35
257.01	53097.78
257.08	53108.33
257.15	53113.76
257.22	53127.77
257.29	53124.07
257.36	53082.51
257.43	53009.10
257.50	52937.83
257.57	52879.65
257.64	52869.66
257.71	52881.65
257.78	52941.11
257.85	53019.56
257.92	53103.55
257.98	53181.64
258.05	53249.53
258.12	53255.36
258.19	53216.09
258.26	53150.10
258.33	53059.59
258.40	52980.47
258.47	52941.33
258.54	52954.79
258.61	52983.36
258.68	53041.52
258.75	53106.38
258.82	53170.36
258.89	53220.40
258.95	53256.43
259.02	53266.44
259.09	53250.52
259.16	53221.75
259.23	53163.22
259.30	53121.49
259.37	53101.07
259.44	53096.03
259.51	53098.52
259.58	53132.68
259.65	53150.31
259.72	53154.08
259.79	53136.13
259.85	53105.64
259.92	53060.18
259.99	53043.90
260.06	53044.16
260.13	53055.56
260.20	53073.28
260.27	53070.60
260.34	53048.28
260.41	53017.14
260.48	52999.54
260.55	52989.04
260.62	52990.02
260.68	52966.37
260.75	52928.89
260.82	52898.29
260.89	52883.52
260.96	52883.57
261.03	52907.79
261.10	52927.19
261.17	52911.47
261.24	52841.18
261.31	52743.68
261.38	52649.88
261.44	52557.72
261.51	52481.71
261.58	52461.56
261.65	52478.87
261.72	52501.77
261.79	52519.05
261.86	52538.98
261.93	52539.50
262.00	52501.75
262.07	52438.18
262.13	52391.97
262.20	52351.24
262.27	52317.41
262.34	52313.31
262.41	52333.14
262.48	52363.38
262.55	52393.22
262.62	52418.03
262.69	52417.50
262.76	52408.50
262.82	52386.28
262.89	52360.07
262.96	52341.67
263.03	52327.83
263.10	52322.66
263.17	52304.42
263.24	52281.34
263.31	52269.61
263.38	52288.06
263.44	52324.48
263.51	52356.08
263.58	52370.01
263.65	52330.01
263.72	52230.64
263.79	52090.73
263.86	51977.51
263.93	51896.70
264.00	51864.65
264.06	51880.51
264.13	51898.76
264.20	51898.97
264.27	51854.38
264.34	51755.71
264.41	51652.47
264.48	51562.14
264.55	51458.01
264.61	51367.67
264.68	51289.05
264.75	51217.42
264.82	51146.45
264.89	51103.55
264.96	51101.64
265.03	51119.54
265.10	51141.43
265.16	51166.56
265.23	51164.31
265.30	51118.63
265.37	51076.07
265.44	51016.12
265.51	50962.49
265.58	50943.20
265.65	50969.38
265.71	51015.02
265.78	51075.17
265.85	51091.82
265.92	51055.60
265.99	50969.54
266.06	50846.41
266.13	50688.07
266.20	50570.40
266.26	50494.62
266.33	50440.22
266.40	50398.24
266.47	50367.67
266.54	50330.95
266.61	50313.06
266.68	50307.69
266.74	50302.84
266.81	50275.58
266.88	50203.56
266.95	50089.08
267.02	49972.23
267.09	49871.02
267.16	49833.46
267.22	49841.52
267.29	49893.05
267.36	49948.67
267.43	50014.67
267.50	50035.93
267.57	50036.46
267.64	49979.32
267.70	49897.41
267.77	49796.47
267.84	49717.02
267.91	49671.26
267.98	49669.18
268.05	49700.27
268.11	49724.72
268.18	49721.07
268.25	49673.54
268.32	49576.72
268.39	49418.80
268.46	49231.57
268.53	49020.06
268.59	48829.57
268.66	48685.69
268.73	48602.12
268.80	48581.75
268.87	48638.20
268.94	48737.96
269.00	48858.11
269.07	48977.56
269.14	49064.72
269.21	49088.77
269.28	49038.39
269.35	48942.62
269.41	48847.56
269.48	48773.80
269.55	48749.07
269.62	48774.55
269.69	48818.76
269.76	48835.37
269.82	48812.78
269.89	48765.80
269.96	48690.46
270.03	48596.67
270.10	48490.74
270.17	48381.32
270.23	48293.24
270.30	48227.25
270.37	48209.85
270.44	48220.07
270.51	48250.65
270.58	48267.46
270.64	48275.42
270.71	48260.50
270.78	48264.69
270.85	48272.96
270.92	48283.22
270.99	48294.57
271.05	48272.58
271.12	48200.89
271.19	48099.15
271.26	47981.17
271.33	47876.10
271.39	47796.18
271.46	47714.22
271.53	47665.48
271.60	47626.72
271.67	47575.24
271.74	47514.86
271.80	47482.07
271.87	47448.95
271.94	47411.18
272.01	47371.43
272.08	47340.87
272.14	47311.68
272.21	47277.17
272.28	47240.96
272.35	47212.78
272.42	47197.59
272.48	47192.57
272.55	47185.07
272.62	47181.32
272.69	47163.40
272.76	47149.11
272.83	47112.06
272.89	47079.54
272.96	47065.37
273.03	47052.09
273.10	47028.08
273.17	47012.81
273.23	46980.61
273.30	46909.88
273.37	46804.60
273.44	46655.75
273.51	46502.78
273.57	46387.86
273.64	46329.40
273.71	46318.37
273.78	46362.74
273.85	46436.14
273.91	46507.75
273.98	46593.40
274.05	46702.70
274.12	46834.08
274.19	46971.71
274.25	47083.65
274.32	47150.47
274.39	47161.27
274.46	47098.99
274.53	46973.61
274.59	46812.46
274.66	46634.57
274.73	46478.69
274.80	46348.71
274.86	46257.30
274.93	46215.82
275.00	46191.47
275.07	46177.23
275.14	46162.60
275.20	46144.36
275.27	46119.15
275.34	46101.73
275.41	46074.37
275.48	46073.65
275.54	46091.69
275.61	46122.24
275.68	46153.36
275.75	46172.80
275.81	46173.68
275.88	46168.00
275.95	46169.90
276.02	46172.06
276.09	46192.67
276.15	46217.59
276.22	46223.90
276.29	46192.71
276.36	46092.80
276.42	45957.70
276.49	45799.50
276.56	45639.39
276.63	45503.52
276.70	45435.87
276.76	45422.95
276.83	45461.27
276.90	45526.87
276.97	45593.68
277.03	45639.37
277.10	45629.50
277.17	45563.14
277.24	45481.41
277.30	45411.50
277.37	45372.94
277.44	45402.39
277.51	45480.79
277.58	45547.28
277.64	45588.14
277.71	45577.76
277.78	45481.84
277.85	45332.99
277.91	45157.54
277.98	44974.76
278.05	44829.44
278.12	44743.43
278.18	44704.84
278.25	44730.24
278.32	44805.41
278.39	44915.53
278.45	45049.03
278.52	45200.28
278.59	45352.73
278.66	45475.90
278.72	45536.83
278.79	45513.17
278.86	45387.00
278.93	45173.20
278.99	44911.03
279.06	44666.34
279.13	44501.65
279.20	44451.52
279.26	44523.88
279.33	44678.87
279.40	44877.87
279.47	45067.98
279.53	45205.84
279.60	45212.82
279.67	45085.51
279.74	44811.22
279.80	44485.49
279.87	44168.35
279.94	43932.31
280.01	43824.62
280.07	43854.38
280.14	43936.76
280.21	44010.75
280.28	44083.67
280.34	44166.81
280.41	44232.07
280.48	44289.67
280.55	44351.28
280.61	44407.15
280.68	44421.15
280.75	44442.07
280.82	44470.82
280.88	44509.72
280.95	44528.17
281.02	44516.44
281.08	44450.87
281.15	44334.66
281.22	44195.14
281.29	44047.97
281.35	43885.94
281.42	43719.34
281.49	43533.52
281.56	43356.22
281.62	43203.21
281.69	43083.69
281.76	42996.21
281.82	42953.01
281.89	42928.92
281.96	42930.03
282.03	42964.47
282.09	43022.82
282.16	43103.79
282.23	43203.31
282.30	43311.71
282.36	43434.31
282.43	43566.77
282.50	43694.41
282.56	43776.95
282.63	43831.26
282.70	43860.11
282.77	43894.55
282.83	43918.26
282.90	43966.52
282.97	43980.90
283.03	43908.38
283.10	43710.84
283.17	43441.40
283.24	43101.45
283.30	42772.31
283.37	42536.00
283.44	42413.28
283.50	42372.77
283.57	42414.39
283.64	42485.03
283.71	42553.21
283.77	42630.66
283.84	42713.37
283.91	42783.94
283.97	42868.94
284.04	42971.23
284.11	43059.65
284.18	43144.06
284.24	43213.74
284.31	43242.43
284.38	43217.30
284.44	43164.93
284.51	43119.83
284.58	43088.03
284.64	43075.59
284.71	43053.99
284.78	43004.95
284.85	42922.01
284.91	42815.68
284.98	42688.69
285.05	42566.58
285.11	42420.51
285.18	42248.10
285.25	42044.99
285.31	41854.06
285.38	41720.48
285.45	41689.94
285.52	41738.70
285.58	41872.65
285.65	42032.95
285.72	42193.72
285.78	42336.19
285.85	42454.97
285.92	42555.92
285.98	42675.42
286.05	42785.09
286.12	42905.19
286.18	43030.27
286.25	43147.11
286.32	43225.28
286.39	43289.23
286.45	43293.77
286.52	43216.58
286.59	43051.01
286.65	42800.52
286.72	42480.55
286.79	42155.24
286.85	41893.18
286.92	41709.86
286.99	41619.06
287.05	41595.94
287.12	41640.13
287.19	41710.04
287.25	41816.99
287.32	41944.92
287.39	42075.61
287.45	42177.19
287.52	42269.98
287.59	42343.93
287.65	42404.82
287.72	42477.78
287.79	42568.06
287.86	42645.64
287.92	42726.82
287.99	42792.83
288.06	42856.18
288.12	42892.79
288.19	42944.36
288.26	42979.82
288.32	43022.10
288.39	43025.94
288.46	43023.69
288.52	42969.60
288.59	42848.58
288.66	42650.98
288.72	42408.22
288.79	42122.03
288.86	41858.42
288.92	41674.35
288.99	41589.26
289.06	41622.28
289.12	41736.07
289.19	41914.13
289.26	42124.92
289.32	42359.55
289.39	42579.87
289.45	42820.84
289.52	42994.63
289.59	43122.92
289.65	43174.72
289.72	43175.64
289.79	43134.59
289.85	43099.41
289.92	43039.59
289.99	42975.90
290.05	42867.90
290.12	42725.86
290.19	42588.61
290.25	42475.13
290.32	42419.76
290.39	42430.06
290.45	42471.38
290.52	42486.45
290.59	42452.72
290.65	42325.74
290.72	42145.56
290.79	41965.89
290.85	41876.26
290.92	41893.31
290.98	42027.26
291.05	42252.19
291.12	42509.45
291.18	42745.12
291.25	42952.80
291.32	43123.96
291.38	43277.25
291.45	43426.72
291.52	43570.52
291.58	43667.51
291.65	43729.48
291.72	43730.16
291.78	43647.79
291.85	43478.17
291.91	43309.11
291.98	43157.35
292.05	43011.21
292.11	42883.52
292.18	42764.49
292.25	42618.79
292.31	42436.96
292.38	42280.07
292.45	42165.09
292.51	42110.15
292.58	42109.15
292.64	42179.70
292.71	42289.14
292.78	42436.34
292.84	42610.90
292.91	42814.33
292.98	43020.86
293.04	43228.33
293.11	43419.87
293.17	43614.54
293.24	43804.73
293.31	43967.61
293.37	44112.58
293.44	44232.77
293.51	44297.60
293.57	44299.47
293.64	44257.41
293.70	44131.34
293.77	43906.40
293.84	43589.42
293.90	43240.70
293.97	42896.32
294.04	42640.18
294.10	42486.16
294.17	42459.53
294.23	42511.86
294.30	42579.56
294.37	42596.47
294.43	42597.72
294.50	42565.20
294.56	42523.62
294.63	42529.00
294.70	42621.51
294.76	42803.96
294.83	43053.28
294.90	43338.04
294.96	43632.74
295.03	43908.70
295.09	44153.55
295.16	44385.88
295.23	44583.19
295.29	44751.09
295.36	44892.48
295.42	44990.85
295.49	45041.72
295.56	45068.06
295.62	45048.91
295.69	44959.55
295.75	44797.53
295.82	44552.52
295.89	44233.92
295.95	43858.28
296.02	43496.32
296.08	43149.58
296.15	42851.49
296.22	42630.13
296.28	42504.84
296.35	42484.97
296.41	42572.66
296.48	42789.40
296.55	43103.93
296.61	43458.35
296.68	43808.67
296.74	44143.63
296.81	44419.82
296.88	44631.88
296.94	44808.10
297.01	44952.58
297.07	45090.98
297.14	45253.40
297.20	45426.38
297.27	45613.16
297.34	45797.70
297.40	45958.46
297.47	46062.69
297.53	46105.15
297.60	46091.94
297.67	45998.23
297.73	45832.61
297.80	45553.88
297.86	45157.00
297.93	44672.89
298.00	44167.43
298.06	43696.13
298.13	43361.98
298.19	43188.12
298.26	43162.04
298.32	43249.10
298.39	43395.15
298.46	43540.54
298.52	43725.71
298.59	43935.63
298.65	44177.70
298.72	44457.46
298.78	44767.88
298.85	45051.32
298.92	45324.84
298.98	45579.63
299.05	45791.34
299.11	45985.53
299.18	46180.38
299.24	46342.64
299.31	46463.88
299.38	46587.98
299.44	46674.24
299.51	46728.31
299.57	46762.59
299.64	46783.44
299.70	46754.06
299.77	46673.94
299.84	46478.60
299.90	46130.20
299.97	45575.36
300.03	44874.91
300.10	44161.02
300.16	43581.48
300.23	43238.98
300.30	43188.84
300.36	43372.85
300.43	43704.92
300.49	44092.07
300.56	44473.07
300.62	44823.13
300.69	45164.66
300.75	45476.23
300.82	45762.03
300.89	46003.12
300.95	46228.10
301.02	46423.00
301.08	46594.43
301.15	46749.26
301.21	46893.56
301.28	47024.71
301.34	47142.03
301.41	47245.40
301.48	47315.04
301.54	47362.77
301.61	47384.87
301.67	47357.47
301.74	47281.73
301.80	47129.37
301.87	46877.78
301.93	46500.56
302.00	46038.09
302.06	45512.55
302.13	44994.89
302.20	44574.16
302.26	44302.24
302.33	44186.00
302.39	44210.42
302.46	44356.78
302.52	44563.63
302.59	44816.73
302.65	45103.38
302.72	45397.49
302.78	45686.43
302.85	45972.54
302.91	46218.42
302.98	46428.70
303.05	46617.70
303.11	46786.23
303.18	46913.90
303.24	47046.79
303.31	47149.40
303.37	47244.72
303.44	47314.88
303.50	47363.89
303.57	47379.08
303.63	47379.53
303.70	47346.04
303.76	47296.32
303.83	47233.93
303.89	47135.89
303.96	46997.99
304.03	46784.20
304.09	46480.10
304.16	46040.71
304.22	45511.01
304.29	45009.53
304.35	44609.83
304.42	44382.55
304.48	44359.35
304.55	44514.02
304.61	44726.71
304.68	44985.00
304.74	45239.82
304.81	45495.71
304.87	45722.62
304.94	45951.58
305.00	46141.97
305.07	46289.74
305.13	46399.85
305.20	46501.14
305.26	46588.04
305.33	46664.87
305.39	46741.37
305.46	46800.56
305.52	46845.30
305.59	46871.49
305.66	46879.11
305.72	46856.63
305.79	46815.86
305.85	46754.11
305.92	46633.69
305.98	46442.44
306.05	46179.81
306.11	45864.34
306.18	45524.21
306.24	45188.57
306.31	44863.32
306.37	44552.13
306.44	44278.75
306.50	44030.01
306.57	43861.18
306.63	43824.50
306.70	43918.29
306.76	44098.84
306.83	44361.30
306.89	44616.83
306.96	44849.50
307.02	45032.42
307.09	45198.89
307.15	45312.40
307.22	45419.88
307.28	45490.11
307.35	45555.24
307.41	45591.26
307.48	45625.97
307.54	45642.51
307.61	45643.57
307.67	45615.80
307.74	45584.70
307.80	45544.04
307.87	45500.60
307.93	45465.61
308.00	45435.96
308.06	45383.01
308.13	45302.06
308.19	45186.36
308.26	45049.43
308.32	44897.33
308.38	44744.86
308.45	44568.46
308.51	44363.33
308.58	44107.70
308.64	43830.09
308.71	43577.10
308.77	43407.07
308.84	43324.56
308.90	43350.35
308.97	43454.64
309.03	43584.55
309.10	43709.47
309.16	43833.49
309.23	43927.39
309.29	44006.91
309.36	44060.40
309.42	44101.91
309.49	44137.13
309.55	44158.10
309.62	44155.60
309.68	44155.97
309.75	44126.81
309.81	44066.30
309.88	44009.71
309.94	43945.21
310.00	43864.22
310.07	43798.72
310.13	43734.40
310.20	43652.13
310.26	43571.72
310.33	43492.66
310.39	43411.58
310.46	43318.56
310.52	43220.08
310.59	43085.13
310.65	42924.98
310.72	42734.46
310.78	42565.76
310.85	42419.93
310.91	42339.57
310.97	42317.24
311.04	42337.15
311.10	42363.38
311.17	42396.41
311.23	42427.40
311.30	42439.15
311.36	42450.58
311.43	42478.70
311.49	42504.12
311.56	42516.80
311.62	42539.70
311.69	42566.42
311.75	42572.48
311.81	42564.42
311.88	42540.88
311.94	42494.23
312.01	42426.56
312.07	42359.66
312.14	42304.09
312.20	42254.84
312.27	42207.56
312.33	42172.94
312.40	42117.25
312.46	42042.55
312.52	41970.17
312.59	41896.40
312.65	41801.79
312.72	41713.05
312.78	41622.11
312.85	41522.83
312.91	41404.54
312.98	41284.15
313.04	41175.32
313.10	41059.18
313.17	40952.23
313.23	40888.10
313.30	40834.59
313.36	40791.07
313.43	40788.13
313.49	40794.96
313.56	40792.67
313.62	40804.67
313.68	40810.07
313.75	40802.18
313.81	40786.07
313.88	40756.63
313.94	40729.84
314.01	40709.76
314.07	40693.33
314.13	40679.93
314.20	40667.48
314.26	40636.72
314.33	40604.09
314.39	40562.27
314.46	40493.69
314.52	40432.37
314.58	40361.06
314.65	40282.26
314.71	40185.67
314.78	40118.87
314.84	40038.57
314.91	39979.53
314.97	39917.96
315.03	39880.40
315.10	39829.46
315.16	39761.62
315.23	39694.59
315.29	39623.35
315.36	39555.82
315.42	39486.48
315.48	39445.77
315.55	39397.06
315.61	39341.20
315.68	39275.83
315.74	39219.31
315.81	39155.24
315.87	39109.43
315.93	39089.41
316.00	39099.91
316.06	39109.46
316.13	39128.07
316.19	39107.35
316.25	39056.54
316.32	38942.01
316.38	38784.02
316.45	38582.64
316.51	38366.64
316.58	38127.60
316.64	37869.81
316.70	37623.24
316.77	37370.66
316.83	37114.53
316.90	36852.61
316.96	36609.72
317.02	36352.20
317.09	36103.84
317.15	35848.18
317.22	35587.35
317.28	35321.56
317.34	35058.00
317.41	34798.98
317.47	34548.58
317.54	34305.28
317.60	34058.83
317.66	33807.66
317.73	33545.89
317.79	33279.82
317.86	33011.50
317.92	32745.24
317.98	32478.73
318.05	32200.01
318.11	31921.17
318.18	31648.59
318.24	31365.55
318.30	31097.75
318.37	30830.00
318.43	30555.05
318.50	30279.12
318.56	30006.95
318.62	29732.44
318.69	29466.83
318.75	29206.75
318.82	28939.42
318.88	28676.62
318.94	28395.07
319.01	28118.44
319.07	27847.52
319.13	27571.12
319.20	27288.25
319.26	27007.68
319.33	26717.99
319.39	26418.27
319.45	26123.66
319.52	25846.58
319.58	25557.40
319.65	25264.11
319.71	24978.90
319.77	24688.67
319.84	24390.19
319.90	24108.88
319.96	23834.20
320.03	23546.69
320.09	23277.95
320.16	22997.49
320.22	22718.18
320.28	22425.98
320.35	22146.17
320.41	21859.92
320.47	21582.02
320.54	21302.77
320.60	21028.09
320.67	20752.48
320.73	20475.41
320.79	20185.00
320.86	19901.98
320.92	19610.92
320.98	19313.73
321.05	19012.05
321.11	18717.36
321.18	18419.11
321.24	18134.32
321.30	17856.35
321.37	17582.53
321.43	17315.99
321.49	17040.72
321.56	16765.32
321.62	16490.13
321.68	16211.45
321.75	15933.63
321.81	15648.62
321.88	15368.34
321.94	15085.01
322.00	14799.83
322.07	14506.44
322.13	14221.64
322.19	13934.83
322.26	13650.05
322.32	13374.79
322.38	13101.18
322.45	12835.03
322.51	12563.38
322.58	12300.08
322.64	12016.14
322.70	11744.24
322.77	11468.63
322.83	11198.26
322.89	10918.77
322.96	10653.23
323.02	10381.36
323.08	10110.68
323.15	9841.30
323.21	9575.03
323.27	9316.09
323.34	9058.06
323.40	8804.24
323.46	8553.64
323.53	8194.87
323.59	7073.74
323.65	5473.49
323.72	3794.79
323.78	2168.34
323.85	701.13
323.91	43.48
323.97	-81.20
324.04	-81.75
