180.21	3368.95
180.28	-117.28
180.36	625.36
180.44	-41.70
180.51	-11.90
180.59	10.24
180.66	36.79
180.74	33.19
180.81	31.04
180.89	32.77
180.97	34.05
181.04	31.95
181.12	30.99
181.19	31.49
181.27	31.75
181.34	49.48
181.42	56.68
181.50	64.11
181.57	76.44
181.65	81.94
181.72	75.35
181.80	69.99
181.87	70.64
181.95	70.59
182.03	69.78
182.10	72.53
182.18	75.00
182.25	80.43
182.33	78.98
182.40	85.36
182.48	79.82
182.55	90.41
182.63	93.51
182.71	96.76
182.78	98.48
182.86	105.32
182.93	102.23
183.01	104.83
183.08	104.64
183.16	110.96
183.23	107.37
183.31	114.21
183.39	113.49
183.46	123.42
183.54	118.04
183.61	124.68
183.69	126.64
183.76	137.72
183.84	137.12
183.91	138.92
183.99	149.54
184.06	151.12
184.14	152.80
184.22	157.09
184.29	160.32
184.37	158.20
184.44	153.05
184.52	141.62
184.59	138.14
184.67	142.44
184.74	135.93
184.82	147.97
184.89	161.38
184.97	170.33
185.04	177.48
185.12	187.65
185.20	195.72
185.27	203.26
185.35	212.58
185.42	212.08
185.50	223.76
185.57	223.50
185.65	227.77
185.72	228.73
185.80	237.54
185.87	234.04
185.95	233.78
186.02	236.05
186.10	233.41
186.17	232.57
186.25	234.21
186.33	226.15
186.40	217.78
186.48	220.07
186.55	223.63
186.63	225.95
186.70	252.86
186.78	270.22
186.85	287.53
186.93	299.16
187.00	313.25
187.08	309.92
187.15	317.43
187.23	320.41
187.30	326.04
187.38	338.13
187.45	354.30
187.53	367.75
187.60	375.26
187.68	385.75
187.75	395.76
187.83	403.95
187.90	402.61
187.98	403.87
188.05	405.34
188.13	390.99
188.21	370.77
188.28	366.39
188.36	361.44
188.43	360.62
188.51	373.61
188.58	399.17
188.66	405.34
188.73	420.46
188.81	441.20
188.88	451.79
188.96	463.48
189.03	492.19
189.11	515.59
189.18	528.50
189.26	548.43
189.33	572.03
189.41	595.13
189.48	614.78
189.56	634.16
189.63	651.14
189.71	648.90
189.78	627.83
189.86	603.49
189.93	584.13
190.01	557.43
190.08	539.51
190.16	528.05
190.23	514.43
190.31	508.39
190.38	503.92
190.46	512.66
190.53	535.33
190.61	576.67
190.68	602.87
190.76	650.14
190.83	684.90
190.91	711.66
190.98	725.47
191.06	749.35
191.13	760.12
191.21	768.05
191.28	764.65
191.35	763.05
191.43	753.64
191.50	737.66
191.58	731.07
191.65	740.72
191.73	747.15
191.80	759.19
191.88	764.24
191.95	766.15
192.03	768.48
192.10	778.31
192.18	788.83
192.25	812.79
192.33	828.67
192.40	831.60
192.48	827.05
192.55	819.96
192.63	803.51
192.70	797.48
192.78	800.19
192.85	814.42
192.93	823.47
193.00	822.44
193.08	807.69
193.15	792.09
193.22	779.03
193.30	778.87
193.37	814.58
193.45	855.41
193.52	908.12
193.60	964.19
193.67	1011.42
193.75	1040.60
193.82	1074.49
193.90	1087.53
193.97	1090.87
194.05	1081.40
194.12	1061.03
194.20	1034.79
194.27	1007.89
194.34	963.22
194.42	924.34
194.49	900.06
194.57	883.15
194.64	865.18
194.72	859.09
194.79	864.93
194.87	878.93
194.94	915.93
195.02	973.77
195.09	1046.97
195.17	1123.28
195.24	1192.51
195.31	1240.46
195.39	1272.08
195.46	1287.21
195.54	1297.76
195.61	1294.62
195.69	1274.72
195.76	1242.00
195.84	1196.28
195.91	1112.48
195.99	1018.58
196.06	935.57
196.13	885.81
196.21	865.81
196.28	893.95
196.36	962.33
196.43	1047.04
196.51	1134.93
196.58	1219.37
196.66	1293.34
196.73	1347.67
196.80	1383.56
196.88	1399.90
196.95	1411.91
197.03	1410.55
197.10	1390.79
197.18	1357.89
197.25	1302.37
197.33	1217.78
197.40	1128.45
197.47	1036.01
197.55	966.74
197.62	927.10
197.70	924.06
197.77	952.85
197.85	1016.40
197.92	1092.30
197.99	1185.28
198.07	1285.45
198.14	1378.99
198.22	1472.30
198.29	1544.05
198.37	1597.78
198.44	1636.50
198.51	1650.73
198.59	1634.62
198.66	1611.38
198.74	1552.16
198.81	1453.29
198.89	1332.94
198.96	1219.28
199.03	1106.26
199.11	1030.41
199.18	1001.07
199.26	1026.81
199.33	1090.52
199.41	1189.76
199.48	1297.09
199.55	1413.33
199.63	1513.24
199.70	1603.37
199.78	1676.92
199.85	1747.62
199.93	1800.95
200.00	1850.82
200.07	1869.16
200.15	1862.60
200.22	1817.62
200.30	1728.59
200.37	1593.69
200.44	1423.42
200.52	1265.55
200.59	1153.78
200.67	1097.08
200.74	1102.47
200.81	1174.43
200.89	1274.87
200.96	1382.96
201.04	1489.66
201.11	1610.21
201.19	1729.26
201.26	1835.44
201.33	1919.80
201.41	1996.15
201.48	2040.98
201.56	2056.88
201.63	2053.98
201.70	2012.46
201.78	1927.98
201.85	1801.54
201.93	1657.97
202.00	1514.03
202.07	1400.64
202.15	1311.80
202.22	1270.56
202.30	1293.06
202.37	1350.68
202.44	1445.31
202.52	1586.30
202.59	1751.14
202.67	1894.55
202.74	2028.68
202.81	2150.03
202.89	2256.86
202.96	2358.97
203.04	2452.13
203.11	2520.09
203.18	2558.27
203.26	2545.92
203.33	2472.47
203.41	2340.73
203.48	2158.11
203.55	1911.78
203.63	1684.31
203.70	1521.25
203.77	1445.46
203.85	1465.15
203.92	1583.75
204.00	1765.38
204.07	1949.96
204.14	2134.00
204.22	2307.28
204.29	2488.19
204.37	2639.81
204.44	2774.62
204.51	2882.47
204.59	2951.13
204.66	2971.71
204.73	2959.15
204.81	2900.01
204.88	2797.62
204.96	2644.84
205.03	2429.16
205.10	2193.46
205.18	1988.10
205.25	1822.83
205.32	1730.20
205.40	1744.16
205.47	1838.44
205.55	1985.61
205.62	2180.15
205.69	2418.29
205.77	2662.75
205.84	2902.74
205.91	3115.09
205.99	3300.45
206.06	3447.17
206.14	3584.41
206.21	3702.79
206.28	3798.51
206.36	3861.06
206.43	3865.43
206.50	3794.12
206.58	3626.92
206.65	3363.34
206.72	3014.76
206.80	2654.87
206.87	2347.19
206.95	2162.21
207.02	2136.90
207.09	2269.29
207.17	2518.51
207.24	2817.48
207.31	3123.62
207.39	3415.92
207.46	3698.92
207.53	3958.79
207.61	4210.58
207.68	4438.10
207.75	4649.94
207.83	4815.22
207.90	4930.82
207.98	4968.42
208.05	4940.72
208.12	4807.70
208.20	4585.31
208.27	4264.93
208.34	3865.85
208.42	3446.27
208.49	3115.05
208.56	2904.75
208.64	2852.29
208.71	2963.26
208.78	3184.86
208.86	3464.48
208.93	3772.33
209.00	4103.62
209.08	4453.44
209.15	4810.39
209.22	5148.46
209.30	5461.66
209.37	5737.12
209.44	5973.00
209.52	6163.98
209.59	6300.53
209.67	6373.37
209.74	6360.19
209.81	6245.24
209.89	6001.56
209.96	5616.08
210.03	5136.98
210.11	4667.36
210.18	4253.16
210.25	3962.42
210.33	3875.01
210.40	3991.35
210.47	4246.96
210.55	4612.38
210.62	5041.56
210.69	5477.64
210.77	5904.14
210.84	6296.65
210.91	6669.39
210.99	7010.90
211.06	7340.65
211.13	7643.63
211.21	7922.24
211.28	8144.28
211.35	8297.23
211.42	8334.50
211.50	8229.98
211.57	7961.19
211.64	7525.73
211.72	6952.70
211.79	6334.70
211.86	5835.63
211.94	5568.43
212.01	5544.20
212.08	5771.79
212.16	6178.27
212.23	6631.49
212.30	7043.51
212.38	7427.15
212.45	7779.16
212.52	8107.98
212.60	8417.06
212.67	8744.69
212.74	9083.13
212.82	9424.98
212.89	9760.31
212.96	10059.91
213.03	10260.19
213.11	10339.01
213.18	10270.38
213.25	10042.63
213.33	9642.75
213.40	9111.42
213.47	8586.03
213.55	8156.19
213.62	7874.87
213.69	7820.59
213.77	8015.97
213.84	8348.80
213.91	8767.02
213.98	9220.88
214.06	9646.06
214.13	10015.69
214.20	10340.02
214.28	10656.38
214.35	10997.33
214.42	11388.89
214.50	11814.10
214.57	12249.06
214.64	12646.17
214.72	12961.10
214.79	13165.09
214.86	13237.66
214.93	13158.98
215.01	12918.89
215.08	12503.45
215.15	11922.36
215.23	11265.66
215.30	10719.83
215.37	10413.83
215.44	10437.97
215.52	10780.01
215.59	11368.70
215.66	12024.52
215.74	12634.26
215.81	13146.34
215.88	13613.58
215.95	14053.64
216.03	14490.60
216.10	14908.32
216.17	15308.97
216.25	15652.59
216.32	15920.93
216.39	16104.08
216.46	16234.21
216.54	16313.73
216.61	16314.34
216.68	16212.80
216.76	15993.73
216.83	15594.31
216.90	15038.46
216.97	14459.00
217.05	14016.15
217.12	13795.44
217.19	13892.86
217.27	14283.43
217.34	14890.43
217.41	15581.57
217.48	16286.30
217.56	16937.48
217.63	17537.99
217.70	18038.75
217.78	18448.16
217.85	18790.07
217.92	19075.53
217.99	19315.11
218.07	19524.67
218.14	19716.56
218.21	19915.22
218.28	20115.83
218.36	20289.37
218.43	20386.11
218.50	20360.92
218.57	20135.01
218.65	19683.41
218.72	19025.76
218.79	18361.39
218.87	17831.38
218.94	17580.50
219.01	17687.23
219.08	18152.57
219.16	18831.56
219.23	19587.10
219.30	20310.39
219.37	20940.40
219.45	21489.59
219.52	21976.35
219.59	22415.39
219.66	22814.78
219.74	23207.46
219.81	23575.00
219.88	23905.50
219.95	24218.35
220.03	24511.41
220.10	24748.40
220.17	24902.36
220.24	24941.14
220.32	24820.18
220.39	24532.83
220.46	24052.31
220.53	23445.37
220.61	22837.48
220.68	22404.29
220.75	22230.21
220.82	22386.66
220.90	22797.55
220.97	23369.61
221.04	23947.41
221.11	24465.87
221.19	24924.05
221.26	25362.84
221.33	25784.39
221.40	26216.06
221.48	26651.37
221.55	27059.58
221.62	27444.19
221.69	27815.97
221.77	28145.80
221.84	28422.17
221.91	28635.49
221.98	28784.74
222.06	28845.33
222.13	28809.39
222.20	28677.86
222.27	28465.27
222.35	28163.39
222.42	27852.79
222.49	27633.02
222.56	27538.12
222.63	27577.13
222.71	27747.03
222.78	28001.01
222.85	28263.79
222.92	28525.31
223.00	28796.40
223.07	29109.99
223.14	29433.92
223.21	29795.74
223.29	30177.97
223.36	30570.48
223.43	30944.22
223.50	31311.67
223.57	31637.72
223.65	31916.23
223.72	32118.53
223.79	32246.80
223.86	32298.66
223.94	32281.58
224.01	32232.85
224.08	32167.83
224.15	32096.47
224.22	32027.34
224.30	31965.77
224.37	31942.52
224.44	31983.36
224.51	32076.68
224.59	32216.78
224.66	32432.87
224.73	32659.48
224.80	32893.94
224.87	33150.81
224.95	33440.22
225.02	33727.34
225.09	34021.85
225.16	34298.93
225.23	34570.32
225.31	34809.84
225.38	35000.45
225.45	35163.96
225.52	35287.53
225.60	35344.81
225.67	35337.22
225.74	35275.61
225.81	35164.21
225.88	35074.63
225.96	35038.69
226.03	35074.67
226.10	35200.41
226.17	35381.21
226.24	35577.17
226.32	35779.68
226.39	35993.76
226.46	36198.71
226.53	36418.35
226.60	36650.45
226.68	36863.24
226.75	37061.55
226.82	37243.43
226.89	37411.55
226.96	37558.33
227.04	37671.47
227.11	37765.25
227.18	37878.14
227.25	37953.90
227.32	38023.16
227.40	38100.42
227.47	38157.00
227.54	38158.76
227.61	38137.66
227.68	38063.07
227.76	37972.62
227.83	37906.57
227.90	37914.95
227.97	38003.47
228.04	38161.35
228.11	38363.14
228.19	38573.37
228.26	38762.36
228.33	38929.21
228.40	39092.65
228.47	39250.14
228.55	39408.72
228.62	39569.34
228.69	39707.25
228.76	39823.80
228.83	39923.92
228.90	40022.77
228.98	40116.63
229.05	40225.75
229.12	40356.91
229.19	40494.57
229.26	40621.71
229.34	40725.15
229.41	40798.57
229.48	40828.53
229.55	40849.58
229.62	40836.35
229.69	40796.76
229.77	40757.86
229.84	40736.91
229.91	40727.32
229.98	40747.45
230.05	40826.09
230.12	40930.05
230.20	41051.94
230.27	41194.96
230.34	41341.10
230.41	41475.71
230.48	41596.51
230.55	41701.00
230.63	41789.06
230.70	41884.43
230.77	41942.18
230.84	42001.43
230.91	42059.00
230.98	42109.24
231.06	42160.44
231.13	42247.96
231.20	42349.35
231.27	42464.30
231.34	42567.97
231.41	42672.29
231.49	42755.68
231.56	42822.18
231.63	42871.10
231.70	42925.70
231.77	42951.29
231.84	42970.21
231.92	42983.51
231.99	43011.99
232.06	43039.19
232.13	43086.32
232.20	43149.62
232.27	43221.83
232.34	43284.95
232.42	43332.87
232.49	43379.69
232.56	43417.06
232.63	43473.40
232.70	43515.87
232.77	43575.24
232.85	43627.08
232.92	43688.70
232.99	43739.09
233.06	43800.99
233.13	43858.91
233.20	43911.42
233.27	43948.41
233.35	43981.95
233.42	44022.47
233.49	44056.95
233.56	44092.38
233.63	44146.74
233.70	44185.45
233.77	44228.59
233.85	44274.42
233.92	44331.94
233.99	44380.95
234.06	44445.23
234.13	44490.53
234.20	44535.95
234.27	44571.42
234.35	44607.40
234.42	44630.89
234.49	44638.62
234.56	44652.14
234.63	44657.36
234.70	44652.33
234.77	44649.99
234.84	44653.63
234.92	44636.05
234.99	44631.77
235.06	44640.29
235.13	44656.25
235.20	44692.05
235.27	44758.79
235.34	44814.07
235.41	44862.64
235.49	44906.39
235.56	44947.42
235.63	44973.19
235.70	45001.70
235.77	45020.42
235.84	45033.86
235.91	45034.47
235.98	45031.42
236.06	45029.52
236.13	45027.83
236.20	45035.24
236.27	45037.43
236.34	45043.43
236.41	45046.66
236.48	45054.23
236.55	45066.70
236.63	45075.05
236.70	45080.62
236.77	45093.54
236.84	45122.23
236.91	45133.82
236.98	45152.58
237.05	45180.76
237.12	45197.86
237.19	45193.65
237.27	45199.12
237.34	45214.12
237.41	45224.25
237.48	45222.60
237.55	45228.85
237.62	45230.00
237.69	45239.67
237.76	45249.38
237.83	45278.88
237.91	45302.66
237.98	45325.12
238.05	45345.77
238.12	45356.20
238.19	45361.66
238.26	45384.80
238.33	45401.14
238.40	45392.92
238.47	45394.67
238.54	45402.51
238.62	45383.44
238.69	45373.55
238.76	45361.59
238.83	45349.91
238.90	45351.29
238.97	45365.94
239.04	45384.40
239.11	45411.68
239.18	45446.91
239.25	45458.93
239.33	45458.39
239.40	45447.99
239.47	45434.89
239.54	45403.43
239.61	45375.73
239.68	45359.72
239.75	45355.15
239.82	45351.78
239.89	45353.52
239.96	45366.88
240.03	45359.99
240.11	45356.26
240.18	45351.53
240.25	45357.85
240.32	45357.36
240.39	45382.33
240.46	45407.07
240.53	45454.56
240.60	45487.18
240.67	45524.56
240.74	45553.44
240.81	45577.61
240.88	45583.15
240.96	45583.41
241.03	45580.39
241.10	45585.52
241.17	45583.65
241.24	45599.45
241.31	45612.98
241.38	45616.31
241.45	45610.45
241.52	45607.15
241.59	45598.10
241.66	45620.92
241.73	45656.70
241.80	45685.06
241.88	45714.16
241.95	45722.99
242.02	45727.08
242.09	45708.16
242.16	45706.33
242.23	45713.67
242.30	45732.06
242.37	45729.13
242.44	45753.42
242.51	45755.84
242.58	45748.49
242.65	45747.77
242.72	45758.05
242.79	45771.11
242.87	45794.94
242.94	45817.70
243.01	45844.53
243.08	45873.17
243.15	45889.15
243.22	45911.09
243.29	45943.92
243.36	45972.69
243.43	45996.21
243.50	46044.36
243.57	46090.37
243.64	46123.69
243.71	46160.80
243.78	46197.08
243.85	46201.69
243.92	46205.04
243.99	46211.01
244.07	46217.35
244.14	46220.23
244.21	46228.34
244.28	46242.85
244.35	46273.18
244.42	46298.01
244.49	46318.01
244.56	46340.58
244.63	46371.85
244.70	46367.40
244.77	46375.92
244.84	46405.52
244.91	46437.83
244.98	46460.04
245.05	46517.69
245.12	46556.77
245.19	46575.43
245.26	46599.00
245.33	46628.65
245.40	46651.72
245.47	46694.68
245.55	46747.63
245.62	46791.23
245.69	46834.65
245.76	46888.71
245.83	46935.81
245.90	46986.69
245.97	47046.22
246.04	47110.00
246.11	47145.01
246.18	47158.59
246.25	47167.86
246.32	47168.48
246.39	47173.74
246.46	47208.53
246.53	47259.47
246.60	47319.94
246.67	47391.77
246.74	47453.97
246.81	47497.34
246.88	47546.47
246.95	47584.58
247.02	47623.15
247.09	47646.12
247.16	47658.01
247.23	47674.42
247.30	47687.96
247.37	47694.91
247.44	47719.09
247.51	47761.72
247.58	47800.84
247.66	47844.17
247.73	47904.53
247.80	47966.51
247.87	48031.69
247.94	48100.07
248.01	48187.01
248.08	48253.98
248.15	48314.88
248.22	48371.85
248.29	48427.31
248.36	48469.51
248.43	48521.18
248.50	48566.47
248.57	48619.49
248.64	48664.20
248.71	48725.05
248.78	48786.94
248.85	48850.73
248.92	48901.50
248.99	48957.62
249.06	48985.28
249.13	49004.74
249.20	49032.90
249.27	49062.87
249.34	49085.61
249.41	49122.09
249.48	49149.36
249.55	49157.34
249.62	49167.19
249.69	49180.74
249.76	49198.90
249.83	49232.28
249.90	49307.10
249.97	49382.26
250.04	49474.45
250.11	49566.61
250.18	49652.15
250.25	49709.02
250.32	49753.33
250.39	49801.36
250.46	49846.70
250.53	49908.33
250.60	49982.25
250.67	50079.64
250.74	50150.19
250.81	50202.62
250.88	50245.49
250.95	50264.32
251.02	50266.62
251.09	50279.25
251.16	50297.52
251.23	50307.07
251.30	50338.66
251.37	50380.82
251.44	50419.56
251.51	50476.81
251.58	50541.21
251.65	50609.65
251.72	50677.00
251.79	50758.62
251.86	50810.05
251.93	50857.48
252.00	50888.96
252.07	50902.68
252.14	50913.72
252.21	50935.28
252.28	50965.21
252.35	50990.13
252.42	51057.04
252.49	51110.23
252.56	51174.91
252.63	51229.07
252.70	51296.87
252.77	51339.74
252.84	51394.83
252.91	51447.09
252.98	51499.11
253.05	51541.04
253.12	51571.64
253.19	51602.58
253.25	51629.58
253.32	51648.80
253.39	51682.67
253.46	51713.23
253.53	51737.75
253.60	51740.52
253.67	51759.69
253.74	51781.51
253.81	51813.65
253.88	51846.06
253.95	51905.86
254.02	51954.03
254.09	51990.96
254.16	52036.37
254.23	52074.74
254.30	52107.60
254.37	52152.31
254.44	52193.97
254.51	52238.05
254.58	52264.87
254.65	52299.17
254.72	52329.91
254.79	52349.48
254.86	52358.81
254.93	52375.48
255.00	52393.42
255.07	52417.77
255.14	52471.21
255.21	52510.92
255.28	52533.75
255.34	52527.22
255.41	52495.38
255.48	52452.76
255.55	52405.68
255.62	52400.25
255.69	52422.88
255.76	52460.72
255.83	52488.92
255.90	52548.17
255.97	52609.83
256.04	52662.35
256.11	52725.78
256.18	52798.28
256.25	52861.32
256.32	52908.97
256.39	52963.45
256.46	53007.36
256.53	53056.65
256.60	53104.97
256.67	53157.02
256.74	53192.64
256.80	53208.31
256.87	53199.38
256.94	53171.01
257.01	53146.15
257.08	53150.55
257.15	53155.88
257.22	53175.09
257.29	53170.50
257.36	53129.07
257.43	53050.17
257.50	52994.29
257.57	52936.05
257.64	52924.06
257.71	52938.75
257.78	52993.54
257.85	53067.79
257.92	53149.34
257.98	53231.60
258.05	53300.72
258.12	53310.11
258.19	53277.33
258.26	53220.21
258.33	53142.53
258.40	53065.63
258.47	53031.14
258.54	53013.93
258.61	53032.76
258.68	53079.59
258.75	53146.96
258.82	53214.60
258.89	53275.71
258.95	53318.76
259.02	53327.14
259.09	53305.93
259.16	53268.16
259.23	53223.51
259.30	53183.72
259.37	53171.55
259.44	53174.62
259.51	53182.29
259.58	53193.20
259.65	53199.86
259.72	53187.23
259.79	53172.61
259.85	53145.87
259.92	53111.96
259.99	53102.42
260.06	53099.32
260.13	53106.13
260.20	53117.13
260.27	53117.84
260.34	53088.32
260.41	53063.21
260.48	53033.76
260.55	53018.34
260.62	53015.27
260.68	52997.63
260.75	52970.20
260.82	52949.37
260.89	52947.18
260.96	52948.48
261.03	52954.52
261.10	52951.19
261.17	52913.58
261.24	52833.76
261.31	52741.63
261.38	52662.22
261.44	52581.06
261.51	52538.43
261.58	52530.19
261.65	52553.12
261.72	52574.88
261.79	52603.37
261.86	52604.62
261.93	52586.83
262.00	52541.62
262.07	52475.50
262.13	52423.31
262.20	52386.50
262.27	52349.41
262.34	52350.77
262.41	52381.16
262.48	52409.58
262.55	52438.00
262.62	52478.60
262.69	52474.69
262.76	52454.42
262.82	52425.32
262.89	52411.38
262.96	52387.26
263.03	52381.03
263.10	52376.36
263.17	52363.26
263.24	52326.23
263.31	52313.61
263.38	52318.31
263.44	52348.22
263.51	52379.56
263.58	52397.68
263.65	52362.84
263.72	52262.38
263.79	52130.52
263.86	52017.99
263.93	51933.97
264.00	51886.86
264.06	51897.44
264.13	51915.22
264.20	51914.92
264.27	51861.07
264.34	51783.27
264.41	51684.01
264.48	51596.58
264.55	51496.87
264.61	51422.65
264.68	51339.38
264.75	51262.16
264.82	51179.89
264.89	51142.10
264.96	51135.43
265.03	51151.05
265.10	51188.31
265.16	51216.05
265.23	51198.08
265.30	51156.75
265.37	51107.77
265.44	51037.87
265.51	50999.29
265.58	50999.20
265.65	51021.27
265.71	51070.14
265.78	51131.12
265.85	51131.20
265.92	51078.82
265.99	50978.69
266.06	50860.85
266.13	50717.31
266.20	50605.26
266.26	50534.23
266.33	50490.72
266.40	50441.80
266.47	50402.19
266.54	50362.12
266.61	50333.61
266.68	50327.82
266.74	50319.45
266.81	50284.73
266.88	50210.43
266.95	50091.13
267.02	49966.17
267.09	49870.59
267.16	49834.38
267.22	49850.89
267.29	49920.26
267.36	49987.75
267.43	50049.07
267.50	50074.56
267.57	50070.70
267.64	50005.13
267.70	49909.65
267.77	49806.90
267.84	49729.17
267.91	49683.01
267.98	49693.61
268.05	49733.29
268.11	49765.46
268.18	49767.22
268.25	49718.13
268.32	49607.09
268.39	49453.66
268.46	49253.59
268.53	49044.78
268.59	48843.06
268.66	48693.64
268.73	48602.99
268.80	48601.34
268.87	48656.02
268.94	48778.59
269.00	48908.54
269.07	49021.68
269.14	49090.80
269.21	49105.49
269.28	49060.52
269.35	48975.89
269.41	48897.56
269.48	48843.80
269.55	48828.66
269.62	48846.14
269.69	48884.95
269.76	48883.34
269.82	48855.82
269.89	48804.24
269.96	48717.20
270.03	48612.69
270.10	48523.37
270.17	48410.29
270.23	48311.49
270.30	48243.59
270.37	48220.83
270.44	48226.87
270.51	48262.06
270.58	48287.41
270.64	48298.07
270.71	48289.57
270.78	48284.86
270.85	48291.46
270.92	48308.49
270.99	48321.18
271.05	48296.40
271.12	48222.50
271.19	48116.01
271.26	47984.03
271.33	47876.53
271.39	47805.71
271.46	47730.94
271.53	47668.86
271.60	47631.16
271.67	47585.66
271.74	47522.59
271.80	47482.31
271.87	47443.48
271.94	47406.42
272.01	47361.14
272.08	47321.16
272.14	47290.56
272.21	47271.08
272.28	47237.25
272.35	47208.94
272.42	47191.99
272.48	47189.33
272.55	47189.36
272.62	47189.22
272.69	47179.31
272.76	47167.69
272.83	47131.64
272.89	47093.87
272.96	47063.21
273.03	47046.66
273.10	47034.00
273.17	47029.62
273.23	46994.46
273.30	46929.64
273.37	46827.58
273.44	46680.84
273.51	46524.94
273.57	46418.91
273.64	46367.66
273.71	46358.41
273.78	46391.98
273.85	46459.20
273.91	46520.11
273.98	46592.30
274.05	46691.44
274.12	46831.01
274.19	46970.32
274.25	47090.82
274.32	47166.23
274.39	47178.33
274.46	47114.96
274.53	46984.74
274.59	46815.44
274.66	46644.47
274.73	46499.48
274.80	46369.52
274.86	46280.63
274.93	46236.75
275.00	46218.95
275.07	46195.30
275.14	46177.55
275.20	46154.03
275.27	46130.13
275.34	46101.44
275.41	46081.40
275.48	46078.65
275.54	46106.38
275.61	46142.75
275.68	46166.91
275.75	46184.76
275.81	46186.81
275.88	46183.93
275.95	46184.84
276.02	46193.85
276.09	46211.10
276.15	46229.53
276.22	46232.57
276.29	46199.96
276.36	46110.72
276.42	45972.13
276.49	45814.94
276.56	45655.41
276.63	45511.12
276.70	45441.54
276.76	45436.19
276.83	45481.22
276.90	45541.71
276.97	45612.98
277.03	45649.97
277.10	45633.40
277.17	45575.36
277.24	45492.73
277.30	45421.54
277.37	45389.81
277.44	45425.00
277.51	45488.90
277.58	45548.52
277.64	45588.15
277.71	45570.76
277.78	45476.11
277.85	45323.18
277.91	45162.23
277.98	44995.01
278.05	44848.24
278.12	44760.06
278.18	44729.50
278.25	44749.94
278.32	44814.49
278.39	44927.35
278.45	45054.34
278.52	45201.96
278.59	45352.54
278.66	45464.73
278.72	45520.50
278.79	45495.09
278.86	45371.48
278.93	45163.24
278.99	44907.71
279.06	44665.31
279.13	44504.10
279.20	44464.68
279.26	44536.91
279.33	44692.53
279.40	44891.67
279.47	45088.98
279.53	45216.54
279.60	45226.68
279.67	45089.58
279.74	44821.47
279.80	44485.47
279.87	44163.90
279.94	43915.71
280.01	43830.11
280.07	43848.09
280.14	43922.38
280.21	44003.85
280.28	44098.02
280.34	44163.77
280.41	44229.06
280.48	44289.45
280.55	44346.94
280.61	44387.14
280.68	44419.01
280.75	44436.07
280.82	44457.27
280.88	44488.96
280.95	44498.55
281.02	44477.74
281.08	44421.96
281.15	44321.94
281.22	44195.32
281.29	44055.77
281.35	43894.85
281.42	43725.62
281.49	43546.66
281.56	43355.89
281.62	43201.74
281.69	43081.18
281.76	42996.59
281.82	42949.71
281.89	42937.55
281.96	42945.32
282.03	42972.95
282.09	43027.00
282.16	43117.29
282.23	43210.40
282.30	43314.83
282.36	43440.13
282.43	43558.67
282.50	43679.92
282.56	43768.01
282.63	43824.19
282.70	43864.97
282.77	43910.67
282.83	43929.93
282.90	43971.60
282.97	43994.54
283.03	43903.89
283.10	43717.72
283.17	43448.80
283.24	43112.60
283.30	42772.77
283.37	42540.75
283.44	42417.63
283.50	42376.12
283.57	42419.89
283.64	42482.86
283.71	42563.08
283.77	42629.00
283.84	42716.34
283.91	42786.60
283.97	42882.76
284.04	42985.51
284.11	43076.43
284.18	43149.98
284.24	43220.14
284.31	43241.26
284.38	43210.83
284.44	43174.44
284.51	43140.23
284.58	43116.24
284.64	43098.55
284.71	43072.34
284.78	43010.27
284.85	42914.24
284.91	42795.88
284.98	42688.19
285.05	42563.47
285.11	42430.03
285.18	42253.30
285.25	42064.99
285.31	41867.92
285.38	41727.86
285.45	41676.73
285.52	41727.56
285.58	41846.18
285.65	42011.75
285.72	42190.11
285.78	42352.32
285.85	42492.19
285.92	42597.23
285.98	42699.11
286.05	42807.09
286.12	42910.21
286.18	43012.40
286.25	43127.04
286.32	43217.38
286.39	43280.41
286.45	43301.35
286.52	43243.70
286.59	43081.81
286.65	42827.09
286.72	42507.51
286.79	42171.46
286.85	41885.86
286.92	41693.34
286.99	41605.79
287.05	41572.35
287.12	41603.25
287.19	41692.39
287.25	41809.20
287.32	41917.65
287.39	42051.03
287.45	42168.08
287.52	42253.83
287.59	42323.24
287.65	42410.91
287.72	42489.94
287.79	42574.63
287.86	42651.31
287.92	42724.31
287.99	42785.03
288.06	42850.07
288.12	42903.66
288.19	42974.12
288.26	43022.85
288.32	43061.24
288.39	43061.64
288.46	43034.97
288.52	42966.77
288.59	42846.10
288.66	42649.39
288.72	42399.56
288.79	42124.73
288.86	41846.90
288.92	41643.39
288.99	41544.33
289.06	41575.09
289.12	41700.52
289.19	41887.51
289.26	42114.22
289.32	42369.77
289.39	42606.09
289.45	42824.61
289.52	43013.58
289.59	43146.92
289.65	43191.05
289.72	43180.50
289.79	43149.28
289.85	43097.81
289.92	43024.81
289.99	42950.05
290.05	42840.48
290.12	42682.10
290.19	42550.85
290.25	42464.61
290.32	42424.92
290.39	42442.41
290.45	42491.72
290.52	42501.10
290.59	42446.36
290.65	42315.77
290.72	42125.80
290.79	41953.85
290.85	41865.58
290.92	41881.11
290.98	42008.17
291.05	42227.68
291.12	42479.16
291.18	42712.96
291.25	42924.50
291.32	43109.23
291.38	43280.03
291.45	43429.12
291.52	43561.62
291.58	43654.52
291.65	43705.92
291.72	43697.99
291.78	43623.84
291.85	43479.42
291.91	43314.04
291.98	43151.42
292.05	43002.16
292.11	42878.95
292.18	42755.30
292.25	42597.36
292.31	42426.74
292.38	42262.78
292.45	42136.99
292.51	42076.66
292.58	42085.64
292.64	42154.44
292.71	42282.01
292.78	42432.54
292.84	42601.14
292.91	42798.44
292.98	43001.79
293.04	43198.69
293.11	43391.95
293.17	43587.47
293.24	43775.70
293.31	43951.06
293.37	44094.93
293.44	44204.59
293.51	44267.81
293.57	44274.06
293.64	44213.14
293.70	44091.32
293.77	43875.34
293.84	43563.57
293.90	43213.96
293.97	42871.97
294.04	42604.77
294.10	42453.77
294.17	42437.23
294.23	42483.69
294.30	42551.84
294.37	42593.82
294.43	42589.92
294.50	42550.25
294.56	42510.03
294.63	42533.43
294.70	42606.81
294.76	42793.36
294.83	43044.06
294.90	43339.34
294.96	43624.60
295.03	43913.92
295.09	44152.42
295.16	44380.69
295.23	44576.14
295.29	44751.62
295.36	44887.74
295.42	44991.70
295.49	45046.49
295.56	45068.36
295.62	45038.85
295.69	44943.95
295.75	44777.34
295.82	44533.29
295.89	44212.19
295.95	43832.99
296.02	43459.53
296.08	43114.03
296.15	42804.91
296.22	42579.16
296.28	42465.09
296.35	42470.47
296.41	42576.35
296.48	42793.98
296.55	43108.03
296.61	43454.94
296.68	43799.20
296.74	44122.42
296.81	44411.54
296.88	44631.72
296.94	44807.66
297.01	44953.95
297.07	45094.70
297.14	45250.30
297.20	45428.77
297.27	45619.36
297.34	45799.34
297.40	45954.98
297.47	46063.21
297.53	46100.74
297.60	46082.73
297.67	45990.32
297.73	45818.70
297.80	45524.70
297.86	45130.55
297.93	44648.19
298.00	44138.24
298.06	43669.39
298.13	43341.16
298.19	43165.23
298.26	43144.40
298.32	43228.94
298.39	43374.09
298.46	43523.52
298.52	43712.64
298.59	43926.04
298.65	44168.10
298.72	44451.86
298.78	44767.17
298.85	45062.07
298.92	45328.73
298.98	45592.40
299.05	45802.85
299.11	45992.68
299.18	46157.46
299.24	46327.11
299.31	46449.69
299.38	46562.16
299.44	46641.23
299.51	46711.72
299.57	46729.17
299.64	46736.00
299.70	46714.58
299.77	46635.09
299.84	46447.74
299.90	46109.41
299.97	45566.33
300.03	44865.81
300.10	44151.86
300.16	43564.37
300.23	43214.36
300.30	43162.03
300.36	43350.53
300.43	43689.86
300.49	44068.90
300.56	44443.48
300.62	44800.15
300.69	45145.95
300.75	45458.27
300.82	45747.88
300.89	46006.00
300.95	46233.50
301.02	46421.06
301.08	46587.15
301.15	46739.90
301.21	46872.82
301.28	46995.03
301.34	47120.58
301.41	47229.35
301.48	47303.15
301.54	47356.16
301.61	47378.87
301.67	47355.05
301.74	47271.35
301.80	47118.92
301.87	46860.76
301.93	46484.83
302.00	46024.46
302.06	45503.20
302.13	44991.99
302.20	44583.94
302.26	44299.15
302.33	44160.68
302.39	44187.83
302.46	44324.58
302.52	44529.95
302.59	44804.83
302.65	45093.26
302.72	45394.33
302.78	45690.53
302.85	45969.91
302.91	46205.62
302.98	46426.01
303.05	46602.94
303.11	46771.49
303.18	46911.69
303.24	47038.24
303.31	47144.68
303.37	47242.43
303.44	47310.36
303.50	47357.07
303.57	47375.38
303.63	47373.05
303.70	47350.98
303.76	47297.09
303.83	47230.54
303.89	47136.22
303.96	46983.89
304.03	46764.51
304.09	46456.13
304.16	46008.94
304.22	45478.19
304.29	44979.38
304.35	44582.50
304.42	44353.49
304.48	44336.70
304.55	44488.59
304.61	44718.21
304.68	44981.44
304.74	45248.35
304.81	45505.37
304.87	45731.22
304.94	45952.76
305.00	46126.45
305.07	46261.26
305.13	46366.71
305.20	46476.96
305.26	46572.80
305.33	46665.92
305.39	46745.13
305.46	46804.78
305.52	46851.88
305.59	46866.75
305.66	46861.86
305.72	46852.28
305.79	46818.87
305.85	46754.05
305.92	46645.79
305.98	46460.21
306.05	46196.62
306.11	45885.61
306.18	45533.91
306.24	45186.29
306.31	44864.91
306.37	44556.32
306.44	44269.75
306.50	44028.19
306.57	43858.52
306.63	43810.25
306.70	43897.11
306.76	44088.16
306.83	44339.79
306.89	44605.21
306.96	44832.11
307.02	45007.11
307.09	45166.67
307.15	45292.81
307.22	45396.97
307.28	45482.28
307.35	45542.06
307.41	45561.52
307.48	45590.11
307.54	45603.75
307.61	45603.04
307.67	45596.00
307.74	45573.76
307.80	45543.24
307.87	45489.35
307.93	45438.90
308.00	45390.73
308.06	45349.75
308.13	45260.63
308.19	45156.25
308.26	45030.90
308.32	44904.51
308.38	44748.77
308.45	44574.77
308.51	44375.83
308.58	44120.89
308.64	43825.94
308.71	43571.06
308.77	43397.34
308.84	43304.10
308.90	43334.90
308.97	43442.96
309.03	43575.93
309.10	43708.51
309.16	43836.40
309.23	43930.77
309.29	44021.27
309.36	44067.46
309.42	44105.65
309.49	44137.20
309.55	44149.12
309.62	44129.93
309.68	44111.86
309.75	44076.29
309.81	44024.26
309.88	43968.36
309.94	43906.34
310.00	43848.04
310.07	43781.65
310.13	43723.14
310.20	43642.58
310.26	43567.41
310.33	43493.65
310.39	43415.27
310.46	43312.17
310.52	43209.94
310.59	43075.03
310.65	42899.76
310.72	42708.98
310.78	42531.18
310.85	42387.45
310.91	42312.32
310.97	42295.78
311.04	42312.01
311.10	42335.53
311.17	42373.93
311.23	42386.30
311.30	42392.66
311.36	42408.52
311.43	42443.89
311.49	42476.26
311.56	42503.63
311.62	42535.21
311.69	42556.46
311.75	42572.53
311.81	42548.89
311.88	42519.99
311.94	42466.17
312.01	42416.73
312.07	42348.25
312.14	42293.56
312.20	42244.18
312.27	42214.98
312.33	42161.82
312.40	42103.22
312.46	42044.17
312.52	41980.32
312.59	41893.39
312.65	41808.33
312.72	41723.44
312.78	41632.02
312.85	41528.63
312.91	41421.65
312.98	41301.28
313.04	41174.69
313.10	41053.88
313.17	40943.59
313.23	40865.69
313.30	40811.09
313.36	40785.52
313.43	40776.20
313.49	40791.88
313.56	40799.96
313.62	40811.51
313.68	40809.63
313.75	40809.95
313.81	40794.97
313.88	40764.92
313.94	40737.62
314.01	40714.28
314.07	40677.71
314.13	40651.28
314.20	40626.41
314.26	40601.83
314.33	40563.95
314.39	40536.24
314.46	40468.05
314.52	40411.53
314.58	40340.49
314.65	40265.47
314.71	40163.56
314.78	40091.22
314.84	40018.06
314.91	39954.04
314.97	39902.62
315.03	39862.82
315.10	39823.65
315.16	39754.07
315.23	39676.62
315.29	39607.62
315.36	39541.77
315.42	39474.26
315.48	39430.82
315.55	39390.14
315.61	39331.33
315.68	39280.84
315.74	39216.02
315.81	39150.83
315.87	39093.55
315.93	39073.70
316.00	39070.82
316.06	39082.68
316.13	39099.57
316.19	39094.78
316.25	39035.30
316.32	38919.35
316.38	38772.87
316.45	38581.38
316.51	38361.00
316.58	38125.75
316.64	37875.15
316.70	37614.04
316.77	37360.97
316.83	37104.01
316.90	36834.16
316.96	36585.13
317.02	36334.64
317.09	36085.10
317.15	35840.61
317.22	35591.05
317.28	35331.79
317.34	35067.15
317.41	34804.39
317.47	34537.81
317.54	34289.65
317.60	34046.47
317.66	33807.07
317.73	33546.87
317.79	33296.58
317.86	33039.52
317.92	32773.10
317.98	32486.21
318.05	32204.53
318.11	31915.35
318.18	31636.60
318.24	31356.12
318.30	31089.06
318.37	30822.07
318.43	30556.04
318.50	30281.36
318.56	30002.02
318.62	29729.78
318.69	29458.19
318.75	29188.79
318.82	28919.20
318.88	28649.23
318.94	28376.68
319.01	28114.53
319.07	27847.90
319.13	27566.30
319.20	27292.18
319.26	27011.42
319.33	26723.24
319.39	26427.74
319.45	26146.17
319.52	25863.71
319.58	25578.16
319.65	25282.26
319.71	24996.60
319.77	24701.45
319.84	24407.99
319.90	24117.21
319.96	23834.62
320.03	23545.96
320.09	23269.88
320.16	22986.04
320.22	22702.66
320.28	22410.17
320.35	22122.81
320.41	21834.40
320.47	21559.02
320.54	21283.18
320.60	21011.33
320.67	20746.32
320.73	20475.30
320.79	20192.61
320.86	19910.34
320.92	19618.58
320.98	19309.36
321.05	19005.86
321.11	18698.69
321.18	18406.44
321.24	18125.29
321.30	17850.84
321.37	17578.94
321.43	17319.97
321.49	17042.89
321.56	16767.70
321.62	16499.09
321.68	16219.58
321.75	15934.48
321.81	15654.36
321.88	15369.80
321.94	15079.10
322.00	14800.05
322.07	14510.46
322.13	14225.28
322.19	13939.04
322.26	13659.08
322.32	13376.77
322.38	13099.48
322.45	12828.22
322.51	12561.64
322.58	12289.75
322.64	12017.65
322.70	11751.90
322.77	11473.91
322.83	11207.50
322.89	10936.07
322.96	10657.86
323.02	10384.46
323.08	10117.96
323.15	9843.67
323.21	9573.82
323.27	9310.40
323.34	9056.17
323.40	8802.93
323.46	8551.01
323.53	8195.20
323.59	7082.55
323.65	5477.06
323.72	3795.80
323.78	2168.38
323.85	700.69
323.91	42.77
323.97	-81.53
324.04	-81.98
