180.21	3369.60
180.28	-114.83
180.36	626.21
180.44	-41.08
180.51	-12.04
180.59	10.29
180.66	37.38
180.74	33.76
180.81	31.17
180.89	33.30
180.97	34.04
181.04	31.01
181.12	29.55
181.19	30.20
181.27	31.30
181.34	49.65
181.42	56.84
181.50	64.69
181.57	77.16
181.65	82.13
181.72	75.60
181.80	70.47
181.87	70.81
181.95	70.47
182.03	69.00
182.10	71.27
182.18	73.36
182.25	78.53
182.33	77.26
182.40	84.22
182.48	78.97
182.55	90.27
182.63	93.96
182.71	96.70
182.78	97.85
182.86	104.52
182.93	101.37
183.01	103.84
183.08	104.30
183.16	109.99
183.23	105.87
183.31	112.94
183.39	112.25
183.46	122.36
183.54	117.81
183.61	125.46
183.69	127.54
183.76	137.68
183.84	137.20
183.91	138.20
183.99	147.75
184.06	148.83
184.14	151.59
184.22	156.21
184.29	160.48
184.37	159.11
184.44	153.66
184.52	142.06
184.59	137.41
184.67	141.08
184.74	134.12
184.82	147.17
184.89	159.63
184.97	169.50
185.04	176.27
185.12	184.94
185.20	191.94
185.27	200.45
185.35	209.47
185.42	209.16
185.50	221.69
185.57	221.76
185.65	226.59
185.72	227.40
185.80	237.02
185.87	235.13
185.95	234.68
186.02	235.68
186.10	233.16
186.17	231.79
186.25	231.77
186.33	224.85
186.40	217.20
186.48	218.92
186.55	223.18
186.63	226.33
186.70	253.49
186.78	270.49
186.85	287.10
186.93	298.33
187.00	312.70
187.08	308.04
187.15	315.41
187.23	319.92
187.30	325.64
187.38	338.04
187.45	355.30
187.53	371.28
187.60	377.65
187.68	387.63
187.75	398.30
187.83	407.03
187.90	402.51
187.98	402.93
188.05	404.58
188.13	388.28
188.21	365.05
188.28	363.15
188.36	361.47
188.43	361.21
188.51	375.41
188.58	401.79
188.66	406.22
188.73	419.90
188.81	440.04
188.88	450.01
188.96	460.52
189.03	488.82
189.11	511.22
189.18	523.90
189.26	541.31
189.33	567.81
189.41	592.84
189.48	611.81
189.56	633.33
189.63	652.82
189.71	647.88
189.78	625.24
189.86	604.01
189.93	583.74
190.01	555.87
190.08	540.48
190.16	529.00
190.23	513.62
190.31	507.17
190.38	506.09
190.46	512.09
190.53	533.54
190.61	576.70
190.68	602.61
190.76	647.11
190.83	682.15
190.91	709.93
190.98	721.19
191.06	743.31
191.13	754.98
191.21	764.10
191.28	762.35
191.35	762.12
191.43	752.90
191.50	736.88
191.58	730.24
191.65	738.19
191.73	745.20
191.80	756.86
191.88	762.08
191.95	766.23
192.03	769.08
192.10	776.58
192.18	791.44
192.25	812.94
192.33	827.82
192.40	831.70
192.48	831.25
192.55	821.94
192.63	809.40
192.70	803.68
192.78	804.69
192.85	816.90
192.93	824.14
193.00	821.32
193.08	805.80
193.15	792.00
193.22	778.56
193.30	780.42
193.37	817.22
193.45	857.96
193.52	910.00
193.60	964.24
193.67	1011.72
193.75	1039.68
193.82	1070.98
193.90	1085.33
193.97	1090.71
194.05	1081.74
194.12	1060.40
194.20	1036.10
194.27	1007.42
194.34	963.10
194.42	923.28
194.49	900.73
194.57	883.66
194.64	865.68
194.72	859.38
194.79	864.85
194.87	880.98
194.94	918.59
195.02	978.84
195.09	1048.94
195.17	1123.91
195.24	1187.98
195.31	1236.48
195.39	1266.98
195.46	1284.82
195.54	1296.20
195.61	1295.18
195.69	1275.01
195.76	1241.20
195.84	1193.92
195.91	1110.98
195.99	1014.88
196.06	931.56
196.13	879.79
196.21	860.30
196.28	887.11
196.36	957.81
196.43	1042.90
196.51	1131.72
196.58	1217.48
196.66	1292.03
196.73	1345.84
196.80	1381.92
196.88	1402.70
196.95	1412.86
197.03	1411.82
197.10	1391.20
197.18	1359.79
197.25	1300.31
197.33	1216.44
197.40	1126.56
197.47	1038.71
197.55	967.94
197.62	926.85
197.70	924.21
197.77	953.80
197.85	1014.56
197.92	1090.19
197.99	1184.86
198.07	1284.64
198.14	1379.16
198.22	1471.48
198.29	1545.28
198.37	1595.00
198.44	1629.64
198.51	1643.76
198.59	1628.95
198.66	1601.12
198.74	1545.50
198.81	1449.05
198.89	1325.92
198.96	1211.44
199.03	1099.98
199.11	1023.52
199.18	994.54
199.26	1022.29
199.33	1087.02
199.41	1186.12
199.48	1294.50
199.55	1410.96
199.63	1508.17
199.70	1598.37
199.78	1671.59
199.85	1740.51
199.93	1795.60
200.00	1846.28
200.07	1861.62
200.15	1856.22
200.22	1815.79
200.30	1728.79
200.37	1596.13
200.44	1429.32
200.52	1269.61
200.59	1155.88
200.67	1095.22
200.74	1101.92
200.81	1174.66
200.89	1272.63
200.96	1377.47
201.04	1485.47
201.11	1603.90
201.19	1720.86
201.26	1828.97
201.33	1916.72
201.41	1990.72
201.48	2034.64
201.56	2050.88
201.63	2053.38
201.70	2012.68
201.78	1929.47
201.85	1805.79
201.93	1660.90
202.00	1514.41
202.07	1399.05
202.15	1310.00
202.22	1266.80
202.30	1288.30
202.37	1346.13
202.44	1444.21
202.52	1585.65
202.59	1750.76
202.67	1894.48
202.74	2029.50
202.81	2148.54
202.89	2252.63
202.96	2351.76
203.04	2447.27
203.11	2509.63
203.18	2543.10
203.26	2536.35
203.33	2465.77
203.41	2335.38
203.48	2155.74
203.55	1913.50
203.63	1685.47
203.70	1520.09
203.77	1439.58
203.85	1459.94
203.92	1580.70
204.00	1760.20
204.07	1949.24
204.14	2134.31
204.22	2306.18
204.29	2479.06
204.37	2625.92
204.44	2755.84
204.51	2862.52
204.59	2930.14
204.66	2953.44
204.73	2946.65
204.81	2892.29
204.88	2789.82
204.96	2635.40
205.03	2420.64
205.10	2181.90
205.18	1977.68
205.25	1813.80
205.32	1728.64
205.40	1745.18
205.47	1840.21
205.55	1985.94
205.62	2184.54
205.69	2424.12
205.77	2669.50
205.84	2907.73
205.91	3117.83
205.99	3297.42
206.06	3439.22
206.14	3572.72
206.21	3695.37
206.28	3788.63
206.36	3852.82
206.43	3855.79
206.50	3784.60
206.58	3615.12
206.65	3353.58
206.72	3004.28
206.80	2644.56
206.87	2336.78
206.95	2155.35
207.02	2133.48
207.09	2268.74
207.17	2515.61
207.24	2816.54
207.31	3121.04
207.39	3416.69
207.46	3701.60
207.53	3962.04
207.61	4212.74
207.68	4430.92
207.75	4631.02
207.83	4793.82
207.90	4907.30
207.98	4946.44
208.05	4925.48
208.12	4801.96
208.20	4575.68
208.27	4260.76
208.34	3861.56
208.42	3444.74
208.49	3111.34
208.56	2897.62
208.64	2847.84
208.71	2957.00
208.78	3171.92
208.86	3449.90
208.93	3762.94
209.00	4091.16
209.08	4435.57
209.15	4792.96
209.22	5127.00
209.30	5437.57
209.37	5711.96
209.44	5954.18
209.52	6156.53
209.59	6294.56
209.67	6368.91
209.74	6357.46
209.81	6243.12
209.89	5987.83
209.96	5606.16
210.03	5129.85
210.11	4660.11
210.18	4242.04
210.25	3955.08
210.33	3866.51
210.40	3979.04
210.47	4230.42
210.55	4596.98
210.62	5024.99
210.69	5465.80
210.77	5897.76
210.84	6291.80
210.91	6659.39
210.99	6997.76
211.06	7320.09
211.13	7615.52
211.21	7894.44
211.28	8119.16
211.35	8271.28
211.42	8304.02
211.50	8199.66
211.57	7927.70
211.64	7496.57
211.72	6930.34
211.79	6319.50
211.86	5822.62
211.94	5554.23
212.01	5529.82
212.08	5758.72
212.16	6164.54
212.23	6617.46
212.30	7039.07
212.38	7415.85
212.45	7766.98
212.52	8095.64
212.60	8409.96
212.67	8726.56
212.74	9069.59
212.82	9404.52
212.89	9738.52
212.96	10034.60
213.03	10235.20
213.11	10312.22
213.18	10242.48
213.25	10016.82
213.33	9620.01
213.40	9099.60
213.47	8579.37
213.55	8158.82
213.62	7877.68
213.69	7824.18
213.77	8010.16
213.84	8345.72
213.91	8759.19
213.98	9213.03
214.06	9629.19
214.13	9994.67
214.20	10308.53
214.28	10628.56
214.35	10971.59
214.42	11368.66
214.50	11800.98
214.57	12240.59
214.64	12624.24
214.72	12929.51
214.79	13125.31
214.86	13196.32
214.93	13117.91
215.01	12884.22
215.08	12472.98
215.15	11902.48
215.23	11252.26
215.30	10707.04
215.37	10409.55
215.44	10435.92
215.52	10776.05
215.59	11355.16
215.66	12006.05
215.74	12612.62
215.81	13123.64
215.88	13594.41
215.95	14031.82
216.03	14468.68
216.10	14887.70
216.17	15277.26
216.25	15603.86
216.32	15880.05
216.39	16073.30
216.46	16204.30
216.54	16282.74
216.61	16290.09
216.68	16179.87
216.76	15950.16
216.83	15551.98
216.90	14998.36
216.97	14422.55
217.05	13985.60
217.12	13776.21
217.19	13866.12
217.27	14264.24
217.34	14870.97
217.41	15561.15
217.48	16256.76
217.56	16912.02
217.63	17502.80
217.70	18005.30
217.78	18416.20
217.85	18757.28
217.92	19035.32
217.99	19275.21
218.07	19486.62
218.14	19678.72
218.21	19868.18
218.28	20063.44
218.36	20236.56
218.43	20324.06
218.50	20287.28
218.57	20074.02
218.65	19631.68
218.72	18990.12
218.79	18332.64
218.87	17813.90
218.94	17566.30
219.01	17681.06
219.08	18137.28
219.16	18815.90
219.23	19571.98
219.30	20286.36
219.37	20900.90
219.45	21441.40
219.52	21919.60
219.59	22348.74
219.66	22742.03
219.74	23134.51
219.81	23506.45
219.88	23828.59
219.95	24138.00
220.03	24424.40
220.10	24651.20
220.17	24802.45
220.24	24852.36
220.32	24741.70
220.39	24460.10
220.46	23988.25
220.53	23391.18
220.61	22781.34
220.68	22345.82
220.75	22182.06
220.82	22332.39
220.90	22730.50
220.97	23304.02
221.04	23883.36
221.11	24396.70
221.19	24860.80
221.26	25314.94
221.33	25736.06
221.40	26161.14
221.48	26581.58
221.55	26991.98
221.62	27356.58
221.69	27724.16
221.77	28054.88
221.84	28346.06
221.91	28567.43
221.98	28732.80
222.06	28791.12
222.13	28748.92
222.20	28605.16
222.27	28381.20
222.35	28069.40
222.42	27764.99
222.49	27549.84
222.56	27453.16
222.63	27490.16
222.71	27661.58
222.78	27907.98
222.85	28163.75
222.92	28442.12
223.00	28721.66
223.07	29041.86
223.14	29379.68
223.21	29741.31
223.29	30116.88
223.36	30500.88
223.43	30870.80
223.50	31231.45
223.57	31571.73
223.65	31848.88
223.72	32038.16
223.79	32164.60
223.86	32209.29
223.94	32194.65
224.01	32138.08
224.08	32091.36
224.15	32010.78
224.22	31942.56
224.30	31876.79
224.37	31859.38
224.44	31883.34
224.51	31981.98
224.59	32120.54
224.66	32321.66
224.73	32550.64
224.80	32788.08
224.87	33036.98
224.95	33315.66
225.02	33612.69
225.09	33888.80
225.16	34166.38
225.23	34434.20
225.31	34679.60
225.38	34872.92
225.45	35052.80
225.52	35175.42
225.60	35234.34
225.67	35225.22
225.74	35157.04
225.81	35043.28
225.88	34955.98
225.96	34927.94
226.03	34969.98
226.10	35083.90
226.17	35266.84
226.24	35478.96
226.32	35680.09
226.39	35882.60
226.46	36097.54
226.53	36309.35
226.60	36528.17
226.68	36737.94
226.75	36945.55
226.82	37136.54
226.89	37312.52
226.96	37457.72
227.04	37570.48
227.11	37662.92
227.18	37758.26
227.25	37840.30
227.32	37910.04
227.40	37996.22
227.47	38052.48
227.54	38073.26
227.61	38045.32
227.68	37970.52
227.76	37862.66
227.83	37801.30
227.90	37787.40
227.97	37856.94
228.04	38009.12
228.11	38221.98
228.19	38420.16
228.26	38617.36
228.33	38805.91
228.40	38979.50
228.47	39136.30
228.55	39300.08
228.62	39448.98
228.69	39575.06
228.76	39674.13
228.83	39766.42
228.90	39870.04
228.98	39976.98
229.05	40091.44
229.12	40230.66
229.19	40369.66
229.26	40490.63
229.34	40582.56
229.41	40666.65
229.48	40714.26
229.55	40727.66
229.62	40706.88
229.69	40678.78
229.77	40627.72
229.84	40581.94
229.91	40580.53
229.98	40616.09
230.05	40689.85
230.12	40803.04
230.20	40947.26
230.27	41075.96
230.34	41214.98
230.41	41351.19
230.48	41458.98
230.55	41554.60
230.63	41663.31
230.70	41756.90
230.77	41818.68
230.84	41879.26
230.91	41931.49
230.98	41978.90
231.06	42030.86
231.13	42118.90
231.20	42226.95
231.27	42355.31
231.34	42455.09
231.41	42552.80
231.49	42634.52
231.56	42697.81
231.63	42739.84
231.70	42793.08
231.77	42821.77
231.84	42826.72
231.92	42836.98
231.99	42853.60
232.06	42871.52
232.13	42919.22
232.20	42995.12
232.27	43063.66
232.34	43136.53
232.42	43190.84
232.49	43227.02
232.56	43255.78
232.63	43307.88
232.70	43343.08
232.77	43404.76
232.85	43469.18
232.92	43530.52
232.99	43576.02
233.06	43632.02
233.13	43687.58
233.20	43744.04
233.27	43790.09
233.35	43832.88
233.42	43862.47
233.49	43893.84
233.56	43932.58
233.63	43977.24
233.70	44008.94
233.77	44062.08
233.85	44106.37
233.92	44152.88
233.99	44199.52
234.06	44253.58
234.13	44300.62
234.20	44358.45
234.27	44401.80
234.35	44433.22
234.42	44467.04
234.49	44491.34
234.56	44490.38
234.63	44470.15
234.70	44472.36
234.77	44457.02
234.84	44435.62
234.92	44429.30
234.99	44446.40
235.06	44458.84
235.13	44492.48
235.20	44542.63
235.27	44599.38
235.34	44637.18
235.41	44682.72
235.49	44727.18
235.56	44756.81
235.63	44780.70
235.70	44813.30
235.77	44814.74
235.84	44820.50
235.91	44828.45
235.98	44819.34
236.06	44815.08
236.13	44822.77
236.20	44831.58
236.27	44828.99
236.34	44853.25
236.41	44872.04
236.48	44897.08
236.55	44915.69
236.63	44923.19
236.70	44918.34
236.77	44925.24
236.84	44936.64
236.91	44955.26
236.98	44984.68
237.05	45018.54
237.12	45037.62
237.19	45040.30
237.27	45027.28
237.34	45031.26
237.41	45029.96
237.48	45031.98
237.55	45043.78
237.62	45048.76
237.69	45059.66
237.76	45084.09
237.83	45107.60
237.91	45128.71
237.98	45164.15
238.05	45180.64
238.12	45177.94
238.19	45180.03
238.26	45196.67
238.33	45199.77
238.40	45202.62
238.47	45209.08
238.54	45208.85
238.62	45195.71
238.69	45183.28
238.76	45175.50
238.83	45158.88
238.90	45160.84
238.97	45171.03
239.04	45192.74
239.11	45217.37
239.18	45248.50
239.25	45264.58
239.33	45262.24
239.40	45247.14
239.47	45229.48
239.54	45207.09
239.61	45177.72
239.68	45153.18
239.75	45152.44
239.82	45143.92
239.89	45139.15
239.96	45153.46
240.03	45166.08
240.11	45154.08
240.18	45152.30
240.25	45157.74
240.32	45154.40
240.39	45164.63
240.46	45198.70
240.53	45236.04
240.60	45282.14
240.67	45321.78
240.74	45355.24
240.81	45372.87
240.88	45387.60
240.96	45391.60
241.03	45394.24
241.10	45403.22
241.17	45409.19
241.24	45428.84
241.31	45439.97
241.38	45445.46
241.45	45423.52
241.52	45419.04
241.59	45404.70
241.66	45410.22
241.73	45429.94
241.80	45470.38
241.88	45495.17
241.95	45509.78
242.02	45511.09
242.09	45505.62
242.16	45491.58
242.23	45497.40
242.30	45504.04
242.37	45514.14
242.44	45541.44
242.51	45559.31
242.58	45558.24
242.65	45561.19
242.72	45566.98
242.79	45557.48
242.87	45574.46
242.94	45591.47
243.01	45624.38
243.08	45666.02
243.15	45695.81
243.22	45723.18
243.29	45768.06
243.36	45792.34
243.43	45817.06
243.50	45865.20
243.57	45909.38
243.64	45927.80
243.71	45961.80
243.78	45971.74
243.85	45979.16
243.92	45975.62
243.99	45980.62
244.07	45986.96
244.14	46000.20
244.21	46008.24
244.28	46030.64
244.35	46056.80
244.42	46072.98
244.49	46089.27
244.56	46103.84
244.63	46129.92
244.70	46142.14
244.77	46154.74
244.84	46192.81
244.91	46232.84
244.98	46255.92
245.05	46303.30
245.12	46346.00
245.19	46377.68
245.26	46408.60
245.33	46441.13
245.40	46475.30
245.47	46518.77
245.55	46548.60
245.62	46574.69
245.69	46613.12
245.76	46663.12
245.83	46714.90
245.90	46773.28
245.97	46835.90
246.04	46892.72
246.11	46916.63
246.18	46935.84
246.25	46951.15
246.32	46957.52
246.39	46959.66
246.46	46983.94
246.53	47028.30
246.60	47074.82
246.67	47156.53
246.74	47231.28
246.81	47294.35
246.88	47344.98
246.95	47389.44
247.02	47410.63
247.09	47437.24
247.16	47455.70
247.23	47462.58
247.30	47469.94
247.37	47480.56
247.44	47510.46
247.51	47543.82
247.58	47588.12
247.66	47645.34
247.73	47713.56
247.80	47762.02
247.87	47824.72
247.94	47892.46
248.01	47958.72
248.08	48016.20
248.15	48071.86
248.22	48117.20
248.29	48171.03
248.36	48219.74
248.43	48276.94
248.50	48329.54
248.57	48384.76
248.64	48435.58
248.71	48497.74
248.78	48561.13
248.85	48632.66
248.92	48694.28
248.99	48739.13
249.06	48774.91
249.13	48784.09
249.20	48796.78
249.27	48813.37
249.34	48839.84
249.41	48865.70
249.48	48895.10
249.55	48918.56
249.62	48952.04
249.69	48964.90
249.76	48993.96
249.83	49025.03
249.90	49077.28
249.97	49143.95
250.04	49232.88
250.11	49328.50
250.18	49419.08
250.25	49494.48
250.32	49535.22
250.39	49583.92
250.46	49624.20
250.53	49673.68
250.60	49733.58
250.67	49819.02
250.74	49884.70
250.81	49931.88
250.88	49977.20
250.95	50006.96
251.02	50026.74
251.09	50034.85
251.16	50056.06
251.23	50074.38
251.30	50104.35
251.37	50148.16
251.44	50204.68
251.51	50262.80
251.58	50332.54
251.65	50391.03
251.72	50444.41
251.79	50512.50
251.86	50559.82
251.93	50596.88
252.00	50622.00
252.07	50649.68
252.14	50670.44
252.21	50705.62
252.28	50740.66
252.35	50790.64
252.42	50841.16
252.49	50901.90
252.56	50954.22
252.63	51005.45
252.70	51050.62
252.77	51099.92
252.84	51141.50
252.91	51190.27
252.98	51237.45
253.05	51275.31
253.12	51299.48
253.19	51311.40
253.25	51331.12
253.32	51360.30
253.39	51405.56
253.46	51446.70
253.53	51487.41
253.60	51509.52
253.67	51520.94
253.74	51537.62
253.81	51579.52
253.88	51624.04
253.95	51671.62
254.02	51731.98
254.09	51785.62
254.16	51812.42
254.23	51842.50
254.30	51874.26
254.37	51916.58
254.44	51949.59
254.51	51989.15
254.58	52022.47
254.65	52060.85
254.72	52081.68
254.79	52103.38
254.86	52128.13
254.93	52147.66
255.00	52173.27
255.07	52205.74
255.14	52247.37
255.21	52270.72
255.28	52277.76
255.34	52254.26
255.41	52224.35
255.48	52183.19
255.55	52156.74
255.62	52166.38
255.69	52194.62
255.76	52227.52
255.83	52273.63
255.90	52331.35
255.97	52387.28
256.04	52432.96
256.11	52487.63
256.18	52556.18
256.25	52622.16
256.32	52688.81
256.39	52759.92
256.46	52809.38
256.53	52847.38
256.60	52878.28
256.67	52891.44
256.74	52903.18
256.80	52924.38
256.87	52928.46
256.94	52912.64
257.01	52906.72
257.08	52919.72
257.15	52926.74
257.22	52939.08
257.29	52935.51
257.36	52911.21
257.43	52846.80
257.50	52779.28
257.57	52713.04
257.64	52698.53
257.71	52704.52
257.78	52767.24
257.85	52847.26
257.92	52941.62
257.98	53011.84
258.05	53081.22
258.12	53082.35
258.19	53048.80
258.26	52977.38
258.33	52907.74
258.40	52832.98
258.47	52794.12
258.54	52786.34
258.61	52820.84
258.68	52862.72
258.75	52914.74
258.82	52988.02
258.89	53041.22
258.95	53063.74
259.02	53072.12
259.09	53057.16
259.16	53016.22
259.23	52975.12
259.30	52950.46
259.37	52936.60
259.44	52935.85
259.51	52945.22
259.58	52963.25
259.65	52969.16
259.72	52968.02
259.79	52945.48
259.85	52904.75
259.92	52872.68
259.99	52845.52
260.06	52843.81
260.13	52867.71
260.20	52899.08
260.27	52909.82
260.34	52905.72
260.41	52877.82
260.48	52845.86
260.55	52832.62
260.62	52815.00
260.68	52784.32
260.75	52753.90
260.82	52729.08
260.89	52693.56
260.96	52690.84
261.03	52708.68
261.10	52715.08
261.17	52701.58
261.24	52638.76
261.31	52557.20
261.38	52473.94
261.44	52401.76
261.51	52339.08
261.58	52340.52
261.65	52349.10
261.72	52373.00
261.79	52385.81
261.86	52394.06
261.93	52370.42
262.00	52327.72
262.07	52267.12
262.13	52213.18
262.20	52173.50
262.27	52150.44
262.34	52162.01
262.41	52181.10
262.48	52204.30
262.55	52233.38
262.62	52248.88
262.69	52242.52
262.76	52237.80
262.82	52216.90
262.89	52187.98
262.96	52174.88
263.03	52168.90
263.10	52158.04
263.17	52150.94
263.24	52126.06
263.31	52108.32
263.38	52100.48
263.44	52125.62
263.51	52144.52
263.58	52170.88
263.65	52145.38
263.72	52064.13
263.79	51930.58
263.86	51814.44
263.93	51722.85
264.00	51683.27
264.06	51687.72
264.13	51705.64
264.20	51708.02
264.27	51662.06
264.34	51578.88
264.41	51479.02
264.48	51386.32
264.55	51292.76
264.61	51201.81
264.68	51118.78
264.75	51048.19
264.82	50976.08
264.89	50937.87
264.96	50933.22
265.03	50952.09
265.10	50974.98
265.16	50997.80
265.23	50988.06
265.30	50950.97
265.37	50888.97
265.44	50826.58
265.51	50782.81
265.58	50769.46
265.65	50796.30
265.71	50849.18
265.78	50896.02
265.85	50910.24
265.92	50870.98
265.99	50773.00
266.06	50649.82
266.13	50527.56
266.20	50417.62
266.26	50346.52
266.33	50296.53
266.40	50262.32
266.47	50222.68
266.54	50184.98
266.61	50159.58
266.68	50159.92
266.74	50154.27
266.81	50116.06
266.88	50043.10
266.95	49921.88
267.02	49799.09
267.09	49688.18
267.16	49639.98
267.22	49645.10
267.29	49695.68
267.36	49768.92
267.43	49839.64
267.50	49875.46
267.57	49870.80
267.64	49824.90
267.70	49729.96
267.77	49618.65
267.84	49541.68
267.91	49508.52
267.98	49513.76
268.05	49551.84
268.11	49593.02
268.18	49590.68
268.25	49532.46
268.32	49408.14
268.39	49233.58
268.46	49036.65
268.53	48831.40
268.59	48637.08
268.66	48514.52
268.73	48445.59
268.80	48449.08
268.87	48504.24
268.94	48615.14
269.00	48737.19
269.07	48845.58
269.14	48914.50
269.21	48931.68
269.28	48886.28
269.35	48791.66
269.41	48716.46
269.48	48656.42
269.55	48632.91
269.62	48663.66
269.69	48707.94
269.76	48700.60
269.82	48671.40
269.89	48617.14
269.96	48538.66
270.03	48451.69
270.10	48363.97
270.17	48255.76
270.23	48173.42
270.30	48094.56
270.37	48064.82
270.44	48070.78
270.51	48101.84
270.58	48120.56
270.64	48134.41
270.71	48119.12
270.78	48117.44
270.85	48121.18
270.92	48133.34
270.99	48133.84
271.05	48117.00
271.12	48042.70
271.19	47938.36
271.26	47813.88
271.33	47718.03
271.39	47639.54
271.46	47568.52
271.53	47528.38
271.60	47498.44
271.67	47452.38
271.74	47387.95
271.80	47345.50
271.87	47302.74
271.94	47254.84
272.01	47206.52
272.08	47174.48
272.14	47147.85
272.21	47110.76
272.28	47086.84
272.35	47071.76
272.42	47058.48
272.48	47052.66
272.55	47059.94
272.62	47048.52
272.69	47026.04
272.76	47006.00
272.83	46977.74
272.89	46941.82
272.96	46924.12
273.03	46918.82
273.10	46906.62
273.17	46901.72
273.23	46868.18
273.30	46804.30
273.37	46683.86
273.44	46540.49
273.51	46382.24
273.57	46270.14
273.64	46200.10
273.71	46200.21
273.78	46235.58
273.85	46294.78
273.91	46367.18
273.98	46454.72
274.05	46562.74
274.12	46697.36
274.19	46843.90
274.25	46954.44
274.32	47024.87
274.39	47035.70
274.46	46965.82
274.53	46834.96
274.59	46662.32
274.66	46498.41
274.73	46348.80
274.80	46223.90
274.86	46127.92
274.93	46097.42
275.00	46075.78
275.07	46048.15
275.14	46027.04
275.20	46016.88
275.27	45988.12
275.34	45945.38
275.41	45930.18
275.48	45938.00
275.54	45957.54
275.61	45986.96
275.68	46029.84
275.75	46050.44
275.81	46050.52
275.88	46045.13
275.95	46051.30
276.02	46060.20
276.09	46076.67
276.15	46103.72
276.22	46106.75
276.29	46072.82
276.36	45975.02
276.42	45834.35
276.49	45673.08
276.56	45519.34
276.63	45394.13
276.70	45323.50
276.76	45316.66
276.83	45355.32
276.90	45421.36
276.97	45482.55
277.03	45521.08
277.10	45517.90
277.17	45457.28
277.24	45373.08
277.30	45293.98
277.37	45271.51
277.44	45287.67
277.51	45362.94
277.58	45438.18
277.64	45484.62
277.71	45465.04
277.78	45387.06
277.85	45236.15
277.91	45060.74
277.98	44888.48
278.05	44742.26
278.12	44645.20
278.18	44614.60
278.25	44636.04
278.32	44706.17
278.39	44819.58
278.45	44949.56
278.52	45090.77
278.59	45229.05
278.66	45331.80
278.72	45386.18
278.79	45368.72
278.86	45249.38
278.93	45046.94
278.99	44801.44
279.06	44569.90
279.13	44410.56
279.20	44367.82
279.26	44448.94
279.33	44602.59
279.40	44784.87
279.47	44973.72
279.53	45101.44
279.60	45099.82
279.67	44967.48
279.74	44694.22
279.80	44349.80
279.87	44030.84
279.94	43800.96
280.01	43706.58
280.07	43740.84
280.14	43820.94
280.21	43899.26
280.28	43981.85
280.34	44047.16
280.41	44108.10
280.48	44166.96
280.55	44231.49
280.61	44268.80
280.68	44297.40
280.75	44330.03
280.82	44365.09
280.88	44384.84
280.95	44395.98
281.02	44385.26
281.08	44318.20
281.15	44210.52
281.22	44090.72
281.29	43948.16
281.35	43775.78
281.42	43593.72
281.49	43408.16
281.56	43214.24
281.62	43067.68
281.69	42963.34
281.76	42893.58
281.82	42852.85
281.89	42843.78
281.96	42843.76
282.03	42865.12
282.09	42923.12
282.16	43007.59
282.23	43110.70
282.30	43223.62
282.36	43353.62
282.43	43477.12
282.50	43586.74
282.56	43665.96
282.63	43725.35
282.70	43755.58
282.77	43785.92
282.83	43830.16
282.90	43871.88
282.97	43880.59
283.03	43803.64
283.10	43620.88
283.17	43347.28
283.24	43020.34
283.30	42697.37
283.37	42463.01
283.44	42330.51
283.50	42285.34
283.57	42323.26
283.64	42387.76
283.71	42467.08
283.77	42555.18
283.84	42637.12
283.91	42708.80
283.97	42795.32
284.04	42878.72
284.11	42962.94
284.18	43052.40
284.24	43115.18
284.31	43135.97
284.38	43124.52
284.44	43077.78
284.51	43037.84
284.58	43010.50
284.64	42990.00
284.71	42967.08
284.78	42915.30
284.85	42821.02
284.91	42722.72
284.98	42618.53
285.05	42483.48
285.11	42341.22
285.18	42157.99
285.25	41948.56
285.31	41758.27
285.38	41626.20
285.45	41582.14
285.52	41654.56
285.58	41780.18
285.65	41934.00
285.72	42100.38
285.78	42246.46
285.85	42361.58
285.92	42472.52
285.98	42582.76
286.05	42702.42
286.12	42824.74
286.18	42942.94
286.25	43057.94
286.32	43142.38
286.39	43203.42
286.45	43209.01
286.52	43142.02
286.59	42970.44
286.65	42723.36
286.72	42404.06
286.79	42087.40
286.85	41807.74
286.92	41620.32
286.99	41516.45
287.05	41476.66
287.12	41510.91
287.19	41592.80
287.25	41708.05
287.32	41844.72
287.39	41986.92
287.45	42090.20
287.52	42174.94
287.59	42248.06
287.65	42315.40
287.72	42385.70
287.79	42467.74
287.86	42543.59
287.92	42623.06
287.99	42693.35
288.06	42763.78
288.12	42817.98
288.19	42878.12
288.26	42918.59
288.32	42942.68
288.39	42947.78
288.46	42928.84
288.52	42864.82
288.59	42734.10
288.66	42528.86
288.72	42267.06
288.79	41992.20
288.86	41737.14
288.92	41550.66
288.99	41482.68
289.06	41513.48
289.12	41625.19
289.19	41793.22
289.26	42017.53
289.32	42255.47
289.39	42500.24
289.45	42719.02
289.52	42905.28
289.59	43030.41
289.65	43086.32
289.72	43078.56
289.79	43056.70
289.85	43014.20
289.92	42947.30
289.99	42873.41
290.05	42769.52
290.12	42630.44
290.19	42505.68
290.25	42408.38
290.32	42350.40
290.39	42369.49
290.45	42409.42
290.52	42409.60
290.59	42361.32
290.65	42236.34
290.72	42034.13
290.79	41862.96
290.85	41777.41
290.92	41809.40
290.98	41936.74
291.05	42159.28
291.12	42399.87
291.18	42631.30
291.25	42824.34
291.32	43007.60
291.38	43172.12
291.45	43331.70
291.52	43469.28
291.58	43578.06
291.65	43634.68
291.72	43633.58
291.78	43547.90
291.85	43402.63
291.91	43224.08
291.98	43074.14
292.05	42930.66
292.11	42804.70
292.18	42665.18
292.25	42511.82
292.31	42337.69
292.38	42190.88
292.45	42074.66
292.51	42037.42
292.58	42049.53
292.64	42116.10
292.71	42212.62
292.78	42358.37
292.84	42516.49
292.91	42713.99
292.98	42913.50
293.04	43117.38
293.11	43316.13
293.17	43525.15
293.24	43709.97
293.31	43882.74
293.37	44036.32
293.44	44145.98
293.51	44193.25
293.57	44193.96
293.64	44131.38
293.70	44006.12
293.77	43789.95
293.84	43487.54
293.90	43137.81
293.97	42809.52
294.04	42533.10
294.10	42374.78
294.17	42347.54
294.23	42407.47
294.30	42466.24
294.37	42502.04
294.43	42514.48
294.50	42478.16
294.56	42436.76
294.63	42451.90
294.70	42543.84
294.76	42722.40
294.83	42984.14
294.90	43277.62
294.96	43574.48
295.03	43850.26
295.09	44085.20
295.16	44304.80
295.23	44496.54
295.29	44669.66
295.36	44810.76
295.42	44905.34
295.49	44947.88
295.56	44976.20
295.62	44957.49
295.69	44870.32
295.75	44719.47
295.82	44488.26
295.89	44145.35
295.95	43749.22
296.02	43378.56
296.08	43021.60
296.15	42712.12
296.22	42502.12
296.28	42395.10
296.35	42380.12
296.41	42488.34
296.48	42721.08
296.55	43025.24
296.61	43365.94
296.68	43707.62
296.74	44026.28
296.81	44306.56
296.88	44529.46
296.94	44703.16
297.01	44862.16
297.07	45010.34
297.14	45153.50
297.20	45326.08
297.27	45524.24
297.34	45714.80
297.40	45868.30
297.47	45970.42
297.53	46018.84
297.60	46001.62
297.67	45905.60
297.73	45742.24
297.80	45474.62
297.86	45091.15
297.93	44603.40
298.00	44087.04
298.06	43615.00
298.13	43274.53
298.19	43097.97
298.26	43077.30
298.32	43167.40
298.39	43308.86
298.46	43467.66
298.52	43638.85
298.59	43845.63
298.65	44086.16
298.72	44362.91
298.78	44661.22
298.85	44958.40
298.92	45240.97
298.98	45498.98
299.05	45725.35
299.11	45923.58
299.18	46102.54
299.24	46256.24
299.31	46377.52
299.38	46476.74
299.44	46553.40
299.51	46624.64
299.57	46661.86
299.64	46673.10
299.70	46659.75
299.77	46582.95
299.84	46394.66
299.90	46044.32
299.97	45505.82
300.03	44809.68
300.10	44105.54
300.16	43508.74
300.23	43158.60
300.30	43096.22
300.36	43275.11
300.43	43602.20
300.49	43990.63
300.56	44379.40
300.62	44738.44
300.69	45086.28
300.75	45397.00
300.82	45689.49
300.89	45925.74
300.95	46150.50
301.02	46339.86
301.08	46508.12
301.15	46648.19
301.21	46793.76
301.28	46914.98
301.34	47035.52
301.41	47130.94
301.48	47207.50
301.54	47253.92
301.61	47276.02
301.67	47244.13
301.74	47171.70
301.80	47011.65
301.87	46756.72
301.93	46380.26
302.00	45921.15
302.06	45404.70
302.13	44903.68
302.20	44489.09
302.26	44218.20
302.33	44112.96
302.39	44131.20
302.46	44264.04
302.52	44469.80
302.59	44733.32
302.65	45002.48
302.72	45297.06
302.78	45594.24
302.85	45883.32
302.91	46130.88
302.98	46342.24
303.05	46537.85
303.11	46705.50
303.18	46847.30
303.24	46973.80
303.31	47085.02
303.37	47176.62
303.44	47237.62
303.50	47271.92
303.57	47282.54
303.63	47272.44
303.70	47246.84
303.76	47204.91
303.83	47142.59
303.89	47053.44
303.96	46910.78
304.03	46695.08
304.09	46373.84
304.16	45932.45
304.22	45401.99
304.29	44910.32
304.35	44522.81
304.42	44313.40
304.48	44292.30
304.55	44429.40
304.61	44642.24
304.68	44885.40
304.74	45142.15
304.81	45397.68
304.87	45633.91
304.94	45868.40
305.00	46057.02
305.07	46192.97
305.13	46303.52
305.20	46403.14
305.26	46482.99
305.33	46560.98
305.39	46639.84
305.46	46700.46
305.52	46765.62
305.59	46794.30
305.66	46802.44
305.72	46779.14
305.79	46744.08
305.85	46660.30
305.92	46537.80
305.98	46351.72
306.05	46101.72
306.11	45791.70
306.18	45449.70
306.24	45115.49
306.31	44786.48
306.37	44471.94
306.44	44176.72
306.50	43928.98
306.57	43751.76
306.63	43717.13
306.70	43812.42
306.76	44010.76
306.83	44263.30
306.89	44531.12
306.96	44748.11
307.02	44931.76
307.09	45086.42
307.15	45223.05
307.22	45326.68
307.28	45411.98
307.35	45469.91
307.41	45506.74
307.48	45531.98
307.54	45546.54
307.61	45551.18
307.67	45536.06
307.74	45521.17
307.80	45483.48
307.87	45435.50
307.93	45386.74
308.00	45347.53
308.06	45280.92
308.13	45204.76
308.19	45101.04
308.26	44970.80
308.32	44832.02
308.38	44683.84
308.45	44503.92
308.51	44301.36
308.58	44061.56
308.64	43781.84
308.71	43530.58
308.77	43358.38
308.84	43267.65
308.90	43281.38
308.97	43379.94
309.03	43521.60
309.10	43656.91
309.16	43789.53
309.23	43893.34
309.29	43977.03
309.36	44014.84
309.42	44046.76
309.49	44072.68
309.55	44080.54
309.62	44072.30
309.68	44065.49
309.75	44039.96
309.81	43980.66
309.88	43929.19
309.94	43869.17
310.00	43805.72
310.07	43728.12
310.13	43662.66
310.20	43578.81
310.26	43488.38
310.33	43403.76
310.39	43332.12
310.46	43248.30
310.52	43137.08
310.59	43011.58
310.65	42846.90
310.72	42648.38
310.78	42472.70
310.85	42341.34
310.91	42267.62
310.97	42251.38
311.04	42277.88
311.10	42303.76
311.17	42336.28
311.23	42347.58
311.30	42345.34
311.36	42356.03
311.43	42386.42
311.49	42405.77
311.56	42428.30
311.62	42450.84
311.69	42470.16
311.75	42481.52
311.81	42477.66
311.88	42451.12
311.94	42408.40
312.01	42365.46
312.07	42296.86
312.14	42241.49
312.20	42196.40
312.27	42165.52
312.33	42105.35
312.40	42050.66
312.46	41983.06
312.52	41904.58
312.59	41814.00
312.65	41731.08
312.72	41637.78
312.78	41549.50
312.85	41453.30
312.91	41347.32
312.98	41234.56
313.04	41108.12
313.10	40980.68
313.17	40864.54
313.23	40782.92
313.30	40726.16
313.36	40701.49
313.43	40705.10
313.49	40723.15
313.56	40739.74
313.62	40745.62
313.68	40745.84
313.75	40743.22
313.81	40732.40
313.88	40697.90
313.94	40669.16
314.01	40650.94
314.07	40617.56
314.13	40585.66
314.20	40574.16
314.26	40554.72
314.33	40520.81
314.39	40486.81
314.46	40431.03
314.52	40373.58
314.58	40292.35
314.65	40207.86
314.71	40116.59
314.78	40047.10
314.84	39961.90
314.91	39905.12
314.97	39852.42
315.03	39804.19
315.10	39756.08
315.16	39694.78
315.23	39626.84
315.29	39551.48
315.36	39481.77
315.42	39408.19
315.48	39351.74
315.55	39304.06
315.61	39255.38
315.68	39195.92
315.74	39148.16
315.81	39102.88
315.87	39053.44
315.93	39030.76
316.00	39035.00
316.06	39027.72
316.13	39035.40
316.19	39024.44
316.25	38972.42
316.32	38862.08
316.38	38721.08
316.45	38521.76
316.51	38302.14
316.58	38057.87
316.64	37810.72
316.70	37572.41
316.77	37320.91
316.83	37064.35
316.90	36809.97
316.96	36555.10
317.02	36291.25
317.09	36043.26
317.15	35792.30
317.22	35531.13
317.28	35270.46
317.34	34997.91
317.41	34734.08
317.47	34477.94
317.54	34235.98
317.60	33999.58
317.66	33760.28
317.73	33503.16
317.79	33238.49
317.86	32980.70
317.92	32712.34
317.98	32432.36
318.05	32147.30
318.11	31873.14
318.18	31596.62
318.24	31312.28
318.30	31045.95
318.37	30782.18
318.43	30502.74
318.50	30215.45
318.56	29935.41
318.62	29662.52
318.69	29399.28
318.75	29140.84
318.82	28869.95
318.88	28617.84
318.94	28345.47
319.01	28069.18
319.07	27803.38
319.13	27536.34
319.20	27252.22
319.26	26967.20
319.33	26688.74
319.39	26382.38
319.45	26099.88
319.52	25805.00
319.58	25523.58
319.65	25232.38
319.71	24952.44
319.77	24654.05
319.84	24367.90
319.90	24083.10
319.96	23790.30
320.03	23504.26
320.09	23227.36
320.16	22948.48
320.22	22659.66
320.28	22376.08
320.35	22088.66
320.41	21803.30
320.47	21521.30
320.54	21239.14
320.60	20963.06
320.67	20700.86
320.73	20429.71
320.79	20152.09
320.86	19879.53
320.92	19591.28
320.98	19291.80
321.05	18986.70
321.11	18684.56
321.18	18389.30
321.24	18103.66
321.30	17818.72
321.37	17550.22
321.43	17276.14
321.49	16999.72
321.56	16729.28
321.62	16463.54
321.68	16184.45
321.75	15911.28
321.81	15636.88
321.88	15354.92
321.94	15072.62
322.00	14787.16
322.07	14497.94
322.13	14206.78
322.19	13920.12
322.26	13620.48
322.32	13341.59
322.38	13070.50
322.45	12795.14
322.51	12520.76
322.58	12267.84
322.64	11995.01
322.70	11723.38
322.77	11455.88
322.83	11190.32
322.89	10911.68
322.96	10638.48
323.02	10363.55
323.08	10092.26
323.15	9825.30
323.21	9556.84
323.27	9301.94
323.34	9049.04
323.40	8793.32
323.46	8536.44
323.53	8181.18
323.59	7062.79
323.65	5462.22
323.72	3788.82
323.78	2167.58
323.85	700.64
323.91	42.69
323.97	-81.97
324.04	-82.53
