180.21	3369.70
180.28	-116.47
180.36	626.35
180.44	-40.92
180.51	-11.58
180.59	10.40
180.66	38.12
180.74	33.93
180.81	31.60
180.89	33.84
180.97	35.07
181.04	32.34
181.12	31.24
181.19	32.11
181.27	31.92
181.34	49.69
181.42	56.64
181.50	63.85
181.57	75.62
181.65	81.83
181.72	74.72
181.80	69.27
181.87	69.49
181.95	69.15
182.03	67.32
182.10	70.45
182.18	72.41
182.25	77.69
182.33	77.77
182.40	85.34
182.48	80.76
182.55	92.19
182.63	96.24
182.71	98.61
182.78	99.93
182.86	106.40
182.93	104.22
183.01	106.77
183.08	106.97
183.16	112.34
183.23	108.55
183.31	114.24
183.39	113.08
183.46	122.46
183.54	117.21
183.61	124.68
183.69	125.67
183.76	136.72
183.84	136.60
183.91	138.58
183.99	147.46
184.06	149.97
184.14	152.72
184.22	156.72
184.29	160.84
184.37	158.63
184.44	152.85
184.52	140.53
184.59	136.94
184.67	140.37
184.74	134.18
184.82	146.70
184.89	159.68
184.97	169.80
185.04	177.50
185.12	186.50
185.20	194.31
185.27	202.97
185.35	212.44
185.42	210.66
185.50	224.57
185.57	224.90
185.65	229.05
185.72	227.19
185.80	237.06
185.87	233.53
185.95	232.59
186.02	233.01
186.10	230.49
186.17	228.83
186.25	228.95
186.33	221.26
186.40	215.05
186.48	218.03
186.55	223.41
186.63	226.97
186.70	254.51
186.78	270.80
186.85	288.41
186.93	298.39
187.00	311.21
187.08	307.50
187.15	316.32
187.23	319.47
187.30	325.16
187.38	337.74
187.45	353.77
187.53	366.17
187.60	373.30
187.68	384.28
187.75	394.43
187.83	403.00
187.90	400.22
187.98	401.44
188.05	403.72
188.13	388.80
188.21	367.44
188.28	366.57
188.36	361.88
188.43	361.03
188.51	375.53
188.58	400.49
188.66	404.77
188.73	419.97
188.81	439.75
188.88	449.10
188.96	460.88
189.03	487.62
189.11	510.31
189.18	523.62
189.26	543.37
189.33	568.11
189.41	594.00
189.48	613.87
189.56	634.86
189.63	652.69
189.71	649.56
189.78	627.94
189.86	604.53
189.93	582.73
190.01	554.66
190.08	538.21
190.16	525.65
190.23	512.23
190.31	506.86
190.38	504.46
190.46	510.73
190.53	534.17
190.61	574.38
190.68	600.13
190.76	646.85
190.83	682.87
190.91	707.87
190.98	722.95
191.06	745.90
191.13	755.87
191.21	763.73
191.28	763.68
191.35	760.40
191.43	751.16
191.50	733.70
191.58	726.15
191.65	731.38
191.73	739.44
191.80	749.94
191.88	756.52
191.95	760.31
192.03	765.12
192.10	773.21
192.18	786.33
192.25	808.59
192.33	823.34
192.40	826.19
192.48	823.89
192.55	819.12
192.63	805.86
192.70	801.84
192.78	804.26
192.85	818.77
192.93	824.97
193.00	824.64
193.08	810.32
193.15	795.37
193.22	781.57
193.30	781.63
193.37	816.14
193.45	854.74
193.52	906.60
193.60	963.14
193.67	1010.17
193.75	1038.42
193.82	1072.74
193.90	1090.37
193.97	1091.53
194.05	1082.47
194.12	1062.09
194.20	1035.21
194.27	1003.72
194.34	958.41
194.42	920.08
194.49	897.17
194.57	881.56
194.64	864.10
194.72	859.95
194.79	863.90
194.87	877.83
194.94	912.19
195.02	969.84
195.09	1040.01
195.17	1118.63
195.24	1183.89
195.31	1234.38
195.39	1266.84
195.46	1285.53
195.54	1295.74
195.61	1295.97
195.69	1276.85
195.76	1244.78
195.84	1197.99
195.91	1112.53
195.99	1017.36
196.06	931.69
196.13	880.15
196.21	860.99
196.28	890.64
196.36	959.33
196.43	1045.83
196.51	1133.07
196.58	1219.77
196.66	1294.85
196.73	1348.65
196.80	1386.00
196.88	1404.18
196.95	1413.46
197.03	1412.32
197.10	1391.59
197.18	1357.77
197.25	1300.55
197.33	1217.08
197.40	1125.68
197.47	1038.15
197.55	970.09
197.62	931.32
197.70	927.12
197.77	955.04
197.85	1016.92
197.92	1090.92
197.99	1182.63
198.07	1284.07
198.14	1380.07
198.22	1472.13
198.29	1546.48
198.37	1601.38
198.44	1639.18
198.51	1653.41
198.59	1637.76
198.66	1610.81
198.74	1551.99
198.81	1452.56
198.89	1331.19
198.96	1216.30
199.03	1105.35
199.11	1030.63
199.18	1000.99
199.26	1025.29
199.33	1088.63
199.41	1186.74
199.48	1292.65
199.55	1408.23
199.63	1507.33
199.70	1598.08
199.78	1670.36
199.85	1740.57
199.93	1795.09
200.00	1846.76
200.07	1864.85
200.15	1857.63
200.22	1811.94
200.30	1724.39
200.37	1589.77
200.44	1420.19
200.52	1262.48
200.59	1154.10
200.67	1095.45
200.74	1100.70
200.81	1173.44
200.89	1272.36
200.96	1379.42
201.04	1483.69
201.11	1603.91
201.19	1722.68
201.26	1830.35
201.33	1915.71
201.41	1994.26
201.48	2038.04
201.56	2051.65
201.63	2049.47
201.70	2005.46
201.78	1921.70
201.85	1800.24
201.93	1656.67
202.00	1513.33
202.07	1399.69
202.15	1306.86
202.22	1263.26
202.30	1284.54
202.37	1342.44
202.44	1440.39
202.52	1583.03
202.59	1745.99
202.67	1892.56
202.74	2028.99
202.81	2145.77
202.89	2255.09
202.96	2357.47
203.04	2450.19
203.11	2514.94
203.18	2549.70
203.26	2537.90
203.33	2463.18
203.41	2333.59
203.48	2152.75
203.55	1911.99
203.63	1681.90
203.70	1518.57
203.77	1438.06
203.85	1456.53
203.92	1577.34
204.00	1759.72
204.07	1946.36
204.14	2132.21
204.22	2302.97
204.29	2480.10
204.37	2631.14
204.44	2764.06
204.51	2871.47
204.59	2945.05
204.66	2963.71
204.73	2953.30
204.81	2895.54
204.88	2794.10
204.96	2634.27
205.03	2419.00
205.10	2180.86
205.18	1977.56
205.25	1809.53
205.32	1722.91
205.40	1739.54
205.47	1834.42
205.55	1981.45
205.62	2180.53
205.69	2416.13
205.77	2661.39
205.84	2898.61
205.91	3109.42
205.99	3290.84
206.06	3439.60
206.14	3569.77
206.21	3692.09
206.28	3785.74
206.36	3851.25
206.43	3851.31
206.50	3785.54
206.58	3616.04
206.65	3352.97
206.72	3001.62
206.80	2646.42
206.87	2340.53
206.95	2158.32
207.02	2135.18
207.09	2269.42
207.17	2515.54
207.24	2813.35
207.31	3119.80
207.39	3415.20
207.46	3698.43
207.53	3958.30
207.61	4207.61
207.68	4432.62
207.75	4638.42
207.83	4806.57
207.90	4924.46
207.98	4968.60
208.05	4939.03
208.12	4809.04
208.20	4585.75
208.27	4264.29
208.34	3863.99
208.42	3447.23
208.49	3118.64
208.56	2902.70
208.64	2852.86
208.71	2960.29
208.78	3178.06
208.86	3453.77
208.93	3769.27
209.00	4100.81
209.08	4446.20
209.15	4801.01
209.22	5136.33
209.30	5445.50
209.37	5716.88
209.44	5957.31
209.52	6153.73
209.59	6289.31
209.67	6358.70
209.74	6345.80
209.81	6231.55
209.89	5982.56
209.96	5605.31
210.03	5132.94
210.11	4667.05
210.18	4254.30
210.25	3969.59
210.33	3877.02
210.40	3987.66
210.47	4244.06
210.55	4608.08
210.62	5035.06
210.69	5473.18
210.77	5905.58
210.84	6294.99
210.91	6666.22
210.99	7003.11
211.06	7330.30
211.13	7629.59
211.21	7906.39
211.28	8124.69
211.35	8279.87
211.42	8313.09
211.50	8201.62
211.57	7929.27
211.64	7508.66
211.72	6940.55
211.79	6325.31
211.86	5828.78
211.94	5560.56
212.01	5528.10
212.08	5759.00
212.16	6171.16
212.23	6628.25
212.30	7048.90
212.38	7425.28
212.45	7772.17
212.52	8091.57
212.60	8400.06
212.67	8717.49
212.74	9057.98
212.82	9397.45
212.89	9737.96
212.96	10033.94
213.03	10238.73
213.11	10318.93
213.18	10249.96
213.25	10015.89
213.33	9618.63
213.40	9093.78
213.47	8569.30
213.55	8143.05
213.62	7863.18
213.69	7810.43
213.77	7998.25
213.84	8332.49
213.91	8746.49
213.98	9192.50
214.06	9610.87
214.13	9977.21
214.20	10294.21
214.28	10609.13
214.35	10964.99
214.42	11361.19
214.50	11794.52
214.57	12227.16
214.64	12621.33
214.72	12929.73
214.79	13130.97
214.86	13198.66
214.93	13136.11
215.01	12900.58
215.08	12483.48
215.15	11899.14
215.23	11242.78
215.30	10687.40
215.37	10384.76
215.44	10412.54
215.52	10766.37
215.59	11347.97
215.66	12008.89
215.74	12617.59
215.81	13127.04
215.88	13590.57
215.95	14029.47
216.03	14452.28
216.10	14881.16
216.17	15277.51
216.25	15617.17
216.32	15895.98
216.39	16087.40
216.46	16215.83
216.54	16286.96
216.61	16285.01
216.68	16177.28
216.76	15962.22
216.83	15556.66
216.90	15005.09
216.97	14429.12
217.05	13988.87
217.12	13769.59
217.19	13857.25
217.27	14258.95
217.34	14865.99
217.41	15556.86
217.48	16252.78
217.56	16904.03
217.63	17494.08
217.70	17995.90
217.78	18409.35
217.85	18741.68
217.92	19030.42
217.99	19274.82
218.07	19476.33
218.14	19664.75
218.21	19876.10
218.28	20068.09
218.36	20235.19
218.43	20336.88
218.50	20311.76
218.57	20087.41
218.65	19642.65
218.72	18994.06
218.79	18322.99
218.87	17799.36
218.94	17549.42
219.01	17668.47
219.08	18136.43
219.16	18820.13
219.23	19580.01
219.30	20287.30
219.37	20897.95
219.45	21434.09
219.52	21915.17
219.59	22341.43
219.66	22754.70
219.74	23150.35
219.81	23522.49
219.88	23853.47
219.95	24165.23
220.03	24446.87
220.10	24680.24
220.17	24839.78
220.24	24892.95
220.32	24776.16
220.39	24484.03
220.46	24016.26
220.53	23410.57
220.61	22792.94
220.68	22355.71
220.75	22193.83
220.82	22343.57
220.90	22751.58
220.97	23316.82
221.04	23888.40
221.11	24406.85
221.19	24856.59
221.26	25299.26
221.33	25738.79
221.40	26180.45
221.48	26606.52
221.55	27021.69
221.62	27402.62
221.69	27748.30
221.77	28068.30
221.84	28353.16
221.91	28579.47
221.98	28722.89
222.06	28781.19
222.13	28745.99
222.20	28612.62
222.27	28392.49
222.35	28099.58
222.42	27816.45
222.49	27600.60
222.56	27504.70
222.63	27535.98
222.71	27699.75
222.78	27941.15
222.85	28197.68
222.92	28469.63
223.00	28743.36
223.07	29050.02
223.14	29383.56
223.21	29740.46
223.29	30098.66
223.36	30492.66
223.43	30876.06
223.50	31238.75
223.57	31571.43
223.65	31864.13
223.72	32062.38
223.79	32196.77
223.86	32234.42
223.94	32223.23
224.01	32168.41
224.08	32110.02
224.15	32028.65
224.22	31968.66
224.30	31904.31
224.37	31887.76
224.44	31926.86
224.51	32011.69
224.59	32156.38
224.66	32366.84
224.73	32593.90
224.80	32818.01
224.87	33071.02
224.95	33348.74
225.02	33632.15
225.09	33920.64
225.16	34200.88
225.23	34467.57
225.31	34709.72
225.38	34903.74
225.45	35060.63
225.52	35183.53
225.60	35252.43
225.67	35247.99
225.74	35186.46
225.81	35084.05
225.88	34994.21
225.96	34964.15
226.03	34998.32
226.10	35119.16
226.17	35301.38
226.24	35507.56
226.32	35702.14
226.39	35913.79
226.46	36127.94
226.53	36336.63
226.60	36550.95
226.68	36762.59
226.75	36956.63
226.82	37137.88
226.89	37314.63
226.96	37465.99
227.04	37588.49
227.11	37689.20
227.18	37778.94
227.25	37857.62
227.32	37936.59
227.40	38007.21
227.47	38057.51
227.54	38080.76
227.61	38043.49
227.68	37966.62
227.76	37874.92
227.83	37806.93
227.90	37814.84
227.97	37904.01
228.04	38058.37
228.11	38257.80
228.19	38472.47
228.26	38656.67
228.33	38837.76
228.40	38998.08
228.47	39159.38
228.55	39320.54
228.62	39474.16
228.69	39596.22
228.76	39711.87
228.83	39813.84
228.90	39901.86
228.98	39996.84
229.05	40121.79
229.12	40252.46
229.19	40387.66
229.26	40525.13
229.34	40633.20
229.41	40706.20
229.48	40743.79
229.55	40756.41
229.62	40744.83
229.69	40716.86
229.77	40665.65
229.84	40634.89
229.91	40634.71
229.98	40657.54
230.05	40726.14
230.12	40842.42
230.20	40979.58
230.27	41119.98
230.34	41255.17
230.41	41388.66
230.48	41510.84
230.55	41617.59
230.63	41707.73
230.70	41805.54
230.77	41868.38
230.84	41923.42
230.91	41965.43
230.98	42013.79
231.06	42063.30
231.13	42151.83
231.20	42249.73
231.27	42365.62
231.34	42474.48
231.41	42575.80
231.49	42645.30
231.56	42711.19
231.63	42763.68
231.70	42819.45
231.77	42857.87
231.84	42886.17
231.92	42899.10
231.99	42901.28
232.06	42917.50
232.13	42946.64
232.20	43012.18
232.27	43084.26
232.34	43173.13
232.42	43224.14
232.49	43279.22
232.56	43306.98
232.63	43361.07
232.70	43393.90
232.77	43454.47
232.85	43513.87
232.92	43576.98
232.99	43617.02
233.06	43676.28
233.13	43732.06
233.20	43789.00
233.27	43838.24
233.35	43885.57
233.42	43927.58
233.49	43964.60
233.56	43998.93
233.63	44044.27
233.70	44083.58
233.77	44125.45
233.85	44173.39
233.92	44224.58
233.99	44274.63
234.06	44331.58
234.13	44377.20
234.20	44426.41
234.27	44467.57
234.35	44499.96
234.42	44526.40
234.49	44550.91
234.56	44558.38
234.63	44557.55
234.70	44556.17
234.77	44541.45
234.84	44530.42
234.92	44519.46
234.99	44528.95
235.06	44544.85
235.13	44576.80
235.20	44609.12
235.27	44651.40
235.34	44678.42
235.41	44719.15
235.49	44744.94
235.56	44789.95
235.63	44829.84
235.70	44861.71
235.77	44870.63
235.84	44897.64
235.91	44912.24
235.98	44909.25
236.06	44900.96
236.13	44910.96
236.20	44927.13
236.27	44913.02
236.34	44918.13
236.41	44938.75
236.48	44955.33
236.55	44957.66
236.63	44979.08
236.70	44982.08
236.77	44986.81
236.84	45003.98
236.91	45019.62
236.98	45029.54
237.05	45051.32
237.12	45073.25
237.19	45072.91
237.27	45073.44
237.34	45085.01
237.41	45100.81
237.48	45105.51
237.55	45105.58
237.62	45109.04
237.69	45116.15
237.76	45136.15
237.83	45164.16
237.91	45194.18
237.98	45220.02
238.05	45240.60
238.12	45247.32
238.19	45244.20
238.26	45257.76
238.33	45272.02
238.40	45271.92
238.47	45265.46
238.54	45266.38
238.62	45252.54
238.69	45234.90
238.76	45230.38
238.83	45228.11
238.90	45239.58
238.97	45256.19
239.04	45278.60
239.11	45297.71
239.18	45329.03
239.25	45330.48
239.33	45324.47
239.40	45319.93
239.47	45304.69
239.54	45267.38
239.61	45238.00
239.68	45216.72
239.75	45203.51
239.82	45196.52
239.89	45200.12
239.96	45214.79
240.03	45225.57
240.11	45226.51
240.18	45240.03
240.25	45251.05
240.32	45243.26
240.39	45244.99
240.46	45265.49
240.53	45301.05
240.60	45339.31
240.67	45398.36
240.74	45443.05
240.81	45463.56
240.88	45466.34
240.96	45464.94
241.03	45473.65
241.10	45475.14
241.17	45487.18
241.24	45506.05
241.31	45527.53
241.38	45518.02
241.45	45506.06
241.52	45505.73
241.59	45491.77
241.66	45487.23
241.73	45503.09
241.80	45534.94
241.88	45550.23
241.95	45571.36
242.02	45586.97
242.09	45582.99
242.16	45582.22
242.23	45592.75
242.30	45603.02
242.37	45612.08
242.44	45638.58
242.51	45650.04
242.58	45656.82
242.65	45657.27
242.72	45666.41
242.79	45675.96
242.87	45702.54
242.94	45716.58
243.01	45745.73
243.08	45773.91
243.15	45792.04
243.22	45801.44
243.29	45835.95
243.36	45859.69
243.43	45875.85
243.50	45906.25
243.57	45958.62
243.64	45986.39
243.71	46023.29
243.78	46057.25
243.85	46074.16
243.92	46076.10
243.99	46092.82
244.07	46102.29
244.14	46098.46
244.21	46103.86
244.28	46118.80
244.35	46119.63
244.42	46127.16
244.49	46152.71
244.56	46189.50
244.63	46209.20
244.70	46226.33
244.77	46233.14
244.84	46260.31
244.91	46284.71
244.98	46319.72
245.05	46371.47
245.12	46429.71
245.19	46462.45
245.26	46490.38
245.33	46526.01
245.40	46565.31
245.47	46607.97
245.55	46661.77
245.62	46703.74
245.69	46733.69
245.76	46766.70
245.83	46814.01
245.90	46855.22
245.97	46902.40
246.04	46959.36
246.11	47003.81
246.18	47015.30
246.25	47021.84
246.32	47029.29
246.39	47034.24
246.46	47053.11
246.53	47100.66
246.60	47152.54
246.67	47224.86
246.74	47296.24
246.81	47366.40
246.88	47418.70
246.95	47468.07
247.02	47494.73
247.09	47523.72
247.16	47536.51
247.23	47547.09
247.30	47560.91
247.37	47573.16
247.44	47602.66
247.51	47628.79
247.58	47669.25
247.66	47718.66
247.73	47793.12
247.80	47842.53
247.87	47902.97
247.94	47965.54
248.01	48029.73
248.08	48088.95
248.15	48152.48
248.22	48216.46
248.29	48266.66
248.36	48317.74
248.43	48356.84
248.50	48401.46
248.57	48454.03
248.64	48509.88
248.71	48567.12
248.78	48639.09
248.85	48703.64
248.92	48757.96
248.99	48802.54
249.06	48825.40
249.13	48849.72
249.20	48871.49
249.27	48900.30
249.34	48936.40
249.41	48984.89
249.48	49011.51
249.55	49035.95
249.62	49047.66
249.69	49056.30
249.76	49079.87
249.83	49106.44
249.90	49174.36
249.97	49249.47
250.04	49345.49
250.11	49442.20
250.18	49533.90
250.25	49588.30
250.32	49636.40
250.39	49684.64
250.46	49715.28
250.53	49764.48
250.60	49826.14
250.67	49909.18
250.74	49977.25
250.81	50032.99
250.88	50078.48
250.95	50118.63
251.02	50137.01
251.09	50147.84
251.16	50164.73
251.23	50180.31
251.30	50193.10
251.37	50217.68
251.44	50264.74
251.51	50331.80
251.58	50399.17
251.65	50468.46
251.72	50537.43
251.79	50598.97
251.86	50651.07
251.93	50698.81
252.00	50741.15
252.07	50764.76
252.14	50795.75
252.21	50819.37
252.28	50838.44
252.35	50864.42
252.42	50917.37
252.49	50972.90
252.56	51024.72
252.63	51098.96
252.70	51161.10
252.77	51219.91
252.84	51264.16
252.91	51312.58
252.98	51361.52
253.05	51393.74
253.12	51414.17
253.19	51435.29
253.25	51478.28
253.32	51494.84
253.39	51540.05
253.46	51576.18
253.53	51608.78
253.60	51614.46
253.67	51617.25
253.74	51636.12
253.81	51680.22
253.88	51716.84
253.95	51768.71
254.02	51833.99
254.09	51883.53
254.16	51914.18
254.23	51954.00
254.30	51988.91
254.37	52019.06
254.44	52051.33
254.51	52082.92
254.58	52111.36
254.65	52139.15
254.72	52175.27
254.79	52179.72
254.86	52192.05
254.93	52203.44
255.00	52221.62
255.07	52253.10
255.14	52311.63
255.21	52351.19
255.28	52362.26
255.34	52344.95
255.41	52315.85
255.48	52283.95
255.55	52262.71
255.62	52273.18
255.69	52308.27
255.76	52343.46
255.83	52377.08
255.90	52410.76
255.97	52467.81
256.04	52504.63
256.11	52560.92
256.18	52625.52
256.25	52705.57
256.32	52762.51
256.39	52838.58
256.46	52884.25
256.53	52931.12
256.60	52976.22
256.67	53015.43
256.74	53039.12
256.80	53063.66
256.87	53053.74
256.94	53016.93
257.01	52993.32
257.08	53007.49
257.15	53020.83
257.22	53037.82
257.29	53049.01
257.36	53017.65
257.43	52938.48
257.50	52871.59
257.57	52813.56
257.64	52789.20
257.71	52815.00
257.78	52874.97
257.85	52937.15
257.92	53023.36
257.98	53104.34
258.05	53153.73
258.12	53159.94
258.19	53137.37
258.26	53074.85
258.33	52990.04
258.40	52925.06
258.47	52885.16
258.54	52871.65
258.61	52902.43
258.68	52955.74
258.75	53005.42
258.82	53064.47
258.89	53120.23
258.95	53152.28
259.02	53165.07
259.09	53163.46
259.16	53140.41
259.23	53099.87
259.30	53069.71
259.37	53048.69
259.44	53034.15
259.51	53040.04
259.58	53058.74
259.65	53057.52
259.72	53051.83
259.79	53027.67
259.85	52985.84
259.92	52941.45
259.99	52921.86
260.06	52929.02
260.13	52950.00
260.20	52971.10
260.27	52973.07
260.34	52961.42
260.41	52930.96
260.48	52912.32
260.55	52902.81
260.62	52886.63
260.68	52859.13
260.75	52816.49
260.82	52791.26
260.89	52779.30
260.96	52779.95
261.03	52780.58
261.10	52786.19
261.17	52752.21
261.24	52680.73
261.31	52601.62
261.38	52524.14
261.44	52447.40
261.51	52396.06
261.58	52371.93
261.65	52386.68
261.72	52422.11
261.79	52444.93
261.86	52450.55
261.93	52445.97
262.00	52407.47
262.07	52340.54
262.13	52285.05
262.20	52250.48
262.27	52212.48
262.34	52215.63
262.41	52241.48
262.48	52266.37
262.55	52295.72
262.62	52325.66
262.69	52326.80
262.76	52312.77
262.82	52295.58
262.89	52266.43
262.96	52248.39
263.03	52232.55
263.10	52227.24
263.17	52226.03
263.24	52201.75
263.31	52190.88
263.38	52207.14
263.44	52234.64
263.51	52248.08
263.58	52262.19
263.65	52237.70
263.72	52136.97
263.79	52010.46
263.86	51908.32
263.93	51826.84
264.00	51781.73
264.06	51791.91
264.13	51807.55
264.20	51799.39
264.27	51743.69
264.34	51654.13
264.41	51564.29
264.48	51468.19
264.55	51361.16
264.61	51274.01
264.68	51196.82
264.75	51114.65
264.82	51042.64
264.89	51010.07
264.96	51010.89
265.03	51023.76
265.10	51047.99
265.16	51066.26
265.23	51057.72
265.30	51026.29
265.37	50973.68
265.44	50906.11
265.51	50872.00
265.58	50864.00
265.65	50882.31
265.71	50931.18
265.78	50991.01
265.85	50999.66
265.92	50954.99
265.99	50855.97
266.06	50727.14
266.13	50572.34
266.20	50450.61
266.26	50374.27
266.33	50339.41
266.40	50305.69
266.47	50285.08
266.54	50247.81
266.61	50233.63
266.68	50219.51
266.74	50214.18
266.81	50176.87
266.88	50113.31
266.95	49987.46
267.02	49865.86
267.09	49760.45
267.16	49726.73
267.22	49732.37
267.29	49794.12
267.36	49866.13
267.43	49929.43
267.50	49952.91
267.57	49950.97
267.64	49892.20
267.70	49798.45
267.77	49695.79
267.84	49618.46
267.91	49567.45
267.98	49560.77
268.05	49604.61
268.11	49645.38
268.18	49646.76
268.25	49605.79
268.32	49508.37
268.39	49343.28
268.46	49146.33
268.53	48929.06
268.59	48734.10
268.66	48598.59
268.73	48517.91
268.80	48511.09
268.87	48566.97
268.94	48669.42
269.00	48785.87
269.07	48881.22
269.14	48945.56
269.21	48965.81
269.28	48915.76
269.35	48821.54
269.41	48740.15
269.48	48668.24
269.55	48647.02
269.62	48671.37
269.69	48720.43
269.76	48741.51
269.82	48734.46
269.89	48678.21
269.96	48599.32
270.03	48494.90
270.10	48385.58
270.17	48271.27
270.23	48185.29
270.30	48123.76
270.37	48112.00
270.44	48133.45
270.51	48166.25
270.58	48187.35
270.64	48195.76
270.71	48178.53
270.78	48173.65
270.85	48180.09
270.92	48194.94
270.99	48196.40
271.05	48166.38
271.12	48088.00
271.19	47983.85
271.26	47856.25
271.33	47737.36
271.39	47663.80
271.46	47592.08
271.53	47540.40
271.60	47506.20
271.67	47478.69
271.74	47415.74
271.80	47371.90
271.87	47345.70
271.94	47306.21
272.01	47262.73
272.08	47236.06
272.14	47200.77
272.21	47164.05
272.28	47137.93
272.35	47101.95
272.42	47071.64
272.48	47077.72
272.55	47076.51
272.62	47069.34
272.69	47067.76
272.76	47065.71
272.83	47031.65
272.89	47001.48
272.96	46970.05
273.03	46948.81
273.10	46927.33
273.17	46914.91
273.23	46877.17
273.30	46813.37
273.37	46701.09
273.44	46557.38
273.51	46413.03
273.57	46307.01
273.64	46241.93
273.71	46243.33
273.78	46283.95
273.85	46341.82
273.91	46408.01
273.98	46490.82
274.05	46593.34
274.12	46723.81
274.19	46858.91
274.25	46970.98
274.32	47052.28
274.39	47063.98
274.46	47000.95
274.53	46876.24
274.59	46715.67
274.66	46547.38
274.73	46403.51
274.80	46283.48
274.86	46188.17
274.93	46140.88
275.00	46108.59
275.07	46076.61
275.14	46045.36
275.20	46030.44
275.27	46002.57
275.34	45970.99
275.41	45947.72
275.48	45943.22
275.54	45964.30
275.61	45999.91
275.68	46037.83
275.75	46067.16
275.81	46068.94
275.88	46058.54
275.95	46051.73
276.02	46060.87
276.09	46077.91
276.15	46112.18
276.22	46127.35
276.29	46099.22
276.36	45998.02
276.42	45861.89
276.49	45701.33
276.56	45542.99
276.63	45410.66
276.70	45350.90
276.76	45344.64
276.83	45394.06
276.90	45458.86
276.97	45525.88
277.03	45574.63
277.10	45561.32
277.17	45493.84
277.24	45405.94
277.30	45329.98
277.37	45284.97
277.44	45311.24
277.51	45370.64
277.58	45429.48
277.64	45472.02
277.71	45459.26
277.78	45374.33
277.85	45235.47
277.91	45076.35
277.98	44903.20
278.05	44760.46
278.12	44664.65
278.18	44628.31
278.25	44639.66
278.32	44702.85
278.39	44807.31
278.45	44939.41
278.52	45092.93
278.59	45256.15
278.66	45380.24
278.72	45432.93
278.79	45407.66
278.86	45276.86
278.93	45060.81
278.99	44800.42
279.06	44563.80
279.13	44400.54
279.20	44364.93
279.26	44436.92
279.33	44599.50
279.40	44793.41
279.47	44984.27
279.53	45102.60
279.60	45111.53
279.67	44975.72
279.74	44711.05
279.80	44374.87
279.87	44050.76
279.94	43817.38
280.01	43716.32
280.07	43733.82
280.14	43825.70
280.21	43920.91
280.28	44012.50
280.34	44079.44
280.41	44150.08
280.48	44201.55
280.55	44263.91
280.61	44299.04
280.68	44326.58
280.75	44342.23
280.82	44368.91
280.88	44399.67
280.95	44407.38
281.02	44392.02
281.08	44334.69
281.15	44227.97
281.22	44095.50
281.29	43947.96
281.35	43788.46
281.42	43616.05
281.49	43433.55
281.56	43244.64
281.62	43101.81
281.69	42984.36
281.76	42899.97
281.82	42861.38
281.89	42844.77
281.96	42844.17
282.03	42867.80
282.09	42919.86
282.16	42998.90
282.23	43098.81
282.30	43207.64
282.36	43342.32
282.43	43471.94
282.50	43590.76
282.56	43673.61
282.63	43735.52
282.70	43774.06
282.77	43817.73
282.83	43845.83
282.90	43896.07
282.97	43900.62
283.03	43812.40
283.10	43631.29
283.17	43361.53
283.24	43020.87
283.30	42695.75
283.37	42463.55
283.44	42323.84
283.50	42286.64
283.57	42322.22
283.64	42396.83
283.71	42467.74
283.77	42542.63
283.84	42628.29
283.91	42699.87
283.97	42780.44
284.04	42889.63
284.11	42982.10
284.18	43052.60
284.24	43125.13
284.31	43155.79
284.38	43125.27
284.44	43086.38
284.51	43046.96
284.58	43023.78
284.64	42994.98
284.71	42971.93
284.78	42921.43
284.85	42832.80
284.91	42722.62
284.98	42623.63
285.05	42497.21
285.11	42349.83
285.18	42179.42
285.25	41980.31
285.31	41788.04
285.38	41658.67
285.45	41619.68
285.52	41676.85
285.58	41798.71
285.65	41963.33
285.72	42110.47
285.78	42248.86
285.85	42363.84
285.92	42478.10
285.98	42583.28
286.05	42716.14
286.12	42841.95
286.18	42954.52
286.25	43055.97
286.32	43138.75
286.39	43192.01
286.45	43194.49
286.52	43127.06
286.59	42964.63
286.65	42705.41
286.72	42384.50
286.79	42061.45
286.85	41788.41
286.92	41599.74
286.99	41506.30
287.05	41480.03
287.12	41509.63
287.19	41600.12
287.25	41725.34
287.32	41856.61
287.39	41980.99
287.45	42103.62
287.52	42185.93
287.59	42251.30
287.65	42335.86
287.72	42425.61
287.79	42499.67
287.86	42586.08
287.92	42666.70
287.99	42720.51
288.06	42786.19
288.12	42847.19
288.19	42898.27
288.26	42931.69
288.32	42963.18
288.39	42948.10
288.46	42925.86
288.52	42870.74
288.59	42754.12
288.66	42550.73
288.72	42303.97
288.79	42024.67
288.86	41755.33
288.92	41561.39
288.99	41474.56
289.06	41506.48
289.12	41614.28
289.19	41786.67
289.26	42011.11
289.32	42256.96
289.39	42495.43
289.45	42723.95
289.52	42916.43
289.59	43038.74
289.65	43086.86
289.72	43084.78
289.79	43064.19
289.85	43009.87
289.92	42938.15
289.99	42859.08
290.05	42754.50
290.12	42603.50
290.19	42483.23
290.25	42391.73
290.32	42349.47
290.39	42356.14
290.45	42386.84
290.52	42398.81
290.59	42364.98
290.65	42233.65
290.72	42051.01
290.79	41879.72
290.85	41792.10
290.92	41794.11
290.98	41929.83
291.05	42145.59
291.12	42404.91
291.18	42630.91
291.25	42837.12
291.32	43018.91
291.38	43180.84
291.45	43338.83
291.52	43475.71
291.58	43583.39
291.65	43641.61
291.72	43638.06
291.78	43562.98
291.85	43408.15
291.91	43222.47
291.98	43069.90
292.05	42929.73
292.11	42785.50
292.18	42653.83
292.25	42513.26
292.31	42337.44
292.38	42181.38
292.45	42073.73
292.51	42028.88
292.58	42038.61
292.64	42104.08
292.71	42207.20
292.78	42347.44
292.84	42515.81
292.91	42706.49
292.98	42903.60
293.04	43106.14
293.11	43298.93
293.17	43497.52
293.24	43691.79
293.31	43863.91
293.37	44016.50
293.44	44131.47
293.51	44188.42
293.57	44186.36
293.64	44134.25
293.70	44008.68
293.77	43791.26
293.84	43478.94
293.90	43127.71
293.97	42792.10
294.04	42533.41
294.10	42395.25
294.17	42387.23
294.23	42446.07
294.30	42506.25
294.37	42523.75
294.43	42510.56
294.50	42456.64
294.56	42410.16
294.63	42419.63
294.70	42523.67
294.76	42701.88
294.83	42959.76
294.90	43257.95
294.96	43559.43
295.03	43829.79
295.09	44076.62
295.16	44293.49
295.23	44477.62
295.29	44647.23
295.36	44791.55
295.42	44889.38
295.49	44940.02
295.56	44973.04
295.62	44944.27
295.69	44844.64
295.75	44688.39
295.82	44457.90
295.89	44117.31
295.95	43732.95
296.02	43363.99
296.08	43015.94
296.15	42709.53
296.22	42498.03
296.28	42390.84
296.35	42388.76
296.41	42483.13
296.48	42698.28
296.55	43013.58
296.61	43360.68
296.68	43705.76
296.74	44036.76
296.81	44317.99
296.88	44532.82
296.94	44706.25
297.01	44849.25
297.07	44990.54
297.14	45154.31
297.20	45328.66
297.27	45520.58
297.34	45713.30
297.40	45866.80
297.47	45970.27
297.53	46024.63
297.60	46008.51
297.67	45920.34
297.73	45749.91
297.80	45466.71
297.86	45073.85
297.93	44591.18
298.00	44081.60
298.06	43617.24
298.13	43289.03
298.19	43112.07
298.26	43090.76
298.32	43178.61
298.39	43306.23
298.46	43458.26
298.52	43639.12
298.59	43848.80
298.65	44087.35
298.72	44381.44
298.78	44684.26
298.85	44973.87
298.92	45250.05
298.98	45486.93
299.05	45701.52
299.11	45893.33
299.18	46071.37
299.24	46222.18
299.31	46363.00
299.38	46479.41
299.44	46562.62
299.51	46624.94
299.57	46660.75
299.64	46672.17
299.70	46647.52
299.77	46569.14
299.84	46382.64
299.90	46043.18
299.97	45492.23
300.03	44787.17
300.10	44078.26
300.16	43485.15
300.23	43134.82
300.30	43075.69
300.36	43260.60
300.43	43595.04
300.49	43987.15
300.56	44365.43
300.62	44720.12
300.69	45069.77
300.75	45379.21
300.82	45669.72
300.89	45927.34
300.95	46162.80
301.02	46354.33
301.08	46513.45
301.15	46662.48
301.21	46795.46
301.28	46919.34
301.34	47040.69
301.41	47143.65
301.48	47218.30
301.54	47259.59
301.61	47269.01
301.67	47231.94
301.74	47162.36
301.80	46999.43
301.87	46749.33
301.93	46381.42
302.00	45926.50
302.06	45401.94
302.13	44899.28
302.20	44494.81
302.26	44227.10
302.33	44113.13
302.39	44151.21
302.46	44296.68
302.52	44495.98
302.59	44753.63
302.65	45030.14
302.72	45318.87
302.78	45604.79
302.85	45876.25
302.91	46113.25
302.98	46327.28
303.05	46509.62
303.11	46690.65
303.18	46840.57
303.24	46972.73
303.31	47083.21
303.37	47178.80
303.44	47225.64
303.50	47262.81
303.57	47282.26
303.63	47275.49
303.70	47248.92
303.76	47213.26
303.83	47144.42
303.89	47046.35
303.96	46912.98
304.03	46694.08
304.09	46380.25
304.16	45941.80
304.22	45420.05
304.29	44917.55
304.35	44520.24
304.42	44291.89
304.48	44271.99
304.55	44416.60
304.61	44643.70
304.68	44903.96
304.74	45160.86
304.81	45412.67
304.87	45639.85
304.94	45851.83
305.00	46040.11
305.07	46196.04
305.13	46313.79
305.20	46420.64
305.26	46509.77
305.33	46588.46
305.39	46652.07
305.46	46707.40
305.52	46753.41
305.59	46780.12
305.66	46787.33
305.72	46767.90
305.79	46733.98
305.85	46662.66
305.92	46538.18
305.98	46350.63
306.05	46088.79
306.11	45780.86
306.18	45445.74
306.24	45111.25
306.31	44779.66
306.37	44488.39
306.44	44198.89
306.50	43946.73
306.57	43771.94
306.63	43744.45
306.70	43822.44
306.76	44021.90
306.83	44278.53
306.89	44542.80
306.96	44762.67
307.02	44946.52
307.09	45096.45
307.15	45221.02
307.22	45324.13
307.28	45402.31
307.35	45455.40
307.41	45493.26
307.48	45527.53
307.54	45549.83
307.61	45554.41
307.67	45537.48
307.74	45510.38
307.80	45475.64
307.87	45435.36
307.93	45387.21
308.00	45350.97
308.06	45291.06
308.13	45204.27
308.19	45087.93
308.26	44955.53
308.32	44813.57
308.38	44655.98
308.45	44469.34
308.51	44267.65
308.58	44019.93
308.64	43743.00
308.71	43511.55
308.77	43355.22
308.84	43264.25
308.90	43295.57
308.97	43392.87
309.03	43515.39
309.10	43640.87
309.16	43764.51
309.23	43850.58
309.29	43933.93
309.36	43980.98
309.42	44012.11
309.49	44038.61
309.55	44046.98
309.62	44042.64
309.68	44040.30
309.75	44014.88
309.81	43973.85
309.88	43931.28
309.94	43873.70
310.00	43804.56
310.07	43737.68
310.13	43662.54
310.20	43577.21
310.26	43491.37
310.33	43408.76
310.39	43335.42
310.46	43249.56
310.52	43147.34
310.59	43017.78
310.65	42852.40
310.72	42658.93
310.78	42479.88
310.85	42335.58
310.91	42254.27
310.97	42225.91
311.04	42233.42
311.10	42257.96
311.17	42295.01
311.23	42314.70
311.30	42335.72
311.36	42359.70
311.43	42397.84
311.49	42412.49
311.56	42430.23
311.62	42452.69
311.69	42473.90
311.75	42470.13
311.81	42467.88
311.88	42441.38
311.94	42395.55
312.01	42335.35
312.07	42278.18
312.14	42229.17
312.20	42187.85
312.27	42146.02
312.33	42099.28
312.40	42038.21
312.46	41966.29
312.52	41895.41
312.59	41813.01
312.65	41731.48
312.72	41647.33
312.78	41556.54
312.85	41455.36
312.91	41347.09
312.98	41218.48
313.04	41096.35
313.10	40969.44
313.17	40849.03
313.23	40763.78
313.30	40717.75
313.36	40679.16
313.43	40683.78
313.49	40710.06
313.56	40731.18
313.62	40743.77
313.68	40764.39
313.75	40756.41
313.81	40735.11
313.88	40700.03
313.94	40667.05
314.01	40626.54
314.07	40600.86
314.13	40575.86
314.20	40560.85
314.26	40542.82
314.33	40520.91
314.39	40481.70
314.46	40413.85
314.52	40350.63
314.58	40270.44
314.65	40184.52
314.71	40093.04
314.78	40027.22
314.84	39949.58
314.91	39887.61
314.97	39834.30
315.03	39792.36
315.10	39737.01
315.16	39672.96
315.23	39603.00
315.29	39533.73
315.36	39453.28
315.42	39395.46
315.48	39349.33
315.55	39307.04
315.61	39257.69
315.68	39211.20
315.74	39154.97
315.81	39098.67
315.87	39042.77
315.93	39010.30
316.00	39015.46
316.06	39020.82
316.13	39030.32
316.19	39022.36
316.25	38972.30
316.32	38855.04
316.38	38708.42
316.45	38511.64
316.51	38288.30
316.58	38045.88
316.64	37793.31
316.70	37547.95
316.77	37294.92
316.83	37043.57
316.90	36786.63
316.96	36539.07
317.02	36280.77
317.09	36032.76
317.15	35778.38
317.22	35522.23
317.28	35262.70
317.34	34996.36
317.41	34727.14
317.47	34469.81
317.54	34228.21
317.60	33984.98
317.66	33741.38
317.73	33483.45
317.79	33231.61
317.86	32965.00
317.92	32695.72
317.98	32424.88
318.05	32160.57
318.11	31877.37
318.18	31611.92
318.24	31343.99
318.30	31062.81
318.37	30786.48
318.43	30513.04
318.50	30231.88
318.56	29944.99
318.62	29683.55
318.69	29417.40
318.75	29151.22
318.82	28878.50
318.88	28619.91
318.94	28334.65
319.01	28065.66
319.07	27797.37
319.13	27525.10
319.20	27240.98
319.26	26966.02
319.33	26677.42
319.39	26378.49
319.45	26086.62
319.52	25800.16
319.58	25503.92
319.65	25213.30
319.71	24926.94
319.77	24635.67
319.84	24350.79
319.90	24077.55
319.96	23792.96
320.03	23514.66
320.09	23241.03
320.16	22953.29
320.22	22667.51
320.28	22379.83
320.35	22095.83
320.41	21809.35
320.47	21533.15
320.54	21253.08
320.60	20983.51
320.67	20706.81
320.73	20428.66
320.79	20143.62
320.86	19867.38
320.92	19577.24
320.98	19283.87
321.05	18987.05
321.11	18690.20
321.18	18389.50
321.24	18102.49
321.30	17819.36
321.37	17546.44
321.43	17276.67
321.49	17002.83
321.56	16727.97
321.62	16459.15
321.68	16183.24
321.75	15905.48
321.81	15627.96
321.88	15340.96
321.94	15054.32
322.00	14768.20
322.07	14479.95
322.13	14192.21
322.19	13913.46
322.26	13628.85
322.32	13353.81
322.38	13081.28
322.45	12815.71
322.51	12540.75
322.58	12277.07
322.64	11992.92
322.70	11723.17
322.77	11440.02
322.83	11175.43
322.89	10895.45
322.96	10635.97
323.02	10357.56
323.08	10096.11
323.15	9824.78
323.21	9563.82
323.27	9299.31
323.34	9045.70
323.40	8793.14
323.46	8539.40
323.53	8184.07
323.59	7067.60
323.65	5470.34
323.72	3790.80
323.78	2169.31
323.85	700.16
323.91	42.64
323.97	-81.27
324.04	-82.32
