180.25	3513.70
180.33	-132.36
180.40	655.59
180.48	-31.53
180.56	11.82
180.63	47.87
180.71	89.56
180.78	89.52
180.86	90.20
180.93	95.77
181.01	98.66
181.08	97.59
181.16	97.01
181.23	98.31
181.31	97.65
181.39	120.55
181.46	129.07
181.54	139.13
181.61	155.23
181.69	163.71
181.76	156.60
181.84	151.61
181.91	153.88
181.99	155.88
182.06	156.85
182.14	162.69
182.22	168.53
182.29	179.39
182.37	184.36
182.44	198.29
182.52	197.39
182.59	217.34
182.67	227.20
182.74	233.76
182.82	238.19
182.89	248.09
182.97	246.79
183.04	255.53
183.12	264.99
183.20	286.23
183.27	300.91
183.35	333.48
183.42	358.59
183.50	403.41
183.57	431.37
183.65	482.60
183.72	529.01
183.80	589.05
183.87	636.75
183.95	686.69
184.02	737.01
184.10	772.31
184.17	792.73
184.25	795.47
184.32	788.87
184.40	760.39
184.47	711.87
184.55	670.70
184.62	670.69
184.70	704.66
184.78	762.45
184.85	883.92
184.93	1025.41
185.00	1160.13
185.08	1296.93
185.15	1433.42
185.23	1564.67
185.30	1688.06
185.38	1805.66
185.45	1920.23
185.53	2047.05
185.60	2161.19
185.68	2290.71
185.75	2391.71
185.83	2467.89
185.90	2512.75
185.98	2490.83
186.05	2399.81
186.13	2276.27
186.20	2110.16
186.28	1961.58
186.35	1906.65
186.43	1950.37
186.50	2094.31
186.58	2324.19
186.65	2574.01
186.73	2820.66
186.80	3043.81
186.88	3249.20
186.95	3464.15
187.03	3679.69
187.10	3881.57
187.18	4111.29
187.25	4326.42
187.33	4540.22
187.40	4772.25
187.48	4983.62
187.55	5168.98
187.63	5323.43
187.70	5396.94
187.78	5399.35
187.85	5352.87
187.93	5173.03
188.00	4888.90
188.08	4570.56
188.15	4289.67
188.23	4121.49
188.30	4127.93
188.38	4321.79
188.45	4646.29
188.53	5003.85
188.60	5341.23
188.68	5645.23
188.75	5919.13
188.83	6204.14
188.90	6458.74
188.98	6704.04
189.05	6963.30
189.13	7191.90
189.20	7385.34
189.28	7586.88
189.35	7762.97
189.43	7911.79
189.50	8049.03
189.58	8113.73
189.65	8099.77
189.73	8025.15
189.80	7844.96
189.87	7579.13
189.95	7259.23
190.02	6863.51
190.10	6433.71
190.17	6120.31
190.25	5989.34
190.32	6049.57
190.40	6301.80
190.47	6695.51
190.55	7127.54
190.62	7525.69
190.70	7872.42
190.77	8201.31
190.85	8525.81
190.92	8790.92
191.00	9032.76
191.07	9264.04
191.15	9443.03
191.22	9591.87
191.29	9726.78
191.37	9825.37
191.44	9913.87
191.52	10020.95
191.59	10104.33
191.67	10179.49
191.74	10227.76
191.82	10228.62
191.89	10194.89
191.97	10157.25
192.04	10086.99
192.12	9972.77
192.19	9789.25
192.27	9543.37
192.34	9306.74
192.41	9179.22
192.49	9187.65
192.56	9345.89
192.64	9611.71
192.71	9910.57
192.79	10149.72
192.86	10326.47
192.94	10418.21
193.01	10486.20
193.09	10543.56
193.16	10632.81
193.23	10748.09
193.31	10896.10
193.38	11076.35
193.46	11230.86
193.53	11358.37
193.61	11471.61
193.68	11577.28
193.76	11638.76
193.83	11710.25
193.91	11771.75
193.98	11830.61
194.05	11889.69
194.13	11944.31
194.20	11967.71
194.28	11973.37
194.35	11947.11
194.43	11880.12
194.50	11775.99
194.58	11649.36
194.65	11546.68
194.72	11540.57
194.80	11656.66
194.87	11877.37
194.95	12195.74
195.02	12535.75
195.10	12820.53
195.17	13059.45
195.25	13266.61
195.32	13440.78
195.39	13578.60
195.47	13690.07
195.54	13765.99
195.62	13784.39
195.69	13718.59
195.77	13583.25
195.84	13392.79
195.91	13172.11
195.99	13025.23
196.06	12988.81
196.14	13067.27
196.21	13241.15
196.29	13478.49
196.36	13711.39
196.43	13905.05
196.51	14052.46
196.58	14160.16
196.66	14211.88
196.73	14228.83
196.81	14213.24
196.88	14174.11
196.95	14110.69
197.03	14013.14
197.10	13870.79
197.18	13704.71
197.25	13538.82
197.33	13409.82
197.40	13341.84
197.47	13323.76
197.55	13394.35
197.62	13533.86
197.70	13722.23
197.77	13978.11
197.84	14279.44
197.92	14575.88
197.99	14873.41
198.07	15147.68
198.14	15377.57
198.22	15570.31
198.29	15734.40
198.36	15861.35
198.44	15965.05
198.51	16014.41
198.59	15992.23
198.66	15899.79
198.73	15738.09
198.81	15521.66
198.88	15274.17
198.96	15067.77
199.03	14958.85
199.10	15001.45
199.18	15154.61
199.25	15418.91
199.33	15756.34
199.40	16089.99
199.48	16340.27
199.55	16540.96
199.62	16693.55
199.70	16830.92
199.77	16949.13
199.85	17074.29
199.92	17170.52
199.99	17237.23
200.07	17207.61
200.14	17084.49
200.22	16817.38
200.29	16432.90
200.36	16032.69
200.44	15712.31
200.51	15520.01
200.59	15494.65
200.66	15616.61
200.73	15810.18
200.81	16028.95
200.88	16243.50
200.95	16487.85
201.03	16749.54
201.10	17034.43
201.18	17312.15
201.25	17572.67
201.32	17775.89
201.40	17968.45
201.47	18117.98
201.55	18208.07
201.62	18222.63
201.69	18140.97
201.77	17983.01
201.84	17802.43
201.92	17599.41
201.99	17397.08
202.06	17284.97
202.14	17288.63
202.21	17397.53
202.28	17636.43
202.36	17977.17
202.43	18367.17
202.51	18727.57
202.58	19022.79
202.65	19248.74
202.73	19465.19
202.80	19653.14
202.87	19834.33
202.95	20013.47
203.02	20159.50
203.10	20219.77
203.17	20215.37
203.24	20096.21
203.32	19804.25
203.39	19359.44
203.46	18902.30
203.54	18537.91
203.61	18360.79
203.69	18413.65
203.76	18684.35
203.83	19056.65
203.91	19408.43
203.98	19710.95
204.05	19950.20
204.13	20170.76
204.20	20348.77
204.28	20499.38
204.35	20597.06
204.42	20680.49
204.50	20734.43
204.57	20783.43
204.64	20810.07
204.72	20816.49
204.79	20729.24
204.86	20547.55
204.94	20319.13
205.01	20091.66
205.09	19854.30
205.16	19702.82
205.23	19689.74
205.31	19813.00
205.38	20056.46
205.45	20426.17
205.53	20872.43
205.60	21336.43
205.67	21762.11
205.75	22115.25
205.82	22393.33
205.89	22623.71
205.97	22835.67
206.04	23017.23
206.12	23200.38
206.19	23374.02
206.26	23499.49
206.34	23542.70
206.41	23486.17
206.48	23268.89
206.56	22867.41
206.63	22348.73
206.70	21827.39
206.78	21450.91
206.85	21324.91
206.92	21481.96
207.00	21869.53
207.07	22360.88
207.14	22846.73
207.22	23262.65
207.29	23626.82
207.36	23939.51
207.44	24218.71
207.51	24464.19
207.58	24691.75
207.66	24881.21
207.73	25041.00
207.80	25157.87
207.88	25202.38
207.95	25154.51
208.02	24997.69
208.10	24689.93
208.17	24228.10
208.25	23732.56
208.32	23297.11
208.39	22996.28
208.47	22886.40
208.54	22989.63
208.61	23229.90
208.69	23537.19
208.76	23871.84
208.83	24250.69
208.90	24648.86
208.98	25050.09
209.05	25428.85
209.12	25777.64
209.20	26075.72
209.27	26342.21
209.34	26577.14
209.42	26789.89
209.49	26968.30
209.56	27091.50
209.64	27162.33
209.71	27126.78
209.78	26956.49
209.86	26654.46
209.93	26297.75
210.00	25893.91
210.08	25536.24
210.15	25331.50
210.22	25344.84
210.30	25515.03
210.37	25823.81
210.44	26226.87
210.52	26643.63
210.59	27011.66
210.66	27325.89
210.74	27604.03
210.81	27848.55
210.88	28088.99
210.96	28301.87
211.03	28514.47
211.10	28721.43
211.17	28904.28
211.25	29024.94
211.32	29093.80
211.39	29075.77
211.47	28923.60
211.54	28596.65
211.61	28150.67
211.69	27719.81
211.76	27401.95
211.83	27266.21
211.91	27376.77
211.98	27656.78
212.05	27997.63
212.12	28300.61
212.20	28576.31
212.27	28806.43
212.34	29005.77
212.42	29189.91
212.49	29373.19
212.56	29545.70
212.64	29728.23
212.71	29934.41
212.78	30150.26
212.85	30350.17
212.93	30508.29
213.00	30621.09
213.07	30679.42
213.15	30609.02
213.22	30444.65
213.29	30233.78
213.37	30002.36
213.44	29801.02
213.51	29720.81
213.58	29763.06
213.66	29911.20
213.73	30132.90
213.80	30393.93
213.88	30664.88
213.95	30885.30
214.02	31058.93
214.09	31218.10
214.17	31374.32
214.24	31545.45
214.31	31755.09
214.39	31980.71
214.46	32198.78
214.53	32370.69
214.60	32502.97
214.68	32606.21
214.75	32668.04
214.82	32672.83
214.90	32633.89
214.97	32487.18
215.04	32230.37
215.11	31947.41
215.19	31727.53
215.26	31628.78
215.33	31690.39
215.41	31926.25
215.48	32248.25
215.55	32563.46
215.62	32806.63
215.70	33012.72
215.77	33184.61
215.84	33354.97
215.91	33510.10
215.99	33681.97
216.06	33832.17
216.13	33972.87
216.21	34056.96
216.28	34152.95
216.35	34241.85
216.42	34326.05
216.50	34369.45
216.57	34420.17
216.64	34384.65
216.71	34248.83
216.79	34051.54
216.86	33887.11
216.93	33755.09
217.01	33730.11
217.08	33835.21
217.15	34036.51
217.22	34251.81
217.30	34480.18
217.37	34696.89
217.44	34899.01
217.51	35085.82
217.59	35275.86
217.66	35436.04
217.73	35584.03
217.80	35708.05
217.88	35821.56
217.95	35920.66
218.02	36017.41
218.09	36101.87
218.17	36202.14
218.24	36295.12
218.31	36377.61
218.38	36422.92
218.46	36425.60
218.53	36330.56
218.60	36169.97
218.67	35981.21
218.75	35848.74
218.82	35789.01
218.89	35854.60
218.96	36029.85
219.04	36258.71
219.11	36488.80
219.18	36699.45
219.25	36880.79
219.33	37034.29
219.40	37191.03
219.47	37343.96
219.54	37476.91
219.62	37599.97
219.69	37724.49
219.76	37851.74
219.83	37970.41
219.91	38087.67
219.98	38209.66
220.05	38299.33
220.12	38341.25
220.20	38352.92
220.27	38340.67
220.34	38251.61
220.41	38109.11
220.49	37980.55
220.56	37891.29
220.63	37868.41
220.70	37951.47
220.78	38126.47
220.85	38321.15
220.92	38488.59
220.99	38624.83
221.06	38736.57
221.14	38841.16
221.21	38944.20
221.28	39067.11
221.35	39204.05
221.43	39330.41
221.50	39450.63
221.57	39560.96
221.64	39677.69
221.72	39775.83
221.79	39875.51
221.86	39946.83
221.93	40025.40
222.00	40083.15
222.08	40130.69
222.15	40132.94
222.22	40128.29
222.29	40104.57
222.37	40094.75
222.44	40091.55
222.51	40127.79
222.58	40202.00
222.65	40285.21
222.73	40371.97
222.80	40468.01
222.87	40584.58
222.94	40682.28
223.02	40796.69
223.09	40903.17
223.16	40997.46
223.23	41092.90
223.30	41219.91
223.38	41338.31
223.45	41446.71
223.52	41572.78
223.59	41684.60
223.66	41756.50
223.74	41816.00
223.81	41851.69
223.88	41885.51
223.95	41903.66
224.03	41920.51
224.10	41932.79
224.17	41974.60
224.24	41995.74
224.31	42035.99
224.39	42100.36
224.46	42181.22
224.53	42258.37
224.60	42347.45
224.67	42438.26
224.75	42533.54
224.82	42636.22
224.89	42748.25
224.96	42879.62
225.03	42996.17
225.11	43101.35
225.18	43195.37
225.25	43289.66
225.32	43358.85
225.39	43425.97
225.47	43503.23
225.54	43567.72
225.61	43596.94
225.68	43617.31
225.75	43645.57
225.83	43662.27
225.90	43714.76
225.97	43798.26
226.04	43896.72
226.11	43996.29
226.19	44107.11
226.26	44194.46
226.33	44286.48
226.40	44376.65
226.47	44469.61
226.54	44564.57
226.62	44667.19
226.69	44769.17
226.76	44873.34
226.83	44976.44
226.90	45066.33
226.98	45118.74
227.05	45157.03
227.12	45198.13
227.19	45230.09
227.26	45271.71
227.34	45344.49
227.41	45426.31
227.48	45500.23
227.55	45568.01
227.62	45627.76
227.69	45697.43
227.77	45762.15
227.84	45840.27
227.91	45919.89
227.98	46001.58
228.05	46063.33
228.12	46129.84
228.20	46192.91
228.27	46281.28
228.34	46368.58
228.41	46471.26
228.48	46572.86
228.56	46675.05
228.63	46775.08
228.70	46863.60
228.77	46945.44
228.84	47038.12
228.91	47135.33
228.99	47232.53
229.06	47355.88
229.13	47464.92
229.20	47558.53
229.27	47638.53
229.34	47702.78
229.42	47753.12
229.49	47811.75
229.56	47882.99
229.63	47953.72
229.70	48008.87
229.77	48065.24
229.85	48126.95
229.92	48162.71
229.99	48206.19
230.06	48272.67
230.13	48357.75
230.20	48451.30
230.27	48567.58
230.35	48690.52
230.42	48814.21
230.49	48925.30
230.56	49026.49
230.63	49129.43
230.70	49204.75
230.78	49259.82
230.85	49311.14
230.92	49369.79
230.99	49431.13
231.06	49519.71
231.13	49635.27
231.20	49762.29
231.28	49871.02
231.35	49975.28
231.42	50070.91
231.49	50164.52
231.56	50241.77
231.63	50331.09
231.71	50403.34
231.78	50468.72
231.85	50524.43
231.92	50590.72
231.99	50655.12
232.06	50731.67
232.13	50833.49
232.21	50938.07
232.28	51035.96
232.35	51123.97
232.42	51209.67
232.49	51284.49
232.56	51376.31
232.63	51462.81
232.71	51562.67
232.78	51674.65
232.85	51772.47
232.92	51848.81
232.99	51934.87
233.06	52011.21
233.13	52061.85
233.20	52109.80
233.28	52160.89
233.35	52207.79
233.42	52264.23
233.49	52342.30
233.56	52435.09
233.63	52527.50
233.70	52623.13
233.78	52729.59
233.85	52834.60
233.92	52924.69
233.99	53018.31
234.06	53105.80
234.13	53189.42
234.20	53263.35
234.27	53339.35
234.35	53405.93
234.42	53463.91
234.49	53519.61
234.56	53562.13
234.63	53612.05
234.70	53657.29
234.77	53708.06
234.84	53752.28
234.92	53828.78
234.99	53910.79
235.06	53997.45
235.13	54088.78
235.20	54181.21
235.27	54252.67
235.34	54330.70
235.41	54403.92
235.48	54489.13
235.56	54559.34
235.63	54644.19
235.70	54699.51
235.77	54756.99
235.84	54788.09
235.91	54816.66
235.98	54834.36
236.05	54864.33
236.12	54899.34
236.20	54929.07
236.27	54977.49
236.34	55028.47
236.41	55072.61
236.48	55118.43
236.55	55171.46
236.62	55223.68
236.69	55282.52
236.76	55362.79
236.84	55429.11
236.91	55494.94
236.98	55562.01
237.05	55615.63
237.12	55654.15
237.19	55702.07
237.26	55759.21
237.33	55803.06
237.40	55838.44
237.47	55875.63
237.55	55919.68
237.62	55973.76
237.69	56042.36
237.76	56128.89
237.83	56211.55
237.90	56280.16
237.97	56335.93
238.04	56384.22
238.11	56425.69
238.18	56474.65
238.26	56510.37
238.33	56545.32
238.40	56572.57
238.47	56605.73
238.54	56625.07
238.61	56653.51
238.68	56671.16
238.75	56699.99
238.82	56726.96
238.89	56770.01
238.96	56820.79
239.04	56880.12
239.11	56930.91
239.18	56980.98
239.25	56992.68
239.32	57008.05
239.39	57016.12
239.46	57017.39
239.53	57006.66
239.60	57018.87
239.67	57033.03
239.74	57056.62
239.81	57086.03
239.89	57127.90
239.96	57175.84
240.03	57215.74
240.10	57241.60
240.17	57263.62
240.24	57278.20
240.31	57295.95
240.38	57319.58
240.45	57377.75
240.52	57449.83
240.59	57525.63
240.66	57588.69
240.73	57643.36
240.80	57671.54
240.88	57685.79
240.95	57692.41
241.02	57713.74
241.09	57728.42
241.16	57751.52
241.23	57771.11
241.30	57779.45
241.37	57749.51
241.44	57738.51
241.51	57730.35
241.58	57742.89
241.65	57771.89
241.72	57821.16
241.79	57858.37
241.86	57878.45
241.94	57877.13
242.01	57860.04
242.08	57843.37
242.15	57852.99
242.22	57861.75
242.29	57869.14
242.36	57888.59
242.43	57896.28
242.50	57877.17
242.57	57863.21
242.64	57867.66
242.71	57866.26
242.78	57874.06
242.85	57880.27
242.92	57898.18
242.99	57895.96
243.06	57904.33
243.14	57913.99
243.21	57930.07
243.28	57939.35
243.35	57963.44
243.42	57979.89
243.49	58010.49
243.56	58028.65
243.63	58045.35
243.70	58053.70
243.77	58053.93
243.84	58041.46
243.91	58028.96
243.98	58004.91
244.05	57976.87
244.12	57951.43
244.19	57929.40
244.26	57915.71
244.33	57911.25
244.40	57897.34
244.47	57900.07
244.54	57896.61
244.62	57866.05
244.69	57827.24
244.76	57823.85
244.83	57808.27
244.90	57804.69
244.97	57819.15
245.04	57846.43
245.11	57849.84
245.18	57843.21
245.25	57840.80
245.32	57859.57
245.39	57882.43
245.46	57897.11
245.53	57914.16
245.60	57911.26
245.67	57901.55
245.74	57878.29
245.81	57862.43
245.88	57847.64
245.95	57845.17
246.02	57823.37
246.09	57781.27
246.16	57735.59
246.23	57692.91
246.30	57657.52
246.37	57649.51
246.44	57680.65
246.51	57701.61
246.58	57730.27
246.65	57745.21
246.72	57753.35
246.79	57746.37
246.87	57744.54
246.94	57728.45
247.01	57712.91
247.08	57683.65
247.15	57622.54
247.22	57557.61
247.29	57490.43
247.36	57440.52
247.43	57407.37
247.50	57402.69
247.57	57414.74
247.64	57452.65
247.71	57478.57
247.78	57494.95
247.85	57515.13
247.92	57540.65
247.99	57531.85
248.06	57515.12
248.13	57503.82
248.20	57484.49
248.27	57446.81
248.34	57433.63
248.41	57425.89
248.48	57412.49
248.55	57401.40
248.62	57403.81
248.69	57403.75
248.76	57383.76
248.83	57366.80
248.90	57333.83
248.97	57306.55
249.04	57259.19
249.11	57234.91
249.18	57194.69
249.25	57170.13
249.32	57128.05
249.39	57085.45
249.46	57025.44
249.53	56975.95
249.60	56925.64
249.67	56898.75
249.74	56881.67
249.81	56900.13
249.88	56920.47
249.95	56953.65
250.02	56980.44
250.09	57000.31
250.16	56989.07
250.23	56979.91
250.30	56975.05
250.37	56963.33
250.44	56964.02
250.51	56967.69
250.58	56976.59
250.65	56963.59
250.72	56925.68
250.79	56877.88
250.86	56843.93
250.93	56795.54
251.00	56754.70
251.07	56733.38
251.14	56716.23
251.21	56698.62
251.28	56673.51
251.35	56653.07
251.42	56641.87
251.49	56636.87
251.56	56616.55
251.63	56595.65
251.70	56580.55
251.77	56551.95
251.84	56515.37
251.91	56471.49
251.98	56422.80
252.05	56368.26
252.12	56318.39
252.18	56273.67
252.25	56249.27
252.32	56259.91
252.39	56263.45
252.46	56267.40
252.53	56264.83
252.60	56249.50
252.67	56224.33
252.74	56190.62
252.81	56155.58
252.88	56119.56
252.95	56077.55
253.02	56035.45
253.09	56006.13
253.16	55994.64
253.23	55980.45
253.30	55986.11
253.37	55980.60
253.44	55974.31
253.51	55944.19
253.58	55914.51
253.65	55890.15
253.72	55878.29
253.79	55867.34
253.86	55861.39
253.93	55856.90
254.00	55839.33
254.07	55813.98
254.14	55773.52
254.21	55732.20
254.28	55706.10
254.35	55687.23
254.41	55658.13
254.48	55643.79
254.55	55632.09
254.62	55609.56
254.69	55561.81
254.76	55531.93
254.83	55486.13
254.90	55442.68
254.97	55412.70
255.04	55409.48
255.11	55382.36
255.18	55347.15
255.25	55298.83
255.32	55256.47
255.39	55203.93
255.46	55169.51
255.53	55154.61
255.60	55148.34
255.67	55137.88
255.74	55131.74
255.81	55122.23
255.87	55117.11
255.94	55101.49
256.01	55085.35
256.08	55056.87
256.15	55030.07
256.22	54990.75
256.29	54973.03
256.36	54928.09
256.43	54896.73
256.50	54877.17
256.57	54860.48
256.64	54824.74
256.71	54808.51
256.78	54786.05
256.85	54749.00
256.92	54727.66
256.99	54722.59
257.05	54708.63
257.12	54697.03
257.19	54665.88
257.26	54627.36
257.33	54572.36
257.40	54521.19
257.47	54460.31
257.54	54434.79
257.61	54402.13
257.68	54389.14
257.75	54371.36
257.82	54368.08
257.89	54344.24
257.96	54330.55
258.03	54292.75
258.09	54253.31
258.16	54194.95
258.23	54135.78
258.30	54073.69
258.37	54027.60
258.44	53986.62
258.51	53967.83
258.58	53961.87
258.65	53956.73
258.72	53944.58
258.79	53917.57
258.86	53883.64
258.93	53853.71
258.99	53810.07
259.06	53766.48
259.13	53733.24
259.20	53695.63
259.27	53660.96
259.34	53632.91
259.41	53616.96
259.48	53609.69
259.55	53597.97
259.62	53576.85
259.69	53542.23
259.76	53492.56
259.82	53449.26
259.89	53421.07
259.96	53393.75
260.03	53361.90
260.10	53323.15
260.17	53265.89
260.24	53203.40
260.31	53143.78
260.38	53112.68
260.45	53103.71
260.52	53098.85
260.59	53076.21
260.65	53044.93
260.72	53020.86
260.79	52985.61
260.86	52951.25
260.93	52927.56
261.00	52892.53
261.07	52842.23
261.14	52781.79
261.21	52717.34
261.28	52660.89
261.34	52603.52
261.41	52529.27
261.48	52477.25
261.55	52439.18
261.62	52392.18
261.69	52350.89
261.76	52329.88
261.83	52310.69
261.90	52279.34
261.97	52246.86
262.03	52215.97
262.10	52183.04
262.17	52134.81
262.24	52109.92
262.31	52086.03
262.38	52062.80
262.45	52039.23
262.52	52008.97
262.59	51952.87
262.65	51902.19
262.72	51847.48
262.79	51797.58
262.86	51759.59
262.93	51740.27
263.00	51713.11
263.07	51682.60
263.14	51640.29
263.21	51605.41
263.27	51566.14
263.34	51537.15
263.41	51505.73
263.48	51470.81
263.55	51421.63
263.62	51349.61
263.69	51271.53
263.76	51196.71
263.82	51144.45
263.89	51103.99
263.96	51082.27
264.03	51056.47
264.10	51047.59
264.17	51001.06
264.24	50942.43
264.31	50883.83
264.38	50835.15
264.44	50770.77
264.51	50732.71
264.58	50699.76
264.65	50664.76
264.72	50610.32
264.79	50569.93
264.86	50527.90
264.92	50478.29
264.99	50443.69
265.06	50414.19
265.13	50382.59
265.20	50352.45
265.27	50330.03
265.34	50290.16
265.41	50264.71
265.47	50224.38
265.54	50184.83
265.61	50140.81
265.68	50116.33
265.75	50078.84
265.82	50035.47
265.89	49980.31
265.95	49931.23
266.02	49863.20
266.09	49809.68
266.16	49779.82
266.23	49756.56
266.30	49722.34
266.37	49667.99
266.44	49599.49
266.50	49530.53
266.57	49457.24
266.64	49381.42
266.71	49333.20
266.78	49282.33
266.85	49213.03
266.91	49156.69
266.98	49110.33
267.05	49060.81
267.12	49020.09
267.19	48992.33
267.26	48964.23
267.33	48931.22
267.39	48902.90
267.46	48881.66
267.53	48849.79
267.60	48813.22
267.67	48776.29
267.74	48747.85
267.81	48702.95
267.87	48659.95
267.94	48617.87
268.01	48579.76
268.08	48523.09
268.15	48474.01
268.22	48426.01
268.28	48372.87
268.35	48321.27
268.42	48280.78
268.49	48237.51
268.56	48199.07
268.63	48156.99
268.69	48107.13
268.76	48052.93
268.83	48009.07
268.90	47975.61
268.97	47948.39
269.04	47941.12
269.11	47926.41
269.17	47903.20
269.24	47866.49
269.31	47834.69
269.38	47788.93
269.45	47747.57
269.52	47699.56
269.58	47668.55
269.65	47621.95
269.72	47572.61
269.79	47528.77
269.86	47499.44
269.92	47459.43
269.99	47425.21
270.06	47388.38
270.13	47348.03
270.20	47299.61
270.27	47261.65
270.33	47227.66
270.40	47191.23
270.47	47161.29
270.54	47135.83
270.61	47098.39
270.68	47073.45
270.74	47056.83
270.81	47041.01
270.88	47023.34
270.95	47002.21
271.02	46961.81
271.08	46919.85
271.15	46856.23
271.22	46795.15
271.29	46741.03
271.36	46687.97
271.43	46650.77
271.49	46628.85
271.56	46600.72
271.63	46576.21
271.70	46558.01
271.77	46545.39
271.83	46514.14
271.90	46484.44
271.97	46453.27
272.04	46410.74
272.11	46356.65
272.17	46341.15
272.24	46322.65
272.31	46297.42
272.38	46287.25
272.45	46268.99
272.52	46229.25
272.58	46200.54
272.65	46180.62
272.72	46154.32
272.79	46122.73
272.86	46086.25
272.92	46049.51
272.99	46000.48
273.06	45956.97
273.13	45920.80
273.20	45883.78
273.26	45845.79
273.33	45812.81
273.40	45780.67
273.47	45758.20
273.54	45741.57
273.60	45721.61
273.67	45698.99
273.74	45674.11
273.81	45640.44
273.88	45618.65
273.94	45611.18
274.01	45607.40
274.08	45603.10
274.15	45593.99
274.21	45568.20
274.28	45517.82
274.35	45459.48
274.42	45395.23
274.49	45323.59
274.55	45282.23
274.62	45260.30
274.69	45233.17
274.76	45200.07
274.83	45183.27
274.89	45152.34
274.96	45112.35
275.03	45075.12
275.10	45051.83
275.17	45020.76
275.23	44979.53
275.30	44931.81
275.37	44906.17
275.44	44878.74
275.50	44842.81
275.57	44810.31
275.64	44775.69
275.71	44728.48
275.78	44687.71
275.84	44664.06
275.91	44627.46
275.98	44595.27
276.05	44563.57
276.11	44531.29
276.18	44498.10
276.25	44457.67
276.32	44413.31
276.39	44367.27
276.45	44312.83
276.52	44256.67
276.59	44211.07
276.66	44189.12
276.72	44172.56
276.79	44154.75
276.86	44141.31
276.93	44126.29
276.99	44097.33
277.06	44063.13
277.13	44026.79
277.20	43984.41
277.26	43955.87
277.33	43931.01
277.40	43905.62
277.47	43877.71
277.54	43856.73
277.60	43816.05
277.67	43767.63
277.74	43714.37
277.81	43661.42
277.87	43613.70
277.94	43571.77
278.01	43542.73
278.08	43503.09
278.14	43471.75
278.21	43440.13
278.28	43417.42
278.35	43391.13
278.41	43393.85
278.48	43385.93
278.55	43367.43
278.62	43353.97
278.68	43327.19
278.75	43280.79
278.82	43236.61
278.89	43189.00
278.95	43126.07
279.02	43069.05
279.09	43034.79
279.16	43016.70
279.22	43001.75
279.29	42981.97
279.36	42965.61
279.43	42926.81
279.49	42863.91
279.56	42791.00
279.63	42721.23
279.70	42654.51
279.76	42603.31
279.83	42568.73
279.90	42558.07
279.97	42548.01
280.03	42529.64
280.10	42496.27
280.17	42464.90
280.24	42423.06
280.30	42391.15
280.37	42353.05
280.44	42326.49
280.51	42299.96
280.57	42266.57
280.64	42232.73
280.71	42191.69
280.77	42132.47
280.84	42054.63
280.91	41967.77
280.98	41870.61
281.04	41787.07
281.11	41711.09
281.18	41639.84
281.25	41574.18
281.31	41509.84
281.38	41437.21
281.45	41373.81
281.52	41326.41
281.58	41270.63
281.65	41225.27
281.72	41186.89
281.78	41147.81
281.85	41116.09
281.92	41103.97
281.99	41082.86
282.05	41064.29
282.12	41033.64
282.19	40994.92
282.26	40957.14
282.32	40922.93
282.39	40908.92
282.46	40890.72
282.52	40869.45
282.59	40835.97
282.66	40811.23
282.73	40767.88
282.79	40736.39
282.86	40696.33
282.93	40650.37
282.99	40594.76
283.06	40536.23
283.13	40458.71
283.20	40370.11
283.26	40285.19
283.33	40207.10
283.40	40121.74
283.46	40071.68
283.53	40035.78
283.60	40013.70
283.67	39993.51
283.73	39992.81
283.80	39973.72
283.87	39974.71
283.93	39976.07
284.00	39962.17
284.07	39944.83
284.13	39931.70
284.20	39903.71
284.27	39862.44
284.34	39828.91
284.40	39800.31
284.47	39780.37
284.54	39765.77
284.60	39749.73
284.67	39727.31
284.74	39698.58
284.81	39664.67
284.87	39625.31
284.94	39573.39
285.01	39533.79
285.07	39480.53
285.14	39421.90
285.21	39374.86
285.27	39343.84
285.34	39311.51
285.41	39299.21
285.47	39290.48
285.54	39271.11
285.61	39254.83
285.68	39246.04
285.74	39227.15
285.81	39206.77
285.88	39183.16
285.94	39165.69
286.01	39158.18
286.08	39142.06
286.14	39130.98
286.21	39119.93
286.28	39119.11
286.34	39081.79
286.41	39045.77
286.48	39000.52
286.55	38951.91
286.61	38888.85
286.68	38847.79
286.75	38802.86
286.81	38754.14
286.88	38709.37
286.95	38666.35
287.01	38627.67
287.08	38610.53
287.15	38597.53
287.21	38588.70
287.28	38590.28
287.35	38582.20
287.41	38566.01
287.48	38546.51
287.55	38535.79
287.61	38511.13
287.68	38493.83
287.75	38466.95
287.81	38459.87
287.88	38434.42
287.95	38417.79
288.01	38387.87
288.08	38367.75
288.15	38321.83
288.21	38289.82
288.28	38254.68
288.35	38225.45
288.41	38197.59
288.48	38182.85
288.55	38154.01
288.61	38117.27
288.68	38085.01
288.75	38045.82
288.81	38007.96
288.88	37971.46
288.95	37951.39
289.01	37939.97
289.08	37940.41
289.15	37938.77
289.21	37955.69
289.28	37959.18
289.35	37959.15
289.41	37943.99
289.48	37939.54
289.55	37922.96
289.61	37909.53
289.68	37890.40
289.75	37877.39
289.81	37854.11
289.88	37825.59
289.95	37793.21
290.01	37753.38
290.08	37716.93
290.15	37681.83
290.21	37655.09
290.28	37631.56
290.35	37618.79
290.41	37595.82
290.48	37573.31
290.55	37539.64
290.61	37499.51
290.68	37461.42
290.74	37445.45
290.81	37451.63
290.88	37457.39
290.94	37471.65
291.01	37484.97
291.08	37487.35
291.14	37474.25
291.21	37467.99
291.28	37461.62
291.34	37462.21
291.41	37457.47
291.48	37453.60
291.54	37448.80
291.61	37446.05
291.68	37424.59
291.74	37397.09
291.81	37358.88
291.87	37332.89
291.94	37283.63
292.01	37249.40
292.07	37222.67
292.14	37179.09
292.21	37131.15
292.27	37104.06
292.34	37076.14
292.41	37050.97
292.47	37039.66
292.54	37034.08
292.60	37023.31
292.67	37019.21
292.74	37011.99
292.80	37021.61
292.87	37032.24
292.94	37044.73
293.00	37054.26
293.07	37062.57
293.13	37071.41
293.20	37072.63
293.27	37074.59
293.33	37066.74
293.40	37064.87
293.47	37046.17
293.53	37023.63
293.60	37003.41
293.66	36968.43
293.73	36923.23
293.80	36877.13
293.86	36824.45
293.93	36771.91
294.00	36736.37
294.06	36709.29
294.13	36698.03
294.19	36691.65
294.26	36680.76
294.33	36675.23
294.39	36667.13
294.46	36654.43
294.52	36646.45
294.59	36648.63
294.66	36651.91
294.72	36655.93
294.79	36663.19
294.86	36670.21
294.92	36683.91
294.99	36693.78
295.05	36721.59
295.12	36733.01
295.19	36759.15
295.25	36765.32
295.32	36768.28
295.38	36747.14
295.45	36749.44
295.52	36726.69
295.58	36692.78
295.65	36652.61
295.71	36621.80
295.78	36565.22
295.85	36507.58
295.91	36464.85
295.98	36422.02
296.04	36364.16
296.11	36322.95
296.18	36304.33
296.24	36291.31
296.31	36291.07
296.37	36310.39
296.44	36337.29
296.51	36360.26
296.57	36384.16
296.64	36413.09
296.70	36449.73
296.77	36465.01
296.84	36470.51
296.90	36479.61
296.97	36477.08
297.03	36463.09
297.10	36471.21
297.17	36484.14
297.23	36499.91
297.30	36508.34
297.36	36505.47
297.43	36487.49
297.50	36474.30
297.56	36444.90
297.63	36417.57
297.69	36388.65
297.76	36336.85
297.82	36278.98
297.89	36221.16
297.96	36166.11
298.02	36125.42
298.09	36103.93
298.15	36087.01
298.22	36091.99
298.29	36087.22
298.35	36085.39
298.42	36095.48
298.48	36105.13
298.55	36101.28
298.61	36120.31
298.68	36147.61
298.75	36163.64
298.81	36179.13
298.88	36202.97
298.94	36217.41
299.01	36225.83
299.08	36238.67
299.14	36248.50
299.21	36247.33
299.27	36247.73
299.34	36230.44
299.40	36223.15
299.47	36212.46
299.54	36206.96
299.60	36194.87
299.67	36174.11
299.73	36139.11
299.80	36077.66
299.86	35994.75
299.93	35906.97
299.99	35839.15
300.06	35780.25
300.13	35745.61
300.19	35730.93
300.26	35727.51
300.32	35740.17
300.39	35748.23
300.45	35771.53
300.52	35803.82
300.59	35840.29
300.65	35872.92
300.72	35903.09
300.78	35917.73
300.85	35930.65
300.91	35929.62
300.98	35908.84
301.04	35895.97
301.11	35896.55
301.18	35892.91
301.24	35891.07
301.31	35883.54
301.37	35870.65
301.44	35846.73
301.50	35824.38
301.57	35793.63
301.63	35783.68
301.70	35756.53
301.77	35708.71
301.83	35644.95
301.90	35585.21
301.96	35497.03
302.03	35415.79
302.09	35359.57
302.16	35317.23
302.22	35289.04
302.29	35276.06
302.36	35279.39
302.42	35271.35
302.49	35267.44
302.55	35262.16
302.62	35262.55
302.68	35261.55
302.75	35269.44
302.81	35268.51
302.88	35269.95
302.94	35263.11
303.01	35257.51
303.07	35244.87
303.14	35244.13
303.21	35235.39
303.27	35225.96
303.34	35210.64
303.40	35194.70
303.47	35163.99
303.53	35123.53
303.60	35092.97
303.66	35056.76
303.73	35023.03
303.79	34975.29
303.86	34940.85
303.92	34890.89
303.99	34831.57
304.05	34759.82
304.12	34694.98
304.19	34625.41
304.25	34559.82
304.32	34512.51
304.38	34479.09
304.45	34451.77
304.51	34434.93
304.58	34426.89
304.64	34410.43
304.71	34401.86
304.77	34382.91
304.84	34360.51
304.90	34336.24
304.97	34314.20
305.03	34283.62
305.10	34264.93
305.16	34240.76
305.23	34222.55
305.29	34200.79
305.36	34161.05
305.42	34135.31
305.49	34099.53
305.56	34059.99
305.62	34021.99
305.69	33993.56
305.75	33953.97
305.82	33890.52
305.88	33787.00
305.95	33666.13
306.01	33527.92
306.08	33384.83
306.14	33273.21
306.21	33186.27
306.27	33113.92
306.34	33068.28
306.40	33030.74
306.47	33001.33
306.53	33017.92
306.60	33038.27
306.66	33062.75
306.73	33080.43
306.79	33076.44
306.86	33049.95
306.92	33007.85
306.99	32975.03
307.05	32943.20
307.12	32923.99
307.18	32883.59
307.25	32855.28
307.31	32807.41
307.38	32759.93
307.44	32714.79
307.51	32679.43
307.57	32630.40
307.64	32584.29
307.70	32535.77
307.77	32485.24
307.83	32428.79
307.90	32391.78
307.96	32351.89
308.03	32300.23
308.09	32235.08
308.16	32180.48
308.22	32116.15
308.29	32054.93
308.35	31996.95
308.42	31944.56
308.48	31872.19
308.55	31800.55
308.61	31735.32
308.68	31673.22
308.74	31609.59
308.81	31571.02
308.87	31536.24
308.94	31499.40
309.00	31469.41
309.07	31445.95
309.13	31393.48
309.20	31358.33
309.26	31305.67
309.33	31244.65
309.39	31190.27
309.45	31146.00
309.52	31078.51
309.58	31036.85
309.65	30984.19
309.71	30922.88
309.78	30872.31
309.84	30821.73
309.91	30755.29
309.97	30698.23
310.04	30653.43
310.10	30600.45
310.17	30552.07
310.23	30503.83
310.30	30462.40
310.36	30405.88
310.43	30346.37
310.49	30278.83
310.56	30207.14
310.62	30143.49
310.69	30077.25
310.75	30016.22
310.81	29964.68
310.88	29925.35
310.94	29873.75
311.01	29819.71
311.07	29783.54
311.14	29734.25
311.20	29682.26
311.27	29626.63
311.33	29589.75
311.40	29531.19
311.46	29491.44
311.53	29448.35
311.59	29409.72
311.66	29371.55
311.72	29326.03
311.78	29267.85
311.85	29213.27
311.91	29177.29
311.98	29122.70
312.04	29083.65
312.11	29052.96
312.17	29019.13
312.24	28967.31
312.30	28914.92
312.37	28848.31
312.43	28785.85
312.50	28722.71
312.56	28655.79
312.62	28594.07
312.69	28541.57
312.75	28476.41
312.82	28409.64
312.88	28345.17
312.95	28283.75
313.01	28223.03
313.08	28170.19
313.14	28122.69
313.20	28080.48
313.27	28030.51
313.33	27984.13
313.40	27938.19
313.46	27887.37
313.53	27834.47
313.59	27795.77
313.66	27758.43
313.72	27712.73
313.78	27660.34
313.85	27613.23
313.91	27569.55
313.98	27516.79
314.04	27473.18
314.11	27438.95
314.17	27394.55
314.24	27342.97
314.30	27299.13
314.36	27241.49
314.43	27195.19
314.49	27147.01
314.56	27102.26
314.62	27035.45
314.69	26981.25
314.75	26914.99
314.81	26860.06
314.88	26806.25
314.94	26765.20
315.01	26723.69
315.07	26679.22
315.14	26633.10
315.20	26581.28
315.27	26526.54
315.33	26489.07
315.39	26443.49
315.46	26395.54
315.52	26343.99
315.59	26310.62
315.65	26253.83
315.72	26208.54
315.78	26162.14
315.84	26123.85
315.91	26084.63
315.97	26056.36
316.04	26047.87
316.10	26032.07
316.16	25988.28
316.23	25913.42
316.29	25806.34
316.36	25647.80
316.42	25467.70
316.49	25273.89
316.55	25063.63
316.61	24856.33
316.68	24639.37
316.74	24419.16
316.81	24197.53
316.87	23976.65
316.93	23745.60
317.00	23528.87
317.06	23319.09
317.13	23105.97
317.19	22893.45
317.26	22685.47
317.32	22461.05
317.38	22244.25
317.45	22024.07
317.51	21821.09
317.58	21607.75
317.64	21404.10
317.70	21193.39
317.77	20992.25
317.83	20778.95
317.90	20574.59
317.96	20371.48
318.02	20161.69
318.09	19964.81
318.15	19757.65
318.22	19552.67
318.28	19341.74
318.34	19127.71
318.41	18898.89
318.47	18675.55
318.54	18463.78
318.60	18249.65
318.66	18047.93
318.73	17847.61
318.79	17654.65
318.86	17451.18
318.92	17256.37
318.98	17065.75
319.05	16869.35
319.11	16677.71
319.18	16479.65
319.24	16283.41
319.30	16067.98
319.37	15881.07
319.43	15691.37
319.50	15500.43
319.56	15311.73
319.62	15135.67
319.69	14944.50
319.75	14759.19
319.82	14578.99
319.88	14392.11
319.94	14204.59
320.01	14025.03
320.07	13833.01
320.13	13650.52
320.20	13465.55
320.26	13282.36
320.33	13093.79
320.39	12913.97
320.45	12725.05
320.52	12554.90
320.58	12376.61
320.65	12198.35
320.71	12015.61
320.77	11843.94
320.84	11657.93
320.90	11483.73
320.96	11305.94
321.03	11124.84
321.09	10937.91
321.16	10756.29
321.22	10568.07
321.28	10385.13
321.35	10217.80
321.41	10042.15
321.47	9873.83
321.54	9707.66
321.60	9537.81
321.67	9358.91
321.73	9191.63
321.79	9012.18
321.86	8839.63
321.92	8663.19
321.98	8482.61
322.05	8298.71
322.11	8110.25
322.18	7916.09
322.24	7729.95
322.30	7552.20
322.37	7378.43
322.43	7207.36
322.49	7043.18
322.56	6869.15
322.62	6696.51
322.68	6513.93
322.75	6347.35
322.81	6164.83
322.88	5989.43
322.94	5815.04
323.00	5647.67
323.07	5473.67
323.13	5313.35
323.19	5151.47
323.26	4991.87
323.32	4834.95
323.38	4674.03
323.45	4447.40
323.51	3808.06
323.57	2923.35
323.64	1998.97
323.70	1112.03
323.76	320.00
323.83	-22.02
323.89	-89.56
323.96	-90.49
