180.25	3510.73
180.33	-131.93
180.40	655.09
180.48	-32.65
180.56	10.59
180.63	46.67
180.71	87.88
180.78	88.37
180.86	90.71
180.93	95.69
181.01	97.46
181.08	96.91
181.16	95.44
181.23	96.03
181.31	96.07
181.39	119.50
181.46	127.07
181.54	137.84
181.61	154.63
181.69	162.60
181.76	156.20
181.84	151.29
181.91	152.96
181.99	154.95
182.06	156.57
182.14	161.55
182.22	167.99
182.29	179.27
182.37	183.63
182.44	196.61
182.52	196.29
182.59	214.66
182.67	223.14
182.74	228.69
182.82	232.47
182.89	242.69
182.97	242.45
183.04	252.39
183.12	262.13
183.20	283.39
183.27	297.32
183.35	328.99
183.42	354.13
183.50	399.45
183.57	430.34
183.65	480.95
183.72	529.63
183.80	590.31
183.87	639.10
183.95	687.77
184.02	739.76
184.10	774.40
184.17	795.01
184.25	796.49
184.32	789.94
184.40	761.87
184.47	713.01
184.55	671.42
184.62	672.09
184.70	705.68
184.78	763.87
184.85	884.59
184.93	1026.52
185.00	1163.63
185.08	1302.36
185.15	1439.58
185.23	1575.67
185.30	1699.25
185.38	1812.76
185.45	1925.35
185.53	2049.75
185.60	2162.07
185.68	2296.28
185.75	2404.39
185.83	2486.73
185.90	2535.57
185.98	2514.75
186.05	2423.23
186.13	2298.09
186.20	2128.02
186.28	1978.99
186.35	1923.93
186.43	1963.58
186.50	2106.80
186.58	2338.97
186.65	2591.07
186.73	2841.75
186.80	3068.69
186.88	3277.30
186.95	3494.65
187.03	3711.91
187.10	3914.93
187.18	4147.31
187.25	4364.49
187.33	4581.41
187.40	4817.26
187.48	5026.83
187.55	5208.43
187.63	5364.55
187.70	5435.05
187.78	5430.97
187.85	5381.47
187.93	5200.65
188.00	4914.51
188.08	4591.21
188.15	4310.37
188.23	4141.92
188.30	4147.39
188.38	4334.91
188.45	4659.41
188.53	5016.95
188.60	5351.93
188.68	5662.67
188.75	5939.50
188.83	6226.29
188.90	6481.89
188.98	6732.51
189.05	6992.07
189.13	7219.46
189.20	7415.02
189.28	7618.20
189.35	7794.89
189.43	7947.05
189.50	8087.65
189.58	8154.65
189.65	8151.60
189.73	8082.83
189.80	7907.04
189.87	7649.57
189.95	7332.42
190.02	6930.27
190.10	6499.57
190.17	6177.85
190.25	6038.62
190.32	6099.63
190.40	6352.67
190.47	6746.26
190.55	7179.00
190.62	7583.21
190.70	7934.81
190.77	8265.27
190.85	8587.56
190.92	8859.94
191.00	9096.61
191.07	9319.49
191.15	9491.15
191.22	9639.42
191.29	9759.09
191.37	9861.11
191.44	9949.69
191.52	10062.01
191.59	10145.01
191.67	10224.17
191.74	10263.35
191.82	10258.10
191.89	10215.15
191.97	10171.73
192.04	10101.55
192.12	9986.49
192.19	9802.53
192.27	9563.45
192.34	9333.37
192.41	9205.18
192.49	9211.73
192.56	9370.95
192.64	9640.01
192.71	9935.62
192.79	10176.44
192.86	10364.77
192.94	10465.43
193.01	10535.59
193.09	10602.76
193.16	10700.63
193.23	10826.34
193.31	10985.73
193.38	11177.11
193.46	11336.59
193.53	11468.59
193.61	11583.18
193.68	11685.01
193.76	11748.81
193.83	11824.76
193.91	11894.73
193.98	11952.74
194.05	12011.72
194.13	12058.15
194.20	12073.37
194.28	12064.79
194.35	12027.16
194.43	11959.46
194.50	11843.85
194.58	11702.17
194.65	11593.50
194.72	11586.78
194.80	11682.75
194.87	11898.79
194.95	12221.02
195.02	12555.22
195.10	12834.85
195.17	13087.15
195.25	13295.46
195.32	13458.95
195.39	13605.52
195.47	13720.90
195.54	13794.11
195.62	13818.41
195.69	13768.79
195.77	13626.57
195.84	13430.42
195.91	13202.24
195.99	13049.86
196.06	13005.79
196.14	13092.85
196.21	13270.94
196.29	13519.39
196.36	13759.72
196.43	13963.75
196.51	14125.43
196.58	14243.75
196.66	14309.33
196.73	14338.42
196.81	14336.05
196.88	14295.77
196.95	14236.50
197.03	14144.45
197.10	14005.41
197.18	13840.46
197.25	13679.13
197.33	13554.93
197.40	13479.76
197.47	13456.81
197.55	13523.85
197.62	13649.87
197.70	13827.67
197.77	14073.91
197.84	14361.21
197.92	14644.82
197.99	14937.99
198.07	15214.69
198.14	15439.00
198.22	15639.89
198.29	15795.68
198.36	15915.93
198.44	16010.98
198.51	16055.03
198.59	16026.67
198.66	15935.98
198.73	15774.46
198.81	15555.06
198.88	15305.15
198.96	15092.61
199.03	14989.54
199.10	15034.23
199.18	15184.59
199.25	15455.09
199.33	15789.08
199.40	16115.86
199.48	16360.27
199.55	16563.29
199.62	16712.20
199.70	16858.41
199.77	16981.83
199.85	17122.07
199.92	17223.09
199.99	17293.44
200.07	17268.69
200.14	17143.92
200.22	16879.81
200.29	16496.35
200.36	16108.95
200.44	15796.47
200.51	15612.05
200.59	15592.03
200.66	15727.76
200.73	15927.47
200.81	16149.11
200.88	16377.04
200.95	16627.57
201.03	16895.54
201.10	17176.20
201.18	17447.40
201.25	17685.57
201.32	17877.85
201.40	18048.34
201.47	18183.81
201.55	18272.04
201.62	18289.12
201.69	18201.59
201.77	18039.93
201.84	17857.28
201.92	17644.46
201.99	17427.11
202.06	17304.47
202.14	17313.91
202.21	17425.80
202.28	17651.52
202.36	18001.53
202.43	18388.61
202.51	18734.97
202.58	19024.44
202.65	19258.97
202.73	19469.24
202.80	19661.95
202.87	19841.07
202.95	20018.59
203.02	20175.05
203.10	20244.05
203.17	20238.59
203.24	20134.77
203.32	19848.56
203.39	19394.25
203.46	18935.37
203.54	18576.73
203.61	18390.59
203.69	18433.35
203.76	18703.96
203.83	19075.29
203.91	19429.27
203.98	19739.93
204.05	20001.38
204.13	20232.19
204.20	20422.24
204.28	20586.58
204.35	20702.35
204.42	20797.87
204.50	20864.84
204.57	20915.66
204.64	20943.42
204.72	20939.73
204.79	20845.48
204.86	20659.61
204.94	20430.47
205.01	20197.09
205.09	19963.69
205.16	19798.11
205.23	19776.05
205.31	19899.80
205.38	20125.37
205.45	20477.77
205.53	20922.64
205.60	21374.50
205.67	21785.68
205.75	22138.55
205.82	22416.11
205.89	22635.10
205.97	22838.40
206.04	23018.90
206.12	23196.51
206.19	23364.82
206.26	23492.63
206.34	23544.27
206.41	23480.17
206.48	23267.13
206.56	22868.48
206.63	22349.90
206.70	21828.65
206.78	21464.03
206.85	21332.59
206.92	21489.02
207.00	21871.85
207.07	22362.17
207.14	22851.59
207.22	23278.92
207.29	23643.30
207.36	23961.12
207.44	24243.79
207.51	24484.35
207.58	24707.04
207.66	24890.49
207.73	25061.90
207.80	25181.01
207.88	25231.90
207.95	25190.89
208.02	25063.37
208.10	24761.38
208.17	24312.65
208.25	23819.69
208.32	23395.32
208.39	23080.93
208.47	22968.53
208.54	23061.78
208.61	23302.67
208.69	23609.23
208.76	23948.31
208.83	24324.65
208.90	24730.92
208.98	25120.40
209.05	25486.26
209.12	25827.99
209.20	26116.26
209.27	26376.03
209.34	26606.80
209.42	26817.11
209.49	26994.22
209.56	27115.61
209.64	27174.85
209.71	27137.95
209.78	26959.15
209.86	26648.65
209.93	26294.50
210.00	25896.09
210.08	25549.17
210.15	25355.23
210.22	25373.55
210.30	25534.76
210.37	25843.55
210.44	26237.77
210.52	26645.55
210.59	27008.29
210.66	27323.86
210.74	27595.54
210.81	27836.33
210.88	28068.89
210.96	28285.15
211.03	28507.29
211.10	28716.65
211.17	28910.25
211.25	29035.74
211.32	29102.72
211.39	29068.41
211.47	28921.12
211.54	28604.61
211.61	28166.53
211.69	27735.73
211.76	27431.79
211.83	27291.17
211.91	27384.67
211.98	27674.38
212.05	28022.83
212.12	28342.85
212.20	28631.21
212.27	28868.75
212.34	29058.42
212.42	29235.26
212.49	29400.55
212.56	29561.71
212.64	29740.57
212.71	29953.27
212.78	30167.52
212.85	30377.34
212.93	30540.59
213.00	30660.97
213.07	30712.06
213.15	30648.63
213.22	30475.01
213.29	30264.30
213.37	30031.79
213.44	29833.40
213.51	29748.54
213.58	29792.12
213.66	29929.93
213.73	30140.91
213.80	30393.73
213.88	30660.34
213.95	30885.41
214.02	31070.07
214.09	31236.93
214.17	31395.83
214.24	31563.63
214.31	31758.52
214.39	31973.16
214.46	32180.40
214.53	32349.87
214.60	32488.44
214.68	32602.95
214.75	32677.07
214.82	32694.07
214.90	32648.07
214.97	32511.66
215.04	32242.80
215.11	31942.71
215.19	31705.65
215.26	31611.25
215.33	31653.93
215.41	31895.25
215.48	32226.97
215.55	32553.15
215.62	32804.46
215.70	33020.64
215.77	33199.85
215.84	33368.56
215.91	33520.36
215.99	33683.64
216.06	33842.60
216.13	33977.33
216.21	34078.12
216.28	34178.97
216.35	34271.99
216.42	34354.03
216.50	34405.72
216.57	34439.84
216.64	34401.91
216.71	34269.33
216.79	34067.92
216.86	33897.59
216.93	33776.77
217.01	33757.43
217.08	33861.51
217.15	34058.83
217.22	34271.59
217.30	34486.00
217.37	34692.60
217.44	34887.72
217.51	35076.56
217.59	35260.23
217.66	35426.05
217.73	35577.09
217.80	35710.97
217.88	35820.25
217.95	35918.77
218.02	36016.21
218.09	36098.12
218.17	36198.59
218.24	36299.17
218.31	36384.07
218.38	36431.28
218.46	36439.67
218.53	36340.69
218.60	36168.79
218.67	35988.91
218.75	35847.18
218.82	35791.67
218.89	35864.19
218.96	36046.19
219.04	36269.51
219.11	36513.55
219.18	36721.93
219.25	36897.55
219.33	37053.15
219.40	37210.75
219.47	37352.17
219.54	37496.07
219.62	37619.87
219.69	37741.45
219.76	37868.63
219.83	37977.81
219.91	38086.81
219.98	38198.21
220.05	38287.59
220.12	38333.05
220.20	38364.39
220.27	38343.15
220.34	38255.89
220.41	38119.42
220.49	37992.93
220.56	37898.74
220.63	37874.56
220.70	37962.00
220.78	38140.43
220.85	38326.16
220.92	38486.81
220.99	38629.97
221.06	38745.85
221.14	38848.11
221.21	38957.50
221.28	39087.67
221.35	39224.87
221.43	39348.86
221.50	39462.53
221.57	39580.50
221.64	39693.66
221.72	39795.15
221.79	39902.14
221.86	39992.83
221.93	40061.34
222.00	40113.97
222.08	40147.34
222.15	40141.14
222.22	40113.81
222.29	40089.63
222.37	40082.83
222.44	40091.91
222.51	40132.83
222.58	40198.18
222.65	40280.79
222.73	40368.83
222.80	40462.29
222.87	40575.93
222.94	40685.31
223.02	40803.03
223.09	40901.21
223.16	41003.59
223.23	41103.13
223.30	41228.05
223.38	41338.79
223.45	41455.35
223.52	41570.33
223.59	41678.58
223.66	41753.93
223.74	41814.09
223.81	41852.08
223.88	41881.25
223.95	41901.33
224.03	41916.31
224.10	41934.75
224.17	41969.13
224.24	41990.51
224.31	42035.85
224.39	42110.78
224.46	42189.52
224.53	42264.75
224.60	42363.19
224.67	42454.08
224.75	42539.81
224.82	42635.41
224.89	42753.23
224.96	42874.49
225.03	42977.68
225.11	43084.51
225.18	43188.45
225.25	43277.57
225.32	43355.28
225.39	43445.72
225.47	43520.27
225.54	43581.31
225.61	43617.86
225.68	43637.01
225.75	43641.94
225.83	43667.03
225.90	43717.09
225.97	43797.70
226.04	43891.49
226.11	44005.75
226.19	44108.12
226.26	44205.99
226.33	44306.90
226.40	44406.15
226.47	44495.03
226.54	44589.46
226.62	44685.53
226.69	44773.44
226.76	44869.03
226.83	44968.03
226.90	45053.42
226.98	45109.85
227.05	45160.81
227.12	45213.23
227.19	45251.53
227.26	45300.74
227.34	45376.49
227.41	45459.35
227.48	45519.69
227.55	45582.23
227.62	45635.94
227.69	45689.27
227.77	45753.79
227.84	45829.27
227.91	45904.46
227.98	45997.95
228.05	46073.05
228.12	46127.16
228.20	46204.12
228.27	46298.07
228.34	46385.47
228.41	46484.87
228.48	46595.60
228.56	46696.89
228.63	46793.98
228.70	46871.53
228.77	46951.05
228.84	47038.55
228.91	47125.94
228.99	47220.73
229.06	47345.89
229.13	47457.88
229.20	47557.75
229.27	47642.68
229.34	47712.26
229.42	47768.60
229.49	47827.82
229.56	47890.33
229.63	47961.30
229.70	48018.66
229.77	48076.89
229.85	48133.41
229.92	48181.07
229.99	48229.34
230.06	48298.48
230.13	48375.07
230.20	48474.56
230.27	48588.97
230.35	48708.77
230.42	48820.83
230.49	48936.67
230.56	49033.08
230.63	49132.54
230.70	49207.74
230.78	49276.83
230.85	49321.42
230.92	49376.93
230.99	49430.71
231.06	49523.17
231.13	49633.50
231.20	49764.22
231.28	49883.32
231.35	49992.84
231.42	50075.08
231.49	50160.07
231.56	50246.34
231.63	50332.53
231.71	50408.48
231.78	50489.99
231.85	50555.80
231.92	50598.19
231.99	50655.69
232.06	50731.38
232.13	50816.67
232.21	50904.19
232.28	51008.43
232.35	51094.23
232.42	51179.11
232.49	51261.17
232.56	51372.71
232.63	51474.91
232.71	51593.42
232.78	51705.86
232.85	51811.51
232.92	51875.83
232.99	51948.43
233.06	52018.51
233.13	52075.48
233.20	52114.52
233.28	52166.99
233.35	52216.25
233.42	52269.85
233.49	52343.15
233.56	52437.71
233.63	52532.53
233.70	52626.45
233.78	52726.05
233.85	52829.17
233.92	52922.55
233.99	53013.44
234.06	53115.02
234.13	53203.35
234.20	53274.92
234.27	53341.99
234.35	53419.25
234.42	53476.69
234.49	53532.11
234.56	53585.32
234.63	53646.02
234.70	53693.58
234.77	53739.50
234.84	53782.46
234.92	53840.50
234.99	53911.59
235.06	53980.59
235.13	54066.79
235.20	54166.47
235.27	54256.93
235.34	54340.96
235.41	54424.97
235.48	54509.85
235.56	54578.43
235.63	54649.65
235.70	54707.45
235.77	54764.35
235.84	54794.04
235.91	54825.61
235.98	54856.57
236.05	54885.39
236.12	54927.84
236.20	54963.64
236.27	55014.18
236.34	55054.72
236.41	55100.33
236.48	55135.69
236.55	55183.95
236.62	55225.79
236.69	55286.07
236.76	55356.21
236.84	55431.40
236.91	55509.25
236.98	55586.49
237.05	55639.59
237.12	55675.81
237.19	55713.84
237.26	55763.99
237.33	55802.04
237.40	55839.14
237.47	55883.53
237.55	55930.79
237.62	55989.25
237.69	56047.85
237.76	56126.00
237.83	56212.44
237.90	56279.59
237.97	56325.33
238.04	56375.21
238.11	56423.12
238.18	56470.37
238.26	56515.76
238.33	56549.33
238.40	56582.76
238.47	56622.11
238.54	56642.27
238.61	56653.21
238.68	56672.68
238.75	56694.23
238.82	56715.32
238.89	56752.43
238.96	56813.10
239.04	56869.10
239.11	56929.97
239.18	56981.95
239.25	57011.83
239.32	57036.91
239.39	57063.71
239.46	57058.32
239.53	57045.14
239.60	57046.13
239.67	57047.37
239.74	57047.69
239.81	57074.66
239.89	57107.66
239.96	57138.61
240.03	57168.07
240.10	57213.17
240.17	57243.33
240.24	57274.35
240.31	57308.79
240.38	57353.57
240.45	57401.79
240.52	57474.70
240.59	57533.24
240.66	57600.65
240.73	57650.75
240.80	57674.59
240.88	57677.84
240.95	57698.35
241.02	57715.74
241.09	57727.79
241.16	57758.08
241.23	57792.91
241.30	57793.67
241.37	57761.59
241.44	57748.10
241.51	57738.21
241.58	57736.98
241.65	57769.27
241.72	57829.17
241.79	57867.85
241.86	57889.57
241.94	57895.35
242.01	57881.04
242.08	57856.52
242.15	57853.70
242.22	57853.72
242.29	57856.94
242.36	57872.07
242.43	57875.08
242.50	57868.62
242.57	57863.31
242.64	57866.79
242.71	57852.72
242.78	57853.90
242.85	57860.88
242.92	57875.21
242.99	57877.03
243.06	57891.03
243.14	57902.85
243.21	57927.91
243.28	57935.88
243.35	57958.66
243.42	57998.47
243.49	58034.10
243.56	58050.12
243.63	58073.73
243.70	58089.58
243.77	58078.67
243.84	58069.04
243.91	58051.79
243.98	58033.39
244.05	58001.06
244.12	57972.17
244.19	57949.62
244.26	57931.47
244.33	57907.72
244.40	57899.86
244.47	57900.02
244.54	57894.85
244.62	57864.31
244.69	57840.28
244.76	57825.28
244.83	57813.56
244.90	57812.66
244.97	57834.88
245.04	57849.37
245.11	57849.47
245.18	57843.59
245.25	57842.43
245.32	57855.08
245.39	57893.73
245.46	57919.95
245.53	57933.93
245.60	57927.22
245.67	57908.88
245.74	57882.83
245.81	57863.43
245.88	57842.76
245.95	57835.25
246.02	57820.12
246.09	57775.27
246.16	57726.32
246.23	57688.51
246.30	57646.35
246.37	57635.87
246.44	57654.45
246.51	57689.64
246.58	57716.45
246.65	57753.95
246.72	57766.37
246.79	57762.35
246.87	57747.43
246.94	57740.35
247.01	57719.20
247.08	57687.51
247.15	57637.64
247.22	57582.17
247.29	57523.35
247.36	57474.26
247.43	57435.91
247.50	57423.55
247.57	57428.55
247.64	57453.95
247.71	57470.63
247.78	57503.43
247.85	57533.89
247.92	57558.41
247.99	57550.38
248.06	57534.23
248.13	57495.56
248.20	57461.15
248.27	57412.86
248.34	57399.41
248.41	57392.25
248.48	57389.87
248.55	57385.70
248.62	57399.63
248.69	57403.63
248.76	57395.25
248.83	57382.50
248.90	57358.62
248.97	57323.23
249.04	57265.68
249.11	57224.21
249.18	57187.54
249.25	57154.57
249.32	57106.77
249.39	57069.74
249.46	57032.77
249.53	56985.12
249.60	56948.19
249.67	56931.50
249.74	56920.95
249.81	56912.33
249.88	56921.80
249.95	56943.48
250.02	56961.89
250.09	56979.84
250.16	56996.22
250.23	56998.26
250.30	56992.37
250.37	56987.70
250.44	56988.97
250.51	56982.71
250.58	56987.75
250.65	56973.93
250.72	56941.05
250.79	56891.59
250.86	56854.45
250.93	56799.05
251.00	56756.11
251.07	56733.17
251.14	56720.55
251.21	56698.31
251.28	56683.83
251.35	56662.68
251.42	56649.25
251.49	56629.47
251.56	56606.83
251.63	56584.40
251.70	56574.51
251.77	56550.35
251.84	56521.75
251.91	56479.23
251.98	56424.37
252.05	56369.99
252.12	56312.22
252.18	56268.86
252.25	56244.40
252.32	56252.97
252.39	56245.91
252.46	56245.93
252.53	56226.91
252.60	56214.26
252.67	56195.92
252.74	56180.52
252.81	56162.81
252.88	56152.71
252.95	56126.17
253.02	56086.47
253.09	56058.03
253.16	56033.67
253.23	56014.77
253.30	56005.47
253.37	55995.77
253.44	55968.41
253.51	55930.87
253.58	55890.29
253.65	55863.31
253.72	55858.64
253.79	55855.58
253.86	55853.21
253.93	55854.12
254.00	55836.39
254.07	55806.43
254.14	55776.23
254.21	55744.26
254.28	55711.18
254.35	55692.24
254.41	55660.61
254.48	55642.77
254.55	55623.64
254.62	55607.67
254.69	55563.23
254.76	55522.54
254.83	55473.35
254.90	55443.83
254.97	55414.87
255.04	55412.97
255.11	55390.62
255.18	55354.66
255.25	55288.51
255.32	55243.23
255.39	55192.39
255.46	55173.33
255.53	55170.20
255.60	55177.29
255.67	55155.57
255.74	55142.53
255.81	55124.98
255.87	55112.73
255.94	55086.21
256.01	55068.07
256.08	55043.01
256.15	55022.57
256.22	54978.47
256.29	54960.23
256.36	54925.15
256.43	54906.05
256.50	54881.01
256.57	54876.97
256.64	54854.65
256.71	54843.07
256.78	54807.35
256.85	54771.35
256.92	54732.74
256.99	54726.82
257.05	54713.67
257.12	54705.51
257.19	54665.31
257.26	54620.91
257.33	54560.78
257.40	54506.72
257.47	54444.62
257.54	54427.45
257.61	54409.67
257.68	54402.62
257.75	54395.26
257.82	54401.32
257.89	54378.13
257.96	54361.92
258.03	54312.01
258.09	54256.71
258.16	54193.60
258.23	54123.39
258.30	54062.26
258.37	54010.72
258.44	53971.52
258.51	53943.99
258.58	53941.71
258.65	53932.99
258.72	53933.35
258.79	53907.53
258.86	53874.37
258.93	53848.34
258.99	53797.11
259.06	53749.51
259.13	53718.77
259.20	53678.75
259.27	53631.23
259.34	53612.37
259.41	53600.04
259.48	53603.28
259.55	53598.16
259.62	53592.67
259.69	53555.86
259.76	53508.60
259.82	53438.63
259.89	53407.86
259.96	53376.43
260.03	53345.12
260.10	53304.65
260.17	53269.75
260.24	53209.67
260.31	53151.30
260.38	53116.45
260.45	53109.63
260.52	53096.66
260.59	53070.51
260.65	53037.72
260.72	53011.01
260.79	52977.47
260.86	52946.87
260.93	52918.95
261.00	52882.84
261.07	52839.89
261.14	52772.68
261.21	52714.41
261.28	52657.72
261.34	52605.45
261.41	52534.23
261.48	52481.61
261.55	52429.68
261.62	52385.52
261.69	52342.65
261.76	52324.89
261.83	52301.67
261.90	52271.61
261.97	52240.06
262.03	52217.28
262.10	52182.87
262.17	52144.59
262.24	52130.81
262.31	52109.90
262.38	52076.37
262.45	52041.61
262.52	52010.89
262.59	51959.21
262.65	51919.17
262.72	51870.19
262.79	51827.57
262.86	51781.01
262.93	51748.48
263.00	51711.45
263.07	51676.83
263.14	51638.47
263.21	51609.70
263.27	51561.63
263.34	51518.01
263.41	51477.77
263.48	51429.30
263.55	51377.81
263.62	51314.78
263.69	51245.19
263.76	51192.11
263.82	51152.87
263.89	51118.25
263.96	51095.74
264.03	51072.58
264.10	51050.38
264.17	51002.65
264.24	50948.38
264.31	50888.97
264.38	50843.05
264.44	50783.54
264.51	50738.06
264.58	50698.20
264.65	50666.26
264.72	50614.45
264.79	50562.39
264.86	50521.95
264.92	50471.98
264.99	50429.41
265.06	50404.01
265.13	50372.56
265.20	50349.11
265.27	50334.43
265.34	50308.81
265.41	50275.03
265.47	50249.43
265.54	50201.83
265.61	50155.34
265.68	50125.43
265.75	50080.29
265.82	50030.77
265.89	49983.63
265.95	49934.64
266.02	49864.78
266.09	49821.42
266.16	49786.80
266.23	49756.03
266.30	49716.78
266.37	49672.58
266.44	49599.36
266.50	49534.05
266.57	49457.22
266.64	49381.33
266.71	49319.41
266.78	49266.39
266.85	49196.11
266.91	49149.54
266.98	49106.86
267.05	49060.98
267.12	49028.79
267.19	49009.59
267.26	48976.30
267.33	48953.77
267.39	48932.49
267.46	48909.33
267.53	48869.97
267.60	48835.07
267.67	48783.17
267.74	48739.89
267.81	48687.17
267.87	48650.14
267.94	48614.59
268.01	48588.25
268.08	48544.79
268.15	48508.10
268.22	48462.01
268.28	48406.15
268.35	48341.49
268.42	48288.73
268.49	48227.62
268.56	48179.07
268.63	48136.83
268.69	48097.92
268.76	48051.07
268.83	48021.67
268.90	47988.53
268.97	47968.59
269.04	47954.57
269.11	47937.98
269.17	47918.21
269.24	47896.81
269.31	47861.89
269.38	47820.46
269.45	47774.38
269.52	47732.80
269.58	47691.35
269.65	47630.11
269.72	47575.45
269.79	47545.22
269.86	47506.95
269.92	47465.69
269.99	47435.77
270.06	47393.59
270.13	47346.65
270.20	47292.01
270.27	47248.98
270.33	47223.35
270.40	47192.68
270.47	47157.95
270.54	47133.95
270.61	47112.13
270.68	47084.27
270.74	47073.99
270.81	47064.51
270.88	47042.23
270.95	47009.94
271.02	46963.65
271.08	46915.10
271.15	46854.03
271.22	46804.98
271.29	46753.01
271.36	46699.37
271.43	46650.65
271.49	46632.95
271.56	46611.49
271.63	46582.25
271.70	46573.38
271.77	46567.32
271.83	46519.93
271.90	46469.69
271.97	46429.28
272.04	46379.64
272.11	46342.15
272.17	46326.61
272.24	46319.93
272.31	46299.86
272.38	46290.73
272.45	46258.01
272.52	46217.93
272.58	46190.63
272.65	46177.49
272.72	46152.04
272.79	46120.00
272.86	46087.29
272.92	46045.31
272.99	45997.05
273.06	45957.12
273.13	45916.87
273.20	45882.39
273.26	45842.29
273.33	45804.51
273.40	45766.52
273.47	45749.50
273.54	45731.67
273.60	45710.73
273.67	45682.28
273.74	45671.28
273.81	45644.48
273.88	45630.94
273.94	45621.81
274.01	45621.67
274.08	45610.43
274.15	45594.41
274.21	45559.97
274.28	45519.07
274.35	45461.77
274.42	45390.77
274.49	45331.92
274.55	45295.68
274.62	45273.14
274.69	45249.42
274.76	45212.79
274.83	45182.35
274.89	45141.93
274.96	45085.95
275.03	45053.39
275.10	45043.49
275.17	45017.64
275.23	44979.69
275.30	44949.66
275.37	44915.09
275.44	44877.84
275.50	44839.35
275.57	44800.85
275.64	44760.99
275.71	44719.37
275.78	44676.17
275.84	44646.74
275.91	44621.22
275.98	44591.99
276.05	44565.70
276.11	44531.64
276.18	44495.27
276.25	44451.00
276.32	44407.63
276.39	44359.77
276.45	44311.43
276.52	44261.39
276.59	44223.91
276.66	44196.29
276.72	44168.48
276.79	44151.27
276.86	44131.74
276.93	44116.21
276.99	44081.15
277.06	44047.02
277.13	44022.25
277.20	43989.51
277.26	43951.69
277.33	43943.43
277.40	43933.97
277.47	43892.28
277.54	43866.78
277.60	43832.99
277.67	43778.11
277.74	43716.51
277.81	43669.97
277.87	43618.39
277.94	43574.54
278.01	43538.57
278.08	43504.67
278.14	43480.03
278.21	43453.95
278.28	43446.72
278.35	43435.59
278.41	43428.53
278.48	43413.43
278.55	43399.20
278.62	43364.85
278.68	43324.42
278.75	43277.61
278.82	43228.71
278.89	43177.58
278.95	43128.78
279.02	43079.20
279.09	43056.73
279.16	43038.09
279.22	43025.13
279.29	43009.91
279.36	42992.71
279.43	42950.22
279.49	42890.75
279.56	42815.51
279.63	42731.37
279.70	42660.61
279.76	42597.47
279.83	42563.95
279.90	42548.85
279.97	42536.49
280.03	42520.83
280.10	42501.79
280.17	42470.58
280.24	42433.23
280.30	42407.62
280.37	42366.73
280.44	42328.02
280.51	42299.93
280.57	42269.66
280.64	42221.85
280.71	42179.72
280.77	42124.33
280.84	42046.89
280.91	41968.22
280.98	41885.83
281.04	41809.49
281.11	41736.15
281.18	41669.89
281.25	41590.92
281.31	41530.47
281.38	41449.03
281.45	41385.58
281.52	41330.81
281.58	41273.32
281.65	41216.13
281.72	41178.23
281.78	41143.04
281.85	41115.76
281.92	41101.93
281.99	41092.51
282.05	41070.27
282.12	41043.61
282.19	41010.81
282.26	40986.39
282.32	40955.02
282.39	40941.43
282.46	40917.09
282.52	40885.15
282.59	40847.84
282.66	40828.96
282.73	40796.35
282.79	40768.31
282.86	40734.63
282.93	40682.91
282.99	40610.07
283.06	40545.43
283.13	40466.93
283.20	40378.62
283.26	40295.77
283.33	40218.12
283.40	40144.24
283.46	40098.28
283.53	40059.95
283.60	40040.11
283.67	40019.39
283.73	40012.73
283.80	39991.08
283.87	39987.41
283.93	39980.50
284.00	39972.25
284.07	39944.61
284.13	39919.76
284.20	39891.83
284.27	39861.56
284.34	39832.85
284.40	39813.23
284.47	39799.01
284.54	39784.42
284.60	39767.44
284.67	39740.37
284.74	39706.37
284.81	39668.87
284.87	39629.85
284.94	39579.72
285.01	39531.44
285.07	39480.16
285.14	39427.15
285.21	39373.30
285.27	39334.43
285.34	39311.64
285.41	39292.17
285.47	39275.33
285.54	39266.65
285.61	39251.71
285.68	39237.86
285.74	39225.69
285.81	39211.87
285.88	39192.83
285.94	39182.01
286.01	39164.25
286.08	39152.89
286.14	39139.49
286.21	39127.69
286.28	39116.79
286.34	39091.95
286.41	39049.06
286.48	39007.31
286.55	38950.13
286.61	38896.74
286.68	38844.60
286.75	38797.51
286.81	38754.67
286.88	38717.66
286.95	38663.89
287.01	38645.07
287.08	38631.16
287.15	38616.73
287.21	38604.47
287.28	38599.55
287.35	38580.50
287.41	38564.94
287.48	38538.37
287.55	38521.68
287.61	38511.19
287.68	38484.54
287.75	38456.85
287.81	38435.89
287.88	38422.18
287.95	38412.41
288.01	38392.80
288.08	38375.08
288.15	38341.39
288.21	38302.36
288.28	38253.10
288.35	38223.53
288.41	38193.91
288.48	38185.08
288.55	38158.13
288.61	38125.76
288.68	38086.95
288.75	38051.78
288.81	38000.89
288.88	37962.53
288.95	37948.01
289.01	37942.84
289.08	37939.02
289.15	37952.11
289.21	37969.16
289.28	37960.11
289.35	37951.68
289.41	37937.48
289.48	37929.88
289.55	37916.05
289.61	37906.77
289.68	37900.42
289.75	37893.95
289.81	37862.79
289.88	37831.31
289.95	37803.59
290.01	37758.41
290.08	37722.65
290.15	37691.55
290.21	37659.20
290.28	37631.07
290.35	37615.78
290.41	37590.34
290.48	37579.72
290.55	37553.53
290.61	37524.57
290.68	37492.83
290.74	37475.67
290.81	37459.83
290.88	37460.23
290.94	37464.16
291.01	37470.37
291.08	37474.95
291.14	37468.79
291.21	37467.93
291.28	37465.65
291.34	37468.04
291.41	37451.37
291.48	37444.83
291.54	37437.39
291.61	37430.21
291.68	37418.21
291.74	37388.05
291.81	37360.19
291.87	37337.54
291.94	37290.09
292.01	37257.90
292.07	37241.77
292.14	37211.93
292.21	37164.46
292.27	37146.93
292.34	37102.86
292.41	37072.58
292.47	37038.60
292.54	37025.18
292.60	37009.88
292.67	37015.53
292.74	37017.50
292.80	37034.71
292.87	37038.46
292.94	37044.18
293.00	37045.31
293.07	37051.70
293.13	37054.65
293.20	37067.04
293.27	37078.47
293.33	37074.91
293.40	37068.31
293.47	37050.23
293.53	37028.77
293.60	36994.48
293.66	36954.85
293.73	36914.23
293.80	36869.48
293.86	36819.19
293.93	36771.77
294.00	36737.09
294.06	36710.10
294.13	36694.09
294.19	36677.44
294.26	36674.35
294.33	36675.83
294.39	36663.79
294.46	36663.11
294.52	36663.56
294.59	36656.43
294.66	36645.15
294.72	36646.93
294.79	36650.41
294.86	36661.21
294.92	36675.97
294.99	36704.51
295.05	36732.02
295.12	36748.11
295.19	36766.00
295.25	36768.81
295.32	36763.22
295.38	36750.24
295.45	36746.69
295.52	36725.67
295.58	36687.33
295.65	36649.67
295.71	36614.20
295.78	36552.99
295.85	36501.07
295.91	36475.41
295.98	36430.44
296.04	36377.81
296.11	36349.93
296.18	36327.28
296.24	36311.00
296.31	36309.98
296.37	36319.43
296.44	36342.82
296.51	36370.23
296.57	36400.65
296.64	36438.77
296.70	36478.20
296.77	36490.38
296.84	36496.41
296.90	36501.75
296.97	36492.27
297.03	36488.06
297.10	36487.04
297.17	36501.31
297.23	36505.47
297.30	36510.19
297.36	36500.79
297.43	36495.07
297.50	36477.63
297.56	36456.23
297.63	36440.67
297.69	36400.79
297.76	36347.37
297.82	36283.44
297.89	36227.99
297.96	36171.64
298.02	36139.87
298.09	36112.52
298.15	36101.80
298.22	36102.11
298.29	36095.91
298.35	36090.56
298.42	36101.01
298.48	36107.73
298.55	36107.92
298.61	36120.15
298.68	36141.31
298.75	36157.22
298.81	36169.90
298.88	36187.21
298.94	36205.48
299.01	36218.55
299.08	36235.92
299.14	36245.11
299.21	36244.84
299.27	36247.07
299.34	36239.51
299.40	36234.06
299.47	36229.32
299.54	36225.95
299.60	36211.07
299.67	36190.23
299.73	36148.59
299.80	36089.68
299.86	36008.15
299.93	35916.38
299.99	35848.49
300.06	35784.32
300.13	35738.40
300.19	35718.89
300.26	35722.53
300.32	35730.67
300.39	35745.09
300.45	35774.80
300.52	35803.73
300.59	35835.93
300.65	35855.67
300.72	35886.51
300.78	35907.09
300.85	35930.69
300.91	35922.45
300.98	35915.55
301.04	35906.36
301.11	35896.41
301.18	35886.20
301.24	35892.79
301.31	35890.85
301.37	35885.11
301.44	35870.19
301.50	35849.15
301.57	35819.08
301.63	35798.19
301.70	35760.12
301.77	35717.98
301.83	35663.25
301.90	35599.00
301.96	35517.99
302.03	35443.03
302.09	35388.73
302.16	35338.19
302.22	35317.12
302.29	35303.47
302.36	35296.79
302.42	35284.25
302.49	35281.52
302.55	35272.25
302.62	35271.73
302.68	35279.17
302.75	35286.92
302.81	35284.61
302.88	35282.96
302.94	35272.99
303.01	35259.73
303.07	35242.53
303.14	35235.57
303.21	35224.34
303.27	35219.28
303.34	35216.87
303.40	35201.68
303.47	35173.89
303.53	35149.68
303.60	35123.52
303.66	35070.30
303.73	35033.22
303.79	35002.36
303.86	34954.74
303.92	34902.27
303.99	34855.56
304.05	34785.53
304.12	34709.03
304.19	34643.31
304.25	34577.77
304.32	34522.14
304.38	34485.49
304.45	34455.29
304.51	34432.68
304.58	34421.52
304.64	34414.68
304.71	34414.55
304.77	34396.21
304.84	34377.11
304.90	34357.85
304.97	34329.91
305.03	34294.00
305.10	34274.78
305.16	34251.01
305.23	34224.87
305.29	34202.51
305.36	34162.65
305.42	34137.59
305.49	34110.91
305.56	34077.50
305.62	34041.32
305.69	34014.25
305.75	33969.83
305.82	33890.81
305.88	33782.73
305.95	33650.37
306.01	33506.49
306.08	33358.74
306.14	33250.70
306.21	33166.39
306.27	33106.65
306.34	33069.72
306.40	33038.03
306.47	33012.73
306.53	33026.08
306.60	33043.99
306.66	33067.43
306.73	33082.58
306.79	33084.91
306.86	33050.18
306.92	33011.64
306.99	32964.76
307.05	32934.72
307.12	32903.55
307.18	32872.68
307.25	32841.35
307.31	32808.81
307.38	32760.06
307.44	32720.06
307.51	32681.35
307.57	32633.39
307.64	32585.51
307.70	32544.91
307.77	32491.17
307.83	32435.67
307.90	32393.74
307.96	32346.28
308.03	32287.06
308.09	32230.77
308.16	32180.71
308.22	32122.03
308.29	32053.47
308.35	31999.22
308.42	31948.11
308.48	31872.06
308.55	31798.27
308.61	31733.59
308.68	31666.01
308.74	31592.21
308.81	31555.21
308.87	31520.79
308.94	31500.68
309.00	31472.85
309.07	31451.71
309.13	31409.31
309.20	31381.94
309.26	31324.99
309.33	31273.61
309.39	31216.67
309.45	31165.86
309.52	31091.54
309.58	31039.30
309.65	30981.39
309.71	30922.20
309.78	30870.68
309.84	30818.07
309.91	30764.06
309.97	30703.11
310.04	30657.67
310.10	30598.77
310.17	30554.30
310.23	30499.46
310.30	30463.19
310.36	30410.44
310.43	30359.27
310.49	30291.73
310.56	30234.39
310.62	30158.03
310.69	30087.75
310.75	30012.96
310.81	29952.94
310.88	29894.77
310.94	29851.45
311.01	29800.03
311.07	29762.13
311.14	29720.83
311.20	29675.39
311.27	29630.77
311.33	29591.56
311.40	29541.00
311.46	29497.65
311.53	29452.25
311.59	29413.19
311.66	29376.25
311.72	29334.11
311.78	29277.17
311.85	29231.84
311.91	29177.43
311.98	29124.35
312.04	29083.03
312.11	29042.77
312.17	29001.87
312.24	28960.31
312.30	28905.79
312.37	28846.98
312.43	28788.55
312.50	28729.05
312.56	28664.89
312.62	28604.88
312.69	28542.45
312.75	28479.71
312.82	28406.06
312.88	28344.20
312.95	28283.55
313.01	28221.51
313.08	28168.36
313.14	28118.95
313.20	28072.81
313.27	28018.94
313.33	27971.67
313.40	27931.40
313.46	27880.40
313.53	27827.41
313.59	27791.32
313.66	27755.85
313.72	27710.19
313.78	27670.39
313.85	27624.11
313.91	27576.89
313.98	27532.39
314.04	27486.77
314.11	27441.83
314.17	27402.37
314.24	27357.51
314.30	27302.92
314.36	27246.47
314.43	27197.71
314.49	27136.12
314.56	27078.41
314.62	27018.84
314.69	26968.37
314.75	26918.69
314.81	26865.81
314.88	26812.62
314.94	26777.33
315.01	26731.73
315.07	26674.28
315.14	26629.87
315.20	26594.93
315.27	26542.65
315.33	26493.35
315.39	26449.29
315.46	26404.42
315.52	26340.85
315.59	26298.61
315.65	26250.60
315.72	26204.22
315.78	26157.28
315.84	26125.98
315.91	26087.26
315.97	26055.23
316.04	26046.39
316.10	26029.60
316.16	25987.63
316.23	25908.01
316.29	25806.65
316.36	25645.68
316.42	25464.63
316.49	25264.71
316.55	25055.68
316.61	24846.49
316.68	24630.03
316.74	24412.70
316.81	24189.42
316.87	23974.21
316.93	23751.76
317.00	23542.23
317.06	23333.79
317.13	23115.76
317.19	22895.07
317.26	22675.33
317.32	22457.76
317.38	22234.25
317.45	22028.49
317.51	21826.21
317.58	21615.78
317.64	21402.55
317.70	21194.77
317.77	20986.27
317.83	20778.13
317.90	20572.96
317.96	20367.33
318.02	20157.02
318.09	19960.68
318.15	19748.46
318.22	19537.57
318.28	19328.77
318.34	19111.58
318.41	18878.50
318.47	18662.66
318.54	18449.87
318.60	18234.79
318.66	18034.63
318.73	17832.65
318.79	17633.03
318.86	17435.84
318.92	17245.70
318.98	17053.85
319.05	16863.65
319.11	16673.05
319.18	16479.89
319.24	16282.51
319.30	16070.60
319.37	15883.47
319.43	15692.83
319.50	15500.42
319.56	15309.91
319.62	15135.50
319.69	14941.67
319.75	14758.56
319.82	14573.20
319.88	14388.23
319.94	14206.79
320.01	14029.35
320.07	13836.77
320.13	13648.96
320.20	13465.43
320.26	13273.59
320.33	13085.05
320.39	12909.19
320.45	12731.25
320.52	12550.01
320.58	12374.47
320.65	12196.61
320.71	12010.04
320.77	11836.61
320.84	11658.99
320.90	11486.89
320.96	11307.04
321.03	11125.94
321.09	10936.38
321.16	10752.65
321.22	10559.05
321.28	10376.06
321.35	10209.17
321.41	10035.75
321.47	9862.28
321.54	9699.22
321.60	9527.14
321.67	9350.73
321.73	9186.13
321.79	9015.81
321.86	8843.28
321.92	8672.49
321.98	8489.43
322.05	8299.70
322.11	8107.56
322.18	7911.18
322.24	7725.21
322.30	7544.31
322.37	7375.24
322.43	7203.15
322.49	7041.57
322.56	6865.45
322.62	6696.46
322.68	6517.01
322.75	6349.71
322.81	6168.68
322.88	5993.43
322.94	5818.31
323.00	5642.87
323.07	5471.34
323.13	5304.69
323.19	5145.29
323.26	4987.44
323.32	4831.93
323.38	4670.74
323.45	4450.97
323.51	3810.11
323.57	2924.71
323.64	2002.39
323.70	1115.35
323.76	320.92
323.83	-21.70
323.89	-89.63
323.96	-90.17
