180.25	3511.57
180.33	-132.00
180.40	655.13
180.48	-32.18
180.56	11.36
180.63	47.69
180.71	89.30
180.78	89.39
180.86	90.59
180.93	95.72
181.01	98.31
181.08	97.46
181.16	95.98
181.23	97.50
181.31	96.81
181.39	119.68
181.46	128.32
181.54	139.34
181.61	154.98
181.69	163.21
181.76	156.86
181.84	151.06
181.91	153.04
181.99	155.40
182.06	156.83
182.14	161.58
182.22	167.92
182.29	179.22
182.37	183.58
182.44	197.46
182.52	197.35
182.59	217.40
182.67	226.48
182.74	233.24
182.82	237.65
182.89	246.86
182.97	245.08
183.04	253.36
183.12	262.62
183.20	282.98
183.27	297.84
183.35	329.66
183.42	356.08
183.50	401.64
183.57	431.30
183.65	481.58
183.72	529.20
183.80	588.96
183.87	637.67
183.95	686.93
184.02	738.96
184.10	774.17
184.17	793.95
184.25	794.88
184.32	788.56
184.40	760.41
184.47	712.34
184.55	671.62
184.62	672.52
184.70	705.00
184.78	764.70
184.85	885.20
184.93	1026.94
185.00	1161.88
185.08	1299.68
185.15	1433.00
185.23	1566.96
185.30	1692.96
185.38	1810.04
185.45	1926.90
185.53	2053.36
185.60	2167.22
185.68	2297.09
185.75	2399.76
185.83	2479.02
185.90	2526.32
185.98	2505.04
186.05	2413.38
186.13	2290.77
186.20	2120.00
186.28	1971.68
186.35	1913.41
186.43	1955.48
186.50	2096.24
186.58	2323.99
186.65	2572.89
186.73	2824.80
186.80	3050.97
186.88	3259.69
186.95	3482.69
187.03	3701.85
187.10	3903.74
187.18	4134.36
187.25	4350.67
187.33	4562.90
187.40	4796.79
187.48	5005.34
187.55	5184.73
187.63	5338.58
187.70	5408.62
187.78	5408.16
187.85	5360.96
187.93	5188.93
188.00	4907.08
188.08	4585.65
188.15	4301.98
188.23	4134.37
188.30	4135.82
188.38	4324.10
188.45	4651.84
188.53	5012.36
188.60	5347.08
188.68	5650.40
188.75	5928.00
188.83	6215.18
188.90	6468.30
188.98	6719.08
189.05	6976.26
189.13	7199.98
189.20	7392.90
189.28	7593.60
189.35	7767.95
189.43	7926.50
189.50	8070.64
189.58	8139.12
189.65	8133.98
189.73	8062.53
189.80	7887.97
189.87	7620.33
189.95	7299.60
190.02	6898.25
190.10	6465.46
190.17	6141.43
190.25	6006.83
190.32	6064.68
190.40	6314.78
190.47	6713.57
190.55	7146.30
190.62	7557.40
190.70	7911.40
190.77	8249.85
190.85	8569.33
190.92	8836.36
191.00	9069.27
191.07	9290.22
191.15	9460.86
191.22	9611.76
191.29	9745.10
191.37	9840.22
191.44	9934.49
191.52	10044.71
191.59	10122.92
191.67	10191.40
191.74	10241.30
191.82	10231.41
191.89	10197.71
191.97	10159.50
192.04	10098.18
192.12	9988.74
192.19	9816.21
192.27	9569.52
192.34	9339.49
192.41	9208.00
192.49	9211.29
192.56	9361.04
192.64	9628.30
192.71	9923.08
192.79	10158.47
192.86	10335.61
192.94	10434.80
193.01	10496.84
193.09	10553.60
193.16	10652.78
193.23	10771.92
193.31	10925.27
193.38	11117.33
193.46	11277.58
193.53	11398.88
193.61	11512.97
193.68	11620.34
193.76	11674.85
193.83	11747.02
193.91	11817.54
193.98	11873.08
194.05	11928.85
194.13	11984.61
194.20	12005.78
194.28	12001.21
194.35	11980.16
194.43	11911.52
194.50	11805.38
194.58	11670.94
194.65	11571.14
194.72	11561.54
194.80	11674.82
194.87	11900.69
194.95	12226.03
195.02	12564.28
195.10	12846.76
195.17	13085.43
195.25	13285.06
195.32	13452.76
195.39	13587.80
195.47	13699.51
195.54	13774.29
195.62	13789.62
195.69	13731.93
195.77	13600.34
195.84	13407.87
195.91	13183.23
195.99	13036.39
196.06	12991.81
196.14	13066.43
196.21	13241.86
196.29	13480.41
196.36	13719.36
196.43	13920.38
196.51	14081.15
196.58	14190.26
196.66	14251.99
196.73	14270.54
196.81	14263.01
196.88	14222.51
196.95	14169.88
197.03	14074.86
197.10	13935.92
197.18	13769.58
197.25	13604.32
197.33	13465.40
197.40	13391.24
197.47	13366.66
197.55	13436.85
197.62	13570.46
197.70	13762.38
197.77	14014.86
197.84	14316.88
197.92	14606.64
197.99	14897.96
198.07	15171.64
198.14	15403.24
198.22	15599.65
198.29	15759.30
198.36	15893.92
198.44	15993.27
198.51	16047.62
198.59	16026.64
198.66	15944.47
198.73	15778.82
198.81	15566.43
198.88	15306.08
198.96	15089.20
199.03	14972.49
199.10	15017.09
199.18	15164.96
199.25	15436.40
199.33	15777.39
199.40	16111.90
199.48	16358.95
199.55	16560.50
199.62	16713.40
199.70	16856.08
199.77	16980.49
199.85	17112.74
199.92	17213.57
199.99	17276.02
200.07	17242.45
200.14	17106.16
200.22	16833.04
200.29	16446.25
200.36	16055.22
200.44	15742.82
200.51	15553.76
200.59	15537.44
200.66	15665.71
200.73	15858.74
200.81	16079.03
200.88	16302.78
200.95	16546.28
201.03	16811.24
201.10	17101.24
201.18	17371.14
201.25	17622.25
201.32	17822.31
201.40	17998.24
201.47	18134.74
201.55	18225.79
201.62	18245.57
201.69	18157.21
201.77	18004.01
201.84	17834.05
201.92	17628.02
201.99	17416.71
202.06	17303.96
202.14	17314.64
202.21	17418.26
202.28	17656.46
202.36	18002.16
202.43	18385.50
202.51	18738.28
202.58	19028.24
202.65	19250.59
202.73	19455.88
202.80	19651.22
202.87	19830.06
202.95	20011.62
203.02	20157.42
203.10	20227.90
203.17	20223.38
203.24	20109.40
203.32	19813.89
203.39	19376.30
203.46	18925.33
203.54	18564.34
203.61	18386.19
203.69	18437.61
203.76	18706.70
203.83	19071.53
203.91	19421.76
203.98	19732.53
204.05	19988.58
204.13	20216.39
204.20	20403.59
204.28	20563.01
204.35	20667.48
204.42	20748.31
204.50	20809.44
204.57	20850.95
204.64	20887.02
204.72	20889.28
204.79	20805.09
204.86	20611.91
204.94	20388.07
205.01	20144.38
205.09	19907.83
205.16	19744.12
205.23	19731.90
205.31	19852.54
205.38	20096.69
205.45	20447.72
205.53	20891.95
205.60	21348.89
205.67	21771.07
205.75	22126.17
205.82	22415.76
205.89	22654.51
205.97	22854.68
206.04	23039.22
206.12	23209.38
206.19	23375.30
206.26	23491.90
206.34	23544.18
206.41	23478.55
206.48	23261.76
206.56	22858.03
206.63	22339.57
206.70	21813.06
206.78	21447.01
206.85	21320.36
206.92	21486.36
207.00	21867.71
207.07	22372.06
207.14	22858.36
207.22	23293.82
207.29	23657.50
207.36	23972.28
207.44	24259.38
207.51	24502.67
207.58	24718.56
207.66	24904.16
207.73	25069.68
207.80	25178.42
207.88	25226.19
207.95	25178.21
208.02	25038.08
208.10	24739.51
208.17	24283.99
208.25	23793.76
208.32	23370.28
208.39	23054.78
208.47	22936.26
208.54	23028.40
208.61	23268.26
208.69	23567.78
208.76	23909.06
208.83	24295.21
208.90	24702.78
208.98	25106.40
209.05	25478.30
209.12	25817.73
209.20	26115.40
209.27	26375.87
209.34	26605.81
209.42	26826.83
209.49	27012.34
209.56	27127.53
209.64	27198.05
209.71	27151.97
209.78	26971.23
209.86	26659.98
209.93	26303.97
210.00	25902.81
210.08	25555.20
210.15	25355.22
210.22	25369.19
210.30	25548.54
210.37	25862.77
210.44	26259.19
210.52	26679.06
210.59	27056.90
210.66	27349.21
210.74	27622.42
210.81	27866.88
210.88	28108.53
210.96	28320.38
211.03	28555.22
211.10	28757.16
211.17	28948.81
211.25	29064.10
211.32	29123.20
211.39	29090.60
211.47	28941.64
211.54	28616.46
211.61	28172.83
211.69	27739.35
211.76	27430.36
211.83	27294.28
211.91	27392.22
211.98	27673.38
212.05	28029.36
212.12	28337.06
212.20	28603.94
212.27	28842.16
212.34	29041.15
212.42	29209.18
212.49	29380.51
212.56	29553.82
212.64	29731.16
212.71	29943.84
212.78	30166.23
212.85	30376.46
212.93	30539.65
213.00	30654.12
213.07	30699.87
213.15	30635.22
213.22	30468.42
213.29	30256.30
213.37	30033.30
213.44	29830.77
213.51	29726.70
213.58	29767.35
213.66	29913.56
213.73	30131.24
213.80	30400.90
213.88	30687.25
213.95	30912.52
214.02	31092.68
214.09	31249.86
214.17	31400.35
214.24	31567.62
214.31	31770.14
214.39	31985.46
214.46	32188.73
214.53	32364.94
214.60	32497.36
214.68	32605.00
214.75	32678.44
214.82	32713.27
214.90	32672.93
214.97	32542.19
215.04	32270.48
215.11	31981.07
215.19	31737.09
215.26	31634.15
215.33	31678.12
215.41	31920.86
215.48	32245.01
215.55	32565.30
215.62	32814.60
215.70	33028.46
215.77	33208.69
215.84	33376.41
215.91	33531.80
215.99	33693.93
216.06	33852.38
216.13	33985.41
216.21	34084.86
216.28	34182.80
216.35	34279.52
216.42	34356.44
216.50	34409.80
216.57	34447.29
216.64	34407.31
216.71	34270.66
216.79	34088.05
216.86	33913.81
216.93	33783.91
217.01	33766.50
217.08	33874.02
217.15	34051.68
217.22	34269.23
217.30	34487.98
217.37	34700.82
217.44	34893.84
217.51	35089.76
217.59	35278.27
217.66	35448.71
217.73	35595.28
217.80	35732.00
217.88	35848.58
217.95	35955.15
218.02	36049.37
218.09	36134.79
218.17	36239.76
218.24	36328.46
218.31	36411.58
218.38	36465.63
218.46	36466.79
218.53	36364.32
218.60	36197.21
218.67	36007.23
218.75	35862.46
218.82	35803.26
218.89	35872.46
218.96	36045.52
219.04	36273.80
219.11	36508.66
219.18	36725.48
219.25	36897.68
219.33	37064.44
219.40	37215.64
219.47	37362.24
219.54	37495.99
219.62	37633.38
219.69	37754.98
219.76	37889.70
219.83	38016.61
219.91	38133.71
219.98	38243.12
220.05	38330.79
220.12	38373.23
220.20	38387.37
220.27	38368.86
220.34	38279.26
220.41	38147.98
220.49	38016.18
220.56	37922.88
220.63	37903.64
220.70	37978.04
220.78	38140.10
220.85	38323.32
220.92	38491.80
220.99	38623.58
221.06	38739.08
221.14	38853.57
221.21	38964.18
221.28	39084.98
221.35	39216.69
221.43	39359.10
221.50	39477.28
221.57	39592.35
221.64	39713.50
221.72	39819.02
221.79	39918.59
221.86	40000.08
221.93	40073.40
222.00	40128.71
222.08	40176.65
222.15	40166.93
222.22	40152.06
222.29	40131.18
222.37	40116.20
222.44	40118.38
222.51	40162.57
222.58	40227.84
222.65	40313.25
222.73	40405.36
222.80	40497.11
222.87	40606.68
222.94	40712.12
223.02	40810.77
223.09	40912.29
223.16	41015.45
223.23	41119.28
223.30	41243.46
223.38	41376.06
223.45	41483.86
223.52	41596.11
223.59	41706.01
223.66	41781.52
223.74	41835.02
223.81	41881.87
223.88	41909.38
223.95	41927.22
224.03	41940.25
224.10	41959.91
224.17	41992.32
224.24	42023.56
224.31	42061.67
224.39	42137.42
224.46	42219.48
224.53	42295.30
224.60	42387.67
224.67	42482.72
224.75	42560.52
224.82	42648.60
224.89	42761.99
224.96	42885.42
225.03	42999.85
225.11	43103.05
225.18	43209.10
225.25	43308.75
225.32	43378.14
225.39	43451.13
225.47	43532.98
225.54	43590.76
225.61	43613.02
225.68	43631.06
225.75	43644.18
225.83	43668.41
225.90	43723.78
225.97	43809.77
226.04	43916.81
226.11	44031.93
226.19	44138.55
226.26	44231.72
226.33	44330.18
226.40	44420.29
226.47	44512.22
226.54	44609.86
226.62	44705.76
226.69	44790.43
226.76	44880.57
226.83	44963.90
226.90	45050.36
226.98	45116.01
227.05	45170.78
227.12	45227.60
227.19	45263.00
227.26	45309.03
227.34	45374.98
227.41	45452.85
227.48	45523.27
227.55	45600.88
227.62	45660.36
227.69	45716.82
227.77	45786.86
227.84	45859.89
227.91	45937.30
227.98	46016.62
228.05	46079.96
228.12	46139.10
228.20	46212.66
228.27	46294.96
228.34	46377.36
228.41	46486.82
228.48	46594.65
228.56	46697.42
228.63	46799.14
228.70	46896.44
228.77	46985.28
228.84	47068.89
228.91	47161.21
228.99	47257.91
229.06	47370.66
229.13	47473.26
229.20	47574.86
229.27	47655.99
229.34	47727.15
229.42	47782.44
229.49	47839.24
229.56	47904.10
229.63	47969.54
229.70	48025.66
229.77	48086.24
229.85	48147.62
229.92	48190.08
229.99	48244.88
230.06	48319.62
230.13	48407.08
230.20	48507.97
230.27	48630.26
230.35	48742.22
230.42	48849.14
230.49	48953.28
230.56	49054.53
230.63	49147.99
230.70	49220.82
230.78	49284.48
230.85	49342.86
230.92	49396.34
230.99	49458.24
231.06	49558.30
231.13	49679.29
231.20	49799.90
231.28	49910.56
231.35	50027.30
231.42	50123.09
231.49	50200.24
231.56	50277.28
231.63	50364.98
231.71	50428.30
231.78	50493.32
231.85	50561.82
231.92	50629.66
231.99	50687.58
232.06	50764.94
232.13	50856.44
232.21	50956.57
232.28	51049.68
232.35	51146.17
232.42	51235.20
232.49	51313.47
232.56	51408.44
232.63	51507.64
232.71	51610.84
232.78	51707.62
232.85	51810.02
232.92	51890.25
232.99	51966.31
233.06	52029.66
233.13	52093.72
233.20	52140.32
233.28	52178.62
233.35	52215.08
233.42	52286.13
233.49	52361.57
233.56	52451.12
233.63	52553.40
233.70	52667.75
233.78	52768.76
233.85	52875.66
233.92	52970.94
233.99	53055.84
234.06	53135.16
234.13	53221.20
234.20	53292.27
234.27	53369.76
234.35	53434.26
234.42	53499.46
234.49	53553.90
234.56	53604.94
234.63	53647.84
234.70	53706.94
234.77	53755.31
234.84	53796.22
234.92	53861.13
234.99	53942.00
235.06	54022.45
235.13	54107.73
235.20	54210.22
235.27	54281.72
235.34	54361.14
235.41	54442.68
235.48	54525.20
235.56	54593.71
235.63	54668.35
235.70	54719.90
235.77	54769.30
235.84	54803.30
235.91	54831.30
235.98	54863.54
236.05	54894.12
236.12	54931.32
236.20	54968.56
236.27	55019.14
236.34	55069.24
236.41	55116.00
236.48	55157.92
236.55	55204.62
236.62	55249.16
236.69	55298.63
236.76	55376.54
236.84	55443.44
236.91	55520.48
236.98	55590.60
237.05	55658.19
237.12	55705.66
237.19	55753.10
237.26	55803.83
237.33	55852.25
237.40	55890.98
237.47	55929.56
237.55	55976.19
237.62	56032.90
237.69	56109.97
237.76	56187.04
237.83	56262.97
237.90	56330.72
237.97	56383.13
238.04	56414.94
238.11	56452.84
238.18	56509.63
238.26	56553.27
238.33	56587.97
238.40	56623.54
238.47	56656.17
238.54	56665.21
238.61	56691.54
238.68	56709.00
238.75	56727.51
238.82	56760.46
238.89	56807.68
238.96	56850.57
239.04	56910.94
239.11	56976.28
239.18	57020.61
239.25	57029.82
239.32	57045.90
239.39	57053.56
239.46	57040.02
239.53	57025.99
239.60	57039.27
239.67	57058.22
239.74	57083.51
239.81	57120.40
239.89	57167.20
239.96	57205.66
240.03	57233.41
240.10	57253.96
240.17	57274.84
240.24	57291.20
240.31	57323.11
240.38	57355.77
240.45	57418.35
240.52	57488.51
240.59	57557.54
240.66	57618.97
240.73	57678.79
240.80	57704.18
240.88	57712.06
240.95	57723.86
241.02	57737.52
241.09	57754.59
241.16	57770.48
241.23	57793.72
241.30	57801.49
241.37	57778.94
241.44	57767.07
241.51	57770.35
241.58	57787.79
241.65	57815.50
241.72	57865.72
241.79	57898.02
241.86	57915.98
241.94	57914.42
242.01	57905.85
242.08	57895.24
242.15	57889.66
242.22	57887.22
242.29	57886.35
242.36	57906.38
242.43	57904.80
242.50	57901.96
242.57	57892.05
242.64	57895.34
242.71	57877.04
242.78	57888.23
242.85	57890.24
242.92	57901.12
242.99	57909.79
243.06	57916.74
243.14	57915.47
243.21	57937.10
243.28	57949.72
243.35	57966.51
243.42	57999.14
243.49	58036.18
243.56	58051.33
243.63	58088.69
243.70	58100.02
243.77	58098.01
243.84	58081.65
243.91	58073.29
243.98	58041.32
244.05	58008.76
244.12	57984.70
244.19	57976.25
244.26	57962.28
244.33	57952.46
244.40	57946.46
244.47	57939.82
244.54	57921.66
244.62	57880.31
244.69	57852.44
244.76	57840.64
244.83	57839.38
244.90	57840.98
244.97	57868.24
245.04	57890.47
245.11	57894.85
245.18	57882.09
245.25	57884.39
245.32	57901.55
245.39	57913.92
245.46	57933.92
245.53	57942.54
245.60	57934.89
245.67	57918.45
245.74	57910.09
245.81	57891.17
245.88	57882.09
245.95	57871.19
246.02	57845.56
246.09	57794.88
246.16	57753.51
246.23	57713.74
246.30	57681.54
246.37	57667.42
246.44	57695.36
246.51	57722.15
246.58	57754.69
246.65	57784.59
246.72	57809.08
246.79	57798.05
246.87	57789.36
246.94	57773.62
247.01	57751.07
247.08	57702.51
247.15	57656.62
247.22	57590.15
247.29	57525.66
247.36	57479.67
247.43	57447.63
247.50	57429.55
247.57	57438.82
247.64	57460.69
247.71	57469.55
247.78	57500.39
247.85	57526.85
247.92	57548.79
247.99	57557.04
248.06	57560.81
248.13	57531.60
248.20	57499.70
248.27	57462.24
248.34	57432.33
248.41	57413.80
248.48	57421.56
248.55	57428.76
248.62	57442.72
248.69	57459.70
248.76	57445.37
248.83	57419.52
248.90	57387.01
248.97	57351.24
249.04	57290.49
249.11	57256.63
249.18	57223.43
249.25	57188.49
249.32	57150.03
249.39	57115.10
249.46	57072.25
249.53	57031.24
249.60	56996.45
249.67	56962.67
249.74	56947.34
249.81	56949.05
249.88	56956.06
249.95	56977.41
250.02	57009.44
250.09	57020.95
250.16	57023.96
250.23	57019.66
250.30	57009.28
250.37	57003.85
250.44	57013.89
250.51	57011.84
250.58	57017.68
250.65	57021.94
250.72	56983.30
250.79	56941.56
250.86	56904.23
250.93	56842.46
251.00	56786.17
251.07	56770.81
251.14	56757.28
251.21	56748.14
251.28	56741.96
251.35	56727.04
251.42	56703.03
251.49	56675.57
251.56	56643.44
251.63	56621.93
251.70	56607.24
251.77	56580.48
251.84	56547.82
251.91	56503.36
251.98	56458.88
252.05	56402.71
252.12	56352.70
252.18	56313.60
252.25	56295.10
252.32	56308.86
252.39	56316.72
252.46	56308.66
252.53	56300.83
252.60	56281.73
252.67	56233.81
252.74	56196.72
252.81	56176.11
252.88	56143.36
252.95	56112.35
253.02	56085.91
253.09	56055.54
253.16	56041.87
253.23	56032.26
253.30	56037.18
253.37	56035.44
253.44	56032.67
253.51	55990.10
253.58	55959.56
253.65	55936.96
253.72	55926.96
253.79	55903.77
253.86	55908.06
253.93	55903.25
254.00	55876.55
254.07	55843.88
254.14	55815.02
254.21	55772.52
254.28	55744.75
254.35	55721.77
254.41	55690.56
254.48	55671.23
254.55	55661.14
254.62	55634.50
254.69	55590.36
254.76	55545.72
254.83	55492.81
254.90	55448.38
254.97	55421.90
255.04	55424.43
255.11	55409.04
255.18	55376.07
255.25	55332.28
255.32	55281.86
255.39	55222.66
255.46	55199.20
255.53	55192.75
255.60	55187.72
255.67	55181.42
255.74	55173.29
255.81	55152.74
255.87	55148.26
255.94	55124.90
256.01	55108.22
256.08	55089.61
256.15	55069.59
256.22	55027.67
256.29	55001.70
256.36	54955.90
256.43	54924.44
256.50	54903.04
256.57	54897.99
256.64	54881.22
256.71	54876.18
256.78	54848.34
256.85	54822.11
256.92	54792.85
256.99	54786.38
257.05	54767.90
257.12	54756.66
257.19	54726.28
257.26	54682.25
257.33	54627.46
257.40	54583.20
257.47	54520.72
257.54	54476.86
257.61	54451.12
257.68	54433.70
257.75	54409.82
257.82	54415.57
257.89	54400.11
257.96	54376.92
258.03	54327.96
258.09	54282.00
258.16	54219.02
258.23	54159.76
258.30	54106.31
258.37	54068.25
258.44	54030.62
258.51	54012.34
258.58	54008.90
258.65	53992.58
258.72	53989.01
258.79	53963.74
258.86	53927.04
258.93	53890.60
258.99	53850.84
259.06	53802.16
259.13	53766.18
259.20	53727.31
259.27	53680.84
259.34	53653.78
259.41	53635.71
259.48	53635.90
259.55	53630.08
259.62	53615.47
259.69	53583.40
259.76	53532.86
259.82	53475.98
259.89	53438.99
259.96	53411.94
260.03	53377.90
260.10	53346.45
260.17	53304.45
260.24	53236.75
260.31	53170.33
260.38	53129.51
260.45	53113.30
260.52	53093.74
260.59	53074.34
260.65	53057.72
260.72	53036.38
260.79	52997.52
260.86	52966.76
260.93	52934.98
261.00	52889.60
261.07	52840.89
261.14	52783.82
261.21	52723.92
261.28	52681.10
261.34	52628.40
261.41	52560.28
261.48	52506.83
261.55	52465.24
261.62	52412.52
261.69	52378.22
261.76	52359.99
261.83	52343.46
261.90	52315.31
261.97	52284.32
262.03	52255.84
262.10	52220.08
262.17	52176.07
262.24	52149.90
262.31	52127.74
262.38	52097.64
262.45	52068.39
262.52	52038.50
262.59	51989.56
262.65	51942.94
262.72	51890.25
262.79	51849.14
262.86	51816.97
262.93	51778.00
263.00	51739.54
263.07	51707.50
263.14	51663.43
263.21	51617.50
263.27	51580.00
263.34	51554.78
263.41	51515.74
263.48	51472.46
263.55	51419.16
263.62	51357.12
263.69	51281.79
263.76	51227.07
263.82	51179.19
263.89	51142.01
263.96	51118.02
264.03	51098.26
264.10	51078.86
264.17	51041.86
264.24	50986.95
264.31	50937.97
264.38	50885.98
264.44	50818.26
264.51	50764.71
264.58	50732.18
264.65	50688.72
264.72	50639.12
264.79	50589.99
264.86	50551.94
264.92	50503.51
264.99	50462.84
265.06	50438.84
265.13	50415.72
265.20	50394.60
265.27	50361.94
265.34	50329.70
265.41	50297.93
265.47	50269.05
265.54	50220.52
265.61	50189.61
265.68	50162.75
265.75	50109.92
265.82	50054.76
265.89	50007.73
265.95	49960.00
266.02	49894.16
266.09	49852.21
266.16	49814.06
266.23	49782.34
266.30	49740.34
266.37	49690.68
266.44	49621.19
266.50	49558.34
266.57	49493.00
266.64	49426.65
266.71	49373.56
266.78	49322.68
266.85	49255.22
266.91	49204.54
266.98	49148.54
267.05	49090.40
267.12	49053.09
267.19	49033.77
267.26	48996.99
267.33	48971.06
267.39	48945.90
267.46	48921.36
267.53	48884.93
267.60	48846.20
267.67	48806.62
267.74	48778.26
267.81	48730.94
267.87	48685.95
267.94	48645.84
268.01	48606.04
268.08	48554.62
268.15	48508.60
268.22	48470.76
268.28	48415.73
268.35	48352.93
268.42	48308.24
268.49	48267.57
268.56	48213.96
268.63	48171.88
268.69	48147.73
268.76	48094.56
268.83	48046.78
268.90	48016.62
268.97	47994.49
269.04	47973.40
269.11	47962.76
269.17	47936.06
269.24	47901.45
269.31	47878.24
269.38	47831.40
269.45	47782.96
269.52	47735.36
269.58	47695.14
269.65	47633.62
269.72	47582.13
269.79	47538.09
269.86	47516.34
269.92	47481.79
269.99	47446.14
270.06	47406.27
270.13	47366.85
270.20	47309.93
270.27	47269.24
270.33	47243.49
270.40	47212.89
270.47	47181.32
270.54	47166.64
270.61	47144.46
270.68	47125.86
270.74	47106.77
270.81	47090.41
270.88	47062.48
270.95	47024.33
271.02	46967.15
271.08	46930.57
271.15	46875.00
271.22	46816.26
271.29	46774.93
271.36	46720.86
271.43	46669.62
271.49	46641.12
271.56	46623.30
271.63	46602.39
271.70	46597.04
271.77	46590.39
271.83	46562.68
271.90	46513.65
271.97	46467.47
272.04	46418.51
272.11	46380.30
272.17	46357.26
272.24	46345.64
272.31	46316.84
272.38	46304.71
272.45	46269.30
272.52	46232.95
272.58	46209.42
272.65	46204.42
272.72	46176.80
272.79	46140.43
272.86	46098.90
272.92	46058.96
272.99	46008.99
273.06	45968.54
273.13	45935.57
273.20	45910.04
273.26	45867.63
273.33	45823.38
273.40	45788.66
273.47	45771.64
273.54	45759.04
273.60	45746.32
273.67	45728.33
273.74	45712.80
273.81	45686.50
273.88	45663.68
273.94	45646.03
274.01	45641.83
274.08	45625.93
274.15	45606.44
274.21	45575.21
274.28	45526.56
274.35	45471.32
274.42	45412.29
274.49	45353.67
274.55	45308.46
274.62	45278.10
274.69	45241.60
274.76	45211.48
274.83	45192.75
274.89	45162.24
274.96	45135.00
275.03	45111.50
275.10	45088.71
275.17	45054.44
275.23	45010.32
275.30	44966.86
275.37	44945.02
275.44	44916.07
275.50	44879.40
275.57	44855.41
275.64	44819.74
275.71	44761.04
275.78	44712.12
275.84	44677.49
275.91	44643.46
275.98	44618.25
276.05	44593.05
276.11	44565.67
276.18	44535.20
276.25	44489.00
276.32	44444.23
276.39	44397.82
276.45	44345.76
276.52	44287.90
276.59	44249.18
276.66	44214.75
276.72	44185.87
276.79	44173.09
276.86	44161.54
276.93	44134.94
276.99	44106.10
277.06	44080.15
277.13	44044.99
277.20	44013.44
277.26	43990.04
277.33	43967.40
277.40	43948.18
277.47	43911.74
277.54	43874.04
277.60	43838.12
277.67	43795.49
277.74	43732.23
277.81	43685.26
277.87	43640.06
277.94	43585.46
278.01	43551.52
278.08	43517.84
278.14	43488.30
278.21	43457.90
278.28	43450.54
278.35	43436.81
278.41	43434.54
278.48	43424.30
278.55	43398.63
278.62	43367.61
278.68	43334.66
278.75	43287.74
278.82	43244.50
278.89	43214.45
278.95	43167.54
279.02	43104.16
279.09	43076.60
279.16	43056.44
279.22	43034.76
279.29	43015.42
279.36	43004.87
279.43	42960.56
279.49	42901.47
279.56	42833.49
279.63	42756.74
279.70	42682.34
279.76	42631.78
279.83	42589.32
279.90	42575.19
279.97	42553.80
280.03	42538.03
280.10	42503.91
280.17	42482.87
280.24	42440.56
280.30	42422.96
280.37	42382.77
280.44	42358.84
280.51	42315.22
280.57	42287.30
280.64	42241.41
280.71	42205.74
280.77	42152.56
280.84	42084.57
280.91	41996.10
280.98	41915.14
281.04	41830.33
281.11	41748.96
281.18	41681.63
281.25	41607.80
281.31	41541.18
281.38	41475.14
281.45	41412.60
281.52	41355.26
281.58	41309.80
281.65	41259.90
281.72	41216.62
281.78	41186.04
281.85	41147.68
281.92	41125.85
281.99	41104.40
282.05	41081.29
282.12	41045.84
282.19	41022.30
282.26	40998.34
282.32	40970.64
282.39	40955.60
282.46	40934.42
282.52	40903.51
282.59	40863.02
282.66	40842.87
282.73	40804.26
282.79	40770.00
282.86	40731.24
282.93	40678.24
282.99	40610.86
283.06	40543.57
283.13	40464.33
283.20	40381.90
283.26	40304.56
283.33	40217.16
283.40	40145.22
283.46	40105.82
283.53	40071.14
283.60	40049.28
283.67	40040.14
283.73	40038.06
283.80	40010.63
283.87	40001.64
283.93	40000.32
284.00	39990.53
284.07	39967.55
284.13	39948.99
284.20	39926.34
284.27	39885.22
284.34	39849.38
284.40	39821.04
284.47	39803.48
284.54	39784.39
284.60	39772.10
284.67	39744.88
284.74	39716.27
284.81	39685.17
284.87	39654.74
284.94	39603.62
285.01	39563.87
285.07	39511.39
285.14	39461.70
285.21	39409.75
285.27	39378.04
285.34	39349.69
285.41	39336.33
285.47	39319.51
285.54	39299.06
285.61	39275.72
285.68	39263.76
285.74	39243.50
285.81	39221.61
285.88	39201.96
285.94	39192.67
286.01	39176.81
286.08	39171.17
286.14	39156.49
286.21	39146.42
286.28	39131.88
286.34	39106.52
286.41	39057.53
286.48	39004.82
286.55	38956.54
286.61	38899.22
286.68	38844.54
286.75	38796.79
286.81	38761.13
286.88	38713.15
286.95	38664.64
287.01	38646.80
287.08	38637.40
287.15	38627.45
287.21	38625.50
287.28	38629.80
287.35	38607.24
287.41	38583.78
287.48	38569.49
287.55	38551.58
287.61	38533.35
287.68	38510.58
287.75	38488.75
287.81	38454.06
287.88	38424.80
287.95	38415.07
288.01	38394.46
288.08	38379.99
288.15	38353.43
288.21	38322.22
288.28	38276.18
288.35	38248.42
288.41	38216.24
288.48	38192.05
288.55	38159.83
288.61	38128.09
288.68	38089.40
288.75	38051.31
288.81	38015.60
288.88	37988.60
288.95	37974.21
289.01	37971.41
289.08	37966.65
289.15	37969.56
289.21	37983.07
289.28	37980.84
289.35	37979.28
289.41	37973.02
289.48	37965.98
289.55	37950.10
289.61	37934.60
289.68	37922.73
289.75	37908.00
289.81	37883.58
289.88	37851.40
289.95	37820.98
290.01	37773.71
290.08	37733.33
290.15	37703.28
290.21	37675.87
290.28	37650.99
290.35	37639.23
290.41	37623.51
290.48	37605.08
290.55	37573.56
290.61	37537.31
290.68	37502.82
290.74	37484.06
290.81	37470.50
290.88	37473.94
290.94	37480.48
291.01	37484.56
291.08	37480.58
291.14	37488.96
291.21	37483.81
291.28	37486.82
291.34	37493.30
291.41	37490.33
291.48	37470.58
291.54	37473.16
291.61	37459.24
291.68	37432.36
291.74	37398.75
291.81	37370.88
291.87	37351.73
291.94	37309.97
292.01	37279.51
292.07	37258.70
292.14	37226.06
292.21	37167.61
292.27	37132.51
292.34	37098.70
292.41	37070.36
292.47	37044.98
292.54	37030.63
292.60	37031.91
292.67	37035.20
292.74	37034.95
292.80	37044.54
292.87	37056.40
292.94	37064.18
293.00	37065.48
293.07	37067.70
293.13	37072.64
293.20	37073.20
293.27	37077.74
293.33	37067.59
293.40	37074.52
293.47	37055.90
293.53	37040.08
293.60	37008.90
293.66	36983.28
293.73	36929.75
293.80	36889.83
293.86	36847.22
293.93	36806.47
294.00	36763.56
294.06	36741.33
294.13	36722.39
294.19	36702.58
294.26	36684.60
294.33	36690.80
294.39	36684.59
294.46	36680.20
294.52	36672.51
294.59	36668.20
294.66	36666.59
294.72	36660.50
294.79	36662.46
294.86	36677.28
294.92	36698.08
294.99	36706.37
295.05	36734.20
295.12	36748.70
295.19	36761.28
295.25	36764.04
295.32	36763.64
295.38	36751.05
295.45	36750.81
295.52	36735.81
295.58	36706.58
295.65	36683.45
295.71	36652.98
295.78	36597.68
295.85	36541.24
295.91	36497.60
295.98	36436.28
296.04	36377.24
296.11	36339.09
296.18	36325.49
296.24	36317.76
296.31	36322.61
296.37	36337.90
296.44	36369.37
296.51	36390.07
296.57	36419.76
296.64	36453.16
296.70	36491.43
296.77	36506.78
296.84	36511.78
296.90	36518.91
296.97	36518.26
297.03	36507.24
297.10	36502.58
297.17	36516.21
297.23	36525.61
297.30	36533.11
297.36	36538.34
297.43	36538.26
297.50	36524.77
297.56	36487.12
297.63	36447.40
297.69	36405.94
297.76	36346.84
297.82	36285.91
297.89	36234.92
297.96	36188.77
298.02	36152.46
298.09	36131.76
298.15	36110.27
298.22	36110.14
298.29	36106.53
298.35	36097.34
298.42	36106.74
298.48	36115.19
298.55	36122.84
298.61	36141.55
298.68	36160.05
298.75	36168.63
298.81	36189.98
298.88	36203.44
298.94	36215.88
299.01	36232.38
299.08	36236.95
299.14	36249.36
299.21	36243.29
299.27	36240.31
299.34	36237.94
299.40	36250.02
299.47	36236.49
299.54	36231.31
299.60	36225.12
299.67	36204.36
299.73	36159.87
299.80	36098.80
299.86	36025.58
299.93	35938.68
299.99	35857.80
300.06	35795.93
300.13	35758.86
300.19	35743.58
300.26	35742.49
300.32	35754.16
300.39	35768.28
300.45	35795.06
300.52	35824.47
300.59	35852.64
300.65	35876.60
300.72	35909.43
300.78	35926.39
300.85	35941.54
300.91	35944.30
300.98	35944.57
301.04	35919.56
301.11	35907.02
301.18	35900.42
301.24	35893.33
301.31	35876.48
301.37	35871.33
301.44	35857.43
301.50	35838.90
301.57	35817.73
301.63	35812.82
301.70	35789.43
301.77	35753.32
301.83	35691.44
301.90	35633.88
301.96	35540.91
302.03	35454.06
302.09	35388.65
302.16	35343.20
302.22	35310.47
302.29	35297.46
302.36	35302.42
302.42	35295.10
302.49	35296.15
302.55	35287.70
302.62	35290.66
302.68	35284.32
302.75	35291.30
302.81	35293.76
302.88	35290.73
302.94	35274.66
303.01	35272.34
303.07	35259.35
303.14	35248.75
303.21	35240.72
303.27	35243.15
303.34	35232.06
303.40	35213.68
303.47	35180.60
303.53	35144.58
303.60	35109.38
303.66	35071.32
303.73	35040.71
303.79	35006.56
303.86	34973.04
303.92	34925.13
303.99	34873.66
304.05	34796.62
304.12	34717.56
304.19	34646.73
304.25	34581.88
304.32	34523.04
304.38	34496.57
304.45	34472.98
304.51	34451.79
304.58	34441.64
304.64	34429.10
304.71	34418.72
304.77	34402.50
304.84	34383.78
304.90	34363.88
304.97	34346.68
305.03	34313.78
305.10	34293.42
305.16	34274.31
305.23	34253.10
305.29	34229.06
305.36	34197.44
305.42	34165.88
305.49	34132.99
305.56	34093.48
305.62	34051.00
305.69	34014.68
305.75	33974.42
305.82	33899.66
305.88	33783.77
305.95	33658.26
306.01	33518.33
306.08	33371.91
306.14	33263.59
306.21	33188.68
306.27	33121.05
306.34	33083.79
306.40	33057.02
306.47	33033.40
306.53	33040.96
306.60	33060.21
306.66	33078.24
306.73	33090.78
306.79	33090.25
306.86	33064.70
306.92	33030.72
306.99	32994.08
307.05	32956.38
307.12	32921.50
307.18	32887.06
307.25	32851.46
307.31	32807.34
307.38	32769.46
307.44	32734.57
307.51	32691.71
307.57	32642.74
307.64	32602.26
307.70	32551.28
307.77	32503.04
307.83	32452.25
307.90	32413.86
307.96	32372.74
308.03	32314.68
308.09	32253.16
308.16	32194.80
308.22	32125.64
308.29	32049.85
308.35	31996.80
308.42	31940.26
308.48	31870.12
308.55	31803.87
308.61	31743.24
308.68	31685.66
308.74	31613.40
308.81	31573.57
308.87	31543.76
308.94	31516.08
309.00	31482.81
309.07	31456.44
309.13	31417.80
309.20	31372.51
309.26	31316.28
309.33	31257.53
309.39	31207.02
309.45	31159.74
309.52	31101.71
309.58	31056.19
309.65	31000.20
309.71	30942.52
309.78	30888.96
309.84	30837.20
309.91	30780.49
309.97	30722.27
310.04	30680.08
310.10	30624.92
310.17	30578.01
310.23	30518.43
310.30	30471.58
310.36	30414.68
310.43	30356.16
310.49	30292.92
310.56	30231.93
310.62	30170.59
310.69	30096.11
310.75	30018.32
310.81	29953.11
310.88	29903.76
310.94	29852.17
311.01	29805.74
311.07	29774.65
311.14	29734.28
311.20	29681.69
311.27	29636.57
311.33	29603.36
311.40	29558.08
311.46	29514.52
311.53	29475.90
311.59	29437.00
311.66	29392.05
311.72	29343.78
311.78	29293.67
311.85	29242.85
311.91	29195.39
311.98	29147.14
312.04	29100.76
312.11	29064.94
312.17	29028.25
312.24	28978.37
312.30	28920.94
312.37	28861.92
312.43	28799.64
312.50	28744.98
312.56	28690.93
312.62	28628.36
312.69	28576.98
312.75	28511.16
312.82	28435.81
312.88	28365.90
312.95	28311.90
313.01	28250.34
313.08	28195.65
313.14	28145.18
313.20	28092.77
313.27	28037.88
313.33	27988.28
313.40	27948.65
313.46	27899.28
313.53	27855.60
313.59	27814.43
313.66	27776.57
313.72	27730.51
313.78	27687.46
313.85	27647.83
313.91	27606.11
313.98	27559.00
314.04	27512.82
314.11	27467.44
314.17	27423.36
314.24	27371.46
314.30	27320.56
314.36	27266.44
314.43	27219.07
314.49	27158.53
314.56	27104.57
314.62	27046.71
314.69	26983.44
314.75	26924.68
314.81	26867.97
314.88	26818.96
314.94	26773.00
315.01	26735.68
315.07	26685.68
315.14	26646.82
315.20	26598.12
315.27	26541.76
315.33	26497.90
315.39	26448.74
315.46	26396.03
315.52	26339.77
315.59	26296.87
315.65	26243.06
315.72	26198.73
315.78	26156.52
315.84	26123.10
315.91	26095.50
315.97	26064.49
316.04	26053.15
316.10	26026.88
316.16	25984.06
316.23	25902.31
316.29	25799.50
316.36	25654.72
316.42	25479.20
316.49	25283.22
316.55	25074.22
316.61	24865.00
316.68	24638.93
316.74	24419.28
316.81	24195.80
316.87	23984.11
316.93	23752.98
317.00	23543.34
317.06	23334.61
317.13	23119.29
317.19	22900.44
317.26	22693.30
317.32	22469.70
317.38	22247.28
317.45	22032.76
317.51	21829.75
317.58	21618.26
317.64	21407.67
317.70	21202.98
317.77	21002.98
317.83	20794.18
317.90	20584.74
317.96	20373.53
318.02	20166.90
318.09	19971.34
318.15	19760.33
318.22	19552.93
318.28	19352.03
318.34	19127.02
318.41	18889.61
318.47	18668.10
318.54	18460.52
318.60	18253.37
318.66	18057.80
318.73	17851.86
318.79	17658.62
318.86	17455.86
318.92	17252.00
318.98	17061.68
319.05	16875.93
319.11	16677.44
319.18	16484.47
319.24	16291.33
319.30	16085.80
319.37	15902.70
319.43	15720.24
319.50	15530.36
319.56	15341.40
319.62	15156.73
319.69	14959.93
319.75	14770.30
319.82	14589.18
319.88	14400.98
319.94	14212.41
320.01	14034.17
320.07	13841.14
320.13	13652.63
320.20	13463.80
320.26	13278.45
320.33	13086.11
320.39	12909.87
320.45	12721.50
320.52	12552.21
320.58	12380.08
320.65	12202.72
320.71	12021.74
320.77	11855.86
320.84	11673.17
320.90	11495.72
320.96	11320.76
321.03	11139.60
321.09	10943.50
321.16	10758.86
321.22	10567.90
321.28	10383.44
321.35	10210.43
321.41	10041.80
321.47	9870.80
321.54	9708.45
321.60	9534.62
321.67	9360.14
321.73	9189.74
321.79	9019.14
321.86	8845.20
321.92	8673.90
321.98	8488.54
322.05	8304.00
322.11	8111.90
322.18	7917.48
322.24	7728.74
322.30	7553.44
322.37	7381.16
322.43	7207.26
322.49	7044.63
322.56	6871.08
322.62	6700.47
322.68	6516.05
322.75	6350.26
322.81	6171.44
322.88	5998.58
322.94	5821.44
323.00	5655.04
323.07	5481.15
323.13	5312.46
323.19	5148.62
323.26	4989.86
323.32	4831.30
323.38	4670.00
323.45	4450.48
323.51	3810.50
323.57	2926.08
323.64	2002.90
323.70	1115.65
323.76	320.29
323.83	-21.66
323.89	-88.94
323.96	-89.97
