180.25	3511.47
180.33	-132.82
180.40	655.55
180.48	-32.78
180.56	10.32
180.63	46.09
180.71	86.86
180.78	86.13
180.86	88.15
180.93	93.95
181.01	95.78
181.08	94.73
181.16	93.67
181.23	95.17
181.31	94.80
181.39	118.19
181.46	127.86
181.54	138.28
181.61	155.02
181.69	163.38
181.76	156.26
181.84	150.36
181.91	153.40
181.99	154.41
182.06	155.29
182.14	161.70
182.22	168.12
182.29	179.03
182.37	183.11
182.44	197.00
182.52	195.76
182.59	214.07
182.67	222.56
182.74	230.05
182.82	233.83
182.89	243.54
182.97	242.66
183.04	251.96
183.12	261.60
183.20	283.48
183.27	297.48
183.35	330.64
183.42	358.56
183.50	404.04
183.57	433.15
183.65	484.72
183.72	532.24
183.80	591.34
183.87	639.66
183.95	689.06
184.02	741.63
184.10	776.72
184.17	797.46
184.25	798.46
184.32	792.38
184.40	761.81
184.47	712.46
184.55	670.38
184.62	670.26
184.70	703.84
184.78	764.85
184.85	885.84
184.93	1026.26
185.00	1162.43
185.08	1300.69
185.15	1435.59
185.23	1572.24
185.30	1699.00
185.38	1817.49
185.45	1930.34
185.53	2057.09
185.60	2170.66
185.68	2304.62
185.75	2409.88
185.83	2493.92
185.90	2540.84
185.98	2516.30
186.05	2422.26
186.13	2297.57
186.20	2128.18
186.28	1980.02
186.35	1927.83
186.43	1967.62
186.50	2110.03
186.58	2339.87
186.65	2589.56
186.73	2838.40
186.80	3066.81
186.88	3277.56
186.95	3497.07
187.03	3717.50
187.10	3923.26
187.18	4156.18
187.25	4369.84
187.33	4581.60
187.40	4814.27
187.48	5027.92
187.55	5210.91
187.63	5362.24
187.70	5432.40
187.78	5428.59
187.85	5372.58
187.93	5190.38
188.00	4906.50
188.08	4587.25
188.15	4308.72
188.23	4140.73
188.30	4142.58
188.38	4331.94
188.45	4658.19
188.53	5015.00
188.60	5349.44
188.68	5661.26
188.75	5940.66
188.83	6225.24
188.90	6480.62
188.98	6730.47
189.05	6988.94
189.13	7218.31
189.20	7415.90
189.28	7624.45
189.35	7801.82
189.43	7955.30
189.50	8103.03
189.58	8175.96
189.65	8172.94
189.73	8105.02
189.80	7930.06
189.87	7660.16
189.95	7339.19
190.02	6933.89
190.10	6503.98
190.17	6188.42
190.25	6057.23
190.32	6113.92
190.40	6365.09
190.47	6762.29
190.55	7196.48
190.62	7597.30
190.70	7949.04
190.77	8279.18
190.85	8598.49
190.92	8863.38
191.00	9100.28
191.07	9323.18
191.15	9500.65
191.22	9650.68
191.29	9780.04
191.37	9878.54
191.44	9969.12
191.52	10071.87
191.59	10154.16
191.67	10225.00
191.74	10273.37
191.82	10267.50
191.89	10233.66
191.97	10191.99
192.04	10124.24
192.12	10009.54
192.19	9831.24
192.27	9582.84
192.34	9345.76
192.41	9214.56
192.49	9219.00
192.56	9369.51
192.64	9641.68
192.71	9943.99
192.79	10189.06
192.86	10370.99
192.94	10475.80
193.01	10546.11
193.09	10605.90
193.16	10704.76
193.23	10832.09
193.31	10994.05
193.38	11189.20
193.46	11355.60
193.53	11482.06
193.61	11597.58
193.68	11699.81
193.76	11761.68
193.83	11831.78
193.91	11901.90
193.98	11959.74
194.05	12018.10
194.13	12062.44
194.20	12084.44
194.28	12077.76
194.35	12044.75
194.43	11968.99
194.50	11855.92
194.58	11716.86
194.65	11610.04
194.72	11594.56
194.80	11704.11
194.87	11928.48
194.95	12249.33
195.02	12582.31
195.10	12866.26
195.17	13105.10
195.25	13307.59
195.32	13470.28
195.39	13612.09
195.47	13726.63
195.54	13795.51
195.62	13809.30
195.69	13751.86
195.77	13614.03
195.84	13418.55
195.91	13204.06
195.99	13051.22
196.06	13010.89
196.14	13094.57
196.21	13275.71
196.29	13516.40
196.36	13765.72
196.43	13972.95
196.51	14131.99
196.58	14243.16
196.66	14311.64
196.73	14340.00
196.81	14336.64
196.88	14308.88
196.95	14259.56
197.03	14175.84
197.10	14036.04
197.18	13875.77
197.25	13702.74
197.33	13564.64
197.40	13480.08
197.47	13458.43
197.55	13522.33
197.62	13655.00
197.70	13845.36
197.77	14089.74
197.84	14384.07
197.92	14664.54
197.99	14954.09
198.07	15215.54
198.14	15437.47
198.22	15623.14
198.29	15783.07
198.36	15905.92
198.44	16009.36
198.51	16060.08
198.59	16043.84
198.66	15952.50
198.73	15795.90
198.81	15574.13
198.88	15327.70
198.96	15107.84
199.03	14997.10
199.10	15032.91
199.18	15185.67
199.25	15450.54
199.33	15791.32
199.40	16121.55
199.48	16367.34
199.55	16570.10
199.62	16724.80
199.70	16866.05
199.77	16994.90
199.85	17132.88
199.92	17234.18
199.99	17300.48
200.07	17278.17
200.14	17148.09
200.22	16877.99
200.29	16503.34
200.36	16115.42
200.44	15803.05
200.51	15626.38
200.59	15620.54
200.66	15755.30
200.73	15961.44
200.81	16187.80
200.88	16415.16
200.95	16665.34
201.03	16928.81
201.10	17210.16
201.18	17477.78
201.25	17718.72
201.32	17911.10
201.40	18078.70
201.47	18210.73
201.55	18298.40
201.62	18311.44
201.69	18217.16
201.77	18062.34
201.84	17875.28
201.92	17660.52
201.99	17443.10
202.06	17322.51
202.14	17322.24
202.21	17430.95
202.28	17665.60
202.36	18009.93
202.43	18393.30
202.51	18752.12
202.58	19039.60
202.65	19263.28
202.73	19474.72
202.80	19671.26
202.87	19845.72
202.95	20019.95
203.02	20172.99
203.10	20235.83
203.17	20232.90
203.24	20119.78
203.32	19838.83
203.39	19385.29
203.46	18928.65
203.54	18564.06
203.61	18386.19
203.69	18439.87
203.76	18713.32
203.83	19091.00
203.91	19449.34
203.98	19756.18
204.05	20014.06
204.13	20252.04
204.20	20439.01
204.28	20604.17
204.35	20723.30
204.42	20814.14
204.50	20878.70
204.57	20938.12
204.64	20969.10
204.72	20970.82
204.79	20880.24
204.86	20687.88
204.94	20455.68
205.01	20220.06
205.09	19974.16
205.16	19807.60
205.23	19782.47
205.31	19899.68
205.38	20127.40
205.45	20480.62
205.53	20918.82
205.60	21381.51
205.67	21793.30
205.75	22130.40
205.82	22415.48
205.89	22643.88
205.97	22837.75
206.04	23015.16
206.12	23201.82
206.19	23368.08
206.26	23483.02
206.34	23535.55
206.41	23471.86
206.48	23255.33
206.56	22858.26
206.63	22347.84
206.70	21834.28
206.78	21471.99
206.85	21343.42
206.92	21498.28
207.00	21883.52
207.07	22373.16
207.14	22856.72
207.22	23289.55
207.29	23655.44
207.36	23972.99
207.44	24257.60
207.51	24500.62
207.58	24718.62
207.66	24908.86
207.73	25068.21
207.80	25189.37
207.88	25249.22
207.95	25203.60
208.02	25066.44
208.10	24776.36
208.17	24325.70
208.25	23832.06
208.32	23414.78
208.39	23102.31
208.47	22986.09
208.54	23076.39
208.61	23325.22
208.69	23625.79
208.76	23969.90
208.83	24349.18
208.90	24750.55
208.98	25137.38
209.05	25510.55
209.12	25847.03
209.20	26128.83
209.27	26386.78
209.34	26610.73
209.42	26818.15
209.49	26992.26
209.56	27128.72
209.64	27194.23
209.71	27157.22
209.78	26981.80
209.86	26678.97
209.93	26315.28
210.00	25917.54
210.08	25560.46
210.15	25360.06
210.22	25366.91
210.30	25531.42
210.37	25837.50
210.44	26247.64
210.52	26662.58
210.59	27035.63
210.66	27351.45
210.74	27632.90
210.81	27873.84
210.88	28107.44
210.96	28324.18
211.03	28542.60
211.10	28741.91
211.17	28927.28
211.25	29050.58
211.32	29115.29
211.39	29093.04
211.47	28946.39
211.54	28624.08
211.61	28184.95
211.69	27754.17
211.76	27432.94
211.83	27303.68
211.91	27412.91
211.98	27696.50
212.05	28035.70
212.12	28358.99
212.20	28635.44
212.27	28867.18
212.34	29066.54
212.42	29251.57
212.49	29424.50
212.56	29592.32
212.64	29777.48
212.71	29987.74
212.78	30202.08
212.85	30400.34
212.93	30556.28
213.00	30651.08
213.07	30693.30
213.15	30624.25
213.22	30457.02
213.29	30249.20
213.37	30034.38
213.44	29839.72
213.51	29752.68
213.58	29794.04
213.66	29930.72
213.73	30141.57
213.80	30395.84
213.88	30660.79
213.95	30888.58
214.02	31064.65
214.09	31223.50
214.17	31377.41
214.24	31557.49
214.31	31750.26
214.39	31977.24
214.46	32187.01
214.53	32365.94
214.60	32495.96
214.68	32611.02
214.75	32681.47
214.82	32704.16
214.90	32666.73
214.97	32530.32
215.04	32262.50
215.11	31962.51
215.19	31726.96
215.26	31625.30
215.33	31673.44
215.41	31912.00
215.48	32241.02
215.55	32564.24
215.62	32803.76
215.70	33013.46
215.77	33189.10
215.84	33354.97
215.91	33506.72
215.99	33691.05
216.06	33860.18
216.13	33998.65
216.21	34097.36
216.28	34189.94
216.35	34268.02
216.42	34334.92
216.50	34383.24
216.57	34421.21
216.64	34377.05
216.71	34242.36
216.79	34057.85
216.86	33896.03
216.93	33772.86
217.01	33756.74
217.08	33856.22
217.15	34046.43
217.22	34256.50
217.30	34476.84
217.37	34693.51
217.44	34901.44
217.51	35090.48
217.59	35280.75
217.66	35449.98
217.73	35607.49
217.80	35727.75
217.88	35846.16
217.95	35947.14
218.02	36039.84
218.09	36120.93
218.17	36224.63
218.24	36315.39
218.31	36398.69
218.38	36449.57
218.46	36454.06
218.53	36358.62
218.60	36189.62
218.67	35999.17
218.75	35857.32
218.82	35794.47
218.89	35861.67
218.96	36039.49
219.04	36275.38
219.11	36515.54
219.18	36731.58
219.25	36917.83
219.33	37070.14
219.40	37208.34
219.47	37350.67
219.54	37484.18
219.62	37602.38
219.69	37728.64
219.76	37864.31
219.83	37983.72
219.91	38095.66
219.98	38206.29
220.05	38295.04
220.12	38345.62
220.20	38364.56
220.27	38353.54
220.34	38273.08
220.41	38136.58
220.49	38008.97
220.56	37922.16
220.63	37896.42
220.70	37986.60
220.78	38165.45
220.85	38349.72
220.92	38509.28
220.99	38652.39
221.06	38762.45
221.14	38862.70
221.21	38972.93
221.28	39095.66
221.35	39224.30
221.43	39354.81
221.50	39478.10
221.57	39582.14
221.64	39699.94
221.72	39804.72
221.79	39910.19
221.86	39990.48
221.93	40070.52
222.00	40126.26
222.08	40169.42
222.15	40149.66
222.22	40126.84
222.29	40112.46
222.37	40100.19
222.44	40102.60
222.51	40148.96
222.58	40219.96
222.65	40299.18
222.73	40378.97
222.80	40475.80
222.87	40588.04
222.94	40697.34
223.02	40805.16
223.09	40919.68
223.16	41013.13
223.23	41109.40
223.30	41231.07
223.38	41345.45
223.45	41462.05
223.52	41577.13
223.59	41688.38
223.66	41759.81
223.74	41821.10
223.81	41867.06
223.88	41899.55
223.95	41921.20
224.03	41931.78
224.10	41942.30
224.17	41969.47
224.24	41992.66
224.31	42033.16
224.39	42112.13
224.46	42195.72
224.53	42276.33
224.60	42371.42
224.67	42460.24
224.75	42538.66
224.82	42640.24
224.89	42746.97
224.96	42867.88
225.03	42978.54
225.11	43091.92
225.18	43191.03
225.25	43289.60
225.32	43365.98
225.39	43451.71
225.47	43525.49
225.54	43590.90
225.61	43612.30
225.68	43631.93
225.75	43641.13
225.83	43668.29
225.90	43716.04
225.97	43803.88
226.04	43914.16
226.11	44026.46
226.19	44127.06
226.26	44225.41
226.33	44315.51
226.40	44390.00
226.47	44479.09
226.54	44578.80
226.62	44665.44
226.69	44758.94
226.76	44859.56
226.83	44956.50
226.90	45030.87
226.98	45095.54
227.05	45153.10
227.12	45214.66
227.19	45256.41
227.26	45313.90
227.34	45396.66
227.41	45471.57
227.48	45533.96
227.55	45587.37
227.62	45645.12
227.69	45693.70
227.77	45750.65
227.84	45819.09
227.91	45909.65
227.98	45997.27
228.05	46066.18
228.12	46143.66
228.20	46230.38
228.27	46305.56
228.34	46383.97
228.41	46484.71
228.48	46580.70
228.56	46673.06
228.63	46775.62
228.70	46871.24
228.77	46955.41
228.84	47045.62
228.91	47139.36
228.99	47240.78
229.06	47345.82
229.13	47453.62
229.20	47556.49
229.27	47634.28
229.34	47708.66
229.42	47773.50
229.49	47838.49
229.56	47903.50
229.63	47972.72
229.70	48027.98
229.77	48084.00
229.85	48140.32
229.92	48185.12
229.99	48236.53
230.06	48292.80
230.13	48374.22
230.20	48460.36
230.27	48567.37
230.35	48681.82
230.42	48798.54
230.49	48910.28
230.56	49018.21
230.63	49114.33
230.70	49191.48
230.78	49268.36
230.85	49327.38
230.92	49382.78
230.99	49452.08
231.06	49549.96
231.13	49672.02
231.20	49795.51
231.28	49915.07
231.35	50021.32
231.42	50108.16
231.49	50187.02
231.56	50261.30
231.63	50340.54
231.71	50409.39
231.78	50480.46
231.85	50537.83
231.92	50602.32
231.99	50663.42
232.06	50744.44
232.13	50835.64
232.21	50939.18
232.28	51035.18
232.35	51124.52
232.42	51209.93
232.49	51296.85
232.56	51385.66
232.63	51480.38
232.71	51588.94
232.78	51693.58
232.85	51784.32
232.92	51872.34
232.99	51951.96
233.06	52022.39
233.13	52083.66
233.20	52138.67
233.28	52183.23
233.35	52230.03
233.42	52285.56
233.49	52351.66
233.56	52433.28
233.63	52517.50
233.70	52615.64
233.78	52707.63
233.85	52817.16
233.92	52910.18
233.99	53001.45
234.06	53095.85
234.13	53193.94
234.20	53270.59
234.27	53348.81
234.35	53422.36
234.42	53456.33
234.49	53508.93
234.56	53556.92
234.63	53607.03
234.70	53654.84
234.77	53721.95
234.84	53773.30
234.92	53834.76
234.99	53910.56
235.06	53989.37
235.13	54080.26
235.20	54176.57
235.27	54242.78
235.34	54321.76
235.41	54409.82
235.48	54496.50
235.56	54569.66
235.63	54659.33
235.70	54726.11
235.77	54775.02
235.84	54804.26
235.91	54820.72
235.98	54842.26
236.05	54861.58
236.12	54891.26
236.20	54920.97
236.27	54970.22
236.34	55025.97
236.41	55083.38
236.48	55137.37
236.55	55197.86
236.62	55246.48
236.69	55302.38
236.76	55374.94
236.84	55445.04
236.91	55512.22
236.98	55596.32
237.05	55650.77
237.12	55686.83
237.19	55723.47
237.26	55777.86
237.33	55813.04
237.40	55853.45
237.47	55892.54
237.55	55943.56
237.62	55997.74
237.69	56067.04
237.76	56149.90
237.83	56238.90
237.90	56305.30
237.97	56351.15
238.04	56395.48
238.11	56432.29
238.18	56474.39
238.26	56509.03
238.33	56547.94
238.40	56581.35
238.47	56612.04
238.54	56629.17
238.61	56652.12
238.68	56673.48
238.75	56681.14
238.82	56720.70
238.89	56764.48
238.96	56823.81
239.04	56884.20
239.11	56949.78
239.18	56986.68
239.25	57007.00
239.32	57026.06
239.39	57035.28
239.46	57038.19
239.53	57033.51
239.60	57030.30
239.67	57036.86
239.74	57055.76
239.81	57077.98
239.89	57113.54
239.96	57154.97
240.03	57195.98
240.10	57234.19
240.17	57273.27
240.24	57293.78
240.31	57323.54
240.38	57356.22
240.45	57407.70
240.52	57476.77
240.59	57553.73
240.66	57615.73
240.73	57664.84
240.80	57692.07
240.88	57700.86
240.95	57713.42
241.02	57736.38
241.09	57746.58
241.16	57763.03
241.23	57789.36
241.30	57787.24
241.37	57765.27
241.44	57760.48
241.51	57760.32
241.58	57759.83
241.65	57796.80
241.72	57851.36
241.79	57890.21
241.86	57896.26
241.94	57892.92
242.01	57873.68
242.08	57850.70
242.15	57842.18
242.22	57853.98
242.29	57862.71
242.36	57884.78
242.43	57887.30
242.50	57885.10
242.57	57884.71
242.64	57887.04
242.71	57875.12
242.78	57881.43
242.85	57877.88
242.92	57871.37
242.99	57875.76
243.06	57885.43
243.14	57898.70
243.21	57922.63
243.28	57940.63
243.35	57969.22
243.42	58000.17
243.49	58031.31
243.56	58044.88
243.63	58070.22
243.70	58079.64
243.77	58082.89
243.84	58071.10
243.91	58050.78
243.98	58031.68
244.05	57996.28
244.12	57961.96
244.19	57937.10
244.26	57930.59
244.33	57917.63
244.40	57906.12
244.47	57903.15
244.54	57891.12
244.62	57867.11
244.69	57842.18
244.76	57837.06
244.83	57831.10
244.90	57835.83
244.97	57850.30
245.04	57865.50
245.11	57876.80
245.18	57873.23
245.25	57882.93
245.32	57900.32
245.39	57925.98
245.46	57944.28
245.53	57941.19
245.60	57919.70
245.67	57898.44
245.74	57870.41
245.81	57838.32
245.88	57828.40
245.95	57821.36
246.02	57808.63
246.09	57770.04
246.16	57736.09
246.23	57697.30
246.30	57667.20
246.37	57653.33
246.44	57673.67
246.51	57701.66
246.58	57731.10
246.65	57757.08
246.72	57768.02
246.79	57764.71
246.87	57743.68
246.94	57726.95
247.01	57714.50
247.08	57676.97
247.15	57624.53
247.22	57570.18
247.29	57517.73
247.36	57473.84
247.43	57437.00
247.50	57421.73
247.57	57430.38
247.64	57450.83
247.71	57457.02
247.78	57479.46
247.85	57515.66
247.92	57536.76
247.99	57537.08
248.06	57529.23
248.13	57521.88
248.20	57487.79
248.27	57454.79
248.34	57437.37
248.41	57424.03
248.48	57412.88
248.55	57408.72
248.62	57403.71
248.69	57402.38
248.76	57388.78
248.83	57371.37
248.90	57343.47
248.97	57310.64
249.04	57259.12
249.11	57231.20
249.18	57198.36
249.25	57161.41
249.32	57123.67
249.39	57081.82
249.46	57018.52
249.53	56974.39
249.60	56942.30
249.67	56916.39
249.74	56907.17
249.81	56918.42
249.88	56918.93
249.95	56946.45
250.02	56981.30
250.09	56994.49
250.16	57003.70
250.23	57004.78
250.30	56989.48
250.37	56978.25
250.44	56983.09
250.51	56981.92
250.58	56983.96
250.65	56974.57
250.72	56932.43
250.79	56887.61
250.86	56846.66
250.93	56809.02
251.00	56761.04
251.07	56749.80
251.14	56735.27
251.21	56711.06
251.28	56685.64
251.35	56672.04
251.42	56645.43
251.49	56614.96
251.56	56585.54
251.63	56561.96
251.70	56550.70
251.77	56533.57
251.84	56513.78
251.91	56480.40
251.98	56433.21
252.05	56377.22
252.12	56320.32
252.18	56280.22
252.25	56260.94
252.32	56264.17
252.39	56260.48
252.46	56261.79
252.53	56250.06
252.60	56232.54
252.67	56211.22
252.74	56192.84
252.81	56165.34
252.88	56141.08
252.95	56106.53
253.02	56060.16
253.09	56032.19
253.16	56011.73
253.23	55998.05
253.30	56002.84
253.37	55996.40
253.44	55978.36
253.51	55946.46
253.58	55916.66
253.65	55894.38
253.72	55897.01
253.79	55886.72
253.86	55892.33
253.93	55879.02
254.00	55850.36
254.07	55814.44
254.14	55775.87
254.21	55731.97
254.28	55707.54
254.35	55687.57
254.41	55662.00
254.48	55640.28
254.55	55627.90
254.62	55604.94
254.69	55560.27
254.76	55518.60
254.83	55477.76
254.90	55434.31
254.97	55402.47
255.04	55403.06
255.11	55381.30
255.18	55347.19
255.25	55305.30
255.32	55269.36
255.39	55223.20
255.46	55196.09
255.53	55180.68
255.60	55168.12
255.67	55148.24
255.74	55136.44
255.81	55127.48
255.87	55128.22
255.94	55109.62
256.01	55092.16
256.08	55069.34
256.15	55034.02
256.22	54996.84
256.29	54984.16
256.36	54946.83
256.43	54918.32
256.50	54916.95
256.57	54900.35
256.64	54872.73
256.71	54864.07
256.78	54833.65
256.85	54779.02
256.92	54750.79
256.99	54733.87
257.05	54707.88
257.12	54690.86
257.19	54665.36
257.26	54618.40
257.33	54564.20
257.40	54517.78
257.47	54453.56
257.54	54426.97
257.61	54397.48
257.68	54390.77
257.75	54385.66
257.82	54400.84
257.89	54379.47
257.96	54371.98
258.03	54335.97
258.09	54284.42
258.16	54212.60
258.23	54148.42
258.30	54084.38
258.37	54025.70
258.44	53985.25
258.51	53965.02
258.58	53950.33
258.65	53937.63
258.72	53937.50
258.79	53914.98
258.86	53884.61
258.93	53857.12
258.99	53821.14
259.06	53779.60
259.13	53733.43
259.20	53689.30
259.27	53647.29
259.34	53619.66
259.41	53592.12
259.48	53596.29
259.55	53600.18
259.62	53598.57
259.69	53574.34
259.76	53531.42
259.82	53477.14
259.89	53436.92
259.96	53401.31
260.03	53359.58
260.10	53326.38
260.17	53282.51
260.24	53214.05
260.31	53152.76
260.38	53119.26
260.45	53098.26
260.52	53085.65
260.59	53076.16
260.65	53046.83
260.72	53013.70
260.79	52973.72
260.86	52939.06
260.93	52907.20
261.00	52877.30
261.07	52837.73
261.14	52770.40
261.21	52708.88
261.28	52648.85
261.34	52581.16
261.41	52521.68
261.48	52488.35
261.55	52446.63
261.62	52406.83
261.69	52372.22
261.76	52333.66
261.83	52302.48
261.90	52264.87
261.97	52219.52
262.03	52199.61
262.10	52168.37
262.17	52134.28
262.24	52109.85
262.31	52098.69
262.38	52068.22
262.45	52042.12
262.52	52014.06
262.59	51973.20
262.65	51938.04
262.72	51894.09
262.79	51855.81
262.86	51810.48
262.93	51780.64
263.00	51737.60
263.07	51693.76
263.14	51641.71
263.21	51601.82
263.27	51564.38
263.34	51530.07
263.41	51489.15
263.48	51447.53
263.55	51388.10
263.62	51313.65
263.69	51240.24
263.76	51184.41
263.82	51143.07
263.89	51113.37
263.96	51094.65
264.03	51075.63
264.10	51056.53
264.17	51007.18
264.24	50945.07
264.31	50890.31
264.38	50835.01
264.44	50779.69
264.51	50731.75
264.58	50701.74
264.65	50666.90
264.72	50610.54
264.79	50559.42
264.86	50535.88
264.92	50490.05
264.99	50454.53
265.06	50430.60
265.13	50398.82
265.20	50363.97
265.27	50349.68
265.34	50312.54
265.41	50282.35
265.47	50241.64
265.54	50187.78
265.61	50142.70
265.68	50107.62
265.75	50059.64
265.82	50029.79
265.89	49988.93
265.95	49941.37
266.02	49880.98
266.09	49840.26
266.16	49791.70
266.23	49761.85
266.30	49719.94
266.37	49668.41
266.44	49595.26
266.50	49530.33
266.57	49461.07
266.64	49394.54
266.71	49343.65
266.78	49295.46
266.85	49228.27
266.91	49174.00
266.98	49119.30
267.05	49062.32
267.12	49026.60
267.19	49013.80
267.26	48988.56
267.33	48964.96
267.39	48942.78
267.46	48917.25
267.53	48876.82
267.60	48841.76
267.67	48805.26
267.74	48768.73
267.81	48726.16
267.87	48688.92
267.94	48641.78
268.01	48594.12
268.08	48545.82
268.15	48489.62
268.22	48434.72
268.28	48378.92
268.35	48326.48
268.42	48280.63
268.49	48240.15
268.56	48194.95
268.63	48153.13
268.69	48113.95
268.76	48060.26
268.83	48019.24
268.90	47982.95
268.97	47959.98
269.04	47949.43
269.11	47934.04
269.17	47915.22
269.24	47886.30
269.31	47854.57
269.38	47805.96
269.45	47764.22
269.52	47714.28
269.58	47680.40
269.65	47633.96
269.72	47584.35
269.79	47543.30
269.86	47517.84
269.92	47474.42
269.99	47437.06
270.06	47396.83
270.13	47349.59
270.20	47286.18
270.27	47249.64
270.33	47227.59
270.40	47197.66
270.47	47168.57
270.54	47152.14
270.61	47125.50
270.68	47089.46
270.74	47072.34
270.81	47061.61
270.88	47046.62
270.95	47021.42
271.02	46974.34
271.08	46918.85
271.15	46859.22
271.22	46796.82
271.29	46747.83
271.36	46694.27
271.43	46655.74
271.49	46636.86
271.56	46620.55
271.63	46599.31
271.70	46590.89
271.77	46576.00
271.83	46542.64
271.90	46494.08
271.97	46449.35
272.04	46403.91
272.11	46365.68
272.17	46338.24
272.24	46321.83
272.31	46292.01
272.38	46279.32
272.45	46245.06
272.52	46210.58
272.58	46186.55
272.65	46182.74
272.72	46148.70
272.79	46125.85
272.86	46100.70
272.92	46059.10
272.99	46003.02
273.06	45964.93
273.13	45922.89
273.20	45875.62
273.26	45840.75
273.33	45809.64
273.40	45782.18
273.47	45758.82
273.54	45739.72
273.60	45721.24
273.67	45687.66
273.74	45670.51
273.81	45641.64
273.88	45633.52
273.94	45616.98
274.01	45623.00
274.08	45610.20
274.15	45599.98
274.21	45565.18
274.28	45530.50
274.35	45467.96
274.42	45398.34
274.49	45339.24
274.55	45289.20
274.62	45248.70
274.69	45214.34
274.76	45192.79
274.83	45174.42
274.89	45144.66
274.96	45112.38
275.03	45090.60
275.10	45063.41
275.17	45029.88
275.23	44999.47
275.30	44964.06
275.37	44929.38
275.44	44896.04
275.50	44858.62
275.57	44823.36
275.64	44781.78
275.71	44729.00
275.78	44683.62
275.84	44646.74
275.91	44610.88
275.98	44581.45
276.05	44565.60
276.11	44548.20
276.18	44518.19
276.25	44474.62
276.32	44431.19
276.39	44381.21
276.45	44319.02
276.52	44261.79
276.59	44225.71
276.66	44197.00
276.72	44166.78
276.79	44149.42
276.86	44136.70
276.93	44121.75
276.99	44091.93
277.06	44061.71
277.13	44029.56
277.20	43995.37
277.26	43951.73
277.33	43918.42
277.40	43907.46
277.47	43877.21
277.54	43845.08
277.60	43815.52
277.67	43777.94
277.74	43708.61
277.81	43659.78
277.87	43619.32
277.94	43575.12
278.01	43548.38
278.08	43524.68
278.14	43493.60
278.21	43460.12
278.28	43444.44
278.35	43424.32
278.41	43414.44
278.48	43407.66
278.55	43393.84
278.62	43368.57
278.68	43329.91
278.75	43279.30
278.82	43237.08
278.89	43186.58
278.95	43131.16
279.02	43081.73
279.09	43065.14
279.16	43035.05
279.22	43026.84
279.29	43014.65
279.36	42996.44
279.43	42949.82
279.49	42889.21
279.56	42815.22
279.63	42731.34
279.70	42663.14
279.76	42600.60
279.83	42566.92
279.90	42545.93
279.97	42535.84
280.03	42521.61
280.10	42506.34
280.17	42479.84
280.24	42444.36
280.30	42416.90
280.37	42374.70
280.44	42339.26
280.51	42311.04
280.57	42276.13
280.64	42225.02
280.71	42176.69
280.77	42123.19
280.84	42038.94
280.91	41956.62
280.98	41883.20
281.04	41811.06
281.11	41726.26
281.18	41661.32
281.25	41595.08
281.31	41525.44
281.38	41452.76
281.45	41390.85
281.52	41337.95
281.58	41276.93
281.65	41228.37
281.72	41188.36
281.78	41159.43
281.85	41129.57
281.92	41115.10
281.99	41090.82
282.05	41065.16
282.12	41028.87
282.19	41002.08
282.26	40975.77
282.32	40949.66
282.39	40932.71
282.46	40915.22
282.52	40883.48
282.59	40849.32
282.66	40833.63
282.73	40806.68
282.79	40778.04
282.86	40741.61
282.93	40690.24
282.99	40622.47
283.06	40554.77
283.13	40473.47
283.20	40384.38
283.26	40305.02
283.33	40221.26
283.40	40144.12
283.46	40092.91
283.53	40052.22
283.60	40023.92
283.67	40005.08
283.73	39997.46
283.80	39984.23
283.87	39978.60
283.93	39983.97
284.00	39973.73
284.07	39950.25
284.13	39922.10
284.20	39906.04
284.27	39871.72
284.34	39841.80
284.40	39823.17
284.47	39805.72
284.54	39783.78
284.60	39758.70
284.67	39736.35
284.74	39705.16
284.81	39678.33
284.87	39638.85
284.94	39591.24
285.01	39547.40
285.07	39488.97
285.14	39433.20
285.21	39384.66
285.27	39346.78
285.34	39313.82
285.41	39304.28
285.47	39290.95
285.54	39269.80
285.61	39253.49
285.68	39240.02
285.74	39217.96
285.81	39200.02
285.88	39181.34
285.94	39169.15
286.01	39153.23
286.08	39145.72
286.14	39126.16
286.21	39114.70
286.28	39110.76
286.34	39092.40
286.41	39048.98
286.48	39007.38
286.55	38957.70
286.61	38897.84
286.68	38844.04
286.75	38802.51
286.81	38764.08
286.88	38726.12
286.95	38675.06
287.01	38649.76
287.08	38627.48
287.15	38615.24
287.21	38604.65
287.28	38603.96
287.35	38587.10
287.41	38580.55
287.48	38562.80
287.55	38548.60
287.61	38532.90
287.68	38507.28
287.75	38473.46
287.81	38434.72
287.88	38400.77
287.95	38378.92
288.01	38360.91
288.08	38347.94
288.15	38330.15
288.21	38312.59
288.28	38276.58
288.35	38250.29
288.41	38219.47
288.48	38197.98
288.55	38169.87
288.61	38130.88
288.68	38090.83
288.75	38054.62
288.81	38015.37
288.88	37975.47
288.95	37961.21
289.01	37948.54
289.08	37943.84
289.15	37952.12
289.21	37961.90
289.28	37964.98
289.35	37971.95
289.41	37950.36
289.48	37932.75
289.55	37924.08
289.61	37907.60
289.68	37886.47
289.75	37875.06
289.81	37849.94
289.88	37813.20
289.95	37789.62
290.01	37755.09
290.08	37722.79
290.15	37689.46
290.21	37661.69
290.28	37641.12
290.35	37616.41
290.41	37597.38
290.48	37581.69
290.55	37554.08
290.61	37513.81
290.68	37487.45
290.74	37463.04
290.81	37449.77
290.88	37442.06
290.94	37446.59
291.01	37442.29
291.08	37452.32
291.14	37456.08
291.21	37465.04
291.28	37458.40
291.34	37471.38
291.41	37459.88
291.48	37454.77
291.54	37451.27
291.61	37447.80
291.68	37421.53
291.74	37395.10
291.81	37362.18
291.87	37334.61
291.94	37297.08
292.01	37259.60
292.07	37236.40
292.14	37202.04
292.21	37155.89
292.27	37121.49
292.34	37094.52
292.41	37069.50
292.47	37044.97
292.54	37032.32
292.60	37025.92
292.67	37038.18
292.74	37037.46
292.80	37048.62
292.87	37054.49
292.94	37067.69
293.00	37059.25
293.07	37050.43
293.13	37057.05
293.20	37060.51
293.27	37057.89
293.33	37052.04
293.40	37055.84
293.47	37033.48
293.53	37017.59
293.60	36992.91
293.66	36962.55
293.73	36918.26
293.80	36875.52
293.86	36827.18
293.93	36784.79
294.00	36754.05
294.06	36730.97
294.13	36714.48
294.19	36701.06
294.26	36685.30
294.33	36679.63
294.39	36664.42
294.46	36659.10
294.52	36646.76
294.59	36642.59
294.66	36638.41
294.72	36643.44
294.79	36646.63
294.86	36664.38
294.92	36678.91
294.99	36706.70
295.05	36732.80
295.12	36751.59
295.19	36767.66
295.25	36773.67
295.32	36756.06
295.38	36746.20
295.45	36744.36
295.52	36723.99
295.58	36693.87
295.65	36665.18
295.71	36628.30
295.78	36573.20
295.85	36519.96
295.91	36479.46
295.98	36427.57
296.04	36365.70
296.11	36325.08
296.18	36309.40
296.24	36301.99
296.31	36308.08
296.37	36331.62
296.44	36364.66
296.51	36375.12
296.57	36391.99
296.64	36414.71
296.70	36442.04
296.77	36449.52
296.84	36462.72
296.90	36469.54
296.97	36472.22
297.03	36478.30
297.10	36486.62
297.17	36493.84
297.23	36510.72
297.30	36521.37
297.36	36516.02
297.43	36510.31
297.50	36507.72
297.56	36481.51
297.63	36453.46
297.69	36407.12
297.76	36347.78
297.82	36284.54
297.89	36226.41
297.96	36173.29
298.02	36145.67
298.09	36120.82
298.15	36101.51
298.22	36099.69
298.29	36093.50
298.35	36093.16
298.42	36099.58
298.48	36114.18
298.55	36127.57
298.61	36150.34
298.68	36172.26
298.75	36199.25
298.81	36211.34
298.88	36223.24
298.94	36229.98
299.01	36228.50
299.08	36229.85
299.14	36243.20
299.21	36233.77
299.27	36241.10
299.34	36241.29
299.40	36236.62
299.47	36229.15
299.54	36228.49
299.60	36213.18
299.67	36193.67
299.73	36157.08
299.80	36095.26
299.86	36015.74
299.93	35924.84
299.99	35846.61
300.06	35785.67
300.13	35744.85
300.19	35730.84
300.26	35730.74
300.32	35741.97
300.39	35750.31
300.45	35778.22
300.52	35811.99
300.59	35838.06
300.65	35866.27
300.72	35904.92
300.78	35925.58
300.85	35930.90
300.91	35933.27
300.98	35919.16
301.04	35899.30
301.11	35887.35
301.18	35882.25
301.24	35886.42
301.31	35881.56
301.37	35875.94
301.44	35856.81
301.50	35843.46
301.57	35822.66
301.63	35807.81
301.70	35771.12
301.77	35731.68
301.83	35667.98
301.90	35589.42
301.96	35507.70
302.03	35436.15
302.09	35384.34
302.16	35335.08
302.22	35316.64
302.29	35297.56
302.36	35289.37
302.42	35267.77
302.49	35272.67
302.55	35267.16
302.62	35275.62
302.68	35283.66
302.75	35293.68
302.81	35291.32
302.88	35292.73
302.94	35281.26
303.01	35280.32
303.07	35275.22
303.14	35274.09
303.21	35257.27
303.27	35252.84
303.34	35234.60
303.40	35202.27
303.47	35166.89
303.53	35137.35
303.60	35102.30
303.66	35057.69
303.73	35033.40
303.79	34994.00
303.86	34949.87
303.92	34894.61
303.99	34841.99
304.05	34762.36
304.12	34688.74
304.19	34627.40
304.25	34562.78
304.32	34514.16
304.38	34486.56
304.45	34456.98
304.51	34430.88
304.58	34432.71
304.64	34424.84
304.71	34416.56
304.77	34404.48
304.84	34393.55
304.90	34367.15
304.97	34335.84
305.03	34303.44
305.10	34279.65
305.16	34251.97
305.23	34228.61
305.29	34207.62
305.36	34179.60
305.42	34153.70
305.49	34118.64
305.56	34075.90
305.62	34032.37
305.69	33997.58
305.75	33951.42
305.82	33880.18
305.88	33777.34
305.95	33655.26
306.01	33510.82
306.08	33375.31
306.14	33269.07
306.21	33192.14
306.27	33131.37
306.34	33090.54
306.40	33053.84
306.47	33029.81
306.53	33037.16
306.60	33051.52
306.66	33070.56
306.73	33081.93
306.79	33079.78
306.86	33047.00
306.92	33009.55
306.99	32974.58
307.05	32940.79
307.12	32907.19
307.18	32869.24
307.25	32838.04
307.31	32792.04
307.38	32750.96
307.44	32710.08
307.51	32675.89
307.57	32629.69
307.64	32591.10
307.70	32552.87
307.77	32502.95
307.83	32451.18
307.90	32404.90
307.96	32359.24
308.03	32294.58
308.09	32237.45
308.16	32178.46
308.22	32117.39
308.29	32041.33
308.35	31982.16
308.42	31927.25
308.48	31865.76
308.55	31794.71
308.61	31747.22
308.68	31690.26
308.74	31628.04
308.81	31591.48
308.87	31554.51
308.94	31522.12
309.00	31490.36
309.07	31459.56
309.13	31408.82
309.20	31377.24
309.26	31321.14
309.33	31265.33
309.39	31205.07
309.45	31150.84
309.52	31089.13
309.58	31039.47
309.65	30980.92
309.71	30932.35
309.78	30878.96
309.84	30826.48
309.91	30768.71
309.97	30716.13
310.04	30677.23
310.10	30618.96
310.17	30571.24
310.23	30521.24
310.30	30476.86
310.36	30410.38
310.43	30359.14
310.49	30289.28
310.56	30225.48
310.62	30149.02
310.69	30085.50
310.75	30015.10
310.81	29958.70
310.88	29911.66
310.94	29875.00
311.01	29820.53
311.07	29784.11
311.14	29739.58
311.20	29680.30
311.27	29629.06
311.33	29592.75
311.40	29545.28
311.46	29502.74
311.53	29462.68
311.59	29421.42
311.66	29383.33
311.72	29330.40
311.78	29280.97
311.85	29229.86
311.91	29181.40
311.98	29123.82
312.04	29084.62
312.11	29044.60
312.17	29015.32
312.24	28978.18
312.30	28923.63
312.37	28865.90
312.43	28799.91
312.50	28733.62
312.56	28667.92
312.62	28609.08
312.69	28554.18
312.75	28486.27
312.82	28409.05
312.88	28338.70
312.95	28280.41
313.01	28219.87
313.08	28173.90
313.14	28131.14
313.20	28087.93
313.27	28040.14
313.33	27990.64
313.40	27945.54
313.46	27895.50
313.53	27839.91
313.59	27784.12
313.66	27741.76
313.72	27691.76
313.78	27641.85
313.85	27599.84
313.91	27566.90
313.98	27520.31
314.04	27483.28
314.11	27451.44
314.17	27402.79
314.24	27352.86
314.30	27306.30
314.36	27249.54
314.43	27198.25
314.49	27153.93
314.56	27094.10
314.62	27033.88
314.69	26977.86
314.75	26921.16
314.81	26859.45
314.88	26815.59
314.94	26772.94
315.01	26731.88
315.07	26677.60
315.14	26638.18
315.20	26594.52
315.27	26540.92
315.33	26498.29
315.39	26455.29
315.46	26407.64
315.52	26347.70
315.59	26310.19
315.65	26250.88
315.72	26205.84
315.78	26154.16
315.84	26117.95
315.91	26084.45
315.97	26059.22
316.04	26042.23
316.10	26020.75
316.16	25985.49
316.23	25912.97
316.29	25806.95
316.36	25654.46
316.42	25484.98
316.49	25284.23
316.55	25069.06
316.61	24862.00
316.68	24641.84
316.74	24415.50
316.81	24190.02
316.87	23969.96
316.93	23741.28
317.00	23531.53
317.06	23319.78
317.13	23106.26
317.19	22896.55
317.26	22677.80
317.32	22463.38
317.38	22243.23
317.45	22026.48
317.51	21816.64
317.58	21615.01
317.64	21396.29
317.70	21191.60
317.77	20993.42
317.83	20783.04
317.90	20573.34
317.96	20365.70
318.02	20160.89
318.09	19960.55
318.15	19752.14
318.22	19541.55
318.28	19339.21
318.34	19120.80
318.41	18889.16
318.47	18667.90
318.54	18460.72
318.60	18245.50
318.66	18043.80
318.73	17842.21
318.79	17652.05
318.86	17449.59
318.92	17256.80
318.98	17066.96
319.05	16876.37
319.11	16678.68
319.18	16477.82
319.24	16285.68
319.30	16073.68
319.37	15886.98
319.43	15700.46
319.50	15515.11
319.56	15319.96
319.62	15143.80
319.69	14950.35
319.75	14759.07
319.82	14574.81
319.88	14392.67
319.94	14203.26
320.01	14022.97
320.07	13831.48
320.13	13647.73
320.20	13460.81
320.26	13274.41
320.33	13089.18
320.39	12912.76
320.45	12725.66
320.52	12548.06
320.58	12373.02
320.65	12190.46
320.71	12006.96
320.77	11837.98
320.84	11657.28
320.90	11481.76
320.96	11307.14
321.03	11127.15
321.09	10939.87
321.16	10757.60
321.22	10567.74
321.28	10385.56
321.35	10217.33
321.41	10042.63
321.47	9865.37
321.54	9706.31
321.60	9533.33
321.67	9356.56
321.73	9189.42
321.79	9021.20
321.86	8843.50
321.92	8670.35
321.98	8489.16
322.05	8301.20
322.11	8113.13
322.18	7921.50
322.24	7732.96
322.30	7553.08
322.37	7380.23
322.43	7205.03
322.49	7040.28
322.56	6865.66
322.62	6694.10
322.68	6515.24
322.75	6349.42
322.81	6167.91
322.88	5995.29
322.94	5820.25
323.00	5649.23
323.07	5476.73
323.13	5311.52
323.19	5149.02
323.26	4986.16
323.32	4829.34
323.38	4668.22
323.45	4442.65
323.51	3804.63
323.57	2923.34
323.64	2000.38
323.70	1112.68
323.76	322.59
323.83	-21.65
323.89	-88.82
323.96	-89.72
