180.25	3510.37
180.33	-132.17
180.40	654.49
180.48	-32.89
180.56	10.47
180.63	45.27
180.71	86.51
180.78	86.97
180.86	88.20
180.93	92.25
181.01	94.53
181.08	92.25
181.16	91.38
181.23	92.53
181.31	92.80
181.39	115.39
181.46	125.59
181.54	136.59
181.61	152.41
181.69	160.18
181.76	154.17
181.84	148.29
181.91	149.03
181.99	150.29
182.06	152.33
182.14	158.07
182.22	163.72
182.29	174.25
182.37	178.38
182.44	190.78
182.52	188.99
182.59	207.01
182.67	216.51
182.74	223.62
182.82	227.50
182.89	237.54
182.97	237.27
183.04	246.38
183.12	256.18
183.20	277.64
183.27	292.35
183.35	324.51
183.42	350.19
183.50	394.11
183.57	423.19
183.65	473.25
183.72	520.48
183.80	580.77
183.87	628.56
183.95	678.19
184.02	728.23
184.10	762.36
184.17	781.94
184.25	783.35
184.32	775.11
184.40	746.77
184.47	698.41
184.55	655.47
184.62	655.37
184.70	688.12
184.78	746.28
184.85	864.91
184.93	1002.28
185.00	1137.55
185.08	1272.07
185.15	1406.37
185.23	1539.29
185.30	1667.22
185.38	1783.03
185.45	1898.67
185.53	2024.05
185.60	2138.69
185.68	2272.69
185.75	2380.65
185.83	2465.99
185.90	2519.57
185.98	2502.30
186.05	2413.38
186.13	2292.05
186.20	2127.30
186.28	1981.38
186.35	1932.34
186.43	1982.51
186.50	2135.27
186.58	2375.87
186.65	2642.33
186.73	2906.35
186.80	3145.78
186.88	3367.11
186.95	3596.42
187.03	3819.17
187.10	4026.69
187.18	4259.97
187.25	4475.81
187.33	4684.63
187.40	4909.83
187.48	5111.64
187.55	5284.68
187.63	5428.82
187.70	5494.15
187.78	5487.81
187.85	5429.85
187.93	5241.97
188.00	4946.76
188.08	4611.99
188.15	4316.31
188.23	4139.95
188.30	4140.54
188.38	4330.19
188.45	4658.68
188.53	5023.17
188.60	5363.42
188.68	5677.13
188.75	5959.58
188.83	6252.32
188.90	6517.20
188.98	6775.79
189.05	7039.63
189.13	7282.37
189.20	7494.25
189.28	7714.22
189.35	7912.72
189.43	8096.09
189.50	8261.23
189.58	8355.10
189.65	8378.97
189.73	8331.31
189.80	8175.95
189.87	7927.78
189.95	7617.31
190.02	7217.09
190.10	6780.78
190.17	6445.75
190.25	6306.41
190.32	6364.98
190.40	6617.34
190.47	7027.36
190.55	7474.05
190.62	7879.12
190.70	8225.47
190.77	8546.52
190.85	8846.45
190.92	9097.01
191.00	9313.75
191.07	9516.59
191.15	9676.31
191.22	9807.30
191.29	9924.55
191.37	10011.27
191.44	10096.43
191.52	10192.59
191.59	10268.89
191.67	10330.14
191.74	10369.81
191.82	10351.53
191.89	10309.91
191.97	10267.18
192.04	10195.32
192.12	10079.11
192.19	9904.11
192.27	9656.80
192.34	9425.43
192.41	9298.43
192.49	9308.96
192.56	9474.02
192.64	9769.02
192.71	10083.28
192.79	10355.89
192.86	10569.11
192.94	10702.41
193.01	10805.61
193.09	10912.30
193.16	11055.86
193.23	11231.71
193.31	11446.85
193.38	11688.56
193.46	11908.22
193.53	12075.35
193.61	12218.58
193.68	12334.03
193.76	12404.86
193.83	12462.57
193.91	12510.87
193.98	12547.23
194.05	12568.19
194.13	12561.87
194.20	12533.82
194.28	12482.60
194.35	12400.77
194.43	12288.37
194.50	12141.29
194.58	11960.91
194.65	11815.63
194.72	11775.31
194.80	11857.97
194.87	12062.52
194.95	12374.27
195.02	12706.97
195.10	12976.78
195.17	13216.91
195.25	13420.19
195.32	13588.35
195.39	13731.26
195.47	13852.04
195.54	13922.52
195.62	13939.74
195.69	13885.90
195.77	13735.68
195.84	13532.30
195.91	13310.35
195.99	13161.58
196.06	13123.81
196.14	13223.33
196.21	13425.07
196.29	13689.17
196.36	13955.49
196.43	14193.52
196.51	14396.59
196.58	14564.94
196.66	14695.10
196.73	14798.77
196.81	14862.37
196.88	14896.81
196.95	14900.34
197.03	14854.70
197.10	14733.96
197.18	14580.94
197.25	14407.72
197.33	14249.99
197.40	14135.67
197.47	14080.12
197.55	14096.95
197.62	14178.40
197.70	14323.10
197.77	14529.15
197.84	14775.08
197.92	15033.51
197.99	15301.58
198.07	15540.99
198.14	15737.26
198.22	15912.06
198.29	16038.72
198.36	16133.27
198.44	16209.09
198.51	16246.33
198.59	16203.26
198.66	16090.07
198.73	15912.28
198.81	15679.88
198.88	15402.62
198.96	15169.31
199.03	15050.63
199.10	15085.49
199.18	15230.93
199.25	15513.24
199.33	15861.95
199.40	16207.95
199.48	16465.67
199.55	16671.81
199.62	16830.01
199.70	16980.47
199.77	17114.53
199.85	17261.13
199.92	17383.04
199.99	17474.07
200.07	17471.81
200.14	17376.71
200.22	17145.58
200.29	16806.59
200.36	16452.59
200.44	16199.86
200.51	16088.02
200.59	16145.03
200.66	16347.78
200.73	16621.09
200.81	16893.55
200.88	17138.52
200.95	17390.77
201.03	17641.00
201.10	17895.38
201.18	18124.48
201.25	18325.97
201.32	18474.52
201.40	18598.83
201.47	18677.79
201.55	18713.19
201.62	18675.49
201.69	18525.59
201.77	18321.58
201.84	18098.33
201.92	17848.85
201.99	17593.93
202.06	17441.95
202.14	17415.29
202.21	17500.73
202.28	17721.65
202.36	18064.27
202.43	18460.33
202.51	18810.99
202.58	19097.74
202.65	19322.22
202.73	19523.02
202.80	19710.18
202.87	19899.79
202.95	20083.39
203.02	20226.89
203.10	20298.95
203.17	20292.21
203.24	20176.70
203.32	19884.59
203.39	19439.49
203.46	18979.38
203.54	18614.39
203.61	18431.32
203.69	18485.49
203.76	18776.50
203.83	19175.44
203.91	19564.14
203.98	19924.41
204.05	20248.27
204.13	20545.93
204.20	20816.12
204.28	21069.63
204.35	21260.32
204.42	21412.52
204.50	21529.46
204.57	21616.37
204.64	21658.23
204.72	21653.32
204.79	21541.17
204.86	21306.51
204.94	21010.97
205.01	20707.33
205.09	20396.29
205.16	20159.57
205.23	20072.19
205.31	20143.79
205.38	20337.77
205.45	20660.75
205.53	21074.44
205.60	21517.11
205.67	21914.27
205.75	22234.59
205.82	22498.35
205.89	22719.88
205.97	22905.55
206.04	23081.53
206.12	23263.05
206.19	23422.33
206.26	23537.80
206.34	23589.38
206.41	23524.37
206.48	23294.93
206.56	22880.95
206.63	22342.99
206.70	21809.09
206.78	21423.01
206.85	21291.21
206.92	21452.55
207.00	21849.06
207.07	22350.32
207.14	22845.29
207.22	23287.67
207.29	23665.56
207.36	23991.47
207.44	24285.75
207.51	24539.49
207.58	24767.09
207.66	24967.69
207.73	25144.44
207.80	25289.61
207.88	25377.65
207.95	25378.03
208.02	25300.13
208.10	25060.35
208.17	24653.11
208.25	24186.83
208.32	23776.69
208.39	23460.10
208.47	23353.60
208.54	23451.37
208.61	23698.15
208.69	24005.03
208.76	24329.73
208.83	24673.49
208.90	25042.14
208.98	25403.35
209.05	25736.19
209.12	26051.91
209.20	26331.12
209.27	26563.55
209.34	26763.69
209.42	26952.09
209.49	27105.32
209.56	27193.06
209.64	27238.99
209.71	27186.21
209.78	26990.81
209.86	26669.79
209.93	26303.32
210.00	25888.55
210.08	25518.69
210.15	25309.06
210.22	25313.28
210.30	25479.75
210.37	25782.89
210.44	26189.07
210.52	26615.04
210.59	26992.60
210.66	27310.87
210.74	27592.94
210.81	27832.64
210.88	28066.42
210.96	28279.63
211.03	28495.51
211.10	28712.26
211.17	28921.12
211.25	29047.96
211.32	29115.37
211.39	29089.03
211.47	28932.21
211.54	28591.11
211.61	28141.09
211.69	27709.41
211.76	27395.88
211.83	27280.63
211.91	27414.29
211.98	27739.15
212.05	28124.59
212.12	28478.71
212.20	28777.63
212.27	29026.64
212.34	29235.33
212.42	29431.83
212.49	29614.69
212.56	29789.29
212.64	29976.99
212.71	30185.93
212.78	30384.61
212.85	30579.91
212.93	30717.53
213.00	30807.10
213.07	30826.07
213.15	30733.44
213.22	30524.92
213.29	30290.87
213.37	30039.21
213.44	29822.79
213.51	29719.16
213.58	29746.09
213.66	29877.45
213.73	30087.73
213.80	30349.07
213.88	30616.34
213.95	30846.09
214.02	31033.03
214.09	31193.61
214.17	31333.37
214.24	31499.73
214.31	31708.19
214.39	31930.20
214.46	32149.60
214.53	32334.39
214.60	32480.29
214.68	32583.63
214.75	32654.20
214.82	32667.06
214.90	32625.14
214.97	32482.73
215.04	32216.47
215.11	31914.37
215.19	31674.47
215.26	31576.23
215.33	31621.02
215.41	31860.33
215.48	32194.50
215.55	32522.15
215.62	32784.37
215.70	33000.04
215.77	33188.27
215.84	33362.11
215.91	33526.73
215.99	33685.42
216.06	33853.78
216.13	33992.59
216.21	34098.76
216.28	34196.26
216.35	34295.04
216.42	34376.77
216.50	34440.96
216.57	34483.21
216.64	34448.75
216.71	34312.29
216.79	34115.15
216.86	33931.21
216.93	33794.38
217.01	33768.30
217.08	33860.83
217.15	34045.22
217.22	34263.37
217.30	34482.09
217.37	34686.78
217.44	34888.81
217.51	35085.23
217.59	35261.38
217.66	35419.75
217.73	35577.12
217.80	35708.63
217.88	35809.52
217.95	35912.62
218.02	36010.59
218.09	36083.92
218.17	36176.10
218.24	36278.69
218.31	36362.77
218.38	36417.67
218.46	36430.06
218.53	36322.42
218.60	36145.90
218.67	35947.75
218.75	35795.21
218.82	35724.11
218.89	35802.86
218.96	35989.97
219.04	36235.46
219.11	36474.11
219.18	36685.37
219.25	36871.64
219.33	37031.56
219.40	37174.71
219.47	37321.30
219.54	37458.31
219.62	37581.17
219.69	37702.31
219.76	37837.99
219.83	37951.29
219.91	38071.83
219.98	38185.55
220.05	38279.95
220.12	38325.81
220.20	38351.56
220.27	38324.08
220.34	38225.47
220.41	38076.55
220.49	37944.81
220.56	37852.19
220.63	37839.01
220.70	37923.92
220.78	38099.59
220.85	38282.15
220.92	38448.53
220.99	38588.49
221.06	38709.43
221.14	38819.31
221.21	38938.06
221.28	39067.81
221.35	39199.52
221.43	39335.35
221.50	39454.97
221.57	39557.22
221.64	39678.91
221.72	39790.84
221.79	39889.97
221.86	39971.19
221.93	40049.47
222.00	40096.64
222.08	40126.69
222.15	40113.19
222.22	40083.43
222.29	40058.41
222.37	40041.57
222.44	40047.79
222.51	40098.01
222.58	40175.40
222.65	40260.54
222.73	40344.53
222.80	40442.43
222.87	40547.58
222.94	40661.38
223.02	40770.12
223.09	40873.49
223.16	40972.15
223.23	41076.37
223.30	41200.02
223.38	41323.59
223.45	41441.79
223.52	41555.73
223.59	41672.16
223.66	41740.36
223.74	41791.23
223.81	41835.03
223.88	41864.97
223.95	41882.11
224.03	41892.32
224.10	41913.32
224.17	41937.77
224.24	41952.54
224.31	41983.17
224.39	42055.72
224.46	42127.16
224.53	42207.30
224.60	42313.51
224.67	42415.61
224.75	42515.29
224.82	42622.92
224.89	42754.20
224.96	42874.36
225.03	42987.03
225.11	43081.75
225.18	43183.80
225.25	43269.75
225.32	43355.05
225.39	43438.25
225.47	43514.00
225.54	43574.34
225.61	43602.37
225.68	43615.07
225.75	43621.83
225.83	43654.06
225.90	43699.36
225.97	43778.73
226.04	43874.69
226.11	43987.02
226.19	44089.60
226.26	44192.03
226.33	44289.37
226.40	44383.68
226.47	44468.78
226.54	44552.87
226.62	44635.88
226.69	44724.01
226.76	44823.67
226.83	44924.49
226.90	45019.75
226.98	45087.63
227.05	45146.53
227.12	45201.25
227.19	45237.52
227.26	45281.43
227.34	45358.21
227.41	45432.11
227.48	45500.83
227.55	45558.91
227.62	45613.68
227.69	45669.62
227.77	45732.37
227.84	45800.97
227.91	45890.49
227.98	45979.49
228.05	46053.88
228.12	46123.09
228.20	46195.19
228.27	46279.01
228.34	46374.50
228.41	46482.07
228.48	46591.79
228.56	46695.32
228.63	46796.24
228.70	46883.35
228.77	46954.53
228.84	47037.91
228.91	47130.21
228.99	47225.91
229.06	47329.71
229.13	47440.50
229.20	47536.91
229.27	47617.26
229.34	47683.68
229.42	47738.61
229.49	47797.01
229.56	47862.49
229.63	47932.60
229.70	47993.33
229.77	48046.73
229.85	48098.60
229.92	48140.77
229.99	48192.18
230.06	48252.26
230.13	48348.14
230.20	48450.15
230.27	48563.33
230.35	48681.65
230.42	48807.72
230.49	48917.10
230.56	49010.26
230.63	49110.49
230.70	49178.84
230.78	49241.14
230.85	49291.43
230.92	49357.63
230.99	49421.79
231.06	49520.23
231.13	49638.65
231.20	49768.95
231.28	49878.05
231.35	49986.95
231.42	50077.62
231.49	50154.05
231.56	50232.38
231.63	50316.31
231.71	50389.35
231.78	50451.71
231.85	50515.35
231.92	50571.67
231.99	50633.13
232.06	50704.26
232.13	50802.68
232.21	50897.94
232.28	50993.41
232.35	51080.53
232.42	51172.73
232.49	51255.83
232.56	51352.91
232.63	51452.39
232.71	51565.29
232.78	51663.52
232.85	51753.70
232.92	51832.53
232.99	51904.97
233.06	51972.59
233.13	52029.23
233.20	52073.05
233.28	52123.79
233.35	52173.28
233.42	52230.14
233.49	52316.42
233.56	52415.31
233.63	52509.23
233.70	52608.33
233.78	52711.76
233.85	52812.29
233.92	52905.19
233.99	52989.92
234.06	53076.34
234.13	53164.93
234.20	53239.26
234.27	53322.85
234.35	53395.43
234.42	53460.13
234.49	53508.75
234.56	53547.95
234.63	53589.25
234.70	53632.06
234.77	53682.21
234.84	53740.73
234.92	53810.63
234.99	53881.19
235.06	53961.01
235.13	54051.90
235.20	54146.21
235.27	54219.19
235.34	54307.71
235.41	54389.81
235.48	54465.89
235.56	54539.50
235.63	54623.43
235.70	54671.13
235.77	54724.37
235.84	54749.33
235.91	54762.27
235.98	54779.75
236.05	54809.83
236.12	54847.55
236.20	54887.97
236.27	54943.53
236.34	54996.81
236.41	55053.87
236.48	55103.01
236.55	55154.99
236.62	55201.69
236.69	55263.47
236.76	55338.66
236.84	55409.73
236.91	55488.54
236.98	55560.65
237.05	55614.71
237.12	55649.72
237.19	55695.96
237.26	55742.43
237.33	55782.75
237.40	55823.37
237.47	55864.11
237.55	55899.37
237.62	55961.43
237.69	56030.46
237.76	56107.13
237.83	56191.87
237.90	56264.15
237.97	56303.43
238.04	56347.16
238.11	56390.58
238.18	56432.01
238.26	56473.45
238.33	56510.45
238.40	56545.02
238.47	56578.99
238.54	56603.92
238.61	56621.43
238.68	56639.75
238.75	56656.57
238.82	56686.91
238.89	56724.86
238.96	56785.18
239.04	56851.59
239.11	56915.72
239.18	56954.52
239.25	56976.55
239.32	56991.20
239.39	57003.46
239.46	57001.25
239.53	56999.69
239.60	56997.75
239.67	57003.38
239.74	57021.76
239.81	57043.46
239.89	57085.09
239.96	57124.24
240.03	57160.53
240.10	57170.93
240.17	57196.39
240.24	57212.83
240.31	57258.23
240.38	57293.51
240.45	57369.31
240.52	57452.18
240.59	57528.32
240.66	57583.57
240.73	57631.79
240.80	57650.47
240.88	57655.87
240.95	57663.86
241.02	57669.37
241.09	57684.82
241.16	57707.03
241.23	57732.07
241.30	57724.59
241.37	57710.42
241.44	57702.16
241.51	57697.04
241.58	57702.37
241.65	57745.37
241.72	57791.68
241.79	57831.26
241.86	57845.62
241.94	57845.06
242.01	57822.82
242.08	57806.03
242.15	57807.45
242.22	57823.99
242.29	57832.50
242.36	57852.36
242.43	57855.89
242.50	57845.95
242.57	57833.97
242.64	57831.93
242.71	57816.02
242.78	57820.17
242.85	57814.95
242.92	57823.59
242.99	57833.15
243.06	57846.43
243.14	57857.39
243.21	57883.95
243.28	57894.57
243.35	57905.25
243.42	57943.77
243.49	57980.60
243.56	57998.47
243.63	58023.91
243.70	58042.84
243.77	58034.26
243.84	58017.61
243.91	58005.56
243.98	57979.47
244.05	57946.99
244.12	57919.75
244.19	57901.01
244.26	57879.17
244.33	57868.65
244.40	57862.29
244.47	57862.47
244.54	57857.49
244.62	57831.02
244.69	57798.20
244.76	57780.36
244.83	57772.03
244.90	57768.19
244.97	57797.63
245.04	57829.83
245.11	57838.09
245.18	57828.69
245.25	57828.87
245.32	57829.89
245.39	57842.05
245.46	57867.75
245.53	57875.45
245.60	57869.79
245.67	57858.32
245.74	57850.17
245.81	57821.58
245.88	57816.52
245.95	57804.83
246.02	57783.38
246.09	57731.72
246.16	57695.38
246.23	57648.85
246.30	57613.10
246.37	57590.57
246.44	57608.00
246.51	57630.29
246.58	57664.65
246.65	57698.05
246.72	57727.72
246.79	57718.86
246.87	57708.19
246.94	57686.73
247.01	57662.49
247.08	57622.67
247.15	57576.75
247.22	57519.16
247.29	57466.18
247.36	57422.45
247.43	57382.09
247.50	57371.72
247.57	57380.27
247.64	57401.76
247.71	57417.14
247.78	57442.13
247.85	57468.55
247.92	57491.71
247.99	57491.73
248.06	57477.65
248.13	57456.84
248.20	57427.46
248.27	57385.65
248.34	57361.83
248.41	57353.59
248.48	57352.77
248.55	57348.94
248.62	57352.41
248.69	57358.01
248.76	57344.73
248.83	57330.67
248.90	57299.25
248.97	57263.61
249.04	57218.51
249.11	57191.51
249.18	57148.04
249.25	57110.98
249.32	57068.45
249.39	57021.46
249.46	56966.17
249.53	56937.23
249.60	56910.45
249.67	56886.70
249.74	56877.65
249.81	56882.06
249.88	56885.03
249.95	56904.79
250.02	56942.43
250.09	56956.65
250.16	56963.41
250.23	56952.51
250.30	56944.26
250.37	56917.68
250.44	56912.71
250.51	56911.39
250.58	56914.16
250.65	56915.33
250.72	56892.83
250.79	56864.67
250.86	56829.21
250.93	56792.12
251.00	56740.03
251.07	56718.62
251.14	56696.44
251.21	56682.85
251.28	56652.39
251.35	56630.07
251.42	56614.26
251.49	56585.59
251.56	56552.13
251.63	56541.86
251.70	56529.24
251.77	56499.51
251.84	56460.76
251.91	56419.99
251.98	56366.21
252.05	56311.73
252.12	56260.01
252.18	56231.67
252.25	56205.23
252.32	56208.41
252.39	56213.24
252.46	56209.03
252.53	56196.31
252.60	56183.06
252.67	56151.06
252.74	56126.98
252.81	56098.21
252.88	56077.01
252.95	56050.58
253.02	56020.69
253.09	55985.29
253.16	55976.09
253.23	55953.01
253.30	55939.47
253.37	55925.49
253.44	55908.32
253.51	55868.65
253.58	55843.79
253.65	55836.97
253.72	55835.00
253.79	55830.03
253.86	55840.95
253.93	55841.67
254.00	55811.99
254.07	55771.04
254.14	55726.71
254.21	55669.64
254.28	55640.27
254.35	55616.56
254.41	55607.37
254.48	55592.18
254.55	55589.02
254.62	55562.11
254.69	55519.89
254.76	55474.94
254.83	55437.41
254.90	55400.72
254.97	55371.82
255.04	55363.77
255.11	55348.32
255.18	55316.24
255.25	55262.13
255.32	55218.69
255.39	55171.03
255.46	55135.97
255.53	55120.68
255.60	55124.33
255.67	55111.14
255.74	55101.71
255.81	55089.83
255.87	55088.97
255.94	55064.29
256.01	55043.77
256.08	55021.14
256.15	54993.61
256.22	54948.26
256.29	54929.28
256.36	54895.62
256.43	54873.79
256.50	54851.25
256.57	54840.20
256.64	54815.09
256.71	54802.77
256.78	54772.80
256.85	54747.00
256.92	54727.94
256.99	54719.69
257.05	54711.13
257.12	54698.33
257.19	54664.57
257.26	54612.33
257.33	54552.62
257.40	54494.11
257.47	54428.87
257.54	54394.05
257.61	54361.69
257.68	54356.12
257.75	54338.46
257.82	54341.22
257.89	54320.91
257.96	54306.97
258.03	54258.69
258.09	54208.51
258.16	54148.54
258.23	54073.49
258.30	54014.61
258.37	53967.74
258.44	53934.32
258.51	53906.17
258.58	53915.44
258.65	53903.96
258.72	53889.87
258.79	53862.37
258.86	53836.25
258.93	53802.36
258.99	53764.26
259.06	53732.33
259.13	53691.78
259.20	53657.99
259.27	53621.85
259.34	53598.41
259.41	53575.98
259.48	53585.35
259.55	53571.40
259.62	53557.73
259.69	53524.06
259.76	53479.84
259.82	53423.43
259.89	53398.22
259.96	53370.61
260.03	53341.07
260.10	53305.39
260.17	53251.66
260.24	53177.53
260.31	53110.79
260.38	53061.38
260.45	53045.92
260.52	53030.57
260.59	53012.23
260.65	52979.01
260.72	52949.38
260.79	52909.51
260.86	52880.27
260.93	52849.07
261.00	52819.24
261.07	52778.98
261.14	52718.85
261.21	52653.45
261.28	52601.79
261.34	52541.69
261.41	52472.02
261.48	52419.45
261.55	52383.17
261.62	52339.05
261.69	52305.41
261.76	52300.79
261.83	52287.01
261.90	52265.76
261.97	52228.61
262.03	52199.55
262.10	52154.08
262.17	52106.63
262.24	52077.63
262.31	52065.24
262.38	52038.59
262.45	52003.81
262.52	51973.65
262.59	51920.72
262.65	51866.89
262.72	51817.19
262.79	51779.19
262.86	51732.31
262.93	51693.08
263.00	51662.01
263.07	51621.85
263.14	51578.39
263.21	51558.50
263.27	51524.33
263.34	51499.83
263.41	51469.25
263.48	51424.46
263.55	51365.40
263.62	51297.41
263.69	51212.41
263.76	51144.21
263.82	51102.29
263.89	51059.28
263.96	51046.39
264.03	51027.60
264.10	51016.03
264.17	50974.86
264.24	50932.01
264.31	50876.87
264.38	50822.16
264.44	50759.61
264.51	50715.43
264.58	50672.93
264.65	50637.63
264.72	50587.13
264.79	50545.05
264.86	50503.85
264.92	50461.82
264.99	50424.03
265.06	50398.47
265.13	50360.80
265.20	50328.68
265.27	50293.33
265.34	50253.52
265.41	50222.56
265.47	50193.20
265.54	50152.25
265.61	50117.65
265.68	50089.49
265.75	50050.08
265.82	50004.49
265.89	49958.21
265.95	49911.91
266.02	49842.96
266.09	49788.59
266.16	49747.60
266.23	49714.81
266.30	49673.69
266.37	49627.52
266.44	49560.79
266.50	49492.27
266.57	49425.27
266.64	49361.17
266.71	49308.61
266.78	49249.71
266.85	49187.53
266.91	49135.36
266.98	49075.49
267.05	49021.50
267.12	48989.90
267.19	48972.12
267.26	48942.25
267.33	48926.58
267.39	48907.37
267.46	48886.31
267.53	48849.16
267.60	48803.55
267.67	48753.34
267.74	48709.77
267.81	48664.30
267.87	48624.02
267.94	48590.01
268.01	48554.82
268.08	48506.32
268.15	48458.16
268.22	48404.27
268.28	48355.98
268.35	48298.31
268.42	48251.93
268.49	48208.41
268.56	48159.82
268.63	48107.92
268.69	48072.18
268.76	48021.80
268.83	47975.96
268.90	47943.05
268.97	47917.89
269.04	47896.57
269.11	47879.41
269.17	47856.52
269.24	47829.69
269.31	47802.41
269.38	47759.70
269.45	47715.51
269.52	47671.74
269.58	47642.47
269.65	47591.61
269.72	47538.53
269.79	47506.31
269.86	47478.67
269.92	47435.80
269.99	47400.40
270.06	47360.51
270.13	47311.53
270.20	47259.09
270.27	47217.40
270.33	47186.99
270.40	47162.95
270.47	47142.13
270.54	47119.53
270.61	47091.23
270.68	47058.80
270.74	47032.65
270.81	47008.80
270.88	46982.42
270.95	46948.59
271.02	46911.81
271.08	46866.41
271.15	46804.01
271.22	46758.61
271.29	46728.62
271.36	46679.13
271.43	46644.65
271.49	46621.55
271.56	46588.92
271.63	46545.29
271.70	46526.52
271.77	46513.15
271.83	46488.01
271.90	46449.83
271.97	46412.24
272.04	46365.99
272.11	46317.21
272.17	46288.20
272.24	46264.64
272.31	46233.21
272.38	46223.79
272.45	46203.95
272.52	46170.30
272.58	46156.85
272.65	46148.83
272.72	46118.89
272.79	46085.94
272.86	46057.72
272.92	46016.93
272.99	45980.59
273.06	45936.95
273.13	45897.95
273.20	45860.38
273.26	45815.39
273.33	45764.81
273.40	45737.83
273.47	45713.97
273.54	45691.90
273.60	45664.36
273.67	45646.95
273.74	45633.13
273.81	45610.37
273.88	45597.05
273.94	45601.31
274.01	45602.79
274.08	45591.31
274.15	45576.15
274.21	45537.32
274.28	45490.19
274.35	45423.30
274.42	45355.21
274.49	45289.40
274.55	45251.53
274.62	45221.63
274.69	45194.56
274.76	45165.08
274.83	45140.98
274.89	45109.47
274.96	45075.66
275.03	45057.66
275.10	45022.53
275.17	44990.17
275.23	44952.06
275.30	44910.07
275.37	44875.39
275.44	44857.90
275.50	44831.17
275.57	44796.03
275.64	44751.17
275.71	44699.39
275.78	44652.15
275.84	44618.83
275.91	44592.02
275.98	44572.82
276.05	44544.02
276.11	44512.97
276.18	44491.00
276.25	44443.08
276.32	44399.54
276.39	44355.97
276.45	44303.31
276.52	44232.73
276.59	44186.45
276.66	44149.79
276.72	44117.05
276.79	44098.51
276.86	44086.17
276.93	44075.00
276.99	44045.91
277.06	44018.27
277.13	43991.59
277.20	43957.08
277.26	43920.41
277.33	43894.39
277.40	43874.06
277.47	43841.57
277.54	43815.06
277.60	43789.25
277.67	43759.62
277.74	43702.69
277.81	43647.84
277.87	43597.67
277.94	43545.13
278.01	43494.93
278.08	43464.44
278.14	43431.54
278.21	43403.04
278.28	43386.97
278.35	43373.12
278.41	43364.19
278.48	43361.78
278.55	43344.71
278.62	43317.81
278.68	43283.31
278.75	43244.32
278.82	43198.29
278.89	43151.99
278.95	43107.84
279.02	43072.01
279.09	43044.79
279.16	43022.15
279.22	43008.60
279.29	42991.77
279.36	42968.19
279.43	42922.32
279.49	42866.36
279.56	42793.16
279.63	42711.56
279.70	42635.35
279.76	42572.63
279.83	42531.33
279.90	42515.24
279.97	42506.26
280.03	42490.77
280.10	42476.75
280.17	42452.45
280.24	42417.65
280.30	42377.94
280.37	42340.27
280.44	42308.12
280.51	42275.19
280.57	42235.25
280.64	42200.99
280.71	42154.47
280.77	42104.94
280.84	42027.73
280.91	41953.35
280.98	41867.22
281.04	41785.65
281.11	41697.09
281.18	41631.97
281.25	41544.29
281.31	41479.71
281.38	41411.93
281.45	41348.29
281.52	41284.67
281.58	41241.45
281.65	41183.56
281.72	41140.54
281.78	41105.96
281.85	41082.00
281.92	41062.43
281.99	41042.56
282.05	41023.68
282.12	40991.62
282.19	40959.98
282.26	40936.24
282.32	40909.03
282.39	40893.99
282.46	40868.84
282.52	40834.41
282.59	40800.93
282.66	40788.53
282.73	40749.55
282.79	40722.97
282.86	40690.66
282.93	40644.47
282.99	40575.19
283.06	40511.88
283.13	40435.46
283.20	40359.11
283.26	40272.78
283.33	40203.99
283.40	40125.75
283.46	40076.57
283.53	40034.07
283.60	40008.22
283.67	39982.28
283.73	39983.35
283.80	39968.24
283.87	39964.07
283.93	39964.61
284.00	39952.77
284.07	39930.37
284.13	39906.57
284.20	39876.37
284.27	39840.99
284.34	39807.96
284.40	39782.87
284.47	39764.85
284.54	39753.52
284.60	39734.16
284.67	39704.99
284.74	39677.86
284.81	39645.51
284.87	39610.17
284.94	39566.53
285.01	39522.05
285.07	39459.30
285.14	39400.79
285.21	39342.30
285.27	39300.40
285.34	39271.57
285.41	39255.06
285.47	39236.98
285.54	39231.96
285.61	39220.15
285.68	39202.17
285.74	39189.14
285.81	39177.85
285.88	39150.05
285.94	39139.07
286.01	39138.85
286.08	39123.35
286.14	39117.10
286.21	39104.62
286.28	39095.95
286.34	39067.25
286.41	39031.91
286.48	38981.43
286.55	38938.45
286.61	38871.47
286.68	38818.43
286.75	38773.25
286.81	38722.87
286.88	38674.73
286.95	38628.95
287.01	38609.87
287.08	38589.53
287.15	38584.43
287.21	38572.72
287.28	38571.85
287.35	38556.98
287.41	38543.30
287.48	38525.75
287.55	38513.99
287.61	38495.13
287.68	38472.09
287.75	38448.73
287.81	38420.50
287.88	38392.93
287.95	38379.19
288.01	38348.69
288.08	38333.67
288.15	38295.08
288.21	38264.81
288.28	38228.21
288.35	38195.47
288.41	38157.97
288.48	38149.35
288.55	38124.35
288.61	38088.41
288.68	38066.01
288.75	38025.01
288.81	37982.41
288.88	37945.59
288.95	37926.67
289.01	37897.53
289.08	37895.63
289.15	37900.19
289.21	37909.41
289.28	37910.50
289.35	37924.27
289.41	37913.80
289.48	37906.59
289.55	37891.03
289.61	37878.33
289.68	37860.83
289.75	37850.33
289.81	37827.46
289.88	37807.14
289.95	37772.82
290.01	37735.69
290.08	37709.92
290.15	37673.79
290.21	37640.40
290.28	37620.40
290.35	37600.31
290.41	37578.81
290.48	37563.79
290.55	37528.52
290.61	37492.67
290.68	37464.74
290.74	37430.75
290.81	37419.83
290.88	37425.00
290.94	37428.55
291.01	37426.03
291.08	37437.73
291.14	37439.85
291.21	37442.79
291.28	37444.40
291.34	37446.59
291.41	37436.02
291.48	37426.91
291.54	37412.65
291.61	37403.85
291.68	37387.27
291.74	37352.92
291.81	37309.04
291.87	37298.61
291.94	37260.59
292.01	37229.76
292.07	37212.21
292.14	37183.42
292.21	37122.39
292.27	37089.37
292.34	37057.45
292.41	37029.89
292.47	37011.01
292.54	37004.90
292.60	36994.12
292.67	36996.50
292.74	36999.44
292.80	37013.03
292.87	37019.66
292.94	37029.84
293.00	37038.11
293.07	37034.89
293.13	37035.21
293.20	37039.32
293.27	37045.43
293.33	37033.48
293.40	37035.01
293.47	37020.01
293.53	37005.85
293.60	36971.75
293.66	36933.62
293.73	36887.73
293.80	36840.77
293.86	36792.34
293.93	36751.78
294.00	36719.57
294.06	36694.39
294.13	36678.45
294.19	36653.03
294.26	36647.63
294.33	36635.67
294.39	36618.93
294.46	36609.31
294.52	36614.72
294.59	36600.17
294.66	36607.19
294.72	36616.77
294.79	36619.33
294.86	36626.14
294.92	36650.75
294.99	36669.72
295.05	36693.34
295.12	36713.95
295.19	36726.71
295.25	36726.73
295.32	36717.61
295.38	36702.20
295.45	36703.90
295.52	36695.05
295.58	36669.19
295.65	36639.84
295.71	36613.98
295.78	36555.47
295.85	36491.82
295.91	36447.20
295.98	36392.36
296.04	36330.01
296.11	36292.41
296.18	36277.83
296.24	36269.15
296.31	36276.33
296.37	36298.19
296.44	36330.43
296.51	36355.32
296.57	36377.85
296.64	36402.44
296.70	36432.82
296.77	36441.55
296.84	36438.61
296.90	36445.79
296.97	36449.19
297.03	36438.91
297.10	36443.66
297.17	36457.76
297.23	36463.52
297.30	36474.34
297.36	36479.01
297.43	36470.21
297.50	36465.62
297.56	36443.29
297.63	36412.75
297.69	36368.19
297.76	36314.58
297.82	36250.51
297.89	36186.77
297.96	36128.76
298.02	36097.56
298.09	36068.87
298.15	36052.57
298.22	36065.59
298.29	36066.45
298.35	36061.07
298.42	36074.97
298.48	36082.04
298.55	36079.17
298.61	36100.73
298.68	36128.41
298.75	36145.69
298.81	36163.89
298.88	36178.56
298.94	36190.69
299.01	36193.95
299.08	36206.17
299.14	36220.34
299.21	36224.47
299.27	36217.48
299.34	36209.52
299.40	36196.67
299.47	36186.05
299.54	36180.56
299.60	36173.03
299.67	36149.62
299.73	36115.07
299.80	36051.53
299.86	35974.03
299.93	35893.43
299.99	35829.85
300.06	35765.47
300.13	35730.13
300.19	35705.42
300.26	35694.05
300.32	35697.73
300.39	35712.57
300.45	35740.05
300.52	35778.34
300.59	35807.59
300.65	35839.37
300.72	35866.86
300.78	35876.35
300.85	35889.85
300.91	35886.70
300.98	35869.79
301.04	35865.96
301.11	35864.45
301.18	35854.47
301.24	35859.49
301.31	35858.07
301.37	35851.40
301.44	35835.00
301.50	35824.01
301.57	35802.62
301.63	35786.72
301.70	35746.66
301.77	35697.13
301.83	35630.97
301.90	35568.19
301.96	35493.21
302.03	35419.54
302.09	35372.65
302.16	35318.08
302.22	35286.43
302.29	35260.13
302.36	35249.30
302.42	35230.48
302.49	35242.71
302.55	35237.79
302.62	35243.27
302.68	35249.34
302.75	35266.97
302.81	35268.93
302.88	35276.17
302.94	35265.86
303.01	35264.07
303.07	35244.93
303.14	35236.01
303.21	35223.46
303.27	35210.39
303.34	35195.75
303.40	35169.55
303.47	35132.74
303.53	35096.66
303.60	35078.35
303.66	35041.17
303.73	35020.17
303.79	34988.30
303.86	34948.87
303.92	34892.69
303.99	34835.57
304.05	34754.81
304.12	34678.59
304.19	34606.90
304.25	34541.09
304.32	34492.41
304.38	34456.01
304.45	34430.31
304.51	34408.81
304.58	34399.31
304.64	34385.88
304.71	34385.03
304.77	34366.34
304.84	34354.81
304.90	34331.07
304.97	34304.71
305.03	34271.39
305.10	34250.07
305.16	34231.36
305.23	34212.42
305.29	34190.32
305.36	34161.13
305.42	34136.65
305.49	34097.27
305.56	34053.31
305.62	34011.91
305.69	33981.65
305.75	33940.14
305.82	33867.33
305.88	33775.17
305.95	33648.71
306.01	33498.21
306.08	33358.30
306.14	33243.81
306.21	33149.93
306.27	33085.14
306.34	33045.11
306.40	33007.72
306.47	32991.99
306.53	33003.49
306.60	33022.51
306.66	33049.44
306.73	33061.59
306.79	33048.75
306.86	33020.93
306.92	32978.11
306.99	32943.11
307.05	32901.32
307.12	32882.37
307.18	32848.60
307.25	32826.92
307.31	32780.75
307.38	32744.12
307.44	32696.79
307.51	32652.57
307.57	32597.78
307.64	32553.75
307.70	32511.01
307.77	32467.13
307.83	32419.88
307.90	32380.53
307.96	32332.47
308.03	32281.37
308.09	32217.02
308.16	32149.89
308.22	32090.01
308.29	32029.69
308.35	31968.89
308.42	31910.43
308.48	31849.62
308.55	31772.77
308.61	31709.32
308.68	31646.32
308.74	31582.39
308.81	31546.03
308.87	31521.51
308.94	31485.54
309.00	31452.77
309.07	31431.25
309.13	31385.63
309.20	31346.01
309.26	31296.53
309.33	31239.33
309.39	31178.17
309.45	31127.67
309.52	31063.25
309.58	31015.23
309.65	30960.60
309.71	30905.31
309.78	30851.13
309.84	30794.99
309.91	30732.38
309.97	30674.59
310.04	30635.76
310.10	30581.49
310.17	30533.40
310.23	30482.48
310.30	30435.98
310.36	30374.27
310.43	30321.17
310.49	30256.71
310.56	30201.97
310.62	30138.52
310.69	30067.43
310.75	30000.18
310.81	29951.91
310.88	29890.81
310.94	29850.65
311.01	29811.55
311.07	29761.98
311.14	29708.05
311.20	29661.31
311.27	29603.91
311.33	29561.81
311.40	29516.21
311.46	29478.15
311.53	29436.99
311.59	29398.38
311.66	29353.64
311.72	29307.09
311.78	29254.69
311.85	29208.17
311.91	29166.69
311.98	29118.01
312.04	29087.19
312.11	29043.39
312.17	29000.57
312.24	28948.25
312.30	28893.63
312.37	28830.34
312.43	28782.25
312.50	28726.25
312.56	28667.84
312.62	28608.12
312.69	28550.37
312.75	28476.73
312.82	28402.27
312.88	28336.53
312.95	28273.47
313.01	28216.97
313.08	28167.77
313.14	28126.53
313.20	28073.36
313.27	28024.57
313.33	27968.32
313.40	27923.95
313.46	27863.86
313.53	27814.31
313.59	27764.07
313.66	27726.05
313.72	27672.93
313.78	27633.82
313.85	27596.01
313.91	27562.39
313.98	27516.52
314.04	27474.78
314.11	27434.95
314.17	27387.43
314.24	27334.14
314.30	27284.45
314.36	27230.55
314.43	27177.87
314.49	27128.07
314.56	27075.57
314.62	27016.57
314.69	26967.11
314.75	26905.54
314.81	26844.09
314.88	26795.31
314.94	26748.08
315.01	26696.94
315.07	26643.51
315.14	26599.81
315.20	26548.53
315.27	26506.88
315.33	26468.26
315.39	26427.87
315.46	26383.51
315.52	26334.72
315.59	26285.66
315.65	26231.04
315.72	26188.67
315.78	26144.70
315.84	26100.62
315.91	26064.27
315.97	26036.70
316.04	26016.36
316.10	25994.09
316.16	25963.55
316.23	25891.09
316.29	25784.94
316.36	25633.85
316.42	25449.41
316.49	25247.86
316.55	25038.31
316.61	24826.25
316.68	24607.58
316.74	24394.33
316.81	24167.39
316.87	23949.63
316.93	23731.37
317.00	23521.79
317.06	23302.29
317.13	23092.36
317.19	22871.71
317.26	22648.99
317.32	22423.37
317.38	22208.21
317.45	21991.94
317.51	21786.33
317.58	21579.81
317.64	21373.65
317.70	21166.23
317.77	20963.95
317.83	20760.86
317.90	20553.39
317.96	20342.17
318.02	20131.96
318.09	19935.21
318.15	19729.68
318.22	19521.33
318.28	19318.01
318.34	19108.13
318.41	18878.29
318.47	18654.05
318.54	18442.29
318.60	18230.81
318.66	18030.93
318.73	17826.18
318.79	17630.37
318.86	17430.76
318.92	17236.33
318.98	17048.65
319.05	16858.45
319.11	16661.17
319.18	16466.13
319.24	16270.72
319.30	16054.87
319.37	15868.89
319.43	15681.51
319.50	15492.41
319.56	15307.38
319.62	15132.03
319.69	14940.43
319.75	14752.09
319.82	14572.64
319.88	14386.77
319.94	14201.39
320.01	14022.63
320.07	13833.53
320.13	13644.44
320.20	13457.27
320.26	13266.80
320.33	13074.62
320.39	12899.44
320.45	12713.84
320.52	12532.68
320.58	12353.03
320.65	12177.66
320.71	11994.15
320.77	11823.90
320.84	11648.65
320.90	11479.84
320.96	11303.90
321.03	11115.49
321.09	10926.71
321.16	10741.27
321.22	10549.84
321.28	10366.66
321.35	10203.71
321.41	10029.61
321.47	9856.43
321.54	9690.61
321.60	9515.59
321.67	9339.85
321.73	9173.01
321.79	8998.22
321.86	8831.99
321.92	8659.33
321.98	8474.51
322.05	8283.63
322.11	8098.13
322.18	7898.55
322.24	7712.35
322.30	7536.51
322.37	7370.70
322.43	7196.47
322.49	7033.43
322.56	6856.88
322.62	6684.97
322.68	6505.61
322.75	6342.55
322.81	6163.47
322.88	5992.01
322.94	5819.85
323.00	5647.25
323.07	5470.52
323.13	5304.21
323.19	5140.32
323.26	4978.53
323.32	4821.75
323.38	4662.51
323.45	4441.09
323.51	3803.11
323.57	2920.07
323.64	1997.65
323.70	1111.44
323.76	319.50
323.83	-22.45
323.89	-89.30
323.96	-90.83
