180.25	3510.47
180.33	-132.32
180.40	654.62
180.48	-33.10
180.56	10.19
180.63	45.65
180.71	86.54
180.78	86.92
180.86	88.57
180.93	93.48
181.01	95.82
181.08	94.85
181.16	93.58
181.23	94.80
181.31	95.04
181.39	118.60
181.46	128.08
181.54	138.60
181.61	155.32
181.69	163.31
181.76	156.28
181.84	150.07
181.91	151.83
181.99	152.84
182.06	154.79
182.14	160.18
182.22	166.97
182.29	178.57
182.37	183.54
182.44	196.91
182.52	196.06
182.59	214.88
182.67	223.56
182.74	230.78
182.82	234.54
182.89	244.31
182.97	243.54
183.04	253.03
183.12	261.60
183.20	283.88
183.27	299.10
183.35	331.52
183.42	358.95
183.50	405.25
183.57	433.38
183.65	484.95
183.72	533.00
183.80	592.50
183.87	639.72
183.95	690.18
184.02	740.58
184.10	775.21
184.17	793.79
184.25	798.40
184.32	790.98
184.40	762.66
184.47	713.72
184.55	672.99
184.62	671.69
184.70	706.43
184.78	766.10
184.85	888.10
184.93	1029.18
185.00	1164.67
185.08	1301.24
185.15	1438.46
185.23	1573.79
185.30	1702.77
185.38	1820.61
185.45	1935.70
185.53	2060.36
185.60	2172.95
185.68	2303.49
185.75	2405.20
185.83	2486.10
185.90	2534.88
185.98	2513.87
186.05	2421.68
186.13	2302.32
186.20	2134.32
186.28	1983.76
186.35	1928.34
186.43	1971.44
186.50	2113.18
186.58	2344.51
186.65	2600.08
186.73	2853.95
186.80	3079.24
186.88	3288.82
186.95	3508.23
187.03	3724.03
187.10	3926.75
187.18	4159.30
187.25	4376.85
187.33	4587.26
187.40	4820.44
187.48	5028.65
187.55	5210.92
187.63	5363.36
187.70	5440.62
187.78	5436.34
187.85	5386.42
187.93	5208.28
188.00	4920.99
188.08	4597.73
188.15	4316.75
188.23	4145.61
188.30	4150.75
188.38	4341.58
188.45	4662.74
188.53	5020.83
188.60	5356.28
188.68	5659.42
188.75	5936.57
188.83	6226.88
188.90	6484.26
188.98	6737.57
189.05	6995.50
189.13	7222.62
189.20	7416.90
189.28	7623.72
189.35	7800.12
189.43	7959.60
189.50	8106.04
189.58	8177.04
189.65	8171.12
189.73	8104.56
189.80	7930.88
189.87	7671.75
189.95	7350.62
190.02	6948.88
190.10	6515.18
190.17	6194.54
190.25	6056.24
190.32	6118.64
190.40	6371.42
190.47	6779.10
190.55	7220.09
190.62	7624.21
190.70	7976.46
190.77	8309.27
190.85	8623.82
190.92	8884.29
191.00	9119.66
191.07	9342.84
191.15	9515.54
191.22	9655.56
191.29	9783.05
191.37	9878.14
191.44	9966.02
191.52	10070.48
191.59	10155.09
191.67	10224.74
191.74	10272.95
191.82	10265.18
191.89	10231.14
191.97	10191.95
192.04	10129.32
192.12	10014.60
192.19	9833.36
192.27	9583.70
192.34	9348.14
192.41	9213.12
192.49	9218.94
192.56	9377.58
192.64	9651.52
192.71	9948.81
192.79	10185.46
192.86	10371.44
192.94	10471.78
193.01	10545.04
193.09	10613.76
193.16	10723.66
193.23	10852.07
193.31	11016.13
193.38	11210.12
193.46	11380.58
193.53	11506.46
193.61	11621.04
193.68	11721.90
193.76	11785.40
193.83	11856.98
193.91	11927.54
193.98	11986.28
194.05	12043.52
194.13	12080.28
194.20	12085.72
194.28	12070.95
194.35	12029.68
194.43	11956.64
194.50	11843.04
194.58	11707.92
194.65	11608.00
194.72	11596.74
194.80	11699.58
194.87	11922.14
194.95	12238.30
195.02	12571.96
195.10	12858.10
195.17	13100.74
195.25	13304.57
195.32	13477.56
195.39	13624.32
195.47	13737.15
195.54	13818.72
195.62	13840.83
195.69	13777.63
195.77	13632.57
195.84	13439.05
195.91	13211.56
195.99	13057.80
196.06	13018.06
196.14	13101.49
196.21	13280.14
196.29	13524.60
196.36	13769.12
196.43	13979.20
196.51	14145.59
196.58	14262.14
196.66	14329.12
196.73	14360.41
196.81	14360.07
196.88	14326.02
196.95	14274.88
197.03	14187.88
197.10	14051.14
197.18	13885.12
197.25	13724.94
197.33	13593.72
197.40	13519.21
197.47	13498.80
197.55	13562.72
197.62	13681.15
197.70	13861.36
197.77	14097.51
197.84	14385.10
197.92	14667.80
197.99	14960.48
198.07	15228.00
198.14	15448.18
198.22	15639.62
198.29	15799.82
198.36	15917.18
198.44	16016.01
198.51	16068.26
198.59	16047.16
198.66	15958.64
198.73	15803.90
198.81	15586.94
198.88	15338.78
198.96	15117.22
199.03	15002.62
199.10	15037.20
199.18	15179.91
199.25	15443.17
199.33	15787.24
199.40	16115.62
199.48	16363.60
199.55	16569.66
199.62	16725.58
199.70	16864.10
199.77	16992.87
199.85	17136.02
199.92	17237.82
199.99	17305.72
200.07	17282.11
200.14	17158.79
200.22	16886.92
200.29	16508.44
200.36	16118.31
200.44	15813.02
200.51	15631.71
200.59	15622.40
200.66	15762.01
200.73	15978.40
200.81	16207.78
200.88	16437.50
200.95	16681.65
201.03	16942.06
201.10	17215.23
201.18	17475.08
201.25	17719.52
201.32	17920.66
201.40	18099.06
201.47	18232.77
201.55	18313.82
201.62	18321.16
201.69	18224.62
201.77	18067.03
201.84	17889.70
201.92	17682.96
201.99	17464.46
202.06	17342.36
202.14	17335.12
202.21	17434.73
202.28	17666.50
202.36	18010.58
202.43	18404.21
202.51	18755.67
202.58	19036.98
202.65	19261.82
202.73	19470.12
202.80	19653.94
202.87	19842.16
202.95	20033.99
203.02	20185.88
203.10	20257.42
203.17	20260.38
203.24	20145.24
203.32	19855.16
203.39	19404.61
203.46	18950.36
203.54	18584.42
203.61	18400.57
203.69	18446.20
203.76	18720.65
203.83	19090.34
203.91	19445.76
203.98	19755.00
204.05	20016.42
204.13	20252.96
204.20	20447.60
204.28	20622.33
204.35	20745.01
204.42	20837.84
204.50	20906.02
204.57	20962.53
204.64	20989.39
204.72	20988.80
204.79	20899.96
204.86	20706.86
204.94	20476.66
205.01	20239.34
205.09	19999.28
205.16	19830.99
205.23	19803.12
205.31	19915.62
205.38	20146.46
205.45	20499.08
205.53	20941.59
205.60	21400.04
205.67	21812.80
205.75	22155.09
205.82	22436.99
205.89	22658.73
205.97	22858.13
206.04	23038.56
206.12	23212.80
206.19	23384.21
206.26	23503.86
206.34	23557.04
206.41	23493.62
206.48	23277.05
206.56	22867.48
206.63	22350.86
206.70	21834.28
206.78	21467.84
206.85	21340.60
206.92	21491.46
207.00	21876.68
207.07	22364.50
207.14	22848.28
207.22	23279.43
207.29	23650.13
207.36	23971.86
207.44	24255.07
207.51	24496.62
207.58	24712.99
207.66	24907.40
207.73	25073.00
207.80	25197.44
207.88	25259.26
207.95	25222.12
208.02	25086.10
208.10	24785.08
208.17	24338.72
208.25	23839.96
208.32	23424.22
208.39	23108.44
208.47	23006.78
208.54	23102.24
208.61	23351.04
208.69	23654.42
208.76	23994.94
208.83	24365.65
208.90	24755.86
208.98	25145.67
209.05	25510.32
209.12	25846.61
209.20	26133.64
209.27	26398.22
209.34	26624.10
209.42	26839.10
209.49	27024.76
209.56	27143.32
209.64	27206.36
209.71	27169.20
209.78	26985.48
209.86	26676.15
209.93	26319.13
210.00	25921.23
210.08	25569.91
210.15	25372.20
210.22	25383.78
210.30	25550.71
210.37	25852.09
210.44	26246.88
210.52	26663.15
210.59	27022.16
210.66	27333.77
210.74	27614.52
210.81	27859.12
210.88	28092.24
210.96	28317.29
211.03	28542.83
211.10	28740.70
211.17	28934.78
211.25	29058.17
211.32	29119.20
211.39	29091.54
211.47	28949.62
211.54	28619.35
211.61	28175.91
211.69	27742.82
211.76	27436.24
211.83	27309.42
211.91	27419.80
211.98	27700.76
212.05	28049.90
212.12	28360.99
212.20	28630.65
212.27	28864.78
212.34	29073.63
212.42	29258.97
212.49	29439.21
212.56	29610.85
212.64	29789.51
212.71	29995.28
212.78	30205.06
212.85	30398.72
212.93	30560.82
213.00	30674.37
213.07	30726.26
213.15	30660.88
213.22	30487.30
213.29	30270.78
213.37	30038.66
213.44	29830.04
213.51	29735.67
213.58	29780.69
213.66	29919.60
213.73	30134.91
213.80	30394.99
213.88	30667.14
213.95	30895.30
214.02	31076.21
214.09	31237.56
214.17	31392.12
214.24	31564.14
214.31	31776.12
214.39	31992.55
214.46	32202.22
214.53	32379.72
214.60	32513.16
214.68	32608.15
214.75	32689.68
214.82	32714.84
214.90	32671.76
214.97	32531.93
215.04	32268.70
215.11	31966.67
215.19	31731.83
215.26	31641.26
215.33	31688.78
215.41	31921.47
215.48	32243.27
215.55	32556.82
215.62	32798.33
215.70	33019.14
215.77	33197.72
215.84	33371.12
215.91	33525.38
215.99	33695.17
216.06	33851.70
216.13	33995.80
216.21	34094.22
216.28	34193.42
216.35	34277.94
216.42	34353.93
216.50	34403.00
216.57	34438.85
216.64	34400.36
216.71	34274.36
216.79	34082.50
216.86	33911.73
216.93	33793.06
217.01	33777.50
217.08	33875.94
217.15	34071.41
217.22	34288.60
217.30	34507.49
217.37	34715.01
217.44	34914.46
217.51	35101.54
217.59	35289.72
217.66	35456.94
217.73	35605.49
217.80	35732.00
217.88	35836.86
217.95	35938.10
218.02	36020.83
218.09	36106.21
218.17	36206.51
218.24	36317.79
218.31	36389.50
218.38	36452.02
218.46	36462.88
218.53	36371.18
218.60	36192.56
218.67	36012.15
218.75	35861.42
218.82	35795.32
218.89	35865.58
218.96	36053.98
219.04	36283.81
219.11	36533.74
219.18	36745.92
219.25	36928.58
219.33	37077.57
219.40	37227.72
219.47	37369.72
219.54	37496.77
219.62	37608.46
219.69	37736.79
219.76	37869.21
219.83	37978.90
219.91	38104.07
219.98	38226.54
220.05	38309.04
220.12	38353.16
220.20	38379.16
220.27	38358.79
220.34	38271.04
220.41	38141.26
220.49	38009.71
220.56	37917.66
220.63	37900.58
220.70	37979.32
220.78	38145.68
220.85	38333.52
220.92	38496.32
220.99	38629.19
221.06	38739.58
221.14	38845.43
221.21	38955.86
221.28	39081.58
221.35	39210.89
221.43	39340.72
221.50	39457.94
221.57	39572.51
221.64	39690.94
221.72	39804.40
221.79	39913.97
221.86	39999.58
221.93	40069.54
222.00	40119.86
222.08	40150.08
222.15	40139.44
222.22	40119.40
222.29	40103.54
222.37	40093.33
222.44	40102.03
222.51	40149.58
222.58	40224.00
222.65	40303.45
222.73	40388.94
222.80	40489.11
222.87	40597.55
222.94	40695.26
223.02	40802.91
223.09	40901.18
223.16	40990.58
223.23	41092.06
223.30	41223.49
223.38	41342.38
223.45	41464.02
223.52	41582.38
223.59	41687.81
223.66	41760.21
223.74	41814.88
223.81	41863.43
223.88	41900.98
223.95	41925.32
224.03	41944.79
224.10	41957.18
224.17	41976.10
224.24	42003.61
224.31	42048.31
224.39	42109.08
224.46	42205.90
224.53	42289.37
224.60	42375.86
224.67	42458.62
224.75	42553.42
224.82	42648.76
224.89	42764.86
224.96	42889.90
225.03	43002.66
225.11	43105.45
225.18	43206.33
225.25	43306.45
225.32	43383.29
225.39	43469.35
225.47	43542.88
225.54	43596.24
225.61	43613.83
225.68	43633.00
225.75	43644.08
225.83	43676.14
225.90	43733.34
225.97	43817.29
226.04	43919.48
226.11	44026.98
226.19	44133.41
226.26	44224.97
226.33	44323.18
226.40	44413.61
226.47	44505.59
226.54	44589.32
226.62	44681.11
226.69	44778.54
226.76	44878.79
226.83	44971.90
226.90	45065.89
226.98	45129.18
227.05	45180.59
227.12	45230.25
227.19	45273.38
227.26	45317.30
227.34	45388.36
227.41	45454.44
227.48	45516.96
227.55	45572.92
227.62	45630.85
227.69	45689.39
227.77	45756.14
227.84	45831.86
227.91	45926.12
227.98	46012.71
228.05	46090.02
228.12	46159.40
228.20	46233.98
228.27	46303.59
228.34	46388.81
228.41	46486.88
228.48	46594.46
228.56	46696.16
228.63	46801.85
228.70	46887.94
228.77	46971.98
228.84	47064.08
228.91	47150.95
228.99	47250.60
229.06	47367.05
229.13	47477.05
229.20	47569.36
229.27	47657.17
229.34	47724.86
229.42	47782.76
229.49	47843.98
229.56	47911.72
229.63	47981.91
229.70	48037.16
229.77	48090.87
229.85	48146.59
229.92	48186.09
229.99	48228.28
230.06	48295.00
230.13	48383.96
230.20	48481.45
230.27	48599.14
230.35	48724.48
230.42	48847.72
230.49	48953.30
230.56	49054.27
230.63	49150.41
230.70	49219.79
230.78	49286.60
230.85	49346.62
230.92	49398.35
230.99	49458.40
231.06	49551.18
231.13	49659.30
231.20	49774.34
231.28	49890.53
231.35	50001.48
231.42	50096.13
231.49	50184.37
231.56	50262.62
231.63	50344.54
231.71	50421.97
231.78	50493.71
231.85	50552.25
231.92	50620.02
231.99	50682.32
232.06	50757.70
232.13	50858.78
232.21	50958.50
232.28	51052.04
232.35	51134.00
232.42	51213.02
232.49	51277.98
232.56	51371.80
232.63	51475.58
232.71	51598.04
232.78	51703.17
232.85	51801.41
232.92	51877.06
232.99	51947.85
233.06	52015.52
233.13	52079.89
233.20	52132.73
233.28	52185.96
233.35	52230.40
233.42	52277.94
233.49	52347.72
233.56	52438.60
233.63	52533.86
233.70	52645.70
233.78	52752.82
233.85	52859.14
233.92	52951.80
233.99	53042.10
234.06	53121.79
234.13	53206.16
234.20	53284.46
234.27	53365.95
234.35	53429.60
234.42	53499.70
234.49	53555.08
234.56	53598.80
234.63	53646.52
234.70	53698.19
234.77	53732.56
234.84	53777.62
234.92	53840.54
234.99	53904.52
235.06	53980.40
235.13	54074.69
235.20	54179.79
235.27	54261.78
235.34	54359.26
235.41	54455.64
235.48	54537.74
235.56	54608.70
235.63	54685.18
235.70	54734.04
235.77	54768.38
235.84	54796.08
235.91	54811.35
235.98	54829.51
236.05	54853.04
236.12	54895.64
236.20	54938.62
236.27	54991.32
236.34	55051.86
236.41	55111.39
236.48	55156.74
236.55	55210.15
236.62	55264.10
236.69	55316.62
236.76	55381.61
236.84	55451.18
236.91	55521.73
236.98	55591.13
237.05	55643.43
237.12	55685.56
237.19	55727.06
237.26	55774.27
237.33	55817.44
237.40	55859.36
237.47	55900.06
237.55	55947.28
237.62	56013.84
237.69	56074.63
237.76	56153.94
237.83	56240.26
237.90	56316.20
237.97	56366.23
238.04	56424.96
238.11	56471.92
238.18	56516.49
238.26	56559.05
238.33	56586.26
238.40	56606.57
238.47	56637.50
238.54	56655.84
238.61	56670.45
238.68	56687.36
238.75	56708.52
238.82	56736.82
238.89	56773.58
238.96	56822.06
239.04	56885.20
239.11	56956.08
239.18	57003.84
239.25	57033.25
239.32	57060.77
239.39	57077.11
239.46	57069.73
239.53	57059.40
239.60	57053.15
239.67	57059.78
239.74	57076.58
239.81	57092.34
239.89	57134.90
239.96	57176.70
240.03	57204.96
240.10	57233.25
240.17	57265.98
240.24	57279.42
240.31	57314.46
240.38	57351.05
240.45	57413.67
240.52	57488.44
240.59	57560.46
240.66	57610.47
240.73	57661.16
240.80	57671.29
240.88	57680.40
240.95	57693.98
241.02	57723.00
241.09	57740.66
241.16	57776.82
241.23	57800.58
241.30	57799.99
241.37	57765.74
241.44	57750.88
241.51	57744.48
241.58	57751.44
241.65	57786.64
241.72	57841.44
241.79	57878.24
241.86	57891.39
241.94	57910.28
242.01	57897.29
242.08	57885.88
242.15	57886.48
242.22	57885.29
242.29	57866.07
242.36	57883.40
242.43	57877.94
242.50	57868.99
242.57	57863.96
242.64	57871.98
242.71	57862.88
242.78	57878.53
242.85	57884.01
242.92	57890.04
242.99	57899.96
243.06	57905.60
243.14	57911.28
243.21	57934.62
243.28	57955.32
243.35	57969.61
243.42	58007.75
243.49	58040.92
243.56	58052.42
243.63	58074.43
243.70	58095.40
243.77	58091.41
243.84	58081.36
243.91	58071.99
243.98	58057.04
244.05	58014.47
244.12	57989.38
244.19	57966.28
244.26	57950.34
244.33	57919.21
244.40	57906.10
244.47	57886.76
244.54	57880.48
244.62	57845.46
244.69	57823.30
244.76	57820.31
244.83	57817.24
244.90	57817.65
244.97	57838.70
245.04	57869.64
245.11	57879.32
245.18	57881.08
245.25	57879.31
245.32	57894.22
245.39	57912.18
245.46	57925.24
245.53	57932.55
245.60	57935.33
245.67	57929.42
245.74	57905.61
245.81	57887.02
245.88	57866.90
245.95	57851.61
246.02	57823.56
246.09	57778.50
246.16	57728.25
246.23	57686.45
246.30	57655.36
246.37	57641.83
246.44	57669.63
246.51	57704.32
246.58	57739.95
246.65	57763.12
246.72	57787.55
246.79	57784.39
246.87	57775.36
246.94	57759.50
247.01	57746.54
247.08	57702.71
247.15	57641.13
247.22	57572.07
247.29	57510.64
247.36	57455.29
247.43	57422.53
247.50	57414.94
247.57	57433.31
247.64	57467.75
247.71	57483.09
247.78	57500.62
247.85	57525.72
247.92	57543.74
247.99	57534.80
248.06	57529.13
248.13	57501.52
248.20	57479.12
248.27	57446.16
248.34	57427.34
248.41	57418.67
248.48	57425.40
248.55	57412.42
248.62	57418.18
248.69	57432.78
248.76	57422.66
248.83	57410.69
248.90	57393.08
248.97	57356.47
249.04	57295.34
249.11	57254.42
249.18	57214.66
249.25	57174.52
249.32	57133.19
249.39	57089.38
249.46	57042.25
249.53	56993.20
249.60	56954.48
249.67	56932.50
249.74	56922.40
249.81	56921.07
249.88	56937.52
249.95	56957.61
250.02	56979.34
250.09	57001.84
250.16	57013.20
250.23	57002.10
250.30	56990.70
250.37	56980.61
250.44	56981.00
250.51	56970.21
250.58	56982.62
250.65	56991.42
250.72	56955.70
250.79	56909.97
250.86	56885.27
250.93	56837.32
251.00	56785.38
251.07	56763.68
251.14	56733.60
251.21	56712.82
251.28	56693.04
251.35	56676.36
251.42	56663.50
251.49	56661.32
251.56	56638.51
251.63	56614.92
251.70	56598.31
251.77	56573.18
251.84	56534.72
251.91	56494.13
251.98	56443.22
252.05	56391.54
252.12	56340.64
252.18	56298.53
252.25	56273.00
252.32	56271.77
252.39	56267.59
252.46	56269.56
252.53	56264.16
252.60	56246.00
252.67	56225.63
252.74	56197.82
252.81	56155.56
252.88	56132.26
252.95	56092.42
253.02	56052.27
253.09	56030.05
253.16	56017.99
253.23	55994.80
253.30	56001.45
253.37	55995.61
253.44	55973.66
253.51	55938.99
253.58	55910.21
253.65	55884.38
253.72	55879.55
253.79	55873.61
253.86	55878.27
253.93	55872.01
254.00	55855.80
254.07	55835.60
254.14	55792.22
254.21	55757.00
254.28	55728.95
254.35	55700.22
254.41	55664.21
254.48	55648.86
254.55	55636.00
254.62	55610.58
254.69	55566.57
254.76	55526.14
254.83	55475.94
254.90	55439.40
254.97	55421.20
255.04	55420.65
255.11	55404.78
255.18	55389.94
255.25	55337.52
255.32	55288.42
255.39	55231.26
255.46	55182.80
255.53	55160.49
255.60	55148.59
255.67	55141.71
255.74	55143.58
255.81	55148.84
255.87	55144.30
255.94	55138.33
256.01	55116.58
256.08	55090.88
256.15	55063.25
256.22	55018.06
256.29	54985.28
256.36	54947.14
256.43	54915.56
256.50	54883.13
256.57	54870.65
256.64	54841.59
256.71	54826.86
256.78	54803.66
256.85	54788.28
256.92	54763.63
256.99	54752.08
257.05	54737.98
257.12	54720.10
257.19	54676.74
257.26	54634.19
257.33	54580.38
257.40	54522.88
257.47	54465.92
257.54	54444.60
257.61	54422.96
257.68	54412.86
257.75	54407.22
257.82	54407.69
257.89	54384.86
257.96	54360.56
258.03	54321.08
258.09	54272.36
258.16	54211.42
258.23	54142.53
258.30	54080.85
258.37	54027.04
258.44	53990.47
258.51	53965.84
258.58	53956.98
258.65	53954.75
258.72	53956.62
258.79	53924.46
258.86	53900.04
258.93	53881.12
258.99	53839.63
259.06	53790.90
259.13	53747.16
259.20	53699.64
259.27	53653.87
259.34	53622.84
259.41	53611.96
259.48	53621.07
259.55	53615.86
259.62	53602.57
259.69	53573.22
259.76	53531.30
259.82	53469.08
259.89	53438.69
259.96	53403.60
260.03	53373.62
260.10	53332.44
260.17	53288.48
260.24	53214.96
260.31	53154.51
260.38	53108.03
260.45	53085.80
260.52	53078.44
260.59	53064.10
260.65	53042.54
260.72	53018.75
260.79	52989.07
260.86	52957.20
260.93	52931.20
261.00	52899.07
261.07	52859.26
261.14	52793.24
261.21	52731.39
261.28	52673.84
261.34	52608.27
261.41	52541.48
261.48	52496.00
261.55	52447.11
261.62	52401.22
261.69	52363.44
261.76	52333.55
261.83	52311.49
261.90	52285.64
261.97	52246.72
262.03	52219.43
262.10	52186.66
262.17	52140.84
262.24	52108.40
262.31	52096.58
262.38	52066.83
262.45	52048.22
262.52	52018.20
262.59	51980.02
262.65	51932.50
262.72	51889.78
262.79	51845.64
262.86	51806.29
262.93	51765.58
263.00	51728.60
263.07	51685.44
263.14	51636.24
263.21	51605.34
263.27	51579.57
263.34	51552.94
263.41	51509.73
263.48	51461.30
263.55	51406.42
263.62	51331.63
263.69	51251.37
263.76	51201.04
263.82	51156.29
263.89	51117.34
263.96	51096.52
264.03	51075.10
264.10	51055.23
264.17	51010.39
264.24	50958.66
264.31	50911.54
264.38	50857.59
264.44	50794.38
264.51	50752.06
264.58	50716.12
264.65	50671.60
264.72	50627.84
264.79	50585.35
264.86	50552.27
264.92	50509.70
264.99	50479.54
265.06	50456.14
265.13	50428.29
265.20	50401.78
265.27	50370.36
265.34	50321.67
265.41	50281.51
265.47	50241.14
265.54	50200.26
265.61	50162.62
265.68	50138.28
265.75	50095.16
265.82	50051.04
265.89	49994.13
265.95	49939.62
266.02	49874.03
266.09	49827.88
266.16	49800.33
266.23	49764.12
266.30	49724.75
266.37	49673.68
266.44	49600.58
266.50	49518.84
266.57	49457.00
266.64	49393.98
266.71	49339.87
266.78	49290.28
266.85	49230.87
266.91	49171.62
266.98	49111.12
267.05	49064.54
267.12	49037.90
267.19	49021.88
267.26	48991.58
267.33	48977.98
267.39	48952.46
267.46	48927.95
267.53	48875.29
267.60	48839.38
267.67	48795.62
267.74	48762.94
267.81	48715.70
267.87	48684.76
267.94	48653.78
268.01	48614.43
268.08	48560.60
268.15	48506.08
268.22	48459.10
268.28	48405.46
268.35	48345.60
268.42	48300.44
268.49	48252.56
268.56	48196.02
268.63	48139.38
268.69	48101.86
268.76	48048.40
268.83	48004.03
268.90	47973.40
268.97	47955.51
269.04	47934.78
269.11	47920.57
269.17	47906.60
269.24	47885.95
269.31	47861.10
269.38	47827.04
269.45	47788.04
269.52	47746.52
269.58	47705.20
269.65	47634.77
269.72	47578.51
269.79	47529.92
269.86	47497.66
269.92	47455.56
269.99	47434.03
270.06	47393.09
270.13	47359.00
270.20	47300.33
270.27	47270.00
270.33	47234.70
270.40	47204.85
270.47	47168.76
270.54	47150.95
270.61	47124.05
270.68	47106.14
270.74	47092.22
270.81	47087.25
270.88	47061.22
270.95	47025.30
271.02	46977.16
271.08	46916.75
271.15	46847.76
271.22	46791.57
271.29	46751.22
271.36	46696.65
271.43	46663.59
271.49	46645.42
271.56	46623.86
271.63	46596.22
271.70	46587.04
271.77	46584.57
271.83	46551.97
271.90	46509.45
271.97	46466.16
272.04	46413.62
272.11	46362.00
272.17	46329.68
272.24	46318.45
272.31	46297.66
272.38	46290.96
272.45	46271.16
272.52	46248.42
272.58	46219.71
272.65	46212.22
272.72	46186.91
272.79	46151.34
272.86	46112.10
272.92	46066.17
272.99	46009.08
273.06	45967.13
273.13	45928.34
273.20	45890.74
273.26	45859.65
273.33	45831.92
273.40	45796.52
273.47	45774.88
273.54	45748.62
273.60	45728.90
273.67	45694.45
273.74	45668.82
273.81	45645.56
273.88	45635.10
273.94	45623.86
274.01	45626.85
274.08	45619.10
274.15	45599.37
274.21	45568.63
274.28	45517.86
274.35	45454.76
274.42	45398.90
274.49	45336.81
274.55	45297.91
274.62	45275.97
274.69	45245.48
274.76	45217.96
274.83	45200.51
274.89	45167.11
274.96	45128.91
275.03	45099.49
275.10	45072.46
275.17	45035.02
275.23	44993.62
275.30	44948.77
275.37	44915.53
275.44	44883.24
275.50	44854.85
275.57	44826.82
275.64	44789.22
275.71	44742.54
275.78	44690.08
275.84	44657.89
275.91	44620.84
275.98	44592.61
276.05	44569.92
276.11	44551.04
276.18	44518.25
276.25	44478.99
276.32	44441.15
276.39	44405.38
276.45	44342.43
276.52	44276.92
276.59	44238.42
276.66	44204.37
276.72	44167.71
276.79	44161.92
276.86	44158.48
276.93	44134.19
276.99	44104.34
277.06	44070.28
277.13	44026.47
277.20	43988.11
277.26	43957.17
277.33	43937.89
277.40	43920.28
277.47	43901.28
277.54	43869.64
277.60	43838.68
277.67	43790.46
277.74	43727.93
277.81	43671.77
277.87	43623.97
277.94	43569.43
278.01	43542.39
278.08	43508.33
278.14	43474.10
278.21	43442.32
278.28	43433.82
278.35	43414.85
278.41	43413.60
278.48	43408.44
278.55	43395.87
278.62	43376.86
278.68	43338.66
278.75	43294.50
278.82	43255.33
278.89	43211.38
278.95	43152.28
279.02	43099.44
279.09	43077.44
279.16	43054.74
279.22	43036.52
279.29	43022.00
279.36	43005.64
279.43	42961.50
279.49	42908.28
279.56	42840.72
279.63	42761.19
279.70	42683.31
279.76	42615.88
279.83	42575.04
279.90	42554.30
279.97	42534.89
280.03	42530.13
280.10	42514.96
280.17	42480.85
280.24	42444.72
280.30	42417.32
280.37	42374.46
280.44	42339.62
280.51	42305.02
280.57	42270.76
280.64	42233.38
280.71	42184.02
280.77	42129.10
280.84	42058.92
280.91	41978.16
280.98	41890.06
281.04	41816.00
281.11	41738.19
281.18	41665.84
281.25	41595.81
281.31	41530.58
281.38	41455.72
281.45	41394.14
281.52	41338.86
281.58	41280.28
281.65	41228.74
281.72	41192.30
281.78	41157.78
281.85	41129.74
281.92	41119.76
281.99	41106.82
282.05	41083.48
282.12	41055.19
282.19	41022.21
282.26	40979.35
282.32	40954.04
282.39	40942.45
282.46	40912.00
282.52	40888.33
282.59	40865.32
282.66	40836.85
282.73	40795.29
282.79	40766.50
282.86	40722.64
282.93	40671.84
282.99	40606.70
283.06	40539.87
283.13	40462.94
283.20	40381.02
283.26	40296.91
283.33	40212.93
283.40	40146.66
283.46	40098.34
283.53	40061.77
283.60	40036.90
283.67	40027.68
283.73	40022.25
283.80	39998.26
283.87	39990.44
283.93	39986.62
284.00	39967.14
284.07	39945.37
284.13	39924.96
284.20	39895.51
284.27	39865.41
284.34	39833.25
284.40	39808.74
284.47	39802.18
284.54	39791.06
284.60	39774.45
284.67	39758.71
284.74	39732.12
284.81	39691.15
284.87	39653.37
284.94	39607.37
285.01	39564.68
285.07	39503.05
285.14	39450.94
285.21	39406.09
285.27	39374.24
285.34	39341.70
285.41	39330.24
285.47	39317.66
285.54	39294.80
285.61	39269.48
285.68	39250.92
285.74	39232.88
285.81	39211.08
285.88	39194.70
285.94	39180.36
286.01	39167.67
286.08	39149.84
286.14	39140.78
286.21	39128.90
286.28	39116.86
286.34	39089.98
286.41	39057.79
286.48	39004.36
286.55	38951.35
286.61	38892.72
286.68	38838.92
286.75	38781.03
286.81	38739.48
286.88	38700.08
286.95	38657.53
287.01	38636.67
287.08	38629.80
287.15	38621.04
287.21	38607.84
287.28	38603.11
287.35	38590.09
287.41	38575.82
287.48	38559.72
287.55	38550.53
287.61	38543.88
287.68	38525.59
287.75	38493.37
287.81	38466.68
287.88	38435.42
287.95	38413.69
288.01	38387.66
288.08	38370.92
288.15	38335.00
288.21	38296.54
288.28	38252.44
288.35	38219.33
288.41	38194.24
288.48	38180.68
288.55	38163.21
288.61	38128.22
288.68	38088.56
288.75	38041.98
288.81	38003.02
288.88	37975.42
288.95	37958.94
289.01	37958.25
289.08	37960.91
289.15	37966.77
289.21	37971.11
289.28	37969.33
289.35	37965.18
289.41	37956.21
289.48	37947.12
289.55	37935.99
289.61	37922.86
289.68	37911.84
289.75	37892.30
289.81	37869.56
289.88	37844.06
289.95	37816.61
290.01	37769.76
290.08	37733.12
290.15	37690.54
290.21	37662.26
290.28	37636.84
290.35	37617.95
290.41	37601.60
290.48	37590.17
290.55	37554.38
290.61	37515.20
290.68	37484.03
290.74	37458.37
290.81	37442.52
290.88	37444.24
290.94	37448.74
291.01	37458.06
291.08	37458.81
291.14	37458.46
291.21	37454.72
291.28	37454.64
291.34	37451.54
291.41	37449.88
291.48	37445.38
291.54	37438.82
291.61	37437.51
291.68	37421.08
291.74	37396.46
291.81	37363.64
291.87	37358.82
291.94	37323.76
292.01	37296.45
292.07	37260.42
292.14	37229.59
292.21	37163.50
292.27	37120.56
292.34	37085.81
292.41	37068.27
292.47	37039.06
292.54	37025.88
292.60	37027.68
292.67	37022.39
292.74	37023.67
292.80	37045.36
292.87	37055.50
292.94	37052.59
293.00	37055.15
293.07	37057.74
293.13	37057.11
293.20	37065.09
293.27	37070.12
293.33	37072.77
293.40	37071.12
293.47	37059.69
293.53	37039.13
293.60	37019.26
293.66	36981.74
293.73	36939.95
293.80	36885.62
293.86	36840.89
293.93	36800.36
294.00	36769.33
294.06	36735.66
294.13	36724.41
294.19	36706.20
294.26	36693.50
294.33	36684.48
294.39	36674.85
294.46	36663.89
294.52	36646.28
294.59	36651.67
294.66	36647.24
294.72	36649.78
294.79	36656.99
294.86	36682.48
294.92	36684.92
294.99	36712.28
295.05	36739.50
295.12	36753.62
295.19	36766.99
295.25	36770.26
295.32	36763.17
295.38	36754.96
295.45	36754.62
295.52	36732.08
295.58	36708.39
295.65	36680.38
295.71	36642.62
295.78	36588.96
295.85	36537.60
295.91	36500.63
295.98	36444.06
296.04	36386.45
296.11	36352.52
296.18	36334.61
296.24	36311.02
296.31	36310.34
296.37	36328.30
296.44	36348.52
296.51	36368.01
296.57	36399.98
296.64	36437.97
296.70	36475.55
296.77	36496.70
296.84	36513.90
296.90	36515.42
296.97	36511.59
297.03	36505.00
297.10	36498.54
297.17	36502.25
297.23	36513.36
297.30	36515.28
297.36	36510.83
297.43	36503.74
297.50	36490.20
297.56	36461.46
297.63	36431.54
297.69	36390.14
297.76	36337.94
297.82	36277.58
297.89	36226.52
297.96	36174.62
298.02	36137.85
298.09	36116.90
298.15	36106.14
298.22	36106.02
298.29	36105.25
298.35	36103.52
298.42	36102.14
298.48	36107.03
298.55	36104.26
298.61	36117.57
298.68	36142.61
298.75	36166.14
298.81	36178.14
298.88	36194.88
298.94	36214.21
299.01	36220.12
299.08	36225.31
299.14	36245.88
299.21	36250.91
299.27	36249.73
299.34	36244.11
299.40	36246.95
299.47	36222.96
299.54	36217.84
299.60	36207.78
299.67	36188.44
299.73	36152.25
299.80	36101.58
299.86	36021.32
299.93	35936.26
299.99	35863.01
300.06	35795.36
300.13	35756.89
300.19	35743.78
300.26	35734.32
300.32	35739.53
300.39	35747.35
300.45	35773.89
300.52	35797.42
300.59	35836.46
300.65	35855.40
300.72	35891.68
300.78	35907.46
300.85	35923.33
300.91	35919.78
300.98	35921.78
301.04	35915.01
301.11	35911.22
301.18	35896.73
301.24	35891.13
301.31	35885.78
301.37	35874.86
301.44	35855.42
301.50	35845.66
301.57	35825.64
301.63	35811.14
301.70	35780.90
301.77	35735.39
301.83	35674.23
301.90	35604.54
301.96	35518.54
302.03	35441.99
302.09	35390.98
302.16	35346.10
302.22	35321.67
302.29	35299.24
302.36	35289.50
302.42	35271.71
302.49	35270.22
302.55	35265.16
302.62	35271.27
302.68	35278.88
302.75	35279.91
302.81	35279.86
302.88	35277.76
302.94	35274.20
303.01	35271.22
303.07	35260.16
303.14	35259.11
303.21	35254.31
303.27	35249.10
303.34	35236.78
303.40	35224.22
303.47	35192.30
303.53	35159.36
303.60	35126.38
303.66	35080.65
303.73	35047.86
303.79	35001.86
303.86	34962.01
303.92	34910.86
303.99	34859.00
304.05	34782.90
304.12	34706.55
304.19	34629.25
304.25	34562.98
304.32	34505.14
304.38	34467.68
304.45	34450.32
304.51	34436.04
304.58	34429.02
304.64	34422.43
304.71	34423.78
304.77	34407.24
304.84	34385.16
304.90	34356.44
304.97	34332.30
305.03	34294.70
305.10	34265.59
305.16	34251.19
305.23	34233.02
305.29	34198.62
305.36	34166.78
305.42	34148.67
305.49	34107.24
305.56	34064.46
305.62	34034.74
305.69	34001.70
305.75	33953.24
305.82	33885.15
305.88	33789.00
305.95	33656.16
306.01	33513.75
306.08	33376.06
306.14	33264.92
306.21	33176.02
306.27	33111.32
306.34	33067.16
306.40	33027.16
306.47	33007.18
306.53	33018.16
306.60	33036.60
306.66	33055.47
306.73	33069.62
306.79	33062.02
306.86	33035.72
306.92	33001.64
306.99	32970.23
307.05	32944.51
307.12	32913.95
307.18	32874.45
307.25	32839.69
307.31	32802.98
307.38	32749.07
307.44	32706.40
307.51	32662.61
307.57	32614.44
307.64	32570.84
307.70	32541.61
307.77	32491.26
307.83	32443.71
307.90	32404.14
307.96	32358.84
308.03	32290.28
308.09	32233.09
308.16	32173.05
308.22	32112.45
308.29	32040.14
308.35	31983.34
308.42	31936.47
308.48	31872.43
308.55	31798.01
308.61	31741.93
308.68	31680.82
308.74	31609.88
308.81	31569.72
308.87	31540.31
308.94	31518.18
309.00	31484.56
309.07	31456.31
309.13	31418.12
309.20	31383.75
309.26	31315.48
309.33	31268.40
309.39	31215.19
309.45	31156.93
309.52	31090.02
309.58	31041.82
309.65	30980.87
309.71	30918.81
309.78	30864.36
309.84	30810.82
309.91	30755.34
309.97	30697.48
310.04	30660.17
310.10	30602.70
310.17	30551.70
310.23	30499.56
310.30	30454.35
310.36	30401.20
310.43	30358.88
310.49	30300.38
310.56	30235.44
310.62	30170.97
310.69	30098.46
310.75	30028.62
310.81	29974.94
310.88	29928.84
310.94	29885.40
311.01	29838.14
311.07	29795.79
311.14	29741.79
311.20	29682.92
311.27	29620.73
311.33	29585.16
311.40	29539.88
311.46	29499.06
311.53	29465.40
311.59	29440.31
311.66	29395.48
311.72	29344.10
311.78	29290.96
311.85	29239.15
311.91	29189.13
311.98	29130.66
312.04	29086.89
312.11	29056.45
312.17	29017.33
312.24	28973.16
312.30	28920.94
312.37	28860.41
312.43	28792.56
312.50	28728.26
312.56	28663.76
312.62	28606.91
312.69	28553.09
312.75	28491.10
312.82	28424.93
312.88	28357.22
312.95	28303.50
313.01	28242.74
313.08	28189.13
313.14	28141.43
313.20	28093.87
313.27	28037.41
313.33	27986.18
313.40	27949.62
313.46	27897.20
313.53	27845.52
313.59	27793.98
313.66	27757.61
313.72	27704.17
313.78	27662.80
313.85	27624.47
313.91	27585.53
313.98	27536.95
314.04	27492.66
314.11	27454.17
314.17	27406.69
314.24	27356.19
314.30	27309.21
314.36	27254.81
314.43	27199.15
314.49	27142.69
314.56	27096.80
314.62	27031.70
314.69	26981.20
314.75	26924.86
314.81	26873.78
314.88	26814.86
314.94	26778.53
315.01	26731.28
315.07	26678.41
315.14	26631.72
315.20	26596.42
315.27	26543.68
315.33	26499.16
315.39	26458.17
315.46	26417.37
315.52	26353.29
315.59	26314.69
315.65	26261.28
315.72	26220.87
315.78	26168.95
315.84	26130.94
315.91	26093.05
315.97	26061.77
316.04	26043.43
316.10	26020.46
316.16	25987.51
316.23	25909.24
316.29	25808.31
316.36	25651.75
316.42	25471.28
316.49	25270.38
316.55	25059.03
316.61	24846.12
316.68	24635.26
316.74	24422.53
316.81	24197.46
316.87	23979.43
316.93	23753.90
317.00	23534.83
317.06	23319.47
317.13	23105.01
317.19	22891.87
317.26	22677.74
317.32	22460.34
317.38	22245.86
317.45	22030.46
317.51	21823.76
317.58	21616.40
317.64	21403.45
317.70	21193.59
317.77	20995.78
317.83	20786.38
317.90	20579.56
317.96	20369.67
318.02	20164.90
318.09	19966.12
318.15	19761.64
318.22	19550.81
318.28	19346.74
318.34	19124.94
318.41	18888.63
318.47	18662.84
318.54	18450.44
318.60	18243.56
318.66	18043.78
318.73	17844.00
318.79	17654.04
318.86	17450.66
318.92	17251.42
318.98	17061.94
319.05	16864.50
319.11	16669.24
319.18	16479.32
319.24	16281.62
319.30	16070.13
319.37	15888.44
319.43	15700.84
319.50	15514.65
319.56	15327.33
319.62	15150.99
319.69	14961.38
319.75	14773.10
319.82	14591.02
319.88	14404.58
319.94	14217.84
320.01	14038.20
320.07	13846.36
320.13	13659.29
320.20	13473.84
320.26	13288.36
320.33	13098.94
320.39	12920.48
320.45	12732.10
320.52	12555.71
320.58	12376.66
320.65	12199.01
320.71	12014.30
320.77	11841.39
320.84	11658.73
320.90	11481.42
320.96	11301.47
321.03	11118.90
321.09	10932.34
321.16	10747.88
321.22	10557.69
321.28	10377.74
321.35	10210.24
321.41	10034.66
321.47	9866.84
321.54	9701.46
321.60	9529.22
321.67	9357.95
321.73	9191.06
321.79	9019.90
321.86	8852.00
321.92	8676.36
321.98	8491.22
322.05	8304.66
322.11	8113.22
322.18	7921.20
322.24	7733.60
322.30	7552.67
322.37	7380.56
322.43	7206.33
322.49	7041.24
322.56	6867.69
322.62	6695.14
322.68	6516.39
322.75	6351.32
322.81	6170.11
322.88	5994.59
322.94	5822.10
323.00	5648.07
323.07	5472.84
323.13	5305.87
323.19	5144.72
323.26	4983.79
323.32	4827.11
323.38	4666.13
323.45	4442.30
323.51	3803.26
323.57	2920.28
323.64	1998.81
323.70	1112.52
323.76	320.35
323.83	-22.01
323.89	-89.99
323.96	-90.69
