180.25	3508.77
180.33	-131.91
180.40	653.19
180.48	-35.26
180.56	6.03
180.63	40.41
180.71	79.98
180.78	79.24
180.86	80.86
180.93	85.68
181.01	87.28
181.08	86.22
181.16	85.04
181.23	86.03
181.31	85.26
181.39	108.32
181.46	116.69
181.54	126.86
181.61	142.50
181.69	151.83
181.76	145.18
181.84	139.54
181.91	141.40
181.99	142.50
182.06	142.56
182.14	148.13
182.22	154.28
182.29	165.43
182.37	168.90
182.44	181.95
182.52	179.78
182.59	197.80
182.67	205.50
182.74	212.12
182.82	215.25
182.89	224.42
182.97	223.08
183.04	231.48
183.12	239.85
183.20	259.90
183.27	271.61
183.35	300.70
183.42	323.40
183.50	363.82
183.57	389.40
183.65	436.19
183.72	479.61
183.80	535.34
183.87	580.18
183.95	625.90
184.02	672.57
184.10	703.76
184.17	721.02
184.25	722.61
184.32	714.74
184.40	688.54
184.47	640.52
184.55	598.36
184.62	593.14
184.70	618.11
184.78	664.59
184.85	769.46
184.93	890.79
185.00	1008.52
185.08	1127.57
185.15	1244.32
185.23	1361.46
185.30	1473.02
185.38	1575.56
185.45	1672.14
185.53	1782.12
185.60	1873.69
185.68	1980.18
185.75	2063.46
185.83	2126.62
185.90	2155.18
185.98	2126.22
186.05	2036.50
186.13	1926.28
186.20	1789.22
186.28	1673.70
186.35	1644.36
186.43	1704.97
186.50	1849.40
186.58	2061.15
186.65	2289.86
186.73	2514.05
186.80	2705.60
186.88	2871.62
186.95	3037.20
187.03	3186.28
187.10	3316.88
187.18	3478.82
187.25	3632.50
187.33	3790.92
187.40	3974.34
187.48	4147.76
187.55	4296.46
187.63	4420.14
187.70	4480.18
187.78	4489.94
187.85	4463.32
187.93	4330.38
188.00	4112.43
188.08	3855.90
188.15	3617.48
188.23	3464.83
188.30	3451.78
188.38	3582.26
188.45	3815.02
188.53	4068.56
188.60	4298.60
188.68	4505.82
188.75	4704.47
188.83	4929.42
188.90	5151.73
188.98	5381.97
189.05	5627.70
189.13	5852.84
189.20	6061.36
189.28	6278.51
189.35	6476.74
189.43	6657.38
189.50	6811.84
189.58	6872.47
189.65	6835.06
189.73	6722.10
189.80	6525.78
189.87	6274.69
189.95	5994.07
190.02	5665.32
190.10	5311.72
190.17	5027.24
190.25	4879.46
190.32	4902.21
190.40	5104.29
190.47	5454.22
190.55	5852.64
190.62	6236.38
190.70	6566.14
190.77	6871.63
190.85	7142.44
190.92	7357.10
191.00	7524.34
191.07	7661.58
191.15	7722.76
191.22	7744.12
191.29	7736.94
191.37	7697.85
191.44	7672.95
191.52	7709.41
191.59	7758.69
191.67	7803.43
191.74	7821.29
191.82	7803.78
191.89	7776.38
191.97	7779.56
192.04	7811.44
192.12	7854.28
192.19	7837.18
192.27	7727.60
192.34	7574.03
192.41	7460.48
192.49	7425.98
192.56	7512.39
192.64	7691.99
192.71	7903.98
192.79	8044.25
192.86	8094.37
192.94	8018.35
193.01	7905.76
193.09	7832.14
193.16	7886.60
193.23	8059.22
193.31	8353.36
193.38	8730.65
193.46	9078.38
193.53	9363.98
193.61	9599.16
193.68	9791.53
193.76	9902.26
193.83	9960.88
193.91	9968.44
193.98	9938.71
194.05	9869.96
194.13	9755.75
194.20	9596.28
194.28	9415.25
194.35	9229.42
194.43	9031.21
194.50	8802.92
194.58	8562.38
194.65	8379.50
194.72	8330.37
194.80	8456.08
194.87	8775.65
194.95	9248.74
195.02	9731.83
195.10	10133.08
195.17	10459.97
195.25	10704.62
195.32	10897.62
195.39	11058.41
195.47	11171.45
195.54	11212.05
195.62	11146.74
195.69	10914.32
195.77	10496.30
195.84	9952.32
195.91	9372.04
195.99	8947.42
196.06	8770.86
196.14	8875.07
196.21	9214.34
196.29	9704.94
196.36	10211.47
196.43	10667.90
196.51	11058.93
196.58	11366.59
196.66	11597.82
196.73	11778.36
196.81	11908.22
196.88	11990.52
196.95	12017.04
197.03	11933.34
197.10	11670.08
197.18	11257.70
197.25	10765.94
197.33	10270.88
197.40	9834.98
197.47	9548.83
197.55	9455.64
197.62	9515.87
197.70	9731.68
197.77	10098.84
197.84	10551.36
197.92	11032.18
197.99	11537.57
198.07	12002.72
198.14	12390.34
198.22	12719.98
198.29	12976.52
198.36	13153.26
198.44	13268.33
198.51	13279.15
198.59	13111.70
198.66	12759.52
198.73	12230.25
198.81	11581.68
198.88	10878.60
198.96	10255.44
199.03	9894.38
199.10	9865.13
199.18	10097.99
199.25	10577.53
199.33	11236.97
199.40	11889.84
199.48	12412.34
199.55	12822.76
199.62	13152.40
199.70	13457.28
199.77	13751.16
199.85	14050.26
199.92	14301.67
199.99	14453.19
200.07	14406.38
200.14	14110.98
200.22	13487.95
200.29	12596.80
200.36	11690.74
200.44	10972.05
200.51	10564.22
200.59	10549.47
200.66	10893.64
200.73	11392.56
200.81	11914.38
200.88	12402.76
200.95	12913.56
201.03	13423.84
201.10	13929.94
201.18	14386.64
201.25	14785.54
201.32	15073.40
201.40	15284.61
201.47	15410.17
201.55	15411.19
201.62	15209.51
201.69	14746.14
201.77	14133.86
201.84	13474.50
201.92	12774.42
201.99	12107.26
202.06	11681.47
202.14	11547.52
202.21	11658.20
202.28	12050.03
202.36	12705.23
202.43	13475.07
202.51	14179.85
202.58	14746.20
202.65	15208.09
202.73	15622.83
202.80	16006.15
202.87	16384.73
202.95	16761.60
203.02	17056.14
203.10	17180.48
203.17	17134.12
203.24	16805.63
203.32	16062.80
203.39	14943.06
203.46	13760.25
203.54	12764.16
203.61	12165.44
203.69	12098.20
203.76	12565.54
203.83	13308.64
203.91	14074.22
203.98	14797.00
204.05	15472.13
204.13	16116.90
204.20	16716.72
204.28	17261.08
204.35	17686.52
204.42	18004.48
204.50	18219.00
204.57	18328.71
204.64	18339.98
204.72	18205.21
204.79	17792.12
204.86	17070.11
204.94	16203.70
205.01	15313.56
205.09	14448.58
205.16	13792.72
205.23	13511.67
205.31	13585.14
205.38	13930.70
205.45	14572.16
205.53	15424.58
205.60	16349.06
205.67	17193.86
205.75	17896.68
205.82	18438.40
205.89	18873.50
205.97	19246.49
206.04	19593.39
206.12	19942.82
206.19	20276.24
206.26	20499.65
206.34	20543.32
206.41	20306.66
206.48	19667.04
206.56	18558.73
206.63	17169.79
206.70	15790.10
206.78	14736.85
206.85	14248.85
206.92	14435.17
207.00	15159.75
207.07	16136.18
207.14	17124.25
207.22	18018.12
207.29	18812.88
207.36	19523.08
207.44	20158.28
207.51	20743.17
207.58	21271.56
207.66	21729.62
207.73	22109.10
207.80	22389.64
207.88	22509.72
207.95	22432.24
208.02	22129.47
208.10	21433.29
208.17	20322.36
208.25	19039.16
208.32	17855.17
208.39	16921.60
208.47	16470.65
208.54	16555.54
208.61	17011.99
208.69	17617.18
208.76	18293.88
208.83	19029.85
208.90	19810.81
208.98	20586.44
209.05	21332.34
209.12	22015.50
209.20	22593.93
209.27	23090.42
209.34	23527.72
209.42	23905.98
209.49	24197.54
209.56	24363.52
209.64	24386.52
209.71	24135.56
209.78	23494.64
209.86	22511.60
209.93	21397.34
210.00	20195.08
210.08	19115.19
210.15	18469.38
210.22	18351.50
210.30	18630.44
210.37	19251.90
210.44	20115.93
210.52	21037.50
210.59	21882.42
210.66	22614.27
210.74	23255.56
210.81	23821.74
210.88	24341.12
210.96	24826.48
211.03	25285.25
211.10	25721.50
211.17	26110.54
211.25	26355.83
211.32	26414.18
211.39	26238.21
211.47	25719.66
211.54	24731.26
211.61	23413.39
211.69	22137.69
211.76	21181.08
211.83	20710.42
211.91	20861.32
211.98	21512.18
212.05	22341.80
212.12	23094.42
212.20	23730.35
212.27	24248.34
212.34	24686.99
212.42	25069.48
212.49	25444.47
212.56	25827.02
212.64	26241.32
212.71	26690.86
212.78	27138.29
212.85	27529.12
212.93	27785.53
213.00	27903.32
213.07	27827.73
213.15	27427.57
213.22	26716.27
213.29	25893.93
213.37	25043.41
213.44	24290.88
213.51	23861.54
213.58	23844.68
213.66	24105.87
213.73	24573.27
213.80	25157.77
213.88	25753.47
213.95	26218.88
214.02	26555.02
214.09	26833.56
214.17	27109.88
214.24	27439.58
214.31	27858.13
214.39	28355.76
214.46	28841.08
214.53	29229.79
214.60	29514.70
214.68	29725.40
214.75	29804.47
214.82	29734.13
214.90	29483.34
214.97	28927.98
215.04	28021.67
215.11	27036.92
215.19	26244.60
215.26	25829.14
215.33	25864.86
215.41	26394.93
215.48	27166.16
215.55	27882.63
215.62	28451.10
215.70	28912.63
215.77	29306.14
215.84	29688.67
215.91	30062.58
215.99	30435.92
216.06	30785.64
216.13	31058.35
216.21	31217.90
216.28	31340.13
216.35	31441.24
216.42	31504.14
216.50	31523.51
216.57	31497.57
216.64	31289.76
216.71	30783.62
216.79	30100.50
216.86	29420.42
216.93	28860.42
217.01	28583.84
217.08	28684.75
217.15	29089.50
217.22	29634.50
217.30	30220.80
217.37	30780.40
217.44	31295.31
217.51	31735.33
217.59	32103.78
217.66	32396.22
217.73	32627.36
217.80	32817.02
217.88	32967.21
217.95	33092.70
218.02	33206.94
218.09	33330.30
218.17	33475.22
218.24	33616.78
218.31	33725.87
218.38	33744.95
218.46	33589.08
218.53	33147.26
218.60	32509.16
218.67	31813.18
218.75	31244.26
218.82	30937.79
218.89	31015.52
218.96	31409.20
219.04	31972.62
219.11	32558.38
219.18	33069.24
219.25	33478.70
219.33	33815.98
219.40	34115.81
219.47	34396.53
219.54	34656.26
219.62	34891.74
219.69	35108.50
219.76	35327.27
219.83	35512.02
219.91	35696.81
219.98	35871.38
220.05	35992.78
220.12	36027.76
220.20	35969.22
220.27	35777.66
220.34	35385.95
220.41	34858.65
220.49	34324.12
220.56	33926.40
220.63	33746.48
220.70	33842.04
220.78	34165.96
220.85	34577.39
220.92	34946.74
220.99	35235.64
221.06	35494.12
221.14	35723.42
221.21	35941.56
221.28	36172.73
221.35	36427.49
221.43	36677.94
221.50	36905.69
221.57	37117.34
221.64	37324.42
221.72	37498.68
221.79	37631.32
221.86	37722.77
221.93	37774.79
222.00	37765.84
222.08	37696.58
222.15	37525.59
222.22	37302.50
222.29	37081.26
222.37	36910.19
222.44	36814.52
222.51	36833.12
222.58	36937.80
222.65	37072.18
222.73	37199.78
222.80	37323.52
222.87	37474.69
222.94	37643.74
223.02	37828.27
223.09	38014.10
223.16	38209.09
223.23	38412.10
223.30	38619.73
223.38	38834.55
223.45	39043.48
223.52	39219.58
223.59	39352.42
223.66	39433.99
223.74	39448.19
223.81	39425.72
223.88	39401.42
223.95	39365.88
224.03	39306.06
224.10	39249.66
224.17	39212.42
224.24	39180.84
224.31	39164.96
224.39	39209.87
224.46	39310.86
224.53	39423.56
224.60	39544.69
224.67	39683.58
224.75	39825.04
224.82	39960.28
224.89	40125.16
224.96	40302.21
225.03	40461.08
225.11	40617.58
225.18	40775.34
225.25	40902.34
225.32	41008.82
225.39	41096.32
225.47	41162.03
225.54	41180.81
225.61	41132.76
225.68	41056.68
225.75	40995.63
225.83	40966.59
225.90	40973.40
225.97	41061.34
226.04	41177.72
226.11	41312.46
226.19	41431.26
226.26	41560.65
226.33	41686.72
226.40	41823.36
226.47	41949.18
226.54	42081.06
226.62	42209.52
226.69	42332.61
226.76	42436.24
226.83	42539.90
226.90	42640.31
226.98	42704.00
227.05	42758.57
227.12	42818.24
227.19	42859.01
227.26	42892.60
227.34	42958.34
227.41	43015.70
227.48	43050.61
227.55	43040.98
227.62	43013.56
227.69	42995.52
227.77	43009.08
227.84	43062.25
227.91	43181.03
227.98	43314.24
228.05	43431.76
228.12	43534.58
228.20	43634.66
228.27	43732.04
228.34	43842.27
228.41	43967.26
228.48	44088.96
228.56	44199.51
228.63	44301.50
228.70	44389.46
228.77	44463.36
228.84	44543.18
228.91	44637.00
228.99	44740.85
229.06	44856.39
229.13	44966.71
229.20	45076.83
229.27	45165.50
229.34	45231.88
229.42	45287.66
229.49	45330.44
229.56	45356.24
229.63	45376.26
229.70	45396.29
229.77	45411.54
229.85	45455.14
229.92	45509.10
229.99	45569.75
230.06	45653.68
230.13	45758.04
230.20	45865.96
230.27	45986.02
230.35	46105.93
230.42	46220.44
230.49	46332.26
230.56	46426.83
230.63	46508.14
230.70	46579.24
230.78	46647.55
230.85	46694.32
230.92	46755.24
230.99	46825.97
231.06	46932.00
231.13	47039.60
231.20	47168.00
231.28	47284.48
231.35	47386.98
231.42	47462.94
231.49	47549.08
231.56	47617.43
231.63	47678.00
231.71	47735.39
231.78	47795.14
231.85	47838.76
231.92	47888.10
231.99	47950.85
232.06	48031.20
232.13	48122.38
232.21	48225.29
232.28	48318.94
232.35	48396.92
232.42	48465.03
232.49	48535.62
232.56	48614.99
232.63	48700.16
232.71	48798.04
232.78	48889.02
232.85	48976.02
232.92	49041.74
232.99	49115.06
233.06	49191.64
233.13	49265.60
233.20	49326.80
233.28	49388.44
233.35	49441.29
233.42	49489.04
233.49	49559.73
233.56	49645.44
233.63	49736.19
233.70	49831.43
233.78	49942.20
233.85	50045.56
233.92	50129.23
233.99	50208.84
234.06	50291.80
234.13	50366.02
234.20	50427.26
234.27	50493.19
234.35	50559.12
234.42	50624.13
234.49	50673.68
234.56	50718.90
234.63	50771.08
234.70	50812.27
234.77	50846.71
234.84	50874.90
234.92	50924.60
234.99	50980.64
235.06	51050.07
235.13	51130.04
235.20	51226.50
235.27	51299.76
235.34	51385.42
235.41	51457.18
235.48	51524.66
235.56	51593.68
235.63	51669.49
235.70	51721.08
235.77	51771.88
235.84	51806.98
235.91	51837.38
235.98	51860.02
236.05	51884.40
236.12	51923.40
236.20	51955.27
236.27	51995.98
236.34	52052.20
236.41	52103.61
236.48	52140.70
236.55	52187.67
236.62	52235.34
236.69	52273.31
236.76	52335.98
236.84	52407.59
236.91	52475.24
236.98	52535.38
237.05	52595.78
237.12	52622.56
237.19	52654.92
237.26	52694.18
237.33	52725.28
237.40	52760.29
237.47	52814.05
237.55	52857.19
237.62	52922.06
237.69	53000.38
237.76	53073.22
237.83	53130.88
237.90	53191.08
237.97	53228.40
238.04	53262.32
238.11	53292.42
238.18	53343.84
238.26	53379.17
238.33	53413.80
238.40	53437.98
238.47	53473.94
238.54	53486.00
238.61	53501.84
238.68	53511.43
238.75	53524.06
238.82	53551.38
238.89	53592.52
238.96	53644.55
239.04	53701.48
239.11	53753.86
239.18	53783.26
239.25	53799.87
239.32	53810.94
239.39	53808.12
239.46	53807.26
239.53	53805.43
239.60	53802.06
239.67	53808.01
239.74	53836.80
239.81	53856.70
239.89	53880.55
239.96	53912.36
240.03	53939.87
240.10	53955.58
240.17	53981.36
240.24	54007.89
240.31	54032.31
240.38	54062.69
240.45	54115.44
240.52	54171.29
240.59	54228.20
240.66	54281.04
240.73	54327.05
240.80	54357.08
240.88	54364.43
240.95	54378.76
241.02	54396.28
241.09	54415.70
241.16	54432.50
241.23	54457.15
241.30	54452.87
241.37	54429.73
241.44	54403.14
241.51	54387.54
241.58	54391.47
241.65	54419.46
241.72	54463.30
241.79	54492.57
241.86	54499.42
241.94	54502.43
242.01	54483.09
242.08	54464.02
242.15	54468.71
242.22	54473.36
242.29	54465.84
242.36	54480.20
242.43	54479.52
242.50	54465.89
242.57	54458.88
242.64	54458.90
242.71	54445.56
242.78	54457.81
242.85	54457.57
242.92	54468.36
242.99	54483.76
243.06	54496.49
243.14	54506.39
243.21	54535.34
243.28	54544.62
243.35	54557.31
243.42	54579.04
243.49	54595.47
243.56	54599.26
243.63	54618.82
243.70	54622.90
243.77	54612.92
243.84	54593.71
243.91	54576.32
243.98	54552.68
244.05	54522.22
244.12	54499.74
244.19	54480.66
244.26	54463.94
244.33	54437.99
244.40	54415.97
244.47	54407.66
244.54	54391.93
244.62	54350.09
244.69	54320.45
244.76	54313.15
244.83	54297.62
244.90	54306.44
244.97	54340.28
245.04	54372.66
245.11	54378.04
245.18	54372.86
245.25	54364.90
245.32	54361.16
245.39	54363.36
245.46	54367.60
245.53	54377.56
245.60	54366.91
245.67	54360.51
245.74	54349.78
245.81	54332.62
245.88	54315.61
245.95	54308.46
246.02	54281.79
246.09	54236.84
246.16	54194.70
246.23	54148.01
246.30	54107.16
246.37	54092.16
246.44	54100.50
246.51	54127.54
246.58	54160.30
246.65	54197.63
246.72	54220.45
246.79	54219.55
246.87	54213.90
246.94	54196.14
247.01	54160.25
247.08	54113.86
247.15	54063.81
247.22	54002.37
247.29	53946.98
247.36	53908.98
247.43	53871.96
247.50	53859.42
247.57	53857.36
247.64	53864.80
247.71	53870.83
247.78	53892.80
247.85	53904.32
247.92	53920.76
247.99	53927.39
248.06	53914.88
248.13	53887.58
248.20	53870.00
248.27	53841.05
248.34	53817.97
248.41	53801.92
248.48	53798.19
248.55	53784.48
248.62	53777.04
248.69	53778.80
248.76	53766.57
248.83	53753.35
248.90	53729.84
248.97	53694.34
249.04	53642.75
249.11	53608.78
249.18	53570.29
249.25	53537.10
249.32	53498.60
249.39	53458.00
249.46	53406.26
249.53	53355.45
249.60	53300.40
249.67	53276.29
249.74	53264.81
249.81	53273.11
249.88	53280.30
249.95	53310.30
250.02	53329.50
250.09	53335.84
250.16	53321.14
250.23	53315.68
250.30	53300.34
250.37	53278.48
250.44	53273.02
250.51	53279.11
250.58	53280.66
250.65	53281.86
250.72	53259.69
250.79	53218.32
250.86	53183.10
250.93	53137.61
251.00	53081.68
251.07	53061.37
251.14	53033.98
251.21	52994.31
251.28	52959.58
251.35	52932.84
251.42	52901.24
251.49	52897.30
251.56	52898.31
251.63	52889.15
251.70	52878.22
251.77	52858.21
251.84	52821.78
251.91	52776.45
251.98	52721.39
252.05	52679.24
252.12	52625.68
252.18	52577.36
252.25	52550.59
252.32	52549.14
252.39	52536.08
252.46	52524.88
252.53	52511.28
252.60	52491.55
252.67	52467.02
252.74	52447.20
252.81	52423.52
252.88	52411.77
252.95	52375.70
253.02	52338.00
253.09	52302.00
253.16	52287.14
253.23	52257.01
253.30	52250.60
253.37	52236.72
253.44	52219.41
253.51	52173.34
253.58	52135.68
253.65	52111.90
253.72	52102.40
253.79	52086.68
253.86	52092.18
253.93	52092.14
254.00	52069.50
254.07	52045.58
254.14	52011.29
254.21	51968.59
254.28	51937.83
254.35	51909.80
254.41	51865.39
254.48	51828.44
254.55	51807.62
254.62	51779.93
254.69	51741.58
254.76	51716.84
254.83	51694.32
254.90	51669.52
254.97	51644.65
255.04	51635.95
255.11	51614.57
255.18	51571.36
255.25	51510.38
255.32	51443.72
255.39	51377.46
255.46	51332.24
255.53	51308.62
255.60	51295.05
255.67	51282.52
255.74	51271.06
255.81	51262.82
255.87	51265.88
255.94	51263.64
256.01	51255.01
256.08	51246.80
256.15	51222.36
256.22	51187.93
256.29	51162.51
256.36	51140.79
256.43	51125.22
256.50	51116.64
256.57	51110.19
256.64	51088.46
256.71	51072.50
256.78	51034.77
256.85	50987.96
256.92	50952.98
256.99	50932.74
257.05	50902.53
257.12	50872.74
257.19	50829.26
257.26	50766.53
257.33	50685.18
257.40	50621.47
257.47	50558.94
257.54	50537.62
257.61	50523.14
257.68	50533.36
257.75	50538.04
257.82	50551.60
257.89	50540.98
257.96	50519.14
258.03	50474.06
258.09	50413.80
258.16	50339.26
258.23	50257.73
258.30	50190.70
258.37	50133.94
258.44	50097.96
258.51	50081.56
258.58	50080.92
258.65	50090.30
258.72	50097.50
258.79	50081.31
258.86	50052.34
258.93	50020.85
258.99	49970.30
259.06	49916.28
259.13	49883.46
259.20	49847.66
259.27	49810.84
259.34	49780.65
259.41	49770.56
259.48	49754.72
259.55	49742.88
259.62	49724.04
259.69	49681.09
259.76	49611.04
259.82	49553.49
259.89	49511.49
259.96	49480.94
260.03	49449.34
260.10	49427.06
260.17	49383.94
260.24	49325.83
260.31	49265.65
260.38	49235.03
260.45	49213.01
260.52	49190.30
260.59	49152.22
260.65	49119.11
260.72	49083.64
260.79	49053.69
260.86	49029.28
260.93	49008.16
261.00	48963.65
261.07	48901.55
261.14	48809.74
261.21	48716.50
261.28	48636.44
261.34	48561.34
261.41	48501.78
261.48	48468.97
261.55	48453.33
261.62	48440.43
261.69	48424.49
261.76	48409.36
261.83	48386.98
261.90	48345.12
261.97	48289.50
262.03	48251.10
262.10	48204.54
262.17	48159.10
262.24	48139.94
262.31	48119.75
262.38	48096.11
262.45	48082.45
262.52	48064.74
262.59	48017.38
262.65	47978.99
262.72	47933.31
262.79	47884.48
262.86	47854.69
262.93	47824.18
263.00	47798.41
263.07	47762.44
263.14	47731.12
263.21	47691.59
263.27	47671.70
263.34	47660.36
263.41	47636.72
263.48	47601.56
263.55	47547.62
263.62	47462.12
263.69	47359.34
263.76	47289.40
263.82	47235.14
263.89	47197.50
263.96	47183.16
264.03	47171.70
264.10	47143.96
264.17	47079.80
264.24	47003.24
264.31	46927.62
264.38	46851.21
264.44	46786.93
264.51	46732.96
264.58	46685.69
264.65	46637.57
264.72	46584.00
264.79	46531.10
264.86	46502.80
264.92	46466.37
264.99	46444.74
265.06	46426.03
265.13	46394.50
265.20	46365.26
265.27	46335.02
265.34	46289.14
265.41	46264.96
265.47	46245.12
265.54	46216.22
265.61	46203.26
265.68	46196.02
265.75	46160.08
265.82	46108.25
265.89	46042.53
265.95	45976.32
266.02	45884.60
266.09	45813.37
266.16	45759.10
266.23	45713.93
266.30	45673.32
266.37	45636.98
266.44	45574.65
266.50	45520.97
266.57	45478.48
266.64	45418.20
266.71	45352.36
266.78	45292.20
266.85	45215.32
266.91	45138.86
266.98	45073.75
267.05	45032.78
267.12	45006.32
267.19	45005.92
267.26	45008.52
267.33	45007.72
267.39	44988.15
267.46	44960.44
267.53	44913.49
267.60	44857.52
267.67	44798.49
267.74	44765.42
267.81	44731.00
267.87	44701.72
267.94	44679.66
268.01	44658.16
268.08	44610.43
268.15	44552.48
268.22	44490.30
268.28	44404.90
268.35	44304.82
268.42	44209.27
268.49	44127.40
268.56	44057.76
268.63	44007.06
268.69	43983.96
268.76	43971.18
268.83	43982.74
268.90	43989.89
268.97	43998.35
269.04	43999.36
269.11	43987.79
269.17	43946.14
269.24	43897.74
269.31	43845.11
269.38	43799.66
269.45	43758.19
269.52	43736.38
269.58	43723.49
269.65	43692.24
269.72	43642.46
269.79	43604.85
269.86	43557.48
269.92	43491.25
269.99	43439.43
270.06	43381.86
270.13	43325.88
270.20	43274.28
270.27	43246.92
270.33	43223.03
270.40	43207.48
270.47	43183.68
270.54	43167.67
270.61	43146.88
270.68	43134.78
270.74	43123.28
270.81	43117.25
270.88	43094.93
270.95	43053.65
271.02	42987.35
271.08	42925.18
271.15	42846.46
271.22	42778.58
271.29	42729.36
271.36	42669.16
271.43	42617.60
271.49	42584.94
271.56	42553.79
271.63	42522.22
271.70	42506.82
271.77	42491.22
271.83	42463.92
271.90	42422.67
271.97	42369.68
272.04	42324.55
272.11	42279.76
272.17	42246.01
272.24	42228.42
272.31	42216.66
272.38	42201.51
272.45	42178.76
272.52	42159.97
272.58	42134.26
272.65	42108.80
272.72	42083.31
272.79	42052.03
272.86	42021.18
272.92	41976.33
272.99	41939.36
273.06	41904.13
273.13	41859.62
273.20	41797.56
273.26	41738.02
273.33	41672.42
273.40	41605.50
273.47	41565.10
273.54	41527.97
273.60	41509.12
273.67	41488.76
273.74	41492.84
273.81	41493.12
273.88	41511.72
273.94	41546.79
274.01	41584.66
274.08	41607.87
274.15	41611.16
274.21	41605.78
274.28	41559.78
274.35	41496.64
274.42	41402.29
274.49	41318.48
274.55	41241.10
274.62	41179.59
274.69	41122.94
274.76	41088.35
274.83	41056.88
274.89	41020.08
274.96	40987.17
275.03	40965.36
275.10	40939.20
275.17	40914.80
275.23	40882.02
275.30	40854.53
275.37	40828.28
275.44	40813.11
275.50	40792.69
275.57	40778.04
275.64	40742.20
275.71	40700.66
275.78	40661.65
275.84	40640.70
275.91	40618.86
275.98	40603.42
276.05	40591.68
276.11	40559.88
276.18	40513.97
276.25	40451.02
276.32	40374.56
276.39	40294.60
276.45	40221.33
276.52	40142.46
276.59	40091.46
276.66	40073.12
276.72	40066.13
276.79	40074.90
276.86	40079.63
276.93	40068.98
276.99	40029.24
277.06	39982.76
277.13	39927.77
277.20	39893.46
277.26	39862.80
277.33	39860.10
277.40	39864.18
277.47	39854.48
277.54	39829.57
277.60	39796.16
277.67	39727.01
277.74	39632.70
277.81	39544.75
277.87	39462.10
277.94	39381.15
278.01	39340.18
278.08	39309.58
278.14	39298.58
278.21	39303.28
278.28	39335.34
278.35	39363.23
278.41	39394.54
278.48	39419.81
278.55	39432.16
278.62	39418.00
278.68	39363.66
278.75	39280.88
278.82	39186.88
278.89	39079.43
278.95	38975.14
279.02	38898.98
279.09	38881.51
279.16	38891.38
279.22	38921.36
279.29	38956.66
279.36	38997.72
279.43	38989.98
279.49	38936.03
279.56	38824.40
279.63	38690.49
279.70	38547.59
279.76	38427.86
279.83	38341.04
279.90	38325.47
279.97	38318.29
280.03	38318.34
280.10	38320.21
280.17	38326.94
280.24	38316.75
280.30	38317.06
280.37	38309.66
280.44	38307.70
280.51	38301.94
280.57	38283.90
280.64	38255.92
280.71	38234.80
280.77	38194.92
280.84	38131.30
280.91	38057.22
280.98	37974.33
281.04	37876.62
281.11	37781.67
281.18	37684.72
281.25	37588.48
281.31	37493.02
281.38	37390.46
281.45	37296.55
281.52	37223.66
281.58	37145.90
281.65	37078.21
281.72	37040.15
281.78	37008.30
281.85	36974.88
281.92	36974.58
281.99	36985.64
282.05	36985.36
282.12	36983.52
282.19	36995.52
282.26	37004.96
282.32	37018.50
282.39	37043.67
282.46	37049.44
282.52	37045.04
282.59	37033.40
282.66	37027.06
282.73	37010.29
282.79	36993.02
282.86	36952.28
282.93	36877.20
282.99	36770.30
283.06	36637.18
283.13	36498.98
283.20	36360.86
283.26	36247.30
283.33	36154.26
283.40	36091.56
283.46	36061.19
283.53	36050.89
283.60	36047.27
283.67	36056.87
283.73	36080.64
283.80	36094.18
283.87	36111.08
283.93	36142.41
284.00	36151.71
284.07	36146.44
284.13	36135.01
284.20	36107.71
284.27	36063.18
284.34	36024.07
284.40	35996.72
284.47	35972.77
284.54	35953.19
284.60	35921.69
284.67	35893.68
284.74	35847.70
284.81	35787.99
284.87	35731.51
284.94	35663.96
285.01	35576.55
285.07	35471.95
285.14	35378.58
285.21	35294.66
285.27	35232.32
285.34	35202.98
285.41	35206.58
285.47	35221.88
285.54	35245.77
285.61	35278.98
285.68	35305.74
285.74	35319.63
285.81	35331.50
285.88	35339.14
285.94	35359.58
286.01	35377.20
286.08	35400.84
286.14	35419.24
286.21	35431.16
286.28	35428.18
286.34	35401.33
286.41	35351.53
286.48	35269.54
286.55	35159.55
286.61	35043.47
286.68	34922.67
286.75	34816.74
286.81	34738.04
286.88	34682.72
286.95	34619.16
287.01	34611.55
287.08	34617.18
287.15	34633.69
287.21	34655.52
287.28	34691.88
287.35	34704.92
287.41	34707.58
287.48	34709.82
287.55	34711.95
287.61	34711.50
287.68	34701.65
287.75	34700.16
287.81	34692.54
287.88	34690.76
287.95	34698.43
288.01	34698.34
288.08	34700.66
288.15	34684.03
288.21	34659.74
288.28	34622.74
288.35	34590.00
288.41	34541.64
288.48	34488.50
288.55	34414.62
288.61	34318.48
288.68	34221.18
288.75	34125.67
288.81	34047.54
288.88	34000.68
288.95	33992.24
289.01	34007.29
289.08	34045.46
289.15	34100.92
289.21	34163.84
289.28	34223.01
289.35	34272.10
289.41	34303.74
289.48	34325.16
289.55	34326.78
289.61	34311.50
289.68	34293.10
289.75	34270.97
289.81	34233.94
289.88	34187.91
289.95	34129.39
290.01	34060.52
290.08	33994.57
290.15	33943.76
290.21	33909.48
290.28	33891.30
290.35	33882.53
290.41	33861.59
290.48	33822.35
290.55	33741.24
290.61	33669.28
290.68	33602.74
290.74	33568.94
290.81	33570.10
290.88	33606.78
290.94	33654.21
291.01	33702.14
291.08	33740.96
291.14	33784.18
291.21	33820.96
291.28	33852.54
291.34	33895.33
291.41	33924.42
291.48	33929.19
291.54	33941.82
291.61	33942.37
291.68	33900.36
291.74	33845.34
291.81	33791.30
291.87	33748.25
291.94	33674.47
292.01	33621.22
292.07	33561.06
292.14	33475.37
292.21	33378.70
292.27	33304.00
292.34	33235.42
292.41	33194.73
292.47	33178.09
292.54	33180.90
292.60	33200.58
292.67	33246.04
292.74	33288.01
292.80	33355.19
292.87	33411.76
292.94	33469.31
293.00	33505.15
293.07	33548.86
293.13	33593.86
293.20	33633.76
293.27	33671.52
293.33	33698.47
293.40	33713.72
293.47	33693.31
293.53	33658.18
293.60	33590.31
293.66	33492.38
293.73	33376.06
293.80	33252.07
293.86	33134.68
293.93	33046.78
294.00	32987.45
294.06	32958.98
294.13	32941.07
294.19	32927.41
294.26	32909.87
294.33	32907.10
294.39	32881.07
294.46	32877.48
294.52	32881.24
294.59	32907.46
294.66	32939.46
294.72	32994.48
294.79	33058.48
294.86	33124.69
294.92	33186.29
294.99	33255.24
295.05	33319.51
295.12	33365.46
295.19	33421.94
295.25	33452.89
295.32	33463.80
295.38	33466.90
295.45	33475.42
295.52	33442.60
295.58	33392.52
295.65	33328.58
295.71	33241.31
295.78	33111.84
295.85	32982.06
295.91	32869.82
295.98	32743.69
296.04	32620.92
296.11	32539.31
296.18	32487.53
296.24	32464.02
296.31	32489.20
296.37	32545.62
296.44	32631.65
296.51	32719.67
296.57	32804.55
296.64	32886.33
296.70	32974.23
296.77	33030.84
296.84	33076.38
296.90	33120.96
296.97	33156.71
297.03	33191.20
297.10	33225.44
297.17	33270.07
297.23	33302.90
297.30	33338.78
297.36	33349.65
297.43	33350.99
297.50	33338.48
297.56	33309.10
297.63	33243.90
297.69	33146.31
297.76	33012.16
297.82	32854.07
297.89	32689.59
297.96	32535.99
298.02	32432.26
298.09	32362.08
298.15	32328.79
298.22	32330.95
298.29	32347.10
298.35	32369.42
298.42	32418.38
298.48	32462.48
298.55	32522.86
298.61	32599.91
298.68	32677.33
298.75	32747.09
298.81	32826.33
298.88	32890.77
298.94	32947.72
299.01	32996.15
299.08	33044.69
299.14	33085.12
299.21	33117.03
299.27	33140.96
299.34	33154.52
299.40	33154.43
299.47	33146.74
299.54	33134.55
299.60	33109.34
299.67	33066.91
299.73	32986.16
299.80	32854.58
299.86	32662.04
299.93	32449.73
299.99	32253.54
300.06	32096.08
300.13	31990.34
300.19	31958.20
300.26	31962.14
300.32	32008.17
300.39	32074.71
300.45	32169.52
300.52	32271.46
300.59	32379.90
300.65	32469.60
300.72	32558.78
300.78	32619.83
300.85	32683.52
300.91	32727.95
300.98	32760.86
301.04	32786.02
301.11	32819.51
301.18	32839.74
301.24	32862.34
301.31	32878.68
301.37	32883.42
301.44	32869.68
301.50	32846.94
301.57	32816.80
301.63	32784.20
301.70	32718.20
301.77	32629.20
301.83	32494.86
301.90	32352.41
301.96	32172.59
302.03	32006.90
302.09	31874.72
302.16	31787.82
302.22	31727.43
302.29	31705.42
302.36	31717.10
302.42	31740.46
302.49	31782.80
302.55	31836.96
302.62	31905.16
302.68	31970.20
302.75	32036.66
302.81	32083.33
302.88	32127.03
302.94	32167.39
303.01	32200.84
303.07	32225.04
303.14	32256.09
303.21	32262.80
303.27	32262.11
303.34	32262.20
303.40	32252.12
303.47	32226.98
303.53	32204.28
303.60	32190.29
303.66	32152.10
303.73	32119.43
303.79	32074.09
303.86	32011.12
303.92	31921.50
303.99	31823.54
304.05	31667.92
304.12	31504.36
304.19	31366.62
304.25	31238.34
304.32	31136.86
304.38	31093.41
304.45	31084.68
304.51	31092.92
304.58	31114.76
304.64	31147.01
304.71	31196.52
304.77	31231.14
304.84	31260.32
304.90	31297.02
304.97	31316.28
305.03	31318.07
305.10	31338.50
305.16	31345.54
305.23	31351.01
305.29	31349.99
305.36	31341.10
305.42	31328.13
305.49	31309.74
305.56	31264.96
305.62	31233.17
305.69	31204.44
305.75	31152.85
305.82	31071.04
305.88	30966.34
305.95	30823.36
306.01	30657.60
306.08	30493.43
306.14	30353.84
306.21	30230.94
306.27	30138.68
306.34	30057.44
306.40	29978.56
306.47	29919.89
306.53	29910.72
306.60	29909.77
306.66	29944.46
306.73	29991.31
306.79	30027.63
306.86	30038.53
306.92	30055.39
306.99	30057.90
307.05	30057.95
307.12	30066.08
307.18	30064.75
307.25	30058.49
307.31	30040.37
307.38	30026.73
307.44	29998.28
307.51	29973.07
307.57	29937.78
307.64	29904.18
307.70	29859.67
307.77	29816.11
307.83	29771.85
307.90	29730.08
307.96	29685.48
308.03	29631.68
308.09	29569.02
308.16	29500.48
308.22	29430.34
308.29	29351.01
308.35	29274.19
308.42	29183.99
308.48	29084.63
308.55	28980.90
308.61	28893.65
308.68	28811.97
308.74	28757.29
308.81	28723.90
308.87	28705.14
308.94	28695.46
309.00	28690.26
309.07	28687.24
309.13	28677.33
309.20	28674.32
309.26	28650.72
309.33	28625.45
309.39	28600.27
309.45	28574.50
309.52	28522.18
309.58	28482.30
309.65	28443.17
309.71	28391.31
309.78	28342.10
309.84	28303.09
309.91	28254.11
309.97	28195.51
310.04	28154.55
310.10	28101.32
310.17	28043.95
310.23	27989.09
310.30	27944.14
310.36	27884.36
310.43	27822.82
310.49	27754.83
310.56	27679.40
310.62	27592.08
310.69	27510.08
310.75	27432.07
310.81	27374.24
310.88	27319.24
310.94	27282.39
311.01	27249.77
311.07	27222.52
311.14	27190.34
311.20	27158.40
311.27	27135.65
311.33	27111.60
311.40	27085.22
311.46	27059.70
311.53	27037.01
311.59	27008.30
311.66	26985.44
311.72	26948.41
311.78	26916.00
311.85	26879.81
311.91	26842.06
311.98	26786.77
312.04	26748.48
312.11	26702.70
312.17	26667.49
312.24	26618.86
312.30	26575.83
312.37	26520.23
312.43	26468.33
312.50	26409.14
312.56	26348.75
312.62	26280.38
312.69	26216.43
312.75	26147.98
312.82	26079.04
312.88	26008.09
312.95	25949.18
313.01	25884.88
313.08	25821.16
313.14	25771.22
313.20	25725.05
313.27	25671.31
313.33	25636.76
313.40	25611.97
313.46	25572.56
313.53	25543.20
313.59	25516.18
313.66	25492.44
313.72	25456.37
313.78	25423.48
313.85	25380.27
313.91	25346.20
313.98	25308.30
314.04	25270.60
314.11	25233.57
314.17	25204.50
314.24	25161.38
314.30	25108.44
314.36	25065.51
314.43	25024.60
314.49	24971.43
314.56	24924.74
314.62	24872.20
314.69	24812.59
314.75	24749.44
314.81	24698.57
314.88	24643.44
314.94	24607.44
315.01	24575.04
315.07	24531.60
315.14	24490.14
315.20	24453.38
315.27	24396.81
315.33	24351.09
315.39	24306.75
315.46	24257.90
315.52	24204.00
315.59	24170.89
315.65	24116.64
315.72	24080.64
315.78	24036.05
315.84	24007.62
315.91	23981.55
315.97	23959.55
316.04	23945.66
316.10	23938.05
316.16	23902.48
316.23	23830.36
316.29	23733.35
316.36	23599.61
316.42	23440.29
316.49	23264.44
316.55	23080.84
316.61	22895.56
316.68	22695.89
316.74	22490.23
316.81	22285.94
316.87	22077.24
316.93	21864.13
317.00	21661.31
317.06	21461.14
317.13	21253.36
317.19	21050.71
317.26	20849.15
317.32	20643.74
317.38	20436.13
317.45	20237.43
317.51	20039.42
317.58	19840.18
317.64	19636.86
317.70	19441.55
317.77	19249.70
317.83	19053.95
317.90	18860.34
317.96	18665.14
318.02	18476.10
318.09	18289.48
318.15	18099.38
318.22	17901.29
318.28	17713.04
318.34	17508.28
318.41	17296.87
318.47	17086.71
318.54	16891.13
318.60	16698.14
318.66	16514.13
318.73	16325.65
318.79	16154.67
318.86	15970.63
318.92	15787.58
318.98	15612.04
319.05	15435.79
319.11	15252.96
319.18	15073.62
319.24	14893.68
319.30	14698.27
319.37	14521.34
319.43	14348.16
319.50	14180.76
319.56	14004.40
319.62	13842.44
319.69	13672.00
319.75	13501.27
319.82	13329.72
319.88	13160.88
319.94	12991.80
320.01	12825.96
320.07	12651.53
320.13	12481.52
320.20	12315.54
320.26	12139.72
320.33	11968.77
320.39	11802.30
320.45	11632.37
320.52	11473.73
320.58	11316.58
320.65	11149.34
320.71	10989.30
320.77	10833.88
320.84	10665.65
320.90	10506.38
320.96	10348.28
321.03	10175.89
321.09	10008.45
321.16	9839.70
321.22	9665.44
321.28	9503.22
321.35	9351.23
321.41	9193.29
321.47	9035.90
321.54	8884.86
321.60	8721.34
321.67	8558.20
321.73	8398.40
321.79	8241.82
321.86	8088.54
321.92	7933.01
321.98	7765.56
322.05	7593.78
322.11	7419.34
322.18	7236.92
322.24	7067.46
322.30	6906.58
322.37	6751.06
322.43	6591.23
322.49	6441.61
322.56	6275.40
322.62	6115.16
322.68	5951.23
322.75	5801.52
322.81	5636.78
322.88	5476.36
322.94	5318.39
323.00	5158.86
323.07	4997.40
323.13	4848.26
323.19	4700.39
323.26	4557.43
323.32	4414.08
323.38	4267.56
323.45	4058.69
323.51	3475.30
323.57	2664.77
323.64	1821.72
323.70	1010.50
323.76	286.31
323.83	-26.68
323.89	-90.24
323.96	-89.71
