180.25	3506.37
180.33	-130.99
180.40	653.60
180.48	-34.23
180.56	7.06
180.63	40.31
180.71	78.94
180.78	77.74
180.86	78.89
180.93	83.22
181.01	85.57
181.08	84.65
181.16	83.90
181.23	84.43
181.31	84.36
181.39	107.29
181.46	116.25
181.54	125.89
181.61	141.81
181.69	149.85
181.76	143.05
181.84	136.78
181.91	139.19
181.99	141.17
182.06	142.23
182.14	147.17
182.22	152.73
182.29	162.56
182.37	165.32
182.44	177.79
182.52	176.03
182.59	194.40
182.67	202.17
182.74	208.14
182.82	212.39
182.89	222.21
182.97	221.13
183.04	229.78
183.12	238.91
183.20	258.19
183.27	270.31
183.35	300.08
183.42	323.65
183.50	364.44
183.57	390.15
183.65	436.17
183.72	479.62
183.80	534.05
183.87	579.05
183.95	625.01
184.02	674.79
184.10	708.13
184.17	727.69
184.25	729.62
184.32	720.35
184.40	690.86
184.47	641.26
184.55	596.71
184.62	589.39
184.70	614.86
184.78	660.59
184.85	763.81
184.93	886.18
185.00	1004.05
185.08	1123.03
185.15	1241.39
185.23	1361.17
185.30	1475.34
185.38	1581.94
185.45	1684.50
185.53	1796.53
185.60	1887.71
185.68	1995.25
185.75	2076.43
185.83	2136.43
185.90	2165.44
185.98	2136.87
186.05	2045.92
186.13	1934.97
186.20	1794.31
186.28	1676.21
186.35	1644.79
186.43	1702.61
186.50	1843.71
186.58	2058.89
186.65	2286.19
186.73	2511.37
186.80	2705.56
186.88	2878.44
186.95	3042.56
187.03	3193.33
187.10	3325.05
187.18	3485.98
187.25	3637.40
187.33	3794.27
187.40	3980.76
187.48	4149.93
187.55	4296.85
187.63	4421.80
187.70	4484.81
187.78	4490.06
187.85	4462.18
187.93	4330.29
188.00	4110.17
188.08	3851.86
188.15	3615.60
188.23	3462.85
188.30	3446.51
188.38	3573.98
188.45	3807.08
188.53	4059.54
188.60	4293.50
188.68	4503.04
188.75	4700.54
188.83	4928.74
188.90	5153.07
188.98	5383.13
189.05	5632.01
189.13	5864.93
189.20	6068.30
189.28	6286.64
189.35	6488.15
189.43	6665.06
189.50	6816.71
189.58	6879.22
189.65	6840.33
189.73	6730.67
189.80	6536.95
189.87	6285.59
189.95	6005.83
190.02	5670.62
190.10	5313.80
190.17	5028.36
190.25	4878.44
190.32	4900.30
190.40	5103.03
190.47	5450.69
190.55	5847.89
190.62	6232.89
190.70	6565.77
190.77	6876.69
190.85	7146.09
190.92	7361.02
191.00	7528.80
191.07	7661.88
191.15	7723.79
191.22	7743.97
191.29	7733.11
191.37	7691.48
191.44	7665.94
191.52	7701.39
191.59	7751.67
191.67	7800.63
191.74	7821.39
191.82	7805.37
191.89	7775.77
191.97	7777.25
192.04	7805.61
192.12	7844.65
192.19	7827.53
192.27	7718.20
192.34	7566.75
192.41	7455.57
192.49	7421.87
192.56	7508.74
192.64	7693.55
192.71	7904.94
192.79	8048.99
192.86	8099.60
192.94	8023.76
193.01	7906.43
193.09	7829.26
193.16	7872.14
193.23	8042.75
193.31	8338.81
193.38	8715.89
193.46	9071.70
193.53	9361.32
193.61	9599.42
193.68	9785.52
193.76	9893.32
193.83	9948.54
193.91	9958.93
193.98	9931.78
194.05	9873.57
194.13	9758.03
194.20	9598.67
194.28	9421.83
194.35	9239.75
194.43	9036.10
194.50	8812.86
194.58	8577.48
194.65	8392.63
194.72	8332.93
194.80	8458.75
194.87	8771.01
194.95	9232.29
195.02	9716.44
195.10	10120.49
195.17	10442.45
195.25	10692.49
195.32	10888.01
195.39	11044.60
195.47	11165.55
195.54	11208.85
195.62	11143.97
195.69	10915.74
195.77	10501.26
195.84	9954.21
195.91	9379.81
195.99	8950.52
196.06	8769.16
196.14	8869.89
196.21	9205.01
196.29	9684.97
196.36	10198.08
196.43	10654.64
196.51	11048.99
196.58	11360.25
196.66	11596.37
196.73	11775.26
196.81	11906.52
196.88	11979.89
196.95	12004.47
197.03	11920.60
197.10	11663.78
197.18	11255.81
197.25	10770.95
197.33	10280.67
197.40	9854.81
197.47	9563.67
197.55	9474.19
197.62	9539.05
197.70	9748.32
197.77	10107.41
197.84	10562.35
197.92	11038.68
197.99	11539.83
198.07	12003.46
198.14	12384.73
198.22	12713.75
198.29	12966.46
198.36	13144.29
198.44	13255.52
198.51	13271.50
198.59	13101.97
198.66	12754.05
198.73	12230.14
198.81	11591.54
198.88	10882.89
198.96	10259.01
199.03	9895.13
199.10	9855.90
199.18	10079.03
199.25	10563.62
199.33	11218.97
199.40	11869.72
199.48	12392.55
199.55	12809.84
199.62	13137.17
199.70	13448.01
199.77	13742.28
199.85	14047.31
199.92	14298.53
199.99	14451.26
200.07	14411.99
200.14	14118.33
200.22	13493.49
200.29	12605.03
200.36	11701.09
200.44	10971.52
200.51	10557.63
200.59	10544.53
200.66	10884.07
200.73	11381.15
200.81	11904.27
200.88	12402.16
200.95	12908.70
201.03	13419.20
201.10	13924.74
201.18	14382.04
201.25	14779.48
201.32	15079.75
201.40	15289.45
201.47	15411.65
201.55	15417.71
201.62	15215.21
201.69	14743.55
201.77	14135.45
201.84	13480.67
201.92	12778.74
201.99	12112.60
202.06	11686.99
202.14	11553.02
202.21	11659.12
202.28	12051.77
202.36	12707.84
202.43	13470.76
202.51	14165.68
202.58	14731.21
202.65	15179.93
202.73	15584.49
202.80	15976.07
202.87	16364.71
202.95	16748.40
203.02	17050.73
203.10	17179.05
203.17	17123.61
203.24	16789.07
203.32	16043.04
203.39	14928.25
203.46	13749.99
203.54	12758.85
203.61	12165.29
203.69	12100.81
203.76	12561.94
203.83	13305.27
203.91	14075.09
203.98	14792.01
204.05	15466.36
204.13	16115.95
204.20	16718.17
204.28	17259.84
204.35	17692.23
204.42	18006.68
204.50	18208.77
204.57	18315.93
204.64	18322.65
204.72	18192.49
204.79	17785.99
204.86	17079.20
204.94	16211.11
205.01	15319.77
205.09	14450.20
205.16	13783.70
205.23	13500.08
205.31	13574.54
205.38	13919.38
205.45	14547.07
205.53	15405.57
205.60	16327.13
205.67	17171.92
205.75	17875.50
205.82	18427.71
205.89	18866.31
205.97	19239.77
206.04	19589.89
206.12	19948.01
206.19	20282.11
206.26	20510.73
206.34	20554.02
206.41	20314.92
206.48	19673.87
206.56	18566.63
206.63	17180.03
206.70	15802.51
206.78	14746.03
206.85	14247.47
206.92	14427.75
207.00	15140.87
207.07	16110.16
207.14	17097.38
207.22	17993.45
207.29	18792.14
207.36	19493.92
207.44	20135.67
207.51	20716.83
207.58	21246.21
207.66	21694.73
207.73	22084.59
207.80	22370.71
207.88	22504.96
207.95	22443.49
208.02	22151.21
208.10	21465.74
208.17	20351.18
208.25	19061.24
208.32	17864.84
208.39	16926.63
208.47	16458.09
208.54	16537.13
208.61	16990.97
208.69	17600.19
208.76	18276.19
208.83	19005.16
208.90	19790.02
208.98	20568.84
209.05	21309.14
209.12	21992.29
209.20	22584.69
209.27	23074.23
209.34	23507.60
209.42	23895.66
209.49	24186.81
209.56	24354.54
209.64	24378.77
209.71	24137.39
209.78	23501.67
209.86	22533.70
209.93	21416.02
210.00	20209.85
210.08	19120.82
210.15	18462.26
210.22	18334.99
210.30	18608.15
210.37	19232.82
210.44	20097.43
210.52	21018.95
210.59	21864.46
210.66	22600.03
210.74	23248.07
210.81	23806.87
210.88	24323.59
210.96	24808.79
211.03	25272.91
211.10	25703.94
211.17	26102.17
211.25	26352.66
211.32	26413.88
211.39	26248.57
211.47	25740.24
211.54	24752.21
211.61	23436.99
211.69	22157.75
211.76	21184.02
211.83	20697.59
211.91	20850.14
211.98	21492.91
212.05	22321.17
212.12	23082.79
212.20	23731.12
212.27	24250.08
212.34	24691.88
212.42	25073.43
212.49	25442.25
212.56	25821.54
212.64	26228.05
212.71	26678.58
212.78	27125.72
212.85	27522.93
212.93	27783.75
213.00	27909.89
213.07	27839.75
213.15	27449.91
213.22	26748.18
213.29	25928.70
213.37	25082.26
213.44	24333.19
213.51	23900.98
213.58	23862.60
213.66	24112.58
213.73	24560.97
213.80	25132.37
213.88	25721.76
213.95	26200.54
214.02	26540.63
214.09	26834.37
214.17	27111.53
214.24	27429.43
214.31	27842.39
214.39	28337.55
214.46	28812.68
214.53	29215.02
214.60	29514.91
214.68	29721.77
214.75	29802.31
214.82	29734.96
214.90	29477.82
214.97	28921.25
215.04	28021.87
215.11	27041.42
215.19	26249.19
215.26	25825.13
215.33	25859.77
215.41	26381.37
215.48	27144.19
215.55	27879.69
215.62	28450.87
215.70	28911.26
215.77	29312.69
215.84	29695.25
215.91	30051.55
215.99	30427.71
216.06	30779.54
216.13	31051.07
216.21	31223.35
216.28	31355.38
216.35	31455.99
216.42	31522.12
216.50	31539.79
216.57	31510.11
216.64	31293.23
216.71	30788.96
216.79	30105.21
216.86	29428.29
216.93	28864.49
217.01	28582.42
217.08	28677.35
217.15	29078.69
217.22	29615.37
217.30	30195.09
217.37	30760.55
217.44	31277.43
217.51	31719.35
217.59	32093.52
217.66	32393.19
217.73	32635.70
217.80	32835.01
217.88	32979.97
217.95	33104.77
218.02	33217.31
218.09	33325.45
218.17	33455.61
218.24	33602.31
218.31	33706.02
218.38	33722.55
218.46	33573.03
218.53	33147.55
218.60	32502.66
218.67	31821.87
218.75	31265.15
218.82	30962.45
218.89	31032.96
218.96	31427.42
219.04	31977.06
219.11	32545.47
219.18	33046.87
219.25	33463.13
219.33	33806.73
219.40	34114.36
219.47	34390.75
219.54	34652.34
219.62	34876.83
219.69	35093.13
219.76	35307.78
219.83	35502.51
219.91	35688.16
219.98	35863.47
220.05	35984.04
220.12	36018.58
220.20	35959.89
220.27	35768.69
220.34	35381.52
220.41	34856.26
220.49	34330.98
220.56	33934.57
220.63	33742.82
220.70	33836.77
220.78	34163.49
220.85	34557.78
220.92	34918.56
220.99	35222.05
221.06	35483.49
221.14	35711.53
221.21	35949.23
221.28	36194.93
221.35	36445.37
221.43	36679.31
221.50	36906.50
221.57	37110.45
221.64	37309.01
221.72	37482.17
221.79	37619.95
221.86	37712.97
221.93	37766.25
222.00	37759.99
222.08	37693.71
222.15	37521.73
222.22	37284.56
222.29	37059.92
222.37	36892.02
222.44	36786.57
222.51	36802.19
222.58	36911.84
222.65	37045.01
222.73	37170.78
222.80	37306.75
222.87	37471.94
222.94	37645.43
223.02	37833.48
223.09	38023.07
223.16	38223.95
223.23	38419.01
223.30	38627.07
223.38	38840.38
223.45	39043.61
223.52	39217.65
223.59	39363.81
223.66	39437.45
223.74	39452.60
223.81	39438.94
223.88	39407.58
223.95	39352.72
224.03	39302.13
224.10	39243.23
224.17	39202.15
224.24	39168.85
224.31	39167.81
224.39	39217.05
224.46	39317.53
224.53	39428.39
224.60	39556.90
224.67	39687.51
224.75	39824.23
224.82	39961.81
224.89	40120.36
224.96	40288.62
225.03	40447.25
225.11	40607.91
225.18	40758.39
225.25	40892.54
225.32	40994.95
225.39	41084.45
225.47	41136.55
225.54	41159.91
225.61	41116.68
225.68	41048.28
225.75	40990.75
225.83	40967.60
225.90	40974.36
225.97	41048.17
226.04	41166.78
226.11	41286.99
226.19	41404.37
226.26	41525.73
226.33	41654.41
226.40	41787.58
226.47	41935.48
226.54	42071.90
226.62	42208.36
226.69	42338.16
226.76	42460.44
226.83	42569.31
226.90	42666.92
226.98	42737.31
227.05	42794.97
227.12	42848.46
227.19	42880.85
227.26	42923.77
227.34	42975.16
227.41	43028.20
227.48	43047.57
227.55	43037.60
227.62	43005.06
227.69	42995.69
227.77	43008.97
227.84	43064.33
227.91	43169.54
227.98	43304.91
228.05	43425.98
228.12	43525.83
228.20	43627.82
228.27	43724.23
228.34	43830.53
228.41	43944.81
228.48	44067.23
228.56	44176.47
228.63	44288.99
228.70	44369.00
228.77	44450.13
228.84	44531.63
228.91	44617.70
228.99	44717.08
229.06	44848.32
229.13	44961.92
229.20	45073.78
229.27	45169.66
229.34	45244.24
229.42	45285.23
229.49	45327.33
229.56	45347.11
229.63	45367.78
229.70	45377.07
229.77	45399.92
229.85	45424.74
229.92	45476.27
229.99	45539.36
230.06	45627.95
230.13	45732.55
230.20	45846.17
230.27	45957.03
230.35	46079.99
230.42	46193.41
230.49	46303.83
230.56	46403.19
230.63	46506.07
230.70	46574.55
230.78	46638.85
230.85	46682.25
230.92	46747.00
230.99	46816.60
231.06	46921.76
231.13	47038.95
231.20	47164.92
231.28	47280.34
231.35	47391.63
231.42	47472.11
231.49	47551.19
231.56	47628.21
231.63	47686.71
231.71	47737.95
231.78	47792.19
231.85	47839.07
231.92	47897.12
231.99	47961.35
232.06	48035.83
232.13	48137.93
232.21	48236.21
232.28	48319.57
232.35	48401.18
232.42	48473.63
232.49	48540.88
232.56	48627.18
232.63	48707.40
232.71	48801.33
232.78	48889.56
232.85	48978.18
232.92	49049.30
232.99	49134.14
233.06	49208.96
233.13	49283.37
233.20	49339.87
233.28	49396.05
233.35	49433.75
233.42	49491.41
233.49	49564.26
233.56	49646.81
233.63	49728.15
233.70	49827.66
233.78	49917.63
233.85	50013.25
233.92	50096.00
233.99	50178.22
234.06	50254.05
234.13	50339.17
234.20	50404.33
234.27	50470.37
234.35	50540.33
234.42	50604.21
234.49	50656.67
234.56	50691.17
234.63	50737.21
234.70	50766.03
234.77	50806.24
234.84	50843.77
234.92	50909.15
234.99	50972.15
235.06	51052.77
235.13	51127.44
235.20	51213.33
235.27	51282.42
235.34	51370.47
235.41	51447.51
235.48	51533.11
235.56	51606.55
235.63	51684.02
235.70	51725.89
235.77	51772.20
235.84	51798.82
235.91	51825.49
235.98	51848.19
236.05	51880.88
236.12	51917.44
236.20	51951.89
236.27	51986.71
236.34	52036.57
236.41	52082.21
236.48	52113.61
236.55	52153.76
236.62	52198.83
236.69	52235.93
236.76	52304.14
236.84	52373.10
236.91	52444.98
236.98	52512.27
237.05	52570.45
237.12	52601.29
237.19	52641.83
237.26	52684.39
237.33	52726.86
237.40	52755.47
237.47	52807.50
237.55	52850.13
237.62	52899.41
237.69	52954.63
237.76	53031.24
237.83	53084.85
237.90	53141.93
237.97	53185.18
238.04	53229.37
238.11	53264.02
238.18	53313.36
238.26	53354.43
238.33	53397.01
238.40	53427.25
238.47	53454.25
238.54	53469.27
238.61	53481.67
238.68	53490.25
238.75	53495.22
238.82	53529.38
238.89	53571.09
238.96	53626.57
239.04	53680.11
239.11	53739.67
239.18	53772.19
239.25	53782.29
239.32	53791.23
239.39	53795.65
239.46	53798.23
239.53	53795.75
239.60	53796.07
239.67	53801.95
239.74	53821.61
239.81	53834.19
239.89	53862.38
239.96	53893.58
240.03	53922.63
240.10	53939.45
240.17	53959.90
240.24	53980.95
240.31	54009.26
240.38	54044.75
240.45	54109.21
240.52	54178.93
240.59	54240.37
240.66	54295.85
240.73	54338.19
240.80	54353.17
240.88	54358.51
240.95	54375.86
241.02	54384.63
241.09	54393.20
241.16	54406.98
241.23	54425.21
241.30	54408.79
241.37	54383.79
241.44	54374.29
241.51	54367.31
241.58	54369.73
241.65	54405.60
241.72	54457.71
241.79	54479.77
241.86	54494.37
241.94	54499.23
242.01	54487.31
242.08	54470.43
242.15	54480.27
242.22	54481.78
242.29	54482.82
242.36	54495.30
242.43	54493.58
242.50	54472.29
242.57	54457.74
242.64	54458.68
242.71	54442.69
242.78	54445.89
242.85	54444.21
242.92	54452.88
242.99	54456.21
243.06	54464.22
243.14	54475.01
243.21	54493.10
243.28	54510.07
243.35	54520.48
243.42	54543.14
243.49	54554.16
243.56	54567.55
243.63	54578.93
243.70	54585.95
243.77	54581.06
243.84	54572.15
243.91	54553.80
243.98	54527.30
244.05	54492.36
244.12	54464.56
244.19	54443.22
244.26	54428.83
244.33	54411.87
244.40	54398.98
244.47	54380.97
244.54	54368.68
244.62	54333.65
244.69	54299.11
244.76	54292.11
244.83	54295.09
244.90	54297.95
244.97	54320.56
245.04	54348.69
245.11	54354.96
245.18	54338.21
245.25	54325.31
245.32	54329.44
245.39	54345.89
245.46	54348.10
245.53	54348.52
245.60	54348.43
245.67	54344.19
245.74	54319.10
245.81	54303.11
245.88	54289.57
245.95	54280.99
246.02	54258.52
246.09	54223.09
246.16	54181.78
246.23	54141.19
246.30	54101.41
246.37	54078.32
246.44	54089.69
246.51	54113.81
246.58	54154.43
246.65	54181.26
246.72	54204.07
246.79	54199.23
246.87	54186.59
246.94	54162.84
247.01	54137.59
247.08	54090.91
247.15	54041.46
247.22	53985.41
247.29	53926.21
247.36	53888.80
247.43	53865.32
247.50	53849.02
247.57	53846.63
247.64	53872.53
247.71	53872.11
247.78	53873.19
247.85	53891.40
247.92	53907.66
247.99	53892.41
248.06	53886.89
248.13	53875.33
248.20	53851.49
248.27	53818.46
248.34	53807.21
248.41	53790.93
248.48	53778.19
248.55	53770.07
248.62	53772.10
248.69	53776.80
248.76	53771.14
248.83	53747.89
248.90	53718.71
248.97	53682.53
249.04	53626.42
249.11	53581.23
249.18	53548.36
249.25	53515.41
249.32	53474.03
249.39	53420.34
249.46	53359.03
249.53	53308.39
249.60	53255.47
249.67	53219.37
249.74	53203.92
249.81	53211.37
249.88	53224.53
249.95	53269.20
250.02	53301.90
250.09	53323.99
250.16	53330.87
250.23	53324.01
250.30	53298.83
250.37	53264.89
250.44	53251.39
250.51	53244.39
250.58	53247.13
250.65	53236.36
250.72	53222.30
250.79	53190.44
250.86	53153.21
250.93	53110.23
251.00	53064.89
251.07	53032.44
251.14	53001.23
251.21	52975.92
251.28	52938.45
251.35	52909.96
251.42	52893.42
251.49	52882.27
251.56	52862.75
251.63	52858.85
251.70	52852.28
251.77	52833.93
251.84	52797.91
251.91	52753.96
251.98	52698.13
252.05	52647.37
252.12	52597.89
252.18	52553.26
252.25	52526.31
252.32	52534.81
252.39	52522.43
252.46	52505.18
252.53	52499.27
252.60	52486.29
252.67	52447.71
252.74	52428.49
252.81	52408.49
252.88	52389.59
252.95	52354.23
253.02	52318.42
253.09	52289.04
253.16	52266.20
253.23	52237.82
253.30	52236.26
253.37	52226.46
253.44	52206.53
253.51	52162.98
253.58	52132.63
253.65	52104.33
253.72	52085.97
253.79	52070.61
253.86	52072.25
253.93	52068.90
254.00	52043.70
254.07	52013.88
254.14	51977.80
254.21	51947.22
254.28	51907.27
254.35	51885.57
254.41	51851.46
254.48	51821.69
254.55	51806.68
254.62	51792.43
254.69	51750.37
254.76	51726.85
254.83	51691.97
254.90	51659.63
254.97	51622.94
255.04	51620.74
255.11	51593.07
255.18	51549.93
255.25	51478.83
255.32	51423.07
255.39	51352.85
255.46	51301.77
255.53	51292.11
255.60	51288.64
255.67	51270.45
255.74	51251.69
255.81	51251.46
255.87	51241.99
255.94	51216.93
256.01	51212.53
256.08	51216.94
256.15	51194.63
256.22	51163.87
256.29	51150.16
256.36	51123.21
256.43	51098.27
256.50	51098.11
256.57	51093.70
256.64	51079.58
256.71	51057.99
256.78	51027.00
256.85	50967.67
256.92	50937.17
256.99	50917.14
257.05	50905.71
257.12	50881.27
257.19	50848.55
257.26	50778.88
257.33	50694.75
257.40	50613.48
257.47	50539.11
257.54	50507.17
257.61	50491.07
257.68	50501.81
257.75	50509.87
257.82	50540.47
257.89	50542.86
257.96	50522.07
258.03	50476.67
258.09	50412.79
258.16	50317.95
258.23	50219.75
258.30	50153.11
258.37	50098.37
258.44	50065.65
258.51	50053.25
258.58	50062.94
258.65	50067.84
258.72	50071.06
258.79	50044.19
258.86	50014.21
258.93	49983.55
258.99	49941.59
259.06	49896.81
259.13	49865.94
259.20	49826.72
259.27	49776.05
259.34	49735.19
259.41	49712.91
259.48	49706.46
259.55	49696.63
259.62	49687.63
259.69	49659.24
259.76	49602.17
259.82	49546.90
259.89	49502.33
259.96	49467.95
260.03	49427.22
260.10	49404.63
260.17	49362.63
260.24	49302.11
260.31	49238.36
260.38	49199.18
260.45	49170.45
260.52	49141.91
260.59	49114.11
260.65	49073.91
260.72	49046.91
260.79	49019.75
260.86	48993.05
260.93	48972.02
261.00	48930.43
261.07	48866.63
261.14	48783.92
261.21	48702.87
261.28	48627.09
261.34	48583.67
261.41	48530.55
261.48	48489.33
261.55	48459.13
261.62	48437.61
261.69	48408.43
261.76	48387.03
261.83	48357.72
261.90	48316.89
261.97	48263.97
262.03	48207.77
262.10	48159.39
262.17	48120.15
262.24	48109.78
262.31	48102.91
262.38	48091.28
262.45	48093.51
262.52	48070.57
262.59	48023.69
262.65	47981.31
262.72	47937.31
262.79	47890.42
262.86	47849.54
262.93	47810.75
263.00	47776.83
263.07	47742.23
263.14	47695.70
263.21	47676.96
263.27	47667.00
263.34	47656.02
263.41	47637.47
263.48	47594.93
263.55	47530.17
263.62	47430.01
263.69	47329.17
263.76	47254.84
263.82	47208.31
263.89	47170.20
263.96	47164.70
264.03	47145.13
264.10	47110.63
264.17	47051.33
264.24	46990.49
264.31	46921.41
264.38	46862.17
264.44	46788.81
264.51	46724.77
264.58	46662.11
264.65	46614.53
264.72	46558.86
264.79	46515.16
264.86	46495.53
264.92	46466.79
264.99	46436.52
265.06	46406.12
265.13	46378.39
265.20	46337.85
265.27	46307.37
265.34	46266.15
265.41	46232.60
265.47	46209.39
265.54	46190.72
265.61	46180.87
265.68	46177.50
265.75	46153.77
265.82	46102.97
265.89	46038.75
265.95	45950.93
266.02	45855.12
266.09	45784.12
266.16	45730.93
266.23	45691.45
266.30	45663.42
266.37	45622.95
266.44	45560.25
266.50	45506.94
266.57	45452.35
266.64	45390.90
266.71	45319.73
266.78	45259.05
266.85	45182.18
266.91	45112.95
266.98	45048.81
267.05	45015.74
267.12	44995.85
267.19	44986.29
267.26	44980.41
267.33	44976.30
267.39	44967.77
267.46	44944.82
267.53	44905.80
267.60	44860.68
267.67	44809.30
267.74	44762.97
267.81	44718.02
267.87	44690.41
267.94	44669.38
268.01	44645.83
268.08	44598.31
268.15	44539.04
268.22	44472.76
268.28	44376.51
268.35	44279.39
268.42	44192.06
268.49	44120.87
268.56	44048.53
268.63	44002.47
268.69	43974.41
268.76	43955.75
268.83	43952.35
268.90	43963.43
268.97	43967.55
269.04	43969.51
269.11	43950.71
269.17	43919.80
269.24	43874.24
269.31	43833.07
269.38	43788.37
269.45	43758.85
269.52	43731.75
269.58	43716.64
269.65	43675.45
269.72	43635.27
269.79	43600.52
269.86	43558.84
269.92	43496.23
269.99	43447.35
270.06	43386.27
270.13	43319.57
270.20	43257.07
270.27	43232.09
270.33	43217.91
270.40	43195.49
270.47	43174.71
270.54	43160.49
270.61	43128.32
270.68	43107.88
270.74	43101.65
270.81	43098.89
270.88	43079.23
270.95	43041.31
271.02	42975.00
271.08	42900.27
271.15	42820.64
271.22	42756.31
271.29	42714.94
271.36	42654.91
271.43	42614.77
271.49	42584.92
271.56	42550.40
271.63	42506.65
271.70	42491.15
271.77	42473.05
271.83	42440.68
271.90	42400.29
271.97	42361.00
272.04	42315.18
272.11	42271.53
272.17	42253.65
272.24	42239.22
272.31	42221.63
272.38	42214.59
272.45	42192.97
272.52	42152.05
272.58	42122.47
272.65	42101.74
272.72	42066.46
272.79	42032.48
272.86	42001.31
272.92	41956.00
272.99	41914.80
273.06	41874.24
273.13	41825.99
273.20	41769.78
273.26	41713.87
273.33	41645.09
273.40	41583.77
273.47	41540.61
273.54	41509.38
273.60	41486.91
273.67	41472.56
273.74	41474.67
273.81	41480.81
273.88	41508.25
273.94	41540.28
274.01	41577.70
274.08	41608.96
274.15	41627.73
274.21	41606.96
274.28	41563.82
274.35	41493.16
274.42	41401.43
274.49	41304.80
274.55	41233.55
274.62	41178.94
274.69	41129.61
274.76	41089.07
274.83	41058.01
274.89	41021.83
274.96	40979.99
275.03	40952.99
275.10	40926.87
275.17	40902.93
275.23	40867.55
275.30	40833.95
275.37	40807.36
275.44	40784.23
275.50	40757.27
275.57	40737.75
275.64	40711.66
275.71	40667.98
275.78	40646.37
275.84	40624.51
275.91	40599.55
275.98	40583.51
276.05	40571.87
276.11	40533.79
276.18	40500.87
276.25	40439.79
276.32	40368.23
276.39	40288.99
276.45	40210.98
276.52	40126.42
276.59	40078.03
276.66	40047.97
276.72	40042.09
276.79	40043.40
276.86	40047.62
276.93	40038.05
276.99	40006.23
277.06	39962.57
277.13	39914.69
277.20	39870.21
277.26	39840.01
277.33	39843.39
277.40	39844.27
277.47	39832.80
277.54	39814.90
277.60	39781.68
277.67	39718.38
277.74	39631.41
277.81	39551.76
277.87	39470.29
277.94	39395.56
278.01	39343.43
278.08	39314.56
278.14	39296.59
278.21	39304.49
278.28	39322.90
278.35	39340.83
278.41	39380.77
278.48	39412.82
278.55	39415.43
278.62	39406.02
278.68	39360.07
278.75	39263.22
278.82	39159.63
278.89	39058.83
278.95	38957.85
279.02	38884.41
279.09	38870.43
279.16	38881.85
279.22	38915.36
279.29	38953.63
279.36	38991.86
279.43	38981.55
279.49	38923.87
279.56	38822.75
279.63	38685.89
279.70	38543.55
279.76	38424.25
279.83	38346.41
279.90	38308.33
279.97	38299.33
280.03	38305.27
280.10	38302.69
280.17	38309.81
280.24	38297.79
280.30	38297.23
280.37	38279.70
280.44	38278.31
280.51	38256.10
280.57	38247.19
280.64	38222.90
280.71	38201.00
280.77	38165.93
280.84	38110.21
280.91	38034.45
280.98	37951.93
281.04	37869.51
281.11	37771.26
281.18	37682.52
281.25	37591.33
281.31	37494.37
281.38	37392.94
281.45	37305.08
281.52	37221.59
281.58	37144.01
281.65	37086.19
281.72	37038.65
281.78	36996.43
281.85	36971.14
281.92	36966.02
281.99	36960.44
282.05	36966.83
282.12	36982.75
282.19	36995.56
282.26	37008.67
282.32	37031.58
282.39	37044.42
282.46	37031.53
282.52	37027.86
282.59	37015.58
282.66	37010.62
282.73	37003.09
282.79	36995.09
282.86	36963.47
282.93	36890.81
282.99	36782.20
283.06	36643.48
283.13	36498.66
283.20	36353.57
283.26	36240.02
283.33	36148.08
283.40	36087.69
283.46	36063.35
283.53	36051.79
283.60	36052.35
283.67	36061.21
283.73	36079.14
283.80	36081.03
283.87	36090.63
283.93	36119.82
284.00	36131.52
284.07	36136.15
284.13	36137.08
284.20	36120.47
284.27	36079.41
284.34	36040.57
284.40	36006.75
284.47	35983.55
284.54	35972.23
284.60	35941.61
284.67	35897.21
284.74	35848.85
284.81	35786.04
284.87	35718.01
284.94	35646.85
285.01	35574.29
285.07	35473.15
285.14	35380.68
285.21	35290.95
285.27	35231.63
285.34	35203.20
285.41	35207.71
285.47	35219.79
285.54	35249.92
285.61	35269.71
285.68	35286.05
285.74	35308.73
285.81	35330.63
285.88	35336.13
285.94	35354.73
286.01	35381.91
286.08	35395.93
286.14	35412.61
286.21	35425.78
286.28	35440.06
286.34	35415.79
286.41	35362.08
286.48	35277.11
286.55	35164.44
286.61	35032.63
286.68	34912.07
286.75	34806.91
286.81	34721.49
286.88	34668.21
286.95	34619.97
287.01	34610.27
287.08	34619.36
287.15	34636.01
287.21	34658.45
287.28	34681.34
287.35	34687.19
287.41	34688.05
287.48	34691.14
287.55	34694.59
287.61	34704.52
287.68	34704.31
287.75	34702.01
287.81	34696.66
287.88	34688.41
287.95	34692.45
288.01	34686.23
288.08	34686.50
288.15	34667.27
288.21	34642.60
288.28	34606.29
288.35	34578.81
288.41	34538.38
288.48	34486.69
288.55	34414.74
288.61	34309.15
288.68	34208.08
288.75	34108.30
288.81	34041.37
288.88	33994.55
288.95	33994.92
289.01	34005.91
289.08	34044.07
289.15	34097.87
289.21	34159.55
289.28	34211.75
289.35	34261.32
289.41	34288.05
289.48	34295.19
289.55	34300.95
289.61	34295.05
289.68	34289.05
289.75	34265.41
289.81	34233.47
289.88	34186.70
289.95	34126.78
290.01	34050.17
290.08	33991.35
290.15	33941.43
290.21	33904.31
290.28	33883.56
290.35	33869.21
290.41	33847.83
290.48	33811.48
290.55	33736.28
290.61	33663.33
290.68	33595.43
290.74	33572.31
290.81	33570.70
290.88	33609.14
290.94	33660.05
291.01	33720.63
291.08	33756.15
291.14	33794.95
291.21	33837.59
291.28	33876.36
291.34	33913.25
291.41	33935.15
291.48	33944.72
291.54	33939.25
291.61	33915.15
291.68	33874.72
291.74	33813.34
291.81	33744.78
291.87	33701.45
291.94	33632.34
292.01	33565.42
292.07	33508.74
292.14	33447.23
292.21	33346.50
292.27	33282.61
292.34	33221.51
292.41	33186.56
292.47	33169.92
292.54	33183.61
292.60	33201.19
292.67	33240.82
292.74	33273.53
292.80	33324.59
292.87	33371.26
292.94	33418.39
293.00	33469.43
293.07	33523.39
293.13	33570.46
293.20	33620.23
293.27	33663.69
293.33	33673.50
293.40	33680.23
293.47	33660.77
293.53	33620.69
293.60	33560.53
293.66	33483.11
293.73	33363.88
293.80	33244.65
293.86	33130.85
293.93	33037.79
294.00	32978.28
294.06	32952.21
294.13	32928.78
294.19	32908.19
294.26	32888.29
294.33	32862.25
294.39	32839.58
294.46	32838.90
294.52	32843.75
294.59	32868.63
294.66	32911.52
294.72	32964.40
294.79	33022.24
294.86	33094.46
294.92	33157.19
294.99	33222.34
295.05	33295.49
295.12	33349.49
295.19	33400.45
295.25	33435.85
295.32	33450.77
295.38	33458.97
295.45	33463.30
295.52	33441.61
295.58	33394.37
295.65	33326.74
295.71	33228.75
295.78	33100.91
295.85	32971.82
295.91	32849.55
295.98	32730.17
296.04	32611.16
296.11	32533.17
296.18	32482.52
296.24	32474.32
296.31	32491.17
296.37	32550.28
296.44	32631.27
296.51	32715.88
296.57	32797.55
296.64	32889.41
296.70	32974.37
296.77	33028.61
296.84	33070.22
296.90	33108.05
296.97	33135.37
297.03	33162.68
297.10	33201.65
297.17	33241.21
297.23	33282.45
297.30	33320.15
297.36	33341.17
297.43	33340.10
297.50	33337.55
297.56	33306.67
297.63	33244.32
297.69	33136.65
297.76	33010.53
297.82	32848.53
297.89	32679.76
297.96	32535.30
298.02	32437.21
298.09	32363.96
298.15	32328.02
298.22	32329.83
298.29	32338.13
298.35	32353.59
298.42	32392.80
298.48	32441.85
298.55	32497.13
298.61	32576.21
298.68	32669.28
298.75	32756.34
298.81	32838.85
298.88	32907.04
298.94	32961.11
299.01	32999.70
299.08	33030.17
299.14	33065.58
299.21	33095.79
299.27	33119.89
299.34	33128.96
299.40	33142.27
299.47	33132.71
299.54	33119.18
299.60	33094.63
299.67	33059.89
299.73	32977.61
299.80	32852.19
299.86	32663.26
299.93	32445.04
299.99	32238.96
300.06	32076.53
300.13	31963.80
300.19	31935.35
300.26	31949.91
300.32	32005.00
300.39	32069.35
300.45	32160.44
300.52	32259.85
300.59	32363.60
300.65	32450.57
300.72	32545.65
300.78	32618.26
300.85	32683.10
300.91	32729.52
300.98	32761.16
301.04	32778.62
301.11	32798.50
301.18	32811.73
301.24	32839.10
301.31	32852.27
301.37	32854.41
301.44	32846.84
301.50	32833.87
301.57	32794.72
301.63	32766.70
301.70	32706.21
301.77	32620.46
301.83	32490.71
301.90	32347.24
301.96	32174.83
302.03	32009.27
302.09	31877.54
302.16	31782.20
302.22	31722.91
302.29	31696.35
302.36	31704.25
302.42	31726.49
302.49	31765.31
302.55	31813.37
302.62	31882.51
302.68	31954.97
302.75	32021.23
302.81	32076.49
302.88	32128.29
302.94	32159.03
303.01	32198.14
303.07	32223.06
303.14	32250.07
303.21	32267.32
303.27	32273.86
303.34	32265.77
303.40	32250.92
303.47	32227.08
303.53	32198.33
303.60	32183.15
303.66	32148.84
303.73	32116.58
303.79	32076.54
303.86	32010.97
303.92	31917.78
303.99	31810.63
304.05	31659.79
304.12	31492.48
304.19	31348.81
304.25	31219.68
304.32	31128.91
304.38	31089.35
304.45	31073.45
304.51	31080.63
304.58	31104.87
304.64	31136.59
304.71	31185.24
304.77	31229.14
304.84	31260.33
304.90	31290.61
304.97	31305.15
305.03	31306.05
305.10	31317.91
305.16	31329.41
305.23	31332.58
305.29	31341.34
305.36	31334.51
305.42	31321.67
305.49	31298.87
305.56	31273.93
305.62	31238.80
305.69	31202.80
305.75	31155.31
305.82	31074.44
305.88	30960.51
305.95	30817.39
306.01	30656.09
306.08	30497.45
306.14	30362.57
306.21	30241.30
306.27	30135.52
306.34	30053.15
306.40	29970.81
306.47	29909.87
306.53	29900.07
306.60	29914.40
306.66	29952.28
306.73	30001.23
306.79	30035.07
306.86	30051.87
306.92	30062.23
306.99	30060.11
307.05	30064.41
307.12	30077.43
307.18	30073.75
307.25	30064.41
307.31	30042.91
307.38	30017.99
307.44	29989.37
307.51	29959.98
307.57	29920.94
307.64	29886.15
307.70	29848.76
307.77	29805.03
307.83	29756.15
307.90	29716.12
307.96	29678.41
308.03	29619.72
308.09	29555.65
308.16	29500.26
308.22	29436.41
308.29	29353.05
308.35	29273.59
308.42	29187.51
308.48	29067.94
308.55	28962.11
308.61	28871.83
308.68	28791.67
308.74	28730.59
308.81	28710.28
308.87	28693.62
308.94	28694.63
309.00	28687.72
309.07	28686.30
309.13	28675.22
309.20	28668.89
309.26	28638.24
309.33	28618.65
309.39	28588.10
309.45	28561.75
309.52	28518.09
309.58	28475.38
309.65	28432.97
309.71	28386.73
309.78	28338.11
309.84	28283.91
309.91	28237.78
309.97	28178.78
310.04	28128.00
310.10	28075.47
310.17	28028.07
310.23	27975.81
310.30	27932.31
310.36	27881.54
310.43	27818.05
310.49	27741.19
310.56	27667.06
310.62	27579.50
310.69	27489.23
310.75	27417.95
310.81	27369.67
310.88	27314.97
310.94	27279.79
311.01	27251.68
311.07	27220.23
311.14	27185.51
311.20	27162.26
311.27	27127.70
311.33	27111.61
311.40	27081.71
311.46	27060.33
311.53	27032.33
311.59	27008.33
311.66	26982.45
311.72	26950.94
311.78	26910.29
311.85	26872.81
311.91	26842.65
311.98	26792.40
312.04	26754.55
312.11	26718.49
312.17	26680.17
312.24	26623.90
312.30	26570.93
312.37	26514.25
312.43	26457.35
312.50	26395.87
312.56	26343.77
312.62	26287.61
312.69	26236.69
312.75	26170.71
312.82	26095.77
312.88	26026.75
312.95	25961.39
313.01	25887.19
313.08	25820.27
313.14	25781.59
313.20	25737.19
313.27	25686.55
313.33	25642.13
313.40	25611.90
313.46	25564.89
313.53	25518.26
313.59	25489.35
313.66	25466.42
313.72	25438.14
313.78	25408.09
313.85	25385.02
313.91	25353.83
313.98	25314.63
314.04	25273.55
314.11	25236.75
314.17	25192.21
314.24	25142.65
314.30	25103.11
314.36	25057.75
314.43	25017.73
314.49	24968.09
314.56	24924.99
314.62	24867.80
314.69	24813.31
314.75	24751.39
314.81	24707.55
314.88	24652.02
314.94	24614.77
315.01	24583.17
315.07	24532.79
315.14	24489.70
315.20	24456.03
315.27	24403.55
315.33	24350.73
315.39	24312.11
315.46	24261.19
315.52	24205.78
315.59	24165.94
315.65	24113.26
315.72	24074.42
315.78	24031.99
315.84	23997.84
315.91	23968.52
315.97	23949.38
316.04	23941.77
316.10	23925.20
316.16	23894.21
316.23	23820.50
316.29	23728.92
316.36	23585.76
316.42	23428.41
316.49	23245.51
316.55	23059.28
316.61	22869.17
316.68	22666.67
316.74	22466.07
316.81	22261.19
316.87	22057.18
316.93	21846.31
317.00	21651.60
317.06	21446.61
317.13	21244.43
317.19	21043.67
317.26	20838.50
317.32	20631.19
317.38	20427.85
317.45	20228.89
317.51	20033.05
317.58	19833.88
317.64	19635.23
317.70	19443.78
317.77	19247.47
317.83	19052.43
317.90	18860.49
317.96	18666.66
318.02	18467.15
318.09	18283.26
318.15	18090.82
318.22	17891.23
318.28	17695.12
318.34	17494.19
318.41	17279.96
318.47	17074.74
318.54	16884.39
318.60	16691.81
318.66	16509.32
318.73	16325.46
318.79	16148.28
318.86	15963.28
318.92	15784.86
318.98	15610.57
319.05	15435.08
319.11	15257.22
319.18	15078.71
319.24	14896.89
319.30	14700.37
319.37	14525.93
319.43	14352.57
319.50	14181.60
319.56	14010.23
319.62	13843.31
319.69	13665.43
319.75	13498.84
319.82	13328.49
319.88	13160.73
319.94	12990.18
320.01	12829.33
320.07	12647.46
320.13	12482.45
320.20	12315.33
320.26	12149.31
320.33	11977.47
320.39	11818.47
320.45	11646.39
320.52	11477.75
320.58	11313.15
320.65	11150.10
320.71	10979.37
320.77	10822.97
320.84	10663.23
320.90	10507.37
320.96	10346.19
321.03	10175.87
321.09	10004.37
321.16	9833.43
321.22	9661.39
321.28	9497.65
321.35	9349.35
321.41	9189.11
321.47	9033.55
321.54	8879.41
321.60	8716.14
321.67	8552.93
321.73	8397.83
321.79	8238.71
321.86	8085.96
321.92	7930.69
321.98	7761.78
322.05	7591.05
322.11	7417.81
322.18	7236.91
322.24	7062.63
322.30	6898.59
322.37	6741.23
322.43	6585.12
322.49	6435.97
322.56	6274.98
322.62	6122.57
322.68	5960.61
322.75	5803.11
322.81	5634.97
322.88	5478.54
322.94	5319.71
323.00	5159.21
323.07	5003.01
323.13	4853.50
323.19	4702.34
323.26	4552.03
323.32	4407.73
323.38	4259.92
323.45	4057.63
323.51	3473.19
323.57	2665.82
323.64	1823.65
323.70	1012.35
323.76	285.63
323.83	-26.73
323.89	-88.65
323.96	-89.65
