180.25	3510.70
180.33	-132.70
180.40	654.36
180.48	-34.00
180.56	8.24
180.63	42.44
180.71	82.27
180.78	80.95
180.86	81.62
180.93	86.22
181.01	88.28
181.08	86.86
181.16	86.16
181.23	87.51
181.31	87.05
181.39	110.42
181.46	119.35
181.54	129.82
181.61	146.01
181.69	155.30
181.76	147.14
181.84	141.00
181.91	142.16
181.99	143.91
182.06	143.37
182.14	149.54
182.22	156.04
182.29	167.32
182.37	170.46
182.44	183.96
182.52	182.04
182.59	199.96
182.67	207.33
182.74	213.76
182.82	216.96
182.89	226.44
182.97	225.68
183.04	234.56
183.12	242.82
183.20	262.61
183.27	274.95
183.35	303.98
183.42	326.58
183.50	366.84
183.57	392.22
183.65	437.59
183.72	479.14
183.80	533.69
183.87	578.42
183.95	623.02
184.02	671.12
184.10	702.05
184.17	721.40
184.25	722.60
184.32	715.66
184.40	687.54
184.47	641.61
184.55	598.19
184.62	592.36
184.70	616.95
184.78	664.44
184.85	767.49
184.93	888.66
185.00	1003.35
185.08	1121.92
185.15	1237.10
185.23	1354.26
185.30	1467.48
185.38	1575.33
185.45	1675.88
185.53	1789.11
185.60	1883.10
185.68	1989.50
185.75	2070.51
185.83	2130.68
185.90	2156.02
185.98	2126.64
186.05	2037.12
186.13	1925.51
186.20	1786.90
186.28	1674.50
186.35	1644.16
186.43	1703.57
186.50	1848.33
186.58	2061.38
186.65	2286.34
186.73	2511.61
186.80	2703.25
186.88	2872.49
186.95	3036.69
187.03	3189.48
187.10	3319.16
187.18	3478.50
187.25	3632.60
187.33	3790.94
187.40	3973.96
187.48	4146.68
187.55	4298.36
187.63	4421.97
187.70	4484.08
187.78	4490.78
187.85	4463.98
187.93	4329.86
188.00	4111.66
188.08	3853.46
188.15	3617.09
188.23	3464.82
188.30	3450.74
188.38	3576.23
188.45	3810.20
188.53	4066.48
188.60	4296.98
188.68	4502.72
188.75	4703.96
188.83	4928.78
188.90	5149.29
188.98	5381.28
189.05	5631.40
189.13	5857.10
189.20	6064.15
189.28	6278.29
189.35	6478.15
189.43	6656.05
189.50	6813.51
189.58	6875.14
189.65	6841.27
189.73	6727.96
189.80	6535.38
189.87	6288.50
189.95	6008.82
190.02	5678.23
190.10	5323.40
190.17	5038.79
190.25	4882.91
190.32	4909.58
190.40	5114.02
190.47	5464.30
190.55	5861.20
190.62	6248.92
190.70	6581.10
190.77	6884.36
190.85	7155.21
190.92	7371.90
191.00	7533.94
191.07	7664.38
191.15	7724.04
191.22	7743.08
191.29	7728.42
191.37	7692.24
191.44	7669.79
191.52	7713.24
191.59	7767.60
191.67	7818.99
191.74	7838.50
191.82	7817.78
191.89	7786.15
191.97	7783.06
192.04	7812.34
192.12	7851.02
192.19	7843.29
192.27	7738.99
192.34	7590.24
192.41	7480.94
192.49	7450.58
192.56	7529.12
192.64	7702.14
192.71	7910.73
192.79	8051.94
192.86	8100.34
192.94	8026.16
193.01	7914.66
193.09	7842.90
193.16	7890.30
193.23	8065.55
193.31	8359.99
193.38	8741.06
193.46	9087.91
193.53	9373.98
193.61	9610.17
193.68	9804.60
193.76	9914.36
193.83	9976.98
193.91	9989.02
193.98	9959.73
194.05	9885.12
194.13	9764.42
194.20	9596.87
194.28	9410.16
194.35	9220.50
194.43	9025.10
194.50	8802.88
194.58	8573.57
194.65	8397.36
194.72	8347.36
194.80	8470.48
194.87	8785.72
194.95	9250.25
195.02	9733.70
195.10	10141.37
195.17	10466.92
195.25	10715.55
195.32	10906.65
195.39	11065.56
195.47	11182.82
195.54	11231.20
195.62	11165.38
195.69	10932.53
195.77	10517.19
195.84	9966.94
195.91	9381.24
195.99	8949.40
196.06	8782.43
196.14	8883.47
196.21	9221.72
196.29	9714.00
196.36	10227.86
196.43	10676.58
196.51	11069.20
196.58	11380.84
196.66	11621.44
196.73	11801.10
196.81	11934.69
196.88	12011.06
196.95	12033.16
197.03	11941.51
197.10	11680.52
197.18	11264.42
197.25	10775.78
197.33	10283.20
197.40	9849.06
197.47	9557.10
197.55	9470.54
197.62	9532.80
197.70	9738.17
197.77	10100.91
197.84	10563.08
197.92	11042.84
197.99	11549.59
198.07	12025.96
198.14	12413.92
198.22	12735.80
198.29	12986.79
198.36	13164.96
198.44	13280.95
198.51	13289.97
198.59	13116.52
198.66	12757.93
198.73	12226.16
198.81	11582.24
198.88	10879.64
198.96	10267.88
199.03	9914.86
199.10	9884.55
199.18	10107.71
199.25	10598.32
199.33	11258.00
199.40	11910.26
199.48	12429.46
199.55	12845.27
199.62	13169.63
199.70	13475.60
199.77	13775.64
199.85	14076.54
199.92	14328.34
199.99	14479.42
200.07	14434.02
200.14	14131.76
200.22	13508.55
200.29	12609.88
200.36	11702.65
200.44	10979.71
200.51	10572.14
200.59	10559.37
200.66	10901.48
200.73	11398.57
200.81	11915.35
200.88	12411.42
200.95	12921.57
201.03	13437.26
201.10	13941.82
201.18	14405.67
201.25	14796.16
201.32	15080.72
201.40	15298.08
201.47	15424.68
201.55	15426.38
201.62	15221.72
201.69	14762.18
201.77	14143.78
201.84	13480.45
201.92	12779.14
201.99	12119.25
202.06	11697.58
202.14	11562.24
202.21	11674.02
202.28	12056.43
202.36	12712.40
202.43	13478.28
202.51	14177.89
202.58	14747.97
202.65	15212.92
202.73	15622.52
202.80	16009.82
202.87	16393.24
202.95	16771.47
203.02	17069.09
203.10	17198.44
203.17	17140.85
203.24	16808.19
203.32	16059.18
203.39	14935.48
203.46	13748.89
203.54	12762.36
203.61	12168.24
203.69	12102.06
203.76	12570.49
203.83	13319.69
203.91	14086.38
203.98	14806.34
204.05	15488.32
204.13	16136.90
204.20	16733.22
204.28	17277.26
204.35	17707.87
204.42	18021.38
204.50	18229.71
204.57	18336.84
204.64	18340.32
204.72	18208.59
204.79	17791.02
204.86	17069.84
204.94	16204.28
205.01	15315.10
205.09	14438.39
205.16	13784.41
205.23	13505.97
205.31	13577.27
205.38	13920.38
205.45	14562.09
205.53	15419.21
205.60	16339.78
205.67	17187.07
205.75	17895.28
205.82	18448.34
205.89	18887.28
205.97	19265.62
206.04	19608.72
206.12	19954.44
206.19	20281.59
206.26	20502.04
206.34	20545.98
206.41	20307.12
206.48	19675.45
206.56	18566.98
206.63	17179.48
206.70	15798.09
206.78	14751.80
206.85	14257.22
206.92	14442.85
207.00	15161.67
207.07	16134.68
207.14	17121.05
207.22	18017.94
207.29	18812.38
207.36	19517.02
207.44	20159.97
207.51	20745.18
207.58	21270.70
207.66	21722.13
207.73	22116.91
207.80	22399.96
207.88	22525.00
207.95	22451.57
208.02	22154.20
208.10	21449.78
208.17	20338.16
208.25	19043.95
208.32	17857.66
208.39	16923.08
208.47	16469.50
208.54	16549.06
208.61	17011.32
208.69	17626.63
208.76	18309.06
208.83	19050.80
208.90	19828.63
208.98	20611.06
209.05	21344.30
209.12	22020.60
209.20	22597.18
209.27	23096.01
209.34	23523.84
209.42	23913.26
209.49	24205.73
209.56	24377.66
209.64	24394.45
209.71	24144.12
209.78	23494.66
209.86	22513.66
209.93	21390.34
210.00	20182.16
210.08	19106.38
210.15	18452.23
210.22	18336.07
210.30	18616.70
210.37	19255.29
210.44	20119.26
210.52	21047.94
210.59	21897.68
210.66	22636.42
210.74	23274.38
210.81	23838.45
210.88	24357.50
210.96	24842.82
211.03	25297.08
211.10	25736.52
211.17	26128.11
211.25	26379.16
211.32	26436.09
211.39	26255.70
211.47	25739.62
211.54	24745.32
211.61	23424.00
211.69	22145.40
211.76	21192.64
211.83	20718.91
211.91	20878.27
211.98	21531.20
212.05	22358.05
212.12	23119.70
212.20	23755.04
212.27	24282.32
212.34	24711.99
212.42	25098.46
212.49	25466.61
212.56	25844.18
212.64	26243.98
212.71	26697.51
212.78	27140.88
212.85	27530.83
212.93	27791.37
213.00	27911.78
213.07	27846.27
213.15	27451.21
213.22	26747.31
213.29	25923.01
213.37	25071.65
213.44	24312.35
213.51	23878.75
213.58	23848.78
213.66	24112.72
213.73	24573.92
213.80	25160.69
213.88	25760.40
213.95	26236.95
214.02	26572.76
214.09	26854.70
214.17	27131.27
214.24	27454.81
214.31	27876.44
214.39	28374.04
214.46	28845.99
214.53	29239.60
214.60	29533.28
214.68	29728.64
214.75	29810.27
214.82	29757.73
214.90	29498.35
214.97	28938.72
215.04	28042.58
215.11	27060.66
215.19	26263.64
215.26	25846.36
215.33	25882.36
215.41	26402.39
215.48	27160.00
215.55	27888.20
215.62	28457.48
215.70	28916.18
215.77	29311.50
215.84	29686.88
215.91	30055.18
215.99	30431.58
216.06	30786.99
216.13	31064.76
216.21	31233.31
216.28	31360.68
216.35	31467.70
216.42	31538.84
216.50	31555.83
216.57	31525.30
216.64	31305.79
216.71	30783.39
216.79	30076.12
216.86	29391.60
216.93	28839.56
217.01	28552.02
217.08	28653.78
217.15	29064.24
217.22	29607.53
217.30	30190.53
217.37	30762.68
217.44	31278.30
217.51	31718.65
217.59	32091.15
217.66	32386.34
217.73	32624.82
217.80	32824.56
217.88	32969.48
217.95	33090.14
218.02	33206.22
218.09	33323.27
218.17	33464.21
218.24	33619.41
218.31	33735.94
218.38	33744.94
218.46	33589.70
218.53	33154.98
218.60	32512.11
218.67	31822.61
218.75	31269.00
218.82	30978.14
218.89	31054.00
218.96	31449.56
219.04	32016.83
219.11	32598.48
219.18	33090.48
219.25	33497.12
219.33	33837.78
219.40	34136.46
219.47	34413.95
219.54	34684.10
219.62	34920.34
219.69	35133.52
219.76	35342.20
219.83	35526.12
219.91	35696.14
219.98	35864.78
220.05	35994.37
220.12	36032.65
220.20	35984.11
220.27	35793.20
220.34	35406.98
220.41	34876.12
220.49	34338.02
220.56	33937.20
220.63	33752.28
220.70	33845.52
220.78	34168.62
220.85	34576.53
220.92	34937.14
220.99	35243.28
221.06	35495.78
221.14	35726.99
221.21	35959.96
221.28	36210.92
221.35	36454.52
221.43	36703.63
221.50	36918.92
221.57	37112.86
221.64	37304.59
221.72	37476.13
221.79	37606.56
221.86	37702.91
221.93	37760.55
222.00	37747.61
222.08	37684.10
222.15	37522.15
222.22	37296.44
222.29	37078.76
222.37	36912.81
222.44	36823.32
222.51	36836.19
222.58	36942.83
222.65	37070.98
222.73	37204.62
222.80	37329.31
222.87	37489.12
222.94	37656.26
223.02	37839.82
223.09	38028.88
223.16	38231.15
223.23	38427.14
223.30	38639.11
223.38	38852.83
223.45	39048.96
223.52	39226.47
223.59	39374.58
223.66	39463.82
223.74	39489.54
223.81	39477.81
223.88	39445.98
223.95	39403.54
224.03	39336.82
224.10	39276.64
224.17	39243.63
224.24	39206.24
224.31	39199.07
224.39	39255.11
224.46	39353.98
224.53	39459.41
224.60	39576.27
224.67	39703.80
224.75	39829.85
224.82	39966.90
224.89	40126.99
224.96	40309.97
225.03	40472.21
225.11	40628.66
225.18	40781.18
225.25	40906.74
225.32	41004.32
225.39	41089.70
225.47	41149.99
225.54	41168.47
225.61	41133.05
225.68	41065.32
225.75	41005.61
225.83	40980.16
225.90	40990.49
225.97	41065.38
226.04	41183.16
226.11	41306.77
226.19	41431.24
226.26	41556.91
226.33	41694.48
226.40	41820.98
226.47	41957.54
226.54	42086.10
226.62	42220.06
226.69	42342.02
226.76	42469.38
226.83	42576.94
226.90	42674.28
226.98	42734.56
227.05	42788.70
227.12	42842.31
227.19	42883.18
227.26	42930.12
227.34	43001.92
227.41	43060.86
227.48	43076.56
227.55	43063.34
227.62	43042.50
227.69	43027.44
227.77	43034.31
227.84	43108.06
227.91	43229.61
227.98	43360.32
228.05	43470.62
228.12	43573.34
228.20	43666.08
228.27	43767.06
228.34	43868.83
228.41	43986.52
228.48	44107.88
228.56	44224.57
228.63	44321.10
228.70	44399.70
228.77	44488.17
228.84	44576.50
228.91	44662.02
228.99	44766.24
229.06	44897.10
229.13	45000.67
229.20	45097.02
229.27	45180.46
229.34	45250.75
229.42	45289.74
229.49	45335.57
229.56	45367.02
229.63	45401.64
229.70	45413.40
229.77	45437.34
229.85	45472.12
229.92	45518.18
229.99	45574.18
230.06	45657.48
230.13	45769.79
230.20	45884.16
230.27	45998.55
230.35	46112.40
230.42	46229.34
230.49	46336.47
230.56	46427.08
230.63	46526.60
230.70	46598.96
230.78	46655.17
230.85	46701.92
230.92	46763.94
230.99	46824.08
231.06	46929.93
231.13	47059.61
231.20	47189.06
231.28	47306.61
231.35	47432.97
231.42	47521.44
231.49	47592.09
231.56	47668.26
231.63	47742.29
231.71	47784.94
231.78	47838.28
231.85	47891.19
231.92	47935.02
231.99	47988.04
232.06	48068.70
232.13	48163.30
232.21	48263.06
232.28	48350.48
232.35	48428.53
232.42	48502.48
232.49	48571.06
232.56	48654.69
232.63	48737.35
232.71	48832.92
232.78	48917.99
232.85	49008.04
232.92	49076.64
232.99	49165.20
233.06	49250.63
233.13	49321.79
233.20	49373.66
233.28	49432.44
233.35	49480.44
233.42	49528.30
233.49	49607.86
233.56	49694.50
233.63	49782.69
233.70	49868.39
233.78	49962.00
233.85	50064.66
233.92	50143.05
233.99	50221.39
234.06	50306.22
234.13	50395.18
234.20	50450.56
234.27	50526.70
234.35	50580.17
234.42	50649.42
234.49	50702.16
234.56	50737.65
234.63	50772.60
234.70	50817.44
234.77	50841.76
234.84	50863.88
234.92	50924.02
234.99	50998.16
235.06	51078.61
235.13	51168.90
235.20	51267.92
235.27	51350.80
235.34	51432.14
235.41	51507.95
235.48	51585.21
235.56	51656.58
235.63	51725.90
235.70	51768.80
235.77	51814.25
235.84	51843.13
235.91	51860.52
235.98	51878.20
236.05	51918.71
236.12	51964.78
236.20	51996.94
236.27	52049.26
236.34	52102.34
236.41	52146.20
236.48	52186.86
236.55	52237.81
236.62	52275.76
236.69	52316.86
236.76	52378.75
236.84	52444.60
236.91	52512.24
236.98	52581.50
237.05	52635.02
237.12	52672.80
237.19	52698.47
237.26	52728.80
237.33	52759.03
237.40	52792.25
237.47	52828.43
237.55	52870.85
237.62	52931.40
237.69	52995.48
237.76	53078.26
237.83	53146.83
237.90	53214.58
237.97	53248.69
238.04	53292.81
238.11	53320.34
238.18	53364.68
238.26	53393.94
238.33	53430.58
238.40	53457.66
238.47	53488.48
238.54	53501.60
238.61	53519.22
238.68	53533.13
238.75	53548.61
238.82	53578.00
238.89	53620.68
238.96	53675.85
239.04	53740.54
239.11	53798.69
239.18	53835.58
239.25	53847.62
239.32	53862.36
239.39	53861.52
239.46	53853.60
239.53	53849.69
239.60	53855.38
239.67	53857.66
239.74	53870.68
239.81	53891.36
239.89	53921.38
239.96	53945.60
240.03	53978.38
240.10	54007.27
240.17	54017.85
240.24	54027.20
240.31	54061.94
240.38	54093.60
240.45	54143.26
240.52	54220.66
240.59	54286.04
240.66	54339.10
240.73	54383.44
240.80	54400.20
240.88	54393.14
240.95	54408.90
241.02	54422.57
241.09	54428.80
241.16	54451.14
241.23	54489.91
241.30	54485.68
241.37	54454.42
241.44	54442.92
241.51	54436.54
241.58	54433.08
241.65	54460.70
241.72	54503.86
241.79	54529.99
241.86	54541.52
241.94	54546.28
242.01	54532.37
242.08	54526.26
242.15	54533.65
242.22	54534.73
242.29	54528.42
242.36	54539.74
242.43	54537.68
242.50	54518.90
242.57	54518.05
242.64	54524.02
242.71	54513.88
242.78	54524.64
242.85	54532.38
242.92	54537.57
242.99	54542.20
243.06	54554.34
243.14	54553.28
243.21	54568.11
243.28	54580.01
243.35	54591.60
243.42	54613.64
243.49	54643.60
243.56	54658.34
243.63	54670.72
243.70	54679.12
243.77	54664.46
243.84	54652.20
243.91	54629.98
243.98	54609.48
244.05	54571.92
244.12	54552.42
244.19	54529.44
244.26	54510.12
244.33	54479.89
244.40	54465.30
244.47	54456.57
244.54	54441.00
244.62	54411.20
244.69	54386.13
244.76	54374.06
244.83	54356.53
244.90	54354.53
244.97	54379.59
245.04	54404.36
245.11	54409.80
245.18	54404.42
245.25	54399.57
245.32	54402.22
245.39	54405.15
245.46	54419.80
245.53	54427.38
245.60	54418.62
245.67	54406.50
245.74	54404.07
245.81	54390.97
245.88	54375.31
245.95	54364.00
246.02	54338.55
246.09	54288.68
246.16	54238.74
246.23	54198.28
246.30	54158.94
246.37	54140.52
246.44	54167.78
246.51	54190.56
246.58	54225.03
246.65	54268.96
246.72	54293.26
246.79	54284.05
246.87	54274.24
246.94	54253.87
247.01	54210.53
247.08	54162.95
247.15	54102.55
247.22	54050.13
247.29	53989.43
247.36	53949.91
247.43	53907.73
247.50	53892.36
247.57	53888.66
247.64	53903.68
247.71	53908.29
247.78	53926.40
247.85	53951.36
247.92	53965.02
247.99	53963.46
248.06	53953.84
248.13	53944.43
248.20	53916.12
248.27	53882.24
248.34	53866.20
248.41	53863.58
248.48	53858.28
248.55	53845.96
248.62	53855.02
248.69	53851.79
248.76	53826.35
248.83	53797.01
248.90	53771.66
248.97	53729.20
249.04	53676.75
249.11	53643.17
249.18	53608.62
249.25	53579.62
249.32	53537.06
249.39	53498.30
249.46	53441.24
249.53	53393.00
249.60	53333.50
249.67	53302.23
249.74	53281.72
249.81	53281.42
249.88	53289.32
249.95	53330.68
250.02	53370.52
250.09	53386.07
250.16	53402.41
250.23	53392.70
250.30	53374.42
250.37	53347.12
250.44	53349.10
250.51	53347.94
250.58	53357.16
250.65	53349.27
250.72	53316.42
250.79	53271.60
250.86	53209.10
250.93	53159.27
251.00	53101.35
251.07	53070.70
251.14	53046.30
251.21	53022.95
251.28	52996.49
251.35	52980.86
251.42	52965.36
251.49	52949.51
251.56	52943.88
251.63	52930.30
251.70	52915.58
251.77	52892.20
251.84	52853.88
251.91	52807.06
251.98	52752.59
252.05	52699.12
252.12	52649.30
252.18	52611.74
252.25	52586.59
252.32	52583.04
252.39	52581.70
252.46	52570.95
252.53	52550.00
252.60	52528.96
252.67	52502.96
252.74	52475.38
252.81	52455.66
252.88	52444.70
252.95	52419.91
253.02	52388.76
253.09	52356.25
253.16	52321.82
253.23	52292.57
253.30	52281.34
253.37	52258.05
253.44	52236.01
253.51	52204.94
253.58	52168.70
253.65	52142.13
253.72	52136.49
253.79	52126.69
253.86	52120.10
253.93	52117.83
254.00	52091.62
254.07	52060.32
254.14	52023.66
254.21	51987.44
254.28	51958.17
254.35	51936.76
254.41	51900.38
254.48	51874.39
254.55	51859.30
254.62	51825.71
254.69	51786.98
254.76	51761.68
254.83	51726.52
254.90	51693.63
254.97	51670.92
255.04	51668.16
255.11	51641.58
255.18	51604.65
255.25	51549.62
255.32	51492.33
255.39	51424.30
255.46	51374.25
255.53	51353.34
255.60	51341.40
255.67	51328.25
255.74	51320.92
255.81	51317.81
255.87	51314.09
255.94	51298.56
256.01	51285.01
256.08	51273.04
256.15	51248.68
256.22	51215.26
256.29	51198.06
256.36	51172.34
256.43	51142.37
256.50	51143.83
256.57	51132.80
256.64	51115.32
256.71	51101.63
256.78	51077.03
256.85	51034.56
256.92	51006.44
256.99	50989.19
257.05	50963.90
257.12	50940.28
257.19	50890.76
257.26	50821.78
257.33	50736.44
257.40	50676.64
257.47	50609.61
257.54	50576.66
257.61	50561.34
257.68	50566.05
257.75	50557.56
257.82	50570.34
257.89	50569.16
257.96	50553.09
258.03	50503.56
258.09	50437.70
258.16	50350.91
258.23	50266.67
258.30	50206.40
258.37	50165.65
258.44	50136.60
258.51	50133.20
258.58	50133.24
258.65	50128.93
258.72	50134.10
258.79	50122.40
258.86	50090.40
258.93	50058.76
258.99	50006.74
259.06	49948.02
259.13	49900.16
259.20	49852.60
259.27	49818.72
259.34	49795.20
259.41	49776.50
259.48	49780.24
259.55	49775.65
259.62	49756.15
259.69	49714.16
259.76	49660.60
259.82	49591.78
259.89	49547.68
259.96	49506.13
260.03	49484.11
260.10	49450.68
260.17	49399.67
260.24	49341.20
260.31	49284.03
260.38	49235.18
260.45	49214.00
260.52	49206.40
260.59	49191.18
260.65	49165.90
260.72	49141.62
260.79	49114.23
260.86	49090.66
260.93	49061.41
261.00	49012.44
261.07	48960.63
261.14	48878.82
261.21	48794.62
261.28	48711.72
261.34	48651.06
261.41	48585.42
261.48	48540.91
261.55	48503.56
261.62	48476.60
261.69	48441.66
261.76	48409.62
261.83	48385.32
261.90	48350.06
261.97	48301.00
262.03	48257.90
262.10	48219.58
262.17	48175.51
262.24	48158.93
262.31	48150.85
262.38	48146.78
262.45	48141.21
262.52	48120.58
262.59	48079.78
262.65	48039.62
262.72	47987.08
262.79	47948.01
262.86	47916.89
262.93	47887.34
263.00	47862.32
263.07	47830.40
263.14	47779.76
263.21	47742.97
263.27	47704.74
263.34	47673.11
263.41	47644.04
263.48	47603.66
263.55	47556.97
263.62	47475.80
263.69	47376.91
263.76	47303.69
263.82	47255.82
263.89	47203.25
263.96	47196.44
264.03	47186.58
264.10	47161.16
264.17	47097.04
264.24	47035.00
264.31	46961.96
264.38	46895.13
264.44	46824.90
264.51	46770.87
264.58	46718.60
264.65	46667.98
264.72	46604.89
264.79	46556.00
264.86	46525.58
264.92	46501.86
264.99	46483.62
265.06	46473.80
265.13	46445.59
265.20	46411.54
265.27	46363.22
265.34	46313.28
265.41	46282.75
265.47	46268.50
265.54	46252.25
265.61	46243.70
265.68	46240.32
265.75	46206.00
265.82	46146.46
265.89	46076.39
265.95	46007.01
266.02	45907.47
266.09	45840.81
266.16	45794.61
266.23	45756.92
266.30	45720.18
266.37	45688.01
266.44	45623.06
266.50	45564.16
266.57	45508.58
266.64	45445.37
266.71	45376.22
266.78	45311.24
266.85	45230.35
266.91	45159.62
266.98	45098.24
267.05	45052.19
267.12	45028.32
267.19	45023.10
267.26	45021.94
267.33	45015.57
267.39	45018.82
267.46	45003.62
267.53	44966.92
267.60	44907.90
267.67	44858.82
267.74	44800.88
267.81	44755.05
267.87	44722.42
267.94	44708.00
268.01	44684.46
268.08	44637.63
268.15	44579.38
268.22	44514.45
268.28	44420.92
268.35	44310.36
268.42	44228.08
268.49	44152.53
268.56	44081.24
268.63	44026.83
268.69	44002.08
268.76	43981.10
268.83	43979.02
268.90	43987.81
268.97	44003.15
269.04	44012.10
269.11	44002.82
269.17	43969.08
269.24	43924.47
269.31	43878.66
269.38	43830.43
269.45	43800.66
269.52	43770.98
269.58	43757.30
269.65	43722.65
269.72	43690.82
269.79	43642.80
269.86	43600.88
269.92	43529.28
269.99	43469.02
270.06	43398.66
270.13	43347.14
270.20	43291.64
270.27	43267.65
270.33	43256.26
270.40	43228.70
270.47	43201.68
270.54	43187.06
270.61	43167.26
270.68	43154.14
270.74	43156.09
270.81	43148.41
270.88	43122.89
270.95	43085.10
271.02	43018.80
271.08	42952.75
271.15	42871.46
271.22	42816.61
271.29	42763.14
271.36	42706.86
271.43	42663.15
271.49	42643.45
271.56	42599.80
271.63	42556.56
271.70	42533.53
271.77	42504.90
271.83	42464.68
271.90	42429.80
271.97	42400.66
272.04	42357.87
272.11	42318.08
272.17	42288.35
272.24	42260.61
272.31	42231.02
272.38	42224.70
272.45	42202.12
272.52	42168.05
272.58	42148.12
272.65	42128.07
272.72	42092.80
272.79	42069.92
272.86	42045.68
272.92	42019.17
272.99	41980.76
273.06	41933.68
273.13	41880.90
273.20	41831.54
273.26	41761.54
273.33	41702.45
273.40	41648.20
273.47	41603.11
273.54	41569.47
273.60	41556.04
273.67	41537.18
273.74	41538.67
273.81	41548.57
273.88	41564.25
273.94	41584.63
274.01	41620.26
274.08	41648.68
274.15	41660.58
274.21	41647.24
274.28	41600.98
274.35	41528.64
274.42	41439.32
274.49	41347.36
274.55	41276.76
274.62	41227.19
274.69	41181.24
274.76	41138.42
274.83	41113.54
274.89	41072.44
274.96	41030.32
275.03	41003.06
275.10	40977.75
275.17	40943.62
275.23	40907.19
275.30	40873.32
275.37	40847.23
275.44	40831.99
275.50	40808.89
275.57	40794.58
275.64	40773.98
275.71	40732.70
275.78	40696.38
275.84	40677.39
275.91	40649.73
275.98	40632.46
276.05	40614.28
276.11	40586.80
276.18	40545.67
276.25	40486.75
276.32	40409.22
276.39	40330.96
276.45	40242.77
276.52	40164.43
276.59	40115.53
276.66	40098.36
276.72	40096.00
276.79	40109.24
276.86	40106.89
276.93	40100.59
276.99	40057.70
277.06	40008.12
277.13	39962.04
277.20	39923.39
277.26	39886.59
277.33	39880.57
277.40	39886.48
277.47	39873.60
277.54	39855.06
277.60	39826.29
277.67	39765.81
277.74	39678.72
277.81	39583.32
277.87	39498.37
277.94	39421.32
278.01	39379.78
278.08	39347.54
278.14	39347.30
278.21	39351.96
278.28	39375.37
278.35	39398.00
278.41	39434.33
278.48	39454.92
278.55	39456.98
278.62	39434.96
278.68	39377.12
278.75	39287.34
278.82	39188.86
278.89	39092.60
278.95	39005.74
279.02	38941.90
279.09	38931.32
279.16	38946.62
279.22	38980.32
279.29	39018.02
279.36	39052.25
279.43	39039.00
279.49	38975.25
279.56	38858.32
279.63	38714.78
279.70	38569.18
279.76	38449.92
279.83	38375.46
279.90	38349.74
279.97	38344.00
280.03	38345.99
280.10	38346.37
280.17	38337.96
280.24	38327.54
280.30	38328.42
280.37	38321.00
280.44	38314.33
280.51	38299.94
280.57	38294.78
280.64	38266.80
280.71	38246.63
280.77	38211.42
280.84	38159.62
280.91	38083.18
280.98	38005.40
281.04	37908.79
281.11	37809.55
281.18	37725.06
281.25	37635.76
281.31	37536.20
281.38	37437.58
281.45	37343.36
281.52	37260.76
281.58	37176.46
281.65	37119.60
281.72	37072.43
281.78	37037.16
281.85	37004.11
281.92	37000.33
281.99	37000.35
282.05	37011.59
282.12	37024.26
282.19	37033.96
282.26	37049.34
282.32	37058.41
282.39	37070.69
282.46	37068.11
282.52	37066.80
282.59	37055.84
282.66	37054.67
282.73	37036.62
282.79	37027.17
282.86	36985.50
282.93	36905.83
282.99	36796.32
283.06	36672.63
283.13	36527.14
283.20	36380.55
283.26	36263.26
283.33	36175.01
283.40	36101.30
283.46	36071.28
283.53	36069.91
283.60	36068.57
283.67	36070.00
283.73	36097.88
283.80	36105.40
283.87	36118.99
283.93	36153.82
284.00	36172.72
284.07	36176.18
284.13	36167.76
284.20	36148.55
284.27	36110.13
284.34	36069.16
284.40	36030.25
284.47	35996.56
284.54	35973.22
284.60	35939.96
284.67	35902.16
284.74	35855.14
284.81	35813.14
284.87	35755.54
284.94	35684.04
285.01	35600.30
285.07	35502.91
285.14	35402.28
285.21	35321.60
285.27	35260.34
285.34	35240.72
285.41	35245.16
285.47	35256.37
285.54	35277.81
285.61	35308.48
285.68	35328.46
285.74	35345.67
285.81	35362.30
285.88	35376.30
285.94	35393.40
286.01	35408.28
286.08	35421.00
286.14	35443.10
286.21	35446.92
286.28	35443.79
286.34	35422.76
286.41	35379.31
286.48	35280.84
286.55	35173.44
286.61	35056.75
286.68	34933.60
286.75	34823.76
286.81	34749.72
286.88	34695.30
286.95	34648.36
287.01	34639.38
287.08	34638.19
287.15	34666.18
287.21	34691.31
287.28	34714.85
287.35	34719.50
287.41	34729.23
287.48	34723.04
287.55	34725.59
287.61	34736.24
287.68	34742.06
287.75	34735.78
287.81	34730.82
287.88	34721.28
287.95	34716.27
288.01	34710.15
288.08	34715.26
288.15	34698.48
288.21	34672.37
288.28	34633.81
288.35	34594.08
288.41	34547.81
288.48	34501.14
288.55	34432.16
288.61	34334.87
288.68	34244.17
288.75	34144.29
288.81	34064.29
288.88	34010.75
288.95	34009.98
289.01	34025.16
289.08	34066.62
289.15	34114.58
289.21	34186.16
289.28	34237.40
289.35	34292.11
289.41	34330.77
289.48	34361.68
289.55	34355.76
289.61	34340.96
289.68	34314.92
289.75	34284.34
289.81	34238.79
289.88	34197.26
289.95	34138.24
290.01	34066.82
290.08	34007.68
290.15	33959.01
290.21	33920.52
290.28	33910.28
290.35	33897.77
290.41	33867.00
290.48	33823.46
290.55	33752.05
290.61	33672.34
290.68	33611.93
290.74	33590.34
290.81	33591.36
290.88	33626.73
290.94	33675.68
291.01	33720.94
291.08	33761.74
291.14	33804.50
291.21	33848.50
291.28	33891.75
291.34	33935.48
291.41	33963.40
291.48	33974.58
291.54	33967.92
291.61	33950.22
291.68	33905.11
291.74	33833.80
291.81	33773.28
291.87	33731.78
291.94	33663.39
292.01	33609.17
292.07	33556.30
292.14	33485.00
292.21	33396.32
292.27	33329.69
292.34	33266.66
292.41	33230.09
292.47	33207.11
292.54	33199.25
292.60	33216.48
292.67	33255.39
292.74	33301.78
292.80	33360.64
292.87	33415.44
292.94	33470.60
293.00	33515.91
293.07	33558.86
293.13	33606.28
293.20	33648.42
293.27	33683.02
293.33	33700.42
293.40	33704.17
293.47	33691.81
293.53	33664.60
293.60	33608.30
293.66	33523.68
293.73	33417.33
293.80	33294.32
293.86	33174.04
293.93	33077.81
294.00	33014.61
294.06	32979.26
294.13	32966.78
294.19	32954.69
294.26	32939.56
294.33	32923.03
294.39	32896.25
294.46	32882.42
294.52	32887.98
294.59	32901.32
294.66	32941.66
294.72	33000.63
294.79	33062.26
294.86	33132.23
294.92	33206.79
294.99	33274.81
295.05	33341.76
295.12	33399.96
295.19	33446.50
295.25	33479.22
295.32	33501.56
295.38	33504.23
295.45	33497.38
295.52	33470.09
295.58	33418.28
295.65	33341.62
295.71	33256.40
295.78	33130.42
295.85	32994.47
295.91	32880.66
295.98	32766.54
296.04	32639.72
296.11	32557.14
296.18	32519.98
296.24	32498.14
296.31	32509.85
296.37	32570.84
296.44	32656.45
296.51	32735.86
296.57	32824.79
296.64	32912.02
296.70	32998.28
296.77	33055.84
296.84	33102.26
296.90	33137.96
296.97	33169.52
297.03	33197.55
297.10	33237.41
297.17	33285.10
297.23	33329.96
297.30	33371.36
297.36	33389.91
297.43	33381.62
297.50	33363.12
297.56	33317.66
297.63	33251.52
297.69	33151.59
297.76	33017.20
297.82	32860.00
297.89	32702.15
297.96	32549.96
298.02	32438.40
298.09	32371.66
298.15	32341.55
298.22	32344.02
298.29	32360.80
298.35	32384.64
298.42	32430.24
298.48	32471.94
298.55	32524.09
298.61	32596.66
298.68	32680.34
298.75	32759.70
298.81	32837.08
298.88	32905.46
298.94	32969.52
299.01	33014.04
299.08	33053.36
299.14	33098.56
299.21	33132.84
299.27	33146.63
299.34	33156.11
299.40	33173.28
299.47	33165.96
299.54	33155.80
299.60	33134.08
299.67	33096.00
299.73	33007.45
299.80	32875.61
299.86	32684.08
299.93	32470.66
299.99	32271.24
300.06	32105.66
300.13	31999.78
300.19	31959.98
300.26	31977.86
300.32	32032.77
300.39	32094.99
300.45	32181.48
300.52	32286.30
300.59	32385.67
300.65	32472.74
300.72	32569.70
300.78	32638.78
300.85	32702.06
300.91	32743.62
300.98	32771.94
301.04	32794.24
301.11	32822.04
301.18	32845.80
301.24	32872.34
301.31	32885.80
301.37	32888.10
301.44	32882.46
301.50	32863.78
301.57	32821.98
301.63	32792.70
301.70	32736.14
301.77	32640.58
301.83	32506.43
301.90	32365.94
301.96	32193.96
302.03	32025.88
302.09	31895.04
302.16	31799.77
302.22	31745.21
302.29	31713.70
302.36	31719.97
302.42	31738.62
302.49	31784.66
302.55	31835.59
302.62	31908.74
302.68	31981.15
302.75	32056.47
302.81	32113.26
302.88	32156.47
302.94	32197.89
303.01	32224.92
303.07	32236.14
303.14	32259.22
303.21	32272.74
303.27	32275.29
303.34	32281.35
303.40	32285.21
303.47	32264.44
303.53	32244.74
303.60	32222.40
303.66	32178.93
303.73	32147.02
303.79	32100.14
303.86	32033.81
303.92	31950.30
303.99	31848.50
304.05	31690.95
304.12	31525.37
304.19	31381.97
304.25	31250.39
304.32	31154.87
304.38	31108.66
304.45	31093.96
304.51	31098.45
304.58	31117.56
304.64	31157.80
304.71	31203.47
304.77	31242.33
304.84	31278.14
304.90	31308.85
304.97	31314.96
305.03	31325.62
305.10	31342.14
305.16	31353.05
305.23	31361.30
305.29	31374.52
305.36	31359.70
305.42	31339.21
305.49	31319.58
305.56	31290.40
305.62	31247.83
305.69	31225.66
305.75	31188.11
305.82	31104.46
305.88	30990.34
305.95	30850.26
306.01	30682.56
306.08	30521.76
306.14	30386.30
306.21	30261.54
306.27	30158.78
306.34	30078.81
306.40	29998.64
306.47	29941.58
306.53	29938.00
306.60	29953.19
306.66	29976.36
306.73	30021.10
306.79	30056.32
306.86	30067.93
306.92	30068.52
306.99	30078.84
307.05	30078.18
307.12	30082.06
307.18	30076.91
307.25	30081.29
307.31	30066.33
307.38	30049.28
307.44	30019.22
307.51	29993.96
307.57	29952.92
307.64	29922.32
307.70	29881.23
307.77	29839.80
307.83	29795.33
307.90	29757.96
307.96	29705.26
308.03	29650.30
308.09	29594.72
308.16	29528.10
308.22	29458.08
308.29	29375.42
308.35	29295.05
308.42	29206.44
308.48	29106.08
308.55	29005.19
308.61	28918.80
308.68	28841.03
308.74	28768.80
308.81	28732.68
308.87	28706.42
308.94	28699.21
309.00	28696.12
309.07	28697.82
309.13	28692.18
309.20	28693.06
309.26	28668.61
309.33	28640.18
309.39	28620.47
309.45	28585.54
309.52	28536.53
309.58	28502.58
309.65	28457.50
309.71	28403.70
309.78	28365.51
309.84	28321.04
309.91	28273.58
309.97	28223.41
310.04	28181.82
310.10	28116.14
310.17	28064.22
310.23	28004.62
310.30	27955.42
310.36	27892.08
310.43	27836.76
310.49	27761.53
310.56	27684.67
310.62	27599.46
310.69	27513.43
310.75	27439.82
310.81	27386.18
310.88	27335.40
310.94	27304.36
311.01	27272.20
311.07	27244.43
311.14	27214.59
311.20	27184.87
311.27	27149.04
311.33	27137.56
311.40	27111.10
311.46	27086.82
311.53	27060.01
311.59	27035.20
311.66	27004.43
311.72	26969.46
311.78	26931.88
311.85	26898.42
311.91	26863.20
311.98	26816.14
312.04	26778.95
312.11	26737.51
312.17	26699.18
312.24	26661.94
312.30	26612.61
312.37	26558.19
312.43	26504.43
312.50	26442.54
312.56	26378.47
312.62	26313.72
312.69	26248.04
312.75	26181.96
312.82	26109.76
312.88	26030.38
312.95	25962.13
313.01	25898.55
313.08	25829.96
313.14	25784.60
313.20	25743.38
313.27	25699.36
313.33	25659.20
313.40	25630.62
313.46	25588.41
313.53	25551.72
313.59	25521.34
313.66	25494.81
313.72	25465.34
313.78	25432.38
313.85	25398.30
313.91	25361.70
313.98	25320.99
314.04	25283.58
314.11	25251.13
314.17	25205.68
314.24	25164.24
314.30	25120.72
314.36	25069.12
314.43	25026.60
314.49	24984.11
314.56	24943.22
314.62	24889.15
314.69	24834.14
314.75	24772.48
314.81	24722.15
314.88	24665.07
314.94	24625.03
315.01	24585.98
315.07	24538.36
315.14	24496.56
315.20	24459.61
315.27	24408.11
315.33	24365.54
315.39	24327.03
315.46	24281.11
315.52	24223.97
315.59	24184.71
315.65	24139.21
315.72	24099.76
315.78	24052.17
315.84	24017.34
315.91	23991.31
315.97	23960.80
316.04	23946.24
316.10	23936.26
316.16	23908.11
316.23	23840.98
316.29	23753.60
316.36	23617.62
316.42	23456.64
316.49	23279.13
316.55	23096.65
316.61	22910.44
316.68	22712.09
316.74	22510.61
316.81	22306.18
316.87	22086.74
316.93	21873.04
317.00	21668.22
317.06	21468.48
317.13	21263.19
317.19	21075.40
317.26	20866.67
317.32	20661.02
317.38	20449.56
317.45	20247.75
317.51	20048.14
317.58	19858.12
317.64	19655.13
317.70	19464.60
317.77	19271.29
317.83	19074.75
317.90	18877.45
317.96	18681.76
318.02	18481.15
318.09	18296.67
318.15	18095.15
318.22	17897.08
318.28	17709.74
318.34	17508.09
318.41	17299.52
318.47	17097.28
318.54	16905.47
318.60	16711.74
318.66	16530.24
318.73	16337.95
318.79	16159.90
318.86	15977.75
318.92	15793.02
318.98	15624.04
319.05	15447.96
319.11	15267.95
319.18	15085.94
319.24	14909.51
319.30	14708.82
319.37	14537.19
319.43	14368.03
319.50	14192.58
319.56	14019.91
319.62	13856.50
319.69	13678.05
319.75	13503.26
319.82	13330.87
319.88	13161.72
319.94	12991.82
320.01	12829.81
320.07	12657.57
320.13	12488.28
320.20	12318.90
320.26	12147.67
320.33	11973.46
320.39	11808.74
320.45	11648.06
320.52	11488.05
320.58	11329.96
320.65	11169.45
320.71	11004.61
320.77	10842.84
320.84	10672.98
320.90	10507.47
320.96	10344.59
321.03	10173.18
321.09	10003.82
321.16	9836.58
321.22	9668.60
321.28	9505.00
321.35	9356.36
321.41	9198.23
321.47	9044.88
321.54	8892.31
321.60	8731.26
321.67	8568.08
321.73	8410.63
321.79	8250.62
321.86	8094.71
321.92	7935.91
321.98	7768.20
322.05	7600.40
322.11	7425.17
322.18	7244.74
322.24	7076.51
322.30	6912.91
322.37	6756.57
322.43	6597.84
322.49	6447.73
322.56	6283.22
322.62	6125.91
322.68	5954.69
322.75	5802.30
322.81	5636.51
322.88	5477.68
322.94	5318.42
323.00	5165.08
323.07	5005.29
323.13	4853.92
323.19	4704.94
323.26	4555.20
323.32	4408.10
323.38	4260.66
323.45	4056.92
323.51	3474.36
323.57	2667.87
323.64	1825.18
323.70	1014.86
323.76	288.64
323.83	-26.61
323.89	-90.53
323.96	-89.56
