180.25	3511.53
180.33	-133.04
180.40	654.69
180.48	-33.19
180.56	8.93
180.63	43.65
180.71	83.99
180.78	82.58
180.86	83.27
180.93	87.94
181.01	90.28
181.08	88.97
181.16	89.04
181.23	90.33
181.31	90.44
181.39	113.65
181.46	122.33
181.54	131.99
181.61	147.37
181.69	155.36
181.76	147.96
181.84	141.83
181.91	143.37
181.99	145.03
182.06	145.89
182.14	151.14
182.22	157.17
182.29	168.07
182.37	171.96
182.44	185.14
182.52	182.93
182.59	201.28
182.67	208.88
182.74	214.65
182.82	218.07
182.89	228.09
182.97	226.71
183.04	234.19
183.12	242.29
183.20	260.21
183.27	271.58
183.35	300.31
183.42	323.92
183.50	363.87
183.57	389.68
183.65	435.20
183.72	476.07
183.80	531.49
183.87	575.27
183.95	620.68
184.02	668.83
184.10	702.43
184.17	720.13
184.25	721.68
184.32	713.44
184.40	685.40
184.47	637.53
184.55	594.24
184.62	588.86
184.70	615.57
184.78	660.65
184.85	763.05
184.93	885.49
185.00	1001.37
185.08	1116.95
185.15	1235.39
185.23	1353.16
185.30	1464.65
185.38	1572.49
185.45	1675.32
185.53	1785.01
185.60	1879.25
185.68	1984.69
185.75	2063.02
185.83	2121.69
185.90	2149.31
185.98	2116.27
186.05	2028.66
186.13	1918.91
186.20	1779.87
186.28	1665.82
186.35	1637.21
186.43	1695.13
186.50	1840.87
186.58	2055.23
186.65	2282.93
186.73	2507.81
186.80	2700.80
186.88	2867.65
186.95	3034.20
187.03	3186.41
187.10	3317.91
187.18	3478.08
187.25	3634.41
187.33	3790.99
187.40	3976.83
187.48	4146.70
187.55	4296.45
187.63	4419.95
187.70	4481.12
187.78	4484.77
187.85	4459.71
187.93	4324.15
188.00	4103.41
188.08	3844.40
188.15	3608.29
188.23	3455.37
188.30	3446.81
188.38	3576.88
188.45	3813.32
188.53	4069.79
188.60	4304.66
188.68	4508.47
188.75	4707.07
188.83	4929.11
188.90	5144.97
188.98	5370.50
189.05	5617.03
189.13	5845.62
189.20	6054.41
189.28	6272.06
189.35	6476.86
189.43	6656.65
189.50	6811.05
189.58	6872.49
189.65	6839.15
189.73	6726.77
189.80	6534.22
189.87	6280.20
189.95	6001.68
190.02	5669.93
190.10	5311.76
190.17	5026.05
190.25	4881.12
190.32	4904.77
190.40	5107.76
190.47	5457.87
190.55	5856.51
190.62	6240.38
190.70	6573.67
190.77	6878.08
190.85	7150.54
190.92	7361.94
191.00	7526.05
191.07	7653.27
191.15	7715.31
191.22	7734.51
191.29	7727.47
191.37	7689.98
191.44	7676.45
191.52	7713.30
191.59	7767.31
191.67	7812.89
191.74	7835.29
191.82	7813.27
191.89	7789.25
191.97	7788.41
192.04	7820.04
192.12	7853.29
192.19	7836.09
192.27	7730.77
192.34	7580.55
192.41	7469.27
192.49	7440.48
192.56	7527.46
192.64	7705.84
192.71	7910.27
192.79	8052.15
192.86	8100.37
192.94	8022.75
193.01	7908.25
193.09	7841.01
193.16	7886.43
193.23	8064.35
193.31	8363.95
193.38	8742.26
193.46	9091.60
193.53	9387.65
193.61	9621.46
193.68	9807.73
193.76	9913.44
193.83	9975.75
193.91	9981.59
193.98	9949.67
194.05	9876.73
194.13	9761.19
194.20	9592.27
194.28	9405.51
194.35	9220.85
194.43	9028.42
194.50	8801.64
194.58	8570.62
194.65	8396.48
194.72	8346.03
194.80	8468.24
194.87	8783.15
194.95	9246.44
195.02	9729.51
195.10	10134.55
195.17	10460.96
195.25	10712.77
195.32	10904.65
195.39	11060.01
195.47	11171.78
195.54	11216.15
195.62	11149.45
195.69	10917.93
195.77	10500.02
195.84	9954.93
195.91	9373.39
195.99	8942.10
196.06	8771.53
196.14	8878.77
196.21	9216.09
196.29	9703.45
196.36	10216.77
196.43	10669.57
196.51	11059.83
196.58	11371.13
196.66	11607.72
196.73	11791.58
196.81	11915.38
196.88	11991.36
196.95	12014.15
197.03	11924.89
197.10	11659.04
197.18	11250.87
197.25	10762.73
197.33	10272.16
197.40	9846.16
197.47	9555.39
197.55	9462.99
197.62	9531.09
197.70	9740.23
197.77	10107.24
197.84	10564.38
197.92	11046.98
197.99	11545.37
198.07	12014.69
198.14	12396.90
198.22	12724.82
198.29	12983.53
198.36	13164.82
198.44	13276.20
198.51	13284.63
198.59	13116.86
198.66	12761.07
198.73	12233.11
198.81	11592.41
198.88	10886.47
198.96	10264.21
199.03	9907.39
199.10	9874.19
199.18	10100.20
199.25	10584.28
199.33	11245.83
199.40	11893.25
199.48	12421.40
199.55	12835.19
199.62	13171.40
199.70	13480.71
199.77	13784.11
199.85	14083.53
199.92	14334.87
199.99	14480.10
200.07	14437.56
200.14	14137.35
200.22	13499.65
200.29	12606.91
200.36	11697.01
200.44	10972.47
200.51	10559.63
200.59	10556.03
200.66	10901.07
200.73	11401.31
200.81	11916.10
200.88	12409.61
200.95	12914.96
201.03	13424.15
201.10	13935.67
201.18	14397.26
201.25	14798.83
201.32	15094.12
201.40	15307.75
201.47	15429.07
201.55	15427.16
201.62	15219.00
201.69	14750.77
201.77	14140.58
201.84	13481.91
201.92	12782.11
201.99	12116.07
202.06	11690.09
202.14	11551.53
202.21	11656.61
202.28	12052.91
202.36	12711.45
202.43	13479.57
202.51	14180.74
202.58	14750.53
202.65	15205.51
202.73	15607.29
202.80	15991.52
202.87	16372.80
202.95	16752.86
203.02	17046.71
203.10	17188.63
203.17	17131.77
203.24	16797.77
203.32	16049.83
203.39	14928.68
203.46	13736.67
203.54	12753.33
203.61	12165.54
203.69	12105.52
203.76	12578.80
203.83	13327.63
203.91	14092.96
203.98	14816.33
204.05	15486.80
204.13	16132.96
204.20	16733.23
204.28	17281.11
204.35	17703.25
204.42	18022.87
204.50	18232.66
204.57	18336.33
204.64	18341.13
204.72	18204.48
204.79	17790.07
204.86	17065.17
204.94	16200.65
205.01	15308.29
205.09	14440.69
205.16	13784.28
205.23	13511.58
205.31	13586.28
205.38	13937.91
205.45	14573.69
205.53	15433.83
205.60	16349.53
205.67	17196.25
205.75	17888.85
205.82	18440.07
205.89	18863.57
205.97	19249.96
206.04	19592.79
206.12	19953.30
206.19	20287.45
206.26	20521.05
206.34	20558.38
206.41	20315.23
206.48	19671.33
206.56	18559.29
206.63	17167.85
206.70	15786.15
206.78	14745.59
206.85	14257.39
206.92	14439.63
207.00	15159.79
207.07	16131.75
207.14	17121.94
207.22	18017.42
207.29	18813.15
207.36	19519.95
207.44	20169.88
207.51	20745.08
207.58	21266.97
207.66	21723.59
207.73	22113.63
207.80	22393.45
207.88	22512.97
207.95	22450.77
208.02	22144.97
208.10	21446.45
208.17	20320.91
208.25	19032.54
208.32	17835.25
208.39	16909.00
208.47	16448.21
208.54	16531.11
208.61	16989.45
208.69	17601.89
208.76	18280.81
208.83	19018.29
208.90	19805.78
208.98	20592.04
209.05	21334.25
209.12	22013.78
209.20	22595.91
209.27	23084.02
209.34	23512.15
209.42	23895.25
209.49	24188.82
209.56	24363.25
209.64	24394.87
209.71	24147.85
209.78	23501.05
209.86	22520.38
209.93	21395.49
210.00	20182.19
210.08	19104.82
210.15	18459.15
210.22	18334.21
210.30	18615.20
210.37	19253.15
210.44	20118.95
210.52	21033.32
210.59	21886.92
210.66	22619.85
210.74	23250.91
210.81	23800.29
210.88	24323.13
210.96	24799.50
211.03	25264.95
211.10	25712.50
211.17	26118.51
211.25	26365.60
211.32	26434.66
211.39	26250.34
211.47	25722.77
211.54	24727.71
211.61	23412.65
211.69	22131.51
211.76	21175.82
211.83	20701.68
211.91	20859.41
211.98	21514.61
212.05	22345.50
212.12	23098.39
212.20	23746.23
212.27	24270.87
212.34	24705.47
212.42	25087.54
212.49	25463.99
212.56	25836.95
212.64	26242.09
212.71	26690.40
212.78	27139.83
212.85	27534.26
212.93	27796.83
213.00	27915.67
213.07	27843.73
213.15	27448.49
213.22	26739.67
213.29	25918.27
213.37	25074.18
213.44	24322.91
213.51	23888.04
213.58	23864.45
213.66	24117.99
213.73	24575.09
213.80	25163.89
213.88	25759.53
213.95	26233.64
214.02	26582.33
214.09	26867.17
214.17	27132.57
214.24	27457.27
214.31	27874.74
214.39	28366.03
214.46	28842.33
214.53	29243.33
214.60	29537.88
214.68	29740.64
214.75	29822.61
214.82	29756.78
214.90	29505.46
214.97	28943.07
215.04	28035.93
215.11	27047.58
215.19	26246.81
215.26	25822.29
215.33	25859.63
215.41	26392.95
215.48	27160.42
215.55	27889.66
215.62	28456.18
215.70	28923.09
215.77	29311.67
215.84	29685.76
215.91	30052.80
215.99	30433.49
216.06	30781.41
216.13	31069.65
216.21	31239.79
216.28	31375.19
216.35	31471.42
216.42	31535.23
216.50	31546.64
216.57	31516.67
216.64	31295.71
216.71	30785.51
216.79	30095.59
216.86	29406.26
216.93	28855.40
217.01	28574.76
217.08	28681.89
217.15	29079.49
217.22	29623.78
217.30	30205.41
217.37	30769.52
217.44	31270.97
217.51	31716.57
217.59	32088.51
217.66	32384.83
217.73	32630.75
217.80	32841.75
217.88	32999.47
217.95	33129.38
218.02	33236.36
218.09	33346.05
218.17	33474.36
218.24	33605.22
218.31	33703.95
218.38	33719.89
218.46	33563.29
218.53	33130.09
218.60	32498.82
218.67	31819.48
218.75	31261.11
218.82	30965.97
218.89	31040.17
218.96	31432.31
219.04	31982.09
219.11	32558.11
219.18	33054.09
219.25	33463.39
219.33	33800.78
219.40	34102.08
219.47	34381.79
219.54	34646.43
219.62	34892.43
219.69	35113.15
219.76	35329.86
219.83	35513.27
219.91	35694.33
219.98	35859.77
220.05	35981.09
220.12	36015.04
220.20	35966.93
220.27	35775.35
220.34	35382.49
220.41	34849.67
220.49	34327.55
220.56	33931.00
220.63	33748.83
220.70	33851.49
220.78	34184.11
220.85	34589.28
220.92	34948.92
220.99	35253.38
221.06	35500.49
221.14	35726.01
221.21	35953.07
221.28	36206.71
221.35	36449.42
221.43	36702.60
221.50	36930.86
221.57	37134.79
221.64	37327.13
221.72	37497.54
221.79	37634.09
221.86	37725.48
221.93	37767.50
222.00	37753.49
222.08	37689.92
222.15	37514.30
222.22	37288.09
222.29	37085.46
222.37	36911.56
222.44	36819.55
222.51	36840.54
222.58	36939.16
222.65	37061.81
222.73	37193.83
222.80	37310.62
222.87	37463.44
222.94	37636.00
223.02	37825.41
223.09	38030.49
223.16	38239.64
223.23	38434.47
223.30	38652.66
223.38	38858.05
223.45	39050.07
223.52	39220.06
223.59	39359.47
223.66	39433.20
223.74	39466.55
223.81	39454.05
223.88	39433.39
223.95	39403.48
224.03	39344.81
224.10	39276.53
224.17	39231.09
224.24	39187.23
224.31	39172.26
224.39	39218.99
224.46	39318.42
224.53	39437.88
224.60	39565.89
224.67	39698.83
224.75	39832.13
224.82	39974.29
224.89	40129.55
224.96	40303.61
225.03	40464.70
225.11	40623.73
225.18	40776.17
225.25	40908.01
225.32	41004.65
225.39	41092.53
225.47	41157.75
225.54	41179.37
225.61	41146.09
225.68	41082.55
225.75	41031.12
225.83	40998.25
225.90	41009.36
225.97	41082.19
226.04	41199.35
226.11	41324.55
226.19	41450.45
226.26	41567.60
226.33	41686.13
226.40	41814.52
226.47	41939.46
226.54	42066.96
226.62	42193.15
226.69	42324.10
226.76	42442.57
226.83	42554.73
226.90	42659.64
226.98	42733.68
227.05	42780.43
227.12	42841.27
227.19	42878.26
227.26	42913.92
227.34	42971.23
227.41	43024.88
227.48	43044.99
227.55	43035.33
227.62	43003.47
227.69	42998.62
227.77	43021.47
227.84	43081.47
227.91	43191.56
227.98	43337.31
228.05	43447.41
228.12	43552.53
228.20	43651.53
228.27	43755.29
228.34	43855.91
228.41	43976.08
228.48	44088.94
228.56	44202.76
228.63	44308.00
228.70	44398.33
228.77	44483.89
228.84	44576.05
228.91	44667.41
228.99	44775.64
229.06	44900.71
229.13	45016.37
229.20	45125.64
229.27	45210.06
229.34	45272.39
229.42	45308.32
229.49	45336.09
229.56	45356.38
229.63	45373.75
229.70	45380.01
229.77	45398.55
229.85	45440.25
229.92	45493.98
229.99	45570.60
230.06	45668.01
230.13	45784.64
230.20	45898.28
230.27	46011.76
230.35	46126.77
230.42	46231.37
230.49	46331.59
230.56	46427.13
230.63	46517.67
230.70	46588.36
230.78	46658.34
230.85	46703.99
230.92	46765.52
230.99	46837.82
231.06	46933.29
231.13	47052.17
231.20	47195.64
231.28	47313.07
231.35	47429.79
231.42	47523.30
231.49	47599.35
231.56	47658.31
231.63	47718.37
231.71	47764.17
231.78	47808.71
231.85	47855.98
231.92	47922.08
231.99	47987.38
232.06	48060.01
232.13	48156.35
232.21	48250.97
232.28	48327.07
232.35	48403.30
232.42	48476.31
232.49	48549.39
232.56	48635.92
232.63	48720.48
232.71	48813.86
232.78	48904.68
232.85	48987.33
232.92	49062.51
232.99	49146.69
233.06	49225.89
233.13	49296.42
233.20	49367.37
233.28	49421.52
233.35	49469.32
233.42	49516.05
233.49	49596.71
233.56	49676.73
233.63	49761.03
233.70	49856.50
233.78	49956.39
233.85	50051.94
233.92	50139.63
233.99	50227.67
234.06	50313.51
234.13	50397.77
234.20	50457.44
234.27	50515.88
234.35	50582.65
234.42	50637.73
234.49	50689.49
234.56	50734.60
234.63	50777.38
234.70	50820.77
234.77	50862.35
234.84	50904.03
234.92	50954.82
234.99	51022.91
235.06	51078.91
235.13	51153.67
235.20	51244.67
235.27	51325.16
235.34	51410.17
235.41	51503.35
235.48	51568.92
235.56	51624.93
235.63	51692.35
235.70	51745.49
235.77	51781.21
235.84	51811.92
235.91	51833.38
235.98	51861.10
236.05	51887.87
236.12	51927.64
236.20	51967.53
236.27	52017.88
236.34	52064.05
236.41	52108.17
236.48	52145.34
236.55	52196.19
236.62	52244.19
236.69	52295.05
236.76	52361.59
236.84	52430.26
236.91	52492.27
236.98	52558.19
237.05	52607.81
237.12	52641.27
237.19	52677.46
237.26	52722.44
237.33	52757.90
237.40	52804.37
237.47	52849.70
237.55	52894.33
237.62	52950.65
237.69	53010.33
237.76	53066.01
237.83	53128.88
237.90	53195.78
237.97	53239.79
238.04	53289.41
238.11	53335.71
238.18	53385.40
238.26	53413.54
238.33	53445.44
238.40	53470.81
238.47	53494.11
238.54	53507.12
238.61	53528.13
238.68	53548.76
238.75	53558.15
238.82	53592.83
238.89	53627.35
238.96	53669.41
239.04	53713.57
239.11	53772.07
239.18	53803.43
239.25	53821.76
239.32	53837.45
239.39	53855.67
239.46	53851.35
239.53	53848.19
239.60	53841.00
239.67	53847.60
239.74	53851.51
239.81	53866.60
239.89	53892.72
239.96	53926.67
240.03	53953.36
240.10	53986.16
240.17	54009.40
240.24	54033.17
240.31	54062.96
240.38	54098.14
240.45	54146.54
240.52	54206.69
240.59	54267.32
240.66	54319.85
240.73	54364.61
240.80	54387.91
240.88	54410.47
240.95	54418.19
241.02	54430.08
241.09	54442.19
241.16	54450.37
241.23	54472.34
241.30	54461.62
241.37	54442.83
241.44	54423.23
241.51	54417.63
241.58	54412.17
241.65	54445.64
241.72	54482.99
241.79	54522.65
241.86	54541.21
241.94	54543.93
242.01	54530.92
242.08	54513.89
242.15	54509.07
242.22	54514.51
242.29	54514.24
242.36	54532.85
242.43	54542.09
242.50	54534.92
242.57	54520.41
242.64	54513.72
242.71	54498.28
242.78	54509.57
242.85	54501.76
242.92	54509.75
242.99	54516.89
243.06	54527.02
243.14	54525.74
243.21	54542.78
243.28	54542.64
243.35	54557.54
243.42	54583.63
243.49	54606.83
243.56	54619.42
243.63	54651.03
243.70	54660.29
243.77	54650.18
243.84	54630.31
243.91	54618.94
243.98	54591.90
244.05	54555.36
244.12	54521.25
244.19	54506.59
244.26	54485.17
244.33	54463.31
244.40	54446.51
244.47	54446.37
244.54	54436.81
244.62	54407.52
244.69	54382.99
244.76	54382.45
244.83	54377.06
244.90	54373.66
244.97	54397.99
245.04	54413.93
245.11	54412.02
245.18	54395.44
245.25	54392.85
245.32	54388.42
245.39	54395.88
245.46	54404.53
245.53	54403.43
245.60	54384.90
245.67	54373.55
245.74	54375.65
245.81	54367.01
245.88	54358.07
245.95	54358.45
246.02	54343.09
246.09	54288.89
246.16	54233.12
246.23	54190.73
246.30	54158.75
246.37	54143.83
246.44	54162.69
246.51	54201.93
246.58	54244.35
246.65	54267.35
246.72	54283.09
246.79	54287.02
246.87	54269.37
246.94	54249.05
247.01	54221.41
247.08	54173.15
247.15	54111.41
247.22	54048.09
247.29	53982.85
247.36	53941.74
247.43	53909.19
247.50	53888.80
247.57	53888.99
247.64	53904.55
247.71	53907.24
247.78	53923.75
247.85	53937.72
247.92	53954.53
247.99	53949.90
248.06	53930.16
248.13	53907.13
248.20	53893.54
248.27	53863.57
248.34	53848.43
248.41	53839.07
248.48	53834.78
248.55	53820.83
248.62	53824.35
248.69	53824.69
248.76	53812.61
248.83	53790.63
248.90	53766.05
248.97	53727.62
249.04	53679.71
249.11	53641.90
249.18	53600.03
249.25	53562.29
249.32	53510.50
249.39	53455.81
249.46	53406.01
249.53	53369.97
249.60	53312.39
249.67	53293.57
249.74	53282.65
249.81	53287.97
249.88	53288.95
249.95	53333.31
250.02	53366.55
250.09	53387.90
250.16	53395.21
250.23	53383.09
250.30	53356.20
250.37	53325.27
250.44	53307.81
250.51	53305.62
250.58	53313.82
250.65	53317.17
250.72	53290.69
250.79	53259.39
250.86	53213.65
250.93	53172.60
251.00	53113.51
251.07	53087.37
251.14	53057.88
251.21	53033.84
251.28	53001.76
251.35	52985.27
251.42	52958.24
251.49	52939.11
251.56	52916.49
251.63	52899.97
251.70	52895.03
251.77	52883.26
251.84	52859.19
251.91	52820.39
251.98	52775.77
252.05	52715.94
252.12	52664.85
252.18	52618.73
252.25	52594.07
252.32	52583.38
252.39	52581.93
252.46	52566.41
252.53	52556.27
252.60	52533.60
252.67	52509.44
252.74	52484.21
252.81	52462.01
252.88	52434.94
252.95	52402.22
253.02	52369.99
253.09	52331.77
253.16	52305.76
253.23	52276.97
253.30	52274.56
253.37	52255.00
253.44	52241.78
253.51	52207.50
253.58	52177.49
253.65	52144.81
253.72	52135.93
253.79	52108.20
253.86	52109.88
253.93	52110.02
254.00	52093.22
254.07	52065.97
254.14	52034.34
254.21	51986.81
254.28	51950.47
254.35	51930.55
254.41	51899.07
254.48	51875.87
254.55	51859.94
254.62	51840.79
254.69	51786.75
254.76	51747.23
254.83	51713.71
254.90	51691.05
254.97	51666.07
255.04	51661.95
255.11	51642.77
255.18	51597.43
255.25	51528.49
255.32	51464.50
255.39	51405.28
255.46	51357.06
255.53	51346.95
255.60	51349.31
255.67	51337.57
255.74	51321.87
255.81	51316.95
255.87	51307.50
255.94	51275.81
256.01	51274.05
256.08	51272.94
256.15	51254.67
256.22	51239.51
256.29	51236.41
256.36	51194.47
256.43	51168.63
256.50	51157.09
256.57	51140.32
256.64	51120.27
256.71	51115.98
256.78	51082.47
256.85	51038.67
256.92	51001.53
256.99	50979.62
257.05	50955.49
257.12	50938.90
257.19	50896.65
257.26	50833.45
257.33	50755.22
257.40	50677.07
257.47	50598.93
257.54	50559.76
257.61	50538.77
257.68	50537.40
257.75	50542.44
257.82	50566.35
257.89	50568.34
257.96	50548.75
258.03	50504.81
258.09	50449.57
258.16	50368.33
258.23	50278.92
258.30	50217.99
258.37	50165.65
258.44	50122.61
258.51	50106.79
258.58	50113.79
258.65	50116.49
258.72	50124.16
258.79	50106.43
258.86	50070.67
258.93	50043.20
258.99	49994.20
259.06	49944.05
259.13	49910.52
259.20	49876.57
259.27	49833.48
259.34	49799.22
259.41	49785.75
259.48	49778.83
259.55	49771.03
259.62	49752.79
259.69	49720.29
259.76	49655.46
259.82	49592.71
259.89	49554.25
259.96	49528.05
260.03	49494.25
260.10	49465.60
260.17	49419.87
260.24	49358.07
260.31	49297.45
260.38	49258.39
260.45	49244.52
260.52	49220.63
260.59	49185.81
260.65	49140.40
260.72	49107.52
260.79	49061.10
260.86	49039.13
260.93	49013.91
261.00	48977.71
261.07	48928.57
261.14	48855.99
261.21	48785.08
261.28	48715.60
261.34	48653.39
261.41	48592.23
261.48	48551.06
261.55	48513.32
261.62	48488.60
261.69	48457.84
261.76	48434.27
261.83	48408.87
261.90	48367.69
261.97	48305.78
262.03	48260.59
262.10	48219.55
262.17	48169.75
262.24	48150.35
262.31	48145.65
262.38	48133.45
262.45	48120.44
262.52	48106.21
262.59	48060.75
262.65	48026.59
262.72	47987.93
262.79	47942.99
262.86	47901.27
262.93	47874.24
263.00	47834.81
263.07	47786.10
263.14	47748.81
263.21	47728.61
263.27	47704.05
263.34	47693.10
263.41	47676.41
263.48	47628.18
263.55	47555.45
263.62	47467.17
263.69	47371.47
263.76	47292.52
263.82	47242.16
263.89	47212.69
263.96	47203.50
264.03	47178.87
264.10	47155.97
264.17	47107.86
264.24	47038.01
264.31	46964.07
264.38	46900.66
264.44	46827.95
264.51	46757.45
264.58	46708.92
264.65	46663.57
264.72	46603.89
264.79	46556.83
264.86	46534.05
264.92	46499.07
264.99	46472.38
265.06	46452.09
265.13	46430.44
265.20	46404.70
265.27	46368.08
265.34	46320.34
265.41	46296.76
265.47	46272.35
265.54	46239.41
265.61	46232.41
265.68	46229.43
265.75	46189.63
265.82	46137.36
265.89	46065.39
265.95	45986.57
266.02	45896.14
266.09	45827.18
266.16	45773.32
266.23	45737.91
266.30	45702.20
266.37	45653.27
266.44	45595.17
266.50	45551.53
266.57	45496.98
266.64	45426.59
266.71	45372.21
266.78	45301.70
266.85	45207.46
266.91	45141.79
266.98	45092.47
267.05	45043.95
267.12	45024.17
267.19	45029.83
267.26	45028.79
267.33	45024.11
267.39	45018.77
267.46	44998.90
267.53	44950.49
267.60	44890.94
267.67	44836.19
267.74	44786.86
267.81	44746.91
267.87	44730.03
267.94	44722.00
268.01	44699.71
268.08	44664.14
268.15	44609.02
268.22	44526.15
268.28	44429.61
268.35	44330.57
268.42	44236.32
268.49	44158.00
268.56	44096.48
268.63	44043.51
268.69	44015.75
268.76	44004.09
268.83	44005.06
268.90	44008.97
268.97	44020.21
269.04	44017.49
269.11	43996.84
269.17	43955.89
269.24	43910.41
269.31	43865.73
269.38	43827.98
269.45	43794.72
269.52	43776.08
269.58	43765.05
269.65	43719.74
269.72	43678.29
269.79	43630.01
269.86	43584.49
269.92	43521.33
269.99	43473.75
270.06	43409.05
270.13	43359.47
270.20	43301.55
270.27	43266.56
270.33	43254.49
270.40	43235.83
270.47	43215.56
270.54	43209.67
270.61	43183.87
270.68	43157.62
270.74	43148.25
270.81	43138.28
270.88	43107.94
270.95	43085.28
271.02	43024.03
271.08	42953.07
271.15	42871.29
271.22	42807.23
271.29	42741.27
271.36	42681.83
271.43	42638.98
271.49	42609.93
271.56	42574.41
271.63	42540.16
271.70	42520.27
271.77	42510.14
271.83	42479.19
271.90	42438.11
271.97	42397.21
272.04	42351.66
272.11	42293.07
272.17	42269.81
272.24	42249.29
272.31	42231.87
272.38	42227.51
272.45	42208.71
272.52	42177.87
272.58	42163.13
272.65	42145.48
272.72	42118.03
272.79	42089.70
272.86	42050.21
272.92	41999.67
272.99	41957.87
273.06	41904.89
273.13	41850.12
273.20	41797.41
273.26	41732.82
273.33	41652.87
273.40	41596.53
273.47	41567.36
273.54	41544.03
273.60	41535.74
273.67	41533.12
273.74	41546.27
273.81	41542.66
273.88	41561.21
273.94	41588.79
274.01	41619.84
274.08	41630.49
274.15	41649.23
274.21	41633.55
274.28	41589.35
274.35	41527.85
274.42	41447.41
274.49	41357.49
274.55	41285.65
274.62	41226.27
274.69	41174.43
274.76	41136.33
274.83	41104.25
274.89	41060.73
274.96	41029.69
275.03	41002.08
275.10	40971.06
275.17	40934.58
275.23	40901.38
275.30	40860.78
275.37	40833.73
275.44	40822.10
275.50	40800.21
275.57	40780.97
275.64	40752.09
275.71	40708.48
275.78	40667.93
275.84	40655.12
275.91	40636.60
275.98	40621.09
276.05	40604.24
276.11	40577.05
276.18	40531.53
276.25	40456.59
276.32	40389.83
276.39	40322.17
276.45	40248.09
276.52	40173.04
276.59	40128.49
276.66	40097.18
276.72	40082.04
276.79	40081.33
276.86	40088.61
276.93	40088.13
276.99	40056.61
277.06	40018.01
277.13	39971.67
277.20	39930.69
277.26	39905.77
277.33	39905.07
277.40	39908.33
277.47	39900.01
277.54	39873.75
277.60	39828.69
277.67	39767.59
277.74	39681.15
277.81	39591.48
277.87	39510.22
277.94	39437.63
278.01	39380.17
278.08	39345.58
278.14	39334.86
278.21	39341.20
278.28	39362.81
278.35	39389.66
278.41	39422.49
278.48	39450.03
278.55	39449.47
278.62	39437.93
278.68	39386.52
278.75	39300.29
278.82	39198.73
278.89	39098.75
278.95	38999.63
279.02	38937.50
279.09	38926.35
279.16	38938.50
279.22	38972.83
279.29	39007.61
279.36	39036.43
279.43	39017.35
279.49	38954.67
279.56	38842.65
279.63	38698.69
279.70	38556.35
279.76	38442.07
279.83	38358.65
279.90	38339.73
279.97	38334.37
280.03	38340.07
280.10	38339.73
280.17	38349.39
280.24	38334.79
280.30	38347.86
280.37	38329.43
280.44	38320.69
280.51	38307.19
280.57	38292.01
280.64	38269.35
280.71	38253.21
280.77	38219.15
280.84	38163.23
280.91	38087.52
280.98	37993.74
281.04	37903.61
281.11	37809.75
281.18	37712.99
281.25	37620.99
281.31	37525.43
281.38	37418.98
281.45	37324.61
281.52	37248.31
281.58	37168.67
281.65	37106.24
281.72	37062.35
281.78	37024.71
281.85	36999.37
281.92	36994.01
281.99	36998.19
282.05	37005.06
282.12	37008.71
282.19	37013.51
282.26	37026.71
282.32	37034.51
282.39	37054.74
282.46	37054.40
282.52	37045.95
282.59	37036.18
282.66	37039.46
282.73	37026.62
282.79	37010.71
282.86	36978.56
282.93	36899.34
282.99	36777.07
283.06	36638.43
283.13	36506.57
283.20	36364.11
283.26	36258.61
283.33	36179.50
283.40	36119.72
283.46	36092.00
283.53	36088.97
283.60	36081.80
283.67	36087.28
283.73	36103.87
283.80	36110.33
283.87	36118.90
283.93	36151.61
284.00	36166.16
284.07	36170.74
284.13	36165.64
284.20	36149.35
284.27	36104.70
284.34	36069.23
284.40	36033.52
284.47	36001.45
284.54	35975.59
284.60	35950.01
284.67	35907.94
284.74	35864.67
284.81	35810.42
284.87	35747.60
284.94	35669.15
285.01	35593.65
285.07	35489.59
285.14	35389.37
285.21	35308.76
285.27	35258.22
285.34	35233.51
285.41	35242.81
285.47	35266.72
285.54	35297.15
285.61	35321.33
285.68	35334.31
285.74	35343.47
285.81	35350.57
285.88	35353.43
285.94	35369.57
286.01	35388.61
286.08	35410.39
286.14	35433.08
286.21	35445.85
286.28	35452.06
286.34	35425.46
286.41	35369.22
286.48	35277.71
286.55	35164.62
286.61	35034.67
286.68	34912.56
286.75	34816.00
286.81	34738.96
286.88	34677.65
286.95	34625.09
287.01	34619.77
287.08	34618.20
287.15	34633.86
287.21	34653.01
287.28	34687.52
287.35	34700.75
287.41	34701.95
287.48	34706.28
287.55	34714.07
287.61	34716.30
287.68	34710.55
287.75	34715.16
287.81	34706.97
287.88	34709.40
287.95	34712.86
288.01	34709.57
288.08	34713.90
288.15	34697.84
288.21	34678.95
288.28	34641.91
288.35	34613.49
288.41	34568.75
288.48	34515.21
288.55	34436.27
288.61	34342.54
288.68	34247.00
288.75	34133.96
288.81	34063.25
288.88	34016.84
288.95	34009.98
289.01	34012.43
289.08	34057.41
289.15	34106.17
289.21	34165.07
289.28	34212.51
289.35	34268.73
289.41	34302.23
289.48	34329.03
289.55	34329.29
289.61	34321.01
289.68	34296.81
289.75	34276.35
289.81	34240.63
289.88	34198.59
289.95	34145.57
290.01	34088.61
290.08	34026.77
290.15	33967.08
290.21	33925.86
290.28	33903.23
290.35	33876.36
290.41	33852.33
290.48	33812.41
290.55	33739.35
290.61	33656.90
290.68	33601.19
290.74	33568.96
290.81	33569.98
290.88	33604.10
290.94	33669.24
291.01	33718.89
291.08	33761.99
291.14	33803.35
291.21	33847.67
291.28	33876.18
291.34	33916.89
291.41	33944.79
291.48	33954.52
291.54	33954.62
291.61	33937.29
291.68	33893.93
291.74	33833.93
291.81	33775.38
291.87	33737.19
291.94	33667.10
292.01	33608.38
292.07	33543.95
292.14	33465.95
292.21	33364.46
292.27	33309.05
292.34	33250.83
292.41	33223.06
292.47	33209.07
292.54	33219.27
292.60	33230.80
292.67	33263.43
292.74	33296.18
292.80	33353.85
292.87	33399.03
292.94	33454.24
293.00	33503.57
293.07	33551.24
293.13	33593.99
293.20	33639.43
293.27	33675.76
293.33	33692.95
293.40	33703.43
293.47	33692.18
293.53	33657.94
293.60	33593.25
293.66	33506.03
293.73	33388.55
293.80	33265.77
293.86	33150.01
293.93	33058.25
294.00	32993.18
294.06	32963.33
294.13	32947.52
294.19	32934.53
294.26	32923.75
294.33	32917.14
294.39	32897.41
294.46	32884.81
294.52	32878.51
294.59	32893.49
294.66	32930.99
294.72	32982.06
294.79	33042.30
294.86	33121.37
294.92	33185.38
294.99	33254.63
295.05	33322.33
295.12	33385.97
295.19	33435.91
295.25	33479.73
295.32	33489.84
295.38	33493.59
295.45	33487.37
295.52	33455.44
295.58	33398.55
295.65	33334.20
295.71	33244.19
295.78	33113.71
295.85	32987.89
295.91	32869.82
295.98	32749.90
296.04	32639.32
296.11	32565.58
296.18	32516.33
296.24	32500.97
296.31	32510.75
296.37	32561.46
296.44	32644.55
296.51	32729.03
296.57	32808.94
296.64	32906.07
296.70	32991.03
296.77	33039.37
296.84	33078.85
296.90	33125.89
296.97	33146.67
297.03	33177.67
297.10	33221.01
297.17	33278.17
297.23	33329.74
297.30	33375.18
297.36	33386.81
297.43	33397.69
297.50	33383.37
297.56	33336.21
297.63	33266.75
297.69	33170.93
297.76	33033.42
297.82	32865.94
297.89	32704.43
297.96	32547.36
298.02	32442.79
298.09	32371.86
298.15	32348.53
298.22	32339.81
298.29	32361.09
298.35	32378.49
298.42	32415.79
298.48	32456.14
298.55	32512.86
298.61	32586.79
298.68	32669.46
298.75	32750.41
298.81	32826.60
298.88	32899.06
298.94	32958.35
299.01	33004.58
299.08	33041.43
299.14	33086.15
299.21	33114.50
299.27	33131.71
299.34	33146.89
299.40	33161.29
299.47	33152.51
299.54	33140.87
299.60	33129.68
299.67	33087.73
299.73	33011.41
299.80	32878.76
299.86	32700.28
299.93	32476.25
299.99	32276.03
300.06	32105.93
300.13	32001.33
300.19	31962.17
300.26	31980.31
300.32	32028.06
300.39	32094.25
300.45	32186.68
300.52	32285.17
300.59	32386.34
300.65	32480.43
300.72	32569.33
300.78	32636.25
300.85	32693.73
300.91	32737.41
300.98	32768.29
301.04	32794.87
301.11	32822.21
301.18	32846.65
301.24	32867.65
301.31	32885.95
301.37	32888.15
301.44	32885.24
301.50	32866.73
301.57	32832.91
301.63	32793.27
301.70	32733.61
301.77	32626.29
301.83	32495.29
301.90	32351.48
301.96	32180.85
302.03	32011.29
302.09	31890.37
302.16	31793.49
302.22	31738.21
302.29	31707.31
302.36	31719.33
302.42	31738.39
302.49	31791.09
302.55	31841.86
302.62	31909.34
302.68	31970.85
302.75	32038.61
302.81	32090.41
302.88	32139.45
302.94	32177.38
303.01	32210.66
303.07	32237.05
303.14	32254.02
303.21	32262.36
303.27	32271.60
303.34	32277.31
303.40	32270.47
303.47	32262.48
303.53	32238.74
303.60	32218.56
303.66	32181.13
303.73	32139.66
303.79	32083.23
303.86	32017.69
303.92	31931.16
303.99	31825.69
304.05	31668.37
304.12	31508.20
304.19	31365.14
304.25	31232.29
304.32	31135.30
304.38	31103.19
304.45	31092.95
304.51	31108.07
304.58	31138.29
304.64	31171.11
304.71	31213.91
304.77	31250.76
304.84	31282.65
304.90	31312.41
304.97	31328.84
305.03	31334.11
305.10	31345.79
305.16	31356.69
305.23	31352.83
305.29	31354.50
305.36	31343.75
305.42	31329.22
305.49	31305.78
305.56	31279.62
305.62	31251.88
305.69	31223.46
305.75	31185.15
305.82	31099.54
305.88	30986.46
305.95	30843.27
306.01	30681.00
306.08	30511.54
306.14	30371.65
306.21	30255.63
306.27	30157.05
306.34	30073.15
306.40	29994.92
306.47	29938.51
306.53	29927.57
306.60	29935.20
306.66	29963.51
306.73	29999.27
306.79	30030.21
306.86	30047.22
306.92	30053.02
306.99	30062.93
307.05	30077.89
307.12	30091.93
307.18	30081.53
307.25	30068.75
307.31	30049.87
307.38	30021.55
307.44	29990.74
307.51	29966.07
307.57	29935.82
307.64	29907.86
307.70	29885.23
307.77	29849.19
307.83	29809.27
307.90	29764.95
307.96	29711.81
308.03	29642.60
308.09	29577.17
308.16	29509.37
308.22	29452.37
308.29	29372.77
308.35	29290.57
308.42	29208.39
308.48	29108.12
308.55	28999.09
308.61	28911.36
308.68	28836.23
308.74	28769.76
308.81	28734.47
308.87	28718.22
308.94	28715.96
309.00	28711.15
309.07	28711.12
309.13	28700.60
309.20	28693.23
309.26	28664.07
309.33	28639.24
309.39	28608.67
309.45	28578.36
309.52	28531.03
309.58	28497.17
309.65	28455.47
309.71	28408.15
309.78	28361.16
309.84	28310.00
309.91	28251.14
309.97	28193.31
310.04	28147.19
310.10	28098.65
310.17	28053.54
310.23	28005.95
310.30	27965.71
310.36	27909.60
310.43	27840.64
310.49	27763.98
310.56	27682.80
310.62	27590.55
310.69	27507.81
310.75	27439.95
310.81	27389.07
310.88	27342.19
310.94	27308.77
311.01	27269.94
311.07	27235.95
311.14	27196.13
311.20	27161.24
311.27	27130.06
311.33	27116.13
311.40	27090.03
311.46	27072.31
311.53	27052.50
311.59	27027.03
311.66	27001.67
311.72	26958.77
311.78	26918.28
311.85	26886.91
311.91	26852.91
311.98	26802.97
312.04	26774.96
312.11	26739.25
312.17	26697.57
312.24	26653.21
312.30	26599.25
312.37	26539.25
312.43	26486.73
312.50	26421.43
312.56	26360.77
312.62	26302.80
312.69	26247.01
312.75	26176.53
312.82	26099.25
312.88	26022.05
312.95	25957.46
313.01	25884.44
313.08	25823.01
313.14	25783.37
313.20	25744.03
313.27	25697.10
313.33	25663.27
313.40	25631.19
313.46	25591.51
313.53	25559.30
313.59	25525.32
313.66	25499.83
313.72	25465.29
313.78	25433.67
313.85	25397.12
313.91	25367.74
313.98	25325.47
314.04	25288.69
314.11	25254.84
314.17	25213.31
314.24	25169.01
314.30	25129.70
314.36	25081.84
314.43	25033.56
314.49	24990.83
314.56	24941.75
314.62	24881.45
314.69	24827.50
314.75	24772.55
314.81	24711.15
314.88	24657.54
314.94	24623.47
315.01	24588.93
315.07	24537.03
315.14	24498.43
315.20	24456.32
315.27	24405.70
315.33	24361.87
315.39	24323.34
315.46	24286.09
315.52	24230.31
315.59	24185.35
315.65	24129.43
315.72	24090.83
315.78	24032.89
315.84	24002.75
315.91	23969.17
315.97	23948.92
316.04	23939.89
316.10	23927.57
316.16	23902.83
316.23	23842.81
316.29	23749.59
316.36	23608.68
316.42	23450.97
316.49	23265.97
316.55	23078.68
316.61	22888.20
316.68	22684.38
316.74	22484.83
316.81	22280.69
316.87	22076.51
316.93	21864.41
317.00	21666.15
317.06	21460.13
317.13	21256.77
317.19	21048.98
317.26	20852.20
317.32	20652.97
317.38	20455.45
317.45	20256.39
317.51	20062.60
317.58	19860.13
317.64	19653.19
317.70	19454.09
317.77	19263.73
317.83	19066.93
317.90	18871.20
317.96	18675.66
318.02	18478.27
318.09	18290.85
318.15	18098.31
318.22	17905.41
318.28	17713.52
318.34	17513.57
318.41	17299.01
318.47	17091.41
318.54	16893.61
318.60	16702.06
318.66	16521.45
318.73	16335.39
318.79	16159.87
318.86	15981.70
318.92	15799.38
318.98	15621.19
319.05	15445.46
319.11	15266.23
319.18	15083.47
319.24	14907.18
319.30	14709.37
319.37	14537.23
319.43	14362.03
319.50	14183.21
319.56	14008.07
319.62	13844.01
319.69	13664.29
319.75	13493.33
319.82	13330.01
319.88	13158.95
319.94	12995.33
320.01	12836.56
320.07	12661.10
320.13	12494.89
320.20	12327.20
320.26	12152.19
320.33	11979.07
320.39	11817.73
320.45	11647.17
320.52	11484.98
320.58	11326.77
320.65	11160.04
320.71	10992.26
320.77	10837.57
320.84	10673.38
320.90	10513.81
320.96	10347.60
321.03	10182.64
321.09	10006.32
321.16	9834.71
321.22	9659.39
321.28	9499.21
321.35	9346.57
321.41	9191.34
321.47	9039.53
321.54	8888.03
321.60	8728.19
321.67	8566.73
321.73	8409.12
321.79	8249.45
321.86	8093.79
321.92	7941.63
321.98	7771.83
322.05	7600.86
322.11	7425.85
322.18	7249.22
322.24	7071.99
322.30	6906.24
322.37	6750.13
322.43	6587.54
322.49	6435.13
322.56	6272.33
322.62	6116.49
322.68	5948.62
322.75	5799.14
322.81	5630.41
322.88	5477.07
322.94	5319.65
323.00	5163.83
323.07	5007.13
323.13	4857.85
323.19	4707.32
323.26	4560.51
323.32	4414.55
323.38	4266.51
323.45	4062.39
323.51	3476.57
323.57	2667.43
323.64	1825.01
323.70	1012.64
323.76	287.37
323.83	-26.93
323.89	-89.47
323.96	-91.74
