180.25	3510.83
180.33	-132.34
180.40	654.85
180.48	-33.43
180.56	8.84
180.63	43.16
180.71	82.99
180.78	81.49
180.86	82.55
180.93	86.70
181.01	89.16
181.08	88.12
181.16	87.52
181.23	88.96
181.31	88.79
181.39	111.27
181.46	119.95
181.54	129.77
181.61	145.20
181.69	153.88
181.76	147.70
181.84	142.24
181.91	143.89
181.99	145.35
182.06	146.32
182.14	151.08
182.22	156.74
182.29	167.64
182.37	171.30
182.44	183.36
182.52	181.38
182.59	199.06
182.67	206.92
182.74	212.31
182.82	216.18
182.89	226.08
182.97	224.60
183.04	233.26
183.12	242.93
183.20	262.41
183.27	274.44
183.35	304.30
183.42	326.23
183.50	366.32
183.57	391.05
183.65	436.46
183.72	478.40
183.80	532.70
183.87	575.03
183.95	619.44
184.02	667.58
184.10	699.80
184.17	717.96
184.25	721.28
184.32	715.15
184.40	686.64
184.47	638.10
184.55	595.98
184.62	590.70
184.70	615.97
184.78	662.54
184.85	766.96
184.93	889.50
185.00	1005.13
185.08	1123.43
185.15	1240.79
185.23	1358.25
185.30	1469.57
185.38	1578.26
185.45	1677.76
185.53	1785.35
185.60	1878.34
185.68	1985.60
185.75	2065.25
185.83	2127.24
185.90	2159.18
185.98	2129.11
186.05	2040.39
186.13	1929.54
186.20	1790.51
186.28	1673.31
186.35	1644.25
186.43	1703.16
186.50	1845.33
186.58	2055.80
186.65	2283.27
186.73	2508.92
186.80	2701.08
186.88	2872.10
186.95	3040.13
187.03	3193.19
187.10	3322.31
187.18	3479.73
187.25	3630.75
187.33	3786.64
187.40	3967.14
187.48	4140.26
187.55	4290.52
187.63	4414.39
187.70	4478.18
187.78	4487.83
187.85	4458.23
187.93	4326.38
188.00	4108.40
188.08	3848.77
188.15	3612.27
188.23	3460.61
188.30	3451.09
188.38	3581.46
188.45	3815.75
188.53	4072.40
188.60	4303.86
188.68	4509.50
188.75	4706.75
188.83	4930.63
188.90	5148.02
188.98	5377.36
189.05	5623.18
189.13	5852.88
189.20	6060.98
189.28	6278.38
189.35	6481.28
189.43	6659.68
189.50	6818.59
189.58	6881.56
189.65	6845.72
189.73	6733.84
189.80	6541.56
189.87	6284.85
189.95	6002.21
190.02	5670.35
190.10	5311.55
190.17	5023.62
190.25	4873.28
190.32	4899.91
190.40	5103.47
190.47	5454.17
190.55	5857.26
190.62	6248.63
190.70	6583.18
190.77	6890.66
190.85	7162.82
190.92	7373.09
191.00	7536.66
191.07	7668.60
191.15	7726.02
191.22	7743.35
191.29	7732.40
191.37	7690.38
191.44	7662.28
191.52	7701.39
191.59	7751.89
191.67	7803.15
191.74	7823.08
191.82	7809.73
191.89	7781.99
191.97	7789.22
192.04	7819.11
192.12	7860.37
192.19	7842.39
192.27	7740.30
192.34	7584.68
192.41	7469.94
192.49	7433.59
192.56	7515.28
192.64	7697.79
192.71	7908.61
192.79	8049.08
192.86	8102.20
192.94	8034.14
193.01	7914.04
193.09	7841.68
193.16	7892.04
193.23	8067.12
193.31	8359.10
193.38	8738.67
193.46	9088.26
193.53	9377.91
193.61	9612.82
193.68	9798.63
193.76	9907.86
193.83	9970.16
193.91	9976.73
193.98	9948.01
194.05	9884.06
194.13	9760.40
194.20	9595.27
194.28	9417.70
194.35	9234.29
194.43	9033.43
194.50	8810.22
194.58	8575.92
194.65	8393.64
194.72	8337.14
194.80	8467.25
194.87	8786.15
194.95	9252.83
195.02	9738.19
195.10	10144.58
195.17	10468.50
195.25	10716.57
195.32	10907.67
195.39	11061.91
195.47	11171.40
195.54	11216.46
195.62	11150.10
195.69	10921.50
195.77	10507.21
195.84	9960.80
195.91	9376.72
195.99	8953.98
196.06	8776.16
196.14	8880.44
196.21	9224.03
196.29	9720.06
196.36	10224.04
196.43	10681.32
196.51	11070.48
196.58	11381.58
196.66	11612.99
196.73	11795.93
196.81	11923.83
196.88	11999.54
196.95	12022.82
197.03	11937.64
197.10	11675.00
197.18	11265.27
197.25	10776.86
197.33	10286.74
197.40	9848.38
197.47	9556.54
197.55	9464.65
197.62	9528.03
197.70	9731.13
197.77	10100.08
197.84	10558.29
197.92	11036.63
197.99	11541.44
198.07	12013.29
198.14	12400.14
198.22	12730.76
198.29	12986.22
198.36	13165.19
198.44	13280.63
198.51	13285.86
198.59	13109.93
198.66	12758.98
198.73	12230.59
198.81	11582.14
198.88	10874.36
198.96	10258.15
199.03	9895.31
199.10	9861.96
199.18	10092.96
199.25	10584.04
199.33	11248.40
199.40	11908.22
199.48	12431.02
199.55	12846.22
199.62	13174.64
199.70	13478.32
199.77	13772.30
199.85	14079.92
199.92	14328.69
199.99	14484.74
200.07	14440.09
200.14	14138.02
200.22	13504.00
200.29	12610.54
200.36	11699.84
200.44	10979.22
200.51	10573.22
200.59	10562.68
200.66	10905.24
200.73	11400.48
200.81	11910.78
200.88	12405.12
200.95	12917.23
201.03	13433.45
201.10	13938.68
201.18	14400.72
201.25	14792.28
201.32	15081.03
201.40	15286.52
201.47	15416.14
201.55	15417.04
201.62	15213.23
201.69	14747.30
201.77	14141.45
201.84	13477.01
201.92	12783.18
201.99	12116.50
202.06	11690.46
202.14	11552.01
202.21	11666.08
202.28	12054.75
202.36	12717.96
202.43	13487.60
202.51	14185.92
202.58	14754.04
202.65	15211.34
202.73	15620.04
202.80	16004.86
202.87	16395.66
202.95	16777.81
203.02	17077.22
203.10	17204.82
203.17	17152.93
203.24	16814.54
203.32	16065.84
203.39	14942.38
203.46	13753.06
203.54	12767.18
203.61	12175.78
203.69	12111.60
203.76	12580.10
203.83	13331.80
203.91	14097.44
203.98	14818.44
204.05	15490.62
204.13	16143.00
204.20	16741.50
204.28	17281.54
204.35	17708.91
204.42	18019.28
204.50	18220.33
204.57	18329.68
204.64	18339.87
204.72	18202.07
204.79	17786.94
204.86	17067.91
204.94	16197.12
205.01	15307.96
205.09	14438.17
205.16	13792.00
205.23	13517.63
205.31	13594.79
205.38	13937.81
205.45	14580.05
205.53	15431.77
205.60	16349.90
205.67	17198.06
205.75	17905.52
205.82	18450.03
205.89	18888.13
205.97	19262.70
206.04	19606.04
206.12	19952.24
206.19	20284.73
206.26	20505.02
206.34	20547.62
206.41	20303.81
206.48	19663.57
206.56	18554.70
206.63	17165.40
206.70	15788.48
206.78	14745.17
206.85	14256.70
206.92	14443.04
207.00	15164.08
207.07	16138.73
207.14	17123.23
207.22	18020.32
207.29	18813.88
207.36	19517.68
207.44	20164.28
207.51	20747.88
207.58	21277.44
207.66	21735.56
207.73	22130.93
207.80	22415.46
207.88	22541.17
207.95	22458.26
208.02	22152.32
208.10	21447.34
208.17	20321.60
208.25	19029.89
208.32	17848.74
208.39	16918.23
208.47	16466.80
208.54	16552.44
208.61	17006.10
208.69	17609.78
208.76	18286.55
208.83	19024.56
208.90	19802.07
208.98	20592.67
209.05	21342.30
209.12	22024.60
209.20	22605.96
209.27	23101.06
209.34	23522.65
209.42	23904.35
209.49	24202.85
209.56	24372.54
209.64	24400.48
209.71	24155.86
209.78	23513.86
209.86	22530.24
209.93	21405.02
210.00	20190.54
210.08	19104.55
210.15	18456.00
210.22	18335.52
210.30	18617.02
210.37	19255.60
210.44	20125.68
210.52	21043.80
210.59	21890.10
210.66	22622.40
210.74	23258.02
210.81	23820.90
210.88	24334.18
210.96	24817.20
211.03	25280.90
211.10	25717.62
211.17	26107.53
211.25	26357.22
211.32	26413.28
211.39	26235.02
211.47	25715.58
211.54	24723.36
211.61	23405.14
211.69	22141.44
211.76	21189.88
211.83	20720.92
211.91	20878.53
211.98	21536.55
212.05	22357.25
212.12	23109.18
212.20	23744.84
212.27	24267.40
212.34	24704.53
212.42	25084.72
212.49	25452.99
212.56	25829.70
212.64	26235.93
212.71	26678.35
212.78	27124.38
212.85	27521.28
212.93	27788.94
213.00	27909.19
213.07	27839.64
213.15	27453.16
213.22	26745.16
213.29	25920.76
213.37	25084.83
213.44	24323.72
213.51	23881.69
213.58	23852.56
213.66	24108.07
213.73	24554.16
213.80	25150.18
213.88	25746.34
213.95	26218.49
214.02	26561.72
214.09	26852.00
214.17	27128.94
214.24	27461.54
214.31	27883.59
214.39	28375.30
214.46	28843.44
214.53	29235.88
214.60	29522.50
214.68	29724.98
214.75	29804.58
214.82	29743.66
214.90	29491.60
214.97	28926.63
215.04	28025.10
215.11	27040.87
215.19	26253.78
215.26	25827.66
215.33	25871.75
215.41	26399.94
215.48	27174.62
215.55	27902.44
215.62	28476.05
215.70	28940.12
215.77	29332.34
215.84	29710.12
215.91	30067.97
215.99	30437.87
216.06	30786.44
216.13	31061.69
216.21	31221.14
216.28	31354.22
216.35	31456.10
216.42	31530.10
216.50	31556.51
216.57	31536.28
216.64	31319.31
216.71	30816.48
216.79	30120.38
216.86	29429.22
216.93	28862.04
217.01	28582.93
217.08	28679.04
217.15	29078.60
217.22	29625.44
217.30	30214.89
217.37	30779.22
217.44	31292.42
217.51	31738.14
217.59	32110.80
217.66	32403.08
217.73	32639.07
217.80	32843.80
217.88	32996.72
217.95	33116.90
218.02	33222.62
218.09	33340.80
218.17	33474.02
218.24	33615.33
218.31	33724.12
218.38	33754.54
218.46	33607.98
218.53	33172.45
218.60	32534.41
218.67	31848.77
218.75	31287.04
218.82	30971.94
218.89	31045.14
218.96	31430.67
219.04	31988.24
219.11	32560.31
219.18	33061.08
219.25	33476.33
219.33	33822.40
219.40	34127.64
219.47	34407.16
219.54	34678.85
219.62	34910.93
219.69	35127.45
219.76	35333.44
219.83	35519.36
219.91	35690.55
219.98	35865.52
220.05	35991.05
220.12	36027.76
220.20	35974.99
220.27	35792.34
220.34	35398.82
220.41	34865.77
220.49	34336.74
220.56	33943.69
220.63	33759.52
220.70	33854.68
220.78	34180.02
220.85	34577.48
220.92	34937.29
220.99	35234.50
221.06	35492.04
221.14	35717.34
221.21	35957.91
221.28	36204.66
221.35	36464.59
221.43	36704.59
221.50	36933.58
221.57	37142.65
221.64	37334.79
221.72	37496.54
221.79	37629.46
221.86	37716.49
221.93	37757.86
222.00	37759.42
222.08	37699.11
222.15	37540.68
222.22	37325.30
222.29	37113.20
222.37	36943.08
222.44	36837.61
222.51	36850.80
222.58	36949.16
222.65	37078.27
222.73	37203.14
222.80	37338.92
222.87	37498.64
222.94	37666.18
223.02	37846.30
223.09	38036.42
223.16	38238.87
223.23	38435.74
223.30	38643.07
223.38	38855.98
223.45	39050.76
223.52	39217.19
223.59	39359.33
223.66	39444.35
223.74	39468.24
223.81	39448.70
223.88	39424.88
223.95	39379.59
224.03	39323.48
224.10	39268.13
224.17	39238.28
224.24	39198.57
224.31	39184.86
224.39	39231.94
224.46	39330.36
224.53	39437.14
224.60	39566.97
224.67	39698.24
224.75	39833.70
224.82	39971.81
224.89	40140.04
224.96	40315.58
225.03	40488.08
225.11	40653.50
225.18	40799.49
225.25	40918.43
225.32	41008.81
225.39	41091.74
225.47	41142.80
225.54	41170.17
225.61	41134.52
225.68	41073.70
225.75	41004.63
225.83	40974.05
225.90	40980.86
225.97	41052.08
226.04	41165.48
226.11	41294.43
226.19	41415.29
226.26	41533.28
226.33	41671.07
226.40	41800.54
226.47	41943.84
226.54	42075.83
226.62	42208.29
226.69	42334.23
226.76	42459.30
226.83	42570.61
226.90	42674.12
226.98	42747.59
227.05	42803.95
227.12	42860.78
227.19	42897.30
227.26	42949.17
227.34	43005.92
227.41	43052.85
227.48	43072.51
227.55	43063.34
227.62	43025.06
227.69	43011.64
227.77	43033.67
227.84	43098.10
227.91	43213.12
227.98	43347.78
228.05	43466.31
228.12	43562.37
228.20	43659.02
228.27	43747.90
228.34	43853.29
228.41	43976.02
228.48	44113.12
228.56	44227.59
228.63	44335.96
228.70	44428.44
228.77	44498.90
228.84	44569.44
228.91	44665.56
228.99	44773.52
229.06	44888.90
229.13	45014.12
229.20	45114.12
229.27	45183.09
229.34	45244.50
229.42	45292.06
229.49	45324.64
229.56	45356.99
229.63	45389.35
229.70	45404.74
229.77	45425.12
229.85	45470.22
229.92	45521.61
229.99	45584.19
230.06	45672.17
230.13	45781.19
230.20	45885.98
230.27	46010.61
230.35	46131.10
230.42	46243.92
230.49	46352.40
230.56	46452.82
230.63	46534.35
230.70	46604.52
230.78	46678.90
230.85	46731.88
230.92	46798.23
230.99	46875.38
231.06	46980.54
231.13	47092.76
231.20	47214.08
231.28	47326.60
231.35	47435.17
231.42	47515.94
231.49	47575.89
231.56	47642.22
231.63	47703.79
231.71	47757.62
231.78	47815.55
231.85	47869.52
231.92	47919.01
231.99	47973.60
232.06	48044.18
232.13	48137.76
232.21	48232.01
232.28	48318.05
232.35	48401.08
232.42	48481.81
232.49	48548.98
232.56	48647.54
232.63	48738.31
232.71	48829.30
232.78	48913.18
232.85	49003.53
232.92	49077.30
232.99	49160.94
233.06	49238.47
233.13	49314.02
233.20	49369.00
233.28	49417.12
233.35	49466.12
233.42	49527.75
233.49	49589.83
233.56	49677.90
233.63	49764.16
233.70	49849.88
233.78	49932.87
233.85	50042.10
233.92	50130.48
233.99	50217.70
234.06	50298.58
234.13	50386.02
234.20	50443.22
234.27	50500.84
234.35	50553.04
234.42	50609.74
234.49	50663.54
234.56	50709.46
234.63	50760.86
234.70	50817.12
234.77	50863.22
234.84	50896.47
234.92	50946.09
234.99	51018.02
235.06	51085.88
235.13	51171.68
235.20	51264.41
235.27	51341.88
235.34	51412.82
235.41	51490.66
235.48	51567.66
235.56	51645.67
235.63	51725.27
235.70	51769.91
235.77	51815.62
235.84	51843.16
235.91	51855.96
235.98	51870.28
236.05	51909.02
236.12	51941.70
236.20	51972.27
236.27	52021.14
236.34	52070.76
236.41	52105.40
236.48	52148.14
236.55	52196.40
236.62	52239.24
236.69	52293.10
236.76	52362.71
236.84	52435.63
236.91	52500.28
236.98	52569.13
237.05	52618.84
237.12	52662.30
237.19	52697.93
237.26	52739.41
237.33	52774.51
237.40	52814.06
237.47	52857.04
237.55	52894.11
237.62	52955.48
237.69	53010.82
237.76	53076.94
237.83	53133.85
237.90	53197.81
237.97	53238.18
238.04	53289.09
238.11	53327.98
238.18	53369.87
238.26	53397.69
238.33	53417.96
238.40	53434.20
238.47	53458.40
238.54	53485.53
238.61	53508.52
238.68	53526.56
238.75	53542.43
238.82	53572.60
238.89	53598.31
238.96	53648.08
239.04	53715.67
239.11	53781.92
239.18	53820.93
239.25	53838.68
239.32	53852.66
239.39	53858.54
239.46	53851.56
239.53	53845.72
239.60	53847.60
239.67	53856.24
239.74	53864.50
239.81	53877.70
239.89	53914.02
239.96	53950.36
240.03	53973.26
240.10	54002.94
240.17	54028.93
240.24	54039.00
240.31	54067.89
240.38	54095.71
240.45	54153.19
240.52	54216.92
240.59	54269.53
240.66	54326.99
240.73	54380.42
240.80	54398.53
240.88	54403.91
240.95	54428.58
241.02	54442.58
241.09	54452.15
241.16	54456.35
241.23	54481.80
241.30	54473.16
241.37	54439.70
241.44	54433.60
241.51	54440.94
241.58	54436.20
241.65	54470.63
241.72	54519.76
241.79	54542.20
241.86	54553.70
241.94	54568.96
242.01	54547.63
242.08	54527.16
242.15	54531.59
242.22	54530.33
242.29	54525.25
242.36	54538.14
242.43	54533.33
242.50	54509.76
242.57	54500.62
242.64	54496.63
242.71	54489.23
242.78	54511.87
242.85	54521.89
242.92	54532.44
242.99	54543.57
243.06	54554.26
243.14	54558.16
243.21	54577.17
243.28	54582.94
243.35	54587.70
243.42	54605.80
243.49	54629.52
243.56	54626.61
243.63	54637.93
243.70	54648.98
243.77	54643.06
243.84	54616.45
243.91	54612.16
243.98	54590.37
244.05	54554.82
244.12	54530.67
244.19	54512.87
244.26	54491.86
244.33	54478.92
244.40	54469.46
244.47	54462.54
244.54	54447.55
244.62	54402.27
244.69	54363.46
244.76	54345.65
244.83	54322.42
244.90	54326.58
244.97	54357.44
245.04	54380.65
245.11	54388.30
245.18	54385.22
245.25	54391.68
245.32	54409.12
245.39	54429.30
245.46	54444.20
245.53	54449.00
245.60	54432.78
245.67	54420.21
245.74	54409.67
245.81	54392.36
245.88	54376.14
245.95	54369.36
246.02	54336.92
246.09	54282.05
246.16	54233.84
246.23	54198.12
246.30	54161.28
246.37	54149.98
246.44	54172.34
246.51	54195.08
246.58	54223.11
246.65	54248.42
246.72	54264.79
246.79	54263.72
246.87	54255.01
246.94	54237.80
247.01	54210.32
247.08	54162.98
247.15	54102.01
247.22	54040.82
247.29	53974.37
247.36	53927.66
247.43	53893.04
247.50	53872.90
247.57	53870.32
247.64	53890.62
247.71	53902.88
247.78	53917.76
247.85	53947.34
247.92	53971.98
247.99	53971.10
248.06	53951.02
248.13	53929.84
248.20	53902.03
248.27	53875.65
248.34	53855.40
248.41	53849.05
248.48	53850.64
248.55	53839.08
248.62	53837.55
248.69	53848.42
248.76	53844.08
248.83	53824.04
248.90	53803.69
248.97	53757.11
249.04	53704.04
249.11	53663.39
249.18	53631.46
249.25	53589.44
249.32	53551.12
249.39	53496.48
249.46	53434.54
249.53	53380.62
249.60	53333.30
249.67	53295.20
249.74	53284.72
249.81	53288.88
249.88	53285.10
249.95	53314.10
250.02	53349.24
250.09	53372.84
250.16	53379.73
250.23	53383.31
250.30	53374.06
250.37	53356.19
250.44	53348.24
250.51	53347.44
250.58	53355.11
250.65	53345.37
250.72	53311.46
250.79	53264.22
250.86	53216.72
250.93	53165.44
251.00	53109.66
251.07	53083.46
251.14	53059.23
251.21	53037.86
251.28	53010.15
251.35	52990.03
251.42	52969.88
251.49	52953.29
251.56	52934.60
251.63	52914.67
251.70	52907.22
251.77	52893.99
251.84	52867.04
251.91	52824.81
251.98	52773.30
252.05	52716.60
252.12	52656.94
252.18	52608.34
252.25	52572.87
252.32	52577.43
252.39	52575.29
252.46	52565.98
252.53	52555.80
252.60	52541.17
252.67	52514.63
252.74	52486.20
252.81	52461.46
252.88	52439.55
252.95	52413.11
253.02	52379.86
253.09	52356.78
253.16	52335.60
253.23	52319.44
253.30	52315.61
253.37	52297.06
253.44	52265.22
253.51	52231.12
253.58	52190.64
253.65	52159.20
253.72	52151.06
253.79	52144.58
253.86	52133.49
253.93	52120.30
254.00	52095.57
254.07	52057.23
254.14	52017.34
254.21	51984.46
254.28	51955.79
254.35	51927.00
254.41	51905.48
254.48	51877.65
254.55	51860.76
254.62	51843.54
254.69	51811.78
254.76	51775.76
254.83	51738.12
254.90	51713.52
254.97	51688.26
255.04	51678.91
255.11	51647.01
255.18	51613.42
255.25	51545.39
255.32	51481.16
255.39	51423.29
255.46	51383.22
255.53	51356.53
255.60	51342.16
255.67	51332.60
255.74	51309.43
255.81	51294.16
255.87	51300.73
255.94	51284.50
256.01	51271.10
256.08	51263.98
256.15	51259.22
256.22	51222.21
256.29	51207.32
256.36	51175.17
256.43	51151.86
256.50	51129.48
256.57	51112.87
256.64	51091.67
256.71	51082.70
256.78	51056.02
256.85	51018.14
256.92	50990.36
256.99	50988.84
257.05	50967.12
257.12	50942.12
257.19	50892.51
257.26	50828.66
257.33	50731.77
257.40	50662.05
257.47	50592.49
257.54	50568.39
257.61	50555.18
257.68	50569.43
257.75	50571.18
257.82	50590.38
257.89	50586.65
257.96	50570.81
258.03	50521.62
258.09	50455.55
258.16	50371.64
258.23	50280.72
258.30	50216.94
258.37	50168.34
258.44	50142.90
258.51	50129.58
258.58	50135.08
258.65	50139.82
258.72	50144.78
258.79	50118.58
258.86	50091.95
258.93	50066.72
258.99	50013.05
259.06	49953.64
259.13	49913.54
259.20	49868.98
259.27	49829.16
259.34	49799.13
259.41	49781.72
259.48	49781.78
259.55	49767.36
259.62	49741.52
259.69	49696.15
259.76	49643.72
259.82	49574.93
259.89	49541.77
259.96	49511.93
260.03	49484.38
260.10	49456.34
260.17	49414.89
260.24	49361.68
260.31	49307.54
260.38	49274.52
260.45	49252.58
260.52	49233.28
260.59	49200.95
260.65	49159.73
260.72	49127.20
260.79	49093.75
260.86	49061.49
260.93	49034.01
261.00	48996.94
261.07	48935.15
261.14	48851.45
261.21	48768.49
261.28	48691.18
261.34	48620.41
261.41	48552.47
261.48	48512.38
261.55	48486.93
261.62	48462.18
261.69	48439.11
261.76	48422.50
261.83	48401.10
261.90	48365.40
261.97	48314.76
262.03	48273.88
262.10	48238.93
262.17	48201.07
262.24	48179.08
262.31	48165.68
262.38	48156.59
262.45	48154.55
262.52	48136.61
262.59	48101.47
262.65	48066.77
262.72	48013.66
262.79	47955.45
262.86	47912.02
262.93	47871.80
263.00	47835.39
263.07	47801.00
263.14	47755.57
263.21	47727.29
263.27	47710.06
263.34	47696.26
263.41	47668.47
263.48	47636.28
263.55	47566.04
263.62	47477.10
263.69	47375.94
263.76	47299.20
263.82	47244.50
263.89	47209.51
263.96	47196.50
264.03	47187.58
264.10	47167.10
264.17	47112.67
264.24	47046.94
264.31	46972.70
264.38	46894.88
264.44	46814.55
264.51	46755.14
264.58	46711.58
264.65	46659.36
264.72	46599.17
264.79	46561.74
264.86	46533.32
264.92	46502.14
264.99	46484.87
265.06	46478.51
265.13	46445.65
265.20	46421.77
265.27	46387.66
265.34	46340.62
265.41	46308.36
265.47	46290.30
265.54	46259.90
265.61	46241.05
265.68	46243.48
265.75	46215.13
265.82	46155.60
265.89	46083.48
265.95	46007.62
266.02	45902.80
266.09	45821.03
266.16	45772.08
266.23	45740.01
266.30	45692.24
266.37	45656.79
266.44	45607.02
266.50	45559.61
266.57	45505.10
266.64	45453.65
266.71	45386.94
266.78	45314.84
266.85	45225.97
266.91	45155.80
266.98	45097.18
267.05	45058.41
267.12	45036.40
267.19	45033.56
267.26	45025.90
267.33	45019.70
267.39	45004.68
267.46	44984.58
267.53	44942.08
267.60	44882.14
267.67	44827.10
267.74	44789.00
267.81	44754.88
267.87	44742.27
267.94	44733.63
268.01	44711.20
268.08	44663.54
268.15	44602.22
268.22	44519.04
268.28	44420.87
268.35	44327.42
268.42	44228.67
268.49	44143.14
268.56	44080.16
268.63	44037.20
268.69	44012.63
268.76	44004.60
268.83	44014.96
268.90	44025.61
268.97	44040.24
269.04	44038.18
269.11	44027.66
269.17	43986.86
269.24	43933.04
269.31	43883.34
269.38	43836.73
269.45	43805.68
269.52	43786.35
269.58	43777.71
269.65	43739.98
269.72	43692.79
269.79	43638.45
269.86	43592.55
269.92	43532.40
269.99	43485.94
270.06	43429.18
270.13	43382.02
270.20	43326.54
270.27	43292.38
270.33	43270.48
270.40	43246.82
270.47	43217.36
270.54	43197.26
270.61	43171.80
270.68	43147.82
270.74	43146.34
270.81	43143.22
270.88	43127.12
270.95	43092.51
271.02	43030.10
271.08	42954.81
271.15	42884.70
271.22	42812.98
271.29	42754.13
271.36	42698.26
271.43	42656.54
271.49	42618.26
271.56	42590.05
271.63	42560.07
271.70	42544.59
271.77	42533.66
271.83	42498.18
271.90	42455.26
271.97	42413.29
272.04	42361.82
272.11	42309.36
272.17	42286.04
272.24	42267.68
272.31	42247.06
272.38	42235.64
272.45	42218.30
272.52	42191.83
272.58	42172.01
272.65	42151.28
272.72	42124.04
272.79	42091.28
272.86	42052.83
272.92	42002.78
272.99	41961.32
273.06	41925.54
273.13	41873.22
273.20	41820.09
273.26	41750.99
273.33	41676.98
273.40	41609.90
273.47	41568.37
273.54	41535.98
273.60	41526.94
273.67	41515.23
273.74	41522.04
273.81	41527.78
273.88	41553.12
273.94	41584.29
274.01	41631.66
274.08	41652.94
274.15	41662.52
274.21	41642.45
274.28	41598.36
274.35	41524.26
274.42	41440.03
274.49	41350.03
274.55	41273.03
274.62	41224.28
274.69	41175.62
274.76	41136.83
274.83	41113.79
274.89	41087.49
274.96	41047.86
275.03	41021.26
275.10	40990.95
275.17	40953.96
275.23	40910.20
275.30	40867.56
275.37	40835.87
275.44	40817.84
275.50	40802.70
275.57	40786.62
275.64	40759.98
275.71	40722.52
275.78	40690.54
275.84	40667.74
275.91	40648.98
275.98	40629.87
276.05	40612.28
276.11	40584.92
276.18	40547.66
276.25	40479.23
276.32	40409.98
276.39	40344.10
276.45	40261.52
276.52	40186.24
276.59	40140.23
276.66	40113.43
276.72	40090.29
276.79	40095.02
276.86	40090.66
276.93	40079.14
276.99	40040.11
277.06	39996.21
277.13	39946.88
277.20	39911.52
277.26	39883.61
277.33	39893.00
277.40	39900.41
277.47	39888.02
277.54	39866.28
277.60	39837.90
277.67	39772.47
277.74	39685.92
277.81	39595.94
277.87	39510.81
277.94	39430.33
278.01	39381.84
278.08	39352.16
278.14	39345.78
278.21	39349.74
278.28	39369.44
278.35	39388.20
278.41	39419.93
278.48	39442.90
278.55	39449.94
278.62	39433.04
278.68	39377.64
278.75	39292.68
278.82	39197.19
278.89	39091.96
278.95	38998.22
279.02	38938.01
279.09	38925.66
279.16	38938.90
279.22	38971.89
279.29	39011.75
279.36	39041.66
279.43	39030.24
279.49	38965.88
279.56	38853.52
279.63	38717.98
279.70	38571.14
279.76	38441.98
279.83	38365.56
279.90	38341.02
279.97	38336.58
280.03	38345.64
280.10	38359.84
280.17	38359.18
280.24	38356.48
280.30	38351.01
280.37	38346.24
280.44	38333.31
280.51	38316.66
280.57	38298.50
280.64	38267.54
280.71	38240.87
280.77	38205.68
280.84	38154.35
280.91	38084.24
280.98	37997.42
281.04	37903.14
281.11	37807.90
281.18	37718.61
281.25	37615.28
281.31	37528.93
281.38	37432.22
281.45	37337.15
281.52	37253.60
281.58	37176.56
281.65	37112.74
281.72	37060.97
281.78	37019.90
281.85	36990.18
281.92	36988.90
281.99	36986.16
282.05	37000.29
282.12	37017.80
282.19	37032.56
282.26	37048.14
282.32	37058.20
282.39	37073.75
282.46	37073.64
282.52	37072.36
282.59	37054.02
282.66	37064.54
282.73	37042.82
282.79	37031.38
282.86	36982.42
282.93	36913.14
282.99	36796.42
283.06	36667.69
283.13	36518.50
283.20	36385.08
283.26	36270.94
283.33	36179.00
283.40	36115.48
283.46	36084.74
283.53	36081.01
283.60	36081.02
283.67	36086.95
283.73	36105.02
283.80	36119.67
283.87	36131.14
283.93	36157.37
284.00	36168.96
284.07	36170.90
284.13	36154.25
284.20	36129.76
284.27	36087.73
284.34	36055.99
284.40	36026.94
284.47	36007.74
284.54	35991.33
284.60	35972.86
284.67	35930.22
284.74	35881.40
284.81	35827.38
284.87	35764.35
284.94	35677.35
285.01	35601.70
285.07	35508.38
285.14	35401.92
285.21	35315.94
285.27	35267.18
285.34	35238.88
285.41	35238.33
285.47	35263.11
285.54	35282.74
285.61	35306.11
285.68	35326.84
285.74	35339.59
285.81	35354.44
285.88	35371.40
285.94	35388.13
286.01	35408.22
286.08	35424.75
286.14	35445.07
286.21	35444.74
286.28	35445.24
286.34	35425.19
286.41	35378.85
286.48	35282.30
286.55	35178.30
286.61	35054.32
286.68	34933.02
286.75	34824.21
286.81	34749.12
286.88	34689.11
286.95	34638.19
287.01	34625.50
287.08	34634.24
287.15	34654.78
287.21	34679.59
287.28	34708.11
287.35	34711.74
287.41	34717.46
287.48	34714.81
287.55	34718.86
287.61	34722.80
287.68	34725.58
287.75	34717.96
287.81	34714.92
287.88	34711.55
287.95	34711.61
288.01	34704.25
288.08	34705.57
288.15	34689.40
288.21	34675.08
288.28	34645.57
288.35	34616.48
288.41	34574.20
288.48	34521.29
288.55	34431.68
288.61	34334.36
288.68	34234.80
288.75	34139.82
288.81	34070.48
288.88	34029.84
288.95	34026.56
289.01	34038.08
289.08	34077.76
289.15	34136.28
289.21	34191.42
289.28	34243.58
289.35	34306.32
289.41	34334.69
289.48	34345.40
289.55	34358.52
289.61	34344.37
289.68	34318.07
289.75	34296.08
289.81	34259.31
289.88	34213.25
289.95	34158.80
290.01	34085.96
290.08	34025.54
290.15	33969.72
290.21	33926.68
290.28	33906.92
290.35	33899.28
290.41	33875.68
290.48	33834.28
290.55	33772.34
290.61	33695.36
290.68	33632.71
290.74	33600.01
290.81	33608.57
290.88	33633.81
290.94	33687.76
291.01	33743.89
291.08	33785.67
291.14	33824.29
291.21	33872.02
291.28	33912.12
291.34	33946.21
291.41	33975.20
291.48	33993.09
291.54	33989.58
291.61	33964.00
291.68	33921.88
291.74	33861.70
291.81	33790.85
291.87	33745.99
291.94	33680.20
292.01	33617.34
292.07	33547.22
292.14	33473.61
292.21	33377.40
292.27	33316.62
292.34	33263.86
292.41	33240.20
292.47	33221.06
292.54	33228.36
292.60	33233.70
292.67	33265.74
292.74	33303.14
292.80	33351.76
292.87	33402.87
292.94	33461.73
293.00	33504.06
293.07	33542.54
293.13	33591.57
293.20	33632.71
293.27	33668.20
293.33	33687.71
293.40	33702.24
293.47	33695.48
293.53	33660.93
293.60	33604.26
293.66	33514.67
293.73	33399.75
293.80	33276.83
293.86	33169.92
293.93	33080.74
294.00	33020.86
294.06	32992.11
294.13	32974.58
294.19	32958.92
294.26	32944.44
294.33	32933.70
294.39	32905.12
294.46	32900.32
294.52	32897.95
294.59	32911.62
294.66	32946.48
294.72	33007.71
294.79	33061.00
294.86	33127.48
294.92	33193.64
294.99	33268.70
295.05	33337.90
295.12	33388.38
295.19	33442.88
295.25	33482.76
295.32	33491.29
295.38	33491.10
295.45	33496.36
295.52	33471.36
295.58	33419.73
295.65	33359.61
295.71	33265.39
295.78	33138.97
295.85	33005.19
295.91	32882.42
295.98	32750.08
296.04	32630.08
296.11	32551.94
296.18	32500.00
296.24	32476.78
296.31	32495.02
296.37	32555.84
296.44	32640.57
296.51	32737.21
296.57	32828.60
296.64	32923.26
296.70	33007.48
296.77	33068.26
296.84	33101.24
296.90	33143.83
296.97	33168.26
297.03	33187.52
297.10	33217.72
297.17	33265.32
297.23	33305.86
297.30	33345.57
297.36	33368.72
297.43	33368.63
297.50	33357.65
297.56	33313.48
297.63	33249.56
297.69	33150.62
297.76	33017.79
297.82	32853.13
297.89	32692.80
297.96	32540.99
298.02	32438.08
298.09	32369.72
298.15	32346.73
298.22	32361.07
298.29	32372.94
298.35	32392.04
298.42	32429.14
298.48	32471.77
298.55	32513.34
298.61	32590.76
298.68	32668.21
298.75	32747.28
298.81	32825.71
298.88	32903.49
298.94	32967.46
299.01	33029.22
299.08	33077.94
299.14	33123.28
299.21	33152.60
299.27	33177.17
299.34	33174.02
299.40	33176.82
299.47	33161.27
299.54	33143.30
299.60	33109.38
299.67	33075.80
299.73	32993.42
299.80	32861.00
299.86	32677.72
299.93	32467.94
299.99	32265.96
300.06	32103.88
300.13	32003.38
300.19	31961.90
300.26	31978.82
300.32	32029.80
300.39	32105.96
300.45	32193.07
300.52	32303.58
300.59	32401.90
300.65	32490.45
300.72	32572.82
300.78	32642.50
300.85	32699.02
300.91	32737.75
300.98	32774.70
301.04	32796.40
301.11	32831.09
301.18	32856.24
301.24	32887.01
301.31	32898.29
301.37	32905.57
301.44	32894.02
301.50	32870.58
301.57	32835.68
301.63	32806.41
301.70	32750.31
301.77	32657.82
301.83	32531.40
301.90	32381.78
301.96	32203.80
302.03	32034.59
302.09	31896.87
302.16	31797.72
302.22	31741.88
302.29	31713.58
302.36	31722.65
302.42	31746.43
302.49	31789.09
302.55	31840.61
302.62	31911.24
302.68	31971.81
302.75	32035.65
302.81	32087.23
302.88	32139.41
302.94	32177.26
303.01	32220.54
303.07	32247.94
303.14	32277.74
303.21	32285.95
303.27	32296.76
303.34	32295.89
303.40	32283.72
303.47	32266.34
303.53	32245.62
303.60	32223.22
303.66	32185.66
303.73	32155.31
303.79	32104.67
303.86	32043.66
303.92	31944.93
303.99	31831.40
304.05	31672.20
304.12	31504.15
304.19	31360.11
304.25	31238.30
304.32	31143.24
304.38	31102.15
304.45	31095.36
304.51	31099.50
304.58	31133.57
304.64	31175.44
304.71	31224.05
304.77	31257.40
304.84	31284.30
304.90	31308.95
304.97	31314.74
305.03	31321.49
305.10	31338.56
305.16	31352.79
305.23	31353.38
305.29	31361.47
305.36	31353.59
305.42	31340.57
305.49	31322.72
305.56	31292.71
305.62	31264.44
305.69	31227.79
305.75	31177.38
305.82	31090.88
305.88	30978.63
305.95	30831.01
306.01	30673.57
306.08	30510.66
306.14	30373.56
306.21	30257.50
306.27	30154.12
306.34	30064.85
306.40	29998.96
306.47	29947.25
306.53	29927.78
306.60	29941.90
306.66	29976.50
306.73	30016.68
306.79	30046.33
306.86	30067.82
306.92	30067.24
306.99	30071.78
307.05	30079.02
307.12	30091.20
307.18	30085.33
307.25	30093.75
307.31	30082.42
307.38	30057.28
307.44	30027.08
307.51	30005.63
307.57	29956.80
307.64	29918.14
307.70	29878.27
307.77	29834.04
307.83	29783.42
307.90	29748.49
307.96	29702.04
308.03	29645.72
308.09	29582.12
308.16	29521.20
308.22	29446.99
308.29	29367.63
308.35	29288.85
308.42	29207.10
308.48	29101.96
308.55	29003.30
308.61	28912.80
308.68	28830.76
308.74	28765.14
308.81	28734.55
308.87	28711.17
308.94	28704.88
309.00	28701.92
309.07	28705.34
309.13	28691.34
309.20	28697.42
309.26	28677.02
309.33	28647.48
309.39	28620.66
309.45	28601.18
309.52	28549.51
309.58	28516.06
309.65	28472.36
309.71	28412.34
309.78	28363.78
309.84	28312.72
309.91	28251.67
309.97	28199.80
310.04	28155.24
310.10	28098.98
310.17	28060.02
310.23	28009.08
310.30	27963.08
310.36	27910.39
310.43	27840.66
310.49	27757.74
310.56	27686.02
310.62	27599.09
310.69	27511.32
310.75	27437.32
310.81	27377.71
310.88	27331.13
310.94	27295.62
311.01	27269.59
311.07	27239.74
311.14	27214.16
311.20	27177.04
311.27	27141.06
311.33	27125.62
311.40	27098.17
311.46	27076.82
311.53	27050.19
311.59	27032.10
311.66	26996.48
311.72	26959.43
311.78	26925.52
311.85	26886.64
311.91	26851.36
311.98	26803.37
312.04	26774.00
312.11	26730.02
312.17	26694.00
312.24	26647.28
312.30	26600.46
312.37	26545.71
312.43	26487.28
312.50	26431.84
312.56	26372.66
312.62	26308.83
312.69	26257.33
312.75	26194.78
312.82	26121.70
312.88	26050.36
312.95	25996.16
313.01	25920.60
313.08	25855.26
313.14	25806.84
313.20	25760.10
313.27	25705.61
313.33	25661.60
313.40	25633.50
313.46	25592.36
313.53	25559.32
313.59	25531.77
313.66	25505.60
313.72	25470.88
313.78	25437.14
313.85	25405.33
313.91	25367.90
313.98	25333.92
314.04	25295.37
314.11	25262.02
314.17	25222.35
314.24	25175.31
314.30	25136.16
314.36	25089.51
314.43	25046.96
314.49	24996.01
314.56	24956.57
314.62	24894.54
314.69	24844.51
314.75	24782.84
314.81	24729.20
314.88	24670.18
314.94	24631.38
315.01	24588.04
315.07	24538.40
315.14	24493.67
315.20	24456.41
315.27	24401.18
315.33	24358.76
315.39	24318.00
315.46	24273.48
315.52	24218.81
315.59	24177.20
315.65	24126.94
315.72	24087.77
315.78	24050.60
315.84	24021.65
315.91	24002.24
315.97	23978.22
316.04	23970.62
316.10	23946.94
316.16	23910.60
316.23	23838.95
316.29	23745.46
316.36	23604.92
316.42	23448.38
316.49	23277.01
316.55	23084.73
316.61	22894.28
316.68	22697.11
316.74	22499.68
316.81	22292.32
316.87	22093.25
316.93	21884.48
317.00	21684.07
317.06	21486.94
317.13	21279.08
317.19	21075.28
317.26	20867.70
317.32	20660.54
317.38	20449.81
317.45	20246.22
317.51	20051.23
317.58	19856.76
317.64	19656.90
317.70	19459.54
317.77	19266.69
317.83	19065.70
317.90	18876.48
317.96	18677.96
318.02	18483.99
318.09	18301.47
318.15	18107.55
318.22	17903.68
318.28	17711.34
318.34	17507.57
318.41	17297.96
318.47	17093.58
318.54	16902.93
318.60	16710.34
318.66	16525.07
318.73	16334.10
318.79	16154.92
318.86	15968.22
318.92	15791.05
318.98	15616.13
319.05	15441.48
319.11	15268.10
319.18	15094.14
319.24	14913.52
319.30	14723.82
319.37	14552.24
319.43	14378.54
319.50	14202.05
319.56	14026.22
319.62	13861.14
319.69	13685.42
319.75	13513.16
319.82	13343.57
319.88	13171.86
319.94	13000.76
320.01	12835.62
320.07	12659.97
320.13	12488.52
320.20	12320.07
320.26	12146.74
320.33	11975.29
320.39	11813.18
320.45	11646.38
320.52	11485.33
320.58	11328.94
320.65	11164.31
320.71	10996.10
320.77	10841.02
320.84	10679.30
320.90	10516.68
320.96	10353.87
321.03	10184.99
321.09	10012.40
321.16	9841.78
321.22	9668.88
321.28	9504.28
321.35	9354.51
321.41	9194.92
321.47	9040.49
321.54	8885.64
321.60	8723.20
321.67	8556.84
321.73	8403.87
321.79	8242.82
321.86	8090.59
321.92	7934.81
321.98	7770.03
322.05	7594.14
322.11	7419.40
322.18	7240.46
322.24	7069.27
322.30	6904.41
322.37	6750.74
322.43	6591.22
322.49	6441.04
322.56	6276.46
322.62	6118.48
322.68	5952.99
322.75	5802.26
322.81	5634.06
322.88	5476.40
322.94	5318.63
323.00	5160.47
323.07	5004.76
323.13	4856.19
323.19	4708.87
323.26	4562.30
323.32	4417.11
323.38	4268.38
323.45	4063.56
323.51	3477.78
323.57	2669.34
323.64	1826.02
323.70	1013.36
323.76	286.96
323.83	-26.70
323.89	-88.97
323.96	-89.77
