180.25	3505.40
180.33	-130.81
180.40	653.48
180.48	-34.79
180.56	5.79
180.63	39.10
180.71	77.66
180.78	76.94
180.86	78.04
180.93	82.60
181.01	84.08
181.08	82.04
181.16	79.95
181.23	80.83
181.31	80.82
181.39	102.89
181.46	111.74
181.54	121.96
181.61	136.85
181.69	144.10
181.76	138.25
181.84	132.77
181.91	135.07
181.99	136.38
182.06	138.00
182.14	143.13
182.22	149.47
182.29	159.26
182.37	163.68
182.44	175.96
182.52	174.29
182.59	191.41
182.67	199.87
182.74	205.98
182.82	209.07
182.89	218.46
182.97	217.82
183.04	226.20
183.12	234.67
183.20	255.30
183.27	267.80
183.35	297.25
183.42	319.71
183.50	361.10
183.57	386.22
183.65	433.06
183.72	475.97
183.80	532.40
183.87	578.14
183.95	624.16
184.02	674.63
184.10	707.59
184.17	725.38
184.25	726.48
184.32	718.76
184.40	687.26
184.47	637.89
184.55	594.14
184.62	587.52
184.70	612.28
184.78	659.24
184.85	764.27
184.93	887.15
185.00	1005.76
185.08	1126.08
185.15	1243.98
185.23	1362.62
185.30	1476.68
185.38	1583.38
185.45	1685.56
185.53	1797.30
185.60	1890.06
185.68	1997.35
185.75	2080.35
185.83	2137.56
185.90	2164.91
185.98	2135.37
186.05	2043.27
186.13	1926.82
186.20	1787.68
186.28	1670.32
186.35	1639.90
186.43	1696.61
186.50	1840.93
186.58	2053.80
186.65	2281.80
186.73	2504.10
186.80	2700.01
186.88	2870.46
186.95	3038.03
187.03	3194.08
187.10	3324.90
187.18	3484.59
187.25	3634.36
187.33	3794.32
187.40	3974.50
187.48	4149.51
187.55	4299.15
187.63	4427.85
187.70	4489.24
187.78	4496.78
187.85	4468.74
187.93	4335.40
188.00	4114.36
188.08	3850.96
188.15	3609.68
188.23	3454.32
188.30	3441.69
188.38	3570.54
188.45	3803.11
188.53	4059.14
188.60	4295.34
188.68	4504.19
188.75	4700.74
188.83	4925.42
188.90	5146.44
188.98	5372.24
189.05	5613.47
189.13	5841.55
189.20	6050.42
189.28	6272.06
189.35	6472.20
189.43	6657.11
189.50	6813.67
189.58	6877.30
189.65	6839.13
189.73	6728.92
189.80	6535.22
189.87	6285.19
189.95	6003.46
190.02	5670.82
190.10	5316.11
190.17	5028.80
190.25	4877.92
190.32	4900.98
190.40	5102.59
190.47	5448.86
190.55	5842.80
190.62	6227.46
190.70	6558.04
190.77	6866.72
190.85	7141.06
190.92	7357.86
191.00	7524.68
191.07	7660.15
191.15	7716.38
191.22	7734.30
191.29	7728.02
191.37	7690.72
191.44	7666.44
191.52	7705.00
191.59	7756.88
191.67	7801.12
191.74	7819.43
191.82	7801.06
191.89	7772.26
191.97	7769.15
192.04	7797.95
192.12	7832.39
192.19	7819.18
192.27	7716.96
192.34	7568.75
192.41	7458.14
192.49	7429.17
192.56	7510.64
192.64	7687.58
192.71	7896.00
192.79	8036.94
192.86	8089.50
192.94	8014.98
193.01	7903.22
193.09	7829.53
193.16	7873.62
193.23	8044.50
193.31	8338.62
193.38	8716.70
193.46	9067.49
193.53	9362.85
193.61	9602.66
193.68	9795.37
193.76	9901.64
193.83	9963.68
193.91	9972.24
193.98	9939.28
194.05	9874.03
194.13	9760.18
194.20	9594.80
194.28	9409.23
194.35	9216.36
194.43	9016.90
194.50	8791.84
194.58	8559.12
194.65	8378.91
194.72	8328.82
194.80	8452.25
194.87	8763.81
194.95	9224.57
195.02	9705.79
195.10	10112.38
195.17	10435.20
195.25	10685.18
195.32	10879.52
195.39	11044.62
195.47	11162.82
195.54	11204.98
195.62	11141.63
195.69	10913.44
195.77	10497.86
195.84	9949.98
195.91	9373.23
195.99	8938.96
196.06	8761.89
196.14	8859.01
196.21	9197.69
196.29	9690.78
196.36	10206.60
196.43	10660.57
196.51	11054.84
196.58	11365.54
196.66	11596.90
196.73	11772.78
196.81	11904.98
196.88	11981.66
196.95	12000.42
197.03	11914.75
197.10	11661.48
197.18	11251.61
197.25	10764.29
197.33	10280.56
197.40	9848.88
197.47	9555.76
197.55	9466.98
197.62	9524.56
197.70	9726.57
197.77	10089.52
197.84	10542.15
197.92	11017.97
197.99	11522.28
198.07	11992.75
198.14	12373.74
198.22	12700.89
198.29	12956.02
198.36	13135.74
198.44	13243.50
198.51	13257.63
198.59	13089.91
198.66	12736.67
198.73	12213.61
198.81	11579.52
198.88	10874.60
198.96	10254.72
199.03	9889.68
199.10	9852.96
199.18	10082.55
199.25	10564.36
199.33	11224.57
199.40	11881.42
199.48	12403.11
199.55	12809.73
199.62	13138.84
199.70	13441.31
199.77	13736.14
199.85	14044.50
199.92	14297.06
199.99	14449.36
200.07	14411.55
200.14	14119.12
200.22	13493.77
200.29	12606.52
200.36	11702.11
200.44	10977.63
200.51	10568.48
200.59	10546.08
200.66	10885.84
200.73	11383.56
200.81	11904.28
200.88	12394.92
200.95	12909.01
201.03	13420.42
201.10	13923.11
201.18	14379.08
201.25	14776.60
201.32	15061.90
201.40	15273.04
201.47	15404.49
201.55	15403.46
201.62	15196.40
201.69	14740.64
201.77	14133.78
201.84	13478.60
201.92	12786.34
201.99	12126.28
202.06	11696.48
202.14	11555.34
202.21	11656.20
202.28	12039.20
202.36	12688.48
202.43	13453.35
202.51	14152.89
202.58	14723.04
202.65	15183.94
202.73	15591.87
202.80	15978.38
202.87	16359.60
202.95	16733.42
203.02	17028.85
203.10	17166.77
203.17	17114.57
203.24	16781.15
203.32	16042.68
203.39	14931.41
203.46	13747.64
203.54	12763.34
203.61	12177.51
203.69	12104.63
203.76	12563.40
203.83	13306.00
203.91	14071.77
203.98	14787.70
204.05	15464.56
204.13	16114.92
204.20	16715.75
204.28	17257.87
204.35	17682.10
204.42	17998.68
204.50	18204.53
204.57	18307.98
204.64	18313.74
204.72	18181.88
204.79	17776.51
204.86	17059.26
204.94	16194.19
205.01	15303.50
205.09	14441.10
205.16	13779.22
205.23	13499.28
205.31	13569.34
205.38	13917.46
205.45	14546.82
205.53	15398.19
205.60	16315.50
205.67	17158.71
205.75	17858.79
205.82	18411.89
205.89	18846.35
205.97	19226.90
206.04	19572.34
206.12	19919.84
206.19	20245.32
206.26	20474.36
206.34	20511.85
206.41	20284.66
206.48	19652.84
206.56	18553.47
206.63	17168.79
206.70	15796.00
206.78	14738.06
206.85	14238.71
206.92	14425.26
207.00	15141.40
207.07	16110.17
207.14	17102.60
207.22	17996.92
207.29	18789.40
207.36	19490.77
207.44	20132.06
207.51	20710.85
207.58	21245.93
207.66	21699.95
207.73	22097.17
207.80	22376.63
207.88	22501.22
207.95	22430.06
208.02	22124.04
208.10	21430.31
208.17	20329.99
208.25	19047.08
208.32	17861.62
208.39	16930.17
208.47	16468.99
208.54	16537.40
208.61	16991.89
208.69	17593.56
208.76	18279.70
208.83	19010.26
208.90	19785.26
208.98	20566.14
209.05	21305.10
209.12	21979.31
209.20	22561.94
209.27	23061.38
209.34	23487.66
209.42	23868.06
209.49	24156.18
209.56	24324.49
209.64	24354.84
209.71	24109.38
209.78	23476.52
209.86	22507.23
209.93	21392.96
210.00	20184.32
210.08	19110.88
210.15	18468.85
210.22	18340.60
210.30	18610.92
210.37	19238.37
210.44	20088.62
210.52	20994.71
210.59	21845.23
210.66	22581.21
210.74	23210.61
210.81	23774.18
210.88	24294.70
210.96	24772.80
211.03	25233.82
211.10	25683.19
211.17	26083.56
211.25	26342.88
211.32	26408.78
211.39	26236.94
211.47	25734.10
211.54	24758.02
211.61	23435.32
211.69	22160.74
211.76	21205.46
211.83	20716.26
211.91	20855.96
211.98	21507.80
212.05	22331.40
212.12	23081.59
212.20	23721.64
212.27	24244.39
212.34	24677.36
212.42	25055.87
212.49	25428.57
212.56	25797.94
212.64	26203.63
212.71	26647.00
212.78	27097.45
212.85	27481.39
212.93	27758.98
213.00	27876.07
213.07	27816.81
213.15	27429.73
213.22	26734.02
213.29	25905.18
213.37	25072.55
213.44	24318.88
213.51	23879.97
213.58	23847.78
213.66	24104.44
213.73	24549.54
213.80	25127.15
213.88	25720.82
213.95	26197.56
214.02	26543.10
214.09	26827.63
214.17	27107.15
214.24	27440.09
214.31	27857.66
214.39	28343.88
214.46	28810.18
214.53	29204.97
214.60	29492.77
214.68	29699.08
214.75	29789.46
214.82	29733.32
214.90	29478.70
214.97	28926.69
215.04	28034.26
215.11	27047.58
215.19	26262.56
215.26	25843.19
215.33	25873.54
215.41	26388.96
215.48	27147.53
215.55	27870.25
215.62	28437.49
215.70	28893.53
215.77	29282.98
215.84	29665.32
215.91	30033.56
215.99	30408.29
216.06	30760.04
216.13	31039.99
216.21	31210.01
216.28	31333.20
216.35	31430.68
216.42	31503.22
216.50	31524.18
216.57	31495.39
216.64	31285.06
216.71	30783.38
216.79	30089.40
216.86	29404.84
216.93	28842.85
217.01	28558.93
217.08	28645.95
217.15	29046.23
217.22	29588.61
217.30	30171.13
217.37	30738.08
217.44	31254.63
217.51	31698.99
217.59	32071.00
217.66	32371.98
217.73	32609.38
217.80	32812.59
217.88	32964.04
217.95	33091.70
218.02	33206.62
218.09	33318.26
218.17	33455.20
218.24	33590.60
218.31	33690.45
218.38	33708.78
218.46	33563.15
218.53	33132.34
218.60	32504.54
218.67	31823.20
218.75	31256.66
218.82	30950.30
218.89	31020.94
218.96	31411.09
219.04	31970.24
219.11	32548.04
219.18	33052.92
219.25	33457.56
219.33	33788.04
219.40	34088.57
219.47	34367.28
219.54	34616.85
219.62	34858.28
219.69	35083.65
219.76	35292.28
219.83	35478.98
219.91	35671.99
219.98	35847.80
220.05	35971.04
220.12	36010.32
220.20	35950.91
220.27	35752.71
220.34	35364.28
220.41	34831.02
220.49	34297.05
220.56	33904.60
220.63	33732.06
220.70	33828.73
220.78	34163.77
220.85	34578.90
220.92	34946.54
220.99	35248.45
221.06	35503.21
221.14	35723.48
221.21	35942.20
221.28	36184.58
221.35	36427.50
221.43	36671.46
221.50	36895.65
221.57	37106.58
221.64	37294.72
221.72	37456.02
221.79	37576.93
221.86	37669.56
221.93	37715.20
222.00	37713.47
222.08	37656.55
222.15	37495.20
222.22	37273.50
222.29	37055.42
222.37	36892.38
222.44	36792.81
222.51	36812.72
222.58	36911.22
222.65	37051.27
222.73	37180.54
222.80	37305.78
222.87	37460.18
222.94	37633.44
223.02	37802.18
223.09	37987.02
223.16	38188.79
223.23	38380.46
223.30	38592.33
223.38	38808.30
223.45	39002.25
223.52	39177.58
223.59	39324.42
223.66	39396.03
223.74	39423.29
223.81	39408.86
223.88	39372.49
223.95	39333.82
224.03	39287.37
224.10	39229.90
224.17	39194.74
224.24	39172.64
224.31	39151.86
224.39	39184.74
224.46	39275.08
224.53	39382.09
224.60	39510.87
224.67	39649.66
224.75	39798.97
224.82	39941.12
224.89	40108.72
224.96	40275.03
225.03	40445.28
225.11	40604.51
225.18	40757.25
225.25	40881.50
225.32	40982.04
225.39	41064.28
225.47	41123.10
225.54	41142.94
225.61	41099.02
225.68	41026.59
225.75	40958.36
225.83	40922.62
225.90	40938.72
225.97	41020.15
226.04	41146.19
226.11	41276.87
226.19	41396.48
226.26	41516.41
226.33	41649.06
226.40	41776.16
226.47	41911.14
226.54	42046.34
226.62	42171.82
226.69	42289.95
226.76	42407.91
226.83	42513.76
226.90	42614.42
226.98	42675.22
227.05	42727.65
227.12	42784.90
227.19	42816.96
227.26	42847.22
227.34	42910.74
227.41	42958.34
227.48	42973.22
227.55	42973.32
227.62	42948.97
227.69	42945.20
227.77	42973.93
227.84	43041.15
227.91	43153.34
227.98	43292.10
228.05	43400.40
228.12	43493.45
228.20	43588.12
228.27	43692.98
228.34	43795.96
228.41	43918.65
228.48	44042.04
228.56	44153.56
228.63	44250.06
228.70	44338.94
228.77	44419.26
228.84	44510.82
228.91	44601.24
228.99	44715.81
229.06	44845.32
229.13	44964.64
229.20	45059.70
229.27	45149.40
229.34	45203.20
229.42	45232.66
229.49	45268.17
229.56	45292.04
229.63	45308.79
229.70	45327.36
229.77	45361.04
229.85	45394.28
229.92	45449.67
229.99	45515.94
230.06	45595.48
230.13	45697.31
230.20	45810.28
230.27	45927.68
230.35	46057.19
230.42	46182.40
230.49	46288.03
230.56	46380.08
230.63	46478.00
230.70	46544.11
230.78	46595.70
230.85	46645.62
230.92	46711.52
230.99	46771.78
231.06	46869.08
231.13	46997.03
231.20	47122.30
231.28	47239.43
231.35	47351.02
231.42	47430.26
231.49	47501.57
231.56	47575.38
231.63	47641.18
231.71	47700.14
231.78	47759.01
231.85	47807.02
231.92	47851.63
231.99	47913.70
232.06	47994.82
232.13	48091.28
232.21	48183.28
232.28	48272.65
232.35	48339.46
232.42	48404.30
232.49	48478.17
232.56	48577.65
232.63	48670.58
232.71	48765.52
232.78	48847.45
232.85	48925.60
232.92	48989.86
232.99	49069.06
233.06	49157.56
233.13	49235.96
233.20	49299.05
233.28	49350.59
233.35	49398.87
233.42	49449.57
233.49	49521.69
233.56	49603.68
233.63	49689.34
233.70	49775.57
233.78	49863.23
233.85	49959.37
233.92	50052.58
233.99	50133.28
234.06	50220.18
234.13	50315.66
234.20	50384.84
234.27	50446.26
234.35	50507.98
234.42	50558.95
234.49	50599.97
234.56	50644.40
234.63	50691.20
234.70	50744.90
234.77	50792.56
234.84	50830.40
234.92	50876.09
234.99	50933.82
235.06	51002.94
235.13	51074.66
235.20	51161.17
235.27	51237.09
235.34	51326.72
235.41	51402.79
235.48	51482.75
235.56	51556.12
235.63	51627.89
235.70	51670.44
235.77	51710.80
235.84	51741.44
235.91	51763.98
235.98	51788.68
236.05	51816.77
236.12	51856.20
236.20	51885.56
236.27	51925.25
236.34	51973.44
236.41	52018.18
236.48	52058.89
236.55	52112.23
236.62	52156.01
236.69	52207.80
236.76	52271.71
236.84	52337.51
236.91	52397.54
236.98	52465.81
237.05	52512.04
237.12	52548.14
237.19	52572.22
237.26	52616.94
237.33	52658.27
237.40	52700.44
237.47	52740.48
237.55	52789.60
237.62	52842.27
237.69	52898.54
237.76	52961.96
237.83	53027.96
237.90	53097.92
237.97	53146.14
238.04	53180.56
238.11	53208.88
238.18	53263.60
238.26	53291.31
238.33	53322.98
238.40	53358.57
238.47	53395.25
238.54	53399.02
238.61	53415.80
238.68	53428.47
238.75	53443.92
238.82	53482.50
238.89	53524.54
238.96	53577.10
239.04	53623.42
239.11	53674.02
239.18	53700.76
239.25	53725.03
239.32	53737.58
239.39	53754.32
239.46	53749.04
239.53	53736.84
239.60	53723.64
239.67	53729.45
239.74	53740.98
239.81	53756.61
239.89	53790.62
239.96	53817.26
240.03	53844.07
240.10	53873.97
240.17	53905.36
240.24	53932.37
240.31	53973.88
240.38	54001.07
240.45	54044.34
240.52	54102.39
240.59	54143.19
240.66	54196.50
240.73	54248.62
240.80	54272.14
240.88	54283.41
240.95	54309.83
241.02	54315.40
241.09	54326.62
241.16	54346.33
241.23	54359.62
241.30	54350.51
241.37	54320.12
241.44	54298.21
241.51	54298.15
241.58	54306.73
241.65	54334.98
241.72	54382.02
241.79	54416.23
241.86	54418.70
241.94	54413.60
242.01	54396.41
242.08	54381.03
242.15	54381.16
242.22	54388.52
242.29	54394.52
242.36	54416.02
242.43	54417.84
242.50	54406.36
242.57	54389.62
242.64	54389.03
242.71	54374.39
242.78	54390.68
242.85	54394.37
242.92	54404.97
242.99	54405.06
243.06	54412.47
243.14	54411.95
243.21	54426.96
243.28	54431.06
243.35	54453.22
243.42	54470.52
243.49	54490.72
243.56	54492.19
243.63	54513.61
243.70	54513.50
243.77	54505.50
243.84	54492.48
243.91	54484.86
243.98	54461.40
244.05	54435.06
244.12	54420.97
244.19	54399.24
244.26	54380.06
244.33	54357.26
244.40	54342.40
244.47	54322.64
244.54	54310.36
244.62	54277.68
244.69	54248.26
244.76	54219.56
244.83	54214.58
244.90	54212.12
244.97	54230.00
245.04	54257.79
245.11	54285.70
245.18	54281.82
245.25	54283.29
245.32	54290.26
245.39	54295.96
245.46	54300.60
245.53	54303.10
245.60	54292.77
245.67	54283.84
245.74	54276.45
245.81	54258.62
245.88	54236.98
245.95	54233.84
246.02	54212.64
246.09	54164.76
246.16	54119.54
246.23	54083.10
246.30	54037.24
246.37	54020.68
246.44	54034.73
246.51	54052.32
246.58	54084.26
246.65	54107.00
246.72	54126.25
246.79	54127.42
246.87	54123.36
246.94	54111.85
247.01	54091.28
247.08	54049.85
247.15	53993.57
247.22	53925.45
247.29	53869.40
247.36	53827.45
247.43	53796.68
247.50	53781.22
247.57	53795.15
247.64	53811.24
247.71	53820.18
247.78	53823.84
247.85	53835.64
247.92	53847.02
247.99	53836.55
248.06	53818.93
248.13	53800.94
248.20	53788.82
248.27	53752.80
248.34	53731.30
248.41	53720.32
248.48	53719.66
248.55	53706.41
248.62	53715.00
248.69	53721.86
248.76	53712.93
248.83	53682.62
248.90	53653.24
248.97	53621.63
249.04	53565.23
249.11	53520.46
249.18	53499.86
249.25	53461.57
249.32	53402.68
249.39	53354.44
249.46	53298.38
249.53	53235.12
249.60	53180.85
249.67	53149.37
249.74	53136.21
249.81	53148.06
249.88	53162.74
249.95	53198.92
250.02	53242.95
250.09	53258.76
250.16	53260.80
250.23	53253.50
250.30	53241.56
250.37	53220.45
250.44	53220.12
250.51	53217.04
250.58	53219.94
250.65	53211.18
250.72	53182.14
250.79	53143.24
250.86	53103.41
250.93	53055.83
251.00	53008.66
251.07	52976.84
251.14	52945.77
251.21	52924.32
251.28	52898.46
251.35	52872.69
251.42	52840.59
251.49	52824.85
251.56	52795.58
251.63	52780.51
251.70	52772.27
251.77	52763.25
251.84	52733.31
251.91	52697.56
251.98	52639.42
252.05	52577.37
252.12	52516.76
252.18	52475.85
252.25	52444.92
252.32	52454.06
252.39	52462.93
252.46	52466.57
252.53	52451.81
252.60	52442.23
252.67	52411.76
252.74	52385.96
252.81	52352.68
252.88	52324.04
252.95	52280.84
253.02	52245.28
253.09	52205.71
253.16	52189.00
253.23	52170.04
253.30	52173.67
253.37	52163.65
253.44	52149.87
253.51	52102.94
253.58	52066.71
253.65	52041.12
253.72	52026.95
253.79	52000.72
253.86	52003.86
253.93	51992.60
254.00	51964.79
254.07	51929.32
254.14	51900.30
254.21	51859.70
254.28	51832.70
254.35	51800.06
254.41	51768.83
254.48	51745.00
254.55	51731.16
254.62	51705.14
254.69	51676.02
254.76	51641.86
254.83	51603.16
254.90	51566.28
254.97	51543.00
255.04	51533.71
255.11	51510.14
255.18	51468.92
255.25	51414.37
255.32	51358.22
255.39	51294.58
255.46	51246.31
255.53	51229.40
255.60	51223.54
255.67	51214.78
255.74	51201.72
255.81	51199.84
255.87	51193.86
255.94	51170.04
256.01	51158.44
256.08	51153.85
256.15	51134.82
256.22	51106.92
256.29	51103.78
256.36	51076.32
256.43	51053.37
256.50	51045.02
256.57	51040.11
256.64	51004.59
256.71	50980.41
256.78	50944.18
256.85	50901.42
256.92	50865.71
256.99	50850.04
257.05	50838.14
257.12	50814.74
257.19	50762.03
257.26	50691.90
257.33	50620.96
257.40	50548.79
257.47	50475.82
257.54	50452.80
257.61	50452.12
257.68	50454.19
257.75	50453.28
257.82	50479.21
257.89	50473.92
257.96	50451.83
258.03	50403.87
258.09	50336.86
258.16	50258.63
258.23	50174.54
258.30	50116.84
258.37	50078.42
258.44	50055.78
258.51	50038.69
258.58	50040.92
258.65	50022.51
258.72	50013.45
258.79	49988.30
258.86	49966.02
258.93	49935.96
258.99	49907.29
259.06	49851.86
259.13	49809.86
259.20	49757.30
259.27	49716.94
259.34	49679.62
259.41	49671.54
259.48	49673.93
259.55	49669.62
259.62	49650.59
259.69	49609.44
259.76	49552.74
259.82	49486.16
259.89	49443.00
259.96	49411.94
260.03	49388.83
260.10	49355.59
260.17	49312.60
260.24	49264.80
260.31	49208.67
260.38	49167.58
260.45	49156.35
260.52	49147.32
260.59	49113.49
260.65	49074.53
260.72	49042.80
260.79	49001.93
260.86	48968.26
260.93	48939.50
261.00	48897.61
261.07	48830.23
261.14	48749.71
261.21	48665.56
261.28	48589.43
261.34	48520.21
261.41	48461.15
261.48	48408.53
261.55	48377.79
261.62	48346.90
261.69	48332.84
261.76	48312.82
261.83	48301.47
261.90	48260.72
261.97	48217.05
262.03	48159.90
262.10	48115.29
262.17	48065.08
262.24	48064.73
262.31	48055.88
262.38	48048.63
262.45	48036.45
262.52	48022.74
262.59	47966.79
262.65	47922.85
262.72	47878.94
262.79	47837.42
262.86	47803.93
262.93	47772.05
263.00	47742.40
263.07	47704.64
263.14	47665.45
263.21	47637.55
263.27	47617.03
263.34	47591.90
263.41	47570.18
263.48	47536.92
263.55	47475.40
263.62	47388.69
263.69	47299.66
263.76	47225.23
263.82	47170.86
263.89	47133.12
263.96	47122.24
264.03	47106.68
264.10	47085.58
264.17	47021.99
264.24	46949.74
264.31	46874.02
264.38	46804.61
264.44	46727.70
264.51	46665.72
264.58	46619.74
264.65	46576.34
264.72	46524.17
264.79	46482.08
264.86	46467.75
264.92	46434.29
264.99	46401.65
265.06	46377.34
265.13	46344.42
265.20	46310.28
265.27	46267.93
265.34	46223.95
265.41	46185.88
265.47	46165.96
265.54	46137.82
265.61	46130.42
265.68	46127.38
265.75	46092.72
265.82	46030.27
265.89	45962.07
265.95	45881.60
266.02	45783.38
266.09	45714.67
266.16	45663.60
266.23	45624.22
266.30	45586.44
266.37	45548.83
266.44	45494.68
266.50	45452.07
266.57	45399.42
266.64	45339.14
266.71	45278.82
266.78	45224.76
266.85	45139.22
266.91	45071.64
266.98	45017.68
267.05	44973.74
267.12	44945.68
267.19	44943.04
267.26	44935.38
267.33	44926.03
267.39	44918.56
267.46	44895.16
267.53	44852.62
267.60	44811.71
267.67	44760.10
267.74	44716.62
267.81	44675.42
267.87	44643.20
267.94	44618.99
268.01	44596.60
268.08	44551.95
268.15	44499.16
268.22	44437.36
268.28	44342.72
268.35	44242.38
268.42	44151.51
268.49	44069.50
268.56	43998.62
268.63	43953.64
268.69	43931.60
268.76	43912.98
268.83	43910.42
268.90	43920.70
268.97	43921.00
269.04	43916.34
269.11	43897.88
269.17	43866.84
269.24	43820.84
269.31	43787.08
269.38	43746.95
269.45	43708.86
269.52	43691.03
269.58	43678.89
269.65	43634.71
269.72	43590.67
269.79	43554.76
269.86	43503.46
269.92	43442.18
269.99	43396.29
270.06	43335.77
270.13	43281.13
270.20	43226.18
270.27	43182.38
270.33	43152.60
270.40	43133.96
270.47	43110.79
270.54	43094.01
270.61	43076.62
270.68	43060.77
270.74	43042.94
270.81	43037.58
270.88	43014.98
270.95	42973.38
271.02	42916.47
271.08	42859.25
271.15	42777.98
271.22	42718.56
271.29	42674.65
271.36	42614.43
271.43	42565.42
271.49	42542.38
271.56	42506.88
271.63	42474.32
271.70	42458.65
271.77	42443.52
271.83	42414.91
271.90	42366.86
271.97	42328.71
272.04	42281.05
272.11	42245.08
272.17	42216.86
272.24	42205.08
272.31	42173.33
272.38	42162.84
272.45	42133.10
272.52	42098.04
272.58	42067.76
272.65	42059.80
272.72	42022.78
272.79	41996.02
272.86	41962.94
272.92	41937.96
272.99	41892.26
273.06	41853.08
273.13	41805.58
273.20	41750.12
273.26	41676.82
273.33	41607.14
273.40	41549.16
273.47	41505.72
273.54	41476.05
273.60	41460.10
273.67	41443.01
273.74	41448.74
273.81	41449.92
273.88	41473.75
273.94	41501.48
274.01	41543.90
274.08	41574.28
274.15	41583.36
274.21	41562.36
274.28	41525.52
274.35	41459.02
274.42	41367.78
274.49	41276.24
274.55	41198.26
274.62	41139.02
274.69	41080.11
274.76	41042.41
274.83	41016.79
274.89	40999.69
274.96	40959.74
275.03	40929.76
275.10	40896.10
275.17	40866.40
275.23	40817.39
275.30	40782.94
275.37	40766.08
275.44	40752.22
275.50	40730.16
275.57	40721.87
275.64	40686.78
275.71	40643.64
275.78	40610.15
275.84	40592.17
275.91	40561.72
275.98	40552.14
276.05	40544.32
276.11	40520.37
276.18	40466.40
276.25	40392.18
276.32	40318.60
276.39	40234.96
276.45	40147.45
276.52	40082.34
276.59	40042.53
276.66	40021.89
276.72	40023.17
276.79	40029.02
276.86	40026.70
276.93	40019.48
276.99	39983.89
277.06	39927.09
277.13	39880.48
277.20	39846.70
277.26	39818.14
277.33	39814.96
277.40	39825.52
277.47	39815.86
277.54	39792.06
277.60	39753.60
277.67	39693.98
277.74	39603.18
277.81	39510.86
277.87	39427.62
277.94	39359.98
278.01	39309.66
278.08	39275.40
278.14	39268.14
278.21	39274.70
278.28	39288.46
278.35	39309.44
278.41	39339.04
278.48	39366.76
278.55	39368.62
278.62	39357.20
278.68	39305.18
278.75	39230.36
278.82	39130.52
278.89	39032.84
278.95	38934.52
279.02	38875.50
279.09	38857.77
279.16	38876.66
279.22	38909.78
279.29	38950.38
279.36	38973.80
279.43	38956.91
279.49	38889.93
279.56	38777.35
279.63	38640.28
279.70	38505.10
279.76	38384.12
279.83	38304.67
279.90	38281.60
279.97	38274.12
280.03	38272.59
280.10	38282.64
280.17	38286.62
280.24	38277.18
280.30	38275.22
280.37	38263.83
280.44	38249.90
280.51	38222.78
280.57	38205.14
280.64	38182.65
280.71	38161.96
280.77	38126.88
280.84	38087.00
280.91	38020.33
280.98	37930.39
281.04	37836.10
281.11	37747.25
281.18	37651.28
281.25	37555.90
281.31	37468.13
281.38	37365.73
281.45	37269.55
281.52	37190.64
281.58	37117.60
281.65	37057.82
281.72	37015.59
281.78	36985.88
281.85	36959.81
281.92	36955.63
281.99	36952.19
282.05	36955.03
282.12	36957.16
282.19	36964.38
282.26	36968.82
282.32	36982.42
282.39	37002.96
282.46	36997.14
282.52	36988.29
282.59	36979.80
282.66	36979.01
282.73	36961.12
282.79	36951.70
282.86	36914.98
282.93	36836.78
282.99	36730.64
283.06	36602.50
283.13	36456.54
283.20	36319.71
283.26	36208.29
283.33	36114.99
283.40	36054.79
283.46	36025.06
283.53	36013.06
283.60	36011.80
283.67	36013.60
283.73	36030.02
283.80	36043.16
283.87	36061.10
283.93	36091.92
284.00	36107.02
284.07	36100.00
284.13	36099.34
284.20	36078.56
284.27	36035.24
284.34	36005.56
284.40	35980.96
284.47	35951.53
284.54	35931.26
284.60	35901.84
284.67	35857.10
284.74	35808.51
284.81	35751.16
284.87	35684.86
284.94	35612.88
285.01	35534.60
285.07	35436.34
285.14	35339.46
285.21	35259.55
285.27	35200.20
285.34	35171.31
285.41	35183.45
285.47	35201.22
285.54	35231.52
285.61	35262.54
285.68	35289.30
285.74	35298.05
285.81	35309.94
285.88	35316.83
285.94	35334.31
286.01	35356.42
286.08	35375.74
286.14	35400.68
286.21	35414.60
286.28	35420.21
286.34	35391.55
286.41	35334.55
286.48	35243.62
286.55	35121.92
286.61	34989.86
286.68	34872.36
286.75	34779.22
286.81	34694.38
286.88	34643.16
286.95	34590.68
287.01	34567.90
287.08	34568.09
287.15	34591.52
287.21	34605.37
287.28	34635.86
287.35	34646.72
287.41	34650.69
287.48	34649.82
287.55	34657.56
287.61	34666.42
287.68	34664.00
287.75	34657.99
287.81	34649.30
287.88	34649.18
287.95	34650.33
288.01	34650.87
288.08	34655.32
288.15	34642.78
288.21	34624.47
288.28	34589.06
288.35	34555.90
288.41	34510.56
288.48	34464.30
288.55	34384.86
288.61	34285.56
288.68	34189.31
288.75	34092.34
288.81	34007.42
288.88	33960.15
288.95	33955.82
289.01	33969.71
289.08	34000.82
289.15	34057.11
289.21	34131.38
289.28	34183.79
289.35	34244.19
289.41	34282.96
289.48	34306.79
289.55	34299.70
289.61	34281.40
289.68	34252.48
289.75	34223.95
289.81	34182.40
289.88	34136.33
289.95	34088.00
290.01	34022.32
290.08	33969.52
290.15	33924.73
290.21	33885.26
290.28	33867.82
290.35	33850.75
290.41	33821.36
290.48	33779.22
290.55	33715.68
290.61	33640.66
290.68	33580.30
290.74	33542.22
290.81	33535.10
290.88	33559.09
290.94	33610.77
291.01	33662.75
291.08	33712.54
291.14	33762.99
291.21	33808.27
291.28	33842.04
291.34	33881.98
291.41	33909.25
291.48	33911.36
291.54	33908.36
291.61	33887.99
291.68	33840.83
291.74	33779.62
291.81	33723.25
291.87	33679.66
291.94	33616.83
292.01	33559.83
292.07	33494.77
292.14	33419.91
292.21	33327.71
292.27	33266.12
292.34	33207.49
292.41	33178.54
292.47	33164.42
292.54	33165.03
292.60	33169.35
292.67	33206.14
292.74	33245.05
292.80	33301.64
292.87	33350.96
292.94	33410.90
293.00	33456.83
293.07	33506.95
293.13	33546.18
293.20	33592.82
293.27	33629.72
293.33	33648.13
293.40	33658.34
293.47	33645.66
293.53	33613.89
293.60	33555.78
293.66	33465.34
293.73	33348.49
293.80	33228.31
293.86	33108.40
293.93	33011.56
294.00	32955.67
294.06	32921.89
294.13	32904.09
294.19	32897.36
294.26	32896.12
294.33	32881.07
294.39	32857.18
294.46	32848.72
294.52	32847.46
294.59	32855.21
294.66	32896.72
294.72	32954.15
294.79	33010.78
294.86	33078.36
294.92	33142.40
294.99	33202.77
295.05	33270.82
295.12	33328.84
295.19	33382.18
295.25	33420.06
295.32	33444.00
295.38	33445.56
295.45	33445.51
295.52	33416.92
295.58	33362.26
295.65	33289.16
295.71	33199.64
295.78	33079.71
295.85	32955.27
295.91	32840.68
295.98	32717.79
296.04	32601.88
296.11	32514.96
296.18	32467.87
296.24	32449.78
296.31	32467.09
296.37	32518.18
296.44	32605.10
296.51	32683.51
296.57	32771.56
296.64	32867.92
296.70	32952.74
296.77	33001.11
296.84	33046.86
296.90	33089.06
296.97	33115.02
297.03	33156.28
297.10	33204.56
297.17	33248.82
297.23	33293.03
297.30	33331.31
297.36	33337.72
297.43	33333.74
297.50	33322.74
297.56	33278.76
297.63	33209.04
297.69	33110.86
297.76	32973.26
297.82	32811.33
297.89	32650.92
297.96	32504.06
298.02	32395.58
298.09	32326.69
298.15	32296.22
298.22	32287.64
298.29	32295.96
298.35	32318.79
298.42	32367.00
298.48	32419.43
298.55	32477.44
298.61	32554.62
298.68	32640.12
298.75	32707.56
298.81	32773.63
298.88	32841.53
298.94	32902.76
299.01	32950.72
299.08	33004.06
299.14	33053.72
299.21	33087.73
299.27	33108.66
299.34	33116.59
299.40	33122.50
299.47	33113.68
299.54	33096.77
299.60	33072.94
299.67	33037.46
299.73	32956.72
299.80	32824.84
299.86	32649.54
299.93	32438.04
299.99	32237.38
300.06	32067.70
300.13	31969.02
300.19	31936.86
300.26	31953.37
300.32	32001.02
300.39	32065.94
300.45	32149.48
300.52	32238.60
300.59	32331.98
300.65	32423.24
300.72	32517.34
300.78	32586.18
300.85	32648.50
300.91	32693.66
300.98	32727.57
301.04	32753.28
301.11	32777.50
301.18	32797.62
301.24	32822.24
301.31	32824.50
301.37	32829.68
301.44	32822.19
301.50	32810.17
301.57	32783.00
301.63	32762.93
301.70	32704.28
301.77	32608.89
301.83	32477.70
301.90	32326.25
301.96	32157.81
302.03	31992.04
302.09	31872.66
302.16	31768.62
302.22	31711.90
302.29	31680.19
302.36	31692.90
302.42	31706.88
302.49	31764.46
302.55	31818.97
302.62	31875.26
302.68	31936.05
302.75	31995.74
302.81	32037.46
302.88	32083.62
302.94	32122.59
303.01	32152.30
303.07	32180.15
303.14	32210.90
303.21	32224.30
303.27	32233.08
303.34	32244.00
303.40	32235.77
303.47	32214.47
303.53	32192.60
303.60	32176.79
303.66	32133.60
303.73	32098.06
303.79	32055.05
303.86	31985.99
303.92	31897.56
303.99	31778.30
304.05	31623.94
304.12	31454.47
304.19	31316.23
304.25	31183.10
304.32	31098.80
304.38	31059.92
304.45	31057.13
304.51	31058.09
304.58	31082.80
304.64	31121.20
304.71	31165.72
304.77	31192.46
304.84	31226.58
304.90	31265.13
304.97	31281.44
305.03	31293.03
305.10	31307.94
305.16	31311.18
305.23	31309.36
305.29	31306.22
305.36	31292.67
305.42	31283.22
305.49	31273.02
305.56	31238.93
305.62	31205.98
305.69	31168.15
305.75	31126.14
305.82	31044.06
305.88	30933.12
305.95	30792.13
306.01	30635.94
306.08	30469.82
306.14	30327.99
306.21	30214.54
306.27	30116.90
306.34	30030.30
306.40	29952.33
306.47	29898.74
306.53	29881.90
306.60	29889.68
306.66	29929.10
306.73	29964.30
306.79	29997.78
306.86	30018.74
306.92	30028.38
306.99	30034.77
307.05	30040.94
307.12	30049.05
307.18	30047.09
307.25	30042.37
307.31	30017.18
307.38	30001.04
307.44	29975.53
307.51	29947.65
307.57	29904.80
307.64	29874.53
307.70	29839.41
307.77	29795.81
307.83	29742.98
307.90	29705.86
307.96	29658.73
308.03	29596.83
308.09	29525.99
308.16	29459.85
308.22	29397.06
308.29	29322.14
308.35	29237.18
308.42	29160.96
308.48	29058.65
308.55	28949.04
308.61	28849.25
308.68	28777.40
308.74	28706.98
308.81	28678.24
308.87	28662.36
308.94	28664.63
309.00	28658.56
309.07	28663.34
309.13	28654.55
309.20	28656.88
309.26	28632.64
309.33	28611.52
309.39	28578.18
309.45	28550.04
309.52	28495.51
309.58	28457.34
309.65	28411.12
309.71	28362.00
309.78	28319.10
309.84	28267.48
309.91	28212.91
309.97	28160.75
310.04	28120.46
310.10	28060.83
310.17	28016.15
310.23	27961.34
310.30	27911.39
310.36	27851.46
310.43	27793.54
310.49	27719.27
310.56	27643.14
310.62	27556.33
310.69	27473.93
310.75	27395.70
310.81	27338.24
310.88	27296.36
310.94	27262.84
311.01	27225.04
311.07	27198.08
311.14	27171.00
311.20	27137.29
311.27	27100.30
311.33	27083.88
311.40	27056.91
311.46	27030.46
311.53	26999.79
311.59	26983.89
311.66	26958.08
311.72	26922.67
311.78	26883.89
311.85	26854.76
311.91	26818.98
311.98	26772.93
312.04	26733.35
312.11	26696.32
312.17	26656.96
312.24	26614.00
312.30	26563.62
312.37	26512.49
312.43	26461.68
312.50	26399.75
312.56	26328.70
312.62	26266.46
312.69	26205.08
312.75	26128.56
312.82	26056.46
312.88	25985.19
312.95	25917.83
313.01	25849.98
313.08	25792.34
313.14	25746.54
313.20	25705.96
313.27	25654.36
313.33	25612.64
313.40	25585.38
313.46	25543.51
313.53	25508.85
313.59	25486.47
313.66	25457.48
313.72	25417.48
313.78	25382.73
313.85	25350.95
313.91	25313.56
313.98	25284.46
314.04	25255.59
314.11	25224.41
314.17	25181.60
314.24	25139.62
314.30	25093.48
314.36	25042.76
314.43	24999.50
314.49	24957.18
314.56	24908.79
314.62	24852.76
314.69	24802.30
314.75	24741.00
314.81	24681.37
314.88	24633.94
314.94	24593.96
315.01	24542.50
315.07	24498.12
315.14	24456.52
315.20	24411.35
315.27	24363.58
315.33	24330.34
315.39	24289.46
315.46	24251.40
315.52	24205.46
315.59	24160.32
315.65	24109.61
315.72	24064.90
315.78	24015.62
315.84	23981.30
315.91	23954.71
315.97	23927.86
316.04	23921.17
316.10	23908.93
316.16	23867.78
316.23	23800.68
316.29	23706.37
316.36	23570.88
316.42	23408.92
316.49	23238.12
316.55	23052.60
316.61	22866.64
316.68	22660.18
316.74	22468.88
316.81	22263.86
316.87	22065.43
316.93	21858.23
317.00	21658.75
317.06	21451.37
317.13	21245.76
317.19	21032.93
317.26	20827.31
317.32	20619.43
317.38	20413.84
317.45	20216.63
317.51	20022.77
317.58	19820.52
317.64	19625.10
317.70	19426.98
317.77	19228.74
317.83	19029.58
317.90	18841.66
317.96	18645.74
318.02	18450.57
318.09	18267.31
318.15	18072.37
318.22	17872.42
318.28	17679.00
318.34	17480.22
318.41	17267.47
318.47	17063.80
318.54	16873.50
318.60	16679.98
318.66	16494.00
318.73	16307.03
318.79	16131.96
318.86	15945.35
318.92	15766.54
318.98	15594.18
319.05	15416.81
319.11	15234.30
319.18	15056.61
319.24	14881.38
319.30	14685.44
319.37	14516.16
319.43	14345.12
319.50	14173.27
319.56	13996.72
319.62	13831.00
319.69	13657.42
319.75	13486.62
319.82	13312.61
319.88	13140.30
319.94	12971.62
320.01	12808.29
320.07	12637.04
320.13	12470.22
320.20	12299.10
320.26	12132.61
320.33	11957.22
320.39	11790.62
320.45	11625.94
320.52	11467.04
320.58	11301.27
320.65	11139.22
320.71	10974.31
320.77	10814.24
320.84	10649.41
320.90	10490.73
320.96	10329.20
321.03	10160.43
321.09	9986.92
321.16	9822.22
321.22	9648.15
321.28	9481.83
321.35	9329.42
321.41	9173.18
321.47	9016.87
321.54	8869.07
321.60	8710.54
321.67	8548.89
321.73	8394.66
321.79	8233.02
321.86	8074.60
321.92	7915.18
321.98	7746.94
322.05	7572.08
322.11	7399.24
322.18	7221.10
322.24	7051.16
322.30	6887.24
322.37	6733.64
322.43	6575.94
322.49	6424.67
322.56	6262.68
322.62	6109.23
322.68	5942.50
322.75	5787.86
322.81	5621.06
322.88	5463.76
322.94	5303.33
323.00	5145.34
323.07	4990.24
323.13	4841.70
323.19	4693.74
323.26	4549.00
323.32	4410.30
323.38	4262.04
323.45	4058.70
323.51	3471.74
323.57	2662.33
323.64	1817.61
323.70	1007.90
323.76	283.80
323.83	-27.35
323.89	-89.71
323.96	-89.31
