180.25	3509.87
180.33	-131.34
180.40	654.33
180.48	-33.39
180.56	8.01
180.63	42.09
180.71	81.98
180.78	80.86
180.86	81.30
180.93	86.87
181.01	88.86
181.08	88.18
181.16	87.32
181.23	88.90
181.31	88.04
181.39	110.78
181.46	119.42
181.54	130.01
181.61	145.29
181.69	153.46
181.76	146.38
181.84	140.82
181.91	141.76
181.99	143.24
182.06	143.94
182.14	150.44
182.22	155.88
182.29	167.18
182.37	170.88
182.44	183.68
182.52	181.62
182.59	199.25
182.67	207.02
182.74	212.50
182.82	216.25
182.89	226.03
182.97	224.75
183.04	234.49
183.12	243.22
183.20	263.09
183.27	273.68
183.35	302.86
183.42	324.64
183.50	365.20
183.57	389.35
183.65	436.32
183.72	478.76
183.80	532.22
183.87	577.13
183.95	621.91
184.02	669.36
184.10	700.60
184.17	719.06
184.25	719.56
184.32	712.72
184.40	685.30
184.47	638.13
184.55	595.54
184.62	589.95
184.70	614.50
184.78	660.90
184.85	765.01
184.93	887.12
185.00	1003.43
185.08	1122.07
185.15	1239.59
185.23	1356.72
185.30	1468.57
185.38	1575.50
185.45	1677.95
185.53	1787.56
185.60	1881.34
185.68	1988.75
185.75	2068.39
185.83	2126.72
185.90	2152.21
185.98	2120.96
186.05	2031.13
186.13	1920.92
186.20	1783.87
186.28	1670.55
186.35	1644.32
186.43	1701.96
186.50	1846.89
186.58	2059.21
186.65	2289.16
186.73	2512.70
186.80	2708.26
186.88	2875.54
186.95	3041.06
187.03	3189.67
187.10	3319.22
187.18	3475.70
187.25	3627.52
187.33	3785.66
187.40	3971.06
187.48	4143.60
187.55	4293.47
187.63	4417.86
187.70	4477.25
187.78	4480.36
187.85	4449.73
187.93	4318.66
188.00	4104.24
188.08	3846.92
188.15	3612.14
188.23	3462.96
188.30	3452.78
188.38	3581.50
188.45	3818.00
188.53	4075.88
188.60	4307.82
188.68	4509.99
188.75	4707.91
188.83	4929.00
188.90	5145.86
188.98	5370.77
189.05	5617.05
189.13	5844.98
189.20	6055.54
189.28	6270.36
189.35	6476.55
189.43	6660.92
189.50	6816.47
189.58	6877.34
189.65	6849.12
189.73	6736.08
189.80	6542.44
189.87	6288.66
189.95	6009.83
190.02	5673.44
190.10	5316.90
190.17	5029.38
190.25	4879.76
190.32	4902.46
190.40	5106.38
190.47	5456.35
190.55	5859.21
190.62	6247.24
190.70	6582.90
190.77	6891.15
190.85	7165.51
190.92	7375.32
191.00	7539.10
191.07	7665.79
191.15	7725.88
191.22	7741.40
191.29	7732.91
191.37	7695.42
191.44	7679.45
191.52	7716.90
191.59	7769.91
191.67	7814.48
191.74	7836.13
191.82	7813.42
191.89	7785.14
191.97	7789.14
192.04	7821.77
192.12	7860.35
192.19	7843.24
192.27	7738.03
192.34	7584.54
192.41	7472.00
192.49	7436.35
192.56	7525.21
192.64	7705.48
192.71	7913.07
192.79	8057.98
192.86	8106.95
192.94	8032.07
193.01	7915.98
193.09	7847.00
193.16	7892.60
193.23	8068.74
193.31	8362.86
193.38	8743.00
193.46	9091.08
193.53	9381.62
193.61	9618.87
193.68	9810.16
193.76	9920.78
193.83	9989.52
193.91	9999.57
193.98	9966.65
194.05	9889.88
194.13	9768.45
194.20	9598.43
194.28	9418.26
194.35	9232.32
194.43	9042.10
194.50	8816.48
194.58	8581.01
194.65	8391.76
194.72	8343.86
194.80	8467.86
194.87	8782.58
194.95	9245.65
195.02	9735.52
195.10	10139.19
195.17	10462.16
195.25	10714.47
195.32	10906.53
195.39	11059.38
195.47	11172.42
195.54	11215.34
195.62	11149.88
195.69	10923.50
195.77	10507.44
195.84	9956.76
195.91	9377.47
195.99	8950.14
196.06	8774.12
196.14	8881.87
196.21	9220.32
196.29	9711.26
196.36	10219.88
196.43	10673.88
196.51	11068.52
196.58	11384.26
196.66	11619.74
196.73	11798.00
196.81	11927.36
196.88	12002.70
196.95	12026.56
197.03	11939.60
197.10	11681.31
197.18	11269.16
197.25	10777.02
197.33	10286.34
197.40	9852.87
197.47	9559.18
197.55	9468.99
197.62	9527.98
197.70	9732.62
197.77	10100.04
197.84	10556.76
197.92	11040.58
197.99	11552.04
198.07	12023.44
198.14	12408.94
198.22	12746.06
198.29	12994.76
198.36	13169.32
198.44	13287.38
198.51	13289.39
198.59	13114.85
198.66	12759.19
198.73	12231.48
198.81	11583.10
198.88	10879.76
198.96	10256.54
199.03	9899.14
199.10	9866.43
199.18	10092.95
199.25	10582.16
199.33	11245.14
199.40	11899.46
199.48	12422.69
199.55	12841.52
199.62	13171.45
199.70	13476.19
199.77	13777.09
199.85	14081.42
199.92	14327.91
199.99	14481.72
200.07	14432.78
200.14	14127.06
200.22	13492.42
200.29	12602.01
200.36	11690.62
200.44	10971.58
200.51	10572.04
200.59	10567.08
200.66	10908.75
200.73	11408.09
200.81	11927.96
200.88	12416.40
200.95	12926.05
201.03	13445.54
201.10	13947.11
201.18	14402.07
201.25	14794.89
201.32	15085.10
201.40	15294.32
201.47	15424.47
201.55	15425.62
201.62	15221.46
201.69	14754.54
201.77	14138.90
201.84	13475.06
201.92	12776.82
201.99	12112.00
202.06	11694.01
202.14	11552.30
202.21	11661.54
202.28	12054.10
202.36	12717.20
202.43	13476.38
202.51	14184.81
202.58	14758.90
202.65	15218.30
202.73	15625.28
202.80	16005.11
202.87	16382.42
202.95	16764.43
203.02	17065.48
203.10	17193.30
203.17	17150.80
203.24	16815.28
203.32	16062.57
203.39	14930.36
203.46	13744.70
203.54	12754.63
203.61	12166.90
203.69	12104.04
203.76	12573.26
203.83	13317.53
203.91	14080.29
203.98	14799.86
204.05	15473.54
204.13	16129.74
204.20	16725.42
204.28	17277.97
204.35	17706.66
204.42	18021.28
204.50	18222.46
204.57	18333.71
204.64	18334.78
204.72	18199.34
204.79	17788.51
204.86	17067.98
204.94	16206.10
205.01	15312.46
205.09	14445.84
205.16	13787.00
205.23	13511.60
205.31	13581.27
205.38	13925.66
205.45	14561.27
205.53	15421.58
205.60	16346.77
205.67	17189.45
205.75	17898.29
205.82	18446.24
205.89	18878.12
205.97	19249.18
206.04	19601.10
206.12	19952.54
206.19	20285.18
206.26	20515.13
206.34	20559.84
206.41	20312.90
206.48	19665.24
206.56	18552.48
206.63	17156.55
206.70	15774.22
206.78	14729.28
206.85	14244.72
206.92	14433.87
207.00	15158.71
207.07	16137.22
207.14	17126.40
207.22	18018.20
207.29	18815.24
207.36	19516.96
207.44	20161.62
207.51	20744.68
207.58	21278.34
207.66	21729.65
207.73	22121.19
207.80	22394.74
207.88	22512.65
207.95	22446.32
208.02	22138.53
208.10	21434.35
208.17	20315.88
208.25	19029.86
208.32	17829.99
208.39	16901.88
208.47	16452.36
208.54	16545.98
208.61	17007.75
208.69	17624.96
208.76	18312.60
208.83	19043.30
208.90	19818.07
208.98	20602.66
209.05	21347.17
209.12	22018.32
209.20	22612.52
209.27	23111.86
209.34	23539.79
209.42	23917.30
209.49	24216.07
209.56	24378.27
209.64	24399.38
209.71	24149.31
209.78	23505.50
209.86	22528.52
209.93	21406.94
210.00	20189.33
210.08	19108.62
210.15	18462.58
210.22	18338.53
210.30	18621.03
210.37	19262.18
210.44	20126.50
210.52	21043.83
210.59	21893.49
210.66	22622.20
210.74	23261.16
210.81	23823.54
210.88	24345.80
210.96	24823.82
211.03	25293.04
211.10	25734.33
211.17	26128.76
211.25	26375.76
211.32	26441.52
211.39	26259.65
211.47	25740.11
211.54	24741.97
211.61	23414.50
211.69	22139.34
211.76	21184.08
211.83	20709.06
211.91	20869.95
211.98	21533.19
212.05	22355.64
212.12	23110.11
212.20	23746.42
212.27	24269.70
212.34	24703.42
212.42	25085.95
212.49	25450.53
212.56	25825.64
212.64	26228.99
212.71	26680.67
212.78	27132.29
212.85	27531.61
212.93	27803.60
213.00	27929.92
213.07	27851.86
213.15	27451.05
213.22	26737.96
213.29	25901.20
213.37	25054.81
213.44	24305.05
213.51	23873.48
213.58	23856.82
213.66	24128.60
213.73	24580.86
213.80	25170.68
213.88	25762.89
213.95	26233.45
214.02	26576.26
214.09	26856.64
214.17	27120.16
214.24	27447.24
214.31	27861.34
214.39	28345.68
214.46	28826.42
214.53	29221.21
214.60	29518.25
214.68	29727.26
214.75	29813.50
214.82	29755.12
214.90	29504.36
214.97	28932.78
215.04	28029.33
215.11	27044.86
215.19	26253.54
215.26	25836.23
215.33	25888.38
215.41	26419.00
215.48	27180.24
215.55	27899.76
215.62	28466.08
215.70	28925.55
215.77	29311.49
215.84	29689.70
215.91	30058.17
215.99	30434.58
216.06	30788.38
216.13	31067.10
216.21	31238.40
216.28	31368.40
216.35	31475.60
216.42	31541.72
216.50	31566.18
216.57	31533.06
216.64	31311.76
216.71	30794.16
216.79	30090.43
216.86	29399.52
216.93	28842.69
217.01	28566.85
217.08	28670.67
217.15	29079.24
217.22	29623.86
217.30	30209.89
217.37	30764.10
217.44	31276.09
217.51	31723.22
217.59	32093.32
217.66	32384.63
217.73	32638.86
217.80	32836.38
217.88	32976.47
217.95	33105.96
218.02	33221.36
218.09	33329.90
218.17	33467.13
218.24	33625.95
218.31	33734.48
218.38	33753.95
218.46	33606.37
218.53	33168.66
218.60	32526.46
218.67	31839.68
218.75	31280.72
218.82	30970.93
218.89	31040.59
218.96	31429.55
219.04	31976.96
219.11	32557.75
219.18	33067.38
219.25	33483.40
219.33	33826.78
219.40	34138.00
219.47	34406.34
219.54	34661.52
219.62	34888.04
219.69	35101.53
219.76	35311.72
219.83	35498.68
219.91	35679.58
219.98	35865.24
220.05	35989.97
220.12	36021.11
220.20	35964.76
220.27	35768.33
220.34	35374.26
220.41	34846.11
220.49	34323.22
220.56	33938.64
220.63	33759.64
220.70	33860.44
220.78	34179.66
220.85	34578.01
220.92	34935.28
220.99	35241.76
221.06	35487.32
221.14	35711.77
221.21	35936.82
221.28	36185.12
221.35	36432.27
221.43	36682.61
221.50	36915.99
221.57	37137.74
221.64	37329.86
221.72	37500.97
221.79	37639.77
221.86	37723.38
221.93	37757.78
222.00	37758.64
222.08	37698.99
222.15	37521.96
222.22	37307.53
222.29	37100.46
222.37	36924.26
222.44	36826.60
222.51	36853.20
222.58	36950.04
222.65	37074.62
222.73	37195.08
222.80	37320.16
222.87	37478.49
222.94	37646.70
223.02	37831.04
223.09	38029.74
223.16	38228.14
223.23	38415.34
223.30	38630.67
223.38	38850.41
223.45	39038.80
223.52	39212.53
223.59	39365.86
223.66	39444.97
223.74	39461.56
223.81	39458.10
223.88	39427.72
223.95	39381.62
224.03	39330.93
224.10	39278.46
224.17	39233.83
224.24	39195.84
224.31	39176.45
224.39	39221.56
224.46	39317.38
224.53	39438.75
224.60	39569.55
224.67	39716.14
224.75	39852.64
224.82	39987.04
224.89	40136.91
224.96	40313.06
225.03	40467.86
225.11	40619.56
225.18	40772.47
225.25	40911.43
225.32	41009.56
225.39	41098.31
225.47	41164.42
225.54	41180.13
225.61	41133.42
225.68	41058.94
225.75	40995.62
225.83	40961.35
225.90	40969.21
225.97	41042.54
226.04	41172.69
226.11	41303.14
226.19	41434.53
226.26	41569.30
226.33	41706.81
226.40	41834.04
226.47	41970.52
226.54	42093.96
226.62	42225.46
226.69	42340.75
226.76	42450.79
226.83	42559.31
226.90	42665.75
226.98	42732.63
227.05	42794.80
227.12	42856.75
227.19	42886.85
227.26	42930.52
227.34	42990.24
227.41	43039.02
227.48	43061.38
227.55	43055.56
227.62	43022.46
227.69	43014.38
227.77	43044.50
227.84	43107.42
227.91	43215.02
227.98	43337.48
228.05	43449.91
228.12	43542.02
228.20	43634.45
228.27	43740.01
228.34	43853.54
228.41	43960.78
228.48	44083.66
228.56	44195.97
228.63	44298.55
228.70	44387.28
228.77	44473.93
228.84	44556.75
228.91	44651.84
228.99	44757.14
229.06	44882.48
229.13	45003.39
229.20	45112.91
229.27	45204.94
229.34	45275.48
229.42	45312.48
229.49	45342.60
229.56	45358.62
229.63	45374.34
229.70	45384.33
229.77	45406.29
229.85	45446.48
229.92	45503.26
229.99	45576.74
230.06	45664.82
230.13	45779.78
230.20	45893.40
230.27	46017.66
230.35	46131.56
230.42	46253.52
230.49	46351.89
230.56	46444.73
230.63	46530.61
230.70	46599.26
230.78	46655.13
230.85	46714.84
230.92	46785.54
230.99	46852.75
231.06	46963.84
231.13	47084.58
231.20	47215.01
231.28	47331.93
231.35	47443.98
231.42	47523.42
231.49	47593.90
231.56	47649.79
231.63	47711.68
231.71	47765.62
231.78	47813.98
231.85	47866.67
231.92	47928.95
231.99	47986.48
232.06	48056.68
232.13	48153.60
232.21	48246.79
232.28	48331.62
232.35	48404.70
232.42	48488.73
232.49	48561.73
232.56	48654.23
232.63	48743.55
232.71	48845.34
232.78	48926.12
232.85	49006.94
232.92	49088.70
232.99	49172.46
233.06	49248.60
233.13	49327.71
233.20	49388.40
233.28	49430.66
233.35	49468.03
233.42	49519.40
233.49	49591.06
233.56	49676.26
233.63	49755.04
233.70	49853.00
233.78	49951.88
233.85	50052.10
233.92	50136.39
233.99	50231.47
234.06	50322.77
234.13	50406.30
234.20	50465.94
234.27	50532.94
234.35	50591.68
234.42	50641.08
234.49	50692.44
234.56	50733.45
234.63	50784.75
234.70	50829.16
234.77	50867.54
234.84	50894.72
234.92	50952.92
234.99	51014.74
235.06	51087.09
235.13	51167.64
235.20	51264.58
235.27	51334.88
235.34	51411.04
235.41	51494.80
235.48	51575.38
235.56	51642.36
235.63	51717.71
235.70	51771.43
235.77	51814.34
235.84	51840.48
235.91	51863.66
235.98	51884.35
236.05	51902.09
236.12	51925.58
236.20	51954.83
236.27	51994.84
236.34	52037.46
236.41	52091.44
236.48	52143.05
236.55	52194.02
236.62	52238.91
236.69	52291.47
236.76	52357.68
236.84	52424.25
236.91	52492.30
236.98	52566.35
237.05	52618.56
237.12	52650.78
237.19	52681.50
237.26	52729.02
237.33	52766.22
237.40	52812.36
237.47	52852.94
237.55	52891.12
237.62	52938.44
237.69	52992.30
237.76	53056.66
237.83	53121.72
237.90	53192.52
237.97	53240.00
238.04	53291.94
238.11	53330.88
238.18	53382.77
238.26	53413.80
238.33	53442.40
238.40	53466.22
238.47	53493.82
238.54	53502.45
238.61	53515.44
238.68	53524.30
238.75	53536.80
238.82	53565.14
238.89	53604.06
238.96	53660.67
239.04	53724.46
239.11	53781.77
239.18	53822.74
239.25	53837.38
239.32	53854.64
239.39	53854.87
239.46	53841.28
239.53	53824.38
239.60	53833.39
239.67	53841.72
239.74	53857.09
239.81	53880.58
239.89	53915.58
239.96	53943.56
240.03	53960.96
240.10	53989.98
240.17	54026.54
240.24	54045.63
240.31	54064.40
240.38	54093.86
240.45	54146.39
240.52	54194.03
240.59	54256.36
240.66	54322.33
240.73	54386.70
240.80	54399.50
240.88	54419.28
240.95	54432.63
241.02	54442.46
241.09	54433.68
241.16	54455.19
241.23	54469.29
241.30	54458.00
241.37	54428.01
241.44	54411.64
241.51	54399.18
241.58	54404.79
241.65	54436.46
241.72	54486.44
241.79	54519.13
241.86	54534.02
241.94	54531.28
242.01	54514.62
242.08	54492.97
242.15	54492.37
242.22	54497.18
242.29	54503.78
242.36	54519.43
242.43	54527.26
242.50	54517.66
242.57	54500.66
242.64	54496.84
242.71	54484.02
242.78	54487.80
242.85	54496.88
242.92	54511.32
242.99	54520.05
243.06	54530.80
243.14	54537.50
243.21	54552.34
243.28	54565.70
243.35	54577.52
243.42	54601.78
243.49	54624.34
243.56	54630.10
243.63	54645.73
243.70	54651.28
243.77	54639.75
243.84	54629.57
243.91	54616.84
243.98	54590.64
244.05	54566.30
244.12	54545.03
244.19	54513.67
244.26	54494.00
244.33	54479.75
244.40	54463.86
244.47	54451.86
244.54	54446.15
244.62	54411.36
244.69	54373.82
244.76	54341.42
244.83	54334.13
244.90	54341.97
244.97	54369.36
245.04	54395.55
245.11	54412.01
245.18	54397.06
245.25	54382.40
245.32	54383.51
245.39	54394.02
245.46	54400.11
245.53	54406.61
245.60	54393.49
245.67	54380.66
245.74	54365.65
245.81	54358.12
245.88	54344.94
245.95	54344.46
246.02	54320.95
246.09	54279.06
246.16	54231.84
246.23	54188.65
246.30	54149.96
246.37	54139.04
246.44	54157.99
246.51	54183.34
246.58	54218.06
246.65	54245.37
246.72	54267.26
246.79	54256.07
246.87	54241.62
246.94	54221.96
247.01	54200.62
247.08	54155.32
247.15	54112.94
247.22	54053.68
247.29	53994.92
247.36	53945.02
247.43	53907.16
247.50	53884.20
247.57	53883.78
247.64	53901.39
247.71	53920.23
247.78	53935.19
247.85	53958.19
247.92	53979.92
247.99	53983.93
248.06	53965.98
248.13	53947.42
248.20	53912.98
248.27	53875.12
248.34	53846.44
248.41	53834.46
248.48	53823.62
248.55	53815.88
248.62	53817.76
248.69	53822.54
248.76	53800.18
248.83	53779.21
248.90	53758.14
248.97	53721.10
249.04	53661.28
249.11	53629.10
249.18	53597.46
249.25	53560.41
249.32	53516.84
249.39	53470.66
249.46	53415.03
249.53	53362.00
249.60	53315.16
249.67	53277.39
249.74	53262.98
249.81	53272.12
249.88	53284.96
249.95	53311.43
250.02	53349.70
250.09	53371.89
250.16	53368.83
250.23	53364.30
250.30	53352.51
250.37	53331.77
250.44	53337.36
250.51	53347.24
250.58	53349.88
250.65	53341.03
250.72	53308.18
250.79	53250.73
250.86	53205.18
250.93	53146.55
251.00	53092.84
251.07	53061.44
251.14	53040.61
251.21	53006.18
251.28	52987.38
251.35	52971.91
251.42	52963.01
251.49	52950.22
251.56	52936.62
251.63	52913.42
251.70	52905.36
251.77	52877.06
251.84	52846.66
251.91	52801.70
251.98	52764.75
252.05	52719.40
252.12	52669.30
252.18	52622.72
252.25	52596.68
252.32	52594.08
252.39	52574.20
252.46	52573.86
252.53	52569.45
252.60	52559.32
252.67	52538.55
252.74	52524.37
252.81	52492.48
252.88	52460.77
252.95	52422.38
253.02	52376.78
253.09	52339.51
253.16	52318.24
253.23	52293.72
253.30	52286.69
253.37	52267.54
253.44	52240.35
253.51	52194.78
253.58	52163.25
253.65	52142.59
253.72	52138.54
253.79	52123.45
253.86	52131.92
253.93	52125.80
254.00	52100.46
254.07	52072.34
254.14	52045.68
254.21	52010.07
254.28	51979.08
254.35	51949.68
254.41	51908.40
254.48	51873.61
254.55	51848.40
254.62	51821.24
254.69	51778.17
254.76	51746.38
254.83	51709.29
254.90	51673.46
254.97	51656.74
255.04	51652.16
255.11	51630.42
255.18	51596.66
255.25	51541.05
255.32	51476.16
255.39	51413.30
255.46	51374.89
255.53	51349.72
255.60	51338.24
255.67	51325.70
255.74	51320.48
255.81	51306.84
255.87	51312.51
255.94	51301.85
256.01	51298.64
256.08	51280.77
256.15	51258.20
256.22	51225.94
256.29	51210.52
256.36	51179.18
256.43	51162.12
256.50	51153.54
256.57	51134.74
256.64	51118.24
256.71	51090.80
256.78	51062.68
256.85	51026.62
256.92	50992.64
256.99	50961.45
257.05	50949.10
257.12	50920.86
257.19	50868.60
257.26	50813.86
257.33	50747.06
257.40	50673.25
257.47	50610.04
257.54	50588.09
257.61	50572.78
257.68	50575.70
257.75	50577.12
257.82	50591.52
257.89	50586.02
257.96	50572.27
258.03	50523.60
258.09	50464.26
258.16	50377.58
258.23	50287.77
258.30	50218.11
258.37	50161.74
258.44	50126.04
258.51	50115.48
258.58	50115.77
258.65	50104.33
258.72	50112.78
258.79	50095.94
258.86	50069.94
258.93	50041.21
258.99	49998.58
259.06	49945.10
259.13	49904.62
259.20	49860.80
259.27	49813.25
259.34	49789.32
259.41	49769.71
259.48	49770.17
259.55	49761.74
259.62	49753.08
259.69	49711.39
259.76	49658.92
259.82	49591.35
259.89	49550.56
259.96	49511.58
260.03	49476.65
260.10	49441.02
260.17	49398.66
260.24	49335.67
260.31	49279.38
260.38	49244.27
260.45	49229.95
260.52	49209.94
260.59	49179.90
260.65	49146.63
260.72	49114.06
260.79	49081.84
260.86	49057.82
260.93	49034.69
261.00	48995.46
261.07	48944.86
261.14	48864.02
261.21	48778.75
261.28	48705.42
261.34	48632.32
261.41	48566.56
261.48	48522.00
261.55	48491.39
261.62	48465.30
261.69	48436.56
261.76	48408.96
261.83	48378.48
261.90	48342.54
261.97	48286.85
262.03	48248.13
262.10	48217.64
262.17	48180.58
262.24	48158.68
262.31	48149.92
262.38	48136.08
262.45	48113.46
262.52	48085.36
262.59	48039.99
262.65	48002.81
262.72	47960.76
262.79	47924.32
262.86	47901.10
262.93	47871.44
263.00	47839.21
263.07	47798.02
263.14	47750.24
263.21	47721.14
263.27	47700.59
263.34	47678.64
263.41	47655.59
263.48	47619.82
263.55	47558.94
263.62	47475.93
263.69	47388.01
263.76	47316.42
263.82	47266.43
263.89	47221.59
263.96	47203.76
264.03	47179.86
264.10	47149.61
264.17	47091.79
264.24	47025.71
264.31	46954.83
264.38	46891.61
264.44	46822.79
264.51	46766.47
264.58	46721.46
264.65	46675.87
264.72	46615.66
264.79	46568.49
264.86	46541.98
264.92	46510.44
264.99	46487.84
265.06	46470.36
265.13	46437.85
265.20	46398.81
265.27	46362.78
265.34	46314.74
265.41	46289.75
265.47	46271.98
265.54	46249.47
265.61	46233.94
265.68	46224.66
265.75	46188.98
265.82	46142.29
265.89	46076.75
265.95	46005.39
266.02	45916.41
266.09	45850.76
266.16	45802.94
266.23	45767.02
266.30	45723.88
266.37	45679.22
266.44	45608.48
266.50	45555.22
266.57	45496.67
266.64	45431.64
266.71	45368.59
266.78	45307.85
266.85	45222.46
266.91	45164.54
266.98	45109.80
267.05	45071.74
267.12	45047.74
267.19	45040.48
267.26	45024.30
267.33	45016.37
267.39	45007.40
267.46	44993.44
267.53	44955.82
267.60	44906.02
267.67	44852.53
267.74	44805.54
267.81	44760.79
267.87	44734.62
267.94	44720.41
268.01	44701.68
268.08	44662.26
268.15	44606.12
268.22	44533.39
268.28	44431.62
268.35	44327.87
268.42	44231.39
268.49	44147.44
268.56	44078.90
268.63	44038.08
268.69	44016.28
268.76	44005.34
268.83	44005.44
268.90	44010.71
268.97	44021.90
269.04	44021.60
269.11	43999.38
269.17	43966.36
269.24	43921.80
269.31	43874.39
269.38	43840.16
269.45	43810.16
269.52	43781.71
269.58	43768.30
269.65	43728.77
269.72	43675.12
269.79	43635.08
269.86	43600.26
269.92	43539.24
269.99	43490.32
270.06	43424.45
270.13	43370.40
270.20	43311.46
270.27	43279.28
270.33	43257.81
270.40	43241.58
270.47	43220.20
270.54	43204.68
270.61	43184.58
270.68	43169.62
270.74	43164.27
270.81	43151.24
270.88	43126.88
270.95	43080.08
271.02	43004.60
271.08	42932.70
271.15	42852.61
271.22	42791.76
271.29	42739.89
271.36	42696.54
271.43	42650.48
271.49	42615.99
271.56	42577.56
271.63	42544.72
271.70	42520.77
271.77	42516.09
271.83	42486.17
271.90	42439.57
271.97	42394.58
272.04	42345.21
272.11	42290.58
272.17	42264.32
272.24	42255.91
272.31	42238.61
272.38	42226.58
272.45	42203.80
272.52	42181.86
272.58	42152.90
272.65	42137.76
272.72	42113.28
272.79	42084.56
272.86	42044.27
272.92	42004.29
272.99	41968.10
273.06	41927.32
273.13	41877.58
273.20	41824.22
273.26	41762.95
273.33	41689.25
273.40	41631.60
273.47	41595.50
273.54	41568.14
273.60	41555.60
273.67	41542.02
273.74	41541.35
273.81	41544.25
273.88	41559.36
273.94	41583.32
274.01	41620.97
274.08	41654.28
274.15	41665.66
274.21	41653.44
274.28	41612.62
274.35	41546.57
274.42	41450.37
274.49	41358.30
274.55	41290.44
274.62	41237.16
274.69	41180.78
274.76	41142.32
274.83	41112.81
274.89	41073.82
274.96	41017.70
275.03	40990.82
275.10	40957.19
275.17	40929.19
275.23	40897.72
275.30	40876.56
275.37	40852.05
275.44	40840.13
275.50	40814.22
275.57	40790.40
275.64	40758.38
275.71	40716.92
275.78	40687.89
275.84	40668.46
275.91	40636.68
275.98	40625.80
276.05	40608.70
276.11	40571.34
276.18	40525.72
276.25	40457.77
276.32	40380.86
276.39	40306.87
276.45	40225.05
276.52	40146.22
276.59	40107.54
276.66	40091.49
276.72	40080.66
276.79	40098.46
276.86	40111.21
276.93	40098.86
276.99	40061.54
277.06	40019.76
277.13	39962.54
277.20	39924.37
277.26	39903.11
277.33	39893.79
277.40	39886.97
277.47	39875.64
277.54	39841.42
277.60	39796.30
277.67	39727.92
277.74	39639.92
277.81	39556.93
277.87	39480.75
277.94	39407.36
278.01	39367.61
278.08	39349.23
278.14	39336.18
278.21	39340.87
278.28	39368.36
278.35	39388.73
278.41	39418.21
278.48	39438.89
278.55	39447.88
278.62	39431.36
278.68	39382.13
278.75	39301.02
278.82	39204.41
278.89	39098.32
278.95	39001.21
279.02	38933.54
279.09	38912.78
279.16	38922.30
279.22	38949.48
279.29	38982.61
279.36	39009.37
279.43	38993.41
279.49	38937.32
279.56	38837.38
279.63	38701.92
279.70	38565.62
279.76	38450.57
279.83	38370.42
279.90	38332.80
279.97	38331.14
280.03	38334.25
280.10	38332.89
280.17	38334.94
280.24	38331.46
280.30	38322.85
280.37	38313.54
280.44	38311.88
280.51	38301.80
280.57	38292.44
280.64	38270.46
280.71	38245.52
280.77	38205.99
280.84	38143.86
280.91	38069.22
280.98	37984.42
281.04	37890.00
281.11	37801.33
281.18	37715.02
281.25	37612.74
281.31	37514.78
281.38	37416.70
281.45	37316.50
281.52	37232.98
281.58	37166.25
281.65	37112.68
281.72	37062.62
281.78	37033.67
281.85	37003.92
281.92	36992.84
281.99	36992.16
282.05	37002.16
282.12	37000.88
282.19	37010.70
282.26	37024.06
282.32	37035.44
282.39	37055.01
282.46	37061.24
282.52	37057.56
282.59	37040.84
282.66	37041.96
282.73	37026.26
282.79	37013.47
282.86	36979.38
282.93	36914.40
282.99	36802.73
283.06	36673.91
283.13	36528.85
283.20	36386.57
283.26	36261.43
283.33	36169.58
283.40	36101.36
283.46	36070.84
283.53	36062.78
283.60	36079.72
283.67	36084.40
283.73	36107.23
283.80	36114.86
283.87	36123.20
283.93	36136.24
284.00	36154.22
284.07	36149.44
284.13	36145.95
284.20	36135.26
284.27	36092.33
284.34	36056.59
284.40	36024.13
284.47	35997.14
284.54	35971.01
284.60	35947.40
284.67	35911.54
284.74	35870.52
284.81	35816.53
284.87	35750.80
284.94	35684.51
285.01	35596.22
285.07	35493.75
285.14	35396.19
285.21	35311.98
285.27	35247.73
285.34	35221.56
285.41	35222.02
285.47	35237.98
285.54	35264.73
285.61	35292.17
285.68	35316.62
285.74	35340.08
285.81	35350.89
285.88	35357.24
285.94	35382.12
286.01	35402.34
286.08	35424.23
286.14	35449.83
286.21	35471.51
286.28	35470.90
286.34	35453.05
286.41	35395.74
286.48	35309.36
286.55	35193.10
286.61	35062.07
286.68	34939.31
286.75	34828.07
286.81	34738.85
286.88	34684.23
286.95	34635.50
287.01	34617.08
287.08	34629.91
287.15	34654.30
287.21	34671.58
287.28	34700.51
287.35	34709.24
287.41	34715.99
287.48	34723.68
287.55	34731.26
287.61	34741.20
287.68	34742.87
287.75	34736.28
287.81	34730.67
287.88	34727.96
287.95	34724.07
288.01	34718.37
288.08	34713.41
288.15	34692.86
288.21	34669.64
288.28	34631.43
288.35	34602.34
288.41	34562.80
288.48	34506.64
288.55	34426.84
288.61	34337.07
288.68	34235.33
288.75	34137.37
288.81	34055.02
288.88	34008.89
288.95	34006.45
289.01	34029.88
289.08	34074.41
289.15	34141.44
289.21	34213.20
289.28	34264.14
289.35	34310.74
289.41	34332.07
289.48	34344.14
289.55	34338.78
289.61	34319.45
289.68	34300.14
289.75	34284.66
289.81	34257.79
289.88	34204.00
289.95	34150.94
290.01	34082.87
290.08	34020.02
290.15	33962.20
290.21	33936.30
290.28	33922.60
290.35	33905.66
290.41	33880.62
290.48	33843.94
290.55	33772.93
290.61	33691.50
290.68	33628.39
290.74	33599.87
290.81	33591.28
290.88	33624.57
290.94	33680.04
291.01	33730.54
291.08	33777.04
291.14	33827.38
291.21	33876.26
291.28	33909.44
291.34	33946.18
291.41	33963.96
291.48	33970.14
291.54	33966.65
291.61	33950.86
291.68	33912.74
291.74	33844.04
291.81	33782.40
291.87	33732.56
291.94	33660.40
292.01	33591.58
292.07	33538.62
292.14	33462.88
292.21	33362.51
292.27	33296.79
292.34	33250.72
292.41	33216.20
292.47	33201.15
292.54	33214.00
292.60	33231.74
292.67	33261.97
292.74	33302.59
292.80	33351.92
292.87	33400.51
292.94	33457.72
293.00	33504.11
293.07	33545.79
293.13	33590.58
293.20	33633.22
293.27	33670.71
293.33	33693.33
293.40	33704.22
293.47	33689.43
293.53	33653.23
293.60	33594.26
293.66	33499.82
293.73	33394.42
293.80	33276.42
293.86	33162.88
293.93	33064.24
294.00	33005.73
294.06	32972.71
294.13	32956.73
294.19	32945.54
294.26	32938.25
294.33	32926.33
294.39	32895.37
294.46	32886.38
294.52	32890.20
294.59	32905.57
294.66	32946.00
294.72	32994.66
294.79	33052.36
294.86	33113.82
294.92	33178.33
294.99	33244.42
295.05	33330.21
295.12	33387.12
295.19	33440.38
295.25	33476.42
295.32	33489.80
295.38	33483.60
295.45	33490.97
295.52	33466.51
295.58	33410.66
295.65	33341.52
295.71	33258.36
295.78	33126.33
295.85	32990.98
295.91	32874.95
295.98	32758.06
296.04	32638.62
296.11	32555.62
296.18	32519.20
296.24	32505.12
296.31	32520.82
296.37	32568.50
296.44	32651.60
296.51	32732.96
296.57	32820.68
296.64	32910.08
296.70	33001.59
296.77	33064.93
296.84	33100.18
296.90	33136.44
296.97	33169.66
297.03	33196.13
297.10	33231.06
297.17	33279.60
297.23	33319.96
297.30	33346.47
297.36	33369.75
297.43	33365.19
297.50	33351.75
297.56	33311.69
297.63	33250.44
297.69	33139.87
297.76	33012.01
297.82	32851.91
297.89	32690.91
297.96	32541.72
298.02	32446.50
298.09	32373.54
298.15	32349.40
298.22	32348.92
298.29	32362.64
298.35	32376.12
298.42	32422.09
298.48	32467.18
298.55	32532.78
298.61	32611.76
298.68	32697.26
298.75	32770.39
298.81	32844.68
298.88	32907.58
298.94	32961.15
299.01	33011.57
299.08	33063.27
299.14	33106.99
299.21	33136.80
299.27	33160.96
299.34	33165.28
299.40	33171.50
299.47	33163.28
299.54	33152.96
299.60	33133.29
299.67	33097.27
299.73	33015.82
299.80	32884.64
299.86	32693.89
299.93	32473.14
299.99	32264.66
300.06	32096.44
300.13	31985.15
300.19	31950.94
300.26	31959.56
300.32	32021.45
300.39	32084.30
300.45	32174.40
300.52	32279.89
300.59	32395.78
300.65	32479.65
300.72	32570.10
300.78	32643.74
300.85	32699.20
300.91	32736.20
300.98	32776.90
301.04	32799.29
301.11	32824.06
301.18	32845.88
301.24	32867.31
301.31	32876.15
301.37	32885.63
301.44	32881.41
301.50	32865.57
301.57	32833.34
301.63	32801.68
301.70	32740.12
301.77	32646.76
301.83	32521.21
301.90	32380.22
301.96	32206.24
302.03	32037.49
302.09	31903.53
302.16	31801.71
302.22	31742.53
302.29	31717.20
302.36	31731.74
302.42	31757.86
302.49	31802.26
302.55	31854.88
302.62	31920.96
302.68	31977.00
302.75	32038.53
302.81	32089.15
302.88	32138.24
302.94	32171.30
303.01	32215.08
303.07	32232.40
303.14	32260.63
303.21	32270.94
303.27	32281.59
303.34	32281.38
303.40	32280.15
303.47	32262.82
303.53	32240.14
303.60	32215.87
303.66	32177.43
303.73	32144.89
303.79	32095.96
303.86	32029.77
303.92	31937.79
303.99	31826.73
304.05	31673.24
304.12	31506.67
304.19	31366.99
304.25	31236.68
304.32	31150.72
304.38	31109.50
304.45	31101.38
304.51	31112.58
304.58	31145.80
304.64	31179.00
304.71	31219.28
304.77	31255.90
304.84	31281.42
304.90	31319.74
304.97	31335.08
305.03	31343.31
305.10	31357.66
305.16	31371.42
305.23	31369.03
305.29	31368.06
305.36	31352.74
305.42	31336.12
305.49	31311.58
305.56	31277.97
305.62	31250.30
305.69	31222.02
305.75	31179.59
305.82	31102.90
305.88	30987.45
305.95	30844.93
306.01	30685.77
306.08	30524.91
306.14	30376.56
306.21	30253.98
306.27	30146.51
306.34	30062.30
306.40	29981.83
306.47	29934.58
306.53	29928.65
306.60	29941.31
306.66	29974.80
306.73	30016.83
306.79	30049.60
306.86	30069.04
306.92	30073.68
306.99	30073.91
307.05	30072.08
307.12	30071.36
307.18	30065.96
307.25	30069.07
307.31	30065.76
307.38	30049.90
307.44	30027.24
307.51	30002.99
307.57	29960.54
307.64	29916.35
307.70	29882.94
307.77	29842.53
307.83	29796.41
307.90	29760.78
307.96	29711.64
308.03	29656.25
308.09	29586.62
308.16	29516.73
308.22	29444.58
308.29	29367.74
308.35	29280.32
308.42	29200.96
308.48	29091.96
308.55	28982.55
308.61	28888.03
308.68	28811.00
308.74	28743.66
308.81	28719.63
308.87	28704.94
308.94	28702.06
309.00	28699.33
309.07	28699.14
309.13	28692.97
309.20	28690.68
309.26	28663.14
309.33	28632.26
309.39	28611.34
309.45	28582.16
309.52	28532.26
309.58	28498.79
309.65	28467.30
309.71	28412.26
309.78	28365.78
309.84	28321.42
309.91	28268.28
309.97	28206.46
310.04	28161.95
310.10	28103.18
310.17	28055.40
310.23	28004.38
310.30	27958.62
310.36	27900.17
310.43	27840.02
310.49	27764.32
310.56	27686.90
310.62	27595.12
310.69	27512.76
310.75	27432.90
310.81	27381.80
310.88	27331.56
310.94	27299.74
311.01	27265.98
311.07	27246.40
311.14	27208.40
311.20	27182.46
311.27	27152.23
311.33	27132.30
311.40	27099.45
311.46	27075.51
311.53	27047.92
311.59	27028.65
311.66	27008.16
311.72	26978.74
311.78	26943.62
311.85	26910.13
311.91	26873.06
311.98	26821.06
312.04	26777.08
312.11	26743.62
312.17	26704.16
312.24	26660.67
312.30	26606.54
312.37	26556.66
312.43	26494.30
312.50	26431.12
312.56	26367.74
312.62	26308.29
312.69	26247.27
312.75	26175.49
312.82	26103.25
312.88	26026.30
312.95	25956.28
313.01	25881.34
313.08	25824.01
313.14	25784.88
313.20	25744.60
313.27	25703.58
313.33	25665.32
313.40	25639.06
313.46	25588.44
313.53	25544.02
313.59	25508.34
313.66	25482.24
313.72	25445.16
313.78	25419.46
313.85	25393.68
313.91	25365.96
313.98	25342.12
314.04	25301.46
314.11	25269.58
314.17	25225.31
314.24	25174.15
314.30	25116.94
314.36	25074.62
314.43	25028.85
314.49	24985.66
314.56	24944.61
314.62	24887.63
314.69	24828.87
314.75	24762.90
314.81	24705.20
314.88	24653.96
314.94	24618.16
315.01	24587.71
315.07	24542.92
315.14	24499.20
315.20	24457.19
315.27	24411.12
315.33	24360.49
315.39	24318.90
315.46	24283.66
315.52	24230.62
315.59	24186.14
315.65	24133.70
315.72	24091.00
315.78	24044.14
315.84	24010.63
315.91	23979.16
315.97	23956.53
316.04	23951.22
316.10	23939.40
316.16	23913.41
316.23	23851.02
316.29	23760.78
316.36	23617.49
316.42	23456.51
316.49	23276.07
316.55	23082.51
316.61	22888.27
316.68	22692.72
316.74	22491.62
316.81	22280.83
316.87	22080.98
316.93	21872.16
317.00	21669.91
317.06	21467.02
317.13	21266.27
317.19	21064.50
317.26	20864.30
317.32	20657.16
317.38	20450.84
317.45	20246.42
317.51	20052.93
317.58	19855.82
317.64	19662.78
317.70	19461.50
317.77	19275.32
317.83	19078.71
317.90	18881.42
317.96	18680.85
318.02	18488.59
318.09	18298.62
318.15	18100.22
318.22	17902.17
318.28	17708.12
318.34	17504.35
318.41	17290.18
318.47	17084.92
318.54	16893.14
318.60	16701.11
318.66	16520.47
318.73	16338.67
318.79	16157.65
318.86	15973.83
318.92	15797.88
318.98	15619.60
319.05	15438.69
319.11	15263.73
319.18	15084.84
319.24	14903.24
319.30	14711.84
319.37	14539.88
319.43	14365.02
319.50	14186.15
319.56	14008.22
319.62	13844.38
319.69	13670.29
319.75	13496.08
319.82	13331.63
319.88	13164.84
319.94	12997.61
320.01	12835.60
320.07	12660.97
320.13	12492.17
320.20	12320.11
320.26	12144.62
320.33	11973.29
320.39	11814.58
320.45	11645.28
320.52	11481.55
320.58	11324.26
320.65	11161.16
320.71	10992.55
320.77	10839.38
320.84	10679.34
320.90	10515.07
320.96	10348.40
321.03	10178.78
321.09	10003.58
321.16	9834.98
321.22	9664.11
321.28	9499.17
321.35	9347.69
321.41	9190.90
321.47	9029.92
321.54	8882.95
321.60	8723.38
321.67	8567.07
321.73	8412.55
321.79	8255.72
321.86	8095.26
321.92	7939.13
321.98	7767.45
322.05	7595.15
322.11	7425.74
322.18	7248.22
322.24	7076.48
322.30	6914.08
322.37	6755.88
322.43	6595.22
322.49	6443.20
322.56	6278.02
322.62	6120.26
322.68	5954.67
322.75	5799.90
322.81	5634.16
322.88	5476.64
322.94	5318.08
323.00	5157.11
323.07	5000.10
323.13	4849.04
323.19	4703.60
323.26	4554.92
323.32	4411.80
323.38	4264.84
323.45	4061.66
323.51	3474.08
323.57	2666.84
323.64	1825.48
323.70	1013.21
323.76	287.36
323.83	-25.74
323.89	-89.08
323.96	-89.81
