180.25	3499.77
180.33	-130.50
180.40	650.71
180.48	-36.92
180.56	3.13
180.63	35.94
180.71	74.02
180.78	74.14
180.86	75.42
180.93	80.16
181.01	82.76
181.08	81.99
181.16	80.90
181.23	82.62
181.31	82.19
181.39	103.14
181.46	111.35
181.54	121.23
181.61	135.16
181.69	143.31
181.76	137.11
181.84	132.20
181.91	134.57
181.99	137.22
182.06	139.32
182.14	144.85
182.22	150.70
182.29	161.09
182.37	165.36
182.44	177.87
182.52	177.58
182.59	195.12
182.67	204.36
182.74	210.72
182.82	214.36
182.89	223.54
182.97	223.03
183.04	231.24
183.12	240.67
183.20	261.79
183.27	277.09
183.35	310.14
183.42	337.32
183.50	383.08
183.57	413.72
183.65	464.92
183.72	512.82
183.80	572.72
183.87	621.08
183.95	671.07
184.02	721.42
184.10	756.20
184.17	775.53
184.25	775.80
184.32	765.90
184.40	735.50
184.47	684.23
184.55	639.72
184.62	635.15
184.70	665.02
184.78	720.07
184.85	835.26
184.93	968.66
185.00	1096.85
185.08	1228.15
185.15	1358.02
185.23	1489.31
185.30	1613.71
185.38	1730.66
185.45	1841.94
185.53	1962.22
185.60	2066.24
185.68	2188.74
185.75	2289.20
185.83	2365.34
185.90	2409.42
185.98	2388.10
186.05	2297.10
186.13	2177.32
186.20	2017.08
186.28	1878.16
186.35	1830.64
186.43	1882.10
186.50	2027.35
186.58	2259.92
186.65	2511.24
186.73	2763.67
186.80	2984.87
186.88	3184.20
186.95	3387.40
187.03	3586.86
187.10	3766.22
187.18	3971.97
187.25	4167.96
187.33	4356.72
187.40	4565.73
187.48	4747.64
187.55	4908.70
187.63	5043.32
187.70	5105.39
187.78	5101.27
187.85	5059.58
187.93	4895.58
188.00	4629.14
188.08	4321.16
188.15	4043.52
188.23	3870.36
188.30	3860.22
188.38	4015.18
188.45	4307.00
188.53	4627.11
188.60	4930.44
188.68	5201.90
188.75	5455.92
188.83	5720.67
188.90	5970.72
188.98	6211.60
189.05	6468.29
189.13	6702.91
189.20	6906.06
189.28	7120.20
189.35	7317.58
189.43	7491.10
189.50	7652.50
189.58	7740.90
189.65	7737.05
189.73	7667.68
189.80	7507.82
189.87	7258.41
189.95	6959.95
190.02	6593.88
190.10	6192.28
190.17	5877.62
190.25	5736.26
190.32	5774.08
190.40	6002.27
190.47	6381.23
190.55	6800.80
190.62	7188.10
190.70	7524.65
190.77	7834.66
190.85	8120.21
190.92	8349.78
191.00	8548.26
191.07	8726.62
191.15	8847.54
191.22	8936.73
191.29	9013.59
191.37	9052.82
191.44	9089.86
191.52	9163.58
191.59	9222.80
191.67	9274.96
191.74	9309.33
191.82	9298.14
191.89	9258.42
191.97	9233.16
192.04	9195.15
192.12	9133.44
192.19	9016.05
192.27	8826.64
192.34	8629.76
192.41	8508.98
192.49	8502.79
192.56	8634.66
192.64	8880.02
192.71	9156.64
192.79	9377.32
192.86	9534.42
192.94	9591.63
193.01	9617.84
193.09	9654.54
193.16	9768.88
193.23	9940.02
193.31	10177.24
193.38	10468.93
193.46	10729.54
193.53	10937.33
193.61	11111.02
193.68	11259.10
193.76	11338.99
193.83	11401.01
193.91	11430.30
193.98	11435.98
194.05	11417.81
194.13	11375.99
194.20	11300.69
194.28	11204.23
194.35	11084.86
194.43	10946.36
194.50	10769.50
194.58	10568.80
194.65	10414.67
194.72	10374.21
194.80	10465.45
194.87	10701.31
194.95	11054.92
195.02	11426.20
195.10	11736.81
195.17	11997.56
195.25	12212.49
195.32	12387.50
195.39	12529.14
195.47	12644.91
195.54	12707.39
195.62	12690.84
195.69	12574.92
195.77	12340.68
195.84	12022.98
195.91	11685.67
195.99	11442.38
196.06	11357.88
196.14	11461.34
196.21	11710.08
196.29	12046.87
196.36	12401.63
196.43	12709.50
196.51	12970.69
196.58	13180.39
196.66	13345.23
196.73	13466.16
196.81	13558.18
196.88	13607.43
196.95	13620.62
197.03	13568.18
197.10	13416.64
197.18	13180.34
197.25	12906.68
197.33	12635.36
197.40	12400.80
197.47	12251.46
197.55	12230.36
197.62	12300.98
197.70	12463.26
197.77	12725.68
197.84	13047.54
197.92	13367.04
197.99	13703.29
198.07	14011.38
198.14	14263.32
198.22	14479.90
198.29	14656.96
198.36	14775.02
198.44	14863.80
198.51	14888.32
198.59	14798.65
198.66	14601.40
198.73	14308.66
198.81	13935.80
198.88	13519.45
198.96	13148.76
199.03	12942.90
199.10	12954.66
199.18	13127.63
199.25	13471.49
199.33	13934.74
199.40	14376.76
199.48	14715.19
199.55	14989.22
199.62	15206.46
199.70	15397.33
199.77	15588.46
199.85	15792.04
199.92	15956.23
199.99	16058.19
200.07	16044.66
200.14	15883.83
200.22	15519.50
200.29	14995.68
200.36	14465.70
200.44	14060.22
200.51	13848.36
200.59	13888.53
200.66	14138.64
200.73	14490.06
200.81	14844.08
200.88	15174.57
200.95	15514.24
201.03	15854.00
201.10	16182.03
201.18	16488.40
201.25	16749.99
201.32	16935.01
201.40	17080.35
201.47	17176.24
201.55	17188.94
201.62	17091.42
201.69	16845.84
201.77	16511.10
201.84	16141.20
201.92	15734.43
201.99	15341.32
202.06	15082.10
202.14	15007.54
202.21	15103.59
202.28	15391.69
202.36	15843.76
202.43	16369.52
202.51	16844.82
202.58	17221.56
202.65	17515.80
202.73	17773.17
202.80	18015.64
202.87	18255.12
202.95	18492.82
203.02	18686.23
203.10	18774.60
203.17	18744.24
203.24	18555.26
203.32	18108.58
203.39	17432.14
203.46	16726.18
203.54	16158.32
203.61	15840.18
203.69	15864.60
203.76	16225.60
203.83	16744.28
203.91	17270.81
203.98	17756.59
204.05	18192.80
204.13	18603.68
204.20	18988.59
204.28	19330.39
204.35	19596.02
204.42	19802.71
204.50	19942.18
204.57	20031.54
204.64	20060.30
204.72	20012.89
204.79	19792.21
204.86	19405.13
204.94	18920.28
205.01	18422.06
205.09	17927.66
205.16	17554.23
205.23	17391.03
205.31	17466.02
205.38	17708.02
205.45	18127.54
205.53	18688.46
205.60	19292.77
205.67	19831.37
205.75	20284.41
205.82	20643.33
205.89	20932.63
205.97	21181.51
206.04	21395.39
206.12	21607.96
206.19	21815.16
206.26	21961.54
206.34	22005.00
206.41	21881.80
206.48	21525.34
206.56	20887.38
206.63	20062.04
206.70	19240.12
206.78	18638.46
206.85	18388.91
206.92	18553.96
207.00	19069.42
207.07	19734.38
207.14	20401.80
207.22	20987.52
207.29	21504.01
207.36	21940.23
207.44	22344.74
207.51	22694.64
207.58	23013.26
207.66	23281.75
207.73	23526.44
207.80	23708.78
207.88	23801.87
207.95	23783.85
208.02	23634.41
208.10	23250.77
208.17	22622.29
208.25	21903.52
208.32	21247.10
208.39	20737.14
208.47	20523.12
208.54	20622.67
208.61	20943.81
208.69	21344.91
208.76	21791.06
208.83	22256.01
208.90	22739.93
208.98	23225.24
209.05	23687.86
209.12	24106.16
209.20	24465.21
209.27	24777.98
209.34	25043.41
209.42	25289.03
209.49	25487.89
209.56	25605.46
209.64	25640.44
209.71	25523.71
209.78	25184.52
209.86	24661.37
209.93	24060.56
210.00	23394.24
210.08	22798.83
210.15	22445.51
210.22	22395.88
210.30	22593.20
210.37	23006.47
210.44	23560.06
210.52	24139.59
210.59	24669.21
210.66	25116.54
210.74	25502.04
210.81	25839.31
210.88	26161.76
210.96	26452.28
211.03	26733.78
211.10	27006.92
211.17	27250.90
211.25	27406.19
211.32	27461.31
211.39	27386.08
211.47	27124.34
211.54	26599.90
211.61	25886.82
211.69	25197.96
211.76	24700.40
211.83	24486.11
211.91	24629.13
211.98	25048.09
212.05	25565.63
212.12	26030.72
212.20	26427.67
212.27	26750.22
212.34	27029.13
212.42	27279.68
212.49	27524.54
212.56	27752.96
212.64	28003.86
212.71	28273.92
212.78	28547.36
212.85	28784.18
212.93	28951.83
213.00	29054.82
213.07	29061.68
213.15	28882.72
213.22	28534.35
213.29	28132.39
213.37	27691.44
213.44	27297.54
213.51	27086.19
213.58	27094.82
213.66	27255.58
213.73	27537.54
213.80	27898.57
213.88	28269.55
213.95	28569.18
214.02	28792.65
214.09	28990.33
214.17	29176.84
214.24	29386.53
214.31	29645.37
214.39	29941.98
214.46	30229.75
214.53	30468.50
214.60	30650.96
214.68	30792.27
214.75	30866.57
214.82	30858.74
214.90	30748.51
214.97	30476.05
215.04	30017.37
215.11	29510.82
215.19	29113.56
215.26	28913.37
215.33	28956.29
215.41	29284.50
215.48	29747.06
215.55	30172.54
215.62	30515.48
215.70	30806.32
215.77	31042.62
215.84	31274.05
215.91	31502.06
215.99	31736.61
216.06	31948.83
216.13	32125.40
216.21	32249.50
216.28	32362.16
216.35	32455.44
216.42	32532.40
216.50	32576.84
216.57	32592.67
216.64	32502.39
216.71	32258.22
216.79	31914.46
216.86	31593.78
216.93	31334.12
217.01	31221.83
217.08	31315.97
217.15	31567.43
217.22	31863.44
217.30	32188.71
217.37	32502.82
217.44	32787.72
217.51	33037.57
217.59	33272.55
217.66	33459.20
217.73	33624.75
217.80	33773.48
217.88	33887.62
217.95	33998.68
218.02	34094.98
218.09	34189.74
218.17	34292.07
218.24	34410.94
218.31	34497.30
218.38	34542.67
218.46	34498.20
218.53	34302.18
218.60	33994.31
218.67	33656.78
218.75	33385.26
218.82	33247.00
218.89	33315.32
218.96	33547.31
219.04	33871.44
219.11	34208.74
219.18	34504.03
219.25	34747.18
219.33	34959.35
219.40	35143.07
219.47	35320.55
219.54	35486.98
219.62	35634.24
219.69	35780.08
219.76	35939.18
219.83	36068.59
219.91	36198.10
219.98	36328.97
220.05	36426.44
220.12	36470.38
220.20	36475.39
220.27	36399.82
220.34	36225.34
220.41	35971.22
220.49	35714.20
220.56	35531.50
220.63	35468.92
220.70	35551.18
220.78	35761.96
220.85	36011.53
220.92	36230.46
220.99	36410.66
221.06	36565.72
221.14	36700.94
221.21	36837.12
221.28	36994.90
221.35	37156.75
221.43	37313.86
221.50	37471.13
221.57	37618.23
221.64	37753.52
221.72	37872.95
221.79	37981.93
221.86	38053.98
221.93	38112.72
222.00	38138.06
222.08	38139.55
222.15	38072.28
222.22	37992.32
222.29	37899.71
222.37	37844.55
222.44	37830.88
222.51	37876.87
222.58	37947.81
222.65	38049.78
222.73	38147.73
222.80	38236.40
222.87	38347.28
222.94	38466.22
223.02	38584.35
223.09	38700.19
223.16	38835.64
223.23	38960.76
223.30	39111.97
223.38	39259.68
223.45	39403.87
223.52	39524.56
223.59	39640.36
223.66	39713.34
223.74	39754.83
223.81	39775.42
223.88	39787.75
223.95	39791.41
224.03	39786.51
224.10	39778.06
224.17	39783.58
224.24	39786.00
224.31	39799.44
224.39	39852.27
224.46	39936.08
224.53	40026.00
224.60	40127.75
224.67	40235.86
224.75	40332.64
224.82	40439.59
224.89	40567.79
224.96	40696.50
225.03	40818.60
225.11	40943.02
225.18	41059.50
225.25	41150.02
225.32	41228.92
225.39	41303.00
225.47	41366.52
225.54	41406.56
225.61	41418.49
225.68	41411.65
225.75	41397.95
225.83	41403.64
225.90	41433.72
225.97	41492.76
226.04	41594.44
226.11	41711.03
226.19	41808.19
226.26	41900.53
226.33	42005.01
226.40	42100.16
226.47	42198.38
226.54	42307.89
226.62	42422.70
226.69	42527.69
226.76	42616.54
226.83	42706.59
226.90	42788.41
226.98	42853.17
227.05	42901.86
227.12	42958.65
227.19	42992.36
227.26	43038.34
227.34	43095.20
227.41	43158.10
227.48	43210.68
227.55	43252.50
227.62	43279.05
227.69	43309.66
227.77	43358.78
227.84	43422.60
227.91	43509.69
227.98	43609.32
228.05	43697.20
228.12	43761.43
228.20	43833.72
228.27	43901.40
228.34	43973.00
228.41	44067.51
228.48	44171.36
228.56	44280.56
228.63	44394.36
228.70	44485.84
228.77	44560.14
228.84	44644.36
228.91	44724.76
228.99	44815.54
229.06	44928.08
229.13	45041.68
229.20	45135.44
229.27	45214.72
229.34	45269.18
229.42	45319.12
229.49	45366.38
229.56	45418.56
229.63	45461.10
229.70	45511.77
229.77	45551.17
229.85	45595.99
229.92	45640.78
229.99	45702.76
230.06	45764.42
230.13	45845.61
230.20	45942.87
230.27	46050.52
230.35	46157.00
230.42	46264.70
230.49	46374.14
230.56	46465.18
230.63	46557.55
230.70	46631.69
230.78	46704.44
230.85	46756.21
230.92	46813.18
230.99	46876.28
231.06	46972.72
231.13	47079.97
231.20	47200.42
231.28	47304.98
231.35	47409.41
231.42	47484.07
231.49	47552.90
231.56	47629.40
231.63	47708.40
231.71	47770.36
231.78	47833.91
231.85	47886.70
231.92	47936.86
231.99	47988.79
232.06	48056.92
232.13	48143.24
232.21	48245.62
232.28	48333.51
232.35	48417.46
232.42	48489.54
232.49	48565.58
232.56	48652.32
232.63	48730.56
232.71	48815.28
232.78	48901.26
232.85	48986.93
232.92	49052.97
232.99	49132.24
233.06	49219.67
233.13	49288.30
233.20	49345.54
233.28	49398.04
233.35	49443.09
233.42	49483.02
233.49	49558.20
233.56	49635.32
233.63	49714.63
233.70	49812.15
233.78	49899.63
233.85	49992.04
233.92	50076.51
233.99	50163.84
234.06	50239.06
234.13	50332.48
234.20	50410.62
234.27	50485.08
234.35	50556.13
234.42	50616.30
234.49	50669.79
234.56	50697.50
234.63	50737.23
234.70	50779.12
234.77	50815.67
234.84	50850.79
234.92	50911.72
234.99	50984.12
235.06	51044.16
235.13	51123.45
235.20	51213.96
235.27	51285.71
235.34	51360.63
235.41	51443.70
235.48	51518.89
235.56	51583.00
235.63	51653.70
235.70	51696.64
235.77	51734.44
235.84	51766.03
235.91	51795.02
235.98	51825.93
236.05	51862.94
236.12	51902.86
236.20	51939.02
236.27	51977.65
236.34	52019.99
236.41	52056.46
236.48	52089.52
236.55	52128.83
236.62	52175.14
236.69	52220.74
236.76	52282.62
236.84	52342.27
236.91	52412.12
236.98	52473.64
237.05	52517.46
237.12	52554.07
237.19	52601.20
237.26	52646.66
237.33	52682.70
237.40	52721.52
237.47	52759.08
237.55	52805.02
237.62	52861.44
237.69	52930.04
237.76	53010.03
237.83	53088.25
237.90	53143.44
237.97	53178.70
238.04	53212.66
238.11	53238.98
238.18	53270.61
238.26	53304.57
238.33	53334.58
238.40	53357.19
238.47	53398.70
238.54	53415.12
238.61	53441.54
238.68	53456.42
238.75	53473.80
238.82	53488.45
238.89	53538.70
238.96	53580.13
239.04	53630.28
239.11	53687.09
239.18	53731.37
239.25	53740.20
239.32	53756.62
239.39	53764.70
239.46	53760.19
239.53	53749.34
239.60	53745.98
239.67	53749.67
239.74	53770.63
239.81	53796.24
239.89	53833.66
239.96	53868.33
240.03	53904.78
240.10	53935.40
240.17	53953.28
240.24	53969.89
240.31	53996.36
240.38	54031.00
240.45	54075.72
240.52	54141.62
240.59	54204.19
240.66	54262.32
240.73	54296.14
240.80	54314.45
240.88	54317.79
240.95	54331.18
241.02	54350.36
241.09	54370.24
241.16	54385.86
241.23	54401.88
241.30	54386.21
241.37	54355.90
241.44	54336.22
241.51	54337.21
241.58	54349.06
241.65	54384.07
241.72	54429.08
241.79	54460.45
241.86	54465.90
241.94	54455.99
242.01	54434.41
242.08	54410.40
242.15	54408.87
242.22	54415.38
242.29	54417.00
242.36	54430.99
242.43	54436.39
242.50	54430.50
242.57	54419.24
242.64	54427.04
242.71	54419.43
242.78	54429.10
242.85	54419.49
242.92	54428.66
242.99	54434.90
243.06	54445.09
243.14	54439.26
243.21	54456.23
243.28	54465.41
243.35	54479.12
243.42	54510.03
243.49	54543.26
243.56	54560.56
243.63	54578.51
243.70	54583.00
243.77	54566.30
243.84	54555.79
243.91	54537.12
243.98	54527.86
244.05	54494.15
244.12	54478.71
244.19	54453.80
244.26	54439.47
244.33	54412.14
244.40	54407.78
244.47	54391.04
244.54	54383.14
244.62	54344.00
244.69	54301.24
244.76	54278.21
244.83	54268.44
244.90	54266.33
244.97	54297.16
245.04	54335.30
245.11	54344.66
245.18	54337.56
245.25	54328.94
245.32	54335.88
245.39	54340.49
245.46	54347.90
245.53	54353.12
245.60	54339.92
245.67	54322.51
245.74	54310.95
245.81	54295.55
245.88	54284.50
245.95	54285.38
246.02	54265.29
246.09	54223.17
246.16	54190.54
246.23	54154.05
246.30	54119.83
246.37	54114.48
246.44	54126.33
246.51	54141.35
246.58	54163.70
246.65	54181.59
246.72	54185.96
246.79	54181.64
246.87	54178.83
246.94	54169.37
247.01	54155.32
247.08	54116.10
247.15	54068.36
247.22	54008.18
247.29	53945.38
247.36	53896.00
247.43	53859.09
247.50	53841.04
247.57	53846.34
247.64	53868.04
247.71	53893.80
247.78	53910.29
247.85	53935.56
247.92	53953.22
247.99	53954.04
248.06	53926.38
248.13	53906.14
248.20	53877.82
248.27	53838.77
248.34	53811.44
248.41	53802.46
248.48	53798.95
248.55	53787.99
248.62	53792.03
248.69	53794.56
248.76	53786.25
248.83	53768.04
248.90	53742.64
248.97	53703.14
249.04	53658.89
249.11	53616.24
249.18	53584.88
249.25	53548.42
249.32	53510.73
249.39	53453.28
249.46	53400.57
249.53	53355.59
249.60	53311.35
249.67	53283.08
249.74	53277.99
249.81	53285.17
249.88	53275.16
249.95	53300.02
250.02	53319.80
250.09	53333.61
250.16	53344.05
250.23	53349.45
250.30	53341.80
250.37	53330.22
250.44	53326.33
250.51	53308.56
250.58	53312.30
250.65	53312.94
250.72	53281.48
250.79	53249.16
250.86	53222.63
250.93	53182.48
251.00	53132.82
251.07	53118.32
251.14	53094.41
251.21	53069.69
251.28	53044.48
251.35	53022.04
251.42	52982.80
251.49	52957.81
251.56	52933.52
251.63	52906.12
251.70	52889.87
251.77	52877.21
251.84	52841.63
251.91	52799.00
251.98	52754.60
252.05	52713.78
252.12	52672.40
252.18	52643.73
252.25	52623.92
252.32	52629.61
252.39	52613.48
252.46	52599.15
252.53	52580.88
252.60	52559.57
252.67	52531.04
252.74	52502.92
252.81	52475.02
252.88	52455.68
252.95	52425.82
253.02	52384.32
253.09	52358.36
253.16	52343.53
253.23	52320.89
253.30	52310.85
253.37	52302.27
253.44	52287.14
253.51	52248.74
253.58	52216.58
253.65	52198.76
253.72	52189.38
253.79	52177.80
253.86	52175.59
253.93	52167.96
254.00	52147.83
254.07	52118.84
254.14	52079.08
254.21	52041.48
254.28	52005.68
254.35	51974.70
254.41	51949.50
254.48	51925.30
254.55	51911.14
254.62	51899.40
254.69	51860.00
254.76	51818.38
254.83	51785.83
254.90	51751.99
254.97	51715.52
255.04	51708.16
255.11	51689.07
255.18	51658.44
255.25	51614.34
255.32	51571.29
255.39	51526.39
255.46	51487.08
255.53	51472.11
255.60	51457.16
255.67	51444.40
255.74	51426.26
255.81	51414.43
255.87	51404.66
255.94	51381.96
256.01	51363.84
256.08	51347.90
256.15	51324.98
256.22	51285.98
256.29	51264.25
256.36	51223.28
256.43	51209.10
256.50	51197.78
256.57	51190.78
256.64	51178.02
256.71	51174.18
256.78	51130.58
256.85	51096.57
256.92	51062.51
256.99	51053.38
257.05	51034.60
257.12	51023.04
257.19	50991.62
257.26	50948.91
257.33	50880.57
257.40	50827.27
257.47	50770.18
257.54	50735.37
257.61	50704.22
257.68	50700.17
257.75	50689.37
257.82	50690.69
257.89	50673.08
257.96	50660.84
258.03	50607.26
258.09	50563.48
258.16	50497.06
258.23	50425.54
258.30	50363.85
258.37	50324.06
258.44	50276.58
258.51	50254.36
258.58	50255.92
258.65	50250.94
258.72	50250.82
258.79	50229.80
258.86	50197.23
258.93	50174.98
258.99	50138.79
259.06	50091.35
259.13	50064.10
259.20	50033.52
259.27	49987.68
259.34	49956.33
259.41	49939.36
259.48	49935.57
259.55	49928.64
259.62	49921.51
259.69	49879.28
259.76	49831.42
259.82	49769.31
259.89	49725.44
259.96	49689.70
260.03	49666.04
260.10	49636.79
260.17	49588.10
260.24	49530.18
260.31	49473.63
260.38	49430.56
260.45	49407.78
260.52	49403.76
260.59	49387.13
260.65	49355.35
260.72	49329.86
260.79	49296.36
260.86	49260.91
260.93	49236.72
261.00	49199.48
261.07	49152.30
261.14	49085.90
261.21	49020.62
261.28	48952.61
261.34	48897.54
261.41	48839.57
261.48	48788.03
261.55	48747.14
261.62	48707.80
261.69	48662.31
261.76	48631.38
261.83	48610.73
261.90	48587.69
261.97	48557.94
262.03	48534.59
262.10	48503.14
262.17	48468.06
262.24	48441.17
262.31	48416.12
262.38	48393.18
262.45	48375.98
262.52	48345.54
262.59	48299.15
262.65	48257.72
262.72	48210.84
262.79	48164.36
262.86	48134.54
262.93	48113.06
263.00	48080.97
263.07	48045.50
263.14	48001.82
263.21	47968.64
263.27	47931.63
263.34	47908.52
263.41	47873.58
263.48	47840.13
263.55	47785.39
263.62	47714.66
263.69	47635.78
263.76	47580.77
263.82	47526.88
263.89	47483.14
263.96	47464.86
264.03	47435.88
264.10	47414.66
264.17	47368.74
264.24	47309.10
264.31	47240.33
264.38	47190.78
264.44	47127.12
264.51	47081.46
264.58	47042.88
264.65	47011.42
264.72	46955.89
264.79	46904.12
264.86	46867.85
264.92	46841.65
264.99	46811.54
265.06	46792.77
265.13	46765.00
265.20	46743.81
265.27	46707.59
265.34	46669.62
265.41	46641.46
265.47	46612.10
265.54	46566.86
265.61	46533.64
265.68	46513.24
265.75	46478.08
265.82	46435.53
265.89	46392.01
265.95	46336.66
266.02	46262.08
266.09	46196.69
266.16	46155.75
266.23	46110.00
266.30	46071.78
266.37	46026.60
266.44	45967.50
266.50	45903.02
266.57	45848.61
266.64	45784.92
266.71	45729.84
266.78	45679.69
266.85	45616.06
266.91	45563.82
266.98	45514.02
267.05	45466.70
267.12	45433.34
267.19	45416.92
267.26	45392.14
267.33	45379.98
267.39	45358.18
267.46	45341.80
267.53	45310.52
267.60	45268.26
267.67	45222.56
267.74	45191.52
267.81	45144.23
267.87	45109.22
267.94	45089.18
268.01	45046.74
268.08	44996.61
268.15	44953.99
268.22	44894.38
268.28	44829.46
268.35	44767.09
268.42	44711.80
268.49	44651.59
268.56	44604.17
268.63	44550.68
268.69	44515.89
268.76	44479.33
268.83	44448.87
268.90	44422.53
268.97	44411.60
269.04	44410.20
269.11	44386.09
269.17	44359.41
269.24	44323.93
269.31	44287.74
269.38	44229.67
269.45	44190.95
269.52	44156.15
269.58	44132.78
269.65	44090.04
269.72	44052.96
269.79	44016.23
269.86	43990.36
269.92	43947.94
269.99	43911.92
270.06	43862.77
270.13	43816.46
270.20	43761.57
270.27	43720.70
270.33	43692.87
270.40	43666.12
270.47	43646.21
270.54	43625.69
270.61	43601.38
270.68	43577.13
270.74	43565.68
270.81	43549.26
270.88	43526.75
270.95	43493.24
271.02	43444.08
271.08	43400.82
271.15	43339.49
271.22	43287.29
271.29	43247.04
271.36	43187.78
271.43	43139.12
271.49	43113.44
271.56	43077.03
271.63	43043.05
271.70	43035.78
271.77	43024.06
271.83	42992.11
271.90	42953.94
271.97	42921.96
272.04	42877.04
272.11	42831.06
272.17	42812.76
272.24	42797.42
272.31	42769.34
272.38	42757.46
272.45	42731.04
272.52	42689.75
272.58	42680.13
272.65	42668.24
272.72	42634.41
272.79	42611.66
272.86	42578.51
272.92	42531.30
272.99	42488.13
273.06	42451.71
273.13	42407.44
273.20	42362.19
273.26	42311.02
273.33	42259.06
273.40	42227.54
273.47	42205.39
273.54	42192.48
273.60	42178.44
273.67	42162.81
273.74	42144.90
273.81	42128.88
273.88	42123.18
273.94	42127.98
274.01	42141.20
274.08	42150.84
274.15	42138.91
274.21	42103.63
274.28	42055.64
274.35	41984.10
274.42	41904.41
274.49	41836.13
274.55	41796.15
274.62	41767.59
274.69	41743.62
274.76	41718.29
274.83	41695.51
274.89	41667.70
274.96	41622.19
275.03	41595.68
275.10	41564.36
275.17	41528.40
275.23	41485.42
275.30	41454.94
275.37	41426.70
275.44	41407.81
275.50	41389.08
275.57	41358.86
275.64	41317.29
275.71	41266.32
275.78	41219.78
275.84	41184.42
275.91	41163.90
275.98	41144.66
276.05	41121.24
276.11	41093.19
276.18	41066.04
276.25	41009.64
276.32	40962.38
276.39	40907.86
276.45	40847.39
276.52	40779.84
276.59	40744.47
276.66	40711.02
276.72	40697.13
276.79	40693.53
276.86	40680.86
276.93	40665.83
276.99	40641.52
277.06	40599.15
277.13	40558.73
277.20	40524.00
277.26	40491.00
277.33	40472.15
277.40	40462.45
277.47	40449.25
277.54	40436.87
277.60	40407.58
277.67	40362.26
277.74	40305.71
277.81	40234.69
277.87	40177.82
277.94	40122.68
278.01	40086.22
278.08	40053.24
278.14	40032.80
278.21	40015.92
278.28	40011.44
278.35	40005.53
278.41	40003.58
278.48	40005.71
278.55	39989.06
278.62	39972.78
278.68	39929.68
278.75	39879.94
278.82	39818.26
278.89	39755.20
278.95	39695.15
279.02	39652.42
279.09	39631.14
279.16	39617.69
279.22	39613.46
279.29	39609.05
279.36	39602.65
279.43	39574.11
279.49	39525.86
279.56	39453.06
279.63	39364.73
279.70	39269.78
279.76	39196.90
279.83	39155.46
279.90	39136.64
279.97	39115.24
280.03	39109.90
280.10	39092.98
280.17	39066.46
280.24	39042.85
280.30	39027.69
280.37	38998.43
280.44	38972.52
280.51	38952.26
280.57	38922.80
280.64	38884.44
280.71	38847.71
280.77	38803.34
280.84	38733.60
280.91	38660.80
280.98	38585.57
281.04	38502.44
281.11	38423.92
281.18	38346.33
281.25	38265.56
281.31	38190.68
281.38	38114.91
281.45	38040.14
281.52	37979.92
281.58	37921.96
281.65	37866.90
281.72	37822.33
281.78	37789.64
281.85	37768.16
281.92	37750.50
281.99	37739.20
282.05	37731.54
282.12	37713.12
282.19	37693.74
282.26	37680.10
282.32	37657.48
282.39	37646.84
282.46	37622.78
282.52	37603.46
282.59	37577.66
282.66	37574.00
282.73	37553.64
282.79	37532.72
282.86	37494.94
282.93	37444.10
282.99	37372.57
283.06	37293.02
283.13	37204.39
283.20	37099.04
283.26	37008.45
283.33	36919.34
283.40	36844.50
283.46	36805.55
283.53	36781.71
283.60	36766.27
283.67	36765.62
283.73	36772.49
283.80	36764.45
283.87	36776.52
283.93	36789.45
284.00	36779.49
284.07	36758.78
284.13	36739.28
284.20	36705.71
284.27	36665.81
284.34	36632.45
284.40	36604.62
284.47	36582.70
284.54	36559.92
284.60	36539.45
284.67	36513.62
284.74	36483.52
284.81	36449.88
284.87	36412.04
284.94	36352.38
285.01	36299.37
285.07	36231.06
285.14	36159.46
285.21	36108.96
285.27	36070.14
285.34	36040.42
285.41	36032.37
285.47	36035.06
285.54	36034.35
285.61	36038.72
285.68	36041.44
285.74	36038.97
285.81	36031.73
285.88	36012.64
285.94	36005.24
286.01	36002.74
286.08	35999.18
286.14	35995.36
286.21	35990.05
286.28	35980.55
286.34	35950.16
286.41	35916.88
286.48	35861.94
286.55	35800.08
286.61	35727.20
286.68	35662.50
286.75	35593.30
286.81	35534.55
286.88	35487.02
286.95	35436.38
287.01	35414.72
287.08	35401.96
287.15	35403.36
287.21	35397.73
287.28	35406.79
287.35	35395.13
287.41	35384.86
287.48	35377.94
287.55	35376.98
287.61	35371.81
287.68	35349.82
287.75	35337.18
287.81	35312.90
287.88	35283.14
287.95	35270.36
288.01	35263.44
288.08	35253.28
288.15	35233.04
288.21	35213.04
288.28	35177.86
288.35	35151.86
288.41	35122.94
288.48	35092.06
288.55	35051.89
288.61	35002.18
288.68	34946.76
288.75	34879.87
288.81	34832.60
288.88	34796.57
288.95	34784.04
289.01	34781.22
289.08	34797.28
289.15	34819.70
289.21	34851.13
289.28	34864.73
289.35	34879.47
289.41	34881.29
289.48	34872.91
289.55	34858.26
289.61	34845.48
289.68	34829.33
289.75	34813.46
289.81	34785.50
289.88	34755.42
289.95	34715.95
290.01	34671.77
290.08	34622.55
290.15	34577.82
290.21	34541.18
290.28	34519.22
290.35	34499.94
290.41	34480.00
290.48	34464.30
290.55	34424.02
290.61	34377.52
290.68	34330.88
290.74	34312.49
290.81	34306.74
290.88	34321.52
290.94	34342.89
291.01	34368.46
291.08	34384.04
291.14	34402.08
291.21	34417.93
291.28	34424.52
291.34	34434.59
291.41	34435.58
291.48	34429.12
291.54	34415.80
291.61	34403.36
291.68	34380.16
291.74	34332.82
291.81	34292.04
291.87	34272.30
291.94	34228.61
292.01	34187.16
292.07	34161.95
292.14	34113.88
292.21	34055.30
292.27	34017.18
292.34	33982.94
292.41	33954.79
292.47	33940.76
292.54	33930.05
292.60	33930.04
292.67	33941.54
292.74	33957.07
292.80	33985.54
292.87	34002.92
292.94	34017.20
293.00	34023.14
293.07	34038.34
293.13	34040.24
293.20	34060.96
293.27	34086.10
293.33	34095.66
293.40	34098.54
293.47	34090.99
293.53	34061.09
293.60	34018.15
293.66	33963.78
293.73	33898.56
293.80	33831.50
293.86	33770.32
293.93	33714.80
294.00	33682.54
294.06	33658.57
294.13	33645.72
294.19	33630.50
294.26	33623.18
294.33	33615.02
294.39	33596.96
294.46	33585.66
294.52	33583.08
294.59	33582.07
294.66	33587.51
294.72	33601.38
294.79	33618.67
294.86	33647.79
294.92	33678.96
294.99	33718.33
295.05	33761.70
295.12	33791.76
295.19	33814.12
295.25	33819.05
295.32	33816.02
295.38	33805.68
295.45	33801.19
295.52	33787.06
295.58	33756.50
295.65	33716.84
295.71	33667.76
295.78	33598.63
295.85	33519.21
295.91	33463.52
295.98	33391.74
296.04	33313.91
296.11	33259.03
296.18	33233.94
296.24	33218.89
296.31	33231.82
296.37	33265.57
296.44	33315.85
296.51	33355.11
296.57	33396.68
296.64	33443.57
296.70	33493.63
296.77	33519.90
296.84	33532.45
296.90	33548.08
296.97	33551.69
297.03	33547.48
297.10	33558.32
297.17	33582.42
297.23	33598.90
297.30	33609.59
297.36	33613.57
297.43	33607.82
297.50	33597.44
297.56	33574.99
297.63	33538.66
297.69	33485.69
297.76	33416.77
297.82	33324.51
297.89	33235.80
297.96	33162.38
298.02	33113.28
298.09	33067.82
298.15	33047.47
298.22	33052.67
298.29	33046.90
298.35	33041.27
298.42	33056.99
298.48	33077.54
298.55	33085.60
298.61	33115.67
298.68	33158.57
298.75	33200.54
298.81	33237.52
298.88	33272.41
298.94	33304.02
299.01	33329.28
299.08	33341.21
299.14	33359.24
299.21	33370.78
299.27	33382.33
299.34	33376.46
299.40	33380.56
299.47	33374.48
299.54	33355.39
299.60	33341.96
299.67	33321.54
299.73	33269.56
299.80	33186.12
299.86	33089.84
299.93	32961.91
299.99	32855.44
300.06	32769.03
300.13	32711.12
300.19	32690.26
300.26	32692.56
300.32	32708.57
300.39	32736.98
300.45	32781.02
300.52	32830.80
300.59	32877.46
300.65	32921.15
300.72	32961.78
300.78	32988.64
300.85	33021.04
300.91	33037.87
300.98	33042.48
301.04	33040.82
301.11	33054.54
301.18	33039.03
301.24	33043.10
301.31	33044.78
301.37	33046.84
301.44	33027.88
301.50	33018.20
301.57	32988.76
301.63	32967.01
301.70	32922.36
301.77	32871.17
301.83	32796.06
301.90	32721.23
301.96	32621.30
302.03	32524.90
302.09	32450.37
302.16	32387.30
302.22	32339.78
302.29	32303.49
302.36	32300.59
302.42	32296.73
302.49	32308.37
302.55	32324.39
302.62	32354.93
302.68	32373.78
302.75	32398.70
302.81	32419.30
302.88	32432.21
302.94	32435.40
303.01	32444.98
303.07	32441.41
303.14	32447.78
303.21	32447.08
303.27	32444.46
303.34	32438.57
303.40	32423.67
303.47	32395.75
303.53	32368.16
303.60	32339.33
303.66	32296.96
303.73	32270.69
303.79	32229.09
303.86	32176.18
303.92	32126.32
303.99	32063.64
304.05	31965.03
304.12	31869.52
304.19	31791.04
304.25	31706.24
304.32	31640.72
304.38	31601.84
304.45	31578.48
304.51	31565.71
304.58	31559.56
304.64	31566.88
304.71	31581.02
304.77	31578.77
304.84	31574.38
304.90	31572.76
304.97	31556.22
305.03	31531.12
305.10	31522.44
305.16	31514.82
305.23	31501.34
305.29	31490.24
305.36	31466.13
305.42	31445.54
305.49	31419.08
305.56	31380.18
305.62	31336.24
305.69	31306.06
305.75	31265.03
305.82	31187.08
305.88	31089.72
305.95	30973.23
306.01	30836.48
306.08	30697.23
306.14	30589.06
306.21	30498.66
306.27	30424.27
306.34	30367.56
306.40	30322.51
306.47	30287.02
306.53	30294.04
306.60	30310.99
306.66	30334.68
306.73	30352.48
306.79	30360.96
306.86	30352.15
306.92	30334.17
306.99	30319.70
307.05	30297.89
307.12	30284.16
307.18	30253.42
307.25	30225.16
307.31	30182.60
307.38	30150.96
307.44	30112.56
307.51	30081.64
307.57	30036.67
307.64	29994.37
307.70	29957.10
307.77	29910.65
307.83	29860.02
307.90	29823.22
307.96	29783.93
308.03	29725.53
308.09	29670.29
308.16	29609.98
308.22	29550.26
308.29	29486.64
308.35	29424.50
308.42	29366.25
308.48	29302.92
308.55	29225.42
308.61	29152.97
308.68	29087.34
308.74	29027.12
308.81	28988.44
308.87	28955.87
308.94	28940.78
309.00	28925.46
309.07	28903.94
309.13	28872.62
309.20	28856.07
309.26	28815.20
309.33	28768.67
309.39	28723.40
309.45	28683.94
309.52	28625.70
309.58	28580.76
309.65	28532.13
309.71	28473.45
309.78	28417.93
309.84	28368.56
309.91	28316.26
309.97	28261.14
310.04	28225.52
310.10	28173.63
310.17	28127.49
310.23	28070.80
310.30	28033.64
310.36	27978.92
310.43	27925.34
310.49	27857.95
310.56	27800.57
310.62	27728.38
310.69	27656.06
310.75	27590.07
310.81	27541.36
310.88	27496.81
310.94	27450.94
311.01	27415.10
311.07	27377.56
311.14	27335.45
311.20	27285.58
311.27	27246.40
311.33	27212.95
311.40	27174.50
311.46	27142.50
311.53	27109.61
311.59	27075.24
311.66	27043.20
311.72	26998.14
311.78	26948.75
311.85	26910.56
311.91	26877.53
311.98	26826.48
312.04	26791.23
312.11	26755.30
312.17	26723.22
312.24	26681.61
312.30	26632.49
312.37	26578.03
312.43	26527.36
312.50	26461.92
312.56	26393.11
312.62	26335.29
312.69	26287.70
312.75	26220.54
312.82	26153.46
312.88	26090.21
312.95	26027.18
313.01	25961.81
313.08	25909.00
313.14	25871.71
313.20	25829.68
313.27	25793.17
313.33	25742.32
313.40	25701.68
313.46	25645.81
313.53	25600.46
313.59	25556.32
313.66	25536.06
313.72	25503.22
313.78	25468.53
313.85	25427.47
313.91	25390.72
313.98	25344.36
314.04	25298.44
314.11	25263.90
314.17	25223.82
314.24	25173.19
314.30	25125.46
314.36	25078.40
314.43	25030.37
314.49	24987.74
314.56	24939.84
314.62	24890.82
314.69	24838.98
314.75	24789.30
314.81	24738.28
314.88	24694.52
314.94	24651.90
315.01	24610.95
315.07	24564.24
315.14	24525.01
315.20	24489.80
315.27	24442.60
315.33	24404.11
315.39	24360.44
315.46	24312.28
315.52	24252.26
315.59	24209.56
315.65	24165.90
315.72	24123.93
315.78	24079.98
315.84	24042.02
315.91	24013.83
315.97	23981.05
316.04	23964.47
316.10	23943.10
316.16	23914.42
316.23	23840.22
316.29	23741.50
316.36	23596.38
316.42	23436.97
316.49	23257.43
316.55	23067.26
316.61	22879.32
316.68	22688.01
316.74	22481.35
316.81	22274.14
316.87	22075.16
316.93	21866.20
317.00	21666.53
317.06	21470.54
317.13	21264.95
317.19	21056.10
317.26	20852.52
317.32	20647.02
317.38	20438.94
317.45	20239.40
317.51	20050.48
317.58	19854.68
317.64	19647.74
317.70	19455.68
317.77	19267.72
317.83	19063.94
317.90	18867.79
317.96	18679.36
318.02	18481.82
318.09	18290.42
318.15	18099.58
318.22	17898.30
318.28	17701.74
318.34	17498.62
318.41	17285.93
318.47	17078.90
318.54	16889.28
318.60	16690.75
318.66	16508.80
318.73	16320.18
318.79	16142.68
318.86	15953.57
318.92	15772.86
318.98	15599.70
319.05	15421.80
319.11	15242.47
319.18	15067.82
319.24	14888.74
319.30	14690.73
319.37	14520.22
319.43	14342.64
319.50	14163.54
319.56	13988.58
319.62	13817.84
319.69	13642.14
319.75	13479.33
319.82	13313.10
319.88	13143.80
319.94	12978.82
320.01	12817.15
320.07	12636.86
320.13	12466.90
320.20	12297.62
320.26	12124.90
320.33	11950.88
320.39	11787.38
320.45	11615.79
320.52	11457.18
320.58	11301.00
320.65	11134.26
320.71	10972.88
320.77	10815.26
320.84	10651.50
320.90	10490.70
320.96	10329.70
321.03	10154.77
321.09	9986.46
321.16	9819.48
321.22	9644.23
321.28	9478.64
321.35	9329.52
321.41	9168.50
321.47	9012.64
321.54	8864.00
321.60	8707.04
321.67	8543.82
321.73	8392.64
321.79	8229.95
321.86	8073.08
321.92	7915.23
321.98	7748.36
322.05	7576.70
322.11	7405.62
322.18	7225.93
322.24	7053.08
322.30	6887.90
322.37	6733.46
322.43	6570.34
322.49	6418.88
322.56	6261.54
322.62	6104.22
322.68	5937.69
322.75	5789.27
322.81	5620.70
322.88	5458.14
322.94	5305.24
323.00	5149.90
323.07	4990.40
323.13	4842.99
323.19	4695.44
323.26	4544.85
323.32	4399.31
323.38	4252.90
323.45	4052.86
323.51	3468.98
323.57	2662.10
323.64	1819.68
323.70	1010.08
323.76	283.91
323.83	-27.74
323.89	-89.66
323.96	-89.46
