180.25	3494.53
180.33	-130.07
180.40	648.97
180.48	-39.47
180.56	-0.71
180.63	31.10
180.71	67.88
180.78	67.87
180.86	69.85
180.93	74.47
181.01	76.21
181.08	74.66
181.16	74.45
181.23	75.71
181.31	75.89
181.39	96.06
181.46	104.40
181.54	112.91
181.61	127.14
181.69	134.63
181.76	129.83
181.84	124.94
181.91	127.61
181.99	129.49
182.06	130.51
182.14	135.80
182.22	141.87
182.29	151.37
182.37	156.26
182.44	169.68
182.52	169.59
182.59	187.85
182.67	198.52
182.74	204.92
182.82	209.61
182.89	218.81
182.97	218.49
183.04	226.57
183.12	236.37
183.20	257.08
183.27	273.28
183.35	305.47
183.42	333.87
183.50	379.60
183.57	410.48
183.65	461.93
183.72	510.76
183.80	570.61
183.87	620.97
183.95	673.28
184.02	723.61
184.10	759.81
184.17	779.93
184.25	781.51
184.32	770.27
184.40	740.37
184.47	688.20
184.55	640.84
184.62	633.19
184.70	662.45
184.78	717.60
184.85	831.01
184.93	970.79
185.00	1103.55
185.08	1237.23
185.15	1367.77
185.23	1500.51
185.30	1623.67
185.38	1739.77
185.45	1852.28
185.53	1976.42
185.60	2085.81
185.68	2210.75
185.75	2312.56
185.83	2390.30
185.90	2434.33
185.98	2412.82
186.05	2320.11
186.13	2198.16
186.20	2034.19
186.28	1890.09
186.35	1839.27
186.43	1886.75
186.50	2028.11
186.58	2259.91
186.65	2513.37
186.73	2764.87
186.80	2989.45
186.88	3194.22
186.95	3399.42
187.03	3600.64
187.10	3781.67
187.18	3990.29
187.25	4183.77
187.33	4374.41
187.40	4580.38
187.48	4769.74
187.55	4929.80
187.63	5068.49
187.70	5127.30
187.78	5122.24
187.85	5072.93
187.93	4905.06
188.00	4634.59
188.08	4327.73
188.15	4046.97
188.23	3869.16
188.30	3858.05
188.38	4014.20
188.45	4304.84
188.53	4631.22
188.60	4936.52
188.68	5209.68
188.75	5462.23
188.83	5724.05
188.90	5968.73
188.98	6209.95
189.05	6464.20
189.13	6699.15
189.20	6901.70
189.28	7115.69
189.35	7309.93
189.43	7482.71
189.50	7640.56
189.58	7729.39
189.65	7732.75
189.73	7668.30
189.80	7510.20
189.87	7269.42
189.95	6973.92
190.02	6603.78
190.10	6199.45
190.17	5881.30
190.25	5730.37
190.32	5769.46
190.40	5994.71
190.47	6370.77
190.55	6790.23
190.62	7179.39
190.70	7513.55
190.77	7833.54
190.85	8120.98
190.92	8357.65
191.00	8555.15
191.07	8735.98
191.15	8853.88
191.22	8946.78
191.29	9016.80
191.37	9061.82
191.44	9104.19
191.52	9173.54
191.59	9235.11
191.67	9288.36
191.74	9317.62
191.82	9304.81
191.89	9268.73
191.97	9239.97
192.04	9201.92
192.12	9142.00
192.19	9016.01
192.27	8824.16
192.34	8620.80
192.41	8502.69
192.49	8495.04
192.56	8626.03
192.64	8865.97
192.71	9140.74
192.79	9364.33
192.86	9521.13
192.94	9585.48
193.01	9617.72
193.09	9664.88
193.16	9773.78
193.23	9939.04
193.31	10176.08
193.38	10461.75
193.46	10716.39
193.53	10921.10
193.61	11098.68
193.68	11242.99
193.76	11323.37
193.83	11386.94
193.91	11414.30
193.98	11426.18
194.05	11414.01
194.13	11378.27
194.20	11304.53
194.28	11213.53
194.35	11096.22
194.43	10952.24
194.50	10778.26
194.58	10583.30
194.65	10430.48
194.72	10384.10
194.80	10478.86
194.87	10711.62
194.95	11060.81
195.02	11433.79
195.10	11747.82
195.17	12006.60
195.25	12215.54
195.32	12385.34
195.39	12528.42
195.47	12644.28
195.54	12706.56
195.62	12695.56
195.69	12582.01
195.77	12354.95
195.84	12033.55
195.91	11690.10
195.99	11447.93
196.06	11361.01
196.14	11447.54
196.21	11694.25
196.29	12038.02
196.36	12387.72
196.43	12702.17
196.51	12968.64
196.58	13185.00
196.66	13348.33
196.73	13476.14
196.81	13565.40
196.88	13617.09
196.95	13629.24
197.03	13567.58
197.10	13406.38
197.18	13171.26
197.25	12896.57
197.33	12626.06
197.40	12407.88
197.47	12268.10
197.55	12244.55
197.62	12313.78
197.70	12473.64
197.77	12729.03
197.84	13043.80
197.92	13366.73
197.99	13707.63
198.07	14013.77
198.14	14260.83
198.22	14472.69
198.29	14635.22
198.36	14747.83
198.44	14834.38
198.51	14860.27
198.59	14773.27
198.66	14593.33
198.73	14302.67
198.81	13937.82
198.88	13521.77
198.96	13162.11
199.03	12949.38
199.10	12956.95
199.18	13125.95
199.25	13468.32
199.33	13923.91
199.40	14366.81
199.48	14712.08
199.55	14986.78
199.62	15202.86
199.70	15398.15
199.77	15586.99
199.85	15784.88
199.92	15943.99
199.99	16043.80
200.07	16025.09
200.14	15863.40
200.22	15506.11
200.29	14988.95
200.36	14470.57
200.44	14064.94
200.51	13860.80
200.59	13893.89
200.66	14143.43
200.73	14484.69
200.81	14840.42
200.88	15167.76
200.95	15510.39
201.03	15852.56
201.10	16186.53
201.18	16483.20
201.25	16737.45
201.32	16924.32
201.40	17064.16
201.47	17160.41
201.55	17184.79
201.62	17095.87
201.69	16847.11
201.77	16517.77
201.84	16144.46
201.92	15748.63
201.99	15360.93
202.06	15111.98
202.14	15041.47
202.21	15135.05
202.28	15407.26
202.36	15847.49
202.43	16354.19
202.51	16822.23
202.58	17198.00
202.65	17498.36
202.73	17765.44
202.80	18014.39
202.87	18256.61
202.95	18494.18
203.02	18681.95
203.10	18765.79
203.17	18750.36
203.24	18556.67
203.32	18125.45
203.39	17460.42
203.46	16756.21
203.54	16182.37
203.61	15869.51
203.69	15886.91
203.76	16244.44
203.83	16770.11
203.91	17283.81
203.98	17759.73
204.05	18196.24
204.13	18603.88
204.20	18982.09
204.28	19328.72
204.35	19603.44
204.42	19801.71
204.50	19942.69
204.57	20029.89
204.64	20061.82
204.72	20014.11
204.79	19811.41
204.86	19428.70
204.94	18956.72
205.01	18469.73
205.09	17981.87
205.16	17606.88
205.23	17450.53
205.31	17505.82
205.38	17738.03
205.45	18153.51
205.53	18711.69
205.60	19304.54
205.67	19853.60
205.75	20302.35
205.82	20649.69
205.89	20927.40
205.97	21175.75
206.04	21390.09
206.12	21603.02
206.19	21811.84
206.26	21958.84
206.34	21990.30
206.41	21868.42
206.48	21522.70
206.56	20899.17
206.63	20097.38
206.70	19293.18
206.78	18695.34
206.85	18444.13
206.92	18608.24
207.00	19097.98
207.07	19760.77
207.14	20421.31
207.22	21003.47
207.29	21504.80
207.36	21940.78
207.44	22335.73
207.51	22677.21
207.58	22995.36
207.66	23269.39
207.73	23513.36
207.80	23692.23
207.88	23793.87
207.95	23769.86
208.02	23620.47
208.10	23254.04
208.17	22642.34
208.25	21928.98
208.32	21279.41
208.39	20782.81
208.47	20557.52
208.54	20647.98
208.61	20968.18
208.69	21371.31
208.76	21805.14
208.83	22272.76
208.90	22757.92
208.98	23234.34
209.05	23690.51
209.12	24104.15
209.20	24463.24
209.27	24769.11
209.34	25033.53
209.42	25274.53
209.49	25474.35
209.56	25593.83
209.64	25643.16
209.71	25541.93
209.78	25216.98
209.86	24699.61
209.93	24099.99
210.00	23435.90
210.08	22837.01
210.15	22483.26
210.22	22440.80
210.30	22644.48
210.37	23059.21
210.44	23608.94
210.52	24186.58
210.59	24708.04
210.66	25145.45
210.74	25526.33
210.81	25860.38
210.88	26179.78
210.96	26475.67
211.03	26764.81
211.10	27032.73
211.17	27278.17
211.25	27434.28
211.32	27491.34
211.39	27417.98
211.47	27164.13
211.54	26658.98
211.61	25954.08
211.69	25268.70
211.76	24766.81
211.83	24540.24
211.91	24664.88
211.98	25083.72
212.05	25610.23
212.12	26083.04
212.20	26485.88
212.27	26811.26
212.34	27081.21
212.42	27320.91
212.49	27555.15
212.56	27785.27
212.64	28041.75
212.71	28316.99
212.78	28589.85
212.85	28831.07
212.93	29008.84
213.00	29099.40
213.07	29100.17
213.15	28920.62
213.22	28582.89
213.29	28168.05
213.37	27737.92
213.44	27351.23
213.51	27136.60
213.58	27140.57
213.66	27313.84
213.73	27596.95
213.80	27948.44
213.88	28320.13
213.95	28621.62
214.02	28842.27
214.09	29035.35
214.17	29223.66
214.24	29430.27
214.31	29684.05
214.39	29984.15
214.46	30268.95
214.53	30511.58
214.60	30689.25
214.68	30816.40
214.75	30885.65
214.82	30889.61
214.90	30785.44
214.97	30536.42
215.04	30091.81
215.11	29592.81
215.19	29184.91
215.26	28982.14
215.33	29013.52
215.41	29337.48
215.48	29795.99
215.55	30237.99
215.62	30585.40
215.70	30881.85
215.77	31114.38
215.84	31338.26
215.91	31556.88
215.99	31785.45
216.06	31990.50
216.13	32167.48
216.21	32284.93
216.28	32382.06
216.35	32477.44
216.42	32555.24
216.50	32612.21
216.57	32634.31
216.64	32561.30
216.71	32317.14
216.79	31975.14
216.86	31648.09
216.93	31388.47
217.01	31270.74
217.08	31357.23
217.15	31601.12
217.22	31896.23
217.30	32221.76
217.37	32530.26
217.44	32819.94
217.51	33071.05
217.59	33302.57
217.66	33490.90
217.73	33661.33
217.80	33808.65
217.88	33934.61
217.95	34043.40
218.02	34138.41
218.09	34229.56
218.17	34337.76
218.24	34446.41
218.31	34530.52
218.38	34577.08
218.46	34532.66
218.53	34340.30
218.60	34043.92
218.67	33716.91
218.75	33452.38
218.82	33317.96
218.89	33377.56
218.96	33612.47
219.04	33934.29
219.11	34266.19
219.18	34559.52
219.25	34802.63
219.33	35007.67
219.40	35195.45
219.47	35378.78
219.54	35541.90
219.62	35698.53
219.69	35837.75
219.76	35988.75
219.83	36113.98
219.91	36257.08
219.98	36379.79
220.05	36470.05
220.12	36507.53
220.20	36511.06
220.27	36431.18
220.34	36267.31
220.41	36028.43
220.49	35786.69
220.56	35599.41
220.63	35536.82
220.70	35609.41
220.78	35816.78
220.85	36059.80
220.92	36280.06
220.99	36454.78
221.06	36604.60
221.14	36738.58
221.21	36877.62
221.28	37039.18
221.35	37205.00
221.43	37371.63
221.50	37517.65
221.57	37655.58
221.64	37780.84
221.72	37891.85
221.79	37981.68
221.86	38063.59
221.93	38129.39
222.00	38170.34
222.08	38181.10
222.15	38132.08
222.22	38055.67
222.29	37962.86
222.37	37898.96
222.44	37875.37
222.51	37917.92
222.58	37993.78
222.65	38098.18
222.73	38192.39
222.80	38294.05
222.87	38404.83
222.94	38517.42
223.02	38642.97
223.09	38759.42
223.16	38887.09
223.23	39008.78
223.30	39148.40
223.38	39285.23
223.45	39428.20
223.52	39543.37
223.59	39654.46
223.66	39724.47
223.74	39771.35
223.81	39793.29
223.88	39806.14
223.95	39809.73
224.03	39807.49
224.10	39797.32
224.17	39803.20
224.24	39808.24
224.31	39827.13
224.39	39884.86
224.46	39963.75
224.53	40048.71
224.60	40150.97
224.67	40267.22
224.75	40370.74
224.82	40480.91
224.89	40606.18
224.96	40735.29
225.03	40851.18
225.11	40973.71
225.18	41083.53
225.25	41177.98
225.32	41258.44
225.39	41335.32
225.47	41385.31
225.54	41432.96
225.61	41451.82
225.68	41435.03
225.75	41427.52
225.83	41440.00
225.90	41471.66
225.97	41538.30
226.04	41645.05
226.11	41743.59
226.19	41844.57
226.26	41940.27
226.33	42035.55
226.40	42132.68
226.47	42227.01
226.54	42326.28
226.62	42429.68
226.69	42535.08
226.76	42633.82
226.83	42730.11
226.90	42822.98
226.98	42880.87
227.05	42924.84
227.12	42969.47
227.19	43006.98
227.26	43045.42
227.34	43102.48
227.41	43168.65
227.48	43224.38
227.55	43259.99
227.62	43289.86
227.69	43330.01
227.77	43366.67
227.84	43428.14
227.91	43509.82
227.98	43601.20
228.05	43676.28
228.12	43761.87
228.20	43835.06
228.27	43916.98
228.34	43999.95
228.41	44104.53
228.48	44201.08
228.56	44304.07
228.63	44403.59
228.70	44499.47
228.77	44574.64
228.84	44658.95
228.91	44740.02
228.99	44833.91
229.06	44938.32
229.13	45039.87
229.20	45123.93
229.27	45204.80
229.34	45268.10
229.42	45308.49
229.49	45362.17
229.56	45420.95
229.63	45474.35
229.70	45516.87
229.77	45560.10
229.85	45602.48
229.92	45635.16
229.99	45687.75
230.06	45762.52
230.13	45854.63
230.20	45947.67
230.27	46058.62
230.35	46162.38
230.42	46258.36
230.49	46362.28
230.56	46458.73
230.63	46554.09
230.70	46626.97
230.78	46697.36
230.85	46744.31
230.92	46803.35
230.99	46863.58
231.06	46961.56
231.13	47073.63
231.20	47187.84
231.28	47290.92
231.35	47386.35
231.42	47459.88
231.49	47527.25
231.56	47605.00
231.63	47676.26
231.71	47745.87
231.78	47812.06
231.85	47870.85
231.92	47925.84
231.99	47993.22
232.06	48067.15
232.13	48159.35
232.21	48250.69
232.28	48328.48
232.35	48402.60
232.42	48478.99
232.49	48548.64
232.56	48634.52
232.63	48729.82
232.71	48829.19
232.78	48910.83
232.85	48985.30
232.92	49060.43
232.99	49133.85
233.06	49199.08
233.13	49263.42
233.20	49319.78
233.28	49367.27
233.35	49409.04
233.42	49454.90
233.49	49530.05
233.56	49609.50
233.63	49689.26
233.70	49782.22
233.78	49879.94
233.85	49973.56
233.92	50058.51
233.99	50141.61
234.06	50217.54
234.13	50294.59
234.20	50365.00
234.27	50443.01
234.35	50499.57
234.42	50559.99
234.49	50612.91
234.56	50641.58
234.63	50679.36
234.70	50727.92
234.77	50770.92
234.84	50815.48
234.92	50873.31
234.99	50935.46
235.06	51002.75
235.13	51075.88
235.20	51150.25
235.27	51229.93
235.34	51308.62
235.41	51388.50
235.48	51475.70
235.56	51559.27
235.63	51630.11
235.70	51679.31
235.77	51723.16
235.84	51746.66
235.91	51762.47
235.98	51786.37
236.05	51809.68
236.12	51844.89
236.20	51880.52
236.27	51923.66
236.34	51958.43
236.41	52010.37
236.48	52049.81
236.55	52090.90
236.62	52131.45
236.69	52194.31
236.76	52254.90
236.84	52313.47
236.91	52367.63
236.98	52434.66
237.05	52479.99
237.12	52513.61
237.19	52549.08
237.26	52598.24
237.33	52636.53
237.40	52675.42
237.47	52710.82
237.55	52761.10
237.62	52821.75
237.69	52881.63
237.76	52950.40
237.83	53028.60
237.90	53091.02
237.97	53131.46
238.04	53168.55
238.11	53198.98
238.18	53244.46
238.26	53274.92
238.33	53300.95
238.40	53325.89
238.47	53357.97
238.54	53373.93
238.61	53384.40
238.68	53395.29
238.75	53415.94
238.82	53449.74
238.89	53476.88
238.96	53526.86
239.04	53583.96
239.11	53635.53
239.18	53663.49
239.25	53689.44
239.32	53707.10
239.39	53712.91
239.46	53703.18
239.53	53687.60
239.60	53674.23
239.67	53683.65
239.74	53698.08
239.81	53727.05
239.89	53769.47
239.96	53807.40
240.03	53829.23
240.10	53855.99
240.17	53875.28
240.24	53890.99
240.31	53916.67
240.38	53946.05
240.45	53996.61
240.52	54060.54
240.59	54123.72
240.66	54182.65
240.73	54235.18
240.80	54262.10
240.88	54264.11
240.95	54266.96
241.02	54277.35
241.09	54277.84
241.16	54288.90
241.23	54318.30
241.30	54313.26
241.37	54280.88
241.44	54260.44
241.51	54256.98
241.58	54254.34
241.65	54290.04
241.72	54340.44
241.79	54383.13
241.86	54391.69
241.94	54392.58
242.01	54376.76
242.08	54361.18
242.15	54357.68
242.22	54361.77
242.29	54362.90
242.36	54369.96
242.43	54366.46
242.50	54356.40
242.57	54336.00
242.64	54333.56
242.71	54330.36
242.78	54339.27
242.85	54339.56
242.92	54352.52
242.99	54356.34
243.06	54364.49
243.14	54368.02
243.21	54384.85
243.28	54392.65
243.35	54411.18
243.42	54430.35
243.49	54457.86
243.56	54471.45
243.63	54501.07
243.70	54512.15
243.77	54506.90
243.84	54495.86
243.91	54473.42
243.98	54444.43
244.05	54406.00
244.12	54381.35
244.19	54351.79
244.26	54334.51
244.33	54311.38
244.40	54295.13
244.47	54285.77
244.54	54270.40
244.62	54242.13
244.69	54214.29
244.76	54197.94
244.83	54184.76
244.90	54190.02
244.97	54214.69
245.04	54240.12
245.11	54253.40
245.18	54248.53
245.25	54250.17
245.32	54254.59
245.39	54258.29
245.46	54262.56
245.53	54253.85
245.60	54245.13
245.67	54235.04
245.74	54227.42
245.81	54213.96
245.88	54207.63
245.95	54194.85
246.02	54169.54
246.09	54123.86
246.16	54076.10
246.23	54035.16
246.30	54000.16
246.37	53994.78
246.44	54021.21
246.51	54051.37
246.58	54082.06
246.65	54097.44
246.72	54101.22
246.79	54092.80
246.87	54081.62
246.94	54071.66
247.01	54060.95
247.08	54033.34
247.15	53976.30
247.22	53909.72
247.29	53839.96
247.36	53790.71
247.43	53752.41
247.50	53742.49
247.57	53761.22
247.64	53790.38
247.71	53808.79
247.78	53827.43
247.85	53852.72
247.92	53856.92
247.99	53856.35
248.06	53841.47
248.13	53812.90
248.20	53784.08
248.27	53753.14
248.34	53727.18
248.41	53711.44
248.48	53706.39
248.55	53699.67
248.62	53699.95
248.69	53700.07
248.76	53685.89
248.83	53667.07
248.90	53631.51
248.97	53591.76
249.04	53544.97
249.11	53509.10
249.18	53472.44
249.25	53431.71
249.32	53392.05
249.39	53339.98
249.46	53288.86
249.53	53244.81
249.60	53202.76
249.67	53168.64
249.74	53170.27
249.81	53167.60
249.88	53175.78
249.95	53207.00
250.02	53241.62
250.09	53253.18
250.16	53265.72
250.23	53249.48
250.30	53235.53
250.37	53228.63
250.44	53216.60
250.51	53208.28
250.58	53218.97
250.65	53219.16
250.72	53179.86
250.79	53148.67
250.86	53112.55
250.93	53064.59
251.00	53004.67
251.07	52974.95
251.14	52948.23
251.21	52927.78
251.28	52901.81
251.35	52880.40
251.42	52865.29
251.49	52843.43
251.56	52819.30
251.63	52800.59
251.70	52800.42
251.77	52782.82
251.84	52751.45
251.91	52715.32
251.98	52673.42
252.05	52617.02
252.12	52564.75
252.18	52526.50
252.25	52503.58
252.32	52505.48
252.39	52508.04
252.46	52495.25
252.53	52478.17
252.60	52454.28
252.67	52412.30
252.74	52368.98
252.81	52356.37
252.88	52339.73
252.95	52306.45
253.02	52279.33
253.09	52264.90
253.16	52237.92
253.23	52211.74
253.30	52205.48
253.37	52198.28
253.44	52176.01
253.51	52139.92
253.58	52119.46
253.65	52100.49
253.72	52086.78
253.79	52073.39
253.86	52070.64
253.93	52056.62
254.00	52039.62
254.07	52007.97
254.14	51976.47
254.21	51937.39
254.28	51911.09
254.35	51879.80
254.41	51851.02
254.48	51821.82
254.55	51811.59
254.62	51791.70
254.69	51753.28
254.76	51722.65
254.83	51689.26
254.90	51654.55
254.97	51623.27
255.04	51609.15
255.11	51590.60
255.18	51557.18
255.25	51511.64
255.32	51455.19
255.39	51404.48
255.46	51368.55
255.53	51348.97
255.60	51332.73
255.67	51330.79
255.74	51322.37
255.81	51315.38
255.87	51317.90
255.94	51291.72
256.01	51273.66
256.08	51255.50
256.15	51235.52
256.22	51192.19
256.29	51178.44
256.36	51139.66
256.43	51115.85
256.50	51085.99
256.57	51075.48
256.64	51059.43
256.71	51047.57
256.78	51019.01
256.85	50988.40
256.92	50957.57
256.99	50941.72
257.05	50919.99
257.12	50904.69
257.19	50875.34
257.26	50826.46
257.33	50764.60
257.40	50715.99
257.47	50650.63
257.54	50612.05
257.61	50593.90
257.68	50586.76
257.75	50578.03
257.82	50586.66
257.89	50574.55
257.96	50557.80
258.03	50516.26
258.09	50457.53
258.16	50388.29
258.23	50319.61
258.30	50251.66
258.37	50204.48
258.44	50180.20
258.51	50165.18
258.58	50163.50
258.65	50163.95
258.72	50158.34
258.79	50131.89
258.86	50105.00
258.93	50071.93
258.99	50041.58
259.06	50000.78
259.13	49961.62
259.20	49917.27
259.27	49876.55
259.34	49837.20
259.41	49822.34
259.48	49821.50
259.55	49815.47
259.62	49800.13
259.69	49763.90
259.76	49707.85
259.82	49646.00
259.89	49604.10
259.96	49581.17
260.03	49559.33
260.10	49525.76
260.17	49488.41
260.24	49439.33
260.31	49375.96
260.38	49331.23
260.45	49322.50
260.52	49312.70
260.59	49285.52
260.65	49256.80
260.72	49238.93
260.79	49199.19
260.86	49160.62
260.93	49134.22
261.00	49095.05
261.07	49035.32
261.14	48962.82
261.21	48899.36
261.28	48839.74
261.34	48783.99
261.41	48722.40
261.48	48690.51
261.55	48651.99
261.62	48616.12
261.69	48590.52
261.76	48563.56
261.83	48531.38
261.90	48505.62
261.97	48478.11
262.03	48447.87
262.10	48426.78
262.17	48391.14
262.24	48360.45
262.31	48329.87
262.38	48292.81
262.45	48264.01
262.52	48237.97
262.59	48192.90
262.65	48145.28
262.72	48100.94
262.79	48059.40
262.86	48023.10
262.93	47992.46
263.00	47967.50
263.07	47932.90
263.14	47888.63
263.21	47852.94
263.27	47822.54
263.34	47787.91
263.41	47761.23
263.48	47723.14
263.55	47662.36
263.62	47586.81
263.69	47518.99
263.76	47451.41
263.82	47405.16
263.89	47370.60
263.96	47353.89
264.03	47324.86
264.10	47297.22
264.17	47245.60
264.24	47185.72
264.31	47134.24
264.38	47089.86
264.44	47042.25
264.51	47001.72
264.58	46965.86
264.65	46922.40
264.72	46852.48
264.79	46797.38
264.86	46757.20
264.92	46721.91
264.99	46697.75
265.06	46683.88
265.13	46651.27
265.20	46624.82
265.27	46595.13
265.34	46546.53
265.41	46519.72
265.47	46498.70
265.54	46462.35
265.61	46436.03
265.68	46419.36
265.75	46378.86
265.82	46329.00
265.89	46276.90
265.95	46221.07
266.02	46144.01
266.09	46086.55
266.16	46055.66
266.23	46023.15
266.30	45982.20
266.37	45937.40
266.44	45873.57
266.50	45804.65
266.57	45735.47
266.64	45662.26
266.71	45617.36
266.78	45578.00
266.85	45517.48
266.91	45462.90
266.98	45427.02
267.05	45373.62
267.12	45337.62
267.19	45320.62
267.26	45305.42
267.33	45279.57
267.39	45263.00
267.46	45241.89
267.53	45205.50
267.60	45165.39
267.67	45120.16
267.74	45083.33
267.81	45036.54
267.87	44999.75
267.94	44971.69
268.01	44952.21
268.08	44908.60
268.15	44859.52
268.22	44807.90
268.28	44749.63
268.35	44672.33
268.42	44607.67
268.49	44558.23
268.56	44503.68
268.63	44454.52
268.69	44424.04
268.76	44393.59
268.83	44360.95
268.90	44344.67
268.97	44332.41
269.04	44319.16
269.11	44301.60
269.17	44276.35
269.24	44244.38
269.31	44207.94
269.38	44168.53
269.45	44128.55
269.52	44095.62
269.58	44068.35
269.65	44020.75
269.72	43972.61
269.79	43945.00
269.86	43910.98
269.92	43857.93
269.99	43830.95
270.06	43785.72
270.13	43729.24
270.20	43677.85
270.27	43653.70
270.33	43615.71
270.40	43584.34
270.47	43556.92
270.54	43544.35
270.61	43512.01
270.68	43498.66
270.74	43494.99
270.81	43483.34
270.88	43450.53
270.95	43416.57
271.02	43358.03
271.08	43302.74
271.15	43234.51
271.22	43184.98
271.29	43138.02
271.36	43083.40
271.43	43038.38
271.49	43012.47
271.56	42979.82
271.63	42953.06
271.70	42938.47
271.77	42928.79
271.83	42902.92
271.90	42862.28
271.97	42821.09
272.04	42779.99
272.11	42737.26
272.17	42711.66
272.24	42693.96
272.31	42672.43
272.38	42657.61
272.45	42638.89
272.52	42610.46
272.58	42590.61
272.65	42582.85
272.72	42563.26
272.79	42526.58
272.86	42490.00
272.92	42445.88
272.99	42394.63
273.06	42349.62
273.13	42311.74
273.20	42276.55
273.26	42242.16
273.33	42201.18
273.40	42164.46
273.47	42141.26
273.54	42121.37
273.60	42099.43
273.67	42080.35
273.74	42065.68
273.81	42034.62
273.88	42027.70
273.94	42029.99
274.01	42039.86
274.08	42047.34
274.15	42046.39
274.21	42020.99
274.28	41971.82
274.35	41911.74
274.42	41836.26
274.49	41764.10
274.55	41711.98
274.62	41684.93
274.69	41646.67
274.76	41618.03
274.83	41606.89
274.89	41582.03
274.96	41539.76
275.03	41509.69
275.10	41481.46
275.17	41450.97
275.23	41407.75
275.30	41368.35
275.37	41349.49
275.44	41331.91
275.50	41305.20
275.57	41283.88
275.64	41248.01
275.71	41201.87
275.78	41151.09
275.84	41114.08
275.91	41084.06
275.98	41071.22
276.05	41049.69
276.11	41023.59
276.18	40997.34
276.25	40947.45
276.32	40893.84
276.39	40838.12
276.45	40788.11
276.52	40722.57
276.59	40680.99
276.66	40656.48
276.72	40635.46
276.79	40623.49
276.86	40615.98
276.93	40605.35
276.99	40567.14
277.06	40531.06
277.13	40489.83
277.20	40457.03
277.26	40419.21
277.33	40411.74
277.40	40402.70
277.47	40386.48
277.54	40358.43
277.60	40328.38
277.67	40277.58
277.74	40206.62
277.81	40141.21
277.87	40087.57
277.94	40029.30
278.01	39988.77
278.08	39960.34
278.14	39937.23
278.21	39921.66
278.28	39924.13
278.35	39916.24
278.41	39922.85
278.48	39928.57
278.55	39916.10
278.62	39901.08
278.68	39873.47
278.75	39815.13
278.82	39752.80
278.89	39690.22
278.95	39618.27
279.02	39564.69
279.09	39550.38
279.16	39544.03
279.22	39547.52
279.29	39555.43
279.36	39557.77
279.43	39532.23
279.49	39480.58
279.56	39403.02
279.63	39305.37
279.70	39211.33
279.76	39131.87
279.83	39083.47
279.90	39062.58
279.97	39050.12
280.03	39040.87
280.10	39024.82
280.17	38995.85
280.24	38969.59
280.30	38948.47
280.37	38919.22
280.44	38894.49
280.51	38868.54
280.57	38838.32
280.64	38798.48
280.71	38761.47
280.77	38717.63
280.84	38656.24
280.91	38585.99
280.98	38512.09
281.04	38432.67
281.11	38349.16
281.18	38280.34
281.25	38202.17
281.31	38132.45
281.38	38057.92
281.45	37987.01
281.52	37920.34
281.58	37863.22
281.65	37810.84
281.72	37766.01
281.78	37737.82
281.85	37707.56
281.92	37688.59
281.99	37676.87
282.05	37656.54
282.12	37637.38
282.19	37619.37
282.26	37608.22
282.32	37590.78
282.39	37592.14
282.46	37569.73
282.52	37555.30
282.59	37528.66
282.66	37522.45
282.73	37498.66
282.79	37478.71
282.86	37445.33
282.93	37395.33
282.99	37315.09
283.06	37242.34
283.13	37150.57
283.20	37049.46
283.26	36960.28
283.33	36887.39
283.40	36804.79
283.46	36769.38
283.53	36738.30
283.60	36721.33
283.67	36707.98
283.73	36718.88
283.80	36710.60
283.87	36716.75
283.93	36723.19
284.00	36712.56
284.07	36695.57
284.13	36669.02
284.20	36638.12
284.27	36598.35
284.34	36573.17
284.40	36545.28
284.47	36531.63
284.54	36517.68
284.60	36503.31
284.67	36479.44
284.74	36447.80
284.81	36412.62
284.87	36375.44
284.94	36316.59
285.01	36258.49
285.07	36187.67
285.14	36116.80
285.21	36058.26
285.27	36017.63
285.34	35989.64
285.41	35986.18
285.47	35986.51
285.54	35980.57
285.61	35968.28
285.68	35961.84
285.74	35951.66
285.81	35944.09
285.88	35939.83
285.94	35943.04
286.01	35942.60
286.08	35947.82
286.14	35941.90
286.21	35934.65
286.28	35932.98
286.34	35904.93
286.41	35857.43
286.48	35800.36
286.55	35731.90
286.61	35659.87
286.68	35602.39
286.75	35541.87
286.81	35490.02
286.88	35439.76
286.95	35396.41
287.01	35367.11
287.08	35357.79
287.15	35358.22
287.21	35366.21
287.28	35369.02
287.35	35361.02
287.41	35345.72
287.48	35338.13
287.55	35328.98
287.61	35316.94
287.68	35307.80
287.75	35291.59
287.81	35260.72
287.88	35237.85
287.95	35237.53
288.01	35218.91
288.08	35208.44
288.15	35184.03
288.21	35156.59
288.28	35108.02
288.35	35083.46
288.41	35050.53
288.48	35032.62
288.55	34998.77
288.61	34953.24
288.68	34891.28
288.75	34839.30
288.81	34787.75
288.88	34753.60
288.95	34735.63
289.01	34739.97
289.08	34754.43
289.15	34773.57
289.21	34795.41
289.28	34806.94
289.35	34820.98
289.41	34813.08
289.48	34814.98
289.55	34809.75
289.61	34794.39
289.68	34778.65
289.75	34764.50
289.81	34728.62
289.88	34696.09
289.95	34672.34
290.01	34619.27
290.08	34579.81
290.15	34547.76
290.21	34516.52
290.28	34488.06
290.35	34477.01
290.41	34456.40
290.48	34426.86
290.55	34379.14
290.61	34329.56
290.68	34286.72
290.74	34265.06
290.81	34261.87
290.88	34276.53
290.94	34303.06
291.01	34322.27
291.08	34338.40
291.14	34353.97
291.21	34359.54
291.28	34364.85
291.34	34374.98
291.41	34372.42
291.48	34365.66
291.54	34363.11
291.61	34355.85
291.68	34330.84
291.74	34297.32
291.81	34252.11
291.87	34220.80
291.94	34171.84
292.01	34133.55
292.07	34096.01
292.14	34057.88
292.21	34004.16
292.27	33957.02
292.34	33917.65
292.41	33896.59
292.47	33872.74
292.54	33864.88
292.60	33869.75
292.67	33879.69
292.74	33884.25
292.80	33912.11
292.87	33931.99
292.94	33953.29
293.00	33974.89
293.07	33986.47
293.13	34003.18
293.20	34023.28
293.27	34043.50
293.33	34037.85
293.40	34046.59
293.47	34029.56
293.53	34005.94
293.60	33972.94
293.66	33934.53
293.73	33872.41
293.80	33805.54
293.86	33744.30
293.93	33684.90
294.00	33635.43
294.06	33605.05
294.13	33594.24
294.19	33574.56
294.26	33565.74
294.33	33563.57
294.39	33552.48
294.46	33541.97
294.52	33535.99
294.59	33528.63
294.66	33534.19
294.72	33553.46
294.79	33582.08
294.86	33608.39
294.92	33642.25
294.99	33677.86
295.05	33708.53
295.12	33725.56
295.19	33754.56
295.25	33771.49
295.32	33776.86
295.38	33767.39
295.45	33764.96
295.52	33751.11
295.58	33709.82
295.65	33672.57
295.71	33633.52
295.78	33561.05
295.85	33478.56
295.91	33416.58
295.98	33338.15
296.04	33258.12
296.11	33212.97
296.18	33187.80
296.24	33183.58
296.31	33186.94
296.37	33217.09
296.44	33259.82
296.51	33305.84
296.57	33338.72
296.64	33389.22
296.70	33428.72
296.77	33450.27
296.84	33461.92
296.90	33477.56
296.97	33475.97
297.03	33488.50
297.10	33501.62
297.17	33525.63
297.23	33546.20
297.30	33567.35
297.36	33570.75
297.43	33568.69
297.50	33549.96
297.56	33520.10
297.63	33482.89
297.69	33423.68
297.76	33348.77
297.82	33263.85
297.89	33178.10
297.96	33103.90
298.02	33051.62
298.09	33012.39
298.15	32991.43
298.22	32992.54
298.29	32989.71
298.35	32990.05
298.42	33003.74
298.48	33019.85
298.55	33033.18
298.61	33069.01
298.68	33116.82
298.75	33154.24
298.81	33185.06
298.88	33223.62
298.94	33240.98
299.01	33264.12
299.08	33286.70
299.14	33309.59
299.21	33317.91
299.27	33336.17
299.34	33327.05
299.40	33320.01
299.47	33312.54
299.54	33300.97
299.60	33276.84
299.67	33255.18
299.73	33212.35
299.80	33138.90
299.86	33033.95
299.93	32928.34
299.99	32821.69
300.06	32726.96
300.13	32668.19
300.19	32654.99
300.26	32658.25
300.32	32679.22
300.39	32707.12
300.45	32735.97
300.52	32777.85
300.59	32816.12
300.65	32858.54
300.72	32909.43
300.78	32953.08
300.85	32985.14
300.91	33000.28
300.98	32997.70
301.04	32997.98
301.11	33000.27
301.18	33000.19
301.24	33004.76
301.31	33004.95
301.37	32997.72
301.44	32985.61
301.50	32956.39
301.57	32933.00
301.63	32923.29
301.70	32881.87
301.77	32828.35
301.83	32762.88
301.90	32676.34
301.96	32569.18
302.03	32479.75
302.09	32405.69
302.16	32347.79
302.22	32317.74
302.29	32290.34
302.36	32280.75
302.42	32275.64
302.49	32290.16
302.55	32300.75
302.62	32325.90
302.68	32355.92
302.75	32386.95
302.81	32399.23
302.88	32404.93
302.94	32405.55
303.01	32405.30
303.07	32400.35
303.14	32401.08
303.21	32391.80
303.27	32384.75
303.34	32371.35
303.40	32343.66
303.47	32318.94
303.53	32291.93
303.60	32273.51
303.66	32239.05
303.73	32214.75
303.79	32166.58
303.86	32124.81
303.92	32066.08
303.99	31997.23
304.05	31905.70
304.12	31816.25
304.19	31732.14
304.25	31644.60
304.32	31577.20
304.38	31538.47
304.45	31515.30
304.51	31502.01
304.58	31504.43
304.64	31520.66
304.71	31532.96
304.77	31532.61
304.84	31528.20
304.90	31529.62
304.97	31507.51
305.03	31490.69
305.10	31480.67
305.16	31470.88
305.23	31452.76
305.29	31447.76
305.36	31415.52
305.42	31394.95
305.49	31366.69
305.56	31330.40
305.62	31286.76
305.69	31257.31
305.75	31211.56
305.82	31139.93
305.88	31037.87
305.95	30913.99
306.01	30786.29
306.08	30648.52
306.14	30535.01
306.21	30445.88
306.27	30372.14
306.34	30313.93
306.40	30274.64
306.47	30249.96
306.53	30255.36
306.60	30278.40
306.66	30301.59
306.73	30317.44
306.79	30323.20
306.86	30309.88
306.92	30283.72
306.99	30255.09
307.05	30237.55
307.12	30219.93
307.18	30196.79
307.25	30174.11
307.31	30139.06
307.38	30101.49
307.44	30055.65
307.51	30015.64
307.57	29971.10
307.64	29937.25
307.70	29897.79
307.77	29864.11
307.83	29816.89
307.90	29779.22
307.96	29735.48
308.03	29682.72
308.09	29625.19
308.16	29576.10
308.22	29516.16
308.29	29447.52
308.35	29390.08
308.42	29333.91
308.48	29256.67
308.55	29179.46
308.61	29112.29
308.68	29050.54
308.74	28978.86
308.81	28948.15
308.87	28922.74
308.94	28903.84
309.00	28872.83
309.07	28861.89
309.13	28824.68
309.20	28794.64
309.26	28754.58
309.33	28713.53
309.39	28667.39
309.45	28623.59
309.52	28572.47
309.58	28525.32
309.65	28476.99
309.71	28420.59
309.78	28371.40
309.84	28321.54
309.91	28274.18
309.97	28222.23
310.04	28179.36
310.10	28135.69
310.17	28086.03
310.23	28034.35
310.30	27992.36
310.36	27943.03
310.43	27881.90
310.49	27824.04
310.56	27759.80
310.62	27693.16
310.69	27623.09
310.75	27559.66
310.81	27499.68
310.88	27455.93
310.94	27409.18
311.01	27366.11
311.07	27337.60
311.14	27299.19
311.20	27242.32
311.27	27201.57
311.33	27169.89
311.40	27119.38
311.46	27084.02
311.53	27056.90
311.59	27022.72
311.66	26989.31
311.72	26951.49
311.78	26909.93
311.85	26876.21
311.91	26843.49
311.98	26796.87
312.04	26760.04
312.11	26728.62
312.17	26685.41
312.24	26638.61
312.30	26588.11
312.37	26526.86
312.43	26464.88
312.50	26408.66
312.56	26350.23
312.62	26288.66
312.69	26243.38
312.75	26185.52
312.82	26117.57
312.88	26048.03
312.95	25996.52
313.01	25941.28
313.08	25885.88
313.14	25840.88
313.20	25797.80
313.27	25743.87
313.33	25689.66
313.40	25649.67
313.46	25598.12
313.53	25552.82
313.59	25515.39
313.66	25487.59
313.72	25456.43
313.78	25427.12
313.85	25391.59
313.91	25357.24
313.98	25316.58
314.04	25264.81
314.11	25226.36
314.17	25182.09
314.24	25130.78
314.30	25081.06
314.36	25039.92
314.43	24997.38
314.49	24950.57
314.56	24905.27
314.62	24854.42
314.69	24798.86
314.75	24745.43
314.81	24699.31
314.88	24652.18
314.94	24605.61
315.01	24565.61
315.07	24514.84
315.14	24475.80
315.20	24438.67
315.27	24395.64
315.33	24362.14
315.39	24323.69
315.46	24272.20
315.52	24219.57
315.59	24178.85
315.65	24123.78
315.72	24081.02
315.78	24042.14
315.84	24008.86
315.91	23972.14
315.97	23943.74
316.04	23930.19
316.10	23903.54
316.16	23866.85
316.23	23801.45
316.29	23702.64
316.36	23560.80
316.42	23405.20
316.49	23226.72
316.55	23037.57
316.61	22846.03
316.68	22644.88
316.74	22443.90
316.81	22237.43
316.87	22035.71
316.93	21829.71
317.00	21628.66
317.06	21425.20
317.13	21213.92
317.19	21009.14
317.26	20800.66
317.32	20594.12
317.38	20390.46
317.45	20189.54
317.51	19989.89
317.58	19796.00
317.64	19598.82
317.70	19398.46
317.77	19207.92
317.83	19014.26
317.90	18817.93
317.96	18616.73
318.02	18425.14
318.09	18240.24
318.15	18044.71
318.22	17853.82
318.28	17664.52
318.34	17461.87
318.41	17248.41
318.47	17044.67
318.54	16847.97
318.60	16659.48
318.66	16475.61
318.73	16295.42
318.79	16117.05
318.86	15929.39
318.92	15745.48
318.98	15569.92
319.05	15389.45
319.11	15213.44
319.18	15036.15
319.24	14856.47
319.30	14666.22
319.37	14498.39
319.43	14317.40
319.50	14142.99
319.56	13963.35
319.62	13794.31
319.69	13615.34
319.75	13445.93
319.82	13282.23
319.88	13118.92
319.94	12952.80
320.01	12787.37
320.07	12610.00
320.13	12444.07
320.20	12272.22
320.26	12103.55
320.33	11932.28
320.39	11776.69
320.45	11602.42
320.52	11443.93
320.58	11278.10
320.65	11114.81
320.71	10950.76
320.77	10791.16
320.84	10624.78
320.90	10470.30
320.96	10308.36
321.03	10138.66
321.09	9969.95
321.16	9801.37
321.22	9626.05
321.28	9462.00
321.35	9307.93
321.41	9149.53
321.47	8994.64
321.54	8844.28
321.60	8684.49
321.67	8524.56
321.73	8369.17
321.79	8211.13
321.86	8053.90
321.92	7895.75
321.98	7726.88
322.05	7558.04
322.11	7384.24
322.18	7203.08
322.24	7031.91
322.30	6866.93
322.37	6711.89
322.43	6554.37
322.49	6405.88
322.56	6246.50
322.62	6092.64
322.68	5925.87
322.75	5773.54
322.81	5611.14
322.88	5451.51
322.94	5294.41
323.00	5138.58
323.07	4980.01
323.13	4830.37
323.19	4681.91
323.26	4532.99
323.32	4388.35
323.38	4241.95
323.45	4037.41
323.51	3455.13
323.57	2650.41
323.64	1811.79
323.70	1004.22
323.76	281.67
323.83	-28.70
323.89	-89.17
323.96	-89.50
