180.25	3491.97
180.33	-129.96
180.40	647.81
180.48	-40.06
180.56	-0.90
180.63	29.53
180.71	66.26
180.78	66.32
180.86	67.55
180.93	71.58
181.01	74.50
181.08	72.53
181.16	71.60
181.23	73.09
181.31	72.40
181.39	92.84
181.46	101.20
181.54	110.80
181.61	124.86
181.69	132.92
181.76	127.24
181.84	122.71
181.91	124.45
181.99	126.55
182.06	127.98
182.14	133.94
182.22	140.54
182.29	151.90
182.37	157.03
182.44	170.50
182.52	170.36
182.59	187.60
182.67	195.74
182.74	201.98
182.82	205.85
182.89	214.38
182.97	213.48
183.04	222.10
183.12	232.59
183.20	253.63
183.27	270.38
183.35	303.90
183.42	333.77
183.50	378.78
183.57	411.12
183.65	462.40
183.72	512.70
183.80	572.51
183.87	623.58
183.95	676.29
184.02	729.04
184.10	763.51
184.17	784.58
184.25	784.92
184.32	772.88
184.40	740.81
184.47	689.60
184.55	642.57
184.62	636.54
184.70	665.02
184.78	719.95
184.85	834.72
184.93	970.56
185.00	1103.14
185.08	1238.68
185.15	1371.88
185.23	1503.58
185.30	1628.26
185.38	1745.64
185.45	1857.66
185.53	1979.89
185.60	2089.86
185.68	2217.46
185.75	2317.34
185.83	2394.53
185.90	2436.60
185.98	2413.66
186.05	2319.84
186.13	2197.04
186.20	2034.73
186.28	1889.44
186.35	1837.74
186.43	1885.40
186.50	2030.84
186.58	2262.48
186.65	2519.27
186.73	2771.41
186.80	2996.06
186.88	3197.01
186.95	3401.18
187.03	3600.64
187.10	3781.12
187.18	3989.08
187.25	4182.60
187.33	4375.37
187.40	4585.04
187.48	4778.80
187.55	4938.20
187.63	5076.62
187.70	5134.69
187.78	5123.72
187.85	5069.10
187.93	4903.75
188.00	4637.33
188.08	4326.63
188.15	4053.13
188.23	3881.25
188.30	3870.10
188.38	4027.06
188.45	4318.94
188.53	4646.03
188.60	4949.75
188.68	5224.18
188.75	5471.80
188.83	5737.91
188.90	5982.76
188.98	6224.08
189.05	6478.03
189.13	6714.57
189.20	6916.38
189.28	7127.73
189.35	7318.12
189.43	7490.16
189.50	7649.40
189.58	7737.19
189.65	7740.59
189.73	7677.60
189.80	7518.57
189.87	7275.22
189.95	6975.96
190.02	6607.77
190.10	6205.53
190.17	5889.79
190.25	5740.08
190.32	5782.44
190.40	6006.58
190.47	6378.73
190.55	6795.53
190.62	7186.78
190.70	7523.92
190.77	7835.12
190.85	8122.18
190.92	8351.12
191.00	8548.32
191.07	8720.65
191.15	8845.05
191.22	8938.73
191.29	9016.36
191.37	9061.58
191.44	9107.89
191.52	9178.84
191.59	9243.18
191.67	9297.22
191.74	9324.37
191.82	9307.46
191.89	9270.47
191.97	9242.17
192.04	9206.06
192.12	9144.37
192.19	9027.10
192.27	8833.48
192.34	8629.85
192.41	8505.00
192.49	8497.98
192.56	8627.94
192.64	8878.76
192.71	9159.89
192.79	9387.16
192.86	9551.60
192.94	9617.44
193.01	9641.56
193.09	9685.48
193.16	9792.17
193.23	9964.14
193.31	10199.43
193.38	10487.20
193.46	10740.88
193.53	10951.58
193.61	11118.06
193.68	11257.86
193.76	11337.45
193.83	11392.16
193.91	11431.86
193.98	11444.97
194.05	11442.08
194.13	11409.12
194.20	11339.62
194.28	11240.74
194.35	11123.37
194.43	10978.39
194.50	10803.06
194.58	10617.43
194.65	10458.90
194.72	10407.01
194.80	10490.86
194.87	10716.84
194.95	11063.00
195.02	11441.13
195.10	11753.58
195.17	12014.66
195.25	12224.98
195.32	12399.46
195.39	12535.75
195.47	12652.04
195.54	12718.33
195.62	12716.09
195.69	12602.30
195.77	12377.14
195.84	12067.06
195.91	11730.68
195.99	11485.26
196.06	11399.02
196.14	11493.90
196.21	11736.74
196.29	12073.60
196.36	12423.31
196.43	12727.42
196.51	12983.83
196.58	13194.94
196.66	13354.40
196.73	13469.61
196.81	13557.22
196.88	13609.65
196.95	13626.39
197.03	13574.29
197.10	13427.06
197.18	13201.10
197.25	12932.04
197.33	12666.80
197.40	12450.56
197.47	12314.05
197.55	12288.42
197.62	12356.51
197.70	12502.75
197.77	12752.72
197.84	13064.63
197.92	13390.31
197.99	13723.78
198.07	14040.75
198.14	14287.84
198.22	14498.20
198.29	14665.27
198.36	14783.18
198.44	14869.20
198.51	14892.21
198.59	14805.92
198.66	14619.26
198.73	14330.96
198.81	13965.33
198.88	13557.85
198.96	13197.98
199.03	12985.15
199.10	12994.29
199.18	13163.99
199.25	13502.69
199.33	13959.25
199.40	14402.57
199.48	14745.88
199.55	15017.70
199.62	15224.50
199.70	15413.26
199.77	15596.36
199.85	15789.12
199.92	15949.02
199.99	16059.28
200.07	16045.73
200.14	15891.46
200.22	15539.16
200.29	15036.28
200.36	14518.22
200.44	14117.33
200.51	13910.04
200.59	13951.56
200.66	14198.44
200.73	14545.16
200.81	14893.96
200.88	15221.17
200.95	15547.88
201.03	15876.52
201.10	16206.04
201.18	16508.58
201.25	16768.22
201.32	16959.72
201.40	17105.76
201.47	17189.75
201.55	17206.84
201.62	17110.70
201.69	16867.82
201.77	16537.29
201.84	16178.24
201.92	15789.57
201.99	15406.08
202.06	15154.08
202.14	15081.83
202.21	15175.99
202.28	15450.32
202.36	15891.94
202.43	16407.44
202.51	16869.80
202.58	17244.51
202.65	17533.88
202.73	17797.57
202.80	18038.56
202.87	18281.38
202.95	18507.66
203.02	18699.17
203.10	18783.62
203.17	18761.12
203.24	18569.95
203.32	18150.36
203.39	17496.84
203.46	16807.03
203.54	16245.67
203.61	15950.45
203.69	15966.32
203.76	16311.01
203.83	16818.25
203.91	17332.32
203.98	17794.10
204.05	18225.34
204.13	18631.08
204.20	19006.28
204.28	19346.23
204.35	19617.57
204.42	19815.38
204.50	19960.12
204.57	20050.73
204.64	20076.53
204.72	20030.30
204.79	19830.76
204.86	19454.14
204.94	18986.53
205.01	18503.09
205.09	18018.68
205.16	17649.94
205.23	17492.45
205.31	17554.86
205.38	17791.16
205.45	18208.82
205.53	18758.50
205.60	19350.68
205.67	19888.76
205.75	20331.59
205.82	20674.42
205.89	20943.66
205.97	21176.07
206.04	21388.95
206.12	21604.89
206.19	21810.29
206.26	21965.36
206.34	22015.79
206.41	21901.97
206.48	21559.15
206.56	20950.68
206.63	20157.19
206.70	19362.00
206.78	18762.27
206.85	18517.98
206.92	18673.57
207.00	19161.58
207.07	19809.94
207.14	20474.02
207.22	21050.04
207.29	21553.58
207.36	21994.92
207.44	22388.08
207.51	22722.94
207.58	23033.92
207.66	23299.60
207.73	23533.92
207.80	23715.67
207.88	23816.47
207.95	23799.59
208.02	23663.70
208.10	23307.16
208.17	22701.23
208.25	22001.72
208.32	21362.60
208.39	20863.10
208.47	20636.89
208.54	20729.10
208.61	21045.25
208.69	21445.86
208.76	21879.41
208.83	22338.49
208.90	22816.70
208.98	23287.45
209.05	23736.55
209.12	24142.48
209.20	24499.39
209.27	24798.10
209.34	25060.41
209.42	25293.37
209.49	25493.35
209.56	25610.60
209.64	25661.55
209.71	25550.45
209.78	25231.80
209.86	24723.54
209.93	24133.61
210.00	23484.47
210.08	22907.33
210.15	22561.76
210.22	22518.60
210.30	22716.45
210.37	23122.17
210.44	23657.78
210.52	24219.98
210.59	24734.95
210.66	25165.83
210.74	25542.96
210.81	25880.21
210.88	26206.54
210.96	26488.75
211.03	26780.63
211.10	27057.61
211.17	27302.44
211.25	27456.39
211.32	27524.28
211.39	27456.84
211.47	27194.77
211.54	26688.21
211.61	25995.10
211.69	25322.36
211.76	24826.65
211.83	24612.42
211.91	24753.26
211.98	25174.17
212.05	25690.27
212.12	26157.34
212.20	26552.87
212.27	26873.08
212.34	27136.00
212.42	27378.40
212.49	27604.84
212.56	27828.78
212.64	28068.89
212.71	28336.74
212.78	28601.64
212.85	28846.60
212.93	29017.74
213.00	29111.88
213.07	29112.19
213.15	28945.76
213.22	28606.84
213.29	28204.50
213.37	27786.64
213.44	27408.36
213.51	27192.14
213.58	27200.01
213.66	27360.22
213.73	27633.90
213.80	27988.74
213.88	28355.82
213.95	28650.61
214.02	28884.08
214.09	29079.52
214.17	29263.94
214.24	29471.74
214.31	29728.24
214.39	30010.02
214.46	30285.54
214.53	30522.54
214.60	30694.13
214.68	30823.19
214.75	30910.11
214.82	30918.37
214.90	30817.64
214.97	30567.28
215.04	30127.88
215.11	29631.40
215.19	29230.04
215.26	29029.28
215.33	29075.33
215.41	29392.08
215.48	29843.30
215.55	30278.79
215.62	30623.39
215.70	30899.86
215.77	31138.26
215.84	31365.72
215.91	31578.34
215.99	31803.25
216.06	32016.53
216.13	32197.50
216.21	32316.98
216.28	32419.20
216.35	32515.28
216.42	32587.46
216.50	32623.72
216.57	32641.32
216.64	32568.97
216.71	32331.74
216.79	32007.96
216.86	31693.02
216.93	31438.45
217.01	31325.58
217.08	31409.34
217.15	31645.99
217.22	31945.77
217.30	32264.13
217.37	32567.66
217.44	32849.42
217.51	33100.50
217.59	33327.72
217.66	33523.25
217.73	33697.80
217.80	33842.20
217.88	33967.28
217.95	34075.07
218.02	34169.00
218.09	34254.44
218.17	34359.83
218.24	34464.52
218.31	34548.19
218.38	34591.93
218.46	34553.87
218.53	34370.50
218.60	34075.27
218.67	33746.34
218.75	33486.51
218.82	33355.72
218.89	33412.94
218.96	33645.45
219.04	33970.58
219.11	34289.28
219.18	34578.44
219.25	34826.59
219.33	35036.30
219.40	35220.02
219.47	35402.20
219.54	35563.90
219.62	35711.20
219.69	35847.89
219.76	35997.86
219.83	36129.32
219.91	36264.15
219.98	36392.34
220.05	36490.98
220.12	36542.42
220.20	36537.94
220.27	36465.16
220.34	36293.27
220.41	36050.53
220.49	35807.56
220.56	35645.45
220.63	35578.66
220.70	35658.98
220.78	35862.32
220.85	36094.50
220.92	36298.42
220.99	36479.54
221.06	36633.41
221.14	36763.54
221.21	36901.24
221.28	37056.69
221.35	37218.94
221.43	37369.86
221.50	37506.14
221.57	37638.14
221.64	37768.13
221.72	37884.32
221.79	37987.36
221.86	38071.10
221.93	38136.44
222.00	38174.80
222.08	38188.38
222.15	38139.66
222.22	38074.42
222.29	38001.72
222.37	37950.14
222.44	37919.44
222.51	37958.18
222.58	38024.03
222.65	38103.99
222.73	38181.22
222.80	38281.23
222.87	38395.88
222.94	38517.93
223.02	38648.93
223.09	38779.96
223.16	38898.64
223.23	39017.34
223.30	39155.24
223.38	39303.76
223.45	39432.59
223.52	39554.44
223.59	39668.21
223.66	39738.98
223.74	39775.90
223.81	39796.52
223.88	39820.17
223.95	39817.84
224.03	39816.87
224.10	39814.82
224.17	39826.26
224.24	39818.71
224.31	39843.73
224.39	39900.46
224.46	39976.00
224.53	40062.22
224.60	40162.71
224.67	40264.48
224.75	40364.91
224.82	40476.66
224.89	40603.01
224.96	40740.50
225.03	40852.39
225.11	40956.67
225.18	41062.06
225.25	41157.10
225.32	41232.54
225.39	41311.84
225.47	41381.10
225.54	41425.89
225.61	41435.04
225.68	41430.31
225.75	41428.68
225.83	41442.92
225.90	41483.12
225.97	41551.75
226.04	41647.42
226.11	41744.93
226.19	41838.88
226.26	41926.67
226.33	42029.50
226.40	42121.70
226.47	42225.47
226.54	42330.34
226.62	42429.25
226.69	42516.12
226.76	42614.10
226.83	42710.21
226.90	42798.99
226.98	42856.32
227.05	42913.85
227.12	42961.54
227.19	42991.30
227.26	43038.24
227.34	43109.15
227.41	43167.66
227.48	43230.80
227.55	43274.04
227.62	43295.96
227.69	43326.71
227.77	43372.54
227.84	43425.95
227.91	43509.40
227.98	43597.42
228.05	43667.70
228.12	43741.83
228.20	43814.16
228.27	43886.12
228.34	43971.48
228.41	44072.90
228.48	44175.33
228.56	44276.68
228.63	44374.42
228.70	44457.12
228.77	44536.86
228.84	44625.25
228.91	44717.56
228.99	44809.94
229.06	44925.50
229.13	45030.68
229.20	45129.03
229.27	45197.70
229.34	45269.33
229.42	45319.68
229.49	45378.05
229.56	45420.15
229.63	45480.04
229.70	45523.74
229.77	45570.42
229.85	45614.12
229.92	45655.09
229.99	45698.50
230.06	45766.58
230.13	45844.26
230.20	45938.74
230.27	46047.30
230.35	46160.40
230.42	46264.40
230.49	46367.98
230.56	46461.84
230.63	46564.44
230.70	46634.36
230.78	46691.14
230.85	46744.86
230.92	46803.23
230.99	46846.01
231.06	46942.67
231.13	47067.07
231.20	47177.69
231.28	47277.54
231.35	47384.58
231.42	47453.93
231.49	47521.11
231.56	47599.37
231.63	47674.17
231.71	47733.11
231.78	47799.74
231.85	47849.19
231.92	47892.96
231.99	47948.32
232.06	48025.68
232.13	48114.29
232.21	48211.17
232.28	48311.07
232.35	48388.96
232.42	48459.52
232.49	48534.26
232.56	48619.16
232.63	48691.98
232.71	48791.96
232.78	48884.92
232.85	48972.62
232.92	49039.16
232.99	49124.72
233.06	49198.66
233.13	49260.14
233.20	49305.45
233.28	49356.42
233.35	49388.40
233.42	49436.24
233.49	49503.66
233.56	49592.34
233.63	49682.65
233.70	49787.00
233.78	49884.56
233.85	49984.01
233.92	50059.44
233.99	50139.27
234.06	50216.48
234.13	50294.57
234.20	50361.14
234.27	50433.92
234.35	50488.48
234.42	50546.02
234.49	50598.51
234.56	50636.11
234.63	50675.77
234.70	50719.04
234.77	50752.74
234.84	50784.95
234.92	50841.64
234.99	50905.06
235.06	50982.71
235.13	51068.60
235.20	51153.39
235.27	51220.35
235.34	51298.98
235.41	51360.82
235.48	51429.26
235.56	51498.54
235.63	51577.48
235.70	51625.62
235.77	51675.40
235.84	51700.72
235.91	51719.81
235.98	51739.05
236.05	51766.48
236.12	51805.79
236.20	51843.47
236.27	51898.64
236.34	51944.10
236.41	51991.43
236.48	52025.48
236.55	52070.92
236.62	52106.44
236.69	52156.53
236.76	52230.89
236.84	52298.66
236.91	52362.98
236.98	52428.42
237.05	52479.22
237.12	52506.36
237.19	52535.93
237.26	52582.91
237.33	52617.86
237.40	52651.05
237.47	52691.00
237.55	52739.51
237.62	52791.77
237.69	52849.76
237.76	52916.92
237.83	52989.70
237.90	53053.94
237.97	53091.82
238.04	53129.82
238.11	53170.30
238.18	53206.89
238.26	53245.53
238.33	53276.71
238.40	53309.54
238.47	53342.61
238.54	53355.78
238.61	53359.70
238.68	53371.52
238.75	53382.42
238.82	53411.34
238.89	53438.03
238.96	53488.16
239.04	53541.26
239.11	53596.44
239.18	53626.30
239.25	53655.12
239.32	53672.86
239.39	53680.54
239.46	53669.77
239.53	53662.93
239.60	53659.99
239.67	53672.55
239.74	53693.52
239.81	53718.27
239.89	53753.10
239.96	53788.46
240.03	53813.08
240.10	53834.48
240.17	53856.48
240.24	53871.34
240.31	53895.10
240.38	53914.54
240.45	53965.68
240.52	54032.88
240.59	54089.03
240.66	54142.48
240.73	54193.78
240.80	54212.76
240.88	54218.56
240.95	54240.11
241.02	54258.81
241.09	54268.55
241.16	54287.29
241.23	54312.48
241.30	54295.20
241.37	54260.78
241.44	54245.98
241.51	54238.20
241.58	54239.50
241.65	54271.52
241.72	54319.77
241.79	54352.02
241.86	54364.38
241.94	54357.50
242.01	54342.81
242.08	54313.94
242.15	54309.88
242.22	54314.57
242.29	54326.53
242.36	54337.18
242.43	54352.24
242.50	54339.56
242.57	54324.14
242.64	54303.88
242.71	54289.02
242.78	54291.37
242.85	54298.46
242.92	54311.37
242.99	54329.59
243.06	54343.76
243.14	54349.07
243.21	54361.98
243.28	54372.42
243.35	54384.37
243.42	54408.80
243.49	54437.35
243.56	54452.24
243.63	54465.05
243.70	54466.16
243.77	54462.00
243.84	54442.00
243.91	54426.94
243.98	54407.58
244.05	54375.02
244.12	54342.52
244.19	54324.64
244.26	54303.94
244.33	54285.30
244.40	54276.58
244.47	54275.37
244.54	54264.57
244.62	54231.51
244.69	54199.10
244.76	54184.64
244.83	54167.28
244.90	54164.12
244.97	54177.04
245.04	54194.92
245.11	54199.97
245.18	54194.38
245.25	54194.06
245.32	54208.59
245.39	54219.94
245.46	54231.47
245.53	54237.87
245.60	54226.55
245.67	54217.38
245.74	54208.56
245.81	54193.22
245.88	54174.09
245.95	54155.99
246.02	54128.12
246.09	54084.24
246.16	54038.97
246.23	54001.94
246.30	53973.50
246.37	53957.81
246.44	53971.37
246.51	53993.17
246.58	54016.23
246.65	54043.80
246.72	54070.86
246.79	54072.48
246.87	54061.54
246.94	54053.36
247.01	54021.34
247.08	53974.19
247.15	53924.66
247.22	53869.36
247.29	53807.40
247.36	53764.14
247.43	53723.82
247.50	53700.31
247.57	53697.77
247.64	53716.30
247.71	53735.86
247.78	53764.53
247.85	53786.88
247.92	53803.74
247.99	53794.10
248.06	53772.22
248.13	53734.78
248.20	53705.57
248.27	53672.30
248.34	53657.76
248.41	53642.60
248.48	53648.26
248.55	53646.21
248.62	53653.98
248.69	53662.75
248.76	53655.48
248.83	53638.74
248.90	53598.85
248.97	53557.59
249.04	53501.05
249.11	53467.69
249.18	53433.64
249.25	53408.16
249.32	53370.78
249.39	53321.16
249.46	53269.44
249.53	53215.74
249.60	53168.92
249.67	53135.94
249.74	53120.13
249.81	53121.54
249.88	53124.77
249.95	53144.30
250.02	53176.36
250.09	53192.48
250.16	53203.47
250.23	53197.37
250.30	53201.91
250.37	53187.52
250.44	53195.95
250.51	53193.02
250.58	53204.28
250.65	53190.16
250.72	53164.34
250.79	53124.00
250.86	53083.63
250.93	53040.70
251.00	52995.58
251.07	52966.91
251.14	52950.87
251.21	52921.65
251.28	52895.20
251.35	52871.67
251.42	52848.47
251.49	52822.38
251.56	52802.58
251.63	52783.65
251.70	52770.53
251.77	52752.14
251.84	52717.07
251.91	52675.53
251.98	52630.84
252.05	52580.58
252.12	52532.58
252.18	52492.52
252.25	52475.63
252.32	52468.44
252.39	52467.18
252.46	52458.36
252.53	52443.79
252.60	52421.52
252.67	52393.15
252.74	52370.30
252.81	52334.22
252.88	52308.68
252.95	52280.28
253.02	52248.91
253.09	52217.91
253.16	52203.24
253.23	52189.35
253.30	52194.14
253.37	52175.98
253.44	52152.86
253.51	52120.90
253.58	52084.59
253.65	52050.98
253.72	52048.07
253.79	52038.50
253.86	52036.25
253.93	52027.22
254.00	52008.04
254.07	51978.46
254.14	51938.43
254.21	51895.75
254.28	51874.29
254.35	51839.07
254.41	51808.25
254.48	51783.04
254.55	51775.33
254.62	51753.54
254.69	51711.14
254.76	51674.00
254.83	51637.94
254.90	51594.49
254.97	51564.60
255.04	51564.40
255.11	51545.02
255.18	51518.32
255.25	51475.14
255.32	51428.98
255.39	51373.98
255.46	51344.82
255.53	51324.73
255.60	51316.55
255.67	51303.04
255.74	51297.44
255.81	51282.91
255.87	51284.29
255.94	51265.16
256.01	51245.40
256.08	51224.22
256.15	51196.10
256.22	51157.46
256.29	51127.54
256.36	51099.18
256.43	51069.77
256.50	51051.52
256.57	51037.65
256.64	51024.33
256.71	51007.62
256.78	50989.86
256.85	50963.57
256.92	50931.84
256.99	50922.05
257.05	50911.85
257.12	50887.98
257.19	50852.44
257.26	50804.96
257.33	50740.51
257.40	50679.51
257.47	50623.71
257.54	50593.37
257.61	50574.01
257.68	50566.96
257.75	50562.54
257.82	50566.21
257.89	50550.14
257.96	50527.80
258.03	50484.75
258.09	50429.81
258.16	50356.80
258.23	50285.72
258.30	50225.36
258.37	50186.16
258.44	50149.36
258.51	50135.31
258.58	50131.85
258.65	50127.30
258.72	50111.92
258.79	50086.38
258.86	50053.62
258.93	50020.72
258.99	49983.33
259.06	49939.22
259.13	49902.09
259.20	49865.21
259.27	49830.16
259.34	49797.60
259.41	49784.56
259.48	49786.33
259.55	49778.77
259.62	49766.54
259.69	49735.44
259.76	49685.46
259.82	49624.53
259.89	49586.42
259.96	49546.66
260.03	49506.51
260.10	49468.04
260.17	49416.22
260.24	49360.60
260.31	49309.73
260.38	49279.61
260.45	49274.31
260.52	49278.13
260.59	49262.54
260.65	49233.01
260.72	49213.00
260.79	49176.62
260.86	49140.47
260.93	49110.10
261.00	49075.20
261.07	49020.09
261.14	48951.97
261.21	48892.78
261.28	48824.54
261.34	48758.44
261.41	48702.03
261.48	48651.61
261.55	48600.40
261.62	48564.64
261.69	48535.66
261.76	48505.94
261.83	48495.21
261.90	48469.51
261.97	48436.54
262.03	48403.95
262.10	48384.17
262.17	48335.35
262.24	48305.53
262.31	48276.17
262.38	48252.31
262.45	48222.12
262.52	48193.48
262.59	48147.78
262.65	48117.01
262.72	48081.06
262.79	48038.27
262.86	48007.52
262.93	47984.28
263.00	47945.39
263.07	47898.72
263.14	47849.46
263.21	47817.62
263.27	47787.58
263.34	47767.18
263.41	47741.18
263.48	47706.26
263.55	47652.40
263.62	47583.24
263.69	47505.06
263.76	47441.30
263.82	47396.04
263.89	47356.53
263.96	47339.06
264.03	47315.03
264.10	47294.12
264.17	47240.57
264.24	47183.04
264.31	47111.66
264.38	47062.14
264.44	47000.56
264.51	46952.61
264.58	46912.78
264.65	46880.76
264.72	46821.57
264.79	46773.37
264.86	46747.79
264.92	46712.56
264.99	46681.10
265.06	46655.33
265.13	46629.28
265.20	46601.02
265.27	46563.26
265.34	46527.19
265.41	46502.77
265.47	46476.09
265.54	46435.78
265.61	46413.22
265.68	46394.79
265.75	46359.72
265.82	46311.44
265.89	46268.30
265.95	46204.18
266.02	46128.84
266.09	46070.49
266.16	46033.30
266.23	45997.02
266.30	45969.60
266.37	45923.84
266.44	45857.58
266.50	45794.01
266.57	45722.74
266.64	45660.76
266.71	45603.16
266.78	45549.85
266.85	45473.84
266.91	45418.07
266.98	45361.42
267.05	45315.42
267.12	45288.68
267.19	45281.08
267.26	45263.58
267.33	45241.86
267.39	45230.01
267.46	45211.15
267.53	45174.65
267.60	45130.45
267.67	45096.08
267.74	45067.12
267.81	45028.92
267.87	44990.26
267.94	44960.18
268.01	44927.02
268.08	44860.97
268.15	44810.90
268.22	44764.16
268.28	44713.28
268.35	44642.56
268.42	44583.55
268.49	44526.12
268.56	44475.57
268.63	44424.95
268.69	44390.79
268.76	44359.11
268.83	44332.70
268.90	44314.62
268.97	44296.38
269.04	44283.18
269.11	44267.16
269.17	44233.08
269.24	44200.78
269.31	44166.24
269.38	44121.94
269.45	44086.34
269.52	44062.90
269.58	44025.76
269.65	43982.11
269.72	43937.49
269.79	43897.96
269.86	43854.40
269.92	43819.65
269.99	43784.22
270.06	43744.90
270.13	43700.96
270.20	43656.04
270.27	43622.58
270.33	43593.17
270.40	43561.53
270.47	43541.76
270.54	43516.42
270.61	43483.30
270.68	43463.13
270.74	43443.87
270.81	43427.54
270.88	43407.26
270.95	43382.65
271.02	43322.78
271.08	43277.94
271.15	43214.02
271.22	43159.76
271.29	43104.04
271.36	43057.86
271.43	43009.70
271.49	42981.32
271.56	42957.16
271.63	42928.66
271.70	42915.12
271.77	42912.94
271.83	42886.82
271.90	42846.32
271.97	42810.00
272.04	42764.96
272.11	42718.06
272.17	42693.57
272.24	42674.21
272.31	42652.17
272.38	42640.66
272.45	42623.65
272.52	42592.20
272.58	42569.56
272.65	42554.02
272.72	42534.70
272.79	42502.86
272.86	42467.73
272.92	42432.99
272.99	42387.79
273.06	42344.25
273.13	42295.98
273.20	42261.27
273.26	42210.52
273.33	42172.18
273.40	42132.71
273.47	42110.94
273.54	42080.86
273.60	42069.36
273.67	42047.90
273.74	42035.46
273.81	42018.53
273.88	42025.08
273.94	42021.81
274.01	42022.94
274.08	42029.24
274.15	42029.05
274.21	41991.47
274.28	41948.45
274.35	41892.78
274.42	41827.28
274.49	41756.00
274.55	41708.57
274.62	41667.42
274.69	41630.61
274.76	41590.95
274.83	41563.86
274.89	41537.36
274.96	41507.50
275.03	41489.24
275.10	41461.50
275.17	41433.07
275.23	41387.51
275.30	41351.42
275.37	41316.12
275.44	41288.09
275.50	41260.62
275.57	41248.35
275.64	41212.02
275.71	41162.55
275.78	41132.74
275.84	41099.41
275.91	41064.22
275.98	41044.66
276.05	41029.80
276.11	41001.24
276.18	40971.24
276.25	40918.36
276.32	40873.95
276.39	40819.26
276.45	40756.51
276.52	40699.34
276.59	40663.68
276.66	40631.40
276.72	40616.88
276.79	40615.72
276.86	40607.95
276.93	40591.65
276.99	40565.22
277.06	40529.93
277.13	40491.20
277.20	40459.43
277.26	40435.98
277.33	40419.73
277.40	40406.62
277.47	40375.43
277.54	40344.34
277.60	40317.10
277.67	40267.68
277.74	40207.14
277.81	40150.36
277.87	40095.18
277.94	40024.84
278.01	39990.04
278.08	39960.18
278.14	39939.04
278.21	39921.54
278.28	39927.87
278.35	39921.36
278.41	39912.98
278.48	39913.50
278.55	39900.86
278.62	39874.78
278.68	39834.66
278.75	39788.07
278.82	39735.96
278.89	39680.96
278.95	39617.99
279.02	39565.09
279.09	39543.58
279.16	39524.92
279.22	39523.33
279.29	39521.64
279.36	39532.66
279.43	39509.42
279.49	39452.64
279.56	39375.80
279.63	39283.40
279.70	39179.58
279.76	39107.71
279.83	39066.51
279.90	39042.18
279.97	39039.96
280.03	39026.62
280.10	39000.57
280.17	38985.79
280.24	38966.76
280.30	38936.94
280.37	38912.30
280.44	38888.39
280.51	38848.44
280.57	38815.24
280.64	38782.84
280.71	38752.62
280.77	38700.51
280.84	38637.85
280.91	38560.28
280.98	38472.58
281.04	38386.98
281.11	38308.51
281.18	38235.45
281.25	38157.95
281.31	38099.64
281.38	38034.40
281.45	37973.79
281.52	37916.21
281.58	37855.38
281.65	37796.42
281.72	37750.25
281.78	37716.58
281.85	37696.86
281.92	37691.38
281.99	37690.04
282.05	37672.90
282.12	37650.56
282.19	37625.78
282.26	37610.44
282.32	37587.06
282.39	37581.29
282.46	37562.86
282.52	37539.48
282.59	37513.41
282.66	37496.50
282.73	37464.82
282.79	37443.28
282.86	37403.80
282.93	37350.68
282.99	37282.88
283.06	37201.70
283.13	37102.76
283.20	37011.64
283.26	36919.46
283.33	36829.36
283.40	36770.68
283.46	36739.52
283.53	36710.30
283.60	36696.48
283.67	36699.86
283.73	36694.58
283.80	36678.77
283.87	36677.86
283.93	36686.50
284.00	36671.18
284.07	36661.84
284.13	36654.81
284.20	36636.34
284.27	36594.84
284.34	36565.94
284.40	36546.07
284.47	36522.66
284.54	36506.96
284.60	36494.16
284.67	36475.71
284.74	36435.80
284.81	36395.39
284.87	36351.24
284.94	36297.60
285.01	36232.44
285.07	36158.48
285.14	36089.75
285.21	36028.72
285.27	35990.11
285.34	35968.63
285.41	35961.47
285.47	35964.09
285.54	35964.06
285.61	35952.52
285.68	35947.43
285.74	35946.86
285.81	35938.32
285.88	35924.00
285.94	35916.66
286.01	35910.88
286.08	35909.88
286.14	35912.17
286.21	35910.66
286.28	35913.52
286.34	35886.75
286.41	35846.10
286.48	35786.18
286.55	35725.21
286.61	35647.68
286.68	35589.14
286.75	35526.46
286.81	35476.94
286.88	35436.53
286.95	35389.20
287.01	35370.94
287.08	35360.80
287.15	35357.69
287.21	35349.52
287.28	35362.48
287.35	35346.43
287.41	35335.43
287.48	35320.59
287.55	35314.02
287.61	35294.93
287.68	35283.66
287.75	35264.85
287.81	35243.83
287.88	35220.40
287.95	35206.85
288.01	35185.52
288.08	35171.96
288.15	35147.03
288.21	35128.46
288.28	35101.44
288.35	35074.00
288.41	35045.91
288.48	35025.40
288.55	34986.09
288.61	34932.74
288.68	34881.52
288.75	34820.83
288.81	34769.90
288.88	34730.98
288.95	34718.18
289.01	34720.81
289.08	34736.79
289.15	34754.66
289.21	34775.80
289.28	34797.25
289.35	34806.49
289.41	34806.63
289.48	34804.67
289.55	34798.87
289.61	34782.71
289.68	34772.17
289.75	34752.24
289.81	34720.32
289.88	34690.69
289.95	34648.94
290.01	34602.07
290.08	34562.02
290.15	34522.11
290.21	34481.29
290.28	34464.50
290.35	34441.07
290.41	34422.94
290.48	34401.70
290.55	34373.42
290.61	34324.89
290.68	34288.47
290.74	34263.06
290.81	34261.93
290.88	34264.55
290.94	34289.42
291.01	34303.02
291.08	34321.02
291.14	34327.88
291.21	34342.86
291.28	34340.76
291.34	34360.02
291.41	34359.86
291.48	34364.93
291.54	34357.84
291.61	34350.41
291.68	34324.64
291.74	34285.82
291.81	34242.66
291.87	34213.73
291.94	34176.72
292.01	34138.22
292.07	34102.26
292.14	34045.72
292.21	33981.91
292.27	33936.84
292.34	33900.46
292.41	33874.32
292.47	33861.65
292.54	33861.62
292.60	33856.24
292.67	33856.50
292.74	33864.73
292.80	33894.99
292.87	33911.30
292.94	33935.46
293.00	33961.48
293.07	33984.50
293.13	33998.14
293.20	34017.95
293.27	34033.67
293.33	34034.32
293.40	34036.20
293.47	34025.43
293.53	34002.34
293.60	33967.02
293.66	33913.42
293.73	33853.03
293.80	33779.48
293.86	33712.58
293.93	33653.96
294.00	33616.14
294.06	33585.68
294.13	33581.97
294.19	33572.84
294.26	33565.26
294.33	33561.87
294.39	33543.65
294.46	33532.06
294.52	33526.26
294.59	33529.69
294.66	33532.86
294.72	33554.49
294.79	33568.70
294.86	33594.32
294.92	33611.97
294.99	33646.51
295.05	33684.33
295.12	33713.26
295.19	33739.23
295.25	33759.14
295.32	33761.51
295.38	33752.19
295.45	33752.32
295.52	33736.42
295.58	33708.05
295.65	33671.96
295.71	33623.09
295.78	33545.24
295.85	33461.20
295.91	33400.92
295.98	33326.16
296.04	33254.23
296.11	33209.22
296.18	33185.94
296.24	33164.66
296.31	33171.86
296.37	33202.78
296.44	33248.32
296.51	33282.48
296.57	33322.58
296.64	33363.74
296.70	33412.14
296.77	33435.15
296.84	33458.19
296.90	33475.57
296.97	33482.16
297.03	33484.22
297.10	33493.98
297.17	33507.19
297.23	33528.72
297.30	33547.41
297.36	33544.16
297.43	33538.78
297.50	33530.04
297.56	33495.62
297.63	33460.67
297.69	33413.35
297.76	33338.02
297.82	33248.74
297.89	33157.36
297.96	33079.30
298.02	33017.82
298.09	32978.20
298.15	32969.22
298.22	32986.81
298.29	32984.14
298.35	32990.36
298.42	33017.37
298.48	33030.82
298.55	33035.50
298.61	33071.58
298.68	33110.55
298.75	33144.30
298.81	33183.52
298.88	33216.48
298.94	33244.96
299.01	33262.92
299.08	33265.46
299.14	33276.10
299.21	33287.35
299.27	33288.17
299.34	33285.20
299.40	33297.25
299.47	33282.98
299.54	33270.46
299.60	33247.26
299.67	33218.47
299.73	33167.80
299.80	33096.77
299.86	33001.31
299.93	32892.64
299.99	32789.32
300.06	32704.90
300.13	32649.90
300.19	32627.94
300.26	32629.67
300.32	32651.60
300.39	32666.60
300.45	32708.86
300.52	32751.28
300.59	32803.96
300.65	32850.20
300.72	32903.92
300.78	32936.35
300.85	32964.54
300.91	32976.43
300.98	32984.42
301.04	32981.70
301.11	32980.82
301.18	32977.04
301.24	32977.93
301.31	32973.39
301.37	32966.58
301.44	32956.24
301.50	32938.22
301.57	32919.20
301.63	32899.84
301.70	32868.10
301.77	32813.14
301.83	32741.01
301.90	32661.93
301.96	32560.06
302.03	32460.78
302.09	32387.72
302.16	32328.48
302.22	32282.29
302.29	32259.01
302.36	32256.98
302.42	32249.04
302.49	32264.16
302.55	32277.67
302.62	32293.34
302.68	32310.90
302.75	32339.46
302.81	32349.36
302.88	32362.49
302.94	32369.60
303.01	32377.53
303.07	32374.10
303.14	32377.62
303.21	32371.28
303.27	32369.17
303.34	32356.66
303.40	32337.94
303.47	32310.11
303.53	32285.31
303.60	32261.12
303.66	32222.58
303.73	32193.67
303.79	32164.36
303.86	32114.71
303.92	32058.34
303.99	32000.12
304.05	31906.02
304.12	31806.39
304.19	31721.52
304.25	31633.92
304.32	31564.00
304.38	31526.66
304.45	31504.20
304.51	31481.50
304.58	31488.87
304.64	31494.77
304.71	31509.64
304.77	31506.02
304.84	31511.29
304.90	31506.52
304.97	31491.96
305.03	31472.13
305.10	31465.83
305.16	31456.78
305.23	31441.28
305.29	31431.34
305.36	31398.73
305.42	31375.78
305.49	31346.92
305.56	31296.72
305.62	31249.96
305.69	31222.36
305.75	31176.38
305.82	31102.88
305.88	31011.22
305.95	30896.40
306.01	30761.58
306.08	30624.51
306.14	30518.09
306.21	30429.43
306.27	30361.22
306.34	30315.38
306.40	30268.61
306.47	30226.54
306.53	30232.80
306.60	30250.01
306.66	30265.38
306.73	30295.09
306.79	30310.85
306.86	30295.29
306.92	30265.23
306.99	30241.47
307.05	30215.39
307.12	30194.60
307.18	30173.66
307.25	30160.40
307.31	30133.48
307.38	30102.35
307.44	30065.90
307.51	30026.61
307.57	29975.00
307.64	29926.80
307.70	29886.12
307.77	29847.24
307.83	29800.72
307.90	29758.09
307.96	29720.44
308.03	29663.28
308.09	29599.73
308.16	29540.76
308.22	29482.98
308.29	29408.48
308.35	29346.97
308.42	29294.18
308.48	29218.60
308.55	29139.64
308.61	29077.35
308.68	29018.09
308.74	28955.93
308.81	28927.97
308.87	28902.30
308.94	28881.82
309.00	28854.82
309.07	28833.88
309.13	28802.80
309.20	28782.38
309.26	28737.38
309.33	28694.52
309.39	28653.52
309.45	28606.70
309.52	28545.78
309.58	28504.60
309.65	28458.86
309.71	28397.71
309.78	28348.58
309.84	28304.16
309.91	28245.07
309.97	28188.18
310.04	28154.12
310.10	28103.92
310.17	28055.23
310.23	28013.02
310.30	27971.24
310.36	27915.60
310.43	27860.44
310.49	27794.34
310.56	27728.80
310.62	27663.24
310.69	27592.91
310.75	27530.49
310.81	27480.53
310.88	27436.26
310.94	27394.57
311.01	27352.65
311.07	27318.82
311.14	27280.98
311.20	27233.30
311.27	27189.37
311.33	27154.20
311.40	27109.07
311.46	27072.30
311.53	27044.68
311.59	27012.04
311.66	26979.26
311.72	26944.55
311.78	26903.08
311.85	26859.09
311.91	26823.31
311.98	26776.33
312.04	26737.15
312.11	26698.72
312.17	26664.34
312.24	26619.26
312.30	26571.34
312.37	26511.18
312.43	26460.92
312.50	26403.23
312.56	26350.30
312.62	26293.35
312.69	26236.46
312.75	26161.46
312.82	26090.22
312.88	26020.96
312.95	25959.14
313.01	25905.46
313.08	25854.05
313.14	25812.96
313.20	25767.10
313.27	25717.49
313.33	25673.69
313.40	25640.78
313.46	25591.06
313.53	25537.87
313.59	25499.96
313.66	25468.04
313.72	25428.14
313.78	25394.50
313.85	25358.56
313.91	25320.89
313.98	25281.70
314.04	25236.32
314.11	25193.89
314.17	25153.35
314.24	25106.04
314.30	25053.52
314.36	25007.64
314.43	24969.06
314.49	24926.43
314.56	24892.02
314.62	24841.64
314.69	24792.66
314.75	24725.73
314.81	24671.50
314.88	24612.95
314.94	24578.44
315.01	24541.62
315.07	24502.18
315.14	24467.48
315.20	24433.02
315.27	24376.94
315.33	24332.11
315.39	24293.59
315.46	24245.36
315.52	24192.60
315.59	24154.17
315.65	24103.57
315.72	24056.78
315.78	24012.28
315.84	23979.02
315.91	23948.50
315.97	23926.16
316.04	23917.38
316.10	23899.06
316.16	23862.88
316.23	23791.72
316.29	23693.36
316.36	23554.04
316.42	23394.63
316.49	23213.44
316.55	23025.21
316.61	22838.72
316.68	22637.01
316.74	22432.44
316.81	22224.52
316.87	22019.73
316.93	21808.68
317.00	21612.62
317.06	21406.13
317.13	21200.74
317.19	21002.02
317.26	20790.59
317.32	20581.27
317.38	20380.86
317.45	20187.96
317.51	19980.76
317.58	19793.38
317.64	19591.57
317.70	19397.79
317.77	19201.45
317.83	19015.01
317.90	18816.64
317.96	18623.00
318.02	18429.51
318.09	18245.48
318.15	18046.40
318.22	17848.98
318.28	17658.84
318.34	17455.62
318.41	17242.87
318.47	17038.48
318.54	16847.52
318.60	16648.93
318.66	16464.81
318.73	16274.06
318.79	16096.67
318.86	15908.24
318.92	15727.93
318.98	15550.20
319.05	15376.96
319.11	15195.86
319.18	15017.08
319.24	14838.72
319.30	14648.06
319.37	14473.28
319.43	14301.94
319.50	14127.38
319.56	13952.57
319.62	13789.96
319.69	13609.60
319.75	13438.74
319.82	13276.26
319.88	13108.47
319.94	12934.30
320.01	12777.36
320.07	12604.57
320.13	12430.18
320.20	12257.38
320.26	12088.59
320.33	11913.31
320.39	11751.90
320.45	11585.21
320.52	11427.67
320.58	11268.42
320.65	11108.85
320.71	10942.78
320.77	10786.07
320.84	10619.71
320.90	10460.69
320.96	10293.57
321.03	10122.60
321.09	9951.62
321.16	9787.49
321.22	9613.32
321.28	9452.74
321.35	9301.78
321.41	9146.30
321.47	8989.32
321.54	8841.28
321.60	8679.94
321.67	8522.95
321.73	8366.25
321.79	8205.82
321.86	8045.91
321.92	7890.14
321.98	7719.40
322.05	7551.30
322.11	7380.75
322.18	7205.30
322.24	7037.74
322.30	6877.59
322.37	6716.28
322.43	6558.40
322.49	6409.51
322.56	6246.60
322.62	6087.26
322.68	5924.80
322.75	5771.27
322.81	5604.52
322.88	5444.15
322.94	5287.62
323.00	5130.94
323.07	4973.80
323.13	4823.83
323.19	4678.91
323.26	4530.85
323.32	4386.71
323.38	4240.86
323.45	4038.41
323.51	3453.86
323.57	2649.20
323.64	1811.24
323.70	1003.88
323.76	281.95
323.83	-28.14
323.89	-87.96
323.96	-90.02
