180.25	3525.40
180.33	-133.46
180.40	661.04
180.48	-26.82
180.56	17.31
180.63	53.37
180.71	95.35
180.78	91.11
180.86	89.78
180.93	94.22
181.01	96.17
181.08	94.91
181.16	93.43
181.23	94.73
181.31	94.22
181.39	120.33
181.46	130.11
181.54	140.89
181.61	158.04
181.69	167.05
181.76	157.87
181.84	149.26
181.91	149.87
181.99	150.17
182.06	149.19
182.14	153.67
182.22	158.69
182.29	168.29
182.37	169.29
182.44	180.15
182.52	174.45
182.59	191.83
182.67	198.21
182.74	202.41
182.82	204.51
182.89	214.02
182.97	209.81
183.04	215.43
183.12	218.49
183.20	230.76
183.27	230.55
183.35	247.79
183.42	253.58
183.50	277.17
183.57	283.04
183.65	310.31
183.72	331.11
183.80	368.03
183.87	393.33
183.95	421.44
184.02	457.09
184.10	479.21
184.17	491.93
184.25	493.57
184.32	488.51
184.40	465.92
184.47	427.27
184.55	387.88
184.62	375.59
184.70	383.57
184.78	394.07
184.85	447.99
184.93	508.97
185.00	565.63
185.08	622.05
185.15	682.38
185.23	744.79
185.30	809.59
185.38	873.40
185.45	923.13
185.53	979.65
185.60	1009.61
185.68	1041.44
185.75	1052.43
185.83	1056.99
185.90	1033.11
185.98	981.60
186.05	913.71
186.13	845.94
186.20	787.16
186.28	759.97
186.35	781.77
186.43	843.47
186.50	944.14
186.58	1062.76
186.65	1173.78
186.73	1285.95
186.80	1361.71
186.88	1408.10
186.95	1421.85
187.03	1410.75
187.10	1368.59
187.18	1356.89
187.25	1357.33
187.33	1385.51
187.40	1445.75
187.48	1522.66
187.55	1593.84
187.63	1651.25
187.70	1694.17
187.78	1734.35
187.85	1772.15
187.93	1770.17
188.00	1738.70
188.08	1679.62
188.15	1597.08
188.23	1528.57
188.30	1510.00
188.38	1522.70
188.45	1552.01
188.53	1570.13
188.60	1575.59
188.68	1553.40
188.75	1557.43
188.83	1613.04
188.90	1703.09
188.98	1818.20
189.05	1970.89
189.13	2128.93
189.20	2285.13
189.28	2454.22
189.35	2636.31
189.43	2810.21
189.50	2933.09
189.58	2947.73
189.65	2839.91
189.73	2637.70
189.80	2394.69
189.87	2159.95
189.95	1974.39
190.02	1826.22
190.10	1699.95
190.17	1577.32
190.25	1481.31
190.32	1465.80
190.40	1537.82
190.47	1689.61
190.55	1899.19
190.62	2140.27
190.70	2342.31
190.77	2535.43
190.85	2685.83
190.92	2792.08
191.00	2841.21
191.07	2847.14
191.15	2770.83
191.22	2646.15
191.29	2479.21
191.37	2301.55
191.44	2168.63
191.52	2128.17
191.59	2144.23
191.67	2173.54
191.74	2181.93
191.82	2179.81
191.89	2188.33
191.97	2252.42
192.04	2384.59
192.12	2579.17
192.19	2755.43
192.27	2845.29
192.34	2830.61
192.41	2768.43
192.49	2690.25
192.56	2642.94
192.64	2656.41
192.71	2710.81
192.79	2720.31
192.86	2637.38
192.94	2421.83
193.01	2145.81
193.09	1909.44
193.16	1784.89
193.23	1813.69
193.31	2003.70
193.38	2307.85
193.46	2612.79
193.53	2906.54
193.61	3170.96
193.68	3381.49
193.76	3503.74
193.83	3560.03
193.91	3536.87
193.98	3448.75
194.05	3304.50
194.13	3096.83
194.20	2848.69
194.28	2609.43
194.35	2404.42
194.43	2231.89
194.50	2081.35
194.58	1952.77
194.65	1860.41
194.72	1839.89
194.80	1943.02
194.87	2195.16
194.95	2564.41
195.02	2956.13
195.10	3308.75
195.17	3616.04
195.25	3867.13
195.32	4077.17
195.39	4264.65
195.47	4431.18
195.54	4542.03
195.62	4524.09
195.69	4280.46
195.77	3796.18
195.84	3155.06
195.91	2471.99
195.99	1917.35
196.06	1616.83
196.14	1603.16
196.21	1805.64
196.29	2145.49
196.36	2550.95
196.43	2963.19
196.51	3360.31
196.58	3709.37
196.66	4010.79
196.73	4272.15
196.81	4494.19
196.88	4669.50
196.95	4791.87
197.03	4771.37
197.10	4496.21
197.18	3978.80
197.25	3338.72
197.33	2687.57
197.40	2114.65
197.47	1723.91
197.55	1586.48
197.62	1612.38
197.70	1752.15
197.77	2016.91
197.84	2390.04
197.92	2812.98
197.99	3307.74
198.07	3833.49
198.14	4328.83
198.22	4792.87
198.29	5192.45
198.36	5508.27
198.44	5742.83
198.51	5838.85
198.59	5673.54
198.66	5208.75
198.73	4505.73
198.81	3690.07
198.88	2860.19
198.96	2193.10
199.03	1834.43
199.10	1766.57
199.18	1877.40
199.25	2172.55
199.33	2623.23
199.40	3122.77
199.48	3581.46
199.55	4016.25
199.62	4445.60
199.70	4921.90
199.77	5455.39
199.85	6044.51
199.92	6607.05
199.99	7066.29
200.07	7262.00
200.14	7056.24
200.22	6333.89
200.29	5208.53
200.36	3988.41
200.44	2885.87
200.51	2095.63
200.59	1781.21
200.66	1880.71
200.73	2159.09
200.81	2515.49
200.88	2934.13
200.95	3438.95
201.03	4012.21
201.10	4630.15
201.18	5254.37
201.25	5843.13
201.32	6334.11
201.40	6744.59
201.47	7052.54
201.55	7155.91
201.62	6907.31
201.69	6233.43
201.77	5326.97
201.84	4369.65
201.92	3442.81
201.99	2694.54
202.06	2316.81
202.14	2199.14
202.21	2227.87
202.28	2464.83
202.36	2924.13
202.43	3510.89
202.51	4134.16
202.58	4745.15
202.65	5331.76
202.73	5954.31
202.80	6629.01
202.87	7380.15
202.95	8165.45
203.02	8862.37
203.10	9363.76
203.17	9618.09
203.24	9424.86
203.32	8593.51
203.39	7198.94
203.46	5609.60
203.54	4097.01
203.61	2932.85
203.69	2366.38
203.76	2443.37
203.83	2877.31
203.91	3451.26
203.98	4135.91
204.05	4915.94
204.13	5778.57
204.20	6670.65
204.28	7544.83
204.35	8293.05
204.42	8871.45
204.50	9284.48
204.57	9561.82
204.64	9692.35
204.72	9567.12
204.79	8964.19
204.86	7846.59
204.94	6466.69
205.01	5046.14
205.09	3754.41
205.16	2890.73
205.23	2578.41
205.31	2637.69
205.38	2932.15
205.45	3490.80
205.53	4279.19
205.60	5212.74
205.67	6202.58
205.75	7156.83
205.82	7995.83
205.89	8752.46
205.97	9504.57
206.04	10288.45
206.12	11139.95
206.19	12013.80
206.26	12719.40
206.34	13119.39
206.41	12990.99
206.48	12078.62
206.56	10326.81
206.63	8185.07
206.70	6051.50
206.78	4280.97
206.85	3215.77
206.92	3052.29
207.00	3511.99
207.07	4259.35
207.14	5162.82
207.22	6167.53
207.29	7248.69
207.36	8391.43
207.44	9582.36
207.51	10778.28
207.58	11974.46
207.66	13091.11
207.73	14085.56
207.80	14852.48
207.88	15308.63
207.95	15385.31
208.02	14970.75
208.10	13747.07
208.17	11726.59
208.25	9375.62
208.32	7108.09
208.39	5202.72
208.47	4070.73
208.54	3820.77
208.61	4130.03
208.69	4686.55
208.76	5418.75
208.83	6346.01
208.90	7463.15
208.98	8715.25
209.05	10027.88
209.12	11358.53
209.20	12625.77
209.27	13802.35
209.34	14893.02
209.42	15923.80
209.49	16774.01
209.56	17346.43
209.64	17571.71
209.71	17150.93
209.78	15748.67
209.86	13556.39
209.93	11105.12
210.00	8622.23
210.08	6501.25
210.15	5239.11
210.22	4896.92
210.30	5111.15
210.37	5764.98
210.44	6767.31
210.52	7966.49
210.59	9243.59
210.66	10530.15
210.74	11791.33
210.81	13004.70
210.88	14241.75
210.96	15494.11
211.03	16772.29
211.10	18035.83
211.17	19198.74
211.25	20036.00
211.32	20403.68
211.39	20134.17
211.47	18968.75
211.54	16751.75
211.61	13863.57
211.69	10982.97
211.76	8601.65
211.83	7132.93
211.91	6866.91
211.98	7518.55
212.05	8550.51
212.12	9631.06
212.20	10676.15
212.27	11622.30
212.34	12459.35
212.42	13257.83
212.49	14096.73
212.56	15027.78
212.64	16100.22
212.71	17346.69
212.78	18642.54
212.85	19811.20
212.93	20631.54
213.00	21030.37
213.07	20857.31
213.15	19748.87
213.22	17723.55
213.29	15367.35
213.37	13000.28
213.44	10894.11
213.51	9617.92
213.58	9382.10
213.66	9792.48
213.73	10606.22
213.80	11704.62
213.88	12828.90
213.95	13712.41
214.02	14379.73
214.09	14974.81
214.17	15608.72
214.24	16440.07
214.31	17585.91
214.39	18955.05
214.46	20311.75
214.53	21475.86
214.60	22371.65
214.68	22984.69
214.75	23258.84
214.82	23135.75
214.90	22418.43
214.97	20759.45
215.04	18270.03
215.11	15588.37
215.19	13306.31
215.26	11899.01
215.33	11711.72
215.41	12666.27
215.48	14156.31
215.55	15643.78
215.62	16880.77
215.70	17967.53
215.77	18990.15
215.84	20029.97
215.91	21102.77
215.99	22229.65
216.06	23286.14
216.13	24086.73
216.21	24534.63
216.28	24792.30
216.35	24963.05
216.42	25023.73
216.50	24999.61
216.57	24857.04
216.64	24137.73
216.71	22475.13
216.79	20254.73
216.86	18006.90
216.93	16079.85
217.01	14953.41
217.08	14993.93
217.15	15944.27
217.22	17363.33
217.30	18970.45
217.37	20605.26
217.44	22145.50
217.51	23471.15
217.59	24524.74
217.66	25346.32
217.73	26004.14
217.80	26502.93
217.88	26826.01
217.95	27080.44
218.02	27329.83
218.09	27598.74
218.17	27957.23
218.24	28369.46
218.31	28656.49
218.38	28614.43
218.46	27921.47
218.53	26226.85
218.60	23908.88
218.67	21512.01
218.75	19503.75
218.82	18343.78
218.89	18428.69
218.96	19488.31
219.04	21041.81
219.11	22675.52
219.18	24131.09
219.25	25359.02
219.33	26406.39
219.40	27333.13
219.47	28200.27
219.54	29040.79
219.62	29810.73
219.69	30486.03
219.76	31114.67
219.83	31689.57
219.91	32229.37
219.98	32723.65
220.05	33044.13
220.12	33042.67
220.20	32678.12
220.27	31746.88
220.34	30044.71
220.41	27862.21
220.49	25748.13
220.56	24109.22
220.63	23250.44
220.70	23405.74
220.78	24337.25
220.85	25528.81
220.92	26628.79
220.99	27579.31
221.06	28414.98
221.14	29184.54
221.21	29955.36
221.28	30757.51
221.35	31563.99
221.43	32362.28
221.50	33132.45
221.57	33850.51
221.64	34483.40
221.72	34990.00
221.79	35351.05
221.86	35495.68
221.93	35413.69
222.00	35136.15
222.08	34618.21
222.15	33674.34
222.22	32513.75
222.29	31410.59
222.37	30503.15
222.44	29917.82
222.51	29815.64
222.58	30052.73
222.65	30392.53
222.73	30716.44
222.80	31035.19
222.87	31444.87
222.94	31950.99
223.02	32533.13
223.09	33175.03
223.16	33865.57
223.23	34554.91
223.30	35251.71
223.38	35938.38
223.45	36564.70
223.52	37065.82
223.59	37404.83
223.66	37526.27
223.74	37405.63
223.81	37138.65
223.88	36823.90
223.95	36479.85
224.03	36074.62
224.10	35665.59
224.17	35294.72
224.24	34974.34
224.31	34740.73
224.39	34705.63
224.46	34892.89
224.53	35191.27
224.60	35509.94
224.67	35861.81
224.75	36241.51
224.82	36643.99
224.89	37089.53
224.96	37578.83
225.03	38060.40
225.11	38526.12
225.18	38960.51
225.25	39319.82
225.32	39566.32
225.39	39697.43
225.47	39723.50
225.54	39554.77
225.61	39128.91
225.68	38598.57
225.75	38136.64
225.83	37797.25
225.90	37618.73
225.97	37685.11
226.04	37932.75
226.11	38209.76
226.19	38483.61
226.26	38806.90
226.33	39197.79
226.40	39589.46
226.47	39995.20
226.54	40376.47
226.62	40719.32
226.69	40998.74
226.76	41239.19
226.83	41437.67
226.90	41618.91
226.98	41756.03
227.05	41880.34
227.12	41996.00
227.19	42067.29
227.26	42099.28
227.34	42106.45
227.41	42040.79
227.48	41851.03
227.55	41481.37
227.62	41057.27
227.69	40716.67
227.77	40541.88
227.84	40570.28
227.91	40864.63
227.98	41274.05
228.05	41659.40
228.12	41986.43
228.20	42280.43
228.27	42551.83
228.34	42814.93
228.41	43069.32
228.48	43302.50
228.56	43486.75
228.63	43616.92
228.70	43710.69
228.77	43804.83
228.84	43920.15
228.91	44069.70
228.99	44259.13
229.06	44474.07
229.13	44684.54
229.20	44857.65
229.27	44968.03
229.34	45034.86
229.42	45017.55
229.49	44903.79
229.56	44714.98
229.63	44510.72
229.70	44301.60
229.77	44170.57
229.85	44174.53
229.92	44293.73
229.99	44487.17
230.06	44724.62
230.13	44970.67
230.20	45189.50
230.27	45380.09
230.35	45556.53
230.42	45717.19
230.49	45862.74
230.56	45990.31
230.63	46116.01
230.70	46188.04
230.78	46248.44
230.85	46314.86
230.92	46398.04
230.99	46505.71
231.06	46681.45
231.13	46878.95
231.20	47059.18
231.28	47222.09
231.35	47356.60
231.42	47457.32
231.49	47536.59
231.56	47600.84
231.63	47630.51
231.71	47627.49
231.78	47619.01
231.85	47618.06
231.92	47644.11
231.99	47715.31
232.06	47826.81
232.13	47965.25
232.21	48084.33
232.28	48166.05
232.35	48224.89
232.42	48279.74
232.49	48314.20
232.56	48384.71
232.63	48457.06
232.71	48532.61
232.78	48610.09
232.85	48717.75
232.92	48819.90
232.99	48951.45
233.06	49098.75
233.13	49237.69
233.20	49344.59
233.28	49432.17
233.35	49502.96
233.42	49576.35
233.49	49658.30
233.56	49743.46
233.63	49832.15
233.70	49918.67
233.78	50004.38
233.85	50105.12
233.92	50197.52
233.99	50284.99
234.06	50383.62
234.13	50472.33
234.20	50537.21
234.27	50597.20
234.35	50657.08
234.42	50697.51
234.49	50734.45
234.56	50746.73
234.63	50762.65
234.70	50757.90
234.77	50765.38
234.84	50770.41
234.92	50823.93
234.99	50900.25
235.06	50990.07
235.13	51090.29
235.20	51204.70
235.27	51286.71
235.34	51364.57
235.41	51449.47
235.48	51533.83
235.56	51611.96
235.63	51691.65
235.70	51750.27
235.77	51805.43
235.84	51840.95
235.91	51872.90
235.98	51905.34
236.05	51950.59
236.12	51998.59
236.20	52048.73
236.27	52098.67
236.34	52142.66
236.41	52177.21
236.48	52211.53
236.55	52248.83
236.62	52296.23
236.69	52357.71
236.76	52428.21
236.84	52496.71
236.91	52570.33
236.98	52627.94
237.05	52669.95
237.12	52706.69
237.19	52743.09
237.26	52781.54
237.33	52825.91
237.40	52881.75
237.47	52928.03
237.55	52981.88
237.62	53037.98
237.69	53085.51
237.76	53135.01
237.83	53186.48
237.90	53227.94
237.97	53260.51
238.04	53300.82
238.11	53336.46
238.18	53383.49
238.26	53428.24
238.33	53467.87
238.40	53503.21
238.47	53546.85
238.54	53567.89
238.61	53579.44
238.68	53584.39
238.75	53596.05
238.82	53608.55
238.89	53644.69
238.96	53698.53
239.04	53753.21
239.11	53799.42
239.18	53829.95
239.25	53836.62
239.32	53838.06
239.39	53838.00
239.46	53826.85
239.53	53809.90
239.60	53801.15
239.67	53804.12
239.74	53814.89
239.81	53826.18
239.89	53845.21
239.96	53864.02
240.03	53872.57
240.10	53881.37
240.17	53894.40
240.24	53912.29
240.31	53948.56
240.38	53992.49
240.45	54055.30
240.52	54133.66
240.59	54205.36
240.66	54258.95
240.73	54300.47
240.80	54318.06
240.88	54321.29
240.95	54330.42
241.02	54343.83
241.09	54353.62
241.16	54372.64
241.23	54396.21
241.30	54389.01
241.37	54359.86
241.44	54342.96
241.51	54322.37
241.58	54308.71
241.65	54328.05
241.72	54371.45
241.79	54400.28
241.86	54415.81
241.94	54431.89
242.01	54429.45
242.08	54414.49
242.15	54421.47
242.22	54431.74
242.29	54413.01
242.36	54410.43
242.43	54397.13
242.50	54371.12
242.57	54349.79
242.64	54352.41
242.71	54338.75
242.78	54345.20
242.85	54353.93
242.92	54371.61
242.99	54389.15
243.06	54415.54
243.14	54437.80
243.21	54449.53
243.28	54450.01
243.35	54448.35
243.42	54450.37
243.49	54455.67
243.56	54460.36
243.63	54467.96
243.70	54458.65
243.77	54442.35
243.84	54407.49
243.91	54362.63
243.98	54319.87
244.05	54284.65
244.12	54252.59
244.19	54236.23
244.26	54222.49
244.33	54205.71
244.40	54191.27
244.47	54165.47
244.54	54142.07
244.62	54108.77
244.69	54069.56
244.76	54036.21
244.83	54030.49
244.90	54021.18
244.97	54025.07
245.04	54037.94
245.11	54034.64
245.18	53993.23
245.25	53949.03
245.32	53919.48
245.39	53895.75
245.46	53890.78
245.53	53904.93
245.60	53924.15
245.67	53949.14
245.74	53991.11
245.81	54022.46
245.88	54044.87
245.95	54060.17
246.02	54049.69
246.09	53984.74
246.16	53913.41
246.23	53831.42
246.30	53760.68
246.37	53725.65
246.44	53743.51
246.51	53751.45
246.58	53787.86
246.65	53820.37
246.72	53835.65
246.79	53812.01
246.87	53795.39
246.94	53769.71
247.01	53729.91
247.08	53677.25
247.15	53631.33
247.22	53578.90
247.29	53520.75
247.36	53484.46
247.43	53447.02
247.50	53421.88
247.57	53405.51
247.64	53397.13
247.71	53376.69
247.78	53371.72
247.85	53365.31
247.92	53383.51
247.99	53390.03
248.06	53388.55
248.13	53366.79
248.20	53348.21
248.27	53309.45
248.34	53274.62
248.41	53252.70
248.48	53247.35
248.55	53241.72
248.62	53249.62
248.69	53273.13
248.76	53275.27
248.83	53259.97
248.90	53230.80
248.97	53177.10
249.04	53105.94
249.11	53048.99
249.18	53009.61
249.25	52971.21
249.32	52931.68
249.39	52864.47
249.46	52766.07
249.53	52638.25
249.60	52518.69
249.67	52427.45
249.74	52380.51
249.81	52393.46
249.88	52447.03
249.95	52513.06
250.02	52570.45
250.09	52596.77
250.16	52588.09
250.23	52540.27
250.30	52490.12
250.37	52459.31
250.44	52458.46
250.51	52470.67
250.58	52516.87
250.65	52543.01
250.72	52514.39
250.79	52470.64
250.86	52423.02
250.93	52335.09
251.00	52219.19
251.07	52122.49
251.14	52027.76
251.21	51946.06
251.28	51892.55
251.35	51881.68
251.42	51899.61
251.49	51921.16
251.56	51931.15
251.63	51938.31
251.70	51939.91
251.77	51930.58
251.84	51914.93
251.91	51885.16
251.98	51844.50
252.05	51805.88
252.12	51746.48
252.18	51686.36
252.25	51631.15
252.32	51598.04
252.39	51573.58
252.46	51559.63
252.53	51547.05
252.60	51540.95
252.67	51543.66
252.74	51532.57
252.81	51518.18
252.88	51502.25
252.95	51463.39
253.02	51400.41
253.09	51325.77
253.16	51266.41
253.23	51202.97
253.30	51166.59
253.37	51119.64
253.44	51081.05
253.51	51004.95
253.58	50937.91
253.65	50876.21
253.72	50837.52
253.79	50806.39
253.86	50807.25
253.93	50808.88
254.00	50807.62
254.07	50799.23
254.14	50772.35
254.21	50729.83
254.28	50698.69
254.35	50654.72
254.41	50610.15
254.48	50572.33
254.55	50545.43
254.62	50504.67
254.69	50461.37
254.76	50423.28
254.83	50389.76
254.90	50364.79
254.97	50344.47
255.04	50323.34
255.11	50269.89
255.18	50179.24
255.25	50050.83
255.32	49909.78
255.39	49765.79
255.46	49654.95
255.53	49589.38
255.60	49544.83
255.67	49522.25
255.74	49517.64
255.81	49520.24
255.87	49547.30
255.94	49579.42
256.01	49636.49
256.08	49685.43
256.15	49735.69
256.22	49765.48
256.29	49800.90
256.36	49805.27
256.43	49836.25
256.50	49852.37
256.57	49849.39
256.64	49811.09
256.71	49742.24
256.78	49635.93
256.85	49528.28
256.92	49456.50
256.99	49421.91
257.05	49396.58
257.12	49351.13
257.19	49238.79
257.26	49060.17
257.33	48846.11
257.40	48658.99
257.47	48507.88
257.54	48465.08
257.61	48490.59
257.68	48586.69
257.75	48687.89
257.82	48806.61
257.89	48867.21
257.96	48858.74
258.03	48760.37
258.09	48621.04
258.16	48429.57
258.23	48253.75
258.30	48129.39
258.37	48062.10
258.44	48039.77
258.51	48067.43
258.58	48125.91
258.65	48189.87
258.72	48246.44
258.79	48266.99
258.86	48253.69
258.93	48196.31
258.99	48111.31
259.06	48013.83
259.13	47929.67
259.20	47866.47
259.27	47815.21
259.34	47781.03
259.41	47759.37
259.48	47736.69
259.55	47694.81
259.62	47649.55
259.69	47566.10
259.76	47470.57
259.82	47375.37
259.89	47320.53
259.96	47295.62
260.03	47278.52
260.10	47262.21
260.17	47232.78
260.24	47168.59
260.31	47096.52
260.38	47048.74
260.45	47004.29
260.52	46941.27
260.59	46870.62
260.65	46797.05
260.72	46726.51
260.79	46683.14
260.86	46674.18
260.93	46659.09
261.00	46590.12
261.07	46485.57
261.14	46312.23
261.21	46124.73
261.28	45953.22
261.34	45820.00
261.41	45727.37
261.48	45717.22
261.55	45741.24
261.62	45772.12
261.69	45801.13
261.76	45803.42
261.83	45754.30
261.90	45653.63
261.97	45545.18
262.03	45441.68
262.10	45371.43
262.17	45322.59
262.24	45335.87
262.31	45385.35
262.38	45430.76
262.45	45473.39
262.52	45502.93
262.59	45482.87
262.65	45439.57
262.72	45388.59
262.79	45346.05
262.86	45314.91
262.93	45297.34
263.00	45267.18
263.07	45235.57
263.14	45200.73
263.21	45199.41
263.27	45221.17
263.34	45274.15
263.41	45312.31
263.48	45278.77
263.55	45155.49
263.62	44965.85
263.69	44749.53
263.76	44574.93
263.82	44473.03
263.89	44438.49
263.96	44451.17
264.03	44447.91
264.10	44400.17
264.17	44276.42
264.24	44129.19
264.31	43977.97
264.38	43820.23
264.44	43640.59
264.51	43486.80
264.58	43344.55
264.65	43218.20
264.72	43128.99
264.79	43110.65
264.86	43159.05
264.92	43207.89
264.99	43256.67
265.06	43254.39
265.13	43204.17
265.20	43107.87
265.27	43010.30
265.34	42915.43
265.41	42902.01
265.47	42958.69
265.54	43054.21
265.61	43157.35
265.68	43239.49
265.75	43219.47
265.82	43103.85
265.89	42911.35
265.95	42695.74
266.02	42473.63
266.09	42307.42
266.16	42199.47
266.23	42137.97
266.30	42099.87
266.37	42081.78
266.44	42063.71
266.50	42070.41
266.57	42067.79
266.64	42029.40
266.71	41912.97
266.78	41761.33
266.85	41564.57
266.91	41403.59
266.98	41305.08
267.05	41313.07
267.12	41380.83
267.19	41487.69
267.26	41596.38
267.33	41670.05
267.39	41672.60
267.46	41614.70
267.53	41501.13
267.60	41350.49
267.67	41225.18
267.74	41168.91
267.81	41177.07
267.87	41238.47
267.94	41336.43
268.01	41385.85
268.08	41359.52
268.15	41228.42
268.22	41013.88
268.28	40705.18
268.35	40348.85
268.42	39996.55
268.49	39728.77
268.56	39549.50
268.63	39484.01
268.69	39551.57
268.76	39708.63
268.83	39900.85
268.90	40099.62
268.97	40254.05
269.04	40332.27
269.11	40310.61
269.17	40218.95
269.24	40097.50
269.31	40011.61
269.38	39969.47
269.45	39995.20
269.52	40061.11
269.58	40123.79
269.65	40129.24
269.72	40081.49
269.79	39992.93
269.86	39863.15
269.92	39699.58
269.99	39526.03
270.06	39365.27
270.13	39242.21
270.20	39168.77
270.27	39160.90
270.33	39207.55
270.40	39244.50
270.47	39260.79
270.54	39279.23
270.61	39275.06
270.68	39288.69
270.74	39328.68
270.81	39367.11
270.88	39346.24
270.95	39278.69
271.02	39125.61
271.08	38945.52
271.15	38764.63
271.22	38622.63
271.29	38520.09
271.36	38427.07
271.43	38352.04
271.49	38277.05
271.56	38195.01
271.63	38102.51
271.70	38034.73
271.77	37981.62
271.83	37928.91
271.90	37878.27
271.97	37842.70
272.04	37801.25
272.11	37740.85
272.17	37697.25
272.24	37656.94
272.31	37618.61
272.38	37610.75
272.45	37602.75
272.52	37572.83
272.58	37540.34
272.65	37513.47
272.72	37465.31
272.79	37430.27
272.86	37412.55
272.92	37403.88
272.99	37386.93
273.06	37350.37
273.13	37262.98
273.20	37108.13
273.26	36894.29
273.33	36646.90
273.40	36428.79
273.47	36284.51
273.54	36229.55
273.60	36241.41
273.67	36301.22
273.74	36403.86
273.81	36526.51
273.88	36689.25
273.94	36892.41
274.01	37120.19
274.08	37327.66
274.15	37482.53
274.21	37546.15
274.28	37515.83
274.35	37388.14
274.42	37184.54
274.49	36938.55
274.55	36693.49
274.62	36475.52
274.69	36305.59
274.76	36185.55
274.83	36128.55
274.89	36097.28
274.96	36054.10
275.03	36024.62
275.10	35994.85
275.17	35967.44
275.23	35917.35
275.30	35899.19
275.37	35899.73
275.44	35929.05
275.50	35950.52
275.57	35996.27
275.64	36024.30
275.71	36023.56
275.78	36025.57
275.84	36045.07
275.91	36072.33
275.98	36111.01
276.05	36139.15
276.11	36110.68
276.18	36004.53
276.25	35804.40
276.32	35571.14
276.39	35331.49
276.45	35113.09
276.52	34954.02
276.59	34896.19
276.66	34909.50
276.72	34966.73
276.79	35062.95
276.86	35128.96
276.93	35139.37
276.99	35062.81
277.06	34937.71
277.13	34802.09
277.20	34727.59
277.26	34712.11
277.33	34788.27
277.40	34906.25
277.47	34994.99
277.54	35003.65
277.60	34939.89
277.67	34781.25
277.74	34537.82
277.81	34272.13
277.87	34034.73
277.94	33845.04
278.01	33733.16
278.08	33703.19
278.14	33759.89
278.21	33870.73
278.28	34045.07
278.35	34253.33
278.41	34488.97
278.48	34695.34
278.55	34839.12
278.62	34870.71
278.68	34744.53
278.75	34472.64
278.82	34097.95
278.89	33713.39
278.95	33399.79
279.02	33237.05
279.09	33254.67
279.16	33417.10
279.22	33672.92
279.29	33956.18
279.36	34188.17
279.43	34280.75
279.49	34174.11
279.56	33872.45
279.63	33423.92
279.70	32943.19
279.76	32525.22
279.83	32278.55
279.90	32200.23
279.97	32248.55
280.03	32338.26
280.10	32461.79
280.17	32585.19
280.24	32699.88
280.30	32807.78
280.37	32913.23
280.44	32998.48
280.51	33056.32
280.57	33118.02
280.64	33181.18
280.71	33263.71
280.77	33331.25
280.84	33346.22
280.91	33298.96
280.98	33186.93
281.04	33024.65
281.11	32834.31
281.18	32632.19
281.25	32399.47
281.31	32151.35
281.38	31885.58
281.45	31637.73
281.52	31438.26
281.58	31268.83
281.65	31145.44
281.72	31082.89
281.78	31059.37
281.85	31056.29
281.92	31123.41
281.99	31239.50
282.05	31376.83
282.12	31538.01
282.19	31732.72
282.26	31929.11
282.32	32101.50
282.39	32265.35
282.46	32367.85
282.52	32443.77
282.59	32500.19
282.66	32578.53
282.73	32635.03
282.79	32688.19
282.86	32635.68
282.93	32422.81
282.99	32069.05
283.06	31622.11
283.13	31134.98
283.20	30716.25
283.26	30449.83
283.33	30301.29
283.40	30266.67
283.46	30319.98
283.53	30415.11
283.60	30527.26
283.67	30656.71
283.73	30793.29
283.80	30924.31
283.87	31070.81
283.93	31218.35
284.00	31351.05
284.07	31454.29
284.13	31504.15
284.20	31483.03
284.27	31415.71
284.34	31334.88
284.40	31256.75
284.47	31194.45
284.54	31131.91
284.60	31053.80
284.67	30929.09
284.74	30775.69
284.81	30616.88
284.87	30454.66
284.94	30245.56
285.01	30006.95
285.07	29717.11
285.14	29410.43
285.21	29143.96
285.27	28988.37
285.34	28961.56
285.41	29058.77
285.47	29229.93
285.54	29445.89
285.61	29649.32
285.68	29829.49
285.74	29988.84
285.81	30159.42
285.88	30318.54
285.94	30484.06
286.01	30657.76
286.08	30826.56
286.14	30968.75
286.21	31070.23
286.28	31145.55
286.34	31109.21
286.41	30951.79
286.48	30651.33
286.55	30249.07
286.61	29779.67
286.68	29346.13
286.75	28980.50
286.81	28736.93
286.88	28602.21
286.95	28525.66
287.01	28555.41
287.08	28655.29
287.15	28785.65
287.21	28922.44
287.28	29090.89
287.35	29207.45
287.41	29310.91
287.48	29414.19
287.55	29526.52
287.61	29635.23
287.68	29743.92
287.75	29846.14
287.81	29941.53
287.88	30020.73
287.95	30114.09
288.01	30201.57
288.08	30280.35
288.15	30333.93
288.21	30366.10
288.28	30330.01
288.35	30254.76
288.41	30103.05
288.48	29854.69
288.55	29516.15
288.61	29135.26
288.68	28743.30
288.75	28404.73
288.81	28178.63
288.88	28090.71
288.95	28134.41
289.01	28270.25
289.08	28492.90
289.15	28772.62
289.21	29086.18
289.28	29390.25
289.35	29684.22
289.41	29899.47
289.48	30038.90
289.55	30090.25
289.61	30089.17
289.68	30044.83
289.75	29963.55
289.81	29864.63
289.88	29719.30
289.95	29519.94
290.01	29308.45
290.08	29148.14
290.15	29011.31
290.21	28952.27
290.28	28944.87
290.35	28926.45
290.41	28852.81
290.48	28702.19
290.55	28464.20
290.61	28216.28
290.68	28026.05
290.74	27947.43
290.81	27998.55
290.88	28180.97
290.94	28430.00
291.01	28706.86
291.08	28969.98
291.14	29225.25
291.21	29469.13
291.28	29706.64
291.34	29916.73
291.41	30080.24
291.48	30191.66
291.54	30225.70
291.61	30169.65
291.68	30013.65
291.74	29794.85
291.81	29560.03
291.87	29351.61
291.94	29117.54
292.01	28893.75
292.07	28664.77
292.14	28407.96
292.21	28138.27
292.27	27930.17
292.34	27765.94
292.41	27686.15
292.47	27672.99
292.54	27729.17
292.60	27839.67
292.67	28023.21
292.74	28235.57
292.80	28484.01
292.87	28736.07
292.94	29005.02
293.00	29262.03
293.07	29509.94
293.13	29754.56
293.20	29978.15
293.27	30157.31
293.33	30284.99
293.40	30347.54
293.47	30329.13
293.53	30207.78
293.60	29972.11
293.66	29600.91
293.73	29156.79
293.80	28687.55
293.86	28245.10
293.93	27904.83
294.00	27722.77
294.06	27647.95
294.13	27623.77
294.19	27633.73
294.26	27623.75
294.33	27583.83
294.39	27515.57
294.46	27476.56
294.52	27506.93
294.59	27633.83
294.66	27857.58
294.72	28152.35
294.79	28494.43
294.86	28837.30
294.92	29163.98
294.99	29469.19
295.05	29762.35
295.12	30020.11
295.19	30249.91
295.25	30426.86
295.32	30553.32
295.38	30617.32
295.45	30625.50
295.52	30543.95
295.58	30366.92
295.65	30091.19
295.71	29715.09
295.78	29224.79
295.85	28716.27
295.91	28227.63
295.98	27749.25
296.04	27327.01
296.11	27039.48
296.18	26872.69
296.24	26836.29
296.31	26950.76
296.37	27216.59
296.44	27569.25
296.51	27958.98
296.57	28358.58
296.64	28745.27
296.70	29085.02
296.77	29363.48
296.84	29589.89
296.90	29798.21
296.97	29998.41
297.03	30210.67
297.10	30426.45
297.17	30659.81
297.23	30874.57
297.30	31050.45
297.36	31147.45
297.43	31191.14
297.50	31138.59
297.56	30985.82
297.63	30711.02
297.69	30281.31
297.76	29708.43
297.82	29050.47
297.89	28385.79
297.96	27796.02
298.02	27376.75
298.09	27119.41
298.15	27035.22
298.22	27046.53
298.29	27116.02
298.35	27250.34
298.42	27455.55
298.48	27705.13
298.55	28008.97
298.61	28366.21
298.68	28735.63
298.75	29096.07
298.81	29432.03
298.88	29749.30
298.94	30035.61
299.01	30294.89
299.08	30528.25
299.14	30747.99
299.21	30929.90
299.27	31071.01
299.34	31168.81
299.40	31242.03
299.47	31250.51
299.54	31224.89
299.60	31164.70
299.67	31009.01
299.73	30681.10
299.80	30157.45
299.86	29400.51
299.93	28506.69
299.99	27674.40
300.06	27003.14
300.13	26585.25
300.19	26464.10
300.26	26577.76
300.32	26826.83
300.39	27166.91
300.45	27557.17
300.52	27991.03
300.59	28434.51
300.65	28841.45
300.72	29220.82
300.78	29558.69
300.85	29856.07
300.91	30109.25
300.98	30335.85
301.04	30534.34
301.11	30722.45
301.18	30890.33
301.24	31045.97
301.31	31171.93
301.37	31274.87
301.44	31340.08
301.50	31348.45
301.57	31283.49
301.63	31164.19
301.70	30916.84
301.77	30531.32
301.83	30022.08
301.90	29429.71
301.96	28774.83
302.03	28156.51
302.09	27657.37
302.16	27303.91
302.22	27103.90
302.29	27051.44
302.36	27135.25
302.42	27315.44
302.49	27587.71
302.55	27912.01
302.62	28263.57
302.68	28622.42
302.75	28967.95
302.81	29272.29
302.88	29561.49
302.94	29817.04
303.01	30056.82
303.07	30250.99
303.14	30431.79
303.21	30577.05
303.27	30705.89
303.34	30791.83
303.40	30867.79
303.47	30908.89
303.53	30906.04
303.60	30881.51
303.66	30824.57
303.73	30735.70
303.79	30597.99
303.86	30399.17
303.92	30102.59
303.99	29697.79
304.05	29120.95
304.12	28501.03
304.19	27952.32
304.25	27501.87
304.32	27206.53
304.38	27135.41
304.45	27199.85
304.51	27354.53
304.58	27584.39
304.64	27857.10
304.71	28174.10
304.77	28483.23
304.84	28760.94
304.90	29013.26
304.97	29241.09
305.03	29419.55
305.10	29594.12
305.16	29756.98
305.23	29892.53
305.29	30006.89
305.36	30103.81
305.42	30177.89
305.49	30218.80
305.56	30236.60
305.62	30227.38
305.69	30195.58
305.75	30128.35
305.82	29997.92
305.88	29789.94
305.95	29516.55
306.01	29188.15
306.08	28834.99
306.14	28483.94
306.21	28133.07
306.27	27791.20
306.34	27470.37
306.40	27157.77
306.47	26920.93
306.53	26817.95
306.60	26816.51
306.66	26925.88
306.73	27126.28
306.79	27352.59
306.86	27584.85
306.92	27819.46
306.99	28026.03
307.05	28205.29
307.12	28367.31
307.18	28494.92
307.25	28601.61
307.31	28693.69
307.38	28775.83
307.44	28838.95
307.51	28888.61
307.57	28899.55
307.64	28893.69
307.70	28880.67
307.77	28856.57
307.83	28811.58
307.90	28775.78
307.96	28722.60
308.03	28630.70
308.09	28507.76
308.16	28380.94
308.22	28230.45
308.29	28039.57
308.35	27824.50
308.42	27578.25
308.48	27265.69
308.55	26951.98
308.61	26692.41
308.68	26493.18
308.74	26377.43
308.81	26376.65
308.87	26451.21
308.94	26574.61
309.00	26733.44
309.07	26899.55
309.13	27060.32
309.20	27214.91
309.26	27333.95
309.33	27431.63
309.39	27517.70
309.45	27586.91
309.52	27614.49
309.58	27633.87
309.65	27621.94
309.71	27582.31
309.78	27543.36
309.84	27494.36
309.91	27435.10
309.97	27371.16
310.04	27314.39
310.10	27234.43
310.17	27165.03
310.23	27087.60
310.30	27022.59
310.36	26939.87
310.43	26825.20
310.49	26668.11
310.56	26495.35
310.62	26292.44
310.69	26105.68
310.75	25956.23
310.81	25874.29
310.88	25828.27
310.94	25831.14
311.01	25845.75
311.07	25886.49
311.14	25925.07
311.20	25966.73
311.27	26002.58
311.33	26072.97
311.40	26125.26
311.46	26170.03
311.53	26219.58
311.59	26274.03
311.66	26303.99
311.72	26315.15
311.78	26323.83
311.85	26315.21
311.91	26292.48
311.98	26250.67
312.04	26208.69
312.11	26164.25
312.17	26121.33
312.24	26079.85
312.30	26027.17
312.37	25970.78
312.43	25903.04
312.50	25835.61
312.56	25759.74
312.62	25682.33
312.69	25605.85
312.75	25511.47
312.82	25392.00
312.88	25261.67
312.95	25127.89
313.01	24982.85
313.08	24871.83
313.14	24792.37
313.20	24730.67
313.27	24699.45
313.33	24700.44
313.40	24722.27
313.46	24743.01
313.53	24782.10
313.59	24817.58
313.66	24853.01
313.72	24865.30
313.78	24874.61
313.85	24870.82
313.91	24872.87
313.98	24874.81
314.04	24869.39
314.11	24866.80
314.17	24857.21
314.24	24828.32
314.30	24789.70
314.36	24740.29
314.43	24701.90
314.49	24647.59
314.56	24588.37
314.62	24520.43
314.69	24450.95
314.75	24372.23
314.81	24311.49
314.88	24253.73
314.94	24215.61
315.01	24179.95
315.07	24122.45
315.14	24062.89
315.20	24004.48
315.27	23929.61
315.33	23878.26
315.39	23823.13
315.46	23775.63
315.52	23724.64
315.59	23686.47
315.65	23627.74
315.72	23593.37
315.78	23549.97
315.84	23533.59
315.91	23523.59
315.97	23523.29
316.04	23552.91
316.10	23573.85
316.16	23576.46
316.23	23540.85
316.29	23481.67
316.36	23358.18
316.42	23217.83
316.49	23045.75
316.55	22861.85
316.61	22668.63
316.68	22467.28
316.74	22261.14
316.81	22046.51
316.87	21840.77
316.93	21631.77
317.00	21431.53
317.06	21223.37
317.13	21019.58
317.19	20808.86
317.26	20600.49
317.32	20389.53
317.38	20195.56
317.45	20001.79
317.51	19821.77
317.58	19639.28
317.64	19452.00
317.70	19265.74
317.77	19085.24
317.83	18898.17
317.90	18700.75
317.96	18503.81
318.02	18302.81
318.09	18112.13
318.15	17906.83
318.22	17712.51
318.28	17527.57
318.34	17327.21
318.41	17120.81
318.47	16932.58
318.54	16757.47
318.60	16579.04
318.66	16416.88
318.73	16243.25
318.79	16078.27
318.86	15902.85
318.92	15729.57
318.98	15564.16
319.05	15396.80
319.11	15221.22
319.18	15046.46
319.24	14870.89
319.30	14680.57
319.37	14510.71
319.43	14336.63
319.50	14159.73
319.56	13979.89
319.62	13800.68
319.69	13618.46
319.75	13444.20
319.82	13270.05
319.88	13097.47
319.94	12930.41
320.01	12769.84
320.07	12596.81
320.13	12434.18
320.20	12269.73
320.26	12114.27
320.33	11948.10
320.39	11788.36
320.45	11624.63
320.52	11470.05
320.58	11307.72
320.65	11147.17
320.71	10990.90
320.77	10839.25
320.84	10677.25
320.90	10519.39
320.96	10358.87
321.03	10182.55
321.09	10006.73
321.16	9837.97
321.22	9659.79
321.28	9491.26
321.35	9343.20
321.41	9187.68
321.47	9034.83
321.54	8894.57
321.60	8738.73
321.67	8582.02
321.73	8433.19
321.79	8278.59
321.86	8116.24
321.92	7960.13
321.98	7793.11
322.05	7614.43
322.11	7433.85
322.18	7255.37
322.24	7084.03
322.30	6917.25
322.37	6762.07
322.43	6600.89
322.49	6449.11
322.56	6286.96
322.62	6131.91
322.68	5967.56
322.75	5817.73
322.81	5652.81
322.88	5495.50
322.94	5334.87
323.00	5176.19
323.07	5019.37
323.13	4869.86
323.19	4719.71
323.26	4571.01
323.32	4428.48
323.38	4279.83
323.45	4078.28
323.51	3492.48
323.57	2685.47
323.64	1837.97
323.70	1024.06
323.76	292.43
323.83	-24.57
323.89	-89.99
323.96	-92.16
