180.25	3525.17
180.33	-134.28
180.40	661.24
180.48	-26.64
180.56	17.52
180.63	53.60
180.71	95.96
180.78	90.84
180.86	90.10
180.93	95.31
181.01	97.75
181.08	95.86
181.16	95.14
181.23	95.58
181.31	94.50
181.39	119.80
181.46	129.24
181.54	139.21
181.61	157.37
181.69	165.34
181.76	156.10
181.84	147.84
181.91	149.39
181.99	148.49
182.06	148.35
182.14	152.56
182.22	156.66
182.29	165.08
182.37	165.91
182.44	175.67
182.52	170.44
182.59	188.78
182.67	195.33
182.74	199.88
182.82	203.52
182.89	212.43
182.97	208.97
183.04	213.69
183.12	216.84
183.20	228.14
183.27	229.45
183.35	245.19
183.42	253.05
183.50	276.66
183.57	281.54
183.65	307.38
183.72	328.22
183.80	364.56
183.87	389.22
183.95	417.06
184.02	454.00
184.10	476.39
184.17	488.92
184.25	491.62
184.32	487.22
184.40	462.73
184.47	424.10
184.55	383.93
184.62	370.74
184.70	379.10
184.78	391.05
184.85	445.58
184.93	508.55
185.00	565.13
185.08	621.24
185.15	683.14
185.23	745.59
185.30	809.33
185.38	874.62
185.45	925.50
185.53	980.84
185.60	1010.34
185.68	1042.11
185.75	1050.36
185.83	1054.27
185.90	1029.91
185.98	978.54
186.05	910.30
186.13	844.96
186.20	787.20
186.28	759.40
186.35	780.40
186.43	842.83
186.50	941.48
186.58	1059.77
186.65	1171.30
186.73	1284.71
186.80	1362.13
186.88	1412.54
186.95	1428.91
187.03	1417.52
187.10	1374.48
187.18	1361.50
187.25	1359.00
187.33	1385.59
187.40	1447.22
187.48	1527.21
187.55	1598.50
187.63	1655.41
187.70	1697.69
187.78	1736.88
187.85	1771.09
187.93	1765.25
188.00	1731.87
188.08	1671.02
188.15	1588.62
188.23	1523.60
188.30	1510.25
188.38	1529.92
188.45	1563.48
188.53	1581.40
188.60	1583.20
188.68	1559.40
188.75	1560.04
188.83	1612.63
188.90	1701.34
188.98	1818.05
189.05	1970.88
189.13	2129.76
189.20	2283.75
189.28	2458.32
189.35	2639.26
189.43	2813.20
189.50	2937.59
189.58	2956.04
189.65	2848.30
189.73	2650.23
189.80	2407.90
189.87	2172.20
189.95	1985.70
190.02	1835.30
190.10	1707.15
190.17	1584.12
190.25	1487.15
190.32	1470.08
190.40	1542.18
190.47	1695.16
190.55	1902.46
190.62	2143.90
190.70	2348.08
190.77	2542.50
190.85	2692.84
190.92	2800.20
191.00	2854.17
191.07	2857.51
191.15	2777.28
191.22	2653.63
191.29	2487.63
191.37	2303.20
191.44	2172.53
191.52	2132.68
191.59	2149.56
191.67	2180.76
191.74	2190.96
191.82	2190.00
191.89	2197.98
191.97	2259.42
192.04	2395.24
192.12	2591.27
192.19	2767.06
192.27	2855.98
192.34	2840.66
192.41	2773.50
192.49	2695.16
192.56	2651.78
192.64	2667.42
192.71	2721.19
192.79	2731.68
192.86	2647.40
192.94	2429.05
193.01	2155.90
193.09	1920.53
193.16	1796.85
193.23	1825.96
193.31	2014.49
193.38	2315.84
193.46	2621.62
193.53	2915.72
193.61	3180.16
193.68	3392.12
193.76	3514.08
193.83	3569.75
193.91	3546.68
193.98	3462.27
194.05	3316.04
194.13	3111.33
194.20	2863.47
194.28	2624.92
194.35	2416.87
194.43	2245.30
194.50	2091.26
194.58	1961.74
194.65	1868.41
194.72	1849.46
194.80	1954.63
194.87	2212.23
194.95	2586.58
195.02	2975.47
195.10	3325.10
195.17	3630.17
195.25	3880.48
195.32	4084.58
195.39	4271.79
195.47	4440.95
195.54	4553.47
195.62	4531.96
195.69	4293.60
195.77	3807.10
195.84	3164.50
195.91	2479.50
195.99	1924.72
196.06	1619.23
196.14	1612.39
196.21	1817.16
196.29	2156.40
196.36	2560.14
196.43	2976.23
196.51	3371.48
196.58	3719.12
196.66	4022.60
196.73	4286.70
196.81	4504.69
196.88	4680.62
196.95	4807.42
197.03	4784.14
197.10	4507.62
197.18	3989.17
197.25	3346.72
197.33	2691.15
197.40	2118.72
197.47	1730.11
197.55	1595.52
197.62	1621.79
197.70	1762.67
197.77	2028.98
197.84	2401.32
197.92	2827.64
197.99	3320.30
198.07	3842.98
198.14	4341.39
198.22	4808.14
198.29	5209.06
198.36	5530.86
198.44	5768.46
198.51	5862.59
198.59	5695.24
198.66	5228.14
198.73	4523.52
198.81	3704.73
198.88	2873.60
198.96	2205.51
199.03	1842.38
199.10	1774.55
199.18	1884.61
199.25	2184.36
199.33	2635.11
199.40	3138.44
199.48	3596.17
199.55	4039.46
199.62	4465.93
199.70	4943.26
199.77	5473.94
199.85	6063.35
199.92	6621.70
199.99	7083.66
200.07	7273.64
200.14	7069.76
200.22	6347.18
200.29	5219.38
200.36	3996.50
200.44	2897.60
200.51	2105.48
200.59	1789.96
200.66	1890.49
200.73	2166.31
200.81	2526.98
200.88	2946.54
200.95	3453.13
201.03	4025.55
201.10	4651.75
201.18	5273.82
201.25	5860.22
201.32	6351.59
201.40	6758.64
201.47	7058.46
201.55	7163.92
201.62	6914.68
201.69	6239.85
201.77	5334.76
201.84	4375.50
201.92	3445.50
201.99	2702.50
202.06	2321.49
202.14	2205.15
202.21	2237.46
202.28	2475.78
202.36	2936.13
202.43	3528.24
202.51	4151.39
202.58	4762.59
202.65	5352.36
202.73	5972.75
202.80	6644.77
202.87	7395.47
202.95	8177.21
203.02	8873.10
203.10	9373.93
203.17	9621.36
203.24	9427.98
203.32	8597.12
203.39	7201.90
203.46	5613.30
203.54	4106.98
203.61	2945.27
203.69	2381.79
203.76	2458.26
203.83	2892.88
203.91	3467.18
203.98	4155.49
204.05	4935.02
204.13	5797.17
204.20	6683.97
204.28	7561.63
204.35	8306.92
204.42	8883.87
204.50	9294.74
204.57	9570.54
204.64	9690.95
204.72	9568.18
204.79	8969.80
204.86	7854.36
204.94	6480.47
205.01	5067.08
205.09	3771.83
205.16	2905.34
205.23	2592.52
205.31	2652.98
205.38	2948.99
205.45	3511.85
205.53	4301.67
205.60	5235.94
205.67	6231.72
205.75	7185.36
205.82	8027.43
205.89	8789.27
205.97	9540.00
206.04	10320.63
206.12	11178.42
206.19	12041.30
206.26	12739.37
206.34	13131.48
206.41	12997.52
206.48	12074.87
206.56	10327.43
206.63	8186.51
206.70	6062.21
206.78	4293.32
206.85	3231.74
206.92	3066.50
207.00	3526.86
207.07	4273.38
207.14	5176.85
207.22	6182.84
207.29	7267.77
207.36	8408.54
207.44	9599.51
207.51	10795.56
207.58	11984.74
207.66	13103.25
207.73	14098.15
207.80	14865.03
207.88	15320.36
207.95	15396.21
208.02	14972.31
208.10	13751.39
208.17	11733.13
208.25	9383.72
208.32	7121.29
208.39	5221.30
208.47	4092.03
208.54	3841.23
208.61	4153.20
208.69	4709.06
208.76	5439.04
208.83	6363.98
208.90	7480.04
208.98	8727.53
209.05	10043.24
209.12	11373.16
209.20	12636.93
209.27	13806.74
209.34	14895.95
209.42	15918.86
209.49	16770.49
209.56	17346.16
209.64	17576.46
209.71	17160.44
209.78	15758.23
209.86	13569.98
209.93	11117.33
210.00	8637.21
210.08	6516.51
210.15	5261.60
210.22	4917.45
210.30	5134.29
210.37	5788.83
210.44	6787.78
210.52	7992.26
210.59	9272.13
210.66	10562.23
210.74	11817.60
210.81	13025.61
210.88	14252.70
210.96	15503.41
211.03	16770.06
211.10	18031.38
211.17	19197.18
211.25	20025.65
211.32	20386.16
211.39	20115.65
211.47	18956.70
211.54	16746.20
211.61	13872.00
211.69	10997.74
211.76	8626.38
211.83	7160.72
211.91	6895.96
211.98	7549.11
212.05	8579.57
212.12	9660.86
212.20	10706.78
212.27	11653.94
212.34	12486.94
212.42	13280.42
212.49	14118.02
212.56	15038.69
212.64	16106.84
212.71	17348.76
212.78	18641.87
212.85	19798.50
212.93	20624.63
213.00	21015.91
213.07	20837.73
213.15	19728.02
213.22	17712.25
213.29	15357.06
213.37	12996.54
213.44	10907.16
213.51	9645.44
213.58	9408.22
213.66	9825.30
213.73	10644.26
213.80	11736.50
213.88	12854.66
213.95	13743.70
214.02	14406.18
214.09	15001.48
214.17	15642.97
214.24	16468.91
214.31	17608.16
214.39	18969.44
214.46	20316.30
214.53	21463.40
214.60	22364.00
214.68	22980.20
214.75	23261.01
214.82	23142.94
214.90	22425.21
214.97	20762.54
215.04	18274.61
215.11	15598.06
215.19	13323.92
215.26	11930.45
215.33	11753.34
215.41	12701.52
215.48	14195.04
215.55	15669.59
215.62	16898.96
215.70	17979.24
215.77	19002.58
215.84	20031.22
215.91	21105.55
215.99	22234.69
216.06	23285.94
216.13	24088.72
216.21	24534.04
216.28	24790.13
216.35	24958.44
216.42	25029.89
216.50	25005.38
216.57	24859.86
216.64	24142.57
216.71	22482.10
216.79	20251.74
216.86	17998.96
216.93	16081.26
217.01	14954.41
217.08	15000.00
217.15	15955.30
217.22	17372.64
217.30	18985.50
217.37	20620.65
217.44	22154.26
217.51	23483.68
217.59	24537.78
217.66	25349.65
217.73	25990.61
217.80	26481.53
217.88	26795.40
217.95	27042.30
218.02	27294.44
218.09	27568.09
218.17	27922.10
218.24	28334.83
218.31	28631.65
218.38	28583.15
218.46	27903.12
218.53	26226.03
218.60	23913.54
218.67	21516.72
218.75	19512.22
218.82	18352.31
218.89	18437.03
218.96	19495.53
219.04	21044.30
219.11	22673.66
219.18	24122.11
219.25	25337.82
219.33	26376.86
219.40	27307.04
219.47	28172.84
219.54	29011.91
219.62	29790.47
219.69	30477.56
219.76	31108.84
219.83	31678.60
219.91	32221.38
219.98	32716.14
220.05	33038.36
220.12	33042.06
220.20	32677.97
220.27	31753.01
220.34	30050.88
220.41	27866.62
220.49	25747.60
220.56	24120.91
220.63	23253.44
220.70	23407.69
220.78	24339.10
220.85	25528.82
220.92	26613.88
220.99	27572.76
221.06	28405.87
221.14	29163.34
221.21	29927.07
221.28	30733.28
221.35	31536.12
221.43	32318.66
221.50	33087.99
221.57	33809.16
221.64	34439.68
221.72	34941.00
221.79	35305.45
221.86	35454.52
221.93	35376.88
222.00	35112.46
222.08	34600.84
222.15	33663.97
222.22	32511.16
222.29	31400.97
222.37	30490.17
222.44	29909.41
222.51	29815.09
222.58	30048.22
222.65	30396.65
222.73	30723.17
222.80	31037.28
222.87	31443.38
222.94	31944.34
223.02	32519.13
223.09	33151.16
223.16	33841.74
223.23	34522.44
223.30	35219.03
223.38	35911.99
223.45	36539.60
223.52	37029.86
223.59	37373.28
223.66	37489.05
223.74	37355.64
223.81	37074.90
223.88	36760.18
223.95	36408.66
224.03	35997.63
224.10	35590.60
224.17	35233.20
224.24	34911.92
224.31	34684.24
224.39	34660.14
224.46	34848.52
224.53	35140.48
224.60	35466.38
224.67	35816.37
224.75	36195.68
224.82	36593.63
224.89	37038.89
224.96	37532.48
225.03	38024.16
225.11	38484.67
225.18	38917.74
225.25	39270.06
225.32	39501.48
225.39	39626.03
225.47	39650.80
225.54	39489.36
225.61	39079.96
225.68	38563.46
225.75	38100.56
225.83	37755.39
225.90	37578.33
225.97	37658.34
226.04	37903.66
226.11	38187.72
226.19	38465.39
226.26	38777.44
226.33	39144.29
226.40	39537.44
226.47	39939.78
226.54	40336.80
226.62	40681.66
226.69	40964.40
226.76	41203.78
226.83	41400.72
226.90	41572.06
226.98	41714.86
227.05	41841.66
227.12	41944.72
227.19	42015.42
227.26	42039.48
227.34	42041.86
227.41	41979.31
227.48	41789.07
227.55	41413.95
227.62	40991.30
227.69	40658.51
227.77	40481.85
227.84	40524.34
227.91	40826.67
227.98	41250.00
228.05	41634.32
228.12	41956.82
228.20	42241.34
228.27	42496.46
228.34	42739.80
228.41	42996.33
228.48	43236.66
228.56	43429.09
228.63	43562.32
228.70	43657.04
228.77	43747.48
228.84	43854.28
228.91	43990.14
228.99	44180.64
229.06	44407.41
229.13	44616.36
229.20	44792.94
229.27	44921.10
229.34	44987.76
229.42	44963.94
229.49	44853.63
229.56	44657.52
229.63	44432.52
229.70	44229.33
229.77	44100.04
229.85	44100.31
229.92	44228.90
229.99	44444.89
230.06	44687.61
230.13	44942.50
230.20	45157.95
230.27	45351.09
230.35	45521.66
230.42	45672.73
230.49	45817.41
230.56	45949.65
230.63	46057.26
230.70	46123.59
230.78	46199.16
230.85	46255.54
230.92	46337.84
230.99	46459.28
231.06	46633.41
231.13	46817.56
231.20	47015.06
231.28	47173.90
231.35	47302.89
231.42	47399.99
231.49	47485.30
231.56	47526.40
231.63	47556.80
231.71	47552.99
231.78	47554.92
231.85	47554.11
231.92	47592.54
231.99	47669.53
232.06	47783.81
232.13	47905.20
232.21	48019.58
232.28	48104.61
232.35	48164.46
232.42	48209.46
232.49	48251.96
232.56	48321.54
232.63	48379.76
232.71	48451.78
232.78	48541.36
232.85	48650.30
232.92	48749.84
232.99	48892.28
233.06	49041.64
233.13	49179.10
233.20	49276.64
233.28	49358.51
233.35	49430.80
233.42	49500.54
233.49	49585.09
233.56	49675.60
233.63	49770.58
233.70	49858.52
233.78	49942.79
233.85	50028.73
233.92	50128.46
233.99	50217.93
234.06	50310.64
234.13	50409.46
234.20	50487.15
234.27	50547.62
234.35	50602.60
234.42	50644.89
234.49	50665.62
234.56	50678.66
234.63	50687.06
234.70	50698.81
234.77	50707.32
234.84	50725.89
234.92	50767.90
234.99	50845.53
235.06	50930.04
235.13	51025.66
235.20	51137.18
235.27	51230.52
235.34	51318.16
235.41	51401.04
235.48	51487.47
235.56	51562.38
235.63	51651.46
235.70	51708.01
235.77	51763.56
235.84	51796.05
235.91	51824.24
235.98	51846.12
236.05	51874.92
236.12	51924.13
236.20	51973.64
236.27	52028.84
236.34	52083.79
236.41	52136.86
236.48	52166.56
236.55	52209.83
236.62	52251.65
236.69	52308.10
236.76	52376.44
236.84	52452.38
236.91	52526.58
236.98	52596.91
237.05	52636.68
237.12	52656.66
237.19	52680.38
237.26	52715.86
237.33	52744.87
237.40	52781.67
237.47	52828.29
237.55	52876.34
237.62	52926.49
237.69	52990.96
237.76	53053.28
237.83	53120.11
237.90	53173.63
237.97	53197.90
238.04	53232.28
238.11	53268.45
238.18	53309.83
238.26	53354.02
238.33	53400.36
238.40	53422.38
238.47	53457.52
238.54	53478.74
238.61	53483.27
238.68	53496.16
238.75	53514.57
238.82	53539.64
238.89	53574.61
238.96	53638.26
239.04	53694.12
239.11	53745.68
239.18	53775.80
239.25	53788.90
239.32	53784.18
239.39	53778.90
239.46	53767.64
239.53	53749.82
239.60	53733.80
239.67	53734.34
239.74	53744.62
239.81	53752.66
239.89	53772.14
239.96	53796.08
240.03	53809.56
240.10	53817.95
240.17	53835.18
240.24	53855.29
240.31	53887.45
240.38	53935.01
240.45	54003.78
240.52	54080.19
240.59	54155.45
240.66	54223.44
240.73	54266.60
240.80	54282.10
240.88	54286.60
240.95	54286.66
241.02	54284.46
241.09	54292.24
241.16	54311.46
241.23	54334.70
241.30	54321.27
241.37	54291.62
241.44	54274.03
241.51	54262.00
241.58	54260.52
241.65	54300.70
241.72	54344.58
241.79	54373.71
241.86	54384.93
241.94	54383.61
242.01	54355.41
242.08	54338.50
242.15	54327.60
242.22	54337.42
242.29	54331.27
242.36	54342.77
242.43	54326.39
242.50	54313.23
242.57	54286.28
242.64	54282.25
242.71	54278.20
242.78	54300.06
242.85	54312.38
242.92	54326.19
242.99	54338.19
243.06	54342.14
243.14	54349.71
243.21	54359.69
243.28	54368.04
243.35	54369.62
243.42	54384.77
243.49	54393.62
243.56	54388.36
243.63	54388.94
243.70	54379.92
243.77	54352.76
243.84	54328.18
243.91	54303.35
243.98	54268.50
244.05	54227.93
244.12	54206.24
244.19	54192.12
244.26	54178.40
244.33	54152.22
244.40	54142.80
244.47	54132.80
244.54	54100.96
244.62	54055.94
244.69	54021.45
244.76	53982.88
244.83	53947.76
244.90	53939.54
244.97	53960.11
245.04	53978.30
245.11	53983.55
245.18	53961.37
245.25	53918.96
245.32	53873.04
245.39	53849.41
245.46	53834.18
245.53	53842.57
245.60	53853.44
245.67	53897.28
245.74	53937.81
245.81	53976.04
245.88	53991.06
245.95	54014.56
246.02	53981.89
246.09	53916.88
246.16	53850.97
246.23	53780.29
246.30	53720.48
246.37	53679.96
246.44	53682.65
246.51	53692.31
246.58	53728.89
246.65	53751.20
246.72	53771.96
246.79	53766.06
246.87	53748.62
246.94	53721.08
247.01	53687.15
247.08	53641.41
247.15	53578.53
247.22	53521.99
247.29	53461.58
247.36	53420.00
247.43	53376.56
247.50	53360.18
247.57	53348.88
247.64	53349.95
247.71	53321.64
247.78	53311.88
247.85	53312.51
247.92	53318.55
247.99	53315.32
248.06	53314.38
248.13	53308.05
248.20	53288.41
248.27	53254.51
248.34	53223.13
248.41	53199.79
248.48	53184.51
248.55	53174.82
248.62	53183.39
248.69	53200.85
248.76	53207.21
248.83	53197.41
248.90	53170.43
248.97	53116.98
249.04	53047.10
249.11	52995.89
249.18	52952.26
249.25	52907.72
249.32	52863.44
249.39	52785.22
249.46	52683.93
249.53	52566.60
249.60	52454.38
249.67	52367.84
249.74	52335.54
249.81	52348.05
249.88	52384.42
249.95	52443.70
250.02	52498.87
250.09	52525.79
250.16	52513.36
250.23	52487.79
250.30	52448.94
250.37	52420.48
250.44	52420.04
250.51	52432.40
250.58	52462.37
250.65	52479.66
250.72	52462.54
250.79	52418.50
250.86	52366.97
250.93	52283.26
251.00	52183.94
251.07	52084.23
251.14	51994.86
251.21	51918.40
251.28	51863.12
251.35	51835.94
251.42	51840.24
251.49	51846.10
251.56	51855.50
251.63	51864.86
251.70	51871.56
251.77	51859.20
251.84	51846.55
251.91	51816.22
251.98	51775.75
252.05	51737.65
252.12	51686.29
252.18	51627.63
252.25	51573.90
252.32	51546.14
252.39	51518.09
252.46	51501.98
252.53	51494.13
252.60	51495.09
252.67	51488.27
252.74	51481.93
252.81	51475.06
252.88	51461.28
252.95	51422.56
253.02	51361.09
253.09	51297.02
253.16	51242.75
253.23	51178.42
253.30	51145.42
253.37	51106.02
253.44	51060.32
253.51	50986.72
253.58	50921.35
253.65	50851.71
253.72	50808.03
253.79	50769.48
253.86	50759.54
253.93	50753.52
254.00	50749.45
254.07	50743.86
254.14	50720.82
254.21	50687.31
254.28	50659.68
254.35	50622.42
254.41	50579.23
254.48	50531.04
254.55	50497.62
254.62	50460.09
254.69	50415.24
254.76	50381.56
254.83	50349.86
254.90	50317.78
254.97	50292.44
255.04	50268.46
255.11	50204.24
255.18	50116.46
255.25	49978.82
255.32	49829.00
255.39	49682.21
255.46	49574.24
255.53	49514.08
255.60	49492.40
255.67	49471.21
255.74	49467.16
255.81	49465.95
255.87	49491.63
255.94	49518.23
256.01	49578.76
256.08	49638.87
256.15	49702.00
256.22	49725.49
256.29	49762.08
256.36	49774.36
256.43	49788.78
256.50	49791.62
256.57	49791.04
256.64	49750.77
256.71	49685.36
256.78	49587.54
256.85	49486.46
256.92	49405.54
256.99	49363.57
257.05	49335.28
257.12	49289.10
257.19	49181.84
257.26	49015.26
257.33	48815.35
257.40	48637.93
257.47	48499.18
257.54	48457.45
257.61	48480.96
257.68	48567.70
257.75	48658.10
257.82	48758.02
257.89	48812.69
257.96	48816.08
258.03	48736.78
258.09	48595.30
258.16	48425.46
258.23	48243.50
258.30	48108.15
258.37	48032.63
258.44	48010.94
258.51	48027.46
258.58	48080.92
258.65	48146.39
258.72	48200.80
258.79	48234.18
258.86	48226.12
258.93	48178.16
258.99	48089.05
259.06	47989.56
259.13	47898.16
259.20	47826.56
259.27	47782.19
259.34	47742.13
259.41	47711.85
259.48	47681.56
259.55	47642.01
259.62	47591.26
259.69	47524.82
259.76	47432.18
259.82	47348.64
259.89	47300.66
259.96	47266.78
260.03	47250.21
260.10	47236.86
260.17	47195.84
260.24	47133.02
260.31	47072.76
260.38	47010.54
260.45	46959.23
260.52	46905.64
260.59	46821.58
260.65	46731.34
260.72	46684.27
260.79	46653.38
260.86	46649.02
260.93	46638.60
261.00	46582.89
261.07	46457.74
261.14	46278.24
261.21	46076.58
261.28	45895.82
261.34	45764.33
261.41	45687.74
261.48	45675.72
261.55	45704.40
261.62	45749.00
261.69	45762.21
261.76	45751.39
261.83	45702.12
261.90	45609.88
261.97	45502.98
262.03	45419.98
262.10	45349.34
262.17	45303.51
262.24	45309.03
262.31	45343.53
262.38	45390.25
262.45	45437.28
262.52	45462.43
262.59	45451.86
262.65	45415.38
262.72	45356.92
262.79	45308.89
262.86	45282.39
262.93	45251.80
263.00	45224.20
263.07	45191.81
263.14	45156.82
263.21	45147.80
263.27	45177.23
263.34	45227.90
263.41	45266.25
263.48	45243.38
263.55	45129.58
263.62	44934.90
263.69	44727.24
263.76	44550.98
263.82	44450.32
263.89	44421.89
263.96	44450.59
264.03	44435.00
264.10	44387.54
264.17	44275.90
264.24	44118.93
264.31	43950.72
264.38	43800.35
264.44	43629.90
264.51	43446.95
264.58	43297.96
264.65	43172.42
264.72	43075.08
264.79	43059.56
264.86	43123.70
264.92	43177.25
264.99	43220.04
265.06	43235.37
265.13	43172.64
265.20	43078.43
265.27	42991.01
265.34	42908.60
265.41	42886.98
265.47	42942.53
265.54	43022.33
265.61	43115.86
265.68	43193.46
265.75	43171.36
265.82	43056.87
265.89	42876.74
265.95	42666.80
266.02	42442.76
266.09	42282.10
266.16	42171.82
266.23	42101.18
266.30	42057.66
266.37	42039.13
266.44	42023.30
266.50	42040.86
266.57	42048.08
266.64	42004.48
266.71	41896.79
266.78	41737.86
266.85	41527.24
266.91	41363.33
266.98	41276.03
267.05	41277.54
267.12	41349.74
267.19	41471.52
267.26	41579.89
267.33	41652.70
267.39	41672.27
267.46	41622.24
267.53	41504.88
267.60	41364.78
267.67	41234.77
267.74	41164.18
267.81	41157.06
267.87	41215.85
267.94	41300.50
268.01	41357.90
268.08	41325.92
268.15	41197.64
268.22	40977.56
268.28	40662.42
268.35	40307.46
268.42	39961.62
268.49	39692.51
268.56	39517.78
268.63	39461.81
268.69	39525.11
268.76	39683.16
268.83	39881.64
268.90	40082.58
268.97	40233.77
269.04	40308.65
269.11	40287.58
269.17	40197.98
269.24	40076.94
269.31	39994.47
269.38	39967.16
269.45	39997.86
269.52	40069.40
269.58	40133.38
269.65	40137.89
269.72	40076.72
269.79	39978.98
269.86	39846.56
269.92	39678.44
269.99	39511.08
270.06	39354.92
270.13	39230.81
270.20	39146.64
270.27	39144.96
270.33	39181.69
270.40	39214.14
270.47	39236.09
270.54	39250.38
270.61	39251.70
270.68	39266.28
270.74	39304.50
270.81	39328.04
270.88	39310.61
270.95	39230.78
271.02	39078.07
271.08	38901.80
271.15	38732.68
271.22	38597.33
271.29	38494.92
271.36	38402.86
271.43	38327.67
271.49	38256.52
271.56	38178.22
271.63	38090.97
271.70	38028.81
271.77	37981.20
271.83	37918.72
271.90	37863.13
271.97	37830.10
272.04	37782.50
272.11	37721.70
272.17	37682.64
272.24	37637.58
272.31	37594.61
272.38	37592.64
272.45	37578.45
272.52	37554.30
272.58	37521.95
272.65	37495.57
272.72	37444.14
272.79	37411.46
272.86	37391.62
272.92	37392.21
272.99	37371.97
273.06	37341.67
273.13	37257.05
273.20	37106.53
273.26	36887.16
273.33	36642.08
273.40	36429.06
273.47	36279.28
273.54	36212.53
273.60	36223.78
273.67	36284.30
273.74	36383.12
273.81	36500.34
273.88	36669.07
273.94	36868.32
274.01	37104.72
274.08	37313.79
274.15	37477.49
274.21	37539.44
274.28	37510.84
274.35	37370.22
274.42	37157.73
274.49	36915.88
274.55	36681.78
274.62	36473.74
274.69	36314.08
274.76	36202.43
274.83	36134.37
274.89	36089.28
274.96	36043.42
275.03	36009.44
275.10	35980.90
275.17	35951.72
275.23	35914.82
275.30	35893.71
275.37	35900.15
275.44	35928.82
275.50	35958.35
275.57	35990.87
275.64	36016.76
275.71	36009.94
275.78	36004.78
275.84	36015.24
275.91	36051.38
275.98	36088.40
276.05	36115.44
276.11	36087.30
276.18	35985.61
276.25	35784.99
276.32	35545.46
276.39	35303.97
276.45	35089.19
276.52	34937.01
276.59	34876.87
276.66	34899.32
276.72	34969.52
276.79	35046.96
276.86	35104.20
276.93	35108.06
276.99	35027.36
277.06	34889.27
277.13	34766.49
277.20	34692.46
277.26	34683.54
277.33	34761.69
277.40	34890.60
277.47	34985.98
277.54	35005.16
277.60	34928.68
277.67	34770.33
277.74	34522.64
277.81	34248.00
277.87	34008.20
277.94	33823.06
278.01	33709.86
278.08	33684.56
278.14	33737.40
278.21	33853.25
278.28	34041.94
278.35	34250.54
278.41	34482.58
278.48	34692.66
278.55	34819.58
278.62	34834.76
278.68	34706.34
278.75	34431.35
278.82	34063.64
278.89	33684.46
278.95	33379.54
279.02	33221.44
279.09	33237.62
279.16	33395.74
279.22	33662.04
279.29	33947.28
279.36	34188.88
279.43	34292.89
279.49	34197.67
279.56	33888.27
279.63	33436.92
279.70	32945.12
279.76	32519.60
279.83	32254.03
279.90	32178.82
279.97	32227.43
280.03	32327.28
280.10	32448.87
280.17	32578.40
280.24	32686.40
280.30	32797.98
280.37	32898.65
280.44	32989.73
280.51	33058.01
280.57	33123.09
280.64	33187.20
280.71	33266.89
280.77	33331.86
280.84	33346.75
280.91	33298.60
280.98	33178.75
281.04	33021.71
281.11	32822.98
281.18	32606.88
281.25	32368.70
281.31	32123.96
281.38	31847.20
281.45	31601.11
281.52	31413.26
281.58	31252.11
281.65	31137.54
281.72	31079.08
281.78	31063.76
281.85	31064.88
281.92	31125.96
281.99	31236.26
282.05	31377.34
282.12	31528.12
282.19	31715.52
282.26	31924.65
282.32	32098.55
282.39	32254.32
282.46	32367.20
282.52	32440.46
282.59	32492.64
282.66	32566.52
282.73	32630.90
282.79	32673.14
282.86	32617.80
282.93	32408.46
282.99	32060.28
283.06	31611.33
283.13	31131.77
283.20	30725.95
283.26	30453.32
283.33	30306.28
283.40	30264.75
283.46	30318.32
283.53	30404.58
283.60	30515.79
283.67	30636.56
283.73	30774.60
283.80	30906.25
283.87	31049.06
283.93	31199.70
284.00	31332.52
284.07	31439.07
284.13	31488.43
284.20	31466.41
284.27	31399.72
284.34	31321.77
284.40	31239.48
284.47	31174.79
284.54	31122.01
284.60	31035.16
284.67	30915.30
284.74	30775.04
284.81	30618.76
284.87	30457.34
284.94	30255.92
285.01	30007.27
285.07	29712.30
285.14	29412.78
285.21	29154.85
285.27	28997.25
285.34	28974.75
285.41	29069.12
285.47	29234.89
285.54	29442.72
285.61	29658.39
285.68	29847.92
285.74	30015.58
285.81	30179.96
285.88	30323.26
285.94	30478.24
286.01	30637.60
286.08	30797.94
286.14	30944.35
286.21	31056.90
286.28	31130.45
286.34	31104.96
286.41	30947.46
286.48	30640.00
286.55	30237.41
286.61	29774.38
286.68	29337.72
286.75	28978.50
286.81	28733.98
286.88	28593.58
286.95	28511.71
287.01	28544.14
287.08	28645.47
287.15	28786.89
287.21	28931.66
287.28	29094.40
287.35	29216.99
287.41	29315.92
287.48	29410.47
287.55	29519.50
287.61	29640.59
287.68	29735.68
287.75	29843.48
287.81	29946.67
287.88	30034.53
287.95	30124.18
288.01	30208.36
288.08	30283.70
288.15	30331.50
288.21	30352.36
288.28	30315.68
288.35	30251.86
288.41	30099.76
288.48	29859.13
288.55	29533.37
288.61	29146.05
288.68	28748.18
288.75	28405.23
288.81	28165.50
288.88	28077.56
288.95	28125.78
289.01	28263.56
289.08	28488.29
289.15	28784.95
289.21	29095.47
289.28	29396.76
289.35	29686.38
289.41	29914.12
289.48	30044.45
289.55	30093.20
289.61	30092.84
289.68	30051.55
289.75	29964.62
289.81	29859.77
289.88	29713.01
289.95	29514.45
290.01	29306.59
290.08	29132.99
290.15	29000.38
290.21	28942.12
290.28	28930.25
290.35	28909.80
290.41	28848.86
290.48	28707.02
290.55	28464.93
290.61	28220.28
290.68	28038.84
290.74	27953.24
290.81	28005.76
290.88	28185.29
290.94	28442.75
291.01	28709.48
291.08	28966.50
291.14	29216.24
291.21	29455.02
291.28	29674.77
291.34	29886.58
291.41	30057.50
291.48	30159.13
291.54	30200.34
291.61	30148.36
291.68	29998.92
291.74	29778.32
291.81	29546.85
291.87	29340.40
291.94	29113.69
292.01	28885.28
292.07	28650.47
292.14	28401.85
292.21	28135.31
292.27	27926.24
292.34	27768.88
292.41	27693.42
292.47	27678.09
292.54	27733.20
292.60	27850.60
292.67	28023.63
292.74	28237.24
292.80	28482.40
292.87	28730.43
292.94	28987.76
293.00	29248.04
293.07	29503.31
293.13	29748.98
293.20	29966.42
293.27	30148.38
293.33	30273.28
293.40	30326.96
293.47	30301.85
293.53	30196.60
293.60	29964.81
293.66	29589.26
293.73	29153.56
293.80	28687.15
293.86	28242.88
293.93	27912.47
294.00	27734.98
294.06	27649.57
294.13	27626.15
294.19	27632.84
294.26	27614.31
294.33	27572.07
294.39	27505.96
294.46	27470.74
294.52	27498.99
294.59	27627.27
294.66	27853.92
294.72	28154.39
294.79	28501.22
294.86	28847.76
294.92	29163.93
294.99	29469.98
295.05	29760.62
295.12	29997.64
295.19	30216.36
295.25	30399.90
295.32	30523.36
295.38	30594.29
295.45	30614.78
295.52	30545.95
295.58	30372.57
295.65	30097.07
295.71	29721.50
295.78	29240.28
295.85	28721.86
295.91	28230.82
295.98	27751.80
296.04	27325.00
296.11	27032.30
296.18	26865.70
296.24	26827.77
296.31	26946.65
296.37	27207.06
296.44	27566.01
296.51	27954.49
296.57	28350.21
296.64	28734.82
296.70	29074.29
296.77	29344.08
296.84	29573.67
296.90	29790.05
296.97	29987.16
297.03	30196.76
297.10	30416.46
297.17	30648.68
297.23	30855.53
297.30	31030.51
297.36	31136.22
297.43	31181.87
297.50	31139.31
297.56	30989.60
297.63	30716.98
297.69	30284.25
297.76	29711.64
297.82	29060.62
297.89	28397.68
297.96	27813.02
298.02	27388.46
298.09	27129.52
298.15	27026.06
298.22	27035.02
298.29	27105.47
298.35	27245.28
298.42	27452.98
298.48	27704.40
298.55	28003.50
298.61	28358.73
298.68	28732.23
298.75	29087.49
298.81	29425.10
298.88	29746.94
298.94	30029.23
299.01	30281.28
299.08	30516.19
299.14	30729.77
299.21	30909.16
299.27	31052.11
299.34	31154.66
299.40	31226.18
299.47	31247.49
299.54	31225.96
299.60	31159.87
299.67	30998.14
299.73	30675.44
299.80	30152.35
299.86	29389.64
299.93	28509.99
299.99	27675.08
300.06	27008.60
300.13	26584.35
300.19	26469.22
300.26	26583.60
300.32	26834.80
300.39	27158.04
300.45	27553.66
300.52	27989.74
300.59	28423.36
300.65	28828.64
300.72	29215.16
300.78	29542.80
300.85	29838.02
300.91	30087.78
300.98	30314.44
301.04	30511.88
301.11	30712.33
301.18	30889.23
301.24	31047.72
301.31	31184.96
301.37	31289.21
301.44	31344.22
301.50	31340.87
301.57	31277.71
301.63	31142.67
301.70	30904.79
301.77	30525.23
301.83	30016.84
301.90	29425.18
301.96	28779.00
302.03	28153.02
302.09	27650.62
302.16	27294.66
302.22	27096.93
302.29	27035.46
302.36	27123.06
302.42	27296.96
302.49	27565.79
302.55	27883.18
302.62	28239.41
302.68	28590.90
302.75	28938.36
302.81	29248.69
302.88	29531.68
302.94	29791.02
303.01	30024.42
303.07	30229.64
303.14	30416.89
303.21	30572.19
303.27	30702.16
303.34	30800.44
303.40	30866.10
303.47	30890.72
303.53	30886.26
303.60	30861.51
303.66	30798.78
303.73	30716.99
303.79	30585.04
303.86	30379.89
303.92	30088.33
303.99	29680.64
304.05	29099.58
304.12	28479.89
304.19	27935.96
304.25	27481.00
304.32	27193.12
304.38	27128.56
304.45	27203.92
304.51	27356.00
304.58	27586.70
304.64	27863.44
304.71	28175.52
304.77	28471.24
304.84	28757.48
304.90	29011.90
304.97	29229.92
305.03	29408.98
305.10	29588.81
305.16	29735.10
305.23	29868.75
305.29	29980.45
305.36	30071.98
305.42	30148.56
305.49	30201.74
305.56	30213.24
305.62	30209.63
305.69	30174.24
305.75	30100.53
305.82	29957.84
305.88	29754.50
305.95	29477.58
306.01	29167.01
306.08	28808.74
306.14	28458.96
306.21	28107.92
306.27	27771.91
306.34	27439.10
306.40	27134.00
306.47	26901.08
306.53	26787.92
306.60	26789.81
306.66	26897.66
306.73	27096.86
306.79	27330.49
306.86	27560.72
306.92	27780.43
306.99	27989.50
307.05	28170.60
307.12	28337.96
307.18	28482.00
307.25	28599.55
307.31	28689.60
307.38	28768.71
307.44	28826.80
307.51	28862.91
307.57	28865.86
307.64	28861.11
307.70	28846.24
307.77	28816.91
307.83	28777.10
307.90	28747.67
307.96	28694.49
308.03	28607.50
308.09	28489.64
308.16	28364.65
308.22	28213.88
308.29	28027.43
308.35	27806.54
308.42	27548.81
308.48	27238.84
308.55	26921.83
308.61	26651.22
308.68	26467.28
308.74	26358.32
308.81	26366.98
308.87	26443.32
308.94	26576.52
309.00	26722.81
309.07	26897.31
309.13	27044.55
309.20	27196.72
309.26	27307.74
309.33	27406.65
309.39	27485.62
309.45	27552.20
309.52	27577.23
309.58	27597.48
309.65	27585.92
309.71	27555.87
309.78	27519.07
309.84	27473.60
309.91	27421.80
309.97	27360.78
310.04	27296.34
310.10	27216.09
310.17	27147.14
310.23	27066.54
310.30	27004.95
310.36	26917.62
310.43	26810.28
310.49	26661.48
310.56	26484.16
310.62	26271.32
310.69	26089.44
310.75	25944.06
310.81	25860.72
310.88	25826.98
310.94	25838.82
311.01	25850.75
311.07	25881.99
311.14	25903.70
311.20	25936.78
311.27	25976.19
311.33	26038.41
311.40	26081.94
311.46	26144.65
311.53	26198.92
311.59	26247.48
311.66	26288.01
311.72	26313.05
311.78	26308.67
311.85	26300.62
311.91	26279.06
311.98	26233.72
312.04	26193.24
312.11	26155.36
312.17	26111.18
312.24	26065.17
312.30	26020.77
312.37	25960.51
312.43	25893.98
312.50	25819.54
312.56	25747.18
312.62	25663.24
312.69	25589.95
312.75	25502.34
312.82	25390.17
312.88	25255.44
312.95	25129.62
313.01	24993.08
313.08	24870.16
313.14	24793.88
313.20	24746.52
313.27	24704.64
313.33	24699.59
313.40	24719.71
313.46	24734.46
313.53	24753.76
313.59	24794.00
313.66	24822.76
313.72	24843.05
313.78	24851.16
313.85	24857.66
313.91	24860.12
313.98	24854.36
314.04	24846.58
314.11	24848.49
314.17	24837.42
314.24	24809.50
314.30	24778.84
314.36	24730.44
314.43	24680.82
314.49	24625.75
314.56	24565.56
314.62	24499.41
314.69	24429.39
314.75	24360.37
314.81	24296.78
314.88	24247.56
314.94	24197.52
315.01	24160.08
315.07	24098.89
315.14	24036.88
315.20	23970.15
315.27	23913.86
315.33	23853.08
315.39	23811.97
315.46	23771.24
315.52	23723.44
315.59	23680.78
315.65	23626.96
315.72	23580.31
315.78	23547.04
315.84	23523.99
315.91	23517.23
315.97	23528.24
316.04	23552.25
316.10	23561.48
316.16	23554.95
316.23	23515.49
316.29	23450.37
316.36	23328.43
316.42	23187.36
316.49	23019.24
316.55	22827.13
316.61	22634.28
316.68	22436.41
316.74	22229.44
316.81	22022.99
316.87	21817.66
316.93	21603.10
317.00	21401.56
317.06	21197.42
317.13	20989.93
317.19	20784.56
317.26	20584.62
317.32	20381.61
317.38	20187.27
317.45	20001.40
317.51	19822.12
317.58	19644.31
317.64	19454.32
317.70	19265.70
317.77	19082.68
317.83	18885.27
317.90	18679.51
317.96	18474.39
318.02	18280.30
318.09	18089.05
318.15	17891.58
318.22	17695.34
318.28	17512.07
318.34	17313.10
318.41	17104.42
318.47	16908.09
318.54	16733.70
318.60	16552.66
318.66	16385.50
318.73	16219.66
318.79	16061.00
318.86	15890.14
318.92	15726.21
318.98	15559.44
319.05	15382.34
319.11	15211.70
319.18	15032.44
319.24	14848.41
319.30	14654.22
319.37	14484.25
319.43	14308.76
319.50	14130.01
319.56	13953.98
319.62	13783.58
319.69	13604.86
319.75	13429.40
319.82	13261.29
319.88	13086.69
319.94	12913.38
320.01	12751.38
320.07	12578.76
320.13	12416.70
320.20	12259.52
320.26	12102.48
320.33	11936.61
320.39	11786.04
320.45	11621.92
320.52	11462.66
320.58	11310.30
320.65	11147.65
320.71	10984.74
320.77	10828.24
320.84	10663.50
320.90	10500.58
320.96	10341.36
321.03	10163.91
321.09	9989.63
321.16	9824.96
321.22	9650.36
321.28	9486.58
321.35	9337.90
321.41	9182.33
321.47	9031.93
321.54	8883.86
321.60	8729.33
321.67	8573.58
321.73	8421.32
321.79	8262.24
321.86	8109.62
321.92	7948.26
321.98	7776.79
322.05	7604.88
322.11	7427.88
322.18	7245.08
322.24	7076.77
322.30	6917.00
322.37	6761.31
322.43	6603.39
322.49	6451.98
322.56	6289.86
322.62	6132.75
322.68	5968.02
322.75	5815.16
322.81	5650.10
322.88	5490.49
322.94	5327.68
323.00	5167.82
323.07	5010.43
323.13	4858.54
323.19	4709.77
323.26	4564.94
323.32	4423.10
323.38	4278.06
323.45	4075.88
323.51	3492.72
323.57	2685.36
323.64	1838.78
323.70	1022.26
323.76	293.25
323.83	-24.43
323.89	-90.88
323.96	-91.05
