180.25	3526.17
180.33	-134.71
180.40	660.61
180.48	-27.61
180.56	16.07
180.63	52.05
180.71	94.55
180.78	90.25
180.86	89.46
180.93	95.09
181.01	98.06
181.08	96.43
181.16	95.15
181.23	95.98
181.31	95.01
181.39	119.83
181.46	128.83
181.54	140.28
181.61	157.09
181.69	165.58
181.76	157.23
181.84	149.52
181.91	149.42
181.99	149.87
182.06	149.64
182.14	153.03
182.22	156.98
182.29	166.21
182.37	167.16
182.44	177.02
182.52	171.66
182.59	189.25
182.67	195.09
182.74	200.06
182.82	202.98
182.89	212.11
182.97	208.97
183.04	215.44
183.12	218.07
183.20	230.44
183.27	231.31
183.35	247.57
183.42	253.93
183.50	277.07
183.57	280.81
183.65	306.29
183.72	327.15
183.80	363.37
183.87	387.79
183.95	416.93
184.02	454.15
184.10	476.53
184.17	489.30
184.25	493.33
184.32	489.17
184.40	465.79
184.47	427.74
184.55	387.49
184.62	373.29
184.70	380.76
184.78	392.30
184.85	445.67
184.93	509.51
185.00	565.63
185.08	621.71
185.15	682.38
185.23	743.53
185.30	806.22
185.38	870.62
185.45	919.44
185.53	975.23
185.60	1007.55
185.68	1042.82
185.75	1053.38
185.83	1058.71
185.90	1034.42
185.98	981.89
186.05	911.32
186.13	844.43
186.20	787.37
186.28	760.85
186.35	783.03
186.43	844.45
186.50	946.11
186.58	1064.03
186.65	1173.11
186.73	1284.46
186.80	1359.92
186.88	1405.07
186.95	1421.61
187.03	1412.63
187.10	1371.81
187.18	1361.07
187.25	1365.26
187.33	1391.43
187.40	1452.36
187.48	1528.91
187.55	1599.53
187.63	1652.69
187.70	1696.31
187.78	1735.38
187.85	1770.83
187.93	1767.31
188.00	1733.63
188.08	1672.65
188.15	1590.12
188.23	1522.19
188.30	1503.64
188.38	1519.76
188.45	1550.00
188.53	1568.94
188.60	1576.01
188.68	1555.17
188.75	1557.43
188.83	1610.63
188.90	1695.81
188.98	1809.87
189.05	1959.63
189.13	2117.89
189.20	2276.37
189.28	2451.73
189.35	2634.11
189.43	2811.55
189.50	2937.55
189.58	2951.67
189.65	2840.41
189.73	2640.20
189.80	2395.78
189.87	2160.73
189.95	1976.82
190.02	1830.80
190.10	1701.75
190.17	1578.93
190.25	1482.71
190.32	1463.87
190.40	1536.65
190.47	1689.67
190.55	1898.11
190.62	2138.19
190.70	2342.84
190.77	2534.63
190.85	2687.83
190.92	2797.16
191.00	2847.70
191.07	2851.41
191.15	2772.87
191.22	2646.04
191.29	2478.89
191.37	2298.10
191.44	2166.57
191.52	2127.98
191.59	2148.05
191.67	2176.76
191.74	2185.40
191.82	2182.99
191.89	2190.32
191.97	2250.15
192.04	2385.55
192.12	2582.61
192.19	2758.09
192.27	2847.02
192.34	2830.70
192.41	2765.31
192.49	2684.95
192.56	2642.45
192.64	2659.69
192.71	2718.29
192.79	2726.19
192.86	2644.15
192.94	2426.97
193.01	2150.43
193.09	1910.21
193.16	1789.62
193.23	1818.14
193.31	2006.85
193.38	2307.93
193.46	2613.53
193.53	2904.86
193.61	3167.27
193.68	3375.09
193.76	3500.40
193.83	3554.61
193.91	3530.73
193.98	3447.15
194.05	3301.29
194.13	3091.24
194.20	2845.88
194.28	2610.29
194.35	2401.73
194.43	2234.52
194.50	2083.57
194.58	1955.51
194.65	1857.64
194.72	1840.99
194.80	1944.72
194.87	2198.59
194.95	2571.25
195.02	2965.18
195.10	3316.11
195.17	3620.84
195.25	3872.54
195.32	4076.33
195.39	4263.80
195.47	4429.81
195.54	4545.31
195.62	4526.52
195.69	4286.91
195.77	3799.60
195.84	3157.33
195.91	2469.51
195.99	1915.78
196.06	1612.16
196.14	1602.17
196.21	1808.38
196.29	2146.91
196.36	2549.63
196.43	2961.90
196.51	3356.83
196.58	3706.22
196.66	4006.30
196.73	4266.82
196.81	4490.41
196.88	4668.03
196.95	4786.66
197.03	4765.20
197.10	4493.29
197.18	3975.01
197.25	3334.71
197.33	2685.13
197.40	2113.43
197.47	1722.62
197.55	1584.25
197.62	1609.98
197.70	1751.03
197.77	2016.74
197.84	2388.44
197.92	2817.09
197.99	3313.81
198.07	3833.42
198.14	4328.17
198.22	4791.63
198.29	5187.87
198.36	5503.21
198.44	5745.48
198.51	5844.93
198.59	5681.33
198.66	5214.71
198.73	4513.11
198.81	3692.11
198.88	2860.39
198.96	2192.66
199.03	1832.45
199.10	1763.31
199.18	1876.55
199.25	2175.51
199.33	2626.53
199.40	3126.52
199.48	3585.69
199.55	4022.08
199.62	4451.77
199.70	4928.61
199.77	5464.83
199.85	6054.51
199.92	6614.19
199.99	7071.51
200.07	7263.42
200.14	7058.97
200.22	6332.21
200.29	5207.00
200.36	3985.42
200.44	2885.43
200.51	2090.55
200.59	1778.92
200.66	1878.95
200.73	2156.77
200.81	2514.96
200.88	2934.72
200.95	3437.45
201.03	4010.94
201.10	4632.85
201.18	5253.95
201.25	5841.76
201.32	6334.47
201.40	6744.73
201.47	7053.43
201.55	7156.96
201.62	6903.17
201.69	6228.07
201.77	5320.12
201.84	4355.53
201.92	3430.35
201.99	2689.57
202.06	2309.93
202.14	2193.19
202.21	2226.32
202.28	2461.63
202.36	2922.31
202.43	3512.36
202.51	4134.80
202.58	4742.52
202.65	5332.80
202.73	5953.03
202.80	6627.47
202.87	7377.87
202.95	8164.88
203.02	8863.38
203.10	9364.43
203.17	9613.57
203.24	9418.37
203.32	8582.71
203.39	7185.18
203.46	5597.03
203.54	4086.27
203.61	2925.26
203.69	2364.81
203.76	2441.70
203.83	2875.15
203.91	3452.85
203.98	4136.66
204.05	4912.57
204.13	5772.89
204.20	6662.11
204.28	7537.32
204.35	8289.59
204.42	8867.15
204.50	9279.71
204.57	9554.61
204.64	9681.44
204.72	9551.86
204.79	8954.41
204.86	7841.10
204.94	6465.62
205.01	5047.09
205.09	3756.62
205.16	2889.58
205.23	2577.25
205.31	2636.85
205.38	2934.05
205.45	3495.12
205.53	4285.89
205.60	5220.95
205.67	6219.70
205.75	7173.63
205.82	8016.56
205.89	8778.74
205.97	9529.91
206.04	10302.60
206.12	11153.29
206.19	12017.53
206.26	12718.07
206.34	13111.64
206.41	12986.47
206.48	12068.86
206.56	10319.60
206.63	8173.32
206.70	6044.55
206.78	4274.38
206.85	3211.11
206.92	3048.19
207.00	3511.27
207.07	4257.40
207.14	5158.01
207.22	6168.34
207.29	7256.31
207.36	8397.88
207.44	9586.43
207.51	10783.17
207.58	11975.72
207.66	13083.11
207.73	14073.69
207.80	14843.55
207.88	15302.91
207.95	15376.45
208.02	14956.89
208.10	13736.75
208.17	11716.89
208.25	9367.00
208.32	7101.24
208.39	5204.10
208.47	4074.79
208.54	3825.45
208.61	4130.15
208.69	4684.13
208.76	5416.23
208.83	6341.95
208.90	7453.45
208.98	8708.19
209.05	10030.44
209.12	11356.41
209.20	12620.71
209.27	13795.55
209.34	14889.74
209.42	15911.15
209.49	16765.42
209.56	17340.16
209.64	17573.20
209.71	17149.09
209.78	15747.29
209.86	13553.13
209.93	11103.93
210.00	8619.46
210.08	6494.37
210.15	5235.03
210.22	4894.19
210.30	5109.21
210.37	5763.45
210.44	6768.88
210.52	7968.46
210.59	9249.37
210.66	10531.65
210.74	11786.84
210.81	12997.39
210.88	14237.51
210.96	15489.17
211.03	16764.83
211.10	18023.73
211.17	19186.58
211.25	20013.37
211.32	20372.95
211.39	20109.10
211.47	18946.43
211.54	16730.15
211.61	13849.35
211.69	10978.77
211.76	8599.04
211.83	7137.83
211.91	6866.86
211.98	7519.29
212.05	8553.35
212.12	9627.22
212.20	10676.95
212.27	11632.81
212.34	12463.28
212.42	13248.63
212.49	14093.83
212.56	15016.65
212.64	16090.64
212.71	17335.71
212.78	18642.32
212.85	19805.06
212.93	20624.67
213.00	21017.30
213.07	20842.62
213.15	19731.52
213.22	17710.07
213.29	15359.42
213.37	12994.10
213.44	10897.59
213.51	9623.29
213.58	9384.35
213.66	9792.66
213.73	10610.87
213.80	11707.73
213.88	12830.07
213.95	13719.06
214.02	14385.19
214.09	14975.87
214.17	15606.91
214.24	16433.59
214.31	17571.34
214.39	18936.47
214.46	20293.31
214.53	21452.59
214.60	22348.89
214.68	22967.64
214.75	23242.65
214.82	23121.35
214.90	22404.61
214.97	20737.88
215.04	18244.70
215.11	15570.79
215.19	13291.81
215.26	11890.61
215.33	11715.67
215.41	12673.65
215.48	14170.71
215.55	15649.47
215.62	16884.75
215.70	17972.66
215.77	18993.40
215.84	20019.79
215.91	21093.77
215.99	22216.87
216.06	23264.91
216.13	24062.06
216.21	24515.46
216.28	24777.18
216.35	24947.57
216.42	25022.44
216.50	25002.84
216.57	24854.38
216.64	24129.27
216.71	22467.35
216.79	20226.84
216.86	17977.70
216.93	16060.03
217.01	14938.74
217.08	14990.49
217.15	15953.01
217.22	17372.81
217.30	18976.92
217.37	20620.21
217.44	22158.17
217.51	23483.09
217.59	24534.31
217.66	25346.78
217.73	25981.93
217.80	26468.39
217.88	26793.79
217.95	27045.80
218.02	27294.93
218.09	27581.14
218.17	27936.22
218.24	28339.54
218.31	28628.53
218.38	28588.65
218.46	27885.26
218.53	26202.51
218.60	23883.07
218.67	21483.45
218.75	19479.31
218.82	18319.93
218.89	18404.10
218.96	19476.12
219.04	21030.29
219.11	22665.15
219.18	24118.63
219.25	25340.18
219.33	26379.73
219.40	27303.91
219.47	28171.67
219.54	29014.88
219.62	29795.21
219.69	30480.37
219.76	31117.32
219.83	31684.65
219.91	32223.67
219.98	32708.79
220.05	33019.80
220.12	33018.48
220.20	32652.81
220.27	31719.44
220.34	30016.40
220.41	27839.25
220.49	25716.07
220.56	24088.36
220.63	23229.51
220.70	23384.89
220.78	24318.27
220.85	25519.83
220.92	26608.77
220.99	27558.47
221.06	28400.11
221.14	29170.68
221.21	29937.12
221.28	30736.95
221.35	31545.23
221.43	32331.39
221.50	33091.73
221.57	33809.76
221.64	34447.00
221.72	34961.27
221.79	35320.97
221.86	35476.65
221.93	35401.00
222.00	35127.16
222.08	34612.86
222.15	33677.53
222.22	32510.06
222.29	31389.39
222.37	30486.65
222.44	29897.74
222.51	29804.47
222.58	30049.85
222.65	30400.11
222.73	30726.66
222.80	31048.89
222.87	31455.01
222.94	31955.11
223.02	32535.23
223.09	33170.63
223.16	33853.87
223.23	34536.71
223.30	35226.53
223.38	35928.25
223.45	36557.18
223.52	37051.68
223.59	37390.85
223.66	37509.15
223.74	37376.23
223.81	37102.89
223.88	36796.97
223.95	36451.19
224.03	36042.26
224.10	35628.57
224.17	35266.67
224.24	34945.37
224.31	34717.54
224.39	34691.98
224.46	34885.93
224.53	35173.53
224.60	35489.51
224.67	35836.16
224.75	36221.25
224.82	36620.58
224.89	37056.10
224.96	37542.82
225.03	38027.39
225.11	38490.89
225.18	38923.59
225.25	39289.54
225.32	39535.80
225.39	39675.85
225.47	39687.43
225.54	39517.63
225.61	39101.53
225.68	38573.11
225.75	38104.39
225.83	37776.09
225.90	37603.66
225.97	37682.65
226.04	37933.80
226.11	38213.45
226.19	38478.41
226.26	38789.39
226.33	39165.91
226.40	39565.01
226.47	39963.39
226.54	40357.13
226.62	40709.23
226.69	40984.98
226.76	41209.07
226.83	41413.52
226.90	41583.99
226.98	41716.09
227.05	41842.74
227.12	41968.37
227.19	42043.19
227.26	42080.44
227.34	42082.12
227.41	42020.07
227.48	41812.18
227.55	41438.37
227.62	41012.98
227.69	40691.17
227.77	40514.16
227.84	40560.23
227.91	40850.25
227.98	41259.28
228.05	41631.41
228.12	41952.96
228.20	42240.55
228.27	42507.48
228.34	42764.23
228.41	43028.90
228.48	43272.83
228.56	43467.91
228.63	43609.95
228.70	43712.33
228.77	43801.39
228.84	43907.09
228.91	44042.07
228.99	44223.86
229.06	44430.83
229.13	44633.16
229.20	44805.65
229.27	44948.01
229.34	45014.18
229.42	45003.37
229.49	44897.04
229.56	44698.47
229.63	44464.40
229.70	44253.31
229.77	44117.98
229.85	44121.31
229.92	44252.29
229.99	44453.91
230.06	44703.12
230.13	44957.43
230.20	45177.21
230.27	45377.41
230.35	45551.45
230.42	45712.69
230.49	45852.57
230.56	45978.87
230.63	46089.14
230.70	46169.09
230.78	46225.44
230.85	46286.74
230.92	46370.50
230.99	46482.01
231.06	46646.14
231.13	46845.35
231.20	47039.08
231.28	47207.03
231.35	47352.43
231.42	47451.85
231.49	47514.23
231.56	47565.04
231.63	47585.76
231.71	47573.17
231.78	47563.75
231.85	47583.73
231.92	47620.04
231.99	47694.38
232.06	47804.96
232.13	47947.26
232.21	48058.52
232.28	48144.25
232.35	48207.43
232.42	48259.85
232.49	48300.65
232.56	48365.72
232.63	48421.81
232.71	48489.95
232.78	48580.53
232.85	48679.87
232.92	48773.93
232.99	48915.01
233.06	49068.23
233.13	49185.52
233.20	49291.26
233.28	49390.26
233.35	49460.82
233.42	49526.45
233.49	49625.47
233.56	49708.53
233.63	49790.65
233.70	49883.09
233.78	49969.89
233.85	50057.37
233.92	50146.71
233.99	50237.53
234.06	50336.97
234.13	50443.30
234.20	50513.67
234.27	50579.26
234.35	50628.32
234.42	50648.25
234.49	50670.31
234.56	50690.33
234.63	50710.93
234.70	50728.87
234.77	50760.31
234.84	50771.52
234.92	50811.87
234.99	50876.85
235.06	50964.81
235.13	51052.95
235.20	51165.60
235.27	51249.18
235.34	51346.53
235.41	51428.85
235.48	51513.70
235.56	51582.83
235.63	51678.67
235.70	51732.81
235.77	51785.06
235.84	51821.24
235.91	51850.82
235.98	51872.74
236.05	51903.97
236.12	51955.45
236.20	51998.33
236.27	52054.94
236.34	52113.63
236.41	52161.68
236.48	52192.27
236.55	52239.38
236.62	52282.87
236.69	52326.46
236.76	52396.35
236.84	52461.33
236.91	52526.92
236.98	52586.55
237.05	52633.97
237.12	52661.20
237.19	52706.56
237.26	52762.63
237.33	52811.93
237.40	52855.75
237.47	52905.13
237.55	52948.34
237.62	52981.13
237.69	53033.98
237.76	53098.09
237.83	53146.43
237.90	53196.19
237.97	53238.65
238.04	53268.86
238.11	53296.66
238.18	53359.17
238.26	53397.39
238.33	53439.50
238.40	53481.43
238.47	53527.06
238.54	53543.30
238.61	53561.11
238.68	53567.95
238.75	53568.18
238.82	53578.71
238.89	53610.86
238.96	53659.27
239.04	53708.57
239.11	53771.27
239.18	53808.04
239.25	53809.78
239.32	53806.40
239.39	53805.25
239.46	53777.55
239.53	53757.19
239.60	53744.21
239.67	53743.52
239.74	53749.99
239.81	53764.65
239.89	53783.06
239.96	53805.61
240.03	53828.95
240.10	53843.22
240.17	53864.87
240.24	53891.23
240.31	53934.29
240.38	53979.12
240.45	54050.75
240.52	54133.72
240.59	54203.46
240.66	54263.13
240.73	54295.03
240.80	54314.54
240.88	54311.84
240.95	54328.45
241.02	54336.26
241.09	54349.31
241.16	54358.81
241.23	54370.06
241.30	54348.80
241.37	54306.89
241.44	54290.23
241.51	54283.92
241.58	54278.17
241.65	54297.71
241.72	54342.46
241.79	54367.57
241.86	54375.72
241.94	54389.17
242.01	54382.41
242.08	54368.85
242.15	54368.44
242.22	54366.04
242.29	54356.15
242.36	54357.34
242.43	54351.44
242.50	54334.33
242.57	54316.11
242.64	54320.66
242.71	54307.59
242.78	54321.36
242.85	54319.85
242.92	54335.78
242.99	54342.31
243.06	54360.39
243.14	54363.44
243.21	54390.22
243.28	54394.23
243.35	54401.23
243.42	54411.31
243.49	54412.25
243.56	54404.68
243.63	54409.25
243.70	54402.09
243.77	54380.61
243.84	54367.97
243.91	54344.80
243.98	54318.18
244.05	54280.48
244.12	54255.13
244.19	54229.71
244.26	54211.89
244.33	54191.87
244.40	54173.55
244.47	54156.20
244.54	54137.78
244.62	54091.43
244.69	54045.15
244.76	54016.31
244.83	53994.57
244.90	53979.17
244.97	53992.25
245.04	54005.69
245.11	54002.71
245.18	53967.47
245.25	53923.95
245.32	53887.24
245.39	53868.73
245.46	53856.50
245.53	53870.89
245.60	53898.70
245.67	53934.48
245.74	53965.97
245.81	53999.20
245.88	54017.87
245.95	54024.40
246.02	54006.67
246.09	53956.95
246.16	53889.85
246.23	53810.77
246.30	53744.60
246.37	53707.43
246.44	53708.51
246.51	53729.95
246.58	53771.96
246.65	53808.08
246.72	53824.60
246.79	53804.91
246.87	53772.89
246.94	53740.43
247.01	53698.69
247.08	53652.99
247.15	53605.59
247.22	53551.75
247.29	53504.74
247.36	53470.31
247.43	53439.58
247.50	53405.79
247.57	53384.62
247.64	53369.83
247.71	53352.53
247.78	53323.53
247.85	53335.45
247.92	53353.44
247.99	53346.59
248.06	53326.23
248.13	53316.81
248.20	53292.01
248.27	53252.17
248.34	53236.77
248.41	53227.52
248.48	53220.49
248.55	53214.25
248.62	53221.23
248.69	53229.01
248.76	53220.63
248.83	53212.51
248.90	53174.61
248.97	53127.97
249.04	53061.75
249.11	53015.07
249.18	52972.65
249.25	52937.79
249.32	52894.57
249.39	52826.93
249.46	52729.38
249.53	52611.03
249.60	52493.86
249.67	52416.97
249.74	52370.99
249.81	52381.88
249.88	52416.02
249.95	52479.98
250.02	52519.73
250.09	52546.09
250.16	52540.07
250.23	52504.87
250.30	52464.77
250.37	52437.69
250.44	52448.26
250.51	52464.83
250.58	52501.89
250.65	52529.28
250.72	52510.03
250.79	52460.39
250.86	52400.05
250.93	52309.77
251.00	52197.56
251.07	52110.11
251.14	52012.97
251.21	51932.89
251.28	51885.73
251.35	51872.63
251.42	51872.43
251.49	51893.11
251.56	51905.13
251.63	51907.89
251.70	51907.95
251.77	51896.99
251.84	51873.59
251.91	51845.39
251.98	51811.79
252.05	51758.94
252.12	51697.99
252.18	51642.94
252.25	51587.04
252.32	51556.70
252.39	51543.71
252.46	51534.63
252.53	51526.47
252.60	51523.53
252.67	51511.53
252.74	51495.79
252.81	51474.02
252.88	51455.57
252.95	51416.41
253.02	51361.18
253.09	51306.21
253.16	51257.77
253.23	51194.15
253.30	51153.61
253.37	51104.35
253.44	51045.49
253.51	50973.48
253.58	50906.31
253.65	50844.55
253.72	50814.43
253.79	50784.31
253.86	50781.59
253.93	50792.50
254.00	50799.00
254.07	50789.27
254.14	50770.49
254.21	50740.47
254.28	50705.51
254.35	50661.61
254.41	50609.93
254.48	50561.25
254.55	50528.49
254.62	50493.13
254.69	50447.20
254.76	50415.65
254.83	50378.91
254.90	50334.91
254.97	50300.13
255.04	50275.51
255.11	50211.99
255.18	50124.97
255.25	49990.58
255.32	49845.88
255.39	49704.71
255.46	49602.07
255.53	49544.93
255.60	49522.31
255.67	49504.19
255.74	49498.22
255.81	49499.91
255.87	49516.00
255.94	49546.47
256.01	49603.38
256.08	49654.54
256.15	49698.90
256.22	49743.39
256.29	49779.20
256.36	49791.74
256.43	49812.36
256.50	49832.12
256.57	49817.69
256.64	49770.43
256.71	49705.42
256.78	49603.69
256.85	49504.20
256.92	49422.10
256.99	49388.48
257.05	49354.37
257.12	49308.67
257.19	49193.68
257.26	49027.64
257.33	48824.54
257.40	48642.41
257.47	48496.77
257.54	48451.31
257.61	48480.43
257.68	48563.33
257.75	48662.31
257.82	48774.03
257.89	48823.35
257.96	48809.15
258.03	48714.50
258.09	48570.05
258.16	48385.09
258.23	48217.80
258.30	48096.21
258.37	48035.22
258.44	48022.93
258.51	48050.78
258.58	48106.79
258.65	48166.27
258.72	48221.82
258.79	48244.24
258.86	48227.47
258.93	48184.69
258.99	48103.14
259.06	48004.59
259.13	47911.09
259.20	47837.02
259.27	47783.36
259.34	47748.03
259.41	47723.91
259.48	47706.71
259.55	47678.78
259.62	47622.15
259.69	47539.05
259.76	47437.87
259.82	47337.83
259.89	47283.61
259.96	47253.99
260.03	47236.49
260.10	47221.43
260.17	47192.15
260.24	47134.18
260.31	47065.21
260.38	47015.79
260.45	46971.14
260.52	46911.05
260.59	46829.83
260.65	46751.95
260.72	46695.05
260.79	46654.09
260.86	46636.44
260.93	46617.33
261.00	46557.11
261.07	46442.51
261.14	46279.49
261.21	46096.85
261.28	45927.22
261.34	45790.80
261.41	45712.17
261.48	45695.77
261.55	45723.40
261.62	45763.61
261.69	45789.34
261.76	45772.84
261.83	45713.40
261.90	45614.44
261.97	45493.75
262.03	45403.47
262.10	45338.28
262.17	45305.81
262.24	45318.19
262.31	45365.66
262.38	45404.90
262.45	45448.69
262.52	45470.74
262.59	45449.54
262.65	45412.11
262.72	45362.72
262.79	45319.73
262.86	45289.43
262.93	45272.18
263.00	45245.24
263.07	45212.52
263.14	45183.69
263.21	45183.03
263.27	45210.78
263.34	45264.13
263.41	45296.41
263.48	45262.11
263.55	45138.02
263.62	44944.20
263.69	44728.25
263.76	44555.05
263.82	44456.05
263.89	44425.94
263.96	44446.39
264.03	44449.19
264.10	44404.89
264.17	44283.09
264.24	44131.70
264.31	43963.93
264.38	43804.05
264.44	43633.01
264.51	43472.97
264.58	43326.45
264.65	43205.57
264.72	43104.87
264.79	43085.73
264.86	43126.03
264.92	43176.72
264.99	43220.09
265.06	43222.05
265.13	43166.59
265.20	43079.61
265.27	42986.10
265.34	42904.73
265.41	42901.98
265.47	42956.11
265.54	43037.97
265.61	43140.80
265.68	43207.06
265.75	43173.83
265.82	43049.80
265.89	42870.67
265.95	42644.73
266.02	42427.00
266.09	42268.89
266.16	42158.56
266.23	42088.84
266.30	42058.29
266.37	42034.45
266.44	42013.85
266.50	42034.71
266.57	42041.33
266.64	41999.39
266.71	41910.92
266.78	41755.99
266.85	41550.57
266.91	41384.21
266.98	41297.93
267.05	41285.17
267.12	41363.74
267.19	41488.98
267.26	41600.28
267.33	41672.31
267.39	41684.09
267.46	41628.60
267.53	41506.65
267.60	41358.55
267.67	41224.89
267.74	41154.53
267.81	41149.95
267.87	41200.75
267.94	41291.26
268.01	41344.27
268.08	41323.07
268.15	41194.09
268.22	40977.94
268.28	40662.81
268.35	40300.73
268.42	39945.89
268.49	39670.47
268.56	39495.53
268.63	39438.75
268.69	39504.89
268.76	39667.52
268.83	39868.33
268.90	40065.90
268.97	40222.47
269.04	40298.99
269.11	40279.17
269.17	40193.78
269.24	40076.79
269.31	39994.93
269.38	39966.43
269.45	39997.57
269.52	40059.21
269.58	40125.75
269.65	40117.41
269.72	40071.49
269.79	39976.43
269.86	39844.93
269.92	39672.42
269.99	39507.44
270.06	39337.05
270.13	39208.79
270.20	39136.24
270.27	39137.81
270.33	39179.25
270.40	39225.71
270.47	39253.88
270.54	39268.40
270.61	39267.81
270.68	39286.99
270.74	39319.17
270.81	39338.05
270.88	39315.65
270.95	39236.38
271.02	39080.21
271.08	38906.35
271.15	38736.73
271.22	38595.09
271.29	38496.64
271.36	38407.53
271.43	38326.92
271.49	38252.31
271.56	38177.17
271.63	38084.99
271.70	38018.68
271.77	37964.79
271.83	37908.23
271.90	37854.59
271.97	37821.30
272.04	37774.29
272.11	37713.45
272.17	37671.13
272.24	37645.23
272.31	37602.15
272.38	37593.45
272.45	37589.85
272.52	37566.41
272.58	37521.27
272.65	37501.55
272.72	37461.23
272.79	37421.35
272.86	37399.53
272.92	37388.97
272.99	37371.27
273.06	37335.28
273.13	37243.67
273.20	37098.19
273.26	36880.39
273.33	36635.62
273.40	36409.19
273.47	36273.68
273.54	36199.69
273.60	36218.46
273.67	36278.00
273.74	36387.35
273.81	36511.15
273.88	36680.23
273.94	36877.04
274.01	37101.33
274.08	37317.11
274.15	37476.28
274.21	37545.82
274.28	37517.88
274.35	37389.03
274.42	37173.13
274.49	36919.99
274.55	36681.48
274.62	36477.12
274.69	36302.21
274.76	36186.52
274.83	36132.59
274.89	36090.87
274.96	36048.86
275.03	36028.08
275.10	35996.07
275.17	35957.87
275.23	35916.47
275.30	35890.61
275.37	35887.77
275.44	35917.27
275.50	35946.75
275.57	35983.79
275.64	35998.74
275.71	36002.36
275.78	36000.60
275.84	36023.39
275.91	36047.01
275.98	36095.69
276.05	36116.75
276.11	36095.33
276.18	35977.86
276.25	35785.64
276.32	35548.27
276.39	35306.31
276.45	35078.01
276.52	34923.37
276.59	34863.39
276.66	34888.36
276.72	34966.81
276.79	35066.47
276.86	35142.51
276.93	35150.77
276.99	35062.25
277.06	34915.56
277.13	34782.67
277.20	34696.60
277.26	34689.01
277.33	34756.63
277.40	34880.15
277.47	34969.19
277.54	34984.83
277.60	34909.45
277.67	34756.35
277.74	34513.77
277.81	34245.74
277.87	34003.74
277.94	33816.51
278.01	33706.91
278.08	33685.10
278.14	33744.96
278.21	33873.61
278.28	34053.53
278.35	34268.21
278.41	34492.20
278.48	34690.27
278.55	34814.69
278.62	34830.44
278.68	34695.03
278.75	34425.37
278.82	34063.43
278.89	33678.69
278.95	33386.45
279.02	33228.91
279.09	33253.14
279.16	33406.67
279.22	33674.29
279.29	33949.77
279.36	34184.19
279.43	34272.87
279.49	34170.76
279.56	33851.54
279.63	33401.95
279.70	32920.65
279.76	32504.94
279.83	32248.59
279.90	32183.57
279.97	32226.93
280.03	32319.43
280.10	32440.53
280.17	32568.49
280.24	32682.03
280.30	32797.14
280.37	32908.05
280.44	32998.67
280.51	33060.18
280.57	33112.89
280.64	33174.74
280.71	33242.17
280.77	33301.75
280.84	33319.24
280.91	33276.23
280.98	33169.19
281.04	33011.48
281.11	32822.51
281.18	32610.59
281.25	32372.18
281.31	32122.66
281.38	31849.77
281.45	31598.82
281.52	31405.37
281.58	31242.89
281.65	31120.63
281.72	31064.61
281.78	31043.01
281.85	31050.49
281.92	31119.07
281.99	31222.57
282.05	31369.92
282.12	31528.29
282.19	31716.03
282.26	31912.57
282.32	32099.75
282.39	32255.25
282.46	32369.01
282.52	32435.43
282.59	32495.72
282.66	32568.66
282.73	32630.75
282.79	32681.95
282.86	32639.10
282.93	32416.19
282.99	32063.08
283.06	31606.48
283.13	31117.23
283.20	30700.24
283.26	30437.13
283.33	30286.46
283.40	30249.26
283.46	30303.36
283.53	30394.73
283.60	30512.51
283.67	30637.49
283.73	30775.82
283.80	30904.17
283.87	31046.16
283.93	31192.14
284.00	31324.73
284.07	31429.26
284.13	31477.05
284.20	31459.42
284.27	31396.54
284.34	31318.83
284.40	31239.23
284.47	31183.29
284.54	31133.28
284.60	31044.65
284.67	30925.45
284.74	30779.42
284.81	30616.05
284.87	30442.09
284.94	30228.00
285.01	29981.27
285.07	29691.85
285.14	29391.51
285.21	29133.80
285.27	28979.90
285.34	28948.94
285.41	29045.37
285.47	29202.82
285.54	29408.83
285.61	29620.24
285.68	29809.81
285.74	29978.30
285.81	30149.39
285.88	30303.71
285.94	30470.26
286.01	30638.84
286.08	30799.99
286.14	30945.04
286.21	31057.61
286.28	31135.03
286.34	31106.81
286.41	30946.71
286.48	30645.63
286.55	30240.61
286.61	29772.25
286.68	29335.64
286.75	28971.01
286.81	28730.33
286.88	28592.27
286.95	28514.67
287.01	28544.54
287.08	28637.87
287.15	28771.70
287.21	28909.19
287.28	29071.39
287.35	29189.63
287.41	29300.09
287.48	29389.44
287.55	29500.19
287.61	29618.81
287.68	29720.27
287.75	29824.08
287.81	29937.22
287.88	30024.65
287.95	30113.51
288.01	30201.33
288.08	30273.62
288.15	30320.69
288.21	30347.00
288.28	30312.60
288.35	30240.37
288.41	30095.93
288.48	29847.45
288.55	29511.98
288.61	29129.21
288.68	28735.82
288.75	28392.75
288.81	28167.46
288.88	28076.45
288.95	28116.51
289.01	28258.59
289.08	28486.61
289.15	28765.72
289.21	29089.37
289.28	29397.81
289.35	29683.23
289.41	29901.92
289.48	30048.73
289.55	30096.81
289.61	30090.12
289.68	30043.56
289.75	29960.20
289.81	29846.29
289.88	29692.08
289.95	29497.39
290.01	29297.55
290.08	29126.79
290.15	28995.72
290.21	28936.55
290.28	28927.95
290.35	28918.94
290.41	28838.87
290.48	28689.85
290.55	28454.79
290.61	28200.03
290.68	28002.95
290.74	27934.29
290.81	27988.83
290.88	28166.21
290.94	28430.25
291.01	28698.81
291.08	28959.01
291.14	29213.22
291.21	29453.92
291.28	29680.77
291.34	29897.14
291.41	30068.44
291.48	30176.73
291.54	30219.24
291.61	30159.31
291.68	29995.71
291.74	29772.59
291.81	29538.21
291.87	29324.05
291.94	29097.37
292.01	28875.93
292.07	28640.77
292.14	28388.94
292.21	28122.08
292.27	27907.99
292.34	27747.87
292.41	27674.60
292.47	27656.42
292.54	27715.53
292.60	27840.62
292.67	28027.79
292.74	28240.28
292.80	28488.89
292.87	28736.66
292.94	28986.45
293.00	29240.57
293.07	29486.97
293.13	29731.45
293.20	29952.85
293.27	30136.55
293.33	30249.82
293.40	30310.91
293.47	30289.30
293.53	30175.76
293.60	29942.21
293.66	29577.84
293.73	29130.27
293.80	28662.27
293.86	28218.69
293.93	27881.99
294.00	27713.35
294.06	27641.07
294.13	27620.33
294.19	27624.21
294.26	27613.19
294.33	27562.37
294.39	27502.47
294.46	27466.23
294.52	27500.47
294.59	27632.24
294.66	27858.83
294.72	28153.25
294.79	28492.75
294.86	28843.01
294.92	29163.21
294.99	29464.05
295.05	29747.72
295.12	29994.57
295.19	30209.68
295.25	30386.24
295.32	30515.10
295.38	30589.17
295.45	30616.51
295.52	30542.99
295.58	30362.89
295.65	30083.87
295.71	29701.78
295.78	29207.82
295.85	28696.79
295.91	28209.73
295.98	27735.77
296.04	27315.15
296.11	27019.26
296.18	26844.90
296.24	26806.85
296.31	26924.25
296.37	27190.81
296.44	27551.00
296.51	27948.39
296.57	28355.89
296.64	28732.14
296.70	29064.69
296.77	29334.43
296.84	29562.07
296.90	29775.67
296.97	29981.73
297.03	30197.58
297.10	30419.93
297.17	30650.18
297.23	30860.63
297.30	31035.51
297.36	31139.38
297.43	31182.75
297.50	31142.19
297.56	30988.51
297.63	30713.46
297.69	30282.61
297.76	29705.64
297.82	29044.25
297.89	28376.06
297.96	27785.55
298.02	27363.01
298.09	27108.25
298.15	27016.16
298.22	27027.74
298.29	27102.79
298.35	27239.15
298.42	27446.56
298.48	27688.94
298.55	27997.19
298.61	28348.77
298.68	28715.49
298.75	29071.53
298.81	29417.09
298.88	29725.16
298.94	30010.29
299.01	30270.91
299.08	30503.55
299.14	30718.71
299.21	30901.97
299.27	31046.76
299.34	31146.13
299.40	31218.35
299.47	31239.59
299.54	31218.72
299.60	31157.27
299.67	31001.24
299.73	30680.74
299.80	30153.72
299.86	29397.50
299.93	28516.61
299.99	27686.75
300.06	27020.71
300.13	26595.81
300.19	26475.70
300.26	26580.71
300.32	26832.80
300.39	27158.31
300.45	27553.67
300.52	27990.66
300.59	28425.89
300.65	28830.91
300.72	29221.86
300.78	29556.10
300.85	29851.53
300.91	30102.59
300.98	30320.75
301.04	30518.57
301.11	30711.11
301.18	30884.75
301.24	31047.33
301.31	31180.82
301.37	31280.53
301.44	31342.36
301.50	31342.18
301.57	31270.49
301.63	31138.83
301.70	30894.80
301.77	30514.27
301.83	30008.22
301.90	29420.71
301.96	28771.98
302.03	28149.46
302.09	27644.99
302.16	27278.61
302.22	27083.71
302.29	27031.81
302.36	27115.36
302.42	27291.80
302.49	27569.31
302.55	27894.28
302.62	28246.68
302.68	28598.71
302.75	28951.48
302.81	29265.41
302.88	29552.85
302.94	29805.48
303.01	30042.37
303.07	30242.17
303.14	30422.09
303.21	30565.03
303.27	30693.47
303.34	30792.77
303.40	30858.57
303.47	30890.79
303.53	30886.51
303.60	30866.16
303.66	30807.84
303.73	30718.40
303.79	30583.05
303.86	30380.04
303.92	30085.90
303.99	29679.41
304.05	29103.53
304.12	28475.33
304.19	27927.89
304.25	27470.35
304.32	27176.91
304.38	27111.25
304.45	27188.33
304.51	27349.51
304.58	27589.04
304.64	27859.34
304.71	28165.51
304.77	28471.79
304.84	28754.49
304.90	29008.30
304.97	29235.86
305.03	29417.71
305.10	29588.23
305.16	29743.56
305.23	29871.49
305.29	29983.93
305.36	30079.35
305.42	30158.35
305.49	30199.36
305.56	30218.08
305.62	30210.87
305.69	30184.35
305.75	30118.95
305.82	29984.81
305.88	29772.81
305.95	29492.59
306.01	29171.67
306.08	28816.25
306.14	28466.26
306.21	28121.82
306.27	27785.05
306.34	27451.64
306.40	27139.86
306.47	26905.37
306.53	26790.47
306.60	26792.23
306.66	26902.75
306.73	27099.26
306.79	27326.45
306.86	27567.95
306.92	27789.24
306.99	27996.23
307.05	28182.03
307.12	28349.58
307.18	28478.45
307.25	28603.08
307.31	28696.37
307.38	28769.68
307.44	28827.16
307.51	28868.74
307.57	28875.60
307.64	28875.07
307.70	28860.56
307.77	28839.63
307.83	28800.16
307.90	28764.39
307.96	28712.88
308.03	28620.71
308.09	28494.43
308.16	28364.92
308.22	28213.58
308.29	28017.70
308.35	27805.97
308.42	27556.37
308.48	27255.76
308.55	26937.68
308.61	26673.83
308.68	26477.25
308.74	26365.79
308.81	26364.13
308.87	26441.67
308.94	26574.81
309.00	26729.88
309.07	26897.29
309.13	27043.38
309.20	27193.19
309.26	27305.03
309.33	27399.40
309.39	27480.99
309.45	27546.19
309.52	27581.95
309.58	27603.32
309.65	27595.04
309.71	27563.09
309.78	27534.87
309.84	27487.55
309.91	27432.45
309.97	27373.96
310.04	27323.63
310.10	27246.96
310.17	27168.14
310.23	27090.26
310.30	27025.82
310.36	26927.25
310.43	26809.14
310.49	26662.69
310.56	26488.41
310.62	26277.04
310.69	26086.50
310.75	25940.89
310.81	25854.31
310.88	25809.41
310.94	25811.51
311.01	25834.38
311.07	25872.29
311.14	25903.63
311.20	25935.35
311.27	25982.93
311.33	26040.70
311.40	26091.37
311.46	26141.43
311.53	26201.03
311.59	26255.53
311.66	26298.26
311.72	26321.09
311.78	26326.27
311.85	26316.29
311.91	26290.49
311.98	26241.21
312.04	26196.89
312.11	26156.95
312.17	26118.92
312.24	26065.69
312.30	26027.49
312.37	25964.84
312.43	25896.59
312.50	25820.13
312.56	25750.76
312.62	25671.06
312.69	25595.63
312.75	25502.45
312.82	25388.25
312.88	25262.61
312.95	25129.04
313.01	24989.04
313.08	24872.67
313.14	24797.05
313.20	24737.54
313.27	24698.19
313.33	24696.36
313.40	24721.24
313.46	24733.51
313.53	24764.46
313.59	24806.63
313.66	24844.01
313.72	24861.31
313.78	24876.33
313.85	24882.39
313.91	24881.46
313.98	24869.10
314.04	24862.07
314.11	24853.95
314.17	24840.81
314.24	24814.13
314.30	24788.01
314.36	24740.25
314.43	24697.02
314.49	24640.28
314.56	24575.88
314.62	24502.97
314.69	24436.73
314.75	24365.15
314.81	24304.62
314.88	24259.99
314.94	24220.29
315.01	24181.75
315.07	24122.17
315.14	24062.89
315.20	23989.70
315.27	23925.08
315.33	23863.33
315.39	23823.03
315.46	23777.73
315.52	23730.12
315.59	23677.09
315.65	23623.40
315.72	23579.95
315.78	23540.33
315.84	23523.34
315.91	23520.90
315.97	23523.85
316.04	23542.48
316.10	23557.53
316.16	23560.85
316.23	23523.37
316.29	23460.87
316.36	23344.38
316.42	23201.93
316.49	23027.41
316.55	22842.29
316.61	22650.95
316.68	22449.75
316.74	22240.59
316.81	22039.13
316.87	21835.78
316.93	21625.43
317.00	21422.71
317.06	21223.38
317.13	21005.72
317.19	20797.10
317.26	20588.03
317.32	20382.68
317.38	20186.73
317.45	19999.84
317.51	19822.13
317.58	19635.69
317.64	19444.91
317.70	19255.64
317.77	19073.17
317.83	18877.95
317.90	18690.42
317.96	18491.44
318.02	18288.99
318.09	18101.21
318.15	17896.65
318.22	17697.41
318.28	17516.07
318.34	17326.09
318.41	17114.23
318.47	16929.04
318.54	16750.47
318.60	16571.29
318.66	16403.09
318.73	16234.18
318.79	16071.17
318.86	15900.22
318.92	15726.17
318.98	15560.91
319.05	15393.19
319.11	15221.91
319.18	15042.58
319.24	14868.97
319.30	14668.85
319.37	14497.08
319.43	14315.91
319.50	14137.93
319.56	13957.69
319.62	13789.69
319.69	13609.27
319.75	13435.91
319.82	13272.57
319.88	13094.75
319.94	12929.07
320.01	12763.50
320.07	12589.51
320.13	12423.29
320.20	12267.73
320.26	12102.86
320.33	11941.68
320.39	11792.40
320.45	11624.27
320.52	11461.65
320.58	11307.57
320.65	11144.97
320.71	10979.43
320.77	10826.02
320.84	10668.34
320.90	10501.67
320.96	10340.95
321.03	10170.97
321.09	10000.41
321.16	9828.65
321.22	9661.83
321.28	9494.72
321.35	9340.79
321.41	9182.65
321.47	9034.71
321.54	8886.37
321.60	8729.17
321.67	8568.62
321.73	8415.75
321.79	8256.12
321.86	8102.35
321.92	7950.45
321.98	7782.29
322.05	7612.66
322.11	7439.95
322.18	7258.84
322.24	7085.94
322.30	6923.77
322.37	6764.32
322.43	6599.38
322.49	6446.37
322.56	6282.71
322.62	6127.97
322.68	5960.42
322.75	5814.22
322.81	5650.54
322.88	5489.47
322.94	5327.18
323.00	5172.53
323.07	5011.25
323.13	4861.36
323.19	4717.58
323.26	4574.29
323.32	4433.41
323.38	4283.76
323.45	4080.06
323.51	3493.13
323.57	2683.94
323.64	1835.25
323.70	1022.59
323.76	292.32
323.83	-24.87
323.89	-90.27
323.96	-90.37
