180.25	3517.03
180.33	-133.30
180.40	657.03
180.48	-30.96
180.56	12.49
180.63	48.03
180.71	89.82
180.78	88.97
180.86	89.43
180.93	94.11
181.01	97.12
181.08	95.40
181.16	94.08
181.23	95.94
181.31	96.25
181.39	119.49
181.46	128.86
181.54	138.99
181.61	155.42
181.69	163.06
181.76	155.34
181.84	149.14
181.91	151.46
181.99	152.10
182.06	152.99
182.14	158.46
182.22	163.62
182.29	172.34
182.37	174.57
182.44	185.61
182.52	181.66
182.59	197.85
182.67	205.54
182.74	211.32
182.82	215.74
182.89	226.90
182.97	227.77
183.04	237.42
183.12	246.07
183.20	266.04
183.27	276.57
183.35	303.91
183.42	326.92
183.50	368.14
183.57	391.79
183.65	436.09
183.72	477.13
183.80	528.84
183.87	569.28
183.95	612.80
184.02	659.37
184.10	691.13
184.17	708.50
184.25	710.68
184.32	703.00
184.40	675.82
184.47	628.76
184.55	586.82
184.62	582.44
184.70	609.68
184.78	656.63
184.85	759.40
184.93	879.24
185.00	993.50
185.08	1108.42
185.15	1222.93
185.23	1338.54
185.30	1449.54
185.38	1555.44
185.45	1654.79
185.53	1764.68
185.60	1856.22
185.68	1960.15
185.75	2037.90
185.83	2097.38
185.90	2125.12
185.98	2094.02
186.05	2006.88
186.13	1898.63
186.20	1761.34
186.28	1648.08
186.35	1620.05
186.43	1675.73
186.50	1812.44
186.58	2016.03
186.65	2228.65
186.73	2436.28
186.80	2606.39
186.88	2745.00
186.95	2864.29
187.03	2959.05
187.10	3020.52
187.18	3103.33
187.25	3174.02
187.33	3254.41
187.40	3370.17
187.48	3504.02
187.55	3657.47
187.63	3818.25
187.70	3932.50
187.78	4003.26
187.85	4032.28
187.93	3955.20
188.00	3800.19
188.08	3618.06
188.15	3457.62
188.23	3374.56
188.30	3404.76
188.38	3554.52
188.45	3793.76
188.53	4046.81
188.60	4281.96
188.68	4492.02
188.75	4694.49
188.83	4920.57
188.90	5140.80
188.98	5367.45
189.05	5611.73
189.13	5834.83
189.20	6039.80
189.28	6255.80
189.35	6454.68
189.43	6636.28
189.50	6788.48
189.58	6850.24
189.65	6808.96
189.73	6692.26
189.80	6485.98
189.87	6221.72
189.95	5921.69
190.02	5567.94
190.10	5182.24
190.17	4859.21
190.25	4648.66
190.32	4590.44
190.40	4689.80
190.47	4911.96
190.55	5170.01
190.62	5423.41
190.70	5638.20
190.77	5862.34
190.85	6106.63
190.92	6358.51
191.00	6600.58
191.07	6821.06
191.15	6975.66
191.22	7092.24
191.29	7174.42
191.37	7240.22
191.44	7340.56
191.52	7494.80
191.59	7637.06
191.67	7747.63
191.74	7798.92
191.82	7789.32
191.89	7768.76
191.97	7784.20
192.04	7819.86
192.12	7862.90
192.19	7854.80
192.27	7755.40
192.34	7605.27
192.41	7493.91
192.49	7459.18
192.56	7545.62
192.64	7727.30
192.71	7927.88
192.79	8068.77
192.86	8120.66
192.94	8043.77
193.01	7927.00
193.09	7862.48
193.16	7908.86
193.23	8082.34
193.31	8379.38
193.38	8758.03
193.46	9105.31
193.53	9393.46
193.61	9631.73
193.68	9817.86
193.76	9925.63
193.83	9988.25
193.91	10003.16
193.98	9970.17
194.05	9899.47
194.13	9779.72
194.20	9609.50
194.28	9416.98
194.35	9227.56
194.43	9025.94
194.50	8798.64
194.58	8562.48
194.65	8381.78
194.72	8327.14
194.80	8453.06
194.87	8754.27
194.95	9200.08
195.02	9660.23
195.10	10030.14
195.17	10310.93
195.25	10523.93
195.32	10684.34
195.39	10815.22
195.47	10929.92
195.54	10996.48
195.62	10958.98
195.69	10762.36
195.77	10377.67
195.84	9852.53
195.91	9291.26
195.99	8888.46
196.06	8739.59
196.14	8871.40
196.21	9231.14
196.29	9734.68
196.36	10248.32
196.43	10699.41
196.51	11089.38
196.58	11407.56
196.66	11640.77
196.73	11823.94
196.81	11957.02
196.88	12033.10
196.95	12050.27
197.03	11964.22
197.10	11700.64
197.18	11287.00
197.25	10792.29
197.33	10301.46
197.40	9871.73
197.47	9578.52
197.55	9488.36
197.62	9564.11
197.70	9779.16
197.77	10140.82
197.84	10593.68
197.92	11070.36
197.99	11563.87
198.07	12021.80
198.14	12407.06
198.22	12737.82
198.29	12993.80
198.36	13174.08
198.44	13288.83
198.51	13296.76
198.59	13123.00
198.66	12771.63
198.73	12241.41
198.81	11602.23
198.88	10895.22
198.96	10281.47
199.03	9924.77
199.10	9905.18
199.18	10134.46
199.25	10623.33
199.33	11284.31
199.40	11935.61
199.48	12453.06
199.55	12864.87
199.62	13197.49
199.70	13506.90
199.77	13807.12
199.85	14111.34
199.92	14365.17
199.99	14515.57
200.07	14468.86
200.14	14167.56
200.22	13530.73
200.29	12634.00
200.36	11728.08
200.44	11009.80
200.51	10602.71
200.59	10599.73
200.66	10948.35
200.73	11446.03
200.81	11961.29
200.88	12457.08
200.95	12970.04
201.03	13478.80
201.10	13982.54
201.18	14440.40
201.25	14831.46
201.32	15118.04
201.40	15332.78
201.47	15460.62
201.55	15463.10
201.62	15250.74
201.69	14779.82
201.77	14159.29
201.84	13504.25
201.92	12801.28
201.99	12135.12
202.06	11711.95
202.14	11581.54
202.21	11685.46
202.28	12076.86
202.36	12747.67
202.43	13518.20
202.51	14213.80
202.58	14788.08
202.65	15248.58
202.73	15648.82
202.80	16031.26
202.87	16426.77
202.95	16794.68
203.02	17093.50
203.10	17223.82
203.17	17167.24
203.24	16816.02
203.32	16057.18
203.39	14922.49
203.46	13733.43
203.54	12743.74
203.61	12159.64
203.69	12101.30
203.76	12564.36
203.83	13291.88
203.91	14027.92
203.98	14699.56
204.05	15311.80
204.13	15874.29
204.20	16361.62
204.28	16778.27
204.35	17070.19
204.42	17244.64
204.50	17343.19
204.57	17430.16
204.64	17489.62
204.72	17453.23
204.79	17171.63
204.86	16580.28
204.94	15789.94
205.01	14934.80
205.09	14100.70
205.16	13506.58
205.23	13305.38
205.31	13458.24
205.38	13887.44
205.45	14584.05
205.53	15460.78
205.60	16389.00
205.67	17242.20
205.75	17938.72
205.82	18488.62
205.89	18925.28
205.97	19300.66
206.04	19645.99
206.12	19998.14
206.19	20324.15
206.26	20542.72
206.34	20579.82
206.41	20327.58
206.48	19680.14
206.56	18568.87
206.63	17177.63
206.70	15802.34
206.78	14764.36
206.85	14281.56
206.92	14473.29
207.00	15205.24
207.07	16185.93
207.14	17172.48
207.22	18069.24
207.29	18862.84
207.36	19566.98
207.44	20205.96
207.51	20790.09
207.58	21313.87
207.66	21770.61
207.73	22152.65
207.80	22432.90
207.88	22552.14
207.95	22483.17
208.02	22172.17
208.10	21472.32
208.17	20347.76
208.25	19061.57
208.32	17869.85
208.39	16939.56
208.47	16486.84
208.54	16572.66
208.61	17026.36
208.69	17638.52
208.76	18318.70
208.83	19064.24
208.90	19846.31
208.98	20631.06
209.05	21376.28
209.12	22053.69
209.20	22636.07
209.27	23136.64
209.34	23565.85
209.42	23950.48
209.49	24252.74
209.56	24414.02
209.64	24437.22
209.71	24187.02
209.78	23528.82
209.86	22533.25
209.93	21411.30
210.00	20200.86
210.08	19123.39
210.15	18487.42
210.22	18383.07
210.30	18671.08
210.37	19301.94
210.44	20170.74
210.52	21091.23
210.59	21933.46
210.66	22663.88
210.74	23303.80
210.81	23860.20
210.88	24369.90
210.96	24856.89
211.03	25315.18
211.10	25752.19
211.17	26143.00
211.25	26389.10
211.32	26439.63
211.39	26261.66
211.47	25739.10
211.54	24745.37
211.61	23424.36
211.69	22156.92
211.76	21203.04
211.83	20738.20
211.91	20900.80
211.98	21562.68
212.05	22383.92
212.12	23138.90
212.20	23779.24
212.27	24305.99
212.34	24734.77
212.42	25117.68
212.49	25490.78
212.56	25864.05
212.64	26270.58
212.71	26727.45
212.78	27177.07
212.85	27558.42
212.93	27823.82
213.00	27928.06
213.07	27847.46
213.15	27443.66
213.22	26729.24
213.29	25893.38
213.37	25053.40
213.44	24296.16
213.51	23859.42
213.58	23827.45
213.66	24079.24
213.73	24523.74
213.80	25091.90
213.88	25661.60
213.95	26097.58
214.02	26385.04
214.09	26599.62
214.17	26783.38
214.24	26985.76
214.31	27236.90
214.39	27513.28
214.46	27734.71
214.53	27849.62
214.60	27868.67
214.68	27901.32
214.75	27984.23
214.82	28065.54
214.90	28062.82
214.97	27784.83
215.04	27119.39
215.11	26261.88
215.19	25499.85
215.26	25101.64
215.33	25208.97
215.41	25865.19
215.48	26773.11
215.55	27662.98
215.62	28352.58
215.70	28890.14
215.77	29313.99
215.84	29702.24
215.91	30070.85
215.99	30449.22
216.06	30806.06
216.13	31086.06
216.21	31269.47
216.28	31394.78
216.35	31494.12
216.42	31559.81
216.50	31573.42
216.57	31527.58
216.64	31308.12
216.71	30790.27
216.79	30095.33
216.86	29413.12
216.93	28863.41
217.01	28590.62
217.08	28701.93
217.15	29108.26
217.22	29654.46
217.30	30236.42
217.37	30800.90
217.44	31322.13
217.51	31764.38
217.59	32132.23
217.66	32426.70
217.73	32675.52
217.80	32866.13
217.88	33012.88
217.95	33135.59
218.02	33252.15
218.09	33353.50
218.17	33496.13
218.24	33644.30
218.31	33743.78
218.38	33756.48
218.46	33606.69
218.53	33163.75
218.60	32524.32
218.67	31851.62
218.75	31293.77
218.82	30994.97
218.89	31073.94
218.96	31470.51
219.04	32023.40
219.11	32598.06
219.18	33092.30
219.25	33503.61
219.33	33837.53
219.40	34142.42
219.47	34423.20
219.54	34689.87
219.62	34938.52
219.69	35173.54
219.76	35387.10
219.83	35571.56
219.91	35746.23
219.98	35900.77
220.05	36004.70
220.12	36032.06
220.20	35976.16
220.27	35789.40
220.34	35411.07
220.41	34885.77
220.49	34364.47
220.56	33972.76
220.63	33799.90
220.70	33887.44
220.78	34220.38
220.85	34621.05
220.92	34988.00
220.99	35284.26
221.06	35542.54
221.14	35768.61
221.21	35993.38
221.28	36227.81
221.35	36473.28
221.43	36717.32
221.50	36943.28
221.57	37156.72
221.64	37354.10
221.72	37526.65
221.79	37657.26
221.86	37751.88
221.93	37791.63
222.00	37789.12
222.08	37723.91
222.15	37557.94
222.22	37325.86
222.29	37113.48
222.37	36948.80
222.44	36854.86
222.51	36875.23
222.58	36972.86
222.65	37102.12
222.73	37224.38
222.80	37342.00
222.87	37493.38
222.94	37673.59
223.02	37858.19
223.09	38051.29
223.16	38259.26
223.23	38459.05
223.30	38664.37
223.38	38879.04
223.45	39078.16
223.52	39254.74
223.59	39401.02
223.66	39476.01
223.74	39496.96
223.81	39483.00
223.88	39448.97
223.95	39405.03
224.03	39358.26
224.10	39303.88
224.17	39252.36
224.24	39212.73
224.31	39204.44
224.39	39248.28
224.46	39337.95
224.53	39449.62
224.60	39578.18
224.67	39707.39
224.75	39830.61
224.82	39962.80
224.89	40119.24
224.96	40284.16
225.03	40427.44
225.11	40580.78
225.18	40728.69
225.25	40843.85
225.32	40908.88
225.39	40962.98
225.47	40968.10
225.54	40925.04
225.61	40798.18
225.68	40623.54
225.75	40419.34
225.83	40213.91
225.90	40021.61
225.97	39889.16
226.04	39829.30
226.11	39894.18
226.19	40082.85
226.26	40372.93
226.33	40725.10
226.40	41067.84
226.47	41324.58
226.54	41496.36
226.62	41581.50
226.69	41656.37
226.76	41792.93
226.83	41980.21
226.90	42195.61
226.98	42429.39
227.05	42630.02
227.12	42788.53
227.19	42880.60
227.26	42951.56
227.34	43013.11
227.41	43064.19
227.48	43090.84
227.55	43090.29
227.62	43058.88
227.69	43049.94
227.77	43079.19
227.84	43144.66
227.91	43249.18
227.98	43381.31
228.05	43498.36
228.12	43604.54
228.20	43695.14
228.27	43804.04
228.34	43905.70
228.41	44027.02
228.48	44146.97
228.56	44265.88
228.63	44368.43
228.70	44459.46
228.77	44529.05
228.84	44606.28
228.91	44686.17
228.99	44782.77
229.06	44904.98
229.13	45021.78
229.20	45127.00
229.27	45220.91
229.34	45296.28
229.42	45342.08
229.49	45378.42
229.56	45409.49
229.63	45431.14
229.70	45445.38
229.77	45467.98
229.85	45505.68
229.92	45555.14
229.99	45621.42
230.06	45710.46
230.13	45815.08
230.20	45931.62
230.27	46042.08
230.35	46159.58
230.42	46267.33
230.49	46384.20
230.56	46479.63
230.63	46581.48
230.70	46656.33
230.78	46714.99
230.85	46762.20
230.92	46818.76
230.99	46886.24
231.06	46988.32
231.13	47113.59
231.20	47237.62
231.28	47358.39
231.35	47463.38
231.42	47540.14
231.49	47615.63
231.56	47685.72
231.63	47747.65
231.71	47800.84
231.78	47857.81
231.85	47901.73
231.92	47956.94
231.99	48025.40
232.06	48106.13
232.13	48209.42
232.21	48311.22
232.28	48390.80
232.35	48462.19
232.42	48541.03
232.49	48606.26
232.56	48695.91
232.63	48785.48
232.71	48879.25
232.78	48959.42
232.85	49040.61
232.92	49114.35
232.99	49204.90
233.06	49285.87
233.13	49364.21
233.20	49424.74
233.28	49481.63
233.35	49526.08
233.42	49582.54
233.49	49659.48
233.56	49747.20
233.63	49829.88
233.70	49918.72
233.78	50011.43
233.85	50111.76
233.92	50205.90
233.99	50289.02
234.06	50379.29
234.13	50468.64
234.20	50538.72
234.27	50597.64
234.35	50669.28
234.42	50728.25
234.49	50779.70
234.56	50802.66
234.63	50845.73
234.70	50886.40
234.77	50922.64
234.84	50962.16
234.92	51018.95
234.99	51092.13
235.06	51152.08
235.13	51218.79
235.20	51302.29
235.27	51379.12
235.34	51453.50
235.41	51529.29
235.48	51616.27
235.56	51681.14
235.63	51758.52
235.70	51814.01
235.77	51861.74
235.84	51891.26
235.91	51912.67
235.98	51935.22
236.05	51969.46
236.12	52017.76
236.20	52059.74
236.27	52103.14
236.34	52148.32
236.41	52187.10
236.48	52222.14
236.55	52259.80
236.62	52311.66
236.69	52365.54
236.76	52436.42
236.84	52509.32
236.91	52586.66
236.98	52651.75
237.05	52703.60
237.12	52726.95
237.19	52753.46
237.26	52790.01
237.33	52822.50
237.40	52852.98
237.47	52892.47
237.55	52937.48
237.62	52992.48
237.69	53056.53
237.76	53133.96
237.83	53211.84
237.90	53270.94
237.97	53317.93
238.04	53361.22
238.11	53394.17
238.18	53433.41
238.26	53481.77
238.33	53511.80
238.40	53540.04
238.47	53568.71
238.54	53586.00
238.61	53592.67
238.68	53599.23
238.75	53612.36
238.82	53645.72
238.89	53683.72
238.96	53732.84
239.04	53779.30
239.11	53828.24
239.18	53861.77
239.25	53884.14
239.32	53903.60
239.39	53929.40
239.46	53920.70
239.53	53913.26
239.60	53902.31
239.67	53900.46
239.74	53905.47
239.81	53945.50
239.89	53976.88
239.96	54013.20
240.03	54044.41
240.10	54079.83
240.17	54093.45
240.24	54109.30
240.31	54136.25
240.38	54175.14
240.45	54224.70
240.52	54289.96
240.59	54358.74
240.66	54415.29
240.73	54455.88
240.80	54479.31
240.88	54486.68
240.95	54508.37
241.02	54529.12
241.09	54543.10
241.16	54562.34
241.23	54590.49
241.30	54573.47
241.37	54542.53
241.44	54522.71
241.51	54514.37
241.58	54513.16
241.65	54541.97
241.72	54586.65
241.79	54615.52
241.86	54622.60
241.94	54619.01
242.01	54602.56
242.08	54581.55
242.15	54581.14
242.22	54583.66
242.29	54583.78
242.36	54595.82
242.43	54596.52
242.50	54587.08
242.57	54573.62
242.64	54580.95
242.71	54571.61
242.78	54581.03
242.85	54583.29
242.92	54592.14
242.99	54593.87
243.06	54594.48
243.14	54597.52
243.21	54611.44
243.28	54619.33
243.35	54636.40
243.42	54677.52
243.49	54711.00
243.56	54729.03
243.63	54753.18
243.70	54756.66
243.77	54740.01
243.84	54720.44
243.91	54699.66
243.98	54674.54
244.05	54638.22
244.12	54615.54
244.19	54588.37
244.26	54571.10
244.33	54549.26
244.40	54544.30
244.47	54531.26
244.54	54526.63
244.62	54494.10
244.69	54467.58
244.76	54446.20
244.83	54441.86
244.90	54441.60
244.97	54465.44
245.04	54483.55
245.11	54490.86
245.18	54471.36
245.25	54456.59
245.32	54467.24
245.39	54481.00
245.46	54492.16
245.53	54496.57
245.60	54493.89
245.67	54477.42
245.74	54466.53
245.81	54453.06
245.88	54446.26
245.95	54441.85
246.02	54420.83
246.09	54373.27
246.16	54330.72
246.23	54289.89
246.30	54253.02
246.37	54240.80
246.44	54258.22
246.51	54284.10
246.58	54320.29
246.65	54347.89
246.72	54350.87
246.79	54340.38
246.87	54321.60
246.94	54292.42
247.01	54264.28
247.08	54234.24
247.15	54185.41
247.22	54124.60
247.29	54063.47
247.36	54022.62
247.43	53984.33
247.50	53979.75
247.57	53987.50
247.64	54009.63
247.71	54017.16
247.78	54033.46
247.85	54047.34
247.92	54063.64
247.99	54064.01
248.06	54054.57
248.13	54028.02
248.20	53998.12
248.27	53960.86
248.34	53939.71
248.41	53932.16
248.48	53934.19
248.55	53933.33
248.62	53939.77
248.69	53940.66
248.76	53921.67
248.83	53900.65
248.90	53862.18
248.97	53829.25
249.04	53787.10
249.11	53749.29
249.18	53717.94
249.25	53691.24
249.32	53642.46
249.39	53587.66
249.46	53533.22
249.53	53472.81
249.60	53414.09
249.67	53383.42
249.74	53369.95
249.81	53376.97
249.88	53393.16
249.95	53434.52
250.02	53455.92
250.09	53467.51
250.16	53471.14
250.23	53465.22
250.30	53448.08
250.37	53432.79
250.44	53440.08
250.51	53432.82
250.58	53435.91
250.65	53429.70
250.72	53399.06
250.79	53358.54
250.86	53316.92
250.93	53259.46
251.00	53203.63
251.07	53173.63
251.14	53138.20
251.21	53107.24
251.28	53085.17
251.35	53062.38
251.42	53051.83
251.49	53032.84
251.56	53019.77
251.63	53006.18
251.70	52999.74
251.77	52978.75
251.84	52951.32
251.91	52908.06
251.98	52857.26
252.05	52808.78
252.12	52748.06
252.18	52700.88
252.25	52670.02
252.32	52665.24
252.39	52658.15
252.46	52644.74
252.53	52643.78
252.60	52622.55
252.67	52594.78
252.74	52571.76
252.81	52558.61
252.88	52531.14
252.95	52512.36
253.02	52478.52
253.09	52441.86
253.16	52423.50
253.23	52393.24
253.30	52377.00
253.37	52355.17
253.44	52331.77
253.51	52287.01
253.58	52253.26
253.65	52230.34
253.72	52233.58
253.79	52218.10
253.86	52216.15
253.93	52210.11
254.00	52189.37
254.07	52151.55
254.14	52117.00
254.21	52081.48
254.28	52050.70
254.35	52020.50
254.41	51992.51
254.48	51972.70
254.55	51962.42
254.62	51946.58
254.69	51908.13
254.76	51879.18
254.83	51830.47
254.90	51792.48
254.97	51764.44
255.04	51765.77
255.11	51730.20
255.18	51699.96
255.25	51637.41
255.32	51579.05
255.39	51518.88
255.46	51481.35
255.53	51456.90
255.60	51450.16
255.67	51427.65
255.74	51404.17
255.81	51393.34
255.87	51399.35
255.94	51382.03
256.01	51379.90
256.08	51371.40
256.15	51356.07
256.22	51328.02
256.29	51307.19
256.36	51274.14
256.43	51259.14
256.50	51246.86
256.57	51235.71
256.64	51221.02
256.71	51198.94
256.78	51158.84
256.85	51114.39
256.92	51077.64
256.99	51058.52
257.05	51052.90
257.12	51030.09
257.19	50996.71
257.26	50937.30
257.33	50861.30
257.40	50789.48
257.47	50724.84
257.54	50680.67
257.61	50652.82
257.68	50651.70
257.75	50642.06
257.82	50654.86
257.89	50648.13
257.96	50633.44
258.03	50593.26
258.09	50542.07
258.16	50468.00
258.23	50391.98
258.30	50326.17
258.37	50267.97
258.44	50227.68
258.51	50203.02
258.58	50208.15
258.65	50208.45
258.72	50216.28
258.79	50200.95
258.86	50176.63
258.93	50137.80
258.99	50094.09
259.06	50048.14
259.13	50015.55
259.20	49981.20
259.27	49941.84
259.34	49908.08
259.41	49884.92
259.48	49876.54
259.55	49860.37
259.62	49836.40
259.69	49795.81
259.76	49740.50
259.82	49671.59
259.89	49628.70
259.96	49605.10
260.03	49574.77
260.10	49537.72
260.17	49495.98
260.24	49435.98
260.31	49369.52
260.38	49339.62
260.45	49327.28
260.52	49310.00
260.59	49281.14
260.65	49246.98
260.72	49208.09
260.79	49165.81
260.86	49142.67
260.93	49115.74
261.00	49075.04
261.07	49015.91
261.14	48933.78
261.21	48847.62
261.28	48777.26
261.34	48708.69
261.41	48646.90
261.48	48619.96
261.55	48593.56
261.62	48566.67
261.69	48541.58
261.76	48525.62
261.83	48488.74
261.90	48448.87
261.97	48398.89
262.03	48364.25
262.10	48330.62
262.17	48296.06
262.24	48270.45
262.31	48249.68
262.38	48236.03
262.45	48223.22
262.52	48196.75
262.59	48157.52
262.65	48119.68
262.72	48074.64
262.79	48013.70
262.86	47979.59
262.93	47946.15
263.00	47920.32
263.07	47877.17
263.14	47844.82
263.21	47811.18
263.27	47786.70
263.34	47767.51
263.41	47746.58
263.48	47706.82
263.55	47654.59
263.62	47574.12
263.69	47485.58
263.76	47401.68
263.82	47350.54
263.89	47309.76
263.96	47290.96
264.03	47262.50
264.10	47240.84
264.17	47185.32
264.24	47117.62
264.31	47049.59
264.38	46989.47
264.44	46915.66
264.51	46850.44
264.58	46790.90
264.65	46736.16
264.72	46675.37
264.79	46641.74
264.86	46626.64
264.92	46611.70
264.99	46598.01
265.06	46581.11
265.13	46545.34
265.20	46503.08
265.27	46457.59
265.34	46408.11
265.41	46384.94
265.47	46368.28
265.54	46340.66
265.61	46330.98
265.68	46328.50
265.75	46287.09
265.82	46219.81
265.89	46155.66
265.95	46077.90
266.02	45981.66
266.09	45908.17
266.16	45865.08
266.23	45832.26
266.30	45796.20
266.37	45752.42
266.44	45700.50
266.50	45655.22
266.57	45595.61
266.64	45535.33
266.71	45464.78
266.78	45401.22
266.85	45319.82
266.91	45247.87
266.98	45185.21
267.05	45155.24
267.12	45136.73
267.19	45121.97
267.26	45115.68
267.33	45112.63
267.39	45098.46
267.46	45075.67
267.53	45033.76
267.60	44984.28
267.67	44922.32
267.74	44871.16
267.81	44824.49
267.87	44807.29
267.94	44789.96
268.01	44778.00
268.08	44736.59
268.15	44681.85
268.22	44607.29
268.28	44511.87
268.35	44403.35
268.42	44310.59
268.49	44228.89
268.56	44165.68
268.63	44122.26
268.69	44103.78
268.76	44093.94
268.83	44086.77
268.90	44088.74
268.97	44098.64
269.04	44095.53
269.11	44077.62
269.17	44052.32
269.24	44016.32
269.31	43969.88
269.38	43930.67
269.45	43903.27
269.52	43879.61
269.58	43855.51
269.65	43813.50
269.72	43765.70
269.79	43712.54
269.86	43662.25
269.92	43595.59
269.99	43553.88
270.06	43492.30
270.13	43438.96
270.20	43385.94
270.27	43352.64
270.33	43332.25
270.40	43310.42
270.47	43296.34
270.54	43275.64
270.61	43252.16
270.68	43221.26
270.74	43210.83
270.81	43195.74
270.88	43179.98
270.95	43145.14
271.02	43090.63
271.08	43029.80
271.15	42960.95
271.22	42897.54
271.29	42855.32
271.36	42795.77
271.43	42739.65
271.49	42707.86
271.56	42676.62
271.63	42619.66
271.70	42600.55
271.77	42591.31
271.83	42554.82
271.90	42505.07
271.97	42478.14
272.04	42431.13
272.11	42387.36
272.17	42358.17
272.24	42338.32
272.31	42311.44
272.38	42304.29
272.45	42280.48
272.52	42253.72
272.58	42234.85
272.65	42229.24
272.72	42200.19
272.79	42172.61
272.86	42131.78
272.92	42083.40
272.99	42028.43
273.06	41985.08
273.13	41932.12
273.20	41878.83
273.26	41812.43
273.33	41744.36
273.40	41683.70
273.47	41647.59
273.54	41624.43
273.60	41617.22
273.67	41612.17
273.74	41614.40
273.81	41614.35
273.88	41629.11
273.94	41654.67
274.01	41696.24
274.08	41729.58
274.15	41743.30
274.21	41733.40
274.28	41700.45
274.35	41621.92
274.42	41525.76
274.49	41426.29
274.55	41345.89
274.62	41279.76
274.69	41226.73
274.76	41177.71
274.83	41158.66
274.89	41131.24
274.96	41101.48
275.03	41086.37
275.10	41063.24
275.17	41029.15
275.23	40991.18
275.30	40947.24
275.37	40916.43
275.44	40903.72
275.50	40880.00
275.57	40861.24
275.64	40833.84
275.71	40789.59
275.78	40753.08
275.84	40730.27
275.91	40702.78
275.98	40692.60
276.05	40680.35
276.11	40659.06
276.18	40620.67
276.25	40560.20
276.32	40486.32
276.39	40407.14
276.45	40328.86
276.52	40254.64
276.59	40209.48
276.66	40182.94
276.72	40175.00
276.79	40174.23
276.86	40177.54
276.93	40164.22
276.99	40130.71
277.06	40081.85
277.13	40031.52
277.20	39986.31
277.26	39960.38
277.33	39950.78
277.40	39958.82
277.47	39947.72
277.54	39932.20
277.60	39898.10
277.67	39836.80
277.74	39746.59
277.81	39655.23
277.87	39574.90
277.94	39488.78
278.01	39442.03
278.08	39421.09
278.14	39415.72
278.21	39410.71
278.28	39431.32
278.35	39457.89
278.41	39485.89
278.48	39510.22
278.55	39521.98
278.62	39514.00
278.68	39464.58
278.75	39376.60
278.82	39275.78
278.89	39170.86
278.95	39071.06
279.02	39001.28
279.09	38987.62
279.16	39005.83
279.22	39038.04
279.29	39081.79
279.36	39113.24
279.43	39096.74
279.49	39027.82
279.56	38918.42
279.63	38771.26
279.70	38629.14
279.76	38509.57
279.83	38437.02
279.90	38408.16
279.97	38406.01
280.03	38404.37
280.10	38413.09
280.17	38415.56
280.24	38408.41
280.30	38410.58
280.37	38404.03
280.44	38390.42
280.51	38375.74
280.57	38358.16
280.64	38330.81
280.71	38304.12
280.77	38272.58
280.84	38211.47
280.91	38146.34
280.98	38061.64
281.04	37975.53
281.11	37881.56
281.18	37795.73
281.25	37690.98
281.31	37599.51
281.38	37498.01
281.45	37399.78
281.52	37320.17
281.58	37252.70
281.65	37192.55
281.72	37147.38
281.78	37115.58
281.85	37088.94
281.92	37080.51
281.99	37080.60
282.05	37087.46
282.12	37089.54
282.19	37099.06
282.26	37116.41
282.32	37121.26
282.39	37134.62
282.46	37132.79
282.52	37116.84
282.59	37100.67
282.66	37101.28
282.73	37085.28
282.79	37072.79
282.86	37040.97
282.93	36964.64
282.99	36861.72
283.06	36733.30
283.13	36586.08
283.20	36439.96
283.26	36328.54
283.33	36227.52
283.40	36168.42
283.46	36149.34
283.53	36151.14
283.60	36151.01
283.67	36164.06
283.73	36182.96
283.80	36189.01
283.87	36202.53
283.93	36220.87
284.00	36235.78
284.07	36229.20
284.13	36212.38
284.20	36187.26
284.27	36156.07
284.34	36114.03
284.40	36079.50
284.47	36057.63
284.54	36042.02
284.60	36010.14
284.67	35968.76
284.74	35930.17
284.81	35882.75
284.87	35822.36
284.94	35747.52
285.01	35672.20
285.07	35571.58
285.14	35470.53
285.21	35382.64
285.27	35325.68
285.34	35299.83
285.41	35294.98
285.47	35304.71
285.54	35326.76
285.61	35349.04
285.68	35357.26
285.74	35377.50
285.81	35400.68
285.88	35413.88
285.94	35432.18
286.01	35462.84
286.08	35476.64
286.14	35486.98
286.21	35494.00
286.28	35502.44
286.34	35476.59
286.41	35428.60
286.48	35340.90
286.55	35222.52
286.61	35091.97
286.68	34972.42
286.75	34871.42
286.81	34804.28
286.88	34754.65
286.95	34704.42
287.01	34690.54
287.08	34689.74
287.15	34701.34
287.21	34710.40
287.28	34746.10
287.35	34756.08
287.41	34769.26
287.48	34772.00
287.55	34790.48
287.61	34794.17
287.68	34790.92
287.75	34788.74
287.81	34785.68
287.88	34784.12
287.95	34782.07
288.01	34776.76
288.08	34772.48
288.15	34755.26
288.21	34725.73
288.28	34694.99
288.35	34665.69
288.41	34618.97
288.48	34564.21
288.55	34488.47
288.61	34386.76
288.68	34290.45
288.75	34190.06
288.81	34108.44
288.88	34054.62
288.95	34057.69
289.01	34069.17
289.08	34110.14
289.15	34172.32
289.21	34245.38
289.28	34297.75
289.35	34348.18
289.41	34376.66
289.48	34399.13
289.55	34403.04
289.61	34379.02
289.68	34359.02
289.75	34329.12
289.81	34285.93
289.88	34236.84
289.95	34184.93
290.01	34119.14
290.08	34069.68
290.15	34013.51
290.21	33981.52
290.28	33960.88
290.35	33944.58
290.41	33917.03
290.48	33882.70
290.55	33811.15
290.61	33740.08
290.68	33681.51
290.74	33646.93
290.81	33647.86
290.88	33674.34
290.94	33724.96
291.01	33777.92
291.08	33835.14
291.14	33885.87
291.21	33932.94
291.28	33978.80
291.34	34016.55
291.41	34026.08
291.48	34021.24
291.54	34021.22
291.61	33993.38
291.68	33949.86
291.74	33891.21
291.81	33825.68
291.87	33778.82
291.94	33714.58
292.01	33648.42
292.07	33597.90
292.14	33532.57
292.21	33432.53
292.27	33365.98
292.34	33315.04
292.41	33277.12
292.47	33261.02
292.54	33267.26
292.60	33279.33
292.67	33309.41
292.74	33348.02
292.80	33399.39
292.87	33450.76
292.94	33503.78
293.00	33553.98
293.07	33597.27
293.13	33641.63
293.20	33687.46
293.27	33729.20
293.33	33742.51
293.40	33751.14
293.47	33732.97
293.53	33701.88
293.60	33640.56
293.66	33554.76
293.73	33441.54
293.80	33327.66
293.86	33214.06
293.93	33120.63
294.00	33061.16
294.06	33029.19
294.13	33009.69
294.19	32995.28
294.26	32982.75
294.33	32970.17
294.39	32943.14
294.46	32942.16
294.52	32938.83
294.59	32955.57
294.66	32994.66
294.72	33052.11
294.79	33104.22
294.86	33163.46
294.92	33221.32
294.99	33284.39
295.05	33353.94
295.12	33410.80
295.19	33470.34
295.25	33512.03
295.32	33528.06
295.38	33533.34
295.45	33535.04
295.52	33511.27
295.58	33455.90
295.65	33390.92
295.71	33301.78
295.78	33173.51
295.85	33042.52
295.91	32925.12
295.98	32804.22
296.04	32685.73
296.11	32608.00
296.18	32561.24
296.24	32547.40
296.31	32567.54
296.37	32623.64
296.44	32701.31
296.51	32787.68
296.57	32877.88
296.64	32968.49
296.70	33045.68
296.77	33104.46
296.84	33145.88
296.90	33183.62
296.97	33212.76
297.03	33251.03
297.10	33290.66
297.17	33339.89
297.23	33381.48
297.30	33414.58
297.36	33426.83
297.43	33428.96
297.50	33413.91
297.56	33378.30
297.63	33312.30
297.69	33214.22
297.76	33080.93
297.82	32922.30
297.89	32753.68
297.96	32606.14
298.02	32505.98
298.09	32432.74
298.15	32396.67
298.22	32399.20
298.29	32412.52
298.35	32424.08
298.42	32466.60
298.48	32515.05
298.55	32578.84
298.61	32657.42
298.68	32749.93
298.75	32827.16
298.81	32903.28
298.88	32968.61
298.94	33020.68
299.01	33061.64
299.08	33098.32
299.14	33140.02
299.21	33168.50
299.27	33191.09
299.34	33200.52
299.40	33210.66
299.47	33204.05
299.54	33187.60
299.60	33165.36
299.67	33123.48
299.73	33051.34
299.80	32916.02
299.86	32723.11
299.93	32511.48
299.99	32321.50
300.06	32152.60
300.13	32051.09
300.19	32012.66
300.26	32025.58
300.32	32068.63
300.39	32129.47
300.45	32218.61
300.52	32330.76
300.59	32436.49
300.65	32526.84
300.72	32621.60
300.78	32686.22
300.85	32746.67
300.91	32786.34
300.98	32821.78
301.04	32847.54
301.11	32878.15
301.18	32895.43
301.24	32913.69
301.31	32928.00
301.37	32929.64
301.44	32927.66
301.50	32912.44
301.57	32885.82
301.63	32849.86
301.70	32790.54
301.77	32690.50
301.83	32559.68
301.90	32408.78
301.96	32242.19
302.03	32070.06
302.09	31944.83
302.16	31848.76
302.22	31793.60
302.29	31756.11
302.36	31771.87
302.42	31793.80
302.49	31834.16
302.55	31889.70
302.62	31957.88
302.68	32022.06
302.75	32088.53
302.81	32145.22
302.88	32189.72
302.94	32228.66
303.01	32263.16
303.07	32279.38
303.14	32309.08
303.21	32320.32
303.27	32322.32
303.34	32329.51
303.40	32324.33
303.47	32299.28
303.53	32280.06
303.60	32268.19
303.66	32230.34
303.73	32198.92
303.79	32161.17
303.86	32092.42
303.92	31997.68
303.99	31884.35
304.05	31721.02
304.12	31547.39
304.19	31410.50
304.25	31280.12
304.32	31179.62
304.38	31147.48
304.45	31144.48
304.51	31141.93
304.58	31175.52
304.64	31216.87
304.71	31258.93
304.77	31291.08
304.84	31324.57
304.90	31354.41
304.97	31373.51
305.03	31375.20
305.10	31389.66
305.16	31399.64
305.23	31397.64
305.29	31397.34
305.36	31390.12
305.42	31381.84
305.49	31367.38
305.56	31348.01
305.62	31317.27
305.69	31280.62
305.75	31230.28
305.82	31148.21
305.88	31030.69
305.95	30887.38
306.01	30730.00
306.08	30565.70
306.14	30421.39
306.21	30295.84
306.27	30191.30
306.34	30108.34
306.40	30036.25
306.47	29987.88
306.53	29975.88
306.60	29992.70
306.66	30023.90
306.73	30057.30
306.79	30082.83
306.86	30095.99
306.92	30098.12
306.99	30111.52
307.05	30123.46
307.12	30132.91
307.18	30139.30
307.25	30137.56
307.31	30110.95
307.38	30083.82
307.44	30061.34
307.51	30027.36
307.57	29984.49
307.64	29950.62
307.70	29925.46
307.77	29878.29
307.83	29839.48
307.90	29806.80
307.96	29767.19
308.03	29700.70
308.09	29642.46
308.16	29572.58
308.22	29491.76
308.29	29401.00
308.35	29313.48
308.42	29231.37
308.48	29127.34
308.55	29024.24
308.61	28938.23
308.68	28857.70
308.74	28787.58
308.81	28759.22
308.87	28746.87
308.94	28746.68
309.00	28753.31
309.07	28749.42
309.13	28746.05
309.20	28745.42
309.26	28718.42
309.33	28691.37
309.39	28661.21
309.45	28626.78
309.52	28579.82
309.58	28548.01
309.65	28500.81
309.71	28452.56
309.78	28407.33
309.84	28357.40
309.91	28301.12
309.97	28248.78
310.04	28207.30
310.10	28143.34
310.17	28096.68
310.23	28043.23
310.30	27996.67
310.36	27938.24
310.43	27874.59
310.49	27790.59
310.56	27723.12
310.62	27631.17
310.69	27547.04
310.75	27479.21
310.81	27427.16
310.88	27374.21
310.94	27343.09
311.01	27311.57
311.07	27280.09
311.14	27247.64
311.20	27213.24
311.27	27183.76
311.33	27161.21
311.40	27135.88
311.46	27113.48
311.53	27086.38
311.59	27062.53
311.66	27036.04
311.72	27003.68
311.78	26966.23
311.85	26929.93
311.91	26891.92
311.98	26845.18
312.04	26805.61
312.11	26773.56
312.17	26733.86
312.24	26694.96
312.30	26648.34
312.37	26586.21
312.43	26517.90
312.50	26463.34
312.56	26398.95
312.62	26339.93
312.69	26289.41
312.75	26229.94
312.82	26151.00
312.88	26074.35
312.95	26008.03
313.01	25936.67
313.08	25875.78
313.14	25829.22
313.20	25785.37
313.27	25733.06
313.33	25696.22
313.40	25662.18
313.46	25620.84
313.53	25587.18
313.59	25559.96
313.66	25535.21
313.72	25500.50
313.78	25471.71
313.85	25440.62
313.91	25404.50
313.98	25363.48
314.04	25329.04
314.11	25290.29
314.17	25244.18
314.24	25197.32
314.30	25151.09
314.36	25100.12
314.43	25059.98
314.49	25009.94
314.56	24963.12
314.62	24903.73
314.69	24857.44
314.75	24796.58
314.81	24743.30
314.88	24694.93
314.94	24662.14
315.01	24614.70
315.07	24573.32
315.14	24535.93
315.20	24492.90
315.27	24445.00
315.33	24408.39
315.39	24358.20
315.46	24315.25
315.52	24260.98
315.59	24213.52
315.65	24150.51
315.72	24104.97
315.78	24064.07
315.84	24034.43
315.91	24008.14
315.97	23992.59
316.04	23991.65
316.10	23974.44
316.16	23945.26
316.23	23883.54
316.29	23794.84
316.36	23654.34
316.42	23489.39
316.49	23302.57
316.55	23104.00
316.61	22914.25
316.68	22719.24
316.74	22519.48
316.81	22319.44
316.87	22125.49
316.93	21912.26
317.00	21703.95
317.06	21504.00
317.13	21299.52
317.19	21089.46
317.26	20888.96
317.32	20687.60
317.38	20483.92
317.45	20287.20
317.51	20102.16
317.58	19904.20
317.64	19703.57
317.70	19503.86
317.77	19309.51
317.83	19103.84
317.90	18908.05
317.96	18711.78
318.02	18519.40
318.09	18329.50
318.15	18132.77
318.22	17934.30
318.28	17745.00
318.34	17541.61
318.41	17328.25
318.47	17126.02
318.54	16936.62
318.60	16740.14
318.66	16557.68
318.73	16373.97
318.79	16189.80
318.86	16000.70
318.92	15822.21
318.98	15645.46
319.05	15467.13
319.11	15291.83
319.18	15112.35
319.24	14931.53
319.30	14742.61
319.37	14577.94
319.43	14408.82
319.50	14228.90
319.56	14052.24
319.62	13880.71
319.69	13695.72
319.75	13520.84
319.82	13361.31
319.88	13193.08
319.94	13024.55
320.01	12862.42
320.07	12683.86
320.13	12513.13
320.20	12344.80
320.26	12177.47
320.33	12007.08
320.39	11846.00
320.45	11675.74
320.52	11515.61
320.58	11352.89
320.65	11188.80
320.71	11022.95
320.77	10867.64
320.84	10702.14
320.90	10545.96
320.96	10382.06
321.03	10213.92
321.09	10041.94
321.16	9871.97
321.22	9692.84
321.28	9530.68
321.35	9378.78
321.41	9216.36
321.47	9059.58
321.54	8907.38
321.60	8743.03
321.67	8580.12
321.73	8429.74
321.79	8269.28
321.86	8114.26
321.92	7955.06
321.98	7787.61
322.05	7610.62
322.11	7434.58
322.18	7256.39
322.24	7084.90
322.30	6919.37
322.37	6765.06
322.43	6609.44
322.49	6457.36
322.56	6295.37
322.62	6140.66
322.68	5970.50
322.75	5821.14
322.81	5654.88
322.88	5496.00
322.94	5334.52
323.00	5177.94
323.07	5013.42
323.13	4862.61
323.19	4712.86
323.26	4565.66
323.32	4421.59
323.38	4276.41
323.45	4070.93
323.51	3486.64
323.57	2678.20
323.64	1833.56
323.70	1016.99
323.76	289.26
323.83	-25.92
323.89	-90.23
323.96	-90.33
