180.25	3514.37
180.33	-132.49
180.40	656.17
180.48	-32.13
180.56	10.83
180.63	45.91
180.71	86.49
180.78	84.69
180.86	85.91
180.93	89.81
181.01	91.91
181.08	90.90
181.16	90.19
181.23	90.59
181.31	90.11
181.39	114.04
181.46	123.55
181.54	133.59
181.61	149.65
181.69	158.69
181.76	151.38
181.84	144.09
181.91	145.98
181.99	147.73
182.06	148.25
182.14	153.49
182.22	158.94
182.29	168.49
182.37	171.23
182.44	182.35
182.52	177.89
182.59	194.50
182.67	202.06
182.74	207.54
182.82	211.89
182.89	224.06
182.97	224.40
183.04	234.13
183.12	243.87
183.20	264.09
183.27	274.19
183.35	302.82
183.42	324.09
183.50	362.85
183.57	386.27
183.65	430.73
183.72	471.23
183.80	524.79
183.87	567.62
183.95	611.44
184.02	659.02
184.10	690.93
184.17	708.64
184.25	710.47
184.32	702.19
184.40	673.37
184.47	625.08
184.55	582.52
184.62	577.31
184.70	604.21
184.78	650.49
184.85	753.38
184.93	874.08
185.00	988.71
185.08	1105.06
185.15	1221.39
185.23	1339.41
185.30	1451.37
185.38	1557.35
185.45	1656.95
185.53	1767.39
185.60	1858.29
185.68	1964.89
185.75	2043.51
185.83	2102.12
185.90	2127.32
185.98	2095.38
186.05	2007.18
186.13	1898.27
186.20	1760.18
186.28	1647.09
186.35	1618.66
186.43	1670.46
186.50	1807.93
186.58	2014.41
186.65	2228.73
186.73	2436.83
186.80	2610.33
186.88	2748.46
186.95	2868.13
187.03	2963.30
187.10	3026.87
187.18	3109.33
187.25	3181.74
187.33	3259.26
187.40	3376.62
187.48	3511.25
187.55	3664.71
187.63	3822.75
187.70	3938.07
187.78	4003.62
187.85	4030.61
187.93	3950.56
188.00	3796.49
188.08	3616.15
188.15	3454.74
188.23	3370.98
188.30	3403.51
188.38	3553.86
188.45	3788.50
188.53	4043.93
188.60	4276.42
188.68	4483.13
188.75	4682.57
188.83	4911.41
188.90	5132.85
188.98	5365.21
189.05	5610.60
189.13	5835.19
189.20	6037.39
189.28	6253.04
189.35	6445.05
189.43	6623.13
189.50	6774.42
189.58	6836.15
189.65	6795.67
189.73	6681.64
189.80	6481.97
189.87	6216.07
189.95	5917.62
190.02	5565.00
190.10	5177.83
190.17	4850.50
190.25	4646.89
190.32	4588.91
190.40	4688.45
190.47	4919.98
190.55	5183.62
190.62	5432.86
190.70	5647.03
190.77	5870.69
190.85	6109.91
190.92	6358.41
191.00	6606.63
191.07	6828.43
191.15	6983.91
191.22	7096.87
191.29	7182.39
191.37	7245.58
191.44	7348.10
191.52	7497.92
191.59	7645.92
191.67	7749.16
191.74	7793.01
191.82	7783.97
191.89	7766.87
191.97	7773.35
192.04	7811.49
192.12	7852.68
192.19	7837.03
192.27	7732.47
192.34	7580.89
192.41	7469.21
192.49	7439.37
192.56	7525.87
192.64	7702.86
192.71	7914.36
192.79	8056.71
192.86	8111.20
192.94	8037.59
193.01	7925.23
193.09	7852.64
193.16	7898.30
193.23	8071.11
193.31	8368.63
193.38	8745.95
193.46	9093.47
193.53	9379.56
193.61	9612.89
193.68	9800.81
193.76	9911.95
193.83	9971.66
193.91	9982.23
193.98	9948.34
194.05	9875.31
194.13	9756.19
194.20	9590.53
194.28	9402.87
194.35	9214.29
194.43	9014.05
194.50	8777.85
194.58	8538.41
194.65	8357.01
194.72	8303.13
194.80	8424.21
194.87	8734.77
194.95	9179.41
195.02	9637.11
195.10	10007.06
195.17	10293.90
195.25	10506.86
195.32	10671.33
195.39	10809.11
195.47	10925.42
195.54	10985.01
195.62	10945.23
195.69	10748.43
195.77	10360.86
195.84	9833.61
195.91	9274.65
195.99	8869.55
196.06	8716.47
196.14	8847.05
196.21	9209.10
196.29	9713.81
196.36	10232.15
196.43	10693.96
196.51	11087.13
196.58	11399.09
196.66	11628.23
196.73	11808.27
196.81	11925.65
196.88	11996.27
196.95	12017.25
197.03	11932.59
197.10	11672.25
197.18	11268.25
197.25	10779.15
197.33	10285.19
197.40	9853.75
197.47	9559.93
197.55	9467.92
197.62	9534.37
197.70	9751.01
197.77	10115.43
197.84	10569.31
197.92	11049.58
197.99	11545.79
198.07	12012.12
198.14	12392.23
198.22	12726.20
198.29	12980.83
198.36	13158.44
198.44	13269.33
198.51	13285.07
198.59	13107.79
198.66	12753.19
198.73	12234.16
198.81	11590.35
198.88	10880.71
198.96	10265.19
199.03	9907.97
199.10	9876.37
199.18	10110.30
199.25	10600.79
199.33	11261.58
199.40	11915.35
199.48	12432.04
199.55	12842.57
199.62	13173.51
199.70	13481.91
199.77	13788.61
199.85	14096.14
199.92	14342.50
199.99	14491.77
200.07	14448.99
200.14	14138.24
200.22	13504.86
200.29	12611.30
200.36	11704.39
200.44	10980.49
200.51	10575.83
200.59	10568.20
200.66	10912.51
200.73	11412.36
200.81	11930.16
200.88	12418.53
200.95	12933.75
201.03	13453.55
201.10	13958.67
201.18	14419.74
201.25	14820.28
201.32	15107.19
201.40	15322.22
201.47	15446.95
201.55	15442.93
201.62	15236.09
201.69	14766.67
201.77	14150.05
201.84	13491.26
201.92	12789.84
201.99	12122.78
202.06	11699.46
202.14	11556.44
202.21	11664.48
202.28	12059.61
202.36	12719.71
202.43	13479.23
202.51	14176.11
202.58	14742.82
202.65	15196.34
202.73	15605.25
202.80	16001.41
202.87	16389.12
202.95	16766.46
203.02	17060.56
203.10	17184.95
203.17	17128.63
203.24	16792.57
203.32	16047.13
203.39	14921.28
203.46	13730.45
203.54	12741.08
203.61	12146.53
203.69	12068.17
203.76	12531.09
203.83	13257.78
203.91	13989.01
203.98	14667.55
204.05	15286.92
204.13	15847.51
204.20	16350.45
204.28	16771.61
204.35	17059.81
204.42	17239.55
204.50	17344.78
204.57	17422.92
204.64	17483.09
204.72	17452.51
204.79	17170.63
204.86	16576.59
204.94	15784.67
205.01	14930.58
205.09	14101.33
205.16	13496.90
205.23	13289.39
205.31	13441.53
205.38	13861.59
205.45	14550.69
205.53	15432.99
205.60	16365.37
205.67	17218.19
205.75	17916.12
205.82	18464.01
205.89	18894.85
205.97	19267.31
206.04	19606.89
206.12	19961.98
206.19	20292.49
206.26	20514.15
206.34	20548.69
206.41	20303.20
206.48	19662.17
206.56	18544.98
206.63	17159.20
206.70	15788.50
206.78	14747.53
206.85	14255.69
206.92	14447.45
207.00	15169.37
207.07	16140.34
207.14	17126.92
207.22	18026.71
207.29	18822.64
207.36	19531.65
207.44	20178.95
207.51	20762.77
207.58	21290.38
207.66	21748.00
207.73	22136.70
207.80	22422.33
207.88	22542.43
207.95	22467.78
208.02	22159.55
208.10	21453.99
208.17	20326.91
208.25	19043.94
208.32	17857.67
208.39	16923.20
208.47	16474.52
208.54	16560.44
208.61	17018.76
208.69	17626.99
208.76	18308.33
208.83	19038.29
208.90	19817.43
208.98	20594.07
209.05	21337.18
209.12	22016.28
209.20	22606.05
209.27	23104.18
209.34	23531.40
209.42	23900.41
209.49	24200.10
209.56	24363.44
209.64	24392.97
209.71	24144.71
209.78	23504.55
209.86	22517.45
209.93	21399.93
210.00	20190.52
210.08	19111.87
210.15	18474.49
210.22	18354.07
210.30	18629.97
210.37	19258.61
210.44	20127.68
210.52	21041.89
210.59	21891.39
210.66	22622.67
210.74	23259.22
210.81	23803.06
210.88	24324.17
210.96	24795.25
211.03	25266.71
211.10	25702.23
211.17	26105.39
211.25	26352.41
211.32	26421.74
211.39	26229.83
211.47	25712.93
211.54	24723.95
211.61	23401.08
211.69	22126.99
211.76	21180.66
211.83	20707.63
211.91	20869.89
211.98	21521.87
212.05	22350.71
212.12	23104.74
212.20	23747.15
212.27	24264.79
212.34	24705.92
212.42	25087.16
212.49	25455.80
212.56	25830.02
212.64	26242.68
212.71	26686.68
212.78	27128.39
212.85	27518.09
212.93	27772.09
213.00	27882.96
213.07	27815.53
213.15	27416.59
213.22	26705.31
213.29	25886.33
213.37	25041.75
213.44	24276.16
213.51	23836.94
213.58	23800.48
213.66	24039.66
213.73	24475.53
213.80	25045.26
213.88	25616.99
213.95	26052.16
214.02	26352.51
214.09	26574.40
214.17	26762.73
214.24	26964.48
214.31	27223.84
214.39	27500.15
214.46	27730.19
214.53	27847.31
214.60	27876.66
214.68	27907.47
214.75	27986.23
214.82	28063.03
214.90	28055.05
214.97	27767.97
215.04	27096.93
215.11	26244.87
215.19	25484.28
215.26	25079.05
215.33	25189.13
215.41	25837.08
215.48	26741.29
215.55	27629.00
215.62	28324.98
215.70	28866.19
215.77	29298.86
215.84	29685.39
215.91	30044.00
215.99	30415.73
216.06	30768.79
216.13	31050.25
216.21	31225.77
216.28	31355.41
216.35	31459.68
216.42	31529.55
216.50	31542.85
216.57	31511.80
216.64	31299.27
216.71	30800.02
216.79	30096.75
216.86	29408.51
216.93	28851.13
217.01	28566.98
217.08	28655.85
217.15	29068.51
217.22	29626.18
217.30	30211.51
217.37	30784.09
217.44	31311.71
217.51	31748.83
217.59	32103.85
217.66	32387.60
217.73	32620.09
217.80	32806.77
217.88	32961.58
217.95	33088.77
218.02	33211.35
218.09	33326.73
218.17	33466.20
218.24	33606.19
218.31	33709.77
218.38	33732.95
218.46	33580.66
218.53	33146.95
218.60	32510.21
218.67	31839.25
218.75	31279.85
218.82	30979.52
218.89	31060.01
218.96	31453.75
219.04	32001.49
219.11	32577.31
219.18	33079.70
219.25	33490.29
219.33	33825.32
219.40	34125.71
219.47	34402.02
219.54	34665.12
219.62	34892.05
219.69	35114.15
219.76	35323.28
219.83	35510.19
219.91	35686.14
219.98	35859.65
220.05	35985.58
220.12	36024.59
220.20	35956.25
220.27	35770.93
220.34	35389.19
220.41	34859.34
220.49	34339.52
220.56	33963.07
220.63	33780.14
220.70	33875.73
220.78	34200.13
220.85	34589.85
220.92	34944.91
220.99	35243.18
221.06	35496.78
221.14	35722.65
221.21	35962.81
221.28	36212.09
221.35	36454.46
221.43	36688.55
221.50	36908.76
221.57	37104.53
221.64	37294.34
221.72	37476.09
221.79	37618.59
221.86	37711.65
221.93	37761.96
222.00	37755.69
222.08	37685.91
222.15	37514.23
222.22	37298.10
222.29	37087.70
222.37	36924.13
222.44	36821.77
222.51	36841.30
222.58	36937.46
222.65	37059.27
222.73	37184.29
222.80	37327.05
222.87	37483.82
222.94	37650.45
223.02	37846.77
223.09	38031.55
223.16	38217.83
223.23	38408.56
223.30	38619.41
223.38	38826.21
223.45	39031.98
223.52	39216.30
223.59	39367.45
223.66	39455.77
223.74	39480.70
223.81	39465.65
223.88	39426.18
223.95	39376.15
224.03	39315.94
224.10	39254.74
224.17	39205.59
224.24	39174.87
224.31	39170.47
224.39	39217.61
224.46	39310.77
224.53	39422.52
224.60	39542.01
224.67	39660.03
224.75	39785.47
224.82	39919.43
224.89	40072.38
224.96	40248.17
225.03	40407.29
225.11	40558.82
225.18	40701.24
225.25	40811.45
225.32	40873.73
225.39	40923.38
225.47	40943.19
225.54	40901.31
225.61	40780.71
225.68	40601.97
225.75	40400.42
225.83	40193.10
225.90	40010.76
225.97	39886.35
226.04	39837.60
226.11	39901.23
226.19	40075.79
226.26	40354.69
226.33	40692.86
226.40	41022.15
226.47	41278.31
226.54	41451.88
226.62	41546.23
226.69	41629.63
226.76	41772.54
226.83	41974.32
226.90	42190.06
226.98	42407.49
227.05	42608.13
227.12	42767.10
227.19	42846.41
227.26	42913.12
227.34	42979.79
227.41	43043.63
227.48	43065.62
227.55	43066.59
227.62	43042.81
227.69	43042.13
227.77	43051.54
227.84	43106.00
227.91	43216.41
227.98	43353.29
228.05	43461.68
228.12	43560.67
228.20	43661.57
228.27	43756.05
228.34	43852.11
228.41	43978.05
228.48	44100.81
228.56	44218.69
228.63	44321.27
228.70	44411.39
228.77	44482.42
228.84	44568.03
228.91	44656.26
228.99	44769.81
229.06	44893.73
229.13	45014.31
229.20	45119.72
229.27	45208.47
229.34	45268.11
229.42	45309.89
229.49	45345.11
229.56	45367.76
229.63	45386.07
229.70	45406.02
229.77	45437.57
229.85	45483.65
229.92	45541.45
229.99	45614.73
230.06	45698.69
230.13	45795.22
230.20	45890.38
230.27	46007.88
230.35	46117.43
230.42	46225.07
230.49	46333.48
230.56	46433.83
230.63	46531.53
230.70	46605.51
230.78	46674.67
230.85	46727.37
230.92	46792.11
230.99	46857.29
231.06	46965.61
231.13	47089.42
231.20	47213.51
231.28	47321.08
231.35	47420.87
231.42	47497.35
231.49	47574.32
231.56	47653.61
231.63	47732.56
231.71	47788.98
231.78	47842.67
231.85	47883.00
231.92	47927.61
231.99	47995.60
232.06	48069.43
232.13	48166.05
232.21	48272.91
232.28	48363.43
232.35	48426.74
232.42	48509.65
232.49	48581.08
232.56	48660.16
232.63	48744.06
232.71	48839.63
232.78	48925.31
232.85	49010.69
232.92	49085.63
232.99	49171.57
233.06	49255.52
233.13	49333.10
233.20	49396.78
233.28	49447.24
233.35	49492.22
233.42	49542.26
233.49	49614.19
233.56	49697.21
233.63	49788.15
233.70	49881.63
233.78	49974.74
233.85	50074.53
233.92	50154.76
233.99	50243.18
234.06	50331.86
234.13	50418.54
234.20	50486.76
234.27	50571.33
234.35	50623.87
234.42	50669.02
234.49	50720.63
234.56	50752.16
234.63	50787.58
234.70	50832.29
234.77	50877.77
234.84	50909.86
234.92	50967.84
234.99	51029.23
235.06	51102.69
235.13	51180.65
235.20	51277.76
235.27	51351.88
235.34	51428.87
235.41	51506.79
235.48	51594.59
235.56	51663.51
235.63	51736.42
235.70	51785.33
235.77	51833.61
235.84	51853.99
235.91	51871.97
235.98	51898.93
236.05	51929.81
236.12	51967.10
236.20	52010.22
236.27	52052.18
236.34	52093.65
236.41	52136.88
236.48	52172.21
236.55	52203.89
236.62	52258.97
236.69	52311.28
236.76	52380.98
236.84	52449.37
236.91	52528.20
236.98	52583.53
237.05	52636.10
237.12	52665.27
237.19	52698.57
237.26	52735.55
237.33	52773.83
237.40	52803.97
237.47	52841.51
237.55	52885.72
237.62	52941.72
237.69	53005.39
237.76	53081.48
237.83	53156.73
237.90	53222.21
237.97	53268.38
238.04	53309.66
238.11	53346.53
238.18	53387.07
238.26	53418.05
238.33	53442.99
238.40	53470.35
238.47	53500.85
238.54	53522.50
238.61	53539.24
238.68	53562.52
238.75	53579.34
238.82	53607.17
238.89	53647.96
238.96	53699.99
239.04	53744.23
239.11	53805.62
239.18	53849.06
239.25	53877.31
239.32	53897.96
239.39	53920.57
239.46	53911.71
239.53	53898.35
239.60	53884.96
239.67	53887.69
239.74	53895.21
239.81	53914.53
239.89	53939.99
239.96	53974.63
240.03	53998.51
240.10	54026.50
240.17	54045.55
240.24	54064.74
240.31	54093.21
240.38	54130.54
240.45	54178.27
240.52	54245.34
240.59	54316.91
240.66	54364.41
240.73	54404.71
240.80	54425.78
240.88	54438.55
240.95	54448.68
241.02	54473.20
241.09	54493.91
241.16	54511.21
241.23	54534.23
241.30	54527.70
241.37	54492.99
241.44	54468.84
241.51	54466.87
241.58	54465.11
241.65	54496.07
241.72	54550.31
241.79	54585.19
241.86	54580.99
241.94	54576.01
242.01	54553.24
242.08	54524.90
242.15	54522.76
242.22	54540.94
242.29	54551.89
242.36	54569.43
242.43	54573.05
242.50	54554.66
242.57	54542.72
242.64	54531.43
242.71	54518.85
242.78	54530.77
242.85	54541.00
242.92	54544.39
242.99	54556.65
243.06	54562.63
243.14	54569.96
243.21	54583.37
243.28	54598.12
243.35	54606.95
243.42	54637.03
243.49	54654.09
243.56	54667.22
243.63	54686.31
243.70	54694.47
243.77	54686.32
243.84	54667.35
243.91	54649.93
243.98	54621.50
244.05	54585.85
244.12	54563.29
244.19	54550.37
244.26	54531.68
244.33	54510.03
244.40	54498.19
244.47	54488.53
244.54	54474.48
244.62	54442.04
244.69	54415.51
244.76	54397.50
244.83	54381.61
244.90	54382.62
244.97	54404.15
245.04	54436.65
245.11	54448.66
245.18	54438.42
245.25	54436.27
245.32	54442.01
245.39	54438.77
245.46	54452.91
245.53	54460.49
245.60	54442.43
245.67	54431.49
245.74	54420.69
245.81	54396.55
245.88	54382.76
245.95	54377.96
246.02	54352.52
246.09	54309.93
246.16	54264.24
246.23	54218.90
246.30	54185.16
246.37	54173.99
246.44	54202.13
246.51	54231.39
246.58	54261.71
246.65	54283.15
246.72	54297.21
246.79	54285.56
246.87	54280.17
246.94	54279.24
247.01	54264.38
247.08	54225.05
247.15	54168.41
247.22	54101.80
247.29	54027.93
247.36	53974.34
247.43	53931.04
247.50	53915.21
247.57	53920.17
247.64	53935.79
247.71	53952.31
247.78	53975.95
247.85	53995.85
247.92	54013.70
247.99	54016.73
248.06	54000.10
248.13	53981.25
248.20	53958.22
248.27	53923.75
248.34	53893.67
248.41	53882.29
248.48	53878.78
248.55	53871.21
248.62	53874.22
248.69	53887.35
248.76	53877.93
248.83	53852.41
248.90	53816.56
248.97	53771.83
249.04	53722.17
249.11	53686.96
249.18	53659.66
249.25	53628.55
249.32	53587.81
249.39	53532.79
249.46	53470.83
249.53	53417.33
249.60	53366.11
249.67	53343.28
249.74	53330.31
249.81	53343.87
249.88	53352.12
249.95	53379.69
250.02	53403.73
250.09	53421.97
250.16	53414.59
250.23	53403.39
250.30	53393.48
250.37	53383.11
250.44	53378.87
250.51	53380.70
250.58	53378.04
250.65	53369.53
250.72	53330.93
250.79	53296.35
250.86	53254.43
250.93	53208.11
251.00	53157.15
251.07	53132.33
251.14	53106.33
251.21	53075.51
251.28	53052.25
251.35	53030.70
251.42	53005.98
251.49	52985.43
251.56	52969.61
251.63	52956.96
251.70	52942.91
251.77	52922.83
251.84	52884.39
251.91	52846.31
251.98	52792.25
252.05	52740.57
252.12	52695.57
252.18	52662.26
252.25	52642.90
252.32	52647.97
252.39	52650.21
252.46	52634.95
252.53	52618.80
252.60	52593.91
252.67	52561.09
252.74	52536.01
252.81	52512.16
252.88	52490.94
252.95	52457.28
253.02	52422.17
253.09	52391.29
253.16	52367.57
253.23	52342.55
253.30	52336.45
253.37	52316.40
253.44	52290.58
253.51	52257.31
253.58	52218.03
253.65	52185.63
253.72	52166.08
253.79	52147.79
253.86	52139.07
253.93	52130.37
254.00	52122.87
254.07	52106.09
254.14	52075.94
254.21	52046.37
254.28	52021.95
254.35	51986.81
254.41	51965.57
254.48	51942.11
254.55	51914.97
254.62	51892.14
254.69	51845.66
254.76	51801.75
254.83	51757.53
254.90	51734.16
254.97	51714.99
255.04	51712.37
255.11	51688.51
255.18	51646.06
255.25	51587.61
255.32	51528.76
255.39	51468.26
255.46	51420.84
255.53	51404.28
255.60	51386.48
255.67	51358.33
255.74	51339.79
255.81	51332.23
255.87	51328.20
255.94	51315.17
256.01	51314.24
256.08	51309.84
256.15	51293.59
256.22	51263.44
256.29	51242.02
256.36	51202.27
256.43	51182.27
256.50	51170.96
256.57	51163.32
256.64	51143.13
256.71	51134.75
256.78	51101.78
256.85	51067.07
256.92	51032.42
256.99	51009.89
257.05	50987.21
257.12	50962.91
257.19	50925.96
257.26	50866.83
257.33	50797.34
257.40	50732.99
257.47	50664.87
257.54	50626.97
257.61	50615.58
257.68	50616.30
257.75	50611.75
257.82	50628.49
257.89	50612.33
257.96	50595.41
258.03	50555.40
258.09	50505.41
258.16	50427.36
258.23	50350.12
258.30	50281.55
258.37	50230.54
258.44	50192.32
258.51	50169.13
258.58	50176.74
258.65	50183.75
258.72	50191.46
258.79	50175.79
258.86	50156.52
258.93	50124.13
258.99	50073.67
259.06	50012.61
259.13	49963.55
259.20	49926.52
259.27	49876.69
259.34	49843.35
259.41	49840.15
259.48	49841.63
259.55	49819.67
259.62	49809.97
259.69	49772.59
259.76	49711.77
259.82	49648.04
259.89	49605.91
259.96	49562.25
260.03	49532.59
260.10	49501.42
260.17	49455.91
260.24	49400.05
260.31	49350.80
260.38	49307.74
260.45	49282.69
260.52	49267.06
260.59	49244.19
260.65	49203.95
260.72	49174.02
260.79	49144.83
260.86	49113.69
260.93	49083.48
261.00	49041.82
261.07	48988.21
261.14	48898.47
261.21	48821.40
261.28	48745.31
261.34	48683.75
261.41	48620.05
261.48	48575.44
261.55	48534.57
261.62	48511.85
261.69	48484.01
261.76	48456.55
261.83	48431.57
261.90	48407.32
261.97	48355.55
262.03	48313.83
262.10	48271.09
262.17	48232.81
262.24	48206.15
262.31	48196.50
262.38	48185.02
262.45	48175.02
262.52	48159.49
262.59	48117.21
262.65	48077.33
262.72	48031.48
262.79	47996.61
262.86	47956.74
262.93	47926.03
263.00	47899.57
263.07	47857.95
263.14	47808.51
263.21	47780.32
263.27	47756.55
263.34	47727.11
263.41	47704.63
263.48	47676.25
263.55	47614.52
263.62	47532.51
263.69	47447.55
263.76	47377.59
263.82	47317.55
263.89	47277.16
263.96	47250.31
264.03	47225.29
264.10	47194.73
264.17	47136.23
264.24	47067.13
264.31	47003.49
264.38	46937.09
264.44	46857.47
264.51	46791.51
264.58	46742.88
264.65	46695.59
264.72	46636.46
264.79	46600.53
264.86	46583.39
264.92	46557.85
264.99	46529.50
265.06	46505.97
265.13	46462.18
265.20	46424.71
265.27	46384.35
265.34	46334.39
265.41	46309.33
265.47	46300.90
265.54	46283.51
265.61	46275.90
265.68	46276.83
265.75	46251.14
265.82	46201.73
265.89	46132.80
265.95	46054.70
266.02	45965.69
266.09	45890.72
266.16	45831.57
266.23	45786.12
266.30	45745.12
266.37	45700.71
266.44	45643.67
266.50	45598.39
266.57	45548.99
266.64	45494.23
266.71	45430.37
266.78	45366.05
266.85	45274.36
266.91	45200.18
266.98	45138.38
267.05	45096.15
267.12	45077.26
267.19	45083.23
267.26	45080.29
267.33	45073.13
267.39	45065.95
267.46	45036.73
267.53	44992.05
267.60	44943.54
267.67	44895.51
267.74	44850.81
267.81	44810.91
267.87	44783.49
267.94	44764.23
268.01	44734.07
268.08	44689.55
268.15	44637.63
268.22	44562.75
268.28	44472.97
268.35	44370.83
268.42	44272.90
268.49	44189.56
268.56	44125.13
268.63	44079.77
268.69	44061.35
268.76	44049.85
268.83	44049.15
268.90	44058.26
268.97	44066.55
269.04	44066.17
269.11	44047.83
269.17	44016.03
269.24	43965.35
269.31	43916.86
269.38	43873.12
269.45	43840.91
269.52	43815.92
269.58	43802.78
269.65	43754.59
269.72	43703.85
269.79	43670.89
269.86	43617.80
269.92	43558.14
269.99	43519.36
270.06	43467.02
270.13	43411.12
270.20	43363.87
270.27	43330.91
270.33	43301.57
270.40	43274.87
270.47	43244.99
270.54	43233.97
270.61	43216.62
270.68	43197.89
270.74	43190.17
270.81	43183.85
270.88	43149.74
270.95	43108.65
271.02	43048.23
271.08	42977.83
271.15	42900.83
271.22	42838.67
271.29	42787.26
271.36	42732.79
271.43	42688.75
271.49	42656.95
271.56	42628.53
271.63	42592.14
271.70	42581.71
271.77	42580.70
271.83	42550.80
271.90	42513.89
271.97	42472.91
272.04	42420.73
272.11	42360.09
272.17	42332.18
272.24	42294.80
272.31	42271.01
272.38	42252.52
272.45	42237.87
272.52	42203.87
272.58	42185.73
272.65	42174.45
272.72	42145.49
272.79	42111.75
272.86	42082.29
272.92	42047.13
272.99	41998.85
273.06	41960.96
273.13	41910.61
273.20	41850.82
273.26	41785.20
273.33	41719.11
273.40	41655.11
273.47	41624.33
273.54	41600.51
273.60	41592.69
273.67	41569.66
273.74	41582.00
273.81	41579.11
273.88	41596.23
273.94	41615.24
274.01	41659.76
274.08	41689.10
274.15	41694.67
274.21	41677.29
274.28	41639.23
274.35	41568.90
274.42	41474.16
274.49	41387.57
274.55	41315.91
274.62	41249.72
274.69	41200.55
274.76	41162.02
274.83	41134.81
274.89	41103.92
274.96	41067.72
275.03	41041.69
275.10	41012.69
275.17	40984.50
275.23	40939.13
275.30	40912.35
275.37	40887.40
275.44	40872.92
275.50	40850.42
275.57	40840.73
275.64	40811.94
275.71	40767.96
275.78	40723.77
275.84	40697.61
275.91	40676.49
275.98	40660.24
276.05	40646.09
276.11	40630.04
276.18	40598.33
276.25	40528.01
276.32	40450.87
276.39	40381.11
276.45	40295.60
276.52	40212.20
276.59	40161.89
276.66	40142.87
276.72	40136.51
276.79	40137.93
276.86	40133.45
276.93	40120.97
276.99	40082.23
277.06	40022.44
277.13	39967.12
277.20	39929.73
277.26	39906.88
277.33	39903.76
277.40	39914.17
277.47	39913.57
277.54	39895.97
277.60	39859.84
277.67	39796.89
277.74	39713.31
277.81	39628.89
277.87	39540.41
277.94	39463.82
278.01	39423.53
278.08	39388.72
278.14	39370.89
278.21	39370.75
278.28	39398.30
278.35	39417.44
278.41	39450.47
278.48	39478.78
278.55	39493.35
278.62	39481.51
278.68	39428.77
278.75	39347.62
278.82	39245.10
278.89	39142.35
278.95	39039.50
279.02	38972.22
279.09	38952.93
279.16	38964.27
279.22	38997.55
279.29	39032.21
279.36	39064.81
279.43	39051.13
279.49	38990.31
279.56	38886.13
279.63	38746.91
279.70	38596.17
279.76	38480.84
279.83	38394.59
279.90	38360.79
279.97	38362.22
280.03	38369.51
280.10	38360.93
280.17	38373.95
280.24	38365.67
280.30	38358.87
280.37	38353.99
280.44	38347.73
280.51	38328.97
280.57	38307.54
280.64	38278.16
280.71	38256.13
280.77	38233.67
280.84	38173.52
280.91	38109.16
280.98	38032.88
281.04	37939.85
281.11	37832.66
281.18	37748.89
281.25	37653.35
281.31	37561.41
281.38	37455.71
281.45	37364.75
281.52	37279.29
281.58	37199.77
281.65	37132.57
281.72	37084.81
281.78	37055.55
281.85	37034.80
281.92	37023.85
281.99	37026.90
282.05	37044.49
282.12	37044.74
282.19	37053.22
282.26	37077.52
282.32	37085.65
282.39	37090.93
282.46	37084.86
282.52	37080.87
282.59	37065.68
282.66	37061.23
282.73	37050.59
282.79	37050.25
282.86	37009.86
282.93	36938.47
282.99	36830.13
283.06	36701.85
283.13	36548.40
283.20	36419.21
283.26	36303.31
283.33	36216.65
283.40	36152.19
283.46	36124.45
283.53	36104.39
283.60	36102.49
283.67	36104.54
283.73	36120.05
283.80	36125.28
283.87	36143.03
283.93	36177.79
284.00	36197.11
284.07	36199.53
284.13	36199.74
284.20	36178.17
284.27	36126.15
284.34	36085.66
284.40	36050.74
284.47	36025.62
284.54	36002.88
284.60	35978.17
284.67	35945.60
284.74	35899.13
284.81	35849.58
284.87	35789.21
284.94	35716.23
285.01	35624.93
285.07	35529.13
285.14	35426.09
285.21	35336.52
285.27	35278.63
285.34	35261.66
285.41	35263.37
285.47	35273.31
285.54	35303.53
285.61	35322.85
285.68	35342.26
285.74	35357.21
285.81	35378.49
285.88	35389.80
285.94	35416.44
286.01	35433.83
286.08	35457.84
286.14	35480.63
286.21	35494.22
286.28	35503.01
286.34	35483.37
286.41	35426.55
286.48	35329.85
286.55	35210.10
286.61	35078.95
286.68	34957.97
286.75	34850.71
286.81	34773.07
286.88	34719.29
286.95	34667.33
287.01	34656.24
287.08	34660.53
287.15	34670.64
287.21	34689.12
287.28	34719.49
287.35	34724.68
287.41	34734.21
287.48	34743.69
287.55	34750.47
287.61	34754.30
287.68	34754.19
287.75	34750.69
287.81	34749.67
287.88	34743.65
287.95	34744.64
288.01	34737.12
288.08	34735.96
288.15	34717.68
288.21	34701.95
288.28	34665.99
288.35	34644.91
288.41	34599.99
288.48	34548.15
288.55	34470.59
288.61	34379.22
288.68	34271.42
288.75	34174.79
288.81	34104.45
288.88	34059.59
288.95	34050.66
289.01	34062.31
289.08	34101.45
289.15	34155.54
289.21	34221.13
289.28	34279.65
289.35	34333.25
289.41	34362.51
289.48	34370.09
289.55	34358.71
289.61	34340.43
289.68	34319.87
289.75	34292.45
289.81	34260.05
289.88	34222.38
289.95	34167.75
290.01	34107.79
290.08	34055.92
290.15	34008.37
290.21	33969.75
290.28	33949.67
290.35	33930.58
290.41	33904.87
290.48	33859.45
290.55	33787.59
290.61	33705.93
290.68	33642.99
290.74	33607.83
290.81	33607.61
290.88	33644.81
290.94	33699.56
291.01	33748.09
291.08	33794.44
291.14	33847.07
291.21	33890.38
291.28	33924.09
291.34	33963.89
291.41	33984.72
291.48	33987.33
291.54	33981.89
291.61	33966.55
291.68	33925.09
291.74	33864.51
291.81	33802.35
291.87	33758.78
291.94	33689.32
292.01	33624.23
292.07	33565.71
292.14	33497.86
292.21	33406.77
292.27	33345.61
292.34	33287.69
292.41	33253.01
292.47	33228.50
292.54	33228.81
292.60	33239.99
292.67	33281.40
292.74	33319.07
292.80	33376.87
292.87	33431.15
292.94	33492.76
293.00	33539.71
293.07	33591.53
293.13	33631.31
293.20	33667.59
293.27	33700.78
293.33	33717.46
293.40	33726.95
293.47	33714.60
293.53	33681.49
293.60	33622.71
293.66	33535.65
293.73	33422.21
293.80	33301.26
293.86	33190.15
293.93	33089.35
294.00	33027.86
294.06	32997.69
294.13	32985.07
294.19	32975.86
294.26	32965.06
294.33	32953.34
294.39	32922.60
294.46	32904.63
294.52	32904.94
294.59	32925.28
294.66	32961.67
294.72	33019.66
294.79	33084.91
294.86	33149.98
294.92	33216.75
294.99	33284.98
295.05	33357.55
295.12	33417.59
295.19	33458.69
295.25	33492.98
295.32	33509.77
295.38	33510.49
295.45	33503.71
295.52	33489.39
295.58	33430.36
295.65	33357.45
295.71	33267.76
295.78	33144.28
295.85	33004.84
295.91	32890.57
295.98	32767.59
296.04	32642.91
296.11	32566.17
296.18	32524.73
296.24	32510.08
296.31	32526.31
296.37	32587.13
296.44	32671.84
296.51	32761.35
296.57	32859.07
296.64	32955.91
296.70	33047.69
296.77	33099.14
296.84	33139.15
296.90	33172.53
296.97	33205.59
297.03	33230.81
297.10	33267.97
297.17	33312.18
297.23	33352.69
297.30	33388.97
297.36	33393.99
297.43	33393.65
297.50	33382.09
297.56	33345.58
297.63	33278.35
297.69	33182.44
297.76	33047.54
297.82	32888.31
297.89	32719.35
297.96	32568.15
298.02	32470.59
298.09	32406.61
298.15	32373.87
298.22	32378.19
298.29	32389.36
298.35	32409.65
298.42	32449.92
298.48	32495.17
298.55	32553.05
298.61	32626.77
298.68	32714.75
298.75	32788.31
298.81	32867.00
298.88	32937.04
298.94	32996.12
299.01	33040.23
299.08	33085.27
299.14	33128.44
299.21	33152.47
299.27	33185.67
299.34	33192.89
299.40	33200.31
299.47	33189.31
299.54	33179.43
299.60	33148.22
299.67	33109.26
299.73	33032.53
299.80	32900.18
299.86	32707.18
299.93	32488.04
299.99	32287.84
300.06	32120.11
300.13	32018.71
300.19	31979.61
300.26	31996.95
300.32	32041.40
300.39	32109.37
300.45	32197.89
300.52	32304.51
300.59	32402.03
300.65	32499.84
300.72	32588.53
300.78	32658.30
300.85	32722.17
300.91	32767.75
300.98	32793.71
301.04	32814.64
301.11	32843.24
301.18	32863.67
301.24	32892.98
301.31	32912.77
301.37	32921.16
301.44	32905.64
301.50	32893.15
301.57	32858.01
301.63	32826.59
301.70	32763.38
301.77	32672.85
301.83	32537.12
301.90	32399.87
301.96	32229.21
302.03	32062.00
302.09	31934.78
302.16	31835.54
302.22	31761.01
302.29	31727.96
302.36	31736.89
302.42	31756.64
302.49	31802.50
302.55	31859.09
302.62	31923.38
302.68	31989.25
302.75	32058.35
302.81	32114.29
302.88	32165.57
302.94	32195.60
303.01	32231.52
303.07	32247.68
303.14	32276.16
303.21	32288.05
303.27	32303.72
303.34	32304.24
303.40	32295.28
303.47	32272.70
303.53	32246.10
303.60	32224.55
303.66	32185.30
303.73	32156.45
303.79	32108.27
303.86	32059.13
303.92	31971.77
303.99	31866.31
304.05	31713.59
304.12	31549.17
304.19	31389.05
304.25	31267.95
304.32	31181.14
304.38	31136.01
304.45	31123.71
304.51	31134.91
304.58	31151.46
304.64	31178.66
304.71	31226.79
304.77	31264.80
304.84	31288.20
304.90	31320.94
304.97	31341.41
305.03	31343.71
305.10	31355.91
305.16	31372.71
305.23	31366.57
305.29	31365.67
305.36	31350.95
305.42	31342.11
305.49	31325.16
305.56	31309.80
305.62	31272.74
305.69	31243.33
305.75	31192.39
305.82	31105.19
305.88	30982.36
305.95	30843.45
306.01	30685.09
306.08	30527.82
306.14	30394.59
306.21	30271.00
306.27	30170.61
306.34	30085.33
306.40	30010.89
306.47	29953.36
306.53	29943.03
306.60	29956.37
306.66	29991.70
306.73	30031.50
306.79	30068.20
306.86	30086.02
306.92	30087.62
306.99	30091.72
307.05	30091.09
307.12	30091.08
307.18	30090.61
307.25	30091.89
307.31	30070.28
307.38	30048.37
307.44	30023.34
307.51	29999.19
307.57	29961.90
307.64	29927.95
307.70	29900.56
307.77	29863.90
307.83	29818.67
307.90	29777.80
307.96	29737.64
308.03	29664.35
308.09	29596.45
308.16	29525.08
308.22	29455.52
308.29	29369.35
308.35	29296.93
308.42	29217.21
308.48	29118.69
308.55	29008.89
308.61	28926.10
308.68	28846.43
308.74	28769.78
308.81	28741.01
308.87	28735.25
308.94	28725.38
309.00	28728.43
309.07	28742.84
309.13	28728.11
309.20	28719.92
309.26	28698.58
309.33	28671.77
309.39	28635.93
309.45	28610.68
309.52	28563.35
309.58	28534.15
309.65	28489.23
309.71	28436.78
309.78	28385.86
309.84	28335.17
309.91	28274.15
309.97	28218.63
310.04	28174.06
310.10	28123.19
310.17	28076.25
310.23	28020.83
310.30	27975.32
310.36	27925.06
310.43	27866.45
310.49	27790.07
310.56	27718.64
310.62	27634.16
310.69	27545.43
310.75	27463.58
310.81	27404.62
310.88	27352.91
310.94	27314.91
311.01	27276.62
311.07	27251.37
311.14	27223.33
311.20	27192.05
311.27	27156.68
311.33	27143.19
311.40	27112.47
311.46	27085.62
311.53	27059.73
311.59	27043.36
311.66	27016.64
311.72	26983.93
311.78	26945.40
311.85	26913.39
311.91	26874.01
311.98	26827.67
312.04	26791.77
312.11	26753.75
312.17	26713.65
312.24	26668.51
312.30	26619.90
312.37	26560.67
312.43	26498.51
312.50	26439.53
312.56	26376.18
312.62	26319.56
312.69	26262.81
312.75	26200.12
312.82	26123.81
312.88	26054.91
312.95	25985.80
313.01	25913.26
313.08	25853.47
313.14	25811.10
313.20	25759.95
313.27	25704.41
313.33	25668.95
313.40	25640.57
313.46	25596.69
313.53	25570.83
313.59	25545.05
313.66	25516.25
313.72	25480.02
313.78	25450.24
313.85	25411.73
313.91	25378.02
313.98	25339.41
314.04	25301.88
314.11	25267.93
314.17	25226.45
314.24	25173.39
314.30	25138.01
314.36	25086.43
314.43	25042.53
314.49	24997.71
314.56	24961.87
314.62	24898.22
314.69	24847.70
314.75	24783.13
314.81	24728.15
314.88	24670.33
314.94	24627.11
315.01	24588.49
315.07	24542.33
315.14	24501.09
315.20	24466.25
315.27	24418.45
315.33	24374.86
315.39	24332.19
315.46	24286.43
315.52	24228.60
315.59	24192.16
315.65	24143.69
315.72	24103.35
315.78	24061.14
315.84	24028.10
315.91	23990.80
315.97	23967.57
316.04	23961.25
316.10	23944.75
316.16	23919.71
316.23	23858.63
316.29	23767.90
316.36	23631.45
316.42	23467.69
316.49	23284.45
316.55	23094.39
316.61	22905.58
316.68	22700.17
316.74	22504.39
316.81	22297.87
316.87	22102.97
316.93	21891.12
317.00	21688.30
317.06	21491.14
317.13	21289.98
317.19	21083.05
317.26	20872.13
317.32	20673.01
317.38	20467.39
317.45	20268.86
317.51	20071.69
317.58	19879.35
317.64	19678.19
317.70	19477.37
317.77	19282.61
317.83	19088.68
317.90	18893.33
317.96	18694.46
318.02	18494.99
318.09	18305.93
318.15	18104.03
318.22	17908.33
318.28	17714.51
318.34	17516.61
318.41	17305.94
318.47	17103.52
318.54	16909.61
318.60	16719.89
318.66	16535.01
318.73	16348.19
318.79	16170.07
318.86	15984.35
318.92	15803.20
318.98	15629.97
319.05	15455.81
319.11	15284.89
319.18	15105.84
319.24	14926.19
319.30	14733.87
319.37	14559.38
319.43	14380.55
319.50	14210.57
319.56	14033.97
319.62	13866.13
319.69	13689.69
319.75	13516.38
319.82	13344.31
319.88	13175.27
319.94	13005.64
320.01	12843.73
320.07	12666.29
320.13	12493.11
320.20	12323.19
320.26	12152.15
320.33	11976.86
320.39	11817.97
320.45	11653.84
320.52	11495.13
320.58	11334.68
320.65	11173.11
320.71	11006.74
320.77	10848.09
320.84	10685.22
320.90	10524.70
320.96	10360.21
321.03	10192.99
321.09	10023.93
321.16	9851.65
321.22	9676.35
321.28	9514.05
321.35	9360.13
321.41	9199.57
321.47	9046.15
321.54	8899.25
321.60	8734.77
321.67	8572.15
321.73	8412.95
321.79	8253.25
321.86	8096.45
321.92	7940.18
321.98	7774.43
322.05	7603.80
322.11	7429.07
322.18	7244.13
322.24	7072.81
322.30	6906.68
322.37	6753.79
322.43	6594.61
322.49	6448.71
322.56	6287.39
322.62	6130.53
322.68	5962.61
322.75	5812.97
322.81	5645.36
322.88	5486.52
322.94	5328.21
323.00	5171.91
323.07	5010.23
323.13	4861.09
323.19	4712.76
323.26	4562.95
323.32	4418.21
323.38	4269.22
323.45	4065.43
323.51	3478.89
323.57	2671.71
323.64	1827.27
323.70	1015.61
323.76	287.10
323.83	-26.42
323.89	-89.63
323.96	-89.56
