180.25	3506.27
180.33	-130.84
180.40	653.47
180.48	-34.33
180.56	7.57
180.63	41.91
180.71	82.18
180.78	82.05
180.86	83.98
180.93	88.85
181.01	91.31
181.08	89.97
181.16	89.42
181.23	90.31
181.31	90.11
181.39	112.68
181.46	121.32
181.54	131.43
181.61	147.79
181.69	156.13
181.76	149.21
181.84	143.64
181.91	146.03
181.99	147.25
182.06	148.89
182.14	155.35
182.22	162.35
182.29	173.67
182.37	178.97
182.44	192.30
182.52	191.02
182.59	210.18
182.67	219.34
182.74	225.91
182.82	230.07
182.89	240.70
182.97	239.91
183.04	248.99
183.12	260.01
183.20	283.39
183.27	299.86
183.35	334.15
183.42	363.62
183.50	411.04
183.57	443.41
183.65	497.24
183.72	549.27
183.80	612.73
183.87	664.69
183.95	717.10
184.02	769.63
184.10	805.27
184.17	825.75
184.25	825.33
184.32	815.67
184.40	784.69
184.47	732.35
184.55	686.91
184.62	684.97
184.70	717.13
184.78	776.05
184.85	899.11
184.93	1044.23
185.00	1184.53
185.08	1326.52
185.15	1467.31
185.23	1605.48
185.30	1734.14
185.38	1856.31
185.45	1976.75
185.53	2107.17
185.60	2224.47
185.68	2363.55
185.75	2473.35
185.83	2558.61
185.90	2608.37
185.98	2591.03
186.05	2496.05
186.13	2368.65
186.20	2196.22
186.28	2045.61
186.35	1990.64
186.43	2041.41
186.50	2196.99
186.58	2444.01
186.65	2715.11
186.73	2985.01
186.80	3228.85
186.88	3450.59
186.95	3679.57
187.03	3903.16
187.10	4111.30
187.18	4345.44
187.25	4560.07
187.33	4771.70
187.40	5004.53
187.48	5207.83
187.55	5378.41
187.63	5525.89
187.70	5588.99
187.78	5574.41
187.85	5512.57
187.93	5322.59
188.00	5023.62
188.08	4685.37
188.15	4388.94
188.23	4208.84
188.30	4209.33
188.38	4397.34
188.45	4727.44
188.53	5093.90
188.60	5440.06
188.68	5751.85
188.75	6037.07
188.83	6327.61
188.90	6588.23
188.98	6842.51
189.05	7111.57
189.13	7350.67
189.20	7565.23
189.28	7789.03
189.35	7988.11
189.43	8163.42
189.50	8333.29
189.58	8433.20
189.65	8456.83
189.73	8412.35
189.80	8258.46
189.87	8009.47
189.95	7690.24
190.02	7285.30
190.10	6843.51
190.17	6515.36
190.25	6375.60
190.32	6433.17
190.40	6688.79
190.47	7097.39
190.55	7535.69
190.62	7941.09
190.70	8287.13
190.77	8610.84
190.85	8916.77
190.92	9166.53
191.00	9379.32
191.07	9580.75
191.15	9738.19
191.22	9865.90
191.29	9980.41
191.37	10058.61
191.44	10133.12
191.52	10224.04
191.59	10292.18
191.67	10354.55
191.74	10400.14
191.82	10397.83
191.89	10360.17
191.97	10316.51
192.04	10247.25
192.12	10134.23
192.19	9951.21
192.27	9704.94
192.34	9476.05
192.41	9352.07
192.49	9362.93
192.56	9526.77
192.64	9815.45
192.71	10136.05
192.79	10400.67
192.86	10610.93
192.94	10744.99
193.01	10846.42
193.09	10953.26
193.16	11101.06
193.23	11285.54
193.31	11503.24
193.38	11754.60
193.46	11970.82
193.53	12149.52
193.61	12284.78
193.68	12403.05
193.76	12468.13
193.83	12527.57
193.91	12565.65
193.98	12596.17
194.05	12615.29
194.13	12617.62
194.20	12589.15
194.28	12531.69
194.35	12448.77
194.43	12334.19
194.50	12180.08
194.58	11997.62
194.65	11856.39
194.72	11819.85
194.80	11902.49
194.87	12109.25
194.95	12420.69
195.02	12748.10
195.10	13019.58
195.17	13251.72
195.25	13445.36
195.32	13605.84
195.39	13750.91
195.47	13876.15
195.54	13954.73
195.62	13967.35
195.69	13906.24
195.77	13760.00
195.84	13556.07
195.91	13334.93
195.99	13188.13
196.06	13163.21
196.14	13259.85
196.21	13451.65
196.29	13714.51
196.36	13990.83
196.43	14227.83
196.51	14435.09
196.58	14609.19
196.66	14739.66
196.73	14836.55
196.81	14904.15
196.88	14941.47
196.95	14951.51
197.03	14907.01
197.10	14803.68
197.18	14654.06
197.25	14480.75
197.33	14321.27
197.40	14204.21
197.47	14139.62
197.55	14153.11
197.62	14236.35
197.70	14368.68
197.77	14571.87
197.84	14822.41
197.92	15079.47
197.99	15336.59
198.07	15582.63
198.14	15784.41
198.22	15950.29
198.29	16076.57
198.36	16171.11
198.44	16236.78
198.51	16263.82
198.59	16217.83
198.66	16107.77
198.73	15929.53
198.81	15698.19
198.88	15431.14
198.96	15200.98
199.03	15085.47
199.10	15117.89
199.18	15271.93
199.25	15530.53
199.33	15868.09
199.40	16190.37
199.48	16444.21
199.55	16645.99
199.62	16807.19
199.70	16960.91
199.77	17111.78
199.85	17260.60
199.92	17382.01
199.99	17487.50
200.07	17493.55
200.14	17393.79
200.22	17167.97
200.29	16835.09
200.36	16492.24
200.44	16242.50
200.51	16133.90
200.59	16199.19
200.66	16405.75
200.73	16673.51
200.81	16946.54
200.88	17194.40
200.95	17445.10
201.03	17696.77
201.10	17948.93
201.18	18177.11
201.25	18381.05
201.32	18526.29
201.40	18645.06
201.47	18722.17
201.55	18748.29
201.62	18701.28
201.69	18549.29
201.77	18339.17
201.84	18116.57
201.92	17867.74
201.99	17622.01
202.06	17475.89
202.14	17459.41
202.21	17543.09
202.28	17769.03
202.36	18103.46
202.43	18482.21
202.51	18822.67
202.58	19112.53
202.65	19330.69
202.73	19532.57
202.80	19720.67
202.87	19905.38
202.95	20083.43
203.02	20235.28
203.10	20312.37
203.17	20322.84
203.24	20214.21
203.32	19924.19
203.39	19477.51
203.46	19021.03
203.54	18648.69
203.61	18470.65
203.69	18530.07
203.76	18812.97
203.83	19205.86
203.91	19597.33
203.98	19950.56
204.05	20271.94
204.13	20581.69
204.20	20855.25
204.28	21111.31
204.35	21310.69
204.42	21465.53
204.50	21572.43
204.57	21651.83
204.64	21685.19
204.72	21676.37
204.79	21564.83
204.86	21336.05
204.94	21046.45
205.01	20743.49
205.09	20431.19
205.16	20192.65
205.23	20105.05
205.31	20172.81
205.38	20366.65
205.45	20686.83
205.53	21102.50
205.60	21543.37
205.67	21940.97
205.75	22273.33
205.82	22536.82
205.89	22750.28
205.97	22939.65
206.04	23108.15
206.12	23269.27
206.19	23424.83
206.26	23534.73
206.34	23579.58
206.41	23511.43
206.48	23294.87
206.56	22899.63
206.63	22371.47
206.70	21838.16
206.78	21468.97
206.85	21338.89
206.92	21487.89
207.00	21879.45
207.07	22387.03
207.14	22871.59
207.22	23302.47
207.29	23681.45
207.36	24002.04
207.44	24280.03
207.51	24530.80
207.58	24758.41
207.66	24947.41
207.73	25129.52
207.80	25278.31
207.88	25371.96
207.95	25381.07
208.02	25314.49
208.10	25088.62
208.17	24694.77
208.25	24241.15
208.32	23827.31
208.39	23517.43
208.47	23397.39
208.54	23494.97
208.61	23739.83
208.69	24049.99
208.76	24376.79
208.83	24728.37
208.90	25085.19
208.98	25437.69
209.05	25769.00
209.12	26072.53
209.20	26339.14
209.27	26578.22
209.34	26774.19
209.42	26959.37
209.49	27114.99
209.56	27214.04
209.64	27253.67
209.71	27208.13
209.78	27016.21
209.86	26695.44
209.93	26320.36
210.00	25906.15
210.08	25533.65
210.15	25322.91
210.22	25325.70
210.30	25492.87
210.37	25802.37
210.44	26204.87
210.52	26619.67
210.59	26993.40
210.66	27306.97
210.74	27590.99
210.81	27844.84
210.88	28086.03
210.96	28301.27
211.03	28519.89
211.10	28724.87
211.17	28909.39
211.25	29043.75
211.32	29105.91
211.39	29084.30
211.47	28931.48
211.54	28618.09
211.61	28173.58
211.69	27753.92
211.76	27451.81
211.83	27341.23
211.91	27463.39
211.98	27780.53
212.05	28163.52
212.12	28502.99
212.20	28800.35
212.27	29040.39
212.34	29242.62
212.42	29433.64
212.49	29624.28
212.56	29798.63
212.64	29988.79
212.71	30191.90
212.78	30389.99
212.85	30571.49
212.93	30714.08
213.00	30795.85
213.07	30823.49
213.15	30735.29
213.22	30538.29
213.29	30299.13
213.37	30060.49
213.44	29837.86
213.51	29724.19
213.58	29756.20
213.66	29890.59
213.73	30098.68
213.80	30358.41
213.88	30633.62
213.95	30854.34
214.02	31031.31
214.09	31194.62
214.17	31346.50
214.24	31518.62
214.31	31724.74
214.39	31938.17
214.46	32134.56
214.53	32311.79
214.60	32446.23
214.68	32558.07
214.75	32640.39
214.82	32673.79
214.90	32640.52
214.97	32505.76
215.04	32230.73
215.11	31927.87
215.19	31688.10
215.26	31579.59
215.33	31631.57
215.41	31872.39
215.48	32201.83
215.55	32518.31
215.62	32776.68
215.70	32984.12
215.77	33166.43
215.84	33347.77
215.91	33519.35
215.99	33689.38
216.06	33852.78
216.13	33998.73
216.21	34100.16
216.28	34194.25
216.35	34287.88
216.42	34368.65
216.50	34424.87
216.57	34454.29
216.64	34419.96
216.71	34290.04
216.79	34098.04
216.86	33917.42
216.93	33787.02
217.01	33755.03
217.08	33839.09
217.15	34027.34
217.22	34243.07
217.30	34471.38
217.37	34687.73
217.44	34891.73
217.51	35081.19
217.59	35256.99
217.66	35412.77
217.73	35554.08
217.80	35665.24
217.88	35770.24
217.95	35875.60
218.02	35968.08
218.09	36051.94
218.17	36159.59
218.24	36259.65
218.31	36345.78
218.38	36403.72
218.46	36410.29
218.53	36320.21
218.60	36144.57
218.67	35948.26
218.75	35803.20
218.82	35742.39
218.89	35810.80
218.96	35994.14
219.04	36228.53
219.11	36465.93
219.18	36678.62
219.25	36863.10
219.33	37022.71
219.40	37169.22
219.47	37312.11
219.54	37443.17
219.62	37560.31
219.69	37679.19
219.76	37810.83
219.83	37928.49
219.91	38045.87
219.98	38164.61
220.05	38260.97
220.12	38315.03
220.20	38339.47
220.27	38328.54
220.34	38235.27
220.41	38085.31
220.49	37945.37
220.56	37849.79
220.63	37827.37
220.70	37911.65
220.78	38094.20
220.85	38285.96
220.92	38458.38
220.99	38594.10
221.06	38710.27
221.14	38812.75
221.21	38931.85
221.28	39048.41
221.35	39180.45
221.43	39309.63
221.50	39426.79
221.57	39534.07
221.64	39655.47
221.72	39767.66
221.79	39873.12
221.86	39957.75
221.93	40027.66
222.00	40086.05
222.08	40118.33
222.15	40108.47
222.22	40081.87
222.29	40053.82
222.37	40029.33
222.44	40036.63
222.51	40081.09
222.58	40154.75
222.65	40239.18
222.73	40333.83
222.80	40425.39
222.87	40528.26
222.94	40637.02
223.02	40742.20
223.09	40844.67
223.16	40949.87
223.23	41057.86
223.30	41177.83
223.38	41308.43
223.45	41429.15
223.52	41532.94
223.59	41642.09
223.66	41712.95
223.74	41771.55
223.81	41806.07
223.88	41848.53
223.95	41873.66
224.03	41901.03
224.10	41908.71
224.17	41936.65
224.24	41956.67
224.31	41998.34
224.39	42058.51
224.46	42145.51
224.53	42226.18
224.60	42318.96
224.67	42406.37
224.75	42492.29
224.82	42586.95
224.89	42703.97
224.96	42823.38
225.03	42939.25
225.11	43051.98
225.18	43162.61
225.25	43264.69
225.32	43347.76
225.39	43418.72
225.47	43496.23
225.54	43549.01
225.61	43569.61
225.68	43576.49
225.75	43593.85
225.83	43622.59
225.90	43667.89
225.97	43749.15
226.04	43862.65
226.11	43963.01
226.19	44064.03
226.26	44173.23
226.33	44269.04
226.40	44349.27
226.47	44445.85
226.54	44533.49
226.62	44622.43
226.69	44720.43
226.76	44810.84
226.83	44902.25
226.90	44983.97
226.98	45037.56
227.05	45083.27
227.12	45151.39
227.19	45187.47
227.26	45237.89
227.34	45317.17
227.41	45398.94
227.48	45465.57
227.55	45535.44
227.62	45597.09
227.69	45659.75
227.77	45729.37
227.84	45798.02
227.91	45876.81
227.98	45967.63
228.05	46034.03
228.12	46084.94
228.20	46156.87
228.27	46244.56
228.34	46324.59
228.41	46421.91
228.48	46533.51
228.56	46637.86
228.63	46734.76
228.70	46830.33
228.77	46917.04
228.84	46999.31
228.91	47092.11
228.99	47183.71
229.06	47299.43
229.13	47412.43
229.20	47506.79
229.27	47588.06
229.34	47663.99
229.42	47711.30
229.49	47766.96
229.56	47843.33
229.63	47920.35
229.70	47973.05
229.77	48032.23
229.85	48086.84
229.92	48140.55
229.99	48180.07
230.06	48248.34
230.13	48323.44
230.20	48416.13
230.27	48515.97
230.35	48627.15
230.42	48744.38
230.49	48856.31
230.56	48962.17
230.63	49057.81
230.70	49141.35
230.78	49216.92
230.85	49279.55
230.92	49338.63
230.99	49402.94
231.06	49492.89
231.13	49603.02
231.20	49728.40
231.28	49837.77
231.35	49944.20
231.42	50034.26
231.49	50119.78
231.56	50195.80
231.63	50273.44
231.71	50349.10
231.78	50414.23
231.85	50470.24
231.92	50530.86
231.99	50600.63
232.06	50668.61
232.13	50773.27
232.21	50876.03
232.28	50967.11
232.35	51048.19
232.42	51139.74
232.49	51212.91
232.56	51305.47
232.63	51403.68
232.71	51517.76
232.78	51624.23
232.85	51718.99
232.92	51794.97
232.99	51877.55
233.06	51949.60
233.13	52015.79
233.20	52073.70
233.28	52120.30
233.35	52168.53
233.42	52232.03
233.49	52294.02
233.56	52372.55
233.63	52466.53
233.70	52567.37
233.78	52654.03
233.85	52764.34
233.92	52866.45
233.99	52952.32
234.06	53031.90
234.13	53115.99
234.20	53188.28
234.27	53263.33
234.35	53337.02
234.42	53398.88
234.49	53460.32
234.56	53508.63
234.63	53549.05
234.70	53599.94
234.77	53645.79
234.84	53699.02
234.92	53757.97
234.99	53833.73
235.06	53911.09
235.13	53999.29
235.20	54087.25
235.27	54175.66
235.34	54262.68
235.41	54341.89
235.48	54431.53
235.56	54507.09
235.63	54578.61
235.70	54640.75
235.77	54695.13
235.84	54719.30
235.91	54737.61
235.98	54762.55
236.05	54787.11
236.12	54832.02
236.20	54877.63
236.27	54935.77
236.34	54988.03
236.41	55038.54
236.48	55080.41
236.55	55128.48
236.62	55173.75
236.69	55227.79
236.76	55296.70
236.84	55364.59
236.91	55427.84
236.98	55501.55
237.05	55558.63
237.12	55611.15
237.19	55655.29
237.26	55707.75
237.33	55750.67
237.40	55790.76
237.47	55822.09
237.55	55869.64
237.62	55931.99
237.69	55994.48
237.76	56068.74
237.83	56154.41
237.90	56231.32
237.97	56285.84
238.04	56330.17
238.11	56365.44
238.18	56408.41
238.26	56432.35
238.33	56459.78
238.40	56492.36
238.47	56537.23
238.54	56552.43
238.61	56572.77
238.68	56588.77
238.75	56611.12
238.82	56638.20
238.89	56677.87
238.96	56731.15
239.04	56793.55
239.11	56855.91
239.18	56900.77
239.25	56929.58
239.32	56958.62
239.39	56969.15
239.46	56967.92
239.53	56963.55
239.60	56963.23
239.67	56968.88
239.74	56991.99
239.81	57009.50
239.89	57040.67
239.96	57083.40
240.03	57116.35
240.10	57134.79
240.17	57161.75
240.24	57188.53
240.31	57214.73
240.38	57248.50
240.45	57317.58
240.52	57391.38
240.59	57460.81
240.66	57525.59
240.73	57578.17
240.80	57595.27
240.88	57604.86
240.95	57626.03
241.02	57637.39
241.09	57647.98
241.16	57664.73
241.23	57685.35
241.30	57673.29
241.37	57644.11
241.44	57637.91
241.51	57645.07
241.58	57659.73
241.65	57700.91
241.72	57753.00
241.79	57782.98
241.86	57802.13
241.94	57797.13
242.01	57780.13
242.08	57768.85
242.15	57775.59
242.22	57781.09
242.29	57788.37
242.36	57807.69
242.43	57810.02
242.50	57799.01
242.57	57783.72
242.64	57784.69
242.71	57775.23
242.78	57793.15
242.85	57794.68
242.92	57797.03
242.99	57798.80
243.06	57801.43
243.14	57798.78
243.21	57811.75
243.28	57835.95
243.35	57861.62
243.42	57894.37
243.49	57935.85
243.56	57961.79
243.63	57985.06
243.70	57999.62
243.77	57999.38
243.84	57983.65
243.91	57969.87
243.98	57942.16
244.05	57903.60
244.12	57866.83
244.19	57839.94
244.26	57817.07
244.33	57812.39
244.40	57807.68
244.47	57801.47
244.54	57794.94
244.62	57769.01
244.69	57730.61
244.76	57714.81
244.83	57718.81
244.90	57725.67
244.97	57750.80
245.04	57783.43
245.11	57790.40
245.18	57777.36
245.25	57774.89
245.32	57793.85
245.39	57807.97
245.46	57832.78
245.53	57837.46
245.60	57821.12
245.67	57804.63
245.74	57787.09
245.81	57764.62
245.88	57755.75
245.95	57747.86
246.02	57715.51
246.09	57677.19
246.16	57625.00
246.23	57582.11
246.30	57554.73
246.37	57544.89
246.44	57553.85
246.51	57588.97
246.58	57618.77
246.65	57644.95
246.72	57663.15
246.79	57663.43
246.87	57655.29
246.94	57635.95
247.01	57608.67
247.08	57568.31
247.15	57514.48
247.22	57447.39
247.29	57392.40
247.36	57354.18
247.43	57327.33
247.50	57325.21
247.57	57340.92
247.64	57375.91
247.71	57390.39
247.78	57413.02
247.85	57432.33
247.92	57449.71
247.99	57440.16
248.06	57422.93
248.13	57394.62
248.20	57372.22
248.27	57337.87
248.34	57319.77
248.41	57315.67
248.48	57320.53
248.55	57309.79
248.62	57318.94
248.69	57328.45
248.76	57314.89
248.83	57285.92
248.90	57261.27
248.97	57220.01
249.04	57158.99
249.11	57118.74
249.18	57089.55
249.25	57052.77
249.32	57012.64
249.39	56972.99
249.46	56934.61
249.53	56895.97
249.60	56853.31
249.67	56828.87
249.74	56822.65
249.81	56817.27
249.88	56816.37
249.95	56844.31
250.02	56876.21
250.09	56894.99
250.16	56906.05
250.23	56902.08
250.30	56891.28
250.37	56874.69
250.44	56867.75
250.51	56869.45
250.58	56871.33
250.65	56866.12
250.72	56825.00
250.79	56785.87
250.86	56746.51
250.93	56715.73
251.00	56677.59
251.07	56670.64
251.14	56662.25
251.21	56638.14
251.28	56607.33
251.35	56578.05
251.42	56556.49
251.49	56525.99
251.56	56514.14
251.63	56496.14
251.70	56492.19
251.77	56463.13
251.84	56432.07
251.91	56382.67
251.98	56326.82
252.05	56265.19
252.12	56217.11
252.18	56172.59
252.25	56146.74
252.32	56160.27
252.39	56158.97
252.46	56156.59
252.53	56147.29
252.60	56135.01
252.67	56106.74
252.74	56084.51
252.81	56055.18
252.88	56028.71
252.95	55990.25
253.02	55949.10
253.09	55912.27
253.16	55898.11
253.23	55885.91
253.30	55894.39
253.37	55886.99
253.44	55880.75
253.51	55851.95
253.58	55825.28
253.65	55800.87
253.72	55797.70
253.79	55782.80
253.86	55765.67
253.93	55755.55
254.00	55733.03
254.07	55699.38
254.14	55669.54
254.21	55645.15
254.28	55620.44
254.35	55596.45
254.41	55568.50
254.48	55543.33
254.55	55527.72
254.62	55496.01
254.69	55448.47
254.76	55419.29
254.83	55380.37
254.90	55343.39
254.97	55330.31
255.04	55334.79
255.11	55311.41
255.18	55279.67
255.25	55230.80
255.32	55186.61
255.39	55134.59
255.46	55096.37
255.53	55079.98
255.60	55069.61
255.67	55045.41
255.74	55026.90
255.81	55023.81
255.87	55026.39
255.94	55011.77
256.01	54990.71
256.08	54972.55
256.15	54942.58
256.22	54883.09
256.29	54857.45
256.36	54834.56
256.43	54816.35
256.50	54805.19
256.57	54806.82
256.64	54783.99
256.71	54762.27
256.78	54731.87
256.85	54698.77
256.92	54671.89
256.99	54659.34
257.05	54641.07
257.12	54622.10
257.19	54576.53
257.26	54529.96
257.33	54472.15
257.40	54426.14
257.47	54362.72
257.54	54332.20
257.61	54301.15
257.68	54297.72
257.75	54288.57
257.82	54293.83
257.89	54285.50
257.96	54282.91
258.03	54240.91
258.09	54193.57
258.16	54133.44
258.23	54064.21
258.30	54000.20
258.37	53952.37
258.44	53909.72
258.51	53891.55
258.58	53885.92
258.65	53878.33
258.72	53859.47
258.79	53831.22
258.86	53791.83
258.93	53754.11
258.99	53709.67
259.06	53672.59
259.13	53642.34
259.20	53605.11
259.27	53569.13
259.34	53534.25
259.41	53526.27
259.48	53519.70
259.55	53515.22
259.62	53503.48
259.69	53476.59
259.76	53415.54
259.82	53356.43
259.89	53315.19
259.96	53283.16
260.03	53253.91
260.10	53229.30
260.17	53195.20
260.24	53138.38
260.31	53079.05
260.38	53036.05
260.45	53021.79
260.52	53006.36
260.59	52982.06
260.65	52951.54
260.72	52926.85
260.79	52886.49
260.86	52848.55
260.93	52827.69
261.00	52794.99
261.07	52749.96
261.14	52684.85
261.21	52631.57
261.28	52560.31
261.34	52496.97
261.41	52424.17
261.48	52374.93
261.55	52323.41
261.62	52295.28
261.69	52260.38
261.76	52236.43
261.83	52219.04
261.90	52196.37
261.97	52156.51
262.03	52131.09
262.10	52111.52
262.17	52074.76
262.24	52042.17
262.31	52013.82
262.38	51981.27
262.45	51947.95
262.52	51919.21
262.59	51880.58
262.65	51841.44
262.72	51794.68
262.79	51750.09
262.86	51697.88
262.93	51661.57
263.00	51633.06
263.07	51588.89
263.14	51544.44
263.21	51512.48
263.27	51463.19
263.34	51425.29
263.41	51394.25
263.48	51344.74
263.55	51283.84
263.62	51219.39
263.69	51146.37
263.76	51090.33
263.82	51047.84
263.89	51020.36
263.96	51010.93
264.03	50977.01
264.10	50960.11
264.17	50919.42
264.24	50866.89
264.31	50811.51
264.38	50772.43
264.44	50708.13
264.51	50660.74
264.58	50621.84
264.65	50573.55
264.72	50520.80
264.79	50483.72
264.86	50443.79
264.92	50395.59
264.99	50372.03
265.06	50346.97
265.13	50315.36
265.20	50293.55
265.27	50265.97
265.34	50214.53
265.41	50181.96
265.47	50148.55
265.54	50101.39
265.61	50066.05
265.68	50047.01
265.75	50010.75
265.82	49966.47
265.89	49920.07
265.95	49873.97
266.02	49805.03
266.09	49752.35
266.16	49704.69
266.23	49669.49
266.30	49631.36
266.37	49583.19
266.44	49505.54
266.50	49446.51
266.57	49378.34
266.64	49304.41
266.71	49248.27
266.78	49198.97
266.85	49125.87
266.91	49067.93
266.98	49022.16
267.05	48971.36
267.12	48939.51
267.19	48918.69
267.26	48899.19
267.33	48871.44
267.39	48851.69
267.46	48828.69
267.53	48793.11
267.60	48749.25
267.67	48707.39
267.74	48674.27
267.81	48624.66
267.87	48583.23
267.94	48547.07
268.01	48505.25
268.08	48454.97
268.15	48404.99
268.22	48360.59
268.28	48308.67
268.35	48256.87
268.42	48206.93
268.49	48166.53
268.56	48126.85
268.63	48080.91
268.69	48033.65
268.76	47976.54
268.83	47924.15
268.90	47880.81
268.97	47859.45
269.04	47855.17
269.11	47851.94
269.17	47842.86
269.24	47812.73
269.31	47775.72
269.38	47725.19
269.45	47673.88
269.52	47625.79
269.58	47594.63
269.65	47544.83
269.72	47493.91
269.79	47459.31
269.86	47432.31
269.92	47387.07
269.99	47346.39
270.06	47301.14
270.13	47257.89
270.20	47199.03
270.27	47163.28
270.33	47140.38
270.40	47109.52
270.47	47073.87
270.54	47063.43
270.61	47038.51
270.68	47015.37
270.74	47004.04
270.81	46985.98
270.88	46960.61
270.95	46928.66
271.02	46871.83
271.08	46820.97
271.15	46770.69
271.22	46718.42
271.29	46675.61
271.36	46631.21
271.43	46592.59
271.49	46561.75
271.56	46534.92
271.63	46500.35
271.70	46489.80
271.77	46479.56
271.83	46453.69
271.90	46410.94
271.97	46363.52
272.04	46315.79
272.11	46268.45
272.17	46246.31
272.24	46231.25
272.31	46215.27
272.38	46204.42
272.45	46175.35
272.52	46137.31
272.58	46106.63
272.65	46096.54
272.72	46064.95
272.79	46043.34
272.86	46009.58
272.92	45965.79
272.99	45911.97
273.06	45874.07
273.13	45838.91
273.20	45802.73
273.26	45765.35
273.33	45741.66
273.40	45709.04
273.47	45684.55
273.54	45662.77
273.60	45650.93
273.67	45619.59
273.74	45601.75
273.81	45567.57
273.88	45555.63
273.94	45547.77
274.01	45547.35
274.08	45539.11
274.15	45527.71
274.21	45485.45
274.28	45428.94
274.35	45365.41
274.42	45301.52
274.49	45240.59
274.55	45206.95
274.62	45180.21
274.69	45148.20
274.76	45121.14
274.83	45101.32
274.89	45076.54
274.96	45038.72
275.03	45016.06
275.10	44988.24
275.17	44954.35
275.23	44901.15
275.30	44859.92
275.37	44828.59
275.44	44796.49
275.50	44758.79
275.57	44736.33
275.64	44701.78
275.71	44654.94
275.78	44615.05
275.84	44592.29
275.91	44553.74
275.98	44529.19
276.05	44495.13
276.11	44466.91
276.18	44429.45
276.25	44388.04
276.32	44339.19
276.39	44297.26
276.45	44233.74
276.52	44172.55
276.59	44125.21
276.66	44087.34
276.72	44061.99
276.79	44047.93
276.86	44034.39
276.93	44026.74
276.99	44010.99
277.06	43981.32
277.13	43951.36
277.20	43914.50
277.26	43881.20
277.33	43855.23
277.40	43833.01
277.47	43804.57
277.54	43783.05
277.60	43755.03
277.67	43714.89
277.74	43652.57
277.81	43597.38
277.87	43548.93
277.94	43495.18
278.01	43446.02
278.08	43413.44
278.14	43384.37
278.21	43358.11
278.28	43332.68
278.35	43325.80
278.41	43329.67
278.48	43320.73
278.55	43305.73
278.62	43294.06
278.68	43262.71
278.75	43215.38
278.82	43183.89
278.89	43139.57
278.95	43082.35
279.02	43026.43
279.09	42997.30
279.16	42962.87
279.22	42939.93
279.29	42925.74
279.36	42910.53
279.43	42871.56
279.49	42816.32
279.56	42743.25
279.63	42665.77
279.70	42592.37
279.76	42527.03
279.83	42492.79
279.90	42484.15
279.97	42466.20
280.03	42453.13
280.10	42438.19
280.17	42404.79
280.24	42364.30
280.30	42332.18
280.37	42293.17
280.44	42257.05
280.51	42224.62
280.57	42192.66
280.64	42155.51
280.71	42120.44
280.77	42066.07
280.84	41990.81
280.91	41906.72
280.98	41821.71
281.04	41736.84
281.11	41662.15
281.18	41592.09
281.25	41516.08
281.31	41454.07
281.38	41381.48
281.45	41316.96
281.52	41264.43
281.58	41214.18
281.65	41159.59
281.72	41120.10
281.78	41083.99
281.85	41051.41
281.92	41034.41
281.99	41011.71
282.05	40994.22
282.12	40963.55
282.19	40932.09
282.26	40898.29
282.32	40879.39
282.39	40857.05
282.46	40829.11
282.52	40808.85
282.59	40780.53
282.66	40756.07
282.73	40723.29
282.79	40699.50
282.86	40652.27
282.93	40598.14
282.99	40530.55
283.06	40463.41
283.13	40379.12
283.20	40291.73
283.26	40219.33
283.33	40144.44
283.40	40066.77
283.46	40016.53
283.53	39979.82
283.60	39950.07
283.67	39929.19
283.73	39929.45
283.80	39910.59
283.87	39904.75
283.93	39901.05
284.00	39884.06
284.07	39853.71
284.13	39836.65
284.20	39819.49
284.27	39787.93
284.34	39761.37
284.40	39740.41
284.47	39723.31
284.54	39704.44
284.60	39688.36
284.67	39668.26
284.74	39649.93
284.81	39623.43
284.87	39590.13
284.94	39541.11
285.01	39499.09
285.07	39429.67
285.14	39377.19
285.21	39319.27
285.27	39275.13
285.34	39245.37
285.41	39242.41
285.47	39215.17
285.54	39202.74
285.61	39187.52
285.68	39166.43
285.74	39143.32
285.81	39130.27
285.88	39108.63
285.94	39096.87
286.01	39085.98
286.08	39073.18
286.14	39058.69
286.21	39042.85
286.28	39031.59
286.34	38994.41
286.41	38948.75
286.48	38904.88
286.55	38861.33
286.61	38807.21
286.68	38772.17
286.75	38725.08
286.81	38689.38
286.88	38647.95
286.95	38601.50
287.01	38574.44
287.08	38561.12
287.15	38549.10
287.21	38539.26
287.28	38538.21
287.35	38526.03
287.41	38508.81
287.48	38486.45
287.55	38473.93
287.61	38450.60
287.68	38417.65
287.75	38402.68
287.81	38377.00
287.88	38347.33
287.95	38337.64
288.01	38324.03
288.08	38300.05
288.15	38259.78
288.21	38225.75
288.28	38178.75
288.35	38143.31
288.41	38112.78
288.48	38105.37
288.55	38087.29
288.61	38051.91
288.68	38020.24
288.75	37981.75
288.81	37940.77
288.88	37904.02
288.95	37889.91
289.01	37872.67
289.08	37868.13
289.15	37873.16
289.21	37879.07
289.28	37883.87
289.35	37890.23
289.41	37879.02
289.48	37870.75
289.55	37860.33
289.61	37837.78
289.68	37822.75
289.75	37813.86
289.81	37788.79
289.88	37763.32
289.95	37738.28
290.01	37695.37
290.08	37657.71
290.15	37619.84
290.21	37591.83
290.28	37575.08
290.35	37566.96
290.41	37549.72
290.48	37531.48
290.55	37491.97
290.61	37444.31
290.68	37401.72
290.74	37380.41
290.81	37370.15
290.88	37380.07
290.94	37396.01
291.01	37406.50
291.08	37413.10
291.14	37410.57
291.21	37409.59
291.28	37401.11
291.34	37398.21
291.41	37387.49
291.48	37383.49
291.54	37380.07
291.61	37378.60
291.68	37360.91
291.74	37332.72
291.81	37305.26
291.87	37284.90
291.94	37242.59
292.01	37214.83
292.07	37187.56
292.14	37146.38
292.21	37090.41
292.27	37058.91
292.34	37021.69
292.41	36995.53
292.47	36973.22
292.54	36959.45
292.60	36944.67
292.67	36944.67
292.74	36942.82
292.80	36954.70
292.87	36967.10
292.94	36984.18
293.00	36993.95
293.07	37005.63
293.13	37011.47
293.20	37014.17
293.27	37018.01
293.33	37012.73
293.40	37000.63
293.47	36981.30
293.53	36961.18
293.60	36937.57
293.66	36897.18
293.73	36851.75
293.80	36809.26
293.86	36764.07
293.93	36721.93
294.00	36684.96
294.06	36664.19
294.13	36649.66
294.19	36627.19
294.26	36612.32
294.33	36616.55
294.39	36600.04
294.46	36583.48
294.52	36578.75
294.59	36574.15
294.66	36565.82
294.72	36574.35
294.79	36595.55
294.86	36605.99
294.92	36616.16
294.99	36641.93
295.05	36666.29
295.12	36673.98
295.19	36689.10
295.25	36698.43
295.32	36689.77
295.38	36670.91
295.45	36659.80
295.52	36648.81
295.58	36617.71
295.65	36583.35
295.71	36554.30
295.78	36504.96
295.85	36442.77
295.91	36407.25
295.98	36362.28
296.04	36301.41
296.11	36263.56
296.18	36246.37
296.24	36228.01
296.31	36222.91
296.37	36249.59
296.44	36284.21
296.51	36312.74
296.57	36341.63
296.64	36370.28
296.70	36402.36
296.77	36408.85
296.84	36412.13
296.90	36407.74
296.97	36405.45
297.03	36398.49
297.10	36401.63
297.17	36410.29
297.23	36429.55
297.30	36444.24
297.36	36438.09
297.43	36432.14
297.50	36432.91
297.56	36412.49
297.63	36382.72
297.69	36347.56
297.76	36296.87
297.82	36222.30
297.89	36160.85
297.96	36109.79
298.02	36072.80
298.09	36045.01
298.15	36033.96
298.22	36037.82
298.29	36036.25
298.35	36035.83
298.42	36051.84
298.48	36059.45
298.55	36058.17
298.61	36075.73
298.68	36098.61
298.75	36109.11
298.81	36132.83
298.88	36149.57
298.94	36153.88
299.01	36162.75
299.08	36170.75
299.14	36177.67
299.21	36179.90
299.27	36190.09
299.34	36182.73
299.40	36182.47
299.47	36173.81
299.54	36162.81
299.60	36141.83
299.67	36112.48
299.73	36067.88
299.80	36005.89
299.86	35926.80
299.93	35847.28
299.99	35779.19
300.06	35718.03
300.13	35673.06
300.19	35661.63
300.26	35649.43
300.32	35656.49
300.39	35668.31
300.45	35701.07
300.52	35727.61
300.59	35767.23
300.65	35799.25
300.72	35834.63
300.78	35841.90
300.85	35856.99
300.91	35856.57
300.98	35842.65
301.04	35830.09
301.11	35839.22
301.18	35832.27
301.24	35832.16
301.31	35830.86
301.37	35825.41
301.44	35795.86
301.50	35777.67
301.57	35744.48
301.63	35727.23
301.70	35694.49
301.77	35647.99
301.83	35582.73
301.90	35531.21
301.96	35450.31
302.03	35372.85
302.09	35329.00
302.16	35292.01
302.22	35266.09
302.29	35243.82
302.36	35235.69
302.42	35223.27
302.49	35224.07
302.55	35214.45
302.62	35217.82
302.68	35220.90
302.75	35222.83
302.81	35219.17
302.88	35218.63
302.94	35215.43
303.01	35205.06
303.07	35191.89
303.14	35177.96
303.21	35161.71
303.27	35151.21
303.34	35147.03
303.40	35129.94
303.47	35104.09
303.53	35073.69
303.60	35041.72
303.66	34997.40
303.73	34972.13
303.79	34937.10
303.86	34898.02
303.92	34845.44
303.99	34795.85
304.05	34713.74
304.12	34642.31
304.19	34579.21
304.25	34520.83
304.32	34469.17
304.38	34428.16
304.45	34395.89
304.51	34372.43
304.58	34361.19
304.64	34342.41
304.71	34342.19
304.77	34330.44
304.84	34299.46
304.90	34277.02
304.97	34256.21
305.03	34230.14
305.10	34205.89
305.16	34197.79
305.23	34175.99
305.29	34152.67
305.36	34111.70
305.42	34090.53
305.49	34052.20
305.56	34008.45
305.62	33970.24
305.69	33944.12
305.75	33893.97
305.82	33824.61
305.88	33719.27
305.95	33588.33
306.01	33446.51
306.08	33306.72
306.14	33189.72
306.21	33105.93
306.27	33044.74
306.34	33002.80
306.40	32964.82
306.47	32947.39
306.53	32969.45
306.60	32980.45
306.66	32999.12
306.73	33012.35
306.79	33000.83
306.86	32960.71
306.92	32931.79
306.99	32895.83
307.05	32864.97
307.12	32854.23
307.18	32827.04
307.25	32792.77
307.31	32754.67
307.38	32713.48
307.44	32660.45
307.51	32619.35
307.57	32575.71
307.64	32520.22
307.70	32475.24
307.77	32423.30
307.83	32368.06
307.90	32318.70
307.96	32283.85
308.03	32229.69
308.09	32171.09
308.16	32116.86
308.22	32062.34
308.29	31989.99
308.35	31928.13
308.42	31873.43
308.48	31809.11
308.55	31734.13
308.61	31678.61
308.68	31620.88
308.74	31559.97
308.81	31524.79
308.87	31492.65
308.94	31462.10
309.00	31429.43
309.07	31400.55
309.13	31348.03
309.20	31320.64
309.26	31270.95
309.33	31210.89
309.39	31151.63
309.45	31095.87
309.52	31024.95
309.58	30971.83
309.65	30920.11
309.71	30859.05
309.78	30812.92
309.84	30755.91
309.91	30695.21
309.97	30643.09
310.04	30604.88
310.10	30545.53
310.17	30504.10
310.23	30449.49
310.30	30401.73
310.36	30344.31
310.43	30297.27
310.49	30227.10
310.56	30168.67
310.62	30105.27
310.69	30041.27
310.75	29970.52
310.81	29918.46
310.88	29865.46
310.94	29814.43
311.01	29768.26
311.07	29719.63
311.14	29670.71
311.20	29619.73
311.27	29569.32
311.33	29527.42
311.40	29479.26
311.46	29437.77
311.53	29398.11
311.59	29359.52
311.66	29323.23
311.72	29288.39
311.78	29241.17
311.85	29195.19
311.91	29145.23
311.98	29083.48
312.04	29037.49
312.11	28993.01
312.17	28952.07
312.24	28908.36
312.30	28854.78
312.37	28792.30
312.43	28731.45
312.50	28667.63
312.56	28603.78
312.62	28547.05
312.69	28494.84
312.75	28433.36
312.82	28362.83
312.88	28296.19
312.95	28238.83
313.01	28171.69
313.08	28112.96
313.14	28060.83
313.20	28014.93
313.27	27964.85
313.33	27920.79
313.40	27881.80
313.46	27833.51
313.53	27786.57
313.59	27736.71
313.66	27694.60
313.72	27655.93
313.78	27617.49
313.85	27575.14
313.91	27539.11
313.98	27492.93
314.04	27444.80
314.11	27406.23
314.17	27366.22
314.24	27311.51
314.30	27262.21
314.36	27197.81
314.43	27150.80
314.49	27092.43
314.56	27042.29
314.62	26990.98
314.69	26950.01
314.75	26888.64
314.81	26832.43
314.88	26779.65
314.94	26726.12
315.01	26673.39
315.07	26623.69
315.14	26586.48
315.20	26547.18
315.27	26502.99
315.33	26463.81
315.39	26418.68
315.46	26365.89
315.52	26307.84
315.59	26258.41
315.65	26206.29
315.72	26161.87
315.78	26118.11
315.84	26080.23
315.91	26053.78
315.97	26018.59
316.04	25999.41
316.10	25971.64
316.16	25936.90
316.23	25863.54
316.29	25765.70
316.36	25615.59
316.42	25446.94
316.49	25241.50
316.55	25021.19
316.61	24809.53
316.68	24593.29
316.74	24368.41
316.81	24151.19
316.87	23937.50
316.93	23713.12
317.00	23494.02
317.06	23280.56
317.13	23060.21
317.19	22845.50
317.26	22623.37
317.32	22407.79
317.38	22192.63
317.45	21978.60
317.51	21765.05
317.58	21560.01
317.64	21347.31
317.70	21135.25
317.77	20933.27
317.83	20726.24
317.90	20518.89
317.96	20309.85
318.02	20103.65
318.09	19904.71
318.15	19701.61
318.22	19492.43
318.28	19288.21
318.34	19071.49
318.41	18847.64
318.47	18631.33
318.54	18429.62
318.60	18221.17
318.66	18017.47
318.73	17817.74
318.79	17622.81
318.86	17417.09
318.92	17224.41
318.98	17033.79
319.05	16834.37
319.11	16636.60
319.18	16443.13
319.24	16241.18
319.30	16038.69
319.37	15854.14
319.43	15665.69
319.50	15471.85
319.56	15287.31
319.62	15104.19
319.69	14910.72
319.75	14730.28
319.82	14551.23
319.88	14366.06
319.94	14185.61
320.01	14013.80
320.07	13813.60
320.13	13628.56
320.20	13438.60
320.26	13248.34
320.33	13056.81
320.39	12882.91
320.45	12693.42
320.52	12519.42
320.58	12341.91
320.65	12161.27
320.71	11981.97
320.77	11813.63
320.84	11633.26
320.90	11458.55
320.96	11281.21
321.03	11091.10
321.09	10905.03
321.16	10720.00
321.22	10530.04
321.28	10349.11
321.35	10181.93
321.41	10004.17
321.47	9836.07
321.54	9672.91
321.60	9499.97
321.67	9330.13
321.73	9162.91
321.79	8986.73
321.86	8818.39
321.92	8644.23
321.98	8461.56
322.05	8274.95
322.11	8091.15
322.18	7896.33
322.24	7710.36
322.30	7533.16
322.37	7362.72
322.43	7185.11
322.49	7017.68
322.56	6840.75
322.62	6668.72
322.68	6489.27
322.75	6324.68
322.81	6145.77
322.88	5976.64
322.94	5803.97
323.00	5636.99
323.07	5464.03
323.13	5301.42
323.19	5139.05
323.26	4976.13
323.32	4818.49
323.38	4658.98
323.45	4436.04
323.51	3795.77
323.57	2915.33
323.64	1993.17
323.70	1108.66
323.76	318.49
323.83	-21.45
323.89	-88.57
323.96	-89.74
