180.25	3509.13
180.33	-131.64
180.40	653.48
180.48	-34.87
180.56	7.68
180.63	42.94
180.71	83.62
180.78	84.86
180.86	86.85
180.93	92.00
181.01	94.68
181.08	93.16
181.16	92.19
181.23	93.19
181.31	93.48
181.39	116.05
181.46	125.20
181.54	134.76
181.61	151.62
181.69	159.34
181.76	152.73
181.84	147.77
181.91	150.66
181.99	152.24
182.06	154.12
182.14	160.13
182.22	165.85
182.29	176.32
182.37	180.18
182.44	193.06
182.52	192.68
182.59	211.85
182.67	221.22
182.74	227.76
182.82	232.14
182.89	241.11
182.97	240.08
183.04	250.08
183.12	260.97
183.20	284.50
183.27	301.23
183.35	336.49
183.42	365.23
183.50	413.13
183.57	444.92
183.65	498.44
183.72	548.61
183.80	610.73
183.87	661.17
183.95	713.34
184.02	764.90
184.10	801.71
184.17	820.91
184.25	821.74
184.32	812.54
184.40	782.34
184.47	728.34
184.55	685.16
184.62	684.64
184.70	718.02
184.78	779.25
184.85	903.58
184.93	1048.20
185.00	1185.95
185.08	1325.26
185.15	1463.62
185.23	1600.24
185.30	1728.25
185.38	1850.62
185.45	1971.72
185.53	2100.22
185.60	2217.18
185.68	2354.96
185.75	2466.33
185.83	2547.99
185.90	2599.26
185.98	2583.36
186.05	2492.13
186.13	2366.12
186.20	2198.00
186.28	2051.18
186.35	1997.93
186.43	2048.09
186.50	2200.78
186.58	2445.24
186.65	2713.31
186.73	2981.04
186.80	3222.31
186.88	3444.12
186.95	3674.76
187.03	3900.68
187.10	4107.80
187.18	4340.89
187.25	4557.22
187.33	4768.01
187.40	4997.79
187.48	5202.49
187.55	5375.83
187.63	5523.14
187.70	5583.52
187.78	5571.10
187.85	5510.44
187.93	5319.05
188.00	5019.90
188.08	4687.04
188.15	4392.36
188.23	4215.14
188.30	4219.10
188.38	4407.90
188.45	4735.47
188.53	5100.60
188.60	5442.12
188.68	5751.59
188.75	6034.22
188.83	6327.36
188.90	6587.72
188.98	6843.72
189.05	7111.12
189.13	7352.61
189.20	7564.91
189.28	7787.08
189.35	7982.69
189.43	8158.79
189.50	8323.22
189.58	8415.47
189.65	8439.78
189.73	8401.34
189.80	8250.05
189.87	8003.88
189.95	7692.38
190.02	7286.94
190.10	6844.05
190.17	6518.08
190.25	6379.16
190.32	6439.37
190.40	6696.81
190.47	7108.46
190.55	7546.60
190.62	7948.94
190.70	8295.52
190.77	8615.02
190.85	8913.98
190.92	9165.64
191.00	9381.13
191.07	9580.42
191.15	9734.12
191.22	9863.16
191.29	9973.59
191.37	10056.52
191.44	10131.98
191.52	10227.20
191.59	10305.53
191.67	10370.39
191.74	10416.42
191.82	10405.98
191.89	10371.49
191.97	10321.28
192.04	10251.99
192.12	10132.52
192.19	9953.83
192.27	9709.44
192.34	9477.68
192.41	9352.49
192.49	9367.22
192.56	9543.76
192.64	9829.20
192.71	10151.32
192.79	10412.57
192.86	10622.57
192.94	10747.94
193.01	10854.36
193.09	10958.90
193.16	11110.58
193.23	11291.72
193.31	11510.26
193.38	11756.74
193.46	11971.20
193.53	12141.02
193.61	12287.04
193.68	12407.12
193.76	12473.05
193.83	12533.68
193.91	12577.50
193.98	12602.96
194.05	12620.39
194.13	12620.54
194.20	12592.62
194.28	12534.30
194.35	12453.42
194.43	12338.56
194.50	12184.42
194.58	12006.13
194.65	11873.30
194.72	11833.58
194.80	11912.42
194.87	12118.63
194.95	12428.78
195.02	12751.57
195.10	13018.34
195.17	13254.19
195.25	13450.52
195.32	13610.18
195.39	13746.35
195.47	13864.81
195.54	13942.07
195.62	13961.16
195.69	13909.31
195.77	13775.30
195.84	13583.09
195.91	13358.28
195.99	13207.78
196.06	13168.93
196.14	13257.22
196.21	13449.39
196.29	13714.24
196.36	13986.23
196.43	14228.47
196.51	14441.51
196.58	14616.08
196.66	14749.56
196.73	14846.87
196.81	14914.15
196.88	14949.21
196.95	14957.30
197.03	14916.98
197.10	14812.88
197.18	14660.87
197.25	14484.99
197.33	14323.45
197.40	14206.96
197.47	14135.76
197.55	14148.02
197.62	14232.60
197.70	14370.92
197.77	14572.01
197.84	14828.42
197.92	15083.83
197.99	15345.20
198.07	15582.81
198.14	15775.02
198.22	15937.89
198.29	16070.02
198.36	16161.44
198.44	16233.76
198.51	16263.96
198.59	16217.08
198.66	16105.14
198.73	15926.87
198.81	15693.78
198.88	15425.16
198.96	15202.11
199.03	15087.74
199.10	15122.58
199.18	15276.01
199.25	15543.56
199.33	15890.68
199.40	16225.69
199.48	16480.15
199.55	16686.89
199.62	16856.86
199.70	17004.91
199.77	17140.57
199.85	17291.06
199.92	17416.91
199.99	17505.09
200.07	17509.67
200.14	17418.40
200.22	17185.91
200.29	16839.83
200.36	16496.54
200.44	16241.03
200.51	16126.21
200.59	16191.64
200.66	16399.47
200.73	16672.80
200.81	16947.16
200.88	17197.28
200.95	17451.80
201.03	17706.49
201.10	17952.28
201.18	18180.65
201.25	18375.44
201.32	18524.98
201.40	18644.05
201.47	18727.34
201.55	18756.17
201.62	18719.12
201.69	18561.81
201.77	18354.19
201.84	18125.56
201.92	17866.59
201.99	17612.09
202.06	17463.34
202.14	17438.66
202.21	17530.25
202.28	17762.46
202.36	18100.46
202.43	18483.72
202.51	18838.65
202.58	19124.64
202.65	19351.05
202.73	19552.58
202.80	19746.06
202.87	19924.41
202.95	20101.44
203.02	20246.25
203.10	20328.94
203.17	20324.06
203.24	20210.50
203.32	19919.24
203.39	19468.37
203.46	19006.88
203.54	18643.24
203.61	18462.58
203.69	18523.58
203.76	18816.25
203.83	19208.56
203.91	19596.44
203.98	19950.49
204.05	20268.92
204.13	20563.61
204.20	20844.87
204.28	21100.62
204.35	21303.87
204.42	21457.35
204.50	21583.82
204.57	21661.18
204.64	21708.95
204.72	21700.98
204.79	21591.85
204.86	21355.54
204.94	21061.73
205.01	20744.28
205.09	20433.89
205.16	20199.04
205.23	20112.87
205.31	20185.38
205.38	20380.17
205.45	20703.88
205.53	21118.78
205.60	21564.77
205.67	21960.76
205.75	22287.86
205.82	22549.32
205.89	22770.82
205.97	22946.26
206.04	23112.64
206.12	23281.36
206.19	23447.22
206.26	23550.94
206.34	23608.47
206.41	23531.25
206.48	23315.45
206.56	22889.68
206.63	22369.80
206.70	21835.64
206.78	21473.86
206.85	21332.08
206.92	21498.35
207.00	21880.99
207.07	22383.14
207.14	22873.05
207.22	23314.76
207.29	23688.30
207.36	24012.26
207.44	24292.65
207.51	24544.08
207.58	24770.56
207.66	24973.97
207.73	25157.51
207.80	25299.60
207.88	25391.24
207.95	25400.72
208.02	25316.00
208.10	25081.27
208.17	24689.08
208.25	24228.22
208.32	23822.04
208.39	23516.81
208.47	23400.80
208.54	23500.45
208.61	23747.17
208.69	24054.34
208.76	24380.96
208.83	24732.04
208.90	25088.45
208.98	25436.06
209.05	25755.54
209.12	26062.44
209.20	26327.52
209.27	26563.08
209.34	26768.91
209.42	26966.04
209.49	27118.50
209.56	27217.10
209.64	27254.14
209.71	27207.80
209.78	27008.08
209.86	26688.37
209.93	26312.47
210.00	25904.38
210.08	25533.51
210.15	25329.85
210.22	25337.61
210.30	25509.58
210.37	25824.68
210.44	26227.59
210.52	26645.27
210.59	27018.58
210.66	27333.11
210.74	27612.37
210.81	27863.95
210.88	28103.46
210.96	28319.48
211.03	28539.71
211.10	28747.23
211.17	28927.74
211.25	29056.66
211.32	29125.43
211.39	29097.40
211.47	28949.99
211.54	28629.56
211.61	28178.67
211.69	27750.59
211.76	27445.64
211.83	27322.30
211.91	27448.08
211.98	27778.64
212.05	28166.02
212.12	28513.58
212.20	28805.14
212.27	29051.50
212.34	29247.50
212.42	29431.84
212.49	29618.38
212.56	29808.29
212.64	30010.58
212.71	30225.41
212.78	30431.14
212.85	30615.30
212.93	30751.84
213.00	30828.40
213.07	30840.65
213.15	30736.75
213.22	30536.54
213.29	30299.83
213.37	30052.54
213.44	29834.34
213.51	29727.12
213.58	29759.70
213.66	29891.06
213.73	30097.01
213.80	30353.14
213.88	30636.76
213.95	30856.34
214.02	31031.74
214.09	31191.98
214.17	31346.23
214.24	31506.34
214.31	31710.48
214.39	31935.14
214.46	32152.46
214.53	32339.00
214.60	32485.17
214.68	32599.84
214.75	32678.86
214.82	32694.78
214.90	32648.48
214.97	32502.42
215.04	32230.63
215.11	31920.20
215.19	31675.26
215.26	31563.75
215.33	31612.28
215.41	31852.08
215.48	32188.06
215.55	32518.63
215.62	32784.34
215.70	33003.78
215.77	33193.23
215.84	33371.76
215.91	33537.10
215.99	33717.45
216.06	33884.34
216.13	34025.96
216.21	34118.34
216.28	34215.60
216.35	34302.51
216.42	34382.81
216.50	34433.86
216.57	34478.77
216.64	34455.30
216.71	34325.49
216.79	34133.27
216.86	33951.24
216.93	33819.76
217.01	33770.38
217.08	33852.93
217.15	34034.67
217.22	34255.58
217.30	34469.77
217.37	34691.26
217.44	34898.26
217.51	35087.86
217.59	35262.54
217.66	35433.39
217.73	35572.60
217.80	35694.55
217.88	35802.26
217.95	35906.36
218.02	35989.75
218.09	36078.77
218.17	36176.90
218.24	36273.54
218.31	36357.45
218.38	36417.40
218.46	36425.20
218.53	36323.60
218.60	36151.40
218.67	35964.36
218.75	35817.20
218.82	35757.08
218.89	35831.24
218.96	36010.14
219.04	36240.68
219.11	36481.25
219.18	36694.66
219.25	36869.38
219.33	37035.72
219.40	37191.20
219.47	37335.99
219.54	37467.61
219.62	37597.98
219.69	37708.71
219.76	37829.37
219.83	37940.96
219.91	38051.00
219.98	38170.12
220.05	38265.05
220.12	38314.42
220.20	38340.56
220.27	38327.52
220.34	38223.38
220.41	38085.84
220.49	37957.06
220.56	37866.40
220.63	37844.48
220.70	37939.22
220.78	38104.86
220.85	38288.96
220.92	38450.35
220.99	38597.88
221.06	38718.30
221.14	38832.20
221.21	38953.36
221.28	39089.87
221.35	39214.08
221.43	39339.25
221.50	39462.38
221.57	39569.07
221.64	39678.34
221.72	39787.15
221.79	39890.98
221.86	39964.90
221.93	40038.52
222.00	40090.50
222.08	40123.44
222.15	40108.34
222.22	40088.47
222.29	40060.64
222.37	40047.50
222.44	40050.62
222.51	40101.50
222.58	40176.92
222.65	40262.16
222.73	40357.87
222.80	40454.29
222.87	40560.76
222.94	40667.80
223.02	40783.08
223.09	40874.52
223.16	40976.52
223.23	41084.79
223.30	41205.91
223.38	41320.14
223.45	41452.16
223.52	41576.61
223.59	41681.52
223.66	41747.64
223.74	41800.58
223.81	41830.93
223.88	41856.79
223.95	41870.86
224.03	41894.04
224.10	41912.82
224.17	41942.90
224.24	41968.12
224.31	42009.94
224.39	42082.65
224.46	42164.94
224.53	42243.87
224.60	42331.30
224.67	42430.06
224.75	42518.48
224.82	42620.60
224.89	42740.47
224.96	42858.28
225.03	42962.96
225.11	43067.72
225.18	43166.84
225.25	43257.90
225.32	43342.34
225.39	43427.28
225.47	43499.32
225.54	43552.63
225.61	43576.66
225.68	43594.73
225.75	43609.71
225.83	43649.79
225.90	43713.59
225.97	43801.04
226.04	43900.06
226.11	44008.44
226.19	44105.64
226.26	44190.80
226.33	44284.00
226.40	44375.26
226.47	44461.20
226.54	44545.70
226.62	44645.40
226.69	44745.20
226.76	44844.46
226.83	44945.52
226.90	45029.53
226.98	45090.50
227.05	45134.58
227.12	45183.48
227.19	45218.10
227.26	45272.96
227.34	45351.33
227.41	45431.47
227.48	45507.76
227.55	45577.81
227.62	45639.93
227.69	45688.40
227.77	45750.16
227.84	45820.11
227.91	45898.41
227.98	45971.37
228.05	46044.26
228.12	46113.99
228.20	46192.66
228.27	46278.97
228.34	46370.02
228.41	46471.79
228.48	46566.74
228.56	46659.90
228.63	46752.53
228.70	46841.94
228.77	46931.16
228.84	47023.64
228.91	47114.36
228.99	47211.98
229.06	47325.58
229.13	47426.22
229.20	47523.77
229.27	47595.03
229.34	47670.12
229.42	47735.79
229.49	47808.84
229.56	47881.92
229.63	47960.04
229.70	48015.69
229.77	48069.04
229.85	48116.89
229.92	48160.81
229.99	48217.90
230.06	48284.04
230.13	48369.09
230.20	48451.92
230.27	48557.05
230.35	48667.20
230.42	48787.82
230.49	48899.66
230.56	49004.96
230.63	49106.24
230.70	49183.54
230.78	49247.86
230.85	49291.53
230.92	49357.24
230.99	49413.30
231.06	49502.49
231.13	49618.19
231.20	49745.87
231.28	49854.36
231.35	49975.92
231.42	50073.48
231.49	50154.83
231.56	50229.02
231.63	50315.25
231.71	50379.80
231.78	50447.60
231.85	50505.08
231.92	50573.95
231.99	50635.03
232.06	50705.93
232.13	50801.26
232.21	50902.50
232.28	50994.92
232.35	51083.54
232.42	51172.76
232.49	51240.18
232.56	51334.57
232.63	51428.57
232.71	51535.60
232.78	51643.08
232.85	51746.41
232.92	51823.39
232.99	51905.30
233.06	51982.51
233.13	52040.56
233.20	52092.17
233.28	52139.54
233.35	52184.56
233.42	52234.04
233.49	52313.08
233.56	52404.30
233.63	52496.81
233.70	52602.83
233.78	52713.00
233.85	52818.39
233.92	52915.15
233.99	53002.29
234.06	53080.06
234.13	53160.04
234.20	53239.40
234.27	53309.06
234.35	53382.40
234.42	53448.08
234.49	53511.56
234.56	53553.88
234.63	53608.14
234.70	53667.25
234.77	53721.04
234.84	53754.69
234.92	53799.03
234.99	53859.00
235.06	53929.83
235.13	54009.62
235.20	54110.54
235.27	54206.38
235.34	54297.46
235.41	54377.00
235.48	54460.28
235.56	54534.71
235.63	54605.40
235.70	54661.46
235.77	54707.60
235.84	54743.46
235.91	54761.86
235.98	54798.42
236.05	54835.76
236.12	54878.42
236.20	54905.08
236.27	54958.72
236.34	55002.62
236.41	55044.75
236.48	55098.00
236.55	55149.32
236.62	55189.09
236.69	55237.30
236.76	55317.77
236.84	55386.28
236.91	55474.94
236.98	55564.70
237.05	55640.74
237.12	55682.36
237.19	55722.50
237.26	55763.94
237.33	55791.64
237.40	55809.88
237.47	55841.12
237.55	55888.14
237.62	55946.64
237.69	56017.55
237.76	56105.14
237.83	56178.32
237.90	56235.28
237.97	56282.78
238.04	56326.33
238.11	56370.72
238.18	56422.23
238.26	56474.49
238.33	56512.71
238.40	56558.10
238.47	56589.14
238.54	56612.25
238.61	56620.91
238.68	56637.75
238.75	56642.75
238.82	56664.81
238.89	56701.64
238.96	56761.06
239.04	56824.92
239.11	56895.98
239.18	56947.48
239.25	56977.50
239.32	56998.21
239.39	57012.37
239.46	57003.36
239.53	56997.06
239.60	56989.84
239.67	57002.42
239.74	57015.23
239.81	57047.20
239.89	57088.08
239.96	57134.40
240.03	57172.70
240.10	57201.55
240.17	57225.96
240.24	57243.08
240.31	57268.10
240.38	57288.58
240.45	57341.45
240.52	57402.93
240.59	57471.14
240.66	57538.61
240.73	57598.66
240.80	57627.62
240.88	57645.18
240.95	57655.36
241.02	57667.01
241.09	57679.17
241.16	57697.57
241.23	57717.74
241.30	57720.37
241.37	57704.65
241.44	57692.95
241.51	57688.95
241.58	57703.14
241.65	57734.04
241.72	57773.54
241.79	57813.52
241.86	57833.62
241.94	57834.68
242.01	57828.42
242.08	57819.54
242.15	57814.17
242.22	57819.46
242.29	57820.27
242.36	57838.78
242.43	57851.53
242.50	57851.32
242.57	57840.70
242.64	57848.13
242.71	57831.93
242.78	57825.48
242.85	57823.19
242.92	57834.57
242.99	57832.61
243.06	57842.70
243.14	57854.81
243.21	57873.30
243.28	57886.40
243.35	57906.95
243.42	57941.04
243.49	57968.62
243.56	57982.04
243.63	58005.57
243.70	58023.51
243.77	58026.60
243.84	58015.67
243.91	58004.94
243.98	57976.20
244.05	57939.12
244.12	57903.84
244.19	57888.79
244.26	57865.40
244.33	57854.48
244.40	57838.90
244.47	57826.81
244.54	57809.54
244.62	57785.56
244.69	57760.35
244.76	57759.36
244.83	57761.70
244.90	57765.25
244.97	57787.86
245.04	57811.14
245.11	57811.34
245.18	57804.44
245.25	57803.30
245.32	57819.74
245.39	57840.98
245.46	57855.19
245.53	57862.54
245.60	57862.49
245.67	57841.78
245.74	57816.36
245.81	57804.50
245.88	57785.71
245.95	57768.40
246.02	57746.42
246.09	57702.71
246.16	57659.70
246.23	57625.70
246.30	57593.44
246.37	57581.35
246.44	57602.24
246.51	57624.74
246.58	57657.73
246.65	57683.97
246.72	57710.55
246.79	57714.80
246.87	57710.38
246.94	57688.78
247.01	57670.30
247.08	57621.88
247.15	57561.50
247.22	57493.41
247.29	57432.36
247.36	57386.37
247.43	57360.00
247.50	57358.52
247.57	57374.44
247.64	57400.87
247.71	57424.96
247.78	57452.94
247.85	57477.30
247.92	57493.40
247.99	57490.49
248.06	57470.62
248.13	57433.40
248.20	57404.40
248.27	57376.15
248.34	57360.78
248.41	57356.60
248.48	57359.25
248.55	57357.44
248.62	57355.17
248.69	57356.72
248.76	57341.28
248.83	57319.04
248.90	57279.97
248.97	57248.76
249.04	57203.19
249.11	57168.45
249.18	57134.20
249.25	57105.35
249.32	57067.55
249.39	57019.72
249.46	56971.09
249.53	56939.00
249.60	56894.33
249.67	56862.43
249.74	56855.37
249.81	56851.43
249.88	56856.28
249.95	56888.98
250.02	56926.11
250.09	56939.56
250.16	56958.02
250.23	56949.98
250.30	56936.43
250.37	56918.74
250.44	56927.81
250.51	56920.41
250.58	56926.73
250.65	56918.07
250.72	56881.14
250.79	56836.10
250.86	56794.84
250.93	56751.60
251.00	56709.86
251.07	56698.48
251.14	56682.87
251.21	56664.24
251.28	56634.42
251.35	56611.17
251.42	56589.54
251.49	56570.59
251.56	56550.62
251.63	56537.18
251.70	56532.55
251.77	56506.63
251.84	56466.26
251.91	56429.52
251.98	56377.04
252.05	56314.03
252.12	56260.02
252.18	56221.06
252.25	56187.19
252.32	56195.46
252.39	56200.26
252.46	56193.63
252.53	56189.24
252.60	56178.88
252.67	56138.45
252.74	56107.42
252.81	56081.97
252.88	56049.30
252.95	56006.94
253.02	55980.46
253.09	55957.40
253.16	55947.59
253.23	55934.48
253.30	55951.56
253.37	55946.61
253.44	55931.75
253.51	55893.67
253.58	55873.02
253.65	55853.46
253.72	55848.30
253.79	55830.80
253.86	55833.65
253.93	55820.32
254.00	55790.35
254.07	55754.59
254.14	55725.40
254.21	55678.78
254.28	55648.15
254.35	55627.14
254.41	55603.94
254.48	55586.34
254.55	55586.52
254.62	55561.38
254.69	55517.62
254.76	55474.58
254.83	55424.94
254.90	55379.63
254.97	55356.04
255.04	55340.67
255.11	55317.16
255.18	55297.71
255.25	55248.68
255.32	55210.92
255.39	55169.35
255.46	55143.26
255.53	55125.58
255.60	55117.30
255.67	55088.52
255.74	55074.14
255.81	55063.10
255.87	55051.40
255.94	55031.38
256.01	55023.74
256.08	55003.12
256.15	54976.96
256.22	54942.54
256.29	54921.76
256.36	54884.34
256.43	54855.17
256.50	54847.14
256.57	54834.83
256.64	54821.23
256.71	54812.48
256.78	54797.02
256.85	54755.86
256.92	54724.56
256.99	54711.28
257.05	54690.22
257.12	54665.54
257.19	54624.64
257.26	54586.17
257.33	54523.04
257.40	54465.60
257.47	54406.51
257.54	54381.72
257.61	54347.03
257.68	54336.80
257.75	54324.36
257.82	54337.30
257.89	54323.84
257.96	54314.76
258.03	54272.90
258.09	54220.97
258.16	54149.11
258.23	54076.72
258.30	54014.34
258.37	53970.15
258.44	53940.79
258.51	53918.44
258.58	53907.12
258.65	53891.25
258.72	53872.22
258.79	53838.72
258.86	53801.24
258.93	53783.58
258.99	53744.47
259.06	53712.54
259.13	53673.48
259.20	53637.00
259.27	53591.01
259.34	53567.58
259.41	53548.49
259.48	53560.43
259.55	53559.98
259.62	53556.04
259.69	53528.02
259.76	53487.50
259.82	53423.27
259.89	53379.54
259.96	53336.36
260.03	53303.22
260.10	53262.14
260.17	53210.84
260.24	53151.14
260.31	53091.31
260.38	53043.31
260.45	53020.70
260.52	53013.63
260.59	53000.34
260.65	52974.26
260.72	52946.36
260.79	52915.13
260.86	52883.44
260.93	52851.58
261.00	52827.00
261.07	52783.92
261.14	52724.82
261.21	52673.66
261.28	52618.85
261.34	52547.96
261.41	52481.00
261.48	52432.73
261.55	52381.38
261.62	52330.99
261.69	52289.76
261.76	52271.97
261.83	52250.28
261.90	52222.09
261.97	52188.03
262.03	52161.89
262.10	52123.98
262.17	52075.87
262.24	52047.75
262.31	52026.93
262.38	52000.61
262.45	51978.96
262.52	51955.75
262.59	51919.16
262.65	51880.88
262.72	51835.87
262.79	51789.83
262.86	51745.58
262.93	51707.07
263.00	51670.46
263.07	51630.04
263.14	51586.60
263.21	51551.98
263.27	51514.79
263.34	51486.44
263.41	51447.12
263.48	51399.70
263.55	51346.98
263.62	51276.07
263.69	51199.20
263.76	51147.78
263.82	51107.41
263.89	51066.06
263.96	51048.66
264.03	51024.64
264.10	51003.22
264.17	50956.14
264.24	50906.98
264.31	50852.20
264.38	50798.77
264.44	50740.62
264.51	50705.21
264.58	50670.61
264.65	50634.81
264.72	50582.47
264.79	50532.22
264.86	50488.82
264.92	50442.80
264.99	50404.80
265.06	50378.40
265.13	50348.52
265.20	50321.00
265.27	50288.02
265.34	50247.50
265.41	50225.25
265.47	50195.25
265.54	50148.27
265.61	50119.56
265.68	50102.14
265.75	50063.84
265.82	50014.33
265.89	49960.12
265.95	49906.48
266.02	49825.42
266.09	49768.02
266.16	49739.92
266.23	49716.04
266.30	49676.09
266.37	49633.68
266.44	49565.46
266.50	49501.89
266.57	49431.04
266.64	49361.94
266.71	49302.76
266.78	49253.56
266.85	49175.92
266.91	49116.19
266.98	49065.53
267.05	49012.02
267.12	48972.25
267.19	48949.78
267.26	48924.28
267.33	48895.57
267.39	48879.22
267.46	48858.92
267.53	48822.36
267.60	48783.51
267.67	48747.58
267.74	48717.76
267.81	48673.18
267.87	48629.94
267.94	48597.94
268.01	48557.04
268.08	48497.57
268.15	48444.19
268.22	48404.91
268.28	48350.52
268.35	48298.78
268.42	48250.70
268.49	48200.86
268.56	48152.85
268.63	48102.58
268.69	48054.06
268.76	48011.78
268.83	47972.93
268.90	47932.65
268.97	47909.82
269.04	47894.71
269.11	47880.79
269.17	47863.12
269.24	47833.30
269.31	47804.38
269.38	47768.73
269.45	47718.92
269.52	47668.90
269.58	47641.36
269.65	47584.26
269.72	47527.92
269.79	47492.06
269.86	47465.93
269.92	47412.54
269.99	47387.48
270.06	47354.04
270.13	47309.44
270.20	47249.41
270.27	47217.66
270.33	47179.02
270.40	47132.34
270.47	47102.05
270.54	47088.52
270.61	47058.88
270.68	47038.14
270.74	47027.70
270.81	47013.34
270.88	46995.27
270.95	46971.80
271.02	46925.99
271.08	46879.84
271.15	46814.46
271.22	46755.43
271.29	46711.28
271.36	46658.60
271.43	46613.61
271.49	46587.50
271.56	46560.89
271.63	46530.99
271.70	46511.51
271.77	46504.43
271.83	46483.28
271.90	46441.95
271.97	46404.01
272.04	46367.70
272.11	46318.19
272.17	46291.40
272.24	46275.94
272.31	46247.42
272.38	46230.84
272.45	46209.96
272.52	46173.83
272.58	46144.19
272.65	46137.63
272.72	46113.90
272.79	46076.01
272.86	46046.83
272.92	46006.36
272.99	45956.68
273.06	45916.02
273.13	45885.64
273.20	45845.89
273.26	45816.05
273.33	45775.01
273.40	45741.64
273.47	45718.47
273.54	45691.38
273.60	45656.77
273.67	45623.97
273.74	45607.20
273.81	45578.83
273.88	45570.44
273.94	45571.88
274.01	45577.51
274.08	45566.42
274.15	45556.32
274.21	45525.26
274.28	45484.86
274.35	45422.88
274.42	45354.74
274.49	45288.98
274.55	45242.74
274.62	45215.50
274.69	45185.78
274.76	45156.95
274.83	45129.17
274.89	45103.02
274.96	45063.22
275.03	45045.38
275.10	45020.58
275.17	44990.96
275.23	44950.40
275.30	44906.92
275.37	44872.25
275.44	44840.78
275.50	44811.30
275.57	44771.95
275.64	44725.70
275.71	44675.08
275.78	44634.05
275.84	44608.94
275.91	44583.14
275.98	44560.34
276.05	44532.94
276.11	44505.52
276.18	44468.54
276.25	44419.11
276.32	44374.04
276.39	44328.32
276.45	44276.47
276.52	44217.66
276.59	44181.42
276.66	44148.53
276.72	44126.60
276.79	44107.07
276.86	44094.80
276.93	44075.63
276.99	44053.51
277.06	44019.97
277.13	43989.38
277.20	43959.16
277.26	43928.20
277.33	43905.57
277.40	43882.42
277.47	43852.66
277.54	43818.15
277.60	43780.39
277.67	43735.62
277.74	43683.17
277.81	43625.79
277.87	43580.81
277.94	43537.94
278.01	43498.48
278.08	43470.03
278.14	43450.72
278.21	43418.58
278.28	43399.40
278.35	43390.54
278.41	43379.29
278.48	43357.72
278.55	43338.52
278.62	43319.75
278.68	43280.64
278.75	43223.22
278.82	43183.22
278.89	43139.80
278.95	43091.25
279.02	43044.97
279.09	43026.37
279.16	43009.91
279.22	42993.36
279.29	42968.58
279.36	42942.72
279.43	42899.67
279.49	42832.22
279.56	42765.20
279.63	42687.90
279.70	42615.88
279.76	42556.64
279.83	42513.80
279.90	42492.18
279.97	42483.51
280.03	42473.17
280.10	42453.22
280.17	42440.70
280.24	42403.42
280.30	42371.04
280.37	42323.04
280.44	42288.86
280.51	42252.46
280.57	42220.19
280.64	42175.80
280.71	42134.60
280.77	42084.71
280.84	42000.89
280.91	41914.64
280.98	41829.39
281.04	41756.30
281.11	41674.39
281.18	41615.48
281.25	41552.89
281.31	41492.58
281.38	41419.92
281.45	41352.97
281.52	41293.90
281.58	41237.31
281.65	41181.38
281.72	41140.46
281.78	41110.52
281.85	41081.62
281.92	41055.14
281.99	41034.35
282.05	41017.57
282.12	40979.80
282.19	40941.89
282.26	40922.41
282.32	40903.84
282.39	40879.96
282.46	40855.74
282.52	40832.82
282.59	40798.20
282.66	40760.52
282.73	40732.10
282.79	40708.31
282.86	40665.18
282.93	40607.32
282.99	40551.74
283.06	40483.28
283.13	40404.52
283.20	40329.50
283.26	40260.41
283.33	40183.00
283.40	40107.30
283.46	40060.08
283.53	40020.48
283.60	39991.07
283.67	39973.22
283.73	39973.72
283.80	39957.87
283.87	39947.09
283.93	39941.32
284.00	39927.39
284.07	39905.12
284.13	39885.14
284.20	39861.34
284.27	39833.84
284.34	39803.14
284.40	39770.89
284.47	39749.40
284.54	39732.64
284.60	39706.98
284.67	39692.78
284.74	39672.99
284.81	39634.28
284.87	39595.44
284.94	39545.98
285.01	39497.91
285.07	39439.10
285.14	39387.95
285.21	39341.34
285.27	39308.68
285.34	39283.61
285.41	39276.45
285.47	39267.70
285.54	39252.93
285.61	39234.88
285.68	39208.97
285.74	39179.94
285.81	39148.49
285.88	39125.36
285.94	39112.92
286.01	39097.31
286.08	39077.85
286.14	39083.34
286.21	39075.94
286.28	39069.29
286.34	39051.17
286.41	39021.90
286.48	38965.80
286.55	38908.49
286.61	38846.29
286.68	38790.74
286.75	38739.79
286.81	38697.44
286.88	38657.67
286.95	38607.39
287.01	38577.78
287.08	38563.18
287.15	38554.99
287.21	38547.92
287.28	38549.90
287.35	38532.31
287.41	38516.24
287.48	38500.44
287.55	38487.23
287.61	38472.52
287.68	38460.41
287.75	38438.12
287.81	38409.06
287.88	38378.50
287.95	38360.08
288.01	38334.45
288.08	38310.88
288.15	38275.54
288.21	38243.96
288.28	38208.20
288.35	38178.16
288.41	38151.82
288.48	38133.13
288.55	38106.66
288.61	38066.14
288.68	38031.17
288.75	37987.88
288.81	37951.03
288.88	37918.95
288.95	37897.94
289.01	37892.67
289.08	37889.00
289.15	37895.82
289.21	37909.87
289.28	37921.69
289.35	37921.99
289.41	37913.12
289.48	37900.73
289.55	37890.20
289.61	37869.98
289.68	37858.92
289.75	37847.20
289.81	37826.74
289.88	37795.18
289.95	37764.18
290.01	37714.26
290.08	37681.40
290.15	37637.51
290.21	37601.44
290.28	37584.51
290.35	37568.82
290.41	37544.62
290.48	37538.74
290.55	37511.14
290.61	37468.55
290.68	37440.18
290.74	37427.42
290.81	37418.82
290.88	37429.78
290.94	37441.71
291.01	37445.11
291.08	37437.72
291.14	37426.31
291.21	37418.87
291.28	37412.11
291.34	37408.94
291.41	37404.36
291.48	37411.30
291.54	37403.30
291.61	37400.46
291.68	37379.99
291.74	37350.51
291.81	37307.56
291.87	37292.96
291.94	37247.74
292.01	37220.15
292.07	37201.72
292.14	37169.62
292.21	37102.36
292.27	37070.89
292.34	37039.02
292.41	37011.36
292.47	36986.92
292.54	36978.54
292.60	36963.25
292.67	36958.35
292.74	36947.62
292.80	36960.70
292.87	36971.08
292.94	36991.18
293.00	36998.68
293.07	37008.88
293.13	37013.24
293.20	37022.90
293.27	37021.32
293.33	37010.31
293.40	37011.22
293.47	37000.42
293.53	36973.66
293.60	36947.20
293.66	36915.38
293.73	36870.16
293.80	36812.54
293.86	36772.64
293.93	36734.40
294.00	36702.96
294.06	36673.17
294.13	36669.30
294.19	36653.98
294.26	36643.64
294.33	36642.56
294.39	36629.57
294.46	36613.71
294.52	36610.88
294.59	36603.30
294.66	36592.71
294.72	36601.50
294.79	36607.41
294.86	36614.48
294.92	36623.66
294.99	36650.66
295.05	36671.82
295.12	36688.96
295.19	36701.83
295.25	36713.29
295.32	36709.59
295.38	36704.34
295.45	36701.12
295.52	36690.44
295.58	36658.33
295.65	36619.90
295.71	36582.84
295.78	36526.31
295.85	36470.11
295.91	36436.16
295.98	36388.42
296.04	36328.35
296.11	36297.68
296.18	36276.54
296.24	36253.44
296.31	36254.94
296.37	36275.84
296.44	36304.29
296.51	36330.45
296.57	36365.78
296.64	36398.52
296.70	36433.47
296.77	36441.06
296.84	36444.36
296.90	36443.02
296.97	36440.46
297.03	36432.86
297.10	36437.28
297.17	36455.30
297.23	36477.10
297.30	36487.07
297.36	36483.00
297.43	36472.40
297.50	36458.99
297.56	36423.25
297.63	36391.58
297.69	36357.24
297.76	36309.53
297.82	36236.15
297.89	36180.14
297.96	36125.20
298.02	36088.79
298.09	36063.92
298.15	36050.50
298.22	36050.18
298.29	36045.34
298.35	36036.08
298.42	36032.10
298.48	36048.50
298.55	36054.12
298.61	36078.22
298.68	36104.48
298.75	36134.27
298.81	36149.99
298.88	36168.44
298.94	36170.92
299.01	36182.14
299.08	36189.05
299.14	36184.92
299.21	36179.07
299.27	36187.58
299.34	36177.10
299.40	36176.15
299.47	36176.64
299.54	36171.00
299.60	36157.30
299.67	36142.19
299.73	36100.86
299.80	36036.73
299.86	35958.12
299.93	35874.66
299.99	35793.33
300.06	35734.09
300.13	35703.56
300.19	35692.30
300.26	35678.94
300.32	35692.12
300.39	35696.11
300.45	35715.52
300.52	35749.06
300.59	35790.35
300.65	35812.56
300.72	35846.95
300.78	35863.99
300.85	35877.10
300.91	35874.07
300.98	35869.61
301.04	35860.32
301.11	35861.70
301.18	35846.54
301.24	35840.67
301.31	35835.59
301.37	35827.68
301.44	35807.66
301.50	35783.25
301.57	35768.73
301.63	35751.65
301.70	35716.05
301.77	35670.60
301.83	35620.36
301.90	35554.31
301.96	35470.05
302.03	35392.70
302.09	35339.32
302.16	35291.88
302.22	35259.91
302.29	35245.16
302.36	35237.50
302.42	35227.80
302.49	35234.38
302.55	35230.26
302.62	35224.96
302.68	35229.10
302.75	35236.11
302.81	35231.34
302.88	35233.64
302.94	35234.19
303.01	35234.50
303.07	35221.10
303.14	35215.22
303.21	35199.16
303.27	35184.88
303.34	35167.10
303.40	35141.27
303.47	35106.01
303.53	35074.76
303.60	35054.46
303.66	35019.72
303.73	34993.74
303.79	34966.20
303.86	34923.13
303.92	34866.13
303.99	34810.98
304.05	34731.89
304.12	34651.68
304.19	34589.80
304.25	34521.40
304.32	34470.30
304.38	34439.93
304.45	34416.59
304.51	34394.98
304.58	34391.18
304.64	34380.82
304.71	34374.59
304.77	34360.31
304.84	34343.36
304.90	34316.05
304.97	34290.41
305.03	34260.29
305.10	34231.82
305.16	34208.35
305.23	34193.70
305.29	34168.10
305.36	34135.28
305.42	34114.62
305.49	34084.72
305.56	34039.52
305.62	33998.96
305.69	33961.92
305.75	33913.60
305.82	33838.56
305.88	33734.06
305.95	33605.08
306.01	33469.03
306.08	33331.25
306.14	33222.34
306.21	33137.09
306.27	33082.46
306.34	33039.90
306.40	33003.28
306.47	32977.96
306.53	32994.27
306.60	33009.33
306.66	33027.34
306.73	33042.03
306.79	33038.40
306.86	33005.16
306.92	32963.48
306.99	32925.31
307.05	32895.66
307.12	32868.86
307.18	32834.09
307.25	32811.99
307.31	32775.25
307.38	32729.33
307.44	32690.02
307.51	32657.10
307.57	32599.68
307.64	32557.34
307.70	32511.28
307.77	32457.03
307.83	32407.39
307.90	32363.18
307.96	32310.94
308.03	32250.31
308.09	32191.08
308.16	32124.65
308.22	32066.80
308.29	32001.27
308.35	31939.42
308.42	31881.12
308.48	31818.31
308.55	31749.54
308.61	31686.19
308.68	31631.96
308.74	31575.04
308.81	31533.54
308.87	31497.45
308.94	31474.33
309.00	31437.86
309.07	31414.50
309.13	31372.52
309.20	31343.44
309.26	31287.30
309.33	31238.73
309.39	31183.94
309.45	31134.33
309.52	31063.60
309.58	31008.45
309.65	30955.01
309.71	30887.26
309.78	30833.15
309.84	30778.72
309.91	30725.21
309.97	30661.13
310.04	30617.31
310.10	30561.02
310.17	30513.49
310.23	30460.99
310.30	30415.70
310.36	30361.38
310.43	30304.80
310.49	30240.98
310.56	30180.08
310.62	30114.99
310.69	30039.09
310.75	29969.18
310.81	29913.52
310.88	29860.41
310.94	29819.30
311.01	29783.02
311.07	29742.16
311.14	29697.81
311.20	29650.04
311.27	29595.36
311.33	29557.08
311.40	29515.10
311.46	29470.10
311.53	29428.97
311.59	29392.67
311.66	29352.17
311.72	29308.18
311.78	29256.58
311.85	29210.09
311.91	29156.19
311.98	29102.28
312.04	29055.45
312.11	29015.72
312.17	28968.52
312.24	28927.06
312.30	28871.17
312.37	28811.79
312.43	28758.19
312.50	28700.47
312.56	28641.45
312.62	28576.70
312.69	28523.54
312.75	28458.16
312.82	28386.48
312.88	28318.36
312.95	28264.41
313.01	28195.72
313.08	28136.76
313.14	28102.52
313.20	28056.71
313.27	28003.00
313.33	27957.86
313.40	27919.51
313.46	27861.18
313.53	27809.45
313.59	27759.16
313.66	27721.68
313.72	27673.73
313.78	27632.15
313.85	27593.62
313.91	27560.32
313.98	27512.46
314.04	27462.20
314.11	27417.54
314.17	27371.02
314.24	27315.14
314.30	27267.55
314.36	27211.41
314.43	27160.88
314.49	27108.00
314.56	27061.53
314.62	26999.07
314.69	26953.64
314.75	26892.72
314.81	26839.95
314.88	26782.34
314.94	26734.99
315.01	26689.17
315.07	26641.91
315.14	26592.60
315.20	26548.81
315.27	26500.74
315.33	26459.10
315.39	26415.89
315.46	26369.95
315.52	26321.70
315.59	26282.29
315.65	26226.09
315.72	26183.34
315.78	26136.97
315.84	26098.04
315.91	26060.14
315.97	26036.86
316.04	26017.24
316.10	25997.99
316.16	25956.74
316.23	25885.31
316.29	25778.06
316.36	25623.28
316.42	25436.69
316.49	25242.15
316.55	25030.96
316.61	24815.42
316.68	24592.86
316.74	24377.76
316.81	24150.25
316.87	23938.02
316.93	23718.32
317.00	23511.38
317.06	23304.44
317.13	23090.78
317.19	22864.41
317.26	22642.96
317.32	22416.24
317.38	22196.44
317.45	21982.80
317.51	21778.29
317.58	21574.82
317.64	21372.80
317.70	21159.70
317.77	20956.03
317.83	20754.90
317.90	20551.82
317.96	20342.20
318.02	20139.00
318.09	19941.07
318.15	19726.71
318.22	19508.70
318.28	19300.98
318.34	19080.70
318.41	18848.06
318.47	18632.53
318.54	18424.41
318.60	18217.09
318.66	18013.40
318.73	17814.82
318.79	17618.36
318.86	17420.62
318.92	17226.18
318.98	17038.93
319.05	16842.37
319.11	16651.01
319.18	16452.53
319.24	16254.12
319.30	16047.46
319.37	15863.43
319.43	15671.68
319.50	15480.81
319.56	15297.30
319.62	15120.88
319.69	14931.69
319.75	14749.56
319.82	14572.66
319.88	14381.98
319.94	14191.98
320.01	14013.24
320.07	13822.36
320.13	13631.39
320.20	13446.16
320.26	13262.12
320.33	13075.06
320.39	12896.21
320.45	12713.90
320.52	12536.18
320.58	12360.36
320.65	12177.06
320.71	11995.07
320.77	11826.38
320.84	11647.88
320.90	11468.12
320.96	11293.68
321.03	11109.66
321.09	10921.86
321.16	10740.12
321.22	10554.96
321.28	10372.46
321.35	10203.38
321.41	10029.92
321.47	9857.70
321.54	9692.65
321.60	9519.18
321.67	9341.58
321.73	9171.88
321.79	8998.93
321.86	8831.61
321.92	8659.38
321.98	8478.28
322.05	8291.80
322.11	8102.67
322.18	7903.48
322.24	7714.65
322.30	7532.96
322.37	7360.76
322.43	7187.40
322.49	7023.23
322.56	6848.86
322.62	6680.94
322.68	6502.86
322.75	6335.26
322.81	6157.14
322.88	5985.42
322.94	5814.81
323.00	5638.22
323.07	5466.56
323.13	5300.48
323.19	5137.86
323.26	4975.40
323.32	4823.31
323.38	4662.58
323.45	4441.14
323.51	3802.70
323.57	2919.23
323.64	1997.15
323.70	1111.76
323.76	319.28
323.83	-22.18
323.89	-89.41
323.96	-89.74
