180.25	3502.73
180.33	-130.02
180.40	652.33
180.48	-35.49
180.56	5.99
180.63	39.65
180.71	78.71
180.78	78.62
180.86	80.58
180.93	84.92
181.01	87.28
181.08	86.54
181.16	85.84
181.23	86.86
181.31	86.46
181.39	108.56
181.46	116.32
181.54	126.46
181.61	141.95
181.69	151.29
181.76	144.65
181.84	140.44
181.91	143.14
181.99	145.37
182.06	146.00
182.14	152.68
182.22	159.30
182.29	170.43
182.37	175.71
182.44	189.42
182.52	188.74
182.59	208.08
182.67	217.72
182.74	224.62
182.82	229.11
182.89	239.30
182.97	238.54
183.04	247.79
183.12	257.63
183.20	280.52
183.27	296.85
183.35	331.81
183.42	361.94
183.50	410.36
183.57	443.21
183.65	498.70
183.72	550.66
183.80	613.04
183.87	665.42
183.95	718.60
184.02	770.24
184.10	807.04
184.17	826.88
184.25	828.26
184.32	818.82
184.40	787.94
184.47	733.25
184.55	688.24
184.62	684.42
184.70	717.30
184.78	779.08
184.85	904.03
184.93	1050.34
185.00	1191.81
185.08	1333.07
185.15	1471.34
185.23	1610.13
185.30	1739.87
185.38	1862.39
185.45	1984.74
185.53	2119.94
185.60	2239.07
185.68	2375.46
185.75	2482.49
185.83	2566.44
185.90	2613.64
185.98	2592.42
186.05	2498.72
186.13	2373.40
186.20	2200.05
186.28	2049.45
186.35	1996.82
186.43	2047.69
186.50	2200.86
186.58	2447.88
186.65	2717.67
186.73	2984.94
186.80	3223.63
186.88	3448.18
186.95	3677.73
187.03	3904.58
187.10	4119.84
187.18	4359.68
187.25	4578.48
187.33	4791.17
187.40	5020.74
187.48	5220.26
187.55	5395.53
187.63	5541.69
187.70	5605.27
187.78	5593.91
187.85	5530.74
187.93	5338.99
188.00	5037.37
188.08	4697.92
188.15	4398.33
188.23	4218.79
188.30	4217.84
188.38	4403.22
188.45	4736.20
188.53	5105.64
188.60	5448.99
188.68	5761.47
188.75	6048.59
188.83	6342.02
188.90	6605.66
188.98	6862.30
189.05	7129.41
189.13	7372.33
189.20	7578.12
189.28	7796.89
189.35	7994.56
189.43	8172.53
189.50	8338.67
189.58	8438.02
189.65	8458.20
189.73	8416.05
189.80	8260.55
189.87	8013.33
189.95	7701.70
190.02	7299.61
190.10	6856.44
190.17	6525.46
190.25	6378.88
190.32	6430.64
190.40	6682.44
190.47	7088.54
190.55	7530.49
190.62	7933.33
190.70	8282.64
190.77	8606.59
190.85	8915.79
190.92	9166.38
191.00	9383.27
191.07	9580.25
191.15	9735.08
191.22	9863.79
191.29	9977.88
191.37	10063.84
191.44	10145.11
191.52	10241.65
191.59	10310.82
191.67	10372.92
191.74	10415.24
191.82	10403.78
191.89	10363.42
191.97	10318.77
192.04	10251.26
192.12	10136.04
192.19	9962.18
192.27	9716.60
192.34	9483.90
192.41	9351.40
192.49	9360.51
192.56	9518.57
192.64	9807.24
192.71	10138.56
192.79	10408.38
192.86	10623.20
192.94	10761.06
193.01	10871.20
193.09	10969.32
193.16	11115.26
193.23	11302.66
193.31	11520.84
193.38	11766.16
193.46	11979.60
193.53	12155.78
193.61	12289.47
193.68	12407.26
193.76	12470.24
193.83	12528.39
193.91	12567.00
193.98	12593.41
194.05	12611.44
194.13	12612.90
194.20	12587.38
194.28	12533.70
194.35	12453.94
194.43	12336.29
194.50	12185.14
194.58	12013.35
194.65	11874.47
194.72	11837.70
194.80	11920.49
194.87	12124.08
194.95	12427.08
195.02	12755.01
195.10	13019.00
195.17	13255.36
195.25	13448.36
195.32	13612.00
195.39	13748.76
195.47	13866.96
195.54	13938.40
195.62	13960.82
195.69	13900.77
195.77	13767.53
195.84	13579.26
195.91	13364.49
195.99	13214.32
196.06	13186.19
196.14	13274.65
196.21	13468.44
196.29	13736.23
196.36	14007.62
196.43	14242.34
196.51	14451.30
196.58	14616.79
196.66	14738.82
196.73	14832.24
196.81	14900.48
196.88	14934.36
196.95	14943.84
197.03	14907.05
197.10	14803.01
197.18	14658.20
197.25	14489.27
197.33	14331.62
197.40	14216.16
197.47	14151.73
197.55	14165.12
197.62	14242.82
197.70	14382.62
197.77	14585.82
197.84	14833.73
197.92	15077.37
197.99	15328.68
198.07	15563.44
198.14	15750.71
198.22	15919.61
198.29	16051.47
198.36	16154.31
198.44	16229.35
198.51	16262.76
198.59	16221.30
198.66	16116.33
198.73	15941.13
198.81	15713.18
198.88	15452.73
198.96	15224.83
199.03	15104.66
199.10	15136.88
199.18	15283.35
199.25	15545.38
199.33	15883.24
199.40	16212.82
199.48	16469.06
199.55	16673.25
199.62	16836.19
199.70	16987.98
199.77	17129.00
199.85	17274.08
199.92	17399.43
199.99	17492.00
200.07	17496.97
200.14	17407.73
200.22	17187.90
200.29	16854.24
200.36	16520.14
200.44	16276.94
200.51	16166.76
200.59	16225.46
200.66	16433.78
200.73	16694.82
200.81	16961.99
200.88	17207.88
200.95	17457.20
201.03	17706.01
201.10	17956.84
201.18	18187.68
201.25	18388.77
201.32	18529.78
201.40	18641.40
201.47	18717.54
201.55	18743.42
201.62	18700.58
201.69	18557.13
201.77	18360.22
201.84	18137.27
201.92	17890.72
201.99	17647.15
202.06	17503.82
202.14	17479.42
202.21	17567.20
202.28	17789.46
202.36	18117.55
202.43	18498.22
202.51	18845.12
202.58	19128.50
202.65	19338.82
202.73	19539.10
202.80	19714.47
202.87	19887.30
202.95	20058.40
203.02	20220.49
203.10	20301.91
203.17	20312.14
203.24	20208.74
203.32	19931.92
203.39	19480.56
203.46	19025.80
203.54	18670.78
203.61	18491.34
203.69	18549.79
203.76	18842.30
203.83	19230.72
203.91	19610.91
203.98	19966.19
204.05	20282.95
204.13	20576.72
204.20	20853.72
204.28	21101.41
204.35	21294.38
204.42	21451.37
204.50	21566.30
204.57	21648.45
204.64	21691.19
204.72	21693.99
204.79	21584.32
204.86	21356.76
204.94	21070.58
205.01	20772.80
205.09	20462.24
205.16	20230.22
205.23	20148.27
205.31	20216.86
205.38	20404.80
205.45	20715.88
205.53	21124.98
205.60	21557.88
205.67	21943.04
205.75	22270.21
205.82	22533.92
205.89	22746.08
205.97	22935.94
206.04	23107.76
206.12	23270.83
206.19	23428.63
206.26	23543.94
206.34	23591.56
206.41	23518.14
206.48	23298.94
206.56	22901.73
206.63	22386.62
206.70	21861.15
206.78	21501.66
206.85	21376.10
206.92	21529.86
207.00	21903.10
207.07	22392.62
207.14	22870.87
207.22	23302.82
207.29	23668.80
207.36	23996.93
207.44	24287.64
207.51	24542.10
207.58	24769.22
207.66	24965.88
207.73	25149.42
207.80	25293.16
207.88	25386.28
207.95	25391.50
208.02	25319.28
208.10	25085.64
208.17	24700.34
208.25	24248.04
208.32	23846.43
208.39	23547.08
208.47	23432.94
208.54	23519.20
208.61	23765.04
208.69	24068.87
208.76	24391.85
208.83	24735.62
208.90	25096.30
208.98	25432.45
209.05	25758.86
209.12	26058.53
209.20	26315.76
209.27	26541.36
209.34	26747.78
209.42	26937.36
209.49	27089.88
209.56	27192.31
209.64	27242.87
209.71	27200.02
209.78	27013.26
209.86	26704.65
209.93	26339.92
210.00	25938.44
210.08	25571.71
210.15	25353.62
210.22	25359.81
210.30	25530.08
210.37	25828.58
210.44	26231.06
210.52	26651.69
210.59	27021.95
210.66	27324.64
210.74	27601.88
210.81	27843.40
210.88	28083.04
210.96	28296.40
211.03	28520.22
211.10	28727.82
211.17	28923.33
211.25	29047.78
211.32	29109.68
211.39	29089.30
211.47	28951.86
211.54	28628.78
211.61	28191.92
211.69	27767.52
211.76	27472.10
211.83	27350.90
211.91	27476.95
211.98	27792.97
212.05	28180.55
212.12	28522.64
212.20	28808.64
212.27	29043.67
212.34	29243.42
212.42	29423.10
212.49	29607.09
212.56	29801.75
212.64	30008.96
212.71	30210.96
212.78	30416.69
212.85	30587.08
212.93	30712.84
213.00	30788.24
213.07	30818.30
213.15	30731.12
213.22	30544.18
213.29	30314.28
213.37	30073.91
213.44	29857.37
213.51	29748.23
213.58	29774.84
213.66	29898.14
213.73	30105.11
213.80	30360.24
213.88	30629.91
213.95	30857.25
214.02	31045.15
214.09	31200.38
214.17	31355.22
214.24	31521.20
214.31	31718.50
214.39	31935.15
214.46	32144.62
214.53	32319.40
214.60	32450.56
214.68	32556.48
214.75	32634.48
214.82	32651.37
214.90	32606.96
214.97	32475.71
215.04	32214.54
215.11	31917.82
215.19	31680.86
215.26	31590.84
215.33	31642.48
215.41	31887.43
215.48	32205.72
215.55	32526.39
215.62	32771.52
215.70	32985.44
215.77	33157.20
215.84	33330.50
215.91	33503.24
215.99	33682.20
216.06	33851.68
216.13	33998.85
216.21	34110.64
216.28	34206.99
216.35	34288.36
216.42	34354.85
216.50	34410.58
216.57	34440.47
216.64	34412.63
216.71	34289.22
216.79	34109.63
216.86	33931.30
216.93	33801.85
217.01	33764.42
217.08	33853.82
217.15	34028.38
217.22	34237.92
217.30	34457.37
217.37	34662.32
217.44	34854.72
217.51	35041.10
217.59	35223.73
217.66	35386.26
217.73	35542.76
217.80	35674.14
217.88	35790.78
217.95	35893.42
218.02	35983.50
218.09	36059.24
218.17	36160.12
218.24	36262.18
218.31	36345.64
218.38	36396.37
218.46	36401.94
218.53	36300.43
218.60	36129.16
218.67	35937.01
218.75	35794.52
218.82	35731.04
218.89	35800.24
218.96	35979.00
219.04	36208.04
219.11	36453.45
219.18	36664.06
219.25	36853.72
219.33	37010.69
219.40	37169.50
219.47	37310.62
219.54	37451.95
219.62	37571.95
219.69	37690.79
219.76	37819.10
219.83	37936.40
219.91	38048.23
219.98	38153.85
220.05	38242.36
220.12	38286.32
220.20	38304.30
220.27	38284.99
220.34	38204.70
220.41	38072.55
220.49	37941.64
220.56	37858.54
220.63	37846.87
220.70	37923.98
220.78	38090.51
220.85	38277.78
220.92	38438.76
220.99	38574.90
221.06	38687.34
221.14	38787.36
221.21	38898.87
221.28	39026.67
221.35	39154.58
221.43	39285.74
221.50	39416.10
221.57	39529.37
221.64	39643.26
221.72	39750.40
221.79	39858.38
221.86	39939.38
221.93	40003.61
222.00	40060.82
222.08	40094.60
222.15	40094.15
222.22	40068.59
222.29	40052.47
222.37	40036.81
222.44	40039.09
222.51	40070.20
222.58	40147.68
222.65	40235.23
222.73	40319.88
222.80	40421.47
222.87	40533.40
222.94	40629.67
223.02	40730.73
223.09	40835.98
223.16	40926.03
223.23	41024.44
223.30	41137.98
223.38	41249.48
223.45	41367.70
223.52	41491.11
223.59	41603.86
223.66	41695.29
223.74	41770.74
223.81	41809.69
223.88	41841.45
223.95	41859.38
224.03	41868.28
224.10	41879.24
224.17	41910.58
224.24	41932.29
224.31	41973.93
224.39	42032.31
224.46	42112.42
224.53	42187.71
224.60	42283.72
224.67	42375.41
224.75	42481.53
224.82	42577.20
224.89	42694.40
224.96	42815.78
225.03	42929.67
225.11	43031.54
225.18	43128.42
225.25	43219.02
225.32	43292.26
225.39	43377.05
225.47	43446.47
225.54	43505.72
225.61	43531.97
225.68	43553.14
225.75	43557.79
225.83	43587.09
225.90	43646.62
225.97	43732.30
226.04	43833.92
226.11	43944.11
226.19	44053.52
226.26	44146.56
226.33	44237.43
226.40	44313.89
226.47	44397.90
226.54	44487.86
226.62	44582.44
226.69	44677.40
226.76	44782.62
226.83	44883.80
226.90	44968.29
226.98	45028.53
227.05	45078.02
227.12	45134.78
227.19	45175.42
227.26	45224.08
227.34	45292.18
227.41	45370.24
227.48	45432.48
227.55	45486.86
227.62	45529.41
227.69	45582.88
227.77	45639.24
227.84	45712.62
227.91	45807.87
227.98	45902.13
228.05	45979.02
228.12	46056.59
228.20	46124.83
228.27	46205.62
228.34	46294.73
228.41	46395.70
228.48	46487.64
228.56	46590.93
228.63	46687.10
228.70	46777.76
228.77	46857.77
228.84	46949.95
228.91	47041.16
228.99	47123.14
229.06	47233.30
229.13	47343.21
229.20	47445.07
229.27	47533.36
229.34	47613.12
229.42	47675.00
229.49	47736.88
229.56	47799.92
229.63	47871.91
229.70	47937.68
229.77	47989.23
229.85	48047.89
229.92	48095.88
229.99	48148.00
230.06	48203.92
230.13	48294.43
230.20	48391.80
230.27	48502.80
230.35	48613.79
230.42	48740.38
230.49	48845.94
230.56	48933.35
230.63	49027.82
230.70	49092.19
230.78	49146.60
230.85	49192.90
230.92	49263.47
230.99	49328.42
231.06	49433.70
231.13	49554.10
231.20	49682.85
231.28	49790.41
231.35	49899.36
231.42	49988.74
231.49	50073.74
231.56	50157.44
231.63	50242.55
231.71	50320.88
231.78	50389.73
231.85	50444.16
231.92	50502.80
231.99	50561.06
232.06	50628.88
232.13	50733.08
232.21	50837.56
232.28	50934.75
232.35	51026.92
232.42	51117.13
232.49	51186.56
232.56	51284.16
232.63	51381.05
232.71	51485.89
232.78	51586.94
232.85	51691.49
232.92	51764.44
232.99	51844.17
233.06	51914.63
233.13	51973.10
233.20	52020.40
233.28	52064.08
233.35	52103.88
233.42	52167.46
233.49	52246.53
233.56	52332.50
233.63	52424.93
233.70	52522.75
233.78	52617.75
233.85	52723.00
233.92	52822.44
233.99	52917.07
234.06	52999.02
234.13	53079.41
234.20	53149.99
234.27	53218.56
234.35	53289.81
234.42	53363.79
234.49	53427.78
234.56	53472.30
234.63	53517.56
234.70	53564.96
234.77	53603.76
234.84	53645.03
234.92	53713.13
234.99	53778.38
235.06	53845.72
235.13	53940.80
235.20	54047.38
235.27	54126.22
235.34	54226.50
235.41	54320.86
235.48	54392.88
235.56	54460.42
235.63	54528.86
235.70	54572.03
235.77	54621.93
235.84	54656.98
235.91	54667.12
235.98	54694.74
236.05	54729.95
236.12	54771.52
236.20	54808.11
236.27	54867.44
236.34	54929.87
236.41	54984.75
236.48	55035.13
236.55	55089.86
236.62	55143.86
236.69	55191.52
236.76	55257.95
236.84	55306.49
236.91	55381.16
236.98	55450.64
237.05	55507.78
237.12	55544.78
237.19	55603.10
237.26	55651.87
237.33	55696.58
237.40	55738.94
237.47	55780.69
237.55	55822.70
237.62	55881.36
237.69	55945.77
237.76	56012.95
237.83	56086.60
237.90	56156.14
237.97	56199.48
238.04	56241.61
238.11	56286.82
238.18	56339.14
238.26	56383.28
238.33	56421.06
238.40	56453.65
238.47	56495.26
238.54	56523.84
238.61	56536.97
238.68	56556.39
238.75	56572.50
238.82	56594.13
238.89	56631.32
238.96	56684.18
239.04	56742.26
239.11	56800.26
239.18	56846.11
239.25	56862.56
239.32	56875.23
239.39	56888.01
239.46	56890.94
239.53	56887.59
239.60	56891.19
239.67	56901.00
239.74	56912.56
239.81	56940.86
239.89	56971.92
239.96	57007.21
240.03	57048.67
240.10	57077.73
240.17	57108.12
240.24	57131.79
240.31	57163.28
240.38	57196.84
240.45	57262.78
240.52	57323.83
240.59	57390.82
240.66	57448.58
240.73	57503.14
240.80	57536.97
240.88	57559.49
240.95	57589.58
241.02	57615.59
241.09	57624.70
241.16	57639.95
241.23	57657.16
241.30	57639.48
241.37	57612.74
241.44	57594.28
241.51	57586.32
241.58	57593.49
241.65	57635.96
241.72	57690.62
241.79	57731.50
241.86	57744.28
241.94	57738.04
242.01	57711.04
242.08	57681.04
242.15	57684.52
242.22	57691.23
242.29	57702.80
242.36	57727.00
242.43	57737.70
242.50	57725.78
242.57	57715.46
242.64	57715.76
242.71	57699.04
242.78	57704.42
242.85	57710.70
242.92	57718.98
242.99	57727.14
243.06	57742.46
243.14	57753.41
243.21	57770.78
243.28	57788.36
243.35	57808.70
243.42	57846.36
243.49	57881.20
243.56	57905.51
243.63	57925.48
243.70	57939.26
243.77	57929.20
243.84	57915.54
243.91	57903.78
243.98	57881.98
244.05	57841.14
244.12	57815.05
244.19	57793.02
244.26	57772.47
244.33	57756.72
244.40	57751.42
244.47	57739.78
244.54	57728.95
244.62	57699.50
244.69	57679.03
244.76	57669.11
244.83	57671.11
244.90	57670.30
244.97	57682.98
245.04	57695.16
245.11	57692.57
245.18	57684.30
245.25	57689.81
245.32	57710.43
245.39	57736.62
245.46	57756.91
245.53	57756.78
245.60	57739.98
245.67	57724.45
245.74	57701.05
245.81	57683.87
245.88	57669.26
245.95	57668.10
246.02	57645.90
246.09	57609.14
246.16	57568.03
246.23	57538.90
246.30	57504.03
246.37	57493.47
246.44	57513.02
246.51	57543.36
246.58	57572.47
246.65	57599.68
246.72	57619.70
246.79	57619.60
246.87	57610.29
246.94	57596.44
247.01	57574.04
247.08	57536.20
247.15	57482.18
247.22	57421.74
247.29	57359.72
247.36	57315.08
247.43	57277.19
247.50	57256.97
247.57	57266.29
247.64	57293.98
247.71	57309.72
247.78	57331.04
247.85	57360.72
247.92	57391.56
247.99	57394.65
248.06	57382.72
248.13	57361.92
248.20	57337.89
248.27	57285.06
248.34	57255.35
248.41	57246.20
248.48	57243.55
248.55	57233.97
248.62	57244.96
248.69	57254.02
248.76	57240.65
248.83	57223.36
248.90	57201.86
248.97	57160.78
249.04	57108.72
249.11	57083.46
249.18	57050.84
249.25	57012.11
249.32	56970.60
249.39	56924.76
249.46	56866.88
249.53	56829.28
249.60	56789.38
249.67	56764.78
249.74	56753.89
249.81	56761.68
249.88	56762.30
249.95	56786.60
250.02	56812.99
250.09	56840.41
250.16	56847.71
250.23	56838.10
250.30	56834.66
250.37	56827.74
250.44	56819.82
250.51	56806.91
250.58	56810.26
250.65	56798.24
250.72	56757.91
250.79	56714.33
250.86	56682.36
250.93	56638.68
251.00	56594.32
251.07	56584.87
251.14	56575.36
251.21	56557.99
251.28	56539.92
251.35	56524.95
251.42	56500.86
251.49	56469.52
251.56	56446.40
251.63	56432.61
251.70	56415.90
251.77	56395.18
251.84	56364.28
251.91	56325.32
251.98	56269.72
252.05	56216.54
252.12	56153.52
252.18	56112.98
252.25	56083.92
252.32	56088.25
252.39	56093.06
252.46	56100.63
252.53	56097.93
252.60	56079.66
252.67	56044.54
252.74	56016.42
252.81	55990.61
252.88	55965.63
252.95	55946.51
253.02	55909.90
253.09	55874.35
253.16	55852.66
253.23	55829.81
253.30	55812.38
253.37	55800.47
253.44	55798.58
253.51	55761.01
253.58	55726.03
253.65	55709.80
253.72	55714.12
253.79	55691.10
253.86	55699.60
253.93	55701.80
254.00	55674.23
254.07	55644.64
254.14	55615.73
254.21	55573.02
254.28	55534.84
254.35	55516.05
254.41	55493.95
254.48	55464.70
254.55	55448.46
254.62	55438.00
254.69	55394.75
254.76	55352.48
254.83	55312.24
254.90	55271.10
254.97	55241.82
255.04	55249.14
255.11	55234.37
255.18	55205.88
255.25	55167.54
255.32	55130.90
255.39	55080.17
255.46	55049.01
255.53	55032.82
255.60	55026.38
255.67	55003.24
255.74	54986.64
255.81	54968.69
255.87	54969.97
255.94	54943.30
256.01	54927.78
256.08	54902.84
256.15	54872.20
256.22	54830.06
256.29	54808.81
256.36	54774.66
256.43	54759.72
256.50	54746.52
256.57	54725.16
256.64	54712.75
256.71	54698.50
256.78	54667.66
256.85	54632.90
256.92	54613.14
256.99	54603.00
257.05	54588.76
257.12	54569.21
257.19	54541.10
257.26	54485.16
257.33	54412.60
257.40	54357.42
257.47	54295.53
257.54	54257.70
257.61	54240.41
257.68	54233.98
257.75	54221.45
257.82	54234.12
257.89	54229.22
257.96	54221.21
258.03	54184.77
258.09	54140.54
258.16	54075.86
258.23	54000.93
258.30	53939.00
258.37	53895.32
258.44	53858.92
258.51	53830.62
258.58	53824.75
258.65	53810.62
258.72	53799.44
258.79	53766.92
258.86	53733.20
258.93	53698.50
258.99	53653.78
259.06	53608.72
259.13	53570.48
259.20	53524.41
259.27	53494.03
259.34	53467.50
259.41	53445.39
259.48	53452.21
259.55	53459.14
259.62	53436.06
259.69	53405.30
259.76	53361.36
259.82	53297.82
259.89	53252.80
259.96	53221.12
260.03	53191.48
260.10	53159.02
260.17	53116.02
260.24	53059.85
260.31	53005.41
260.38	52969.27
260.45	52952.83
260.52	52943.44
260.59	52921.00
260.65	52890.62
260.72	52868.62
260.79	52836.66
260.86	52802.68
260.93	52778.26
261.00	52745.22
261.07	52683.90
261.14	52614.88
261.21	52547.85
261.28	52491.13
261.34	52428.22
261.41	52378.46
261.48	52328.92
261.55	52282.14
261.62	52240.13
261.69	52211.68
261.76	52189.23
261.83	52173.04
261.90	52158.73
261.97	52114.36
262.03	52073.32
262.10	52038.57
262.17	51999.58
262.24	51974.91
262.31	51960.79
262.38	51942.01
262.45	51912.42
262.52	51882.28
262.59	51836.26
262.65	51794.32
262.72	51741.50
262.79	51693.96
262.86	51648.34
262.93	51611.79
263.00	51570.92
263.07	51528.30
263.14	51474.86
263.21	51443.40
263.27	51403.24
263.34	51380.62
263.41	51353.69
263.48	51319.88
263.55	51268.44
263.62	51199.55
263.69	51118.22
263.76	51054.22
263.82	51008.92
263.89	50971.25
263.96	50955.15
264.03	50941.71
264.10	50926.60
264.17	50882.70
264.24	50824.29
264.31	50761.75
264.38	50699.06
264.44	50638.84
264.51	50594.82
264.58	50557.31
264.65	50524.92
264.72	50485.67
264.79	50433.09
264.86	50396.02
264.92	50357.08
264.99	50319.65
265.06	50285.20
265.13	50251.44
265.20	50222.08
265.27	50187.71
265.34	50151.20
265.41	50120.17
265.47	50101.40
265.54	50059.08
265.61	50034.40
265.68	50009.97
265.75	49968.07
265.82	49913.86
265.89	49860.96
265.95	49802.30
266.02	49732.46
266.09	49682.68
266.16	49655.43
266.23	49623.24
266.30	49583.61
266.37	49533.58
266.44	49464.52
266.50	49397.50
266.57	49335.37
266.64	49268.97
266.71	49212.74
266.78	49161.03
266.85	49094.16
266.91	49035.33
266.98	48988.77
267.05	48949.45
267.12	48918.22
267.19	48885.98
267.26	48861.78
267.33	48838.70
267.39	48817.07
267.46	48786.16
267.53	48757.16
267.60	48722.03
267.67	48678.14
267.74	48629.22
267.81	48595.22
267.87	48548.14
267.94	48507.28
268.01	48457.84
268.08	48400.26
268.15	48341.82
268.22	48296.10
268.28	48240.26
268.35	48197.54
268.42	48158.70
268.49	48116.27
268.56	48069.33
268.63	48027.07
268.69	47976.98
268.76	47930.88
268.83	47882.40
268.90	47852.74
268.97	47819.12
269.04	47800.00
269.11	47780.44
269.17	47762.82
269.24	47731.58
269.31	47708.23
269.38	47671.71
269.45	47627.62
269.52	47582.98
269.58	47546.48
269.65	47494.39
269.72	47443.44
269.79	47412.84
269.86	47386.43
269.92	47358.99
269.99	47323.86
270.06	47282.66
270.13	47235.59
270.20	47181.10
270.27	47132.80
270.33	47104.15
270.40	47072.15
270.47	47045.84
270.54	47028.86
270.61	47002.35
270.68	46969.95
270.74	46954.24
270.81	46931.56
270.88	46898.87
270.95	46863.38
271.02	46826.82
271.08	46772.78
271.15	46711.18
271.22	46662.47
271.29	46615.13
271.36	46557.22
271.43	46521.74
271.49	46499.91
271.56	46480.00
271.63	46459.24
271.70	46453.79
271.77	46453.97
271.83	46429.81
271.90	46375.44
271.97	46331.65
272.04	46277.32
272.11	46216.42
272.17	46186.46
272.24	46171.48
272.31	46146.12
272.38	46135.16
272.45	46113.62
272.52	46086.84
272.58	46064.71
272.65	46048.23
272.72	46019.02
272.79	45989.12
272.86	45950.74
272.92	45913.70
272.99	45867.48
273.06	45832.58
273.13	45796.31
273.20	45763.23
273.26	45731.02
273.33	45708.56
273.40	45669.11
273.47	45649.60
273.54	45620.49
273.60	45594.26
273.67	45556.75
273.74	45544.42
273.81	45525.49
273.88	45514.07
273.94	45497.99
274.01	45501.41
274.08	45496.15
274.15	45471.06
274.21	45433.92
274.28	45394.15
274.35	45338.72
274.42	45267.62
274.49	45213.42
274.55	45177.45
274.62	45156.36
274.69	45123.72
274.76	45091.26
274.83	45060.25
274.89	45030.75
274.96	44989.46
275.03	44966.52
275.10	44942.12
275.17	44912.32
275.23	44874.22
275.30	44832.71
275.37	44801.24
275.44	44773.98
275.50	44744.66
275.57	44712.61
275.64	44673.67
275.71	44620.92
275.78	44576.63
275.84	44541.70
275.91	44507.90
275.98	44481.04
276.05	44449.58
276.11	44415.95
276.18	44379.60
276.25	44333.24
276.32	44293.35
276.39	44246.75
276.45	44203.25
276.52	44146.68
276.59	44110.22
276.66	44075.79
276.72	44059.54
276.79	44045.04
276.86	44037.32
276.93	44011.81
276.99	43980.14
277.06	43946.53
277.13	43906.16
277.20	43876.14
277.26	43846.42
277.33	43837.28
277.40	43814.35
277.47	43780.28
277.54	43737.01
277.60	43707.02
277.67	43656.86
277.74	43605.22
277.81	43562.80
277.87	43519.06
277.94	43470.41
278.01	43438.84
278.08	43401.83
278.14	43368.29
278.21	43342.67
278.28	43332.57
278.35	43305.22
278.41	43300.68
278.48	43293.58
278.55	43274.23
278.62	43244.58
278.68	43207.92
278.75	43165.42
278.82	43123.90
278.89	43080.14
278.95	43025.44
279.02	42979.39
279.09	42944.16
279.16	42923.04
279.22	42903.93
279.29	42885.30
279.36	42870.99
279.43	42831.40
279.49	42770.42
279.56	42703.62
279.63	42626.90
279.70	42549.54
279.76	42495.26
279.83	42457.87
279.90	42444.50
279.97	42434.16
280.03	42423.55
280.10	42389.76
280.17	42362.00
280.24	42321.40
280.30	42290.45
280.37	42258.76
280.44	42233.38
280.51	42196.64
280.57	42159.02
280.64	42120.69
280.71	42061.16
280.77	42004.85
280.84	41926.53
280.91	41845.48
280.98	41757.70
281.04	41687.23
281.11	41614.02
281.18	41547.64
281.25	41475.66
281.31	41414.46
281.38	41340.18
281.45	41265.99
281.52	41212.61
281.58	41152.58
281.65	41100.77
281.72	41063.52
281.78	41030.88
281.85	40999.42
281.92	40987.70
281.99	40965.18
282.05	40939.74
282.12	40918.96
282.19	40891.95
282.26	40862.52
282.32	40836.14
282.39	40821.34
282.46	40789.48
282.52	40766.38
282.59	40742.42
282.66	40721.72
282.73	40695.43
282.79	40675.84
282.86	40621.98
282.93	40569.50
282.99	40510.62
283.06	40443.46
283.13	40358.51
283.20	40279.94
283.26	40197.01
283.33	40110.30
283.40	40026.30
283.46	39976.87
283.53	39943.36
283.60	39912.52
283.67	39896.21
283.73	39891.42
283.80	39879.68
283.87	39875.16
283.93	39884.54
284.00	39878.87
284.07	39861.58
284.13	39840.82
284.20	39813.12
284.27	39774.86
284.34	39738.18
284.40	39705.76
284.47	39682.71
284.54	39664.34
284.60	39647.78
284.67	39625.54
284.74	39613.20
284.81	39590.51
284.87	39551.50
284.94	39498.30
285.01	39450.84
285.07	39384.25
285.14	39319.38
285.21	39280.84
285.27	39249.58
285.34	39229.01
285.41	39222.40
285.47	39216.96
285.54	39196.60
285.61	39173.77
285.68	39150.68
285.74	39129.55
285.81	39103.52
285.88	39072.30
285.94	39058.87
286.01	39049.62
286.08	39029.12
286.14	39021.13
286.21	39013.50
286.28	39003.77
286.34	38974.95
286.41	38940.46
286.48	38891.42
286.55	38846.05
286.61	38788.94
286.68	38737.66
286.75	38693.38
286.81	38645.69
286.88	38605.08
286.95	38558.29
287.01	38533.44
287.08	38514.95
287.15	38510.60
287.21	38496.21
287.28	38494.49
287.35	38482.34
287.41	38474.72
287.48	38451.40
287.55	38440.32
287.61	38427.70
287.68	38404.24
287.75	38368.38
287.81	38345.36
287.88	38327.76
287.95	38303.84
288.01	38284.77
288.08	38266.97
288.15	38234.02
288.21	38194.94
288.28	38162.56
288.35	38132.44
288.41	38114.75
288.48	38098.59
288.55	38067.35
288.61	38028.71
288.68	37990.22
288.75	37938.51
288.81	37897.82
288.88	37869.10
288.95	37853.70
289.01	37844.54
289.08	37844.57
289.15	37852.11
289.21	37861.42
289.28	37861.70
289.35	37859.26
289.41	37852.73
289.48	37839.34
289.55	37832.24
289.61	37815.89
289.68	37803.40
289.75	37796.30
289.81	37778.34
289.88	37746.79
289.95	37715.63
290.01	37674.08
290.08	37633.53
290.15	37598.26
290.21	37574.69
290.28	37559.57
290.35	37539.30
290.41	37511.94
290.48	37490.88
290.55	37451.74
290.61	37411.41
290.68	37374.06
290.74	37355.44
290.81	37350.91
290.88	37354.00
290.94	37358.04
291.01	37369.74
291.08	37376.01
291.14	37376.71
291.21	37386.60
291.28	37386.56
291.34	37386.94
291.41	37382.37
291.48	37373.26
291.54	37354.22
291.61	37346.50
291.68	37332.46
291.74	37296.42
291.81	37265.26
291.87	37248.30
291.94	37210.52
292.01	37171.89
292.07	37145.66
292.14	37104.66
292.21	37046.00
292.27	37012.60
292.34	36980.15
292.41	36958.62
292.47	36938.60
292.54	36936.08
292.60	36924.90
292.67	36927.64
292.74	36917.12
292.80	36935.16
292.87	36939.78
292.94	36956.20
293.00	36967.48
293.07	36982.19
293.13	36976.22
293.20	36984.94
293.27	36985.82
293.33	36973.75
293.40	36964.81
293.47	36958.74
293.53	36933.40
293.60	36908.74
293.66	36874.70
293.73	36833.33
293.80	36773.77
293.86	36730.84
293.93	36688.74
294.00	36653.51
294.06	36628.10
294.13	36618.36
294.19	36597.86
294.26	36584.95
294.33	36575.45
294.39	36567.80
294.46	36563.11
294.52	36550.46
294.59	36537.29
294.66	36543.10
294.72	36543.08
294.79	36544.12
294.86	36561.16
294.92	36585.49
294.99	36611.04
295.05	36636.92
295.12	36648.16
295.19	36662.84
295.25	36661.44
295.32	36646.89
295.38	36625.84
295.45	36621.28
295.52	36618.86
295.58	36591.04
295.65	36568.59
295.71	36544.76
295.78	36498.86
295.85	36432.36
295.91	36396.40
295.98	36345.43
296.04	36289.83
296.11	36254.65
296.18	36247.31
296.24	36233.98
296.31	36233.80
296.37	36249.44
296.44	36287.96
296.51	36298.95
296.57	36321.32
296.64	36343.39
296.70	36373.83
296.77	36374.14
296.84	36381.26
296.90	36390.14
296.97	36387.20
297.03	36384.10
297.10	36390.36
297.17	36400.43
297.23	36405.66
297.30	36420.00
297.36	36416.62
297.43	36405.75
297.50	36394.62
297.56	36373.61
297.63	36344.29
297.69	36307.56
297.76	36256.81
297.82	36194.01
297.89	36136.90
297.96	36087.30
298.02	36051.90
298.09	36023.44
298.15	36014.98
298.22	36014.34
298.29	36004.72
298.35	35998.11
298.42	36001.44
298.48	36003.28
298.55	36002.84
298.61	36020.52
298.68	36043.49
298.75	36062.24
298.81	36077.21
298.88	36099.91
298.94	36117.63
299.01	36126.00
299.08	36138.58
299.14	36155.48
299.21	36153.39
299.27	36154.62
299.34	36142.64
299.40	36141.50
299.47	36121.56
299.54	36110.41
299.60	36089.76
299.67	36074.65
299.73	36039.79
299.80	35990.68
299.86	35923.66
299.93	35838.20
299.99	35763.60
300.06	35696.82
300.13	35659.94
300.19	35636.43
300.26	35640.69
300.32	35648.51
300.39	35657.58
300.45	35672.48
300.52	35701.14
300.59	35731.24
300.65	35756.94
300.72	35788.00
300.78	35808.97
300.85	35827.95
300.91	35821.09
300.98	35811.28
301.04	35801.04
301.11	35798.78
301.18	35792.10
301.24	35794.58
301.31	35796.88
301.37	35790.96
301.44	35770.83
301.50	35749.08
301.57	35723.08
301.63	35703.77
301.70	35672.09
301.77	35626.18
301.83	35566.64
301.90	35504.06
301.96	35423.68
302.03	35343.96
302.09	35292.72
302.16	35252.35
302.22	35228.18
302.29	35202.27
302.36	35200.10
302.42	35191.56
302.49	35188.12
302.55	35185.37
302.62	35194.53
302.68	35198.96
302.75	35201.44
302.81	35195.90
302.88	35191.72
302.94	35186.29
303.01	35181.66
303.07	35171.84
303.14	35162.31
303.21	35145.36
303.27	35130.96
303.34	35110.86
303.40	35076.90
303.47	35051.26
303.53	35016.96
303.60	34991.06
303.66	34952.52
303.73	34931.42
303.79	34899.41
303.86	34861.70
303.92	34806.21
303.99	34753.06
304.05	34680.65
304.12	34598.80
304.19	34537.70
304.25	34477.70
304.32	34429.12
304.38	34392.27
304.45	34361.50
304.51	34337.42
304.58	34325.91
304.64	34311.34
304.71	34309.56
304.77	34302.20
304.84	34284.30
304.90	34267.73
304.97	34252.42
305.03	34222.87
305.10	34189.82
305.16	34174.16
305.23	34153.86
305.29	34125.20
305.36	34088.66
305.42	34072.56
305.49	34031.75
305.56	33986.64
305.62	33946.40
305.69	33909.64
305.75	33861.24
305.82	33795.62
305.88	33688.08
305.95	33558.14
306.01	33423.02
306.08	33280.96
306.14	33164.51
306.21	33087.85
306.27	33025.65
306.34	32986.10
306.40	32957.30
306.47	32936.26
306.53	32938.88
306.60	32954.95
306.66	32968.48
306.73	32979.78
306.79	32975.74
306.86	32959.80
306.92	32927.56
306.99	32892.98
307.05	32864.24
307.12	32842.47
307.18	32800.03
307.25	32768.92
307.31	32735.64
307.38	32692.99
307.44	32644.30
307.51	32607.28
307.57	32555.78
307.64	32508.08
307.70	32465.07
307.77	32417.66
307.83	32362.64
307.90	32314.82
307.96	32257.48
308.03	32197.59
308.09	32139.84
308.16	32085.49
308.22	32031.59
308.29	31969.22
308.35	31901.90
308.42	31846.16
308.48	31777.45
308.55	31701.89
308.61	31646.30
308.68	31588.37
308.74	31526.28
308.81	31491.58
308.87	31461.73
308.94	31430.37
309.00	31407.42
309.07	31378.73
309.13	31337.30
309.20	31297.79
309.26	31243.42
309.33	31179.96
309.39	31121.80
309.45	31059.38
309.52	31005.22
309.58	30956.88
309.65	30901.22
309.71	30847.24
309.78	30805.10
309.84	30745.18
309.91	30686.53
309.97	30635.45
310.04	30587.48
310.10	30524.24
310.17	30476.21
310.23	30420.82
310.30	30375.09
310.36	30323.54
310.43	30269.68
310.49	30205.14
310.56	30145.84
310.62	30072.88
310.69	29997.88
310.75	29931.86
310.81	29874.79
310.88	29824.74
310.94	29784.24
311.01	29735.52
311.07	29698.26
311.14	29648.21
311.20	29599.55
311.27	29549.15
311.33	29513.92
311.40	29465.12
311.46	29428.81
311.53	29384.65
311.59	29345.44
311.66	29304.44
311.72	29252.64
311.78	29200.76
311.85	29153.19
311.91	29106.72
311.98	29059.29
312.04	29024.79
312.11	28980.61
312.17	28944.64
312.24	28904.98
312.30	28851.18
312.37	28795.20
312.43	28743.86
312.50	28684.40
312.56	28623.89
312.62	28555.59
312.69	28491.43
312.75	28420.90
312.82	28345.26
312.88	28267.52
312.95	28209.90
313.01	28146.61
313.08	28093.64
313.14	28056.98
313.20	28015.28
313.27	27969.08
313.33	27923.00
313.40	27881.98
313.46	27820.28
313.53	27777.51
313.59	27729.06
313.66	27689.13
313.72	27643.56
313.78	27597.36
313.85	27547.06
313.91	27508.52
313.98	27460.40
314.04	27404.24
314.11	27367.56
314.17	27318.36
314.24	27260.04
314.30	27215.60
314.36	27165.43
314.43	27115.88
314.49	27066.06
314.56	27018.08
314.62	26951.62
314.69	26906.18
314.75	26847.36
314.81	26797.16
314.88	26745.50
314.94	26708.37
315.01	26662.32
315.07	26609.56
315.14	26559.04
315.20	26521.02
315.27	26479.12
315.33	26434.02
315.39	26388.56
315.46	26344.28
315.52	26281.36
315.59	26226.25
315.65	26177.01
315.72	26142.20
315.78	26096.04
315.84	26065.55
315.91	26031.35
315.97	25999.20
316.04	25982.45
316.10	25955.87
316.16	25913.89
316.23	25839.17
316.29	25736.08
316.36	25575.04
316.42	25403.82
316.49	25200.66
316.55	24993.82
316.61	24777.20
316.68	24562.36
316.74	24345.84
316.81	24136.72
316.87	23921.35
316.93	23701.11
317.00	23488.28
317.06	23269.82
317.13	23042.32
317.19	22823.28
317.26	22604.01
317.32	22382.80
317.38	22168.22
317.45	21958.92
317.51	21747.65
317.58	21536.74
317.64	21328.54
317.70	21110.54
317.77	20908.80
317.83	20699.04
317.90	20498.40
317.96	20289.98
318.02	20092.76
318.09	19889.04
318.15	19695.14
318.22	19485.52
318.28	19280.16
318.34	19056.46
318.41	18833.37
318.47	18600.24
318.54	18396.72
318.60	18185.92
318.66	17991.16
318.73	17784.44
318.79	17599.62
318.86	17395.87
318.92	17200.12
318.98	17013.70
319.05	16824.03
319.11	16624.83
319.18	16435.13
319.24	16241.49
319.30	16028.34
319.37	15845.26
319.43	15658.20
319.50	15466.00
319.56	15279.94
319.62	15098.54
319.69	14904.68
319.75	14722.02
319.82	14538.82
319.88	14348.32
319.94	14168.68
320.01	13988.97
320.07	13795.96
320.13	13607.82
320.20	13423.07
320.26	13233.64
320.33	13044.97
320.39	12864.31
320.45	12676.60
320.52	12501.33
320.58	12327.92
320.65	12151.21
320.71	11971.42
320.77	11799.20
320.84	11622.07
320.90	11443.58
320.96	11262.79
321.03	11078.26
321.09	10896.12
321.16	10708.84
321.22	10520.62
321.28	10341.28
321.35	10178.43
321.41	10006.90
321.47	9837.92
321.54	9674.75
321.60	9498.96
321.67	9318.83
321.73	9147.08
321.79	8977.41
321.86	8808.48
321.92	8641.90
321.98	8461.12
322.05	8275.14
322.11	8084.23
322.18	7886.96
322.24	7697.52
322.30	7516.68
322.37	7346.14
322.43	7171.99
322.49	7010.62
322.56	6835.06
322.62	6664.88
322.68	6491.76
322.75	6328.08
322.81	6147.76
322.88	5979.12
322.94	5804.34
323.00	5627.53
323.07	5455.47
323.13	5289.47
323.19	5124.73
323.26	4965.80
323.32	4808.82
323.38	4649.85
323.45	4428.67
323.51	3791.08
323.57	2911.66
323.64	1993.47
323.70	1107.39
323.76	317.51
323.83	-22.73
323.89	-88.82
323.96	-90.76
