180.25	3503.33
180.33	-130.22
180.40	652.44
180.48	-35.69
180.56	5.66
180.63	39.94
180.71	79.66
180.78	80.31
180.86	82.39
180.93	87.12
181.01	88.94
181.08	87.43
181.16	86.16
181.23	87.33
181.31	87.07
181.39	109.62
181.46	118.04
181.54	127.84
181.61	143.78
181.69	151.82
181.76	145.34
181.84	140.56
181.91	143.03
181.99	144.95
182.06	146.66
182.14	152.14
182.22	158.62
182.29	169.72
182.37	174.84
182.44	188.50
182.52	188.76
182.59	207.42
182.67	216.26
182.74	222.38
182.82	226.50
182.89	236.38
182.97	236.28
183.04	246.98
183.12	257.81
183.20	280.54
183.27	297.34
183.35	332.24
183.42	361.82
183.50	410.88
183.57	444.15
183.65	498.02
183.72	549.17
183.80	611.58
183.87	663.69
183.95	717.52
184.02	771.78
184.10	810.20
184.17	830.50
184.25	830.85
184.32	821.46
184.40	790.24
184.47	735.76
184.55	690.98
184.62	687.90
184.70	720.18
184.78	782.29
184.85	907.08
184.93	1054.06
185.00	1194.83
185.08	1336.39
185.15	1473.73
185.23	1612.04
185.30	1739.09
185.38	1862.76
185.45	1984.62
185.53	2115.18
185.60	2232.92
185.68	2371.70
185.75	2480.32
185.83	2565.66
185.90	2616.42
185.98	2597.83
186.05	2503.76
186.13	2376.74
186.20	2201.78
186.28	2048.96
186.35	1993.65
186.43	2043.65
186.50	2198.77
186.58	2448.01
186.65	2724.76
186.73	2997.74
186.80	3241.48
186.88	3465.26
186.95	3693.50
187.03	3917.24
187.10	4123.21
187.18	4360.44
187.25	4576.40
187.33	4788.80
187.40	5018.70
187.48	5220.80
187.55	5396.36
187.63	5543.05
187.70	5602.35
187.78	5583.39
187.85	5521.78
187.93	5325.83
188.00	5024.43
188.08	4688.51
188.15	4398.02
188.23	4221.79
188.30	4218.42
188.38	4404.90
188.45	4734.81
188.53	5097.85
188.60	5438.26
188.68	5752.90
188.75	6037.87
188.83	6329.33
188.90	6596.44
188.98	6856.55
189.05	7126.57
189.13	7365.96
189.20	7577.04
189.28	7797.92
189.35	7992.15
189.43	8166.28
189.50	8337.86
189.58	8437.19
189.65	8458.20
189.73	8417.70
189.80	8264.83
189.87	8016.52
189.95	7704.27
190.02	7301.10
190.10	6856.76
190.17	6529.00
190.25	6386.44
190.32	6439.05
190.40	6692.27
190.47	7100.22
190.55	7541.20
190.62	7944.65
190.70	8292.12
190.77	8613.82
190.85	8916.04
190.92	9164.08
191.00	9382.38
191.07	9589.20
191.15	9746.57
191.22	9876.06
191.29	9987.58
191.37	10065.91
191.44	10142.65
191.52	10238.12
191.59	10311.27
191.67	10373.54
191.74	10415.44
191.82	10401.80
191.89	10352.66
191.97	10308.96
192.04	10237.10
192.12	10116.20
192.19	9933.75
192.27	9690.00
192.34	9460.05
192.41	9339.79
192.49	9358.08
192.56	9522.38
192.64	9812.91
192.71	10132.78
192.79	10396.54
192.86	10609.62
192.94	10745.17
193.01	10853.20
193.09	10958.64
193.16	11104.75
193.23	11283.46
193.31	11498.28
193.38	11749.67
193.46	11963.96
193.53	12135.36
193.61	12279.89
193.68	12404.44
193.76	12466.28
193.83	12529.66
193.91	12575.29
193.98	12604.88
194.05	12618.35
194.13	12620.85
194.20	12588.00
194.28	12533.23
194.35	12452.76
194.43	12345.51
194.50	12195.33
194.58	12019.20
194.65	11879.82
194.72	11837.24
194.80	11917.36
194.87	12122.47
194.95	12433.88
195.02	12762.20
195.10	13042.38
195.17	13275.10
195.25	13467.00
195.32	13625.67
195.39	13761.68
195.47	13869.34
195.54	13943.48
195.62	13959.86
195.69	13906.13
195.77	13772.46
195.84	13577.82
195.91	13357.16
195.99	13214.75
196.06	13179.61
196.14	13269.70
196.21	13465.87
196.29	13732.56
196.36	14001.35
196.43	14238.97
196.51	14443.98
196.58	14611.59
196.66	14735.64
196.73	14826.96
196.81	14894.38
196.88	14927.12
196.95	14937.98
197.03	14902.20
197.10	14803.61
197.18	14654.74
197.25	14486.51
197.33	14329.96
197.40	14216.10
197.47	14154.58
197.55	14171.02
197.62	14251.94
197.70	14385.89
197.77	14590.58
197.84	14835.88
197.92	15084.32
197.99	15342.33
198.07	15580.56
198.14	15764.51
198.22	15927.65
198.29	16059.01
198.36	16146.17
198.44	16219.82
198.51	16251.56
198.59	16206.40
198.66	16101.84
198.73	15935.96
198.81	15707.22
198.88	15446.86
198.96	15218.10
199.03	15097.30
199.10	15129.33
199.18	15276.94
199.25	15544.22
199.33	15891.36
199.40	16226.21
199.48	16485.58
199.55	16687.14
199.62	16836.82
199.70	16983.11
199.77	17118.29
199.85	17260.68
199.92	17378.88
199.99	17477.52
200.07	17485.82
200.14	17396.26
200.22	17164.58
200.29	16834.87
200.36	16503.32
200.44	16253.10
200.51	16140.84
200.59	16209.56
200.66	16422.86
200.73	16683.85
200.81	16956.58
200.88	17200.31
200.95	17452.89
201.03	17697.18
201.10	17949.89
201.18	18178.22
201.25	18377.75
201.32	18522.38
201.40	18631.92
201.47	18708.70
201.55	18731.77
201.62	18694.80
201.69	18547.58
201.77	18348.37
201.84	18128.04
201.92	17879.59
201.99	17632.36
202.06	17485.10
202.14	17465.53
202.21	17552.62
202.28	17777.55
202.36	18109.68
202.43	18489.75
202.51	18834.02
202.58	19119.84
202.65	19339.46
202.73	19545.54
202.80	19733.43
202.87	19917.76
202.95	20097.02
203.02	20253.70
203.10	20320.20
203.17	20322.38
203.24	20208.90
203.32	19921.13
203.39	19472.60
203.46	19022.38
203.54	18659.22
203.61	18488.58
203.69	18548.08
203.76	18840.70
203.83	19232.50
203.91	19619.29
203.98	19967.34
204.05	20283.52
204.13	20578.90
204.20	20854.73
204.28	21114.37
204.35	21311.62
204.42	21467.26
204.50	21582.30
204.57	21660.89
204.64	21695.53
204.72	21693.81
204.79	21581.08
204.86	21345.00
204.94	21060.71
205.01	20756.50
205.09	20448.84
205.16	20216.30
205.23	20140.77
205.31	20204.92
205.38	20396.04
205.45	20713.31
205.53	21121.57
205.60	21554.72
205.67	21954.44
205.75	22279.04
205.82	22535.66
205.89	22747.52
205.97	22930.84
206.04	23088.02
206.12	23253.96
206.19	23420.21
206.26	23541.54
206.34	23584.85
206.41	23522.73
206.48	23309.64
206.56	22903.66
206.63	22382.17
206.70	21864.76
206.78	21493.58
206.85	21358.72
206.92	21513.86
207.00	21898.93
207.07	22394.49
207.14	22882.39
207.22	23316.29
207.29	23680.78
207.36	24000.06
207.44	24287.07
207.51	24541.69
207.58	24770.90
207.66	24973.65
207.73	25150.42
207.80	25293.62
207.88	25384.29
207.95	25394.90
208.02	25315.48
208.10	25086.42
208.17	24697.57
208.25	24244.57
208.32	23833.15
208.39	23528.14
208.47	23415.95
208.54	23510.60
208.61	23760.74
208.69	24076.28
208.76	24411.31
208.83	24757.65
208.90	25110.48
208.98	25454.43
209.05	25766.70
209.12	26057.21
209.20	26318.90
209.27	26542.76
209.34	26739.48
209.42	26938.01
209.49	27106.50
209.56	27207.38
209.64	27266.44
209.71	27217.02
209.78	27016.21
209.86	26694.60
209.93	26334.06
210.00	25924.68
210.08	25564.28
210.15	25360.80
210.22	25366.74
210.30	25525.85
210.37	25826.57
210.44	26220.48
210.52	26638.00
210.59	26996.73
210.66	27308.40
210.74	27585.66
210.81	27833.48
210.88	28070.46
210.96	28292.30
211.03	28512.52
211.10	28725.96
211.17	28917.54
211.25	29038.69
211.32	29111.27
211.39	29081.24
211.47	28929.52
211.54	28601.55
211.61	28167.02
211.69	27749.58
211.76	27459.80
211.83	27346.50
211.91	27487.76
211.98	27802.67
212.05	28178.42
212.12	28516.57
212.20	28807.43
212.27	29046.13
212.34	29248.67
212.42	29430.06
212.49	29621.49
212.56	29803.49
212.64	29988.92
212.71	30195.85
212.78	30400.77
212.85	30575.25
212.93	30710.84
213.00	30790.26
213.07	30816.72
213.15	30726.82
213.22	30533.76
213.29	30304.18
213.37	30067.53
213.44	29852.66
213.51	29746.73
213.58	29778.44
213.66	29907.56
213.73	30116.28
213.80	30365.40
213.88	30630.42
213.95	30849.92
214.02	31029.93
214.09	31185.66
214.17	31336.53
214.24	31511.18
214.31	31721.50
214.39	31940.46
214.46	32153.99
214.53	32334.31
214.60	32473.68
214.68	32577.48
214.75	32656.18
214.82	32677.00
214.90	32640.65
214.97	32493.12
215.04	32225.58
215.11	31915.60
215.19	31679.64
215.26	31576.72
215.33	31633.16
215.41	31876.64
215.48	32211.30
215.55	32527.68
215.62	32785.24
215.70	33008.02
215.77	33186.97
215.84	33358.53
215.91	33528.89
215.99	33697.11
216.06	33847.47
216.13	33985.76
216.21	34091.90
216.28	34187.70
216.35	34277.90
216.42	34366.98
216.50	34423.71
216.57	34464.90
216.64	34441.29
216.71	34319.28
216.79	34117.97
216.86	33946.56
216.93	33816.88
217.01	33782.15
217.08	33868.54
217.15	34049.06
217.22	34257.18
217.30	34472.75
217.37	34682.59
217.44	34877.20
217.51	35075.48
217.59	35252.40
217.66	35411.41
217.73	35545.46
217.80	35668.34
217.88	35771.96
217.95	35878.24
218.02	35969.63
218.09	36052.80
218.17	36154.57
218.24	36260.77
218.31	36338.34
218.38	36396.14
218.46	36411.82
218.53	36322.16
218.60	36149.01
218.67	35965.69
218.75	35819.60
218.82	35747.72
218.89	35806.99
218.96	35984.53
219.04	36219.38
219.11	36455.44
219.18	36685.69
219.25	36871.95
219.33	37029.23
219.40	37170.86
219.47	37323.04
219.54	37443.22
219.62	37561.14
219.69	37688.76
219.76	37823.12
219.83	37934.00
219.91	38046.32
219.98	38164.58
220.05	38248.91
220.12	38298.68
220.20	38323.05
220.27	38317.54
220.34	38239.13
220.41	38102.90
220.49	37980.29
220.56	37891.13
220.63	37875.75
220.70	37947.60
220.78	38118.07
220.85	38292.34
220.92	38451.95
220.99	38580.12
221.06	38695.01
221.14	38804.06
221.21	38924.79
221.28	39055.63
221.35	39189.08
221.43	39324.60
221.50	39437.18
221.57	39542.92
221.64	39651.52
221.72	39764.00
221.79	39859.21
221.86	39940.10
221.93	40014.07
222.00	40073.50
222.08	40100.92
222.15	40100.05
222.22	40075.68
222.29	40049.59
222.37	40032.70
222.44	40043.69
222.51	40083.97
222.58	40164.64
222.65	40241.85
222.73	40333.29
222.80	40417.78
222.87	40518.14
222.94	40624.25
223.02	40736.54
223.09	40832.15
223.16	40939.48
223.23	41045.25
223.30	41166.64
223.38	41290.15
223.45	41415.26
223.52	41530.32
223.59	41643.39
223.66	41719.04
223.74	41764.89
223.81	41795.89
223.88	41830.34
223.95	41857.32
224.03	41872.49
224.10	41893.04
224.17	41925.86
224.24	41943.19
224.31	41975.70
224.39	42030.72
224.46	42108.13
224.53	42185.82
224.60	42286.49
224.67	42380.32
224.75	42476.15
224.82	42587.10
224.89	42710.48
224.96	42831.06
225.03	42949.12
225.11	43052.99
225.18	43151.69
225.25	43240.13
225.32	43315.10
225.39	43381.79
225.47	43462.88
225.54	43520.90
225.61	43548.37
225.68	43562.91
225.75	43582.08
225.83	43608.80
225.90	43654.44
225.97	43737.69
226.04	43842.07
226.11	43945.30
226.19	44049.92
226.26	44147.00
226.33	44240.48
226.40	44330.29
226.47	44424.26
226.54	44517.26
226.62	44608.65
226.69	44707.88
226.76	44799.99
226.83	44899.12
226.90	44988.86
226.98	45052.69
227.05	45100.32
227.12	45165.68
227.19	45201.26
227.26	45245.53
227.34	45325.16
227.41	45405.86
227.48	45463.35
227.55	45527.78
227.62	45580.82
227.69	45634.60
227.77	45696.32
227.84	45774.34
227.91	45856.74
227.98	45942.76
228.05	46005.20
228.12	46067.62
228.20	46134.10
228.27	46214.58
228.34	46303.75
228.41	46407.31
228.48	46514.10
228.56	46613.28
228.63	46710.15
228.70	46796.28
228.77	46875.20
228.84	46965.00
228.91	47058.97
228.99	47157.63
229.06	47274.04
229.13	47393.94
229.20	47488.06
229.27	47561.02
229.34	47634.58
229.42	47686.28
229.49	47748.02
229.56	47815.24
229.63	47890.07
229.70	47950.71
229.77	48009.64
229.85	48060.99
229.92	48109.18
229.99	48161.15
230.06	48227.84
230.13	48313.27
230.20	48407.36
230.27	48509.12
230.35	48625.48
230.42	48729.00
230.49	48833.87
230.56	48937.46
230.63	49036.96
230.70	49111.46
230.78	49186.09
230.85	49243.95
230.92	49303.14
230.99	49375.04
231.06	49472.40
231.13	49589.34
231.20	49710.17
231.28	49824.08
231.35	49932.52
231.42	50017.60
231.49	50101.15
231.56	50189.73
231.63	50273.20
231.71	50345.32
231.78	50421.34
231.85	50473.38
231.92	50522.96
231.99	50577.88
232.06	50646.50
232.13	50737.69
232.21	50845.54
232.28	50949.94
232.35	51047.43
232.42	51131.62
232.49	51207.24
232.56	51300.85
232.63	51389.08
232.71	51487.60
232.78	51598.10
232.85	51703.51
232.92	51777.56
232.99	51855.31
233.06	51936.54
233.13	51991.51
233.20	52031.74
233.28	52074.74
233.35	52124.94
233.42	52177.62
233.49	52254.87
233.56	52344.46
233.63	52434.52
233.70	52534.58
233.78	52632.40
233.85	52738.56
233.92	52838.59
233.99	52936.10
234.06	53023.61
234.13	53115.30
234.20	53189.00
234.27	53264.39
234.35	53326.68
234.42	53385.98
234.49	53441.23
234.56	53486.96
234.63	53528.94
234.70	53588.49
234.77	53644.55
234.84	53680.66
234.92	53736.54
234.99	53806.32
235.06	53884.17
235.13	53967.82
235.20	54074.70
235.27	54156.49
235.34	54244.40
235.41	54324.70
235.48	54404.66
235.56	54469.51
235.63	54546.48
235.70	54604.86
235.77	54654.98
235.84	54684.80
235.91	54708.29
235.98	54723.78
236.05	54751.96
236.12	54798.08
236.20	54830.47
236.27	54875.36
236.34	54938.60
236.41	54980.12
236.48	55026.48
236.55	55087.80
236.62	55144.86
236.69	55186.99
236.76	55269.50
236.84	55328.66
236.91	55393.18
236.98	55467.72
237.05	55536.04
237.12	55562.78
237.19	55606.78
237.26	55662.07
237.33	55701.26
237.40	55744.48
237.47	55797.88
237.55	55844.08
237.62	55905.39
237.69	55977.40
237.76	56053.08
237.83	56127.71
237.90	56193.64
237.97	56238.20
238.04	56271.24
238.11	56308.64
238.18	56358.65
238.26	56405.11
238.33	56439.64
238.40	56473.90
238.47	56513.51
238.54	56535.76
238.61	56552.32
238.68	56575.88
238.75	56597.87
238.82	56623.96
238.89	56663.86
238.96	56716.89
239.04	56768.14
239.11	56832.04
239.18	56874.63
239.25	56892.78
239.32	56906.94
239.39	56920.46
239.46	56919.73
239.53	56920.06
239.60	56926.22
239.67	56943.26
239.74	56957.93
239.81	56983.24
239.89	57018.21
239.96	57060.08
240.03	57094.49
240.10	57135.48
240.17	57163.20
240.24	57178.65
240.31	57209.04
240.38	57233.98
240.45	57285.15
240.52	57348.84
240.59	57412.74
240.66	57471.70
240.73	57531.74
240.80	57548.30
240.88	57560.66
240.95	57583.56
241.02	57596.61
241.09	57613.42
241.16	57644.50
241.23	57673.48
241.30	57670.33
241.37	57648.71
241.44	57632.20
241.51	57628.32
241.58	57629.81
241.65	57661.89
241.72	57714.74
241.79	57750.80
241.86	57768.22
241.94	57771.62
242.01	57761.36
242.08	57740.74
242.15	57746.04
242.22	57754.57
242.29	57757.53
242.36	57773.89
242.43	57775.98
242.50	57761.98
242.57	57738.84
242.64	57737.02
242.71	57727.13
242.78	57746.22
242.85	57751.06
242.92	57766.94
242.99	57778.43
243.06	57782.79
243.14	57776.32
243.21	57790.01
243.28	57802.92
243.35	57820.52
243.42	57853.80
243.49	57885.64
243.56	57910.58
243.63	57935.58
243.70	57944.02
243.77	57943.93
243.84	57928.28
243.91	57914.35
243.98	57890.77
244.05	57862.62
244.12	57830.37
244.19	57807.32
244.26	57788.90
244.33	57766.50
244.40	57759.78
244.47	57766.05
244.54	57768.54
244.62	57731.59
244.69	57707.44
244.76	57685.83
244.83	57666.64
244.90	57673.82
244.97	57705.06
245.04	57728.90
245.11	57740.93
245.18	57740.10
245.25	57741.60
245.32	57754.82
245.39	57780.65
245.46	57798.22
245.53	57803.20
245.60	57781.45
245.67	57763.08
245.74	57742.40
245.81	57722.88
245.88	57705.70
245.95	57708.10
246.02	57682.52
246.09	57635.12
246.16	57589.36
246.23	57555.09
246.30	57511.92
246.37	57503.55
246.44	57525.81
246.51	57553.70
246.58	57581.26
246.65	57614.61
246.72	57638.05
246.79	57631.23
246.87	57626.17
246.94	57613.43
247.01	57583.38
247.08	57539.27
247.15	57495.24
247.22	57434.37
247.29	57379.12
247.36	57347.90
247.43	57308.28
247.50	57290.90
247.57	57300.43
247.64	57318.35
247.71	57320.62
247.78	57351.28
247.85	57386.81
247.92	57413.74
247.99	57416.96
248.06	57415.06
248.13	57391.34
248.20	57352.74
248.27	57304.87
248.34	57284.43
248.41	57272.00
248.48	57274.44
248.55	57270.54
248.62	57284.82
248.69	57286.80
248.76	57275.02
248.83	57249.49
248.90	57231.10
248.97	57189.84
249.04	57150.03
249.11	57120.08
249.18	57080.85
249.25	57035.54
249.32	56990.78
249.39	56936.94
249.46	56880.10
249.53	56835.10
249.60	56801.09
249.67	56777.29
249.74	56761.32
249.81	56765.22
249.88	56784.20
249.95	56810.84
250.02	56841.10
250.09	56869.50
250.16	56883.37
250.23	56876.11
250.30	56869.84
250.37	56854.36
250.44	56851.58
250.51	56845.61
250.58	56851.67
250.65	56840.62
250.72	56814.10
250.79	56777.31
250.86	56736.19
250.93	56690.71
251.00	56646.92
251.07	56621.56
251.14	56602.98
251.21	56588.14
251.28	56561.51
251.35	56547.01
251.42	56530.42
251.49	56505.96
251.56	56480.49
251.63	56467.54
251.70	56449.87
251.77	56425.09
251.84	56393.89
251.91	56345.20
251.98	56290.20
252.05	56239.49
252.12	56189.29
252.18	56151.59
252.25	56142.39
252.32	56150.74
252.39	56144.90
252.46	56137.66
252.53	56121.99
252.60	56099.58
252.67	56065.65
252.74	56025.98
252.81	56000.97
252.88	55973.53
252.95	55937.52
253.02	55900.61
253.09	55871.73
253.16	55855.70
253.23	55840.00
253.30	55838.89
253.37	55825.88
253.44	55822.31
253.51	55791.73
253.58	55762.60
253.65	55757.36
253.72	55761.86
253.79	55753.29
253.86	55749.70
253.93	55750.45
254.00	55714.82
254.07	55690.52
254.14	55661.60
254.21	55619.44
254.28	55586.16
254.35	55560.68
254.41	55529.57
254.48	55502.29
254.55	55496.18
254.62	55471.08
254.69	55429.73
254.76	55384.00
254.83	55340.50
254.90	55305.34
254.97	55278.36
255.04	55270.14
255.11	55258.98
255.18	55226.08
255.25	55174.57
255.32	55132.62
255.39	55092.94
255.46	55059.93
255.53	55049.41
255.60	55041.20
255.67	55020.86
255.74	55011.85
255.81	55002.08
255.87	54993.26
255.94	54971.24
256.01	54960.68
256.08	54931.62
256.15	54887.12
256.22	54849.28
256.29	54836.05
256.36	54803.46
256.43	54768.87
256.50	54766.34
256.57	54754.32
256.64	54732.30
256.71	54723.35
256.78	54712.31
256.85	54681.98
256.92	54659.27
256.99	54645.55
257.05	54632.47
257.12	54616.26
257.19	54574.17
257.26	54527.96
257.33	54469.50
257.40	54409.92
257.47	54345.64
257.54	54316.78
257.61	54291.79
257.68	54276.05
257.75	54260.68
257.82	54258.90
257.89	54237.32
257.96	54219.76
258.03	54183.46
258.09	54138.83
258.16	54077.10
258.23	54011.83
258.30	53947.74
258.37	53901.36
258.44	53867.86
258.51	53844.56
258.58	53843.28
258.65	53835.36
258.72	53819.54
258.79	53785.81
258.86	53761.00
258.93	53734.39
258.99	53696.37
259.06	53658.03
259.13	53619.84
259.20	53584.06
259.27	53541.08
259.34	53510.21
259.41	53493.26
259.48	53496.12
259.55	53484.20
259.62	53471.30
259.69	53431.42
259.76	53376.40
259.82	53312.94
259.89	53272.45
259.96	53240.92
260.03	53227.36
260.10	53194.86
260.17	53148.91
260.24	53085.86
260.31	53017.41
260.38	52962.16
260.45	52945.72
260.52	52941.23
260.59	52931.43
260.65	52916.51
260.72	52895.62
260.79	52862.18
260.86	52828.26
260.93	52800.93
261.00	52756.19
261.07	52714.78
261.14	52663.33
261.21	52601.44
261.28	52532.46
261.34	52471.75
261.41	52405.10
261.48	52344.41
261.55	52301.30
261.62	52256.64
261.69	52230.93
261.76	52199.64
261.83	52187.94
261.90	52160.21
261.97	52131.00
262.03	52099.72
262.10	52065.74
262.17	52015.86
262.24	51988.45
262.31	51967.24
262.38	51932.04
262.45	51909.78
262.52	51879.55
262.59	51835.96
262.65	51794.30
262.72	51752.36
262.79	51713.36
262.86	51673.73
262.93	51628.06
263.00	51583.90
263.07	51535.73
263.14	51485.28
263.21	51445.58
263.27	51416.07
263.34	51386.27
263.41	51361.78
263.48	51320.32
263.55	51273.34
263.62	51209.04
263.69	51142.63
263.76	51082.90
263.82	51034.44
263.89	51004.26
263.96	50992.83
264.03	50974.22
264.10	50954.47
264.17	50918.68
264.24	50861.32
264.31	50796.62
264.38	50743.42
264.44	50687.14
264.51	50637.36
264.58	50602.68
264.65	50567.49
264.72	50510.34
264.79	50457.65
264.86	50416.95
264.92	50359.33
264.99	50315.97
265.06	50285.83
265.13	50258.96
265.20	50243.53
265.27	50230.80
265.34	50192.53
265.41	50167.73
265.47	50128.66
265.54	50078.54
265.61	50032.41
265.68	50015.20
265.75	49980.88
265.82	49940.97
265.89	49893.31
265.95	49840.36
266.02	49766.66
266.09	49709.69
266.16	49668.87
266.23	49630.72
266.30	49591.71
266.37	49548.74
266.44	49475.77
266.50	49415.92
266.57	49350.23
266.64	49283.70
266.71	49224.02
266.78	49177.74
266.85	49103.06
266.91	49046.75
266.98	49000.88
267.05	48951.64
267.12	48918.34
267.19	48895.53
267.26	48874.24
267.33	48849.92
267.39	48829.36
267.46	48801.44
267.53	48774.87
267.60	48733.20
267.67	48690.58
267.74	48650.53
267.81	48606.37
267.87	48559.82
267.94	48525.53
268.01	48484.45
268.08	48435.98
268.15	48379.82
268.22	48335.27
268.28	48278.78
268.35	48223.69
268.42	48172.18
268.49	48131.02
268.56	48089.20
268.63	48035.52
268.69	47996.36
268.76	47952.94
268.83	47910.78
268.90	47866.31
268.97	47850.18
269.04	47830.59
269.11	47817.23
269.17	47804.82
269.24	47784.27
269.31	47751.90
269.38	47710.98
269.45	47658.30
269.52	47603.28
269.58	47566.08
269.65	47518.85
269.72	47472.80
269.79	47442.84
269.86	47421.42
269.92	47375.91
269.99	47343.86
270.06	47300.64
270.13	47256.95
270.20	47204.78
270.27	47169.84
270.33	47137.43
270.40	47104.24
270.47	47064.74
270.54	47042.21
270.61	47009.54
270.68	46986.63
270.74	46969.18
270.81	46953.47
270.88	46925.01
270.95	46900.87
271.02	46845.16
271.08	46794.12
271.15	46733.36
271.22	46680.99
271.29	46638.86
271.36	46575.28
271.43	46535.40
271.49	46512.74
271.56	46484.84
271.63	46445.58
271.70	46453.84
271.77	46450.42
271.83	46423.30
271.90	46385.14
271.97	46350.32
272.04	46299.68
272.11	46257.09
272.17	46233.20
272.24	46211.78
272.31	46186.16
272.38	46171.04
272.45	46137.34
272.52	46111.18
272.58	46086.20
272.65	46082.40
272.72	46050.40
272.79	46022.11
272.86	45989.00
272.92	45946.25
272.99	45887.36
273.06	45847.18
273.13	45802.74
273.20	45758.76
273.26	45725.83
273.33	45700.50
273.40	45675.79
273.47	45660.04
273.54	45633.69
273.60	45619.15
273.67	45585.79
273.74	45567.74
273.81	45541.73
273.88	45532.25
273.94	45522.77
274.01	45521.82
274.08	45513.80
274.15	45506.52
274.21	45476.54
274.28	45429.82
274.35	45372.78
274.42	45304.74
274.49	45238.35
274.55	45202.35
274.62	45169.65
274.69	45140.07
274.76	45112.96
274.83	45092.06
274.89	45059.65
274.96	45029.26
275.03	44997.16
275.10	44965.23
275.17	44921.56
275.23	44875.30
275.30	44823.68
275.37	44796.14
275.44	44774.98
275.50	44748.79
275.57	44716.48
275.64	44687.41
275.71	44643.92
275.78	44595.52
275.84	44568.01
275.91	44538.54
275.98	44514.30
276.05	44474.54
276.11	44446.02
276.18	44414.64
276.25	44367.45
276.32	44317.64
276.39	44280.20
276.45	44226.32
276.52	44162.26
276.59	44127.73
276.66	44097.16
276.72	44078.62
276.79	44065.60
276.86	44044.62
276.93	44018.52
276.99	43991.53
277.06	43951.56
277.13	43911.10
277.20	43894.56
277.26	43864.53
277.33	43844.02
277.40	43824.66
277.47	43798.84
277.54	43766.97
277.60	43744.26
277.67	43701.56
277.74	43646.62
277.81	43597.69
277.87	43542.82
277.94	43481.40
278.01	43432.07
278.08	43395.14
278.14	43363.40
278.21	43338.48
278.28	43332.25
278.35	43321.12
278.41	43318.62
278.48	43313.02
278.55	43301.50
278.62	43277.04
278.68	43246.43
278.75	43201.50
278.82	43151.12
278.89	43094.90
278.95	43040.38
279.02	42993.36
279.09	42966.87
279.16	42954.66
279.22	42942.04
279.29	42919.54
279.36	42895.51
279.43	42849.55
279.49	42792.97
279.56	42724.21
279.63	42651.86
279.70	42586.33
279.76	42534.68
279.83	42486.00
279.90	42469.74
279.97	42459.57
280.03	42446.38
280.10	42419.70
280.17	42394.74
280.24	42350.93
280.30	42313.92
280.37	42274.32
280.44	42240.87
280.51	42213.19
280.57	42183.53
280.64	42141.89
280.71	42090.46
280.77	42031.89
280.84	41949.18
280.91	41865.96
280.98	41781.79
281.04	41703.74
281.11	41631.83
281.18	41568.32
281.25	41499.20
281.31	41432.33
281.38	41363.10
281.45	41291.42
281.52	41232.45
281.58	41177.32
281.65	41131.76
281.72	41086.19
281.78	41052.98
281.85	41016.07
281.92	40992.26
281.99	40977.44
282.05	40967.14
282.12	40940.84
282.19	40917.84
282.26	40886.21
282.32	40848.42
282.39	40826.06
282.46	40798.26
282.52	40773.47
282.59	40752.65
282.66	40736.30
282.73	40703.61
282.79	40668.16
282.86	40622.74
282.93	40568.13
282.99	40505.57
283.06	40442.06
283.13	40378.02
283.20	40297.46
283.26	40218.94
283.33	40136.16
283.40	40056.40
283.46	40014.12
283.53	39973.17
283.60	39943.02
283.67	39920.50
283.73	39920.14
283.80	39888.94
283.87	39884.54
283.93	39889.79
284.00	39888.38
284.07	39869.10
284.13	39852.30
284.20	39834.14
284.27	39801.37
284.34	39768.72
284.40	39744.05
284.47	39724.02
284.54	39710.35
284.60	39690.03
284.67	39668.24
284.74	39634.38
284.81	39603.95
284.87	39560.41
284.94	39508.57
285.01	39456.08
285.07	39404.31
285.14	39351.18
285.21	39302.39
285.27	39267.40
285.34	39240.12
285.41	39224.00
285.47	39207.44
285.54	39194.49
285.61	39173.05
285.68	39158.54
285.74	39134.28
285.81	39111.33
285.88	39088.66
285.94	39077.84
286.01	39062.47
286.08	39050.77
286.14	39044.13
286.21	39024.70
286.28	39009.63
286.34	38978.51
286.41	38937.09
286.48	38879.98
286.55	38831.43
286.61	38782.99
286.68	38739.89
286.75	38700.82
286.81	38662.82
286.88	38623.82
286.95	38564.52
287.01	38542.68
287.08	38521.58
287.15	38515.40
287.21	38501.60
287.28	38508.02
287.35	38497.02
287.41	38489.26
287.48	38476.79
287.55	38469.06
287.61	38451.35
287.68	38416.34
287.75	38381.40
287.81	38345.82
287.88	38314.78
287.95	38300.96
288.01	38277.30
288.08	38263.64
288.15	38236.69
288.21	38204.80
288.28	38161.88
288.35	38140.50
288.41	38116.53
288.48	38098.74
288.55	38079.57
288.61	38052.80
288.68	38016.48
288.75	37969.88
288.81	37917.64
288.88	37871.96
288.95	37842.14
289.01	37832.23
289.08	37828.77
289.15	37843.84
289.21	37864.16
289.28	37874.80
289.35	37874.92
289.41	37858.95
289.48	37855.28
289.55	37850.24
289.61	37825.53
289.68	37808.91
289.75	37800.42
289.81	37773.94
289.88	37737.76
289.95	37715.26
290.01	37679.33
290.08	37641.46
290.15	37604.56
290.21	37584.34
290.28	37565.46
290.35	37549.76
290.41	37538.78
290.48	37527.56
290.55	37480.95
290.61	37444.28
290.68	37405.45
290.74	37383.36
290.81	37371.34
290.88	37375.29
290.94	37380.74
291.01	37388.35
291.08	37385.87
291.14	37384.94
291.21	37388.24
291.28	37382.63
291.34	37374.38
291.41	37370.81
291.48	37358.44
291.54	37347.76
291.61	37339.03
291.68	37327.53
291.74	37298.84
291.81	37278.93
291.87	37264.40
291.94	37230.16
292.01	37197.81
292.07	37167.03
292.14	37118.41
292.21	37058.34
292.27	37025.16
292.34	36990.54
292.41	36970.21
292.47	36951.10
292.54	36942.98
292.60	36933.90
292.67	36935.64
292.74	36931.32
292.80	36942.91
292.87	36956.25
292.94	36965.72
293.00	36974.48
293.07	36978.16
293.13	36982.00
293.20	36979.78
293.27	36976.79
293.33	36969.24
293.40	36973.93
293.47	36960.48
293.53	36939.91
293.60	36918.86
293.66	36882.54
293.73	36834.58
293.80	36788.89
293.86	36747.86
293.93	36705.00
294.00	36668.89
294.06	36643.60
294.13	36622.08
294.19	36604.22
294.26	36595.53
294.33	36593.56
294.39	36571.97
294.46	36569.63
294.52	36565.53
294.59	36553.82
294.66	36553.67
294.72	36570.03
294.79	36579.15
294.86	36580.26
294.92	36595.02
294.99	36618.61
295.05	36643.32
295.12	36648.58
295.19	36670.73
295.25	36673.90
295.32	36669.41
295.38	36649.29
295.45	36650.07
295.52	36637.01
295.58	36621.66
295.65	36583.72
295.71	36557.06
295.78	36504.83
295.85	36458.24
295.91	36413.17
295.98	36366.84
296.04	36308.06
296.11	36275.95
296.18	36253.91
296.24	36241.11
296.31	36241.37
296.37	36263.01
296.44	36285.32
296.51	36301.02
296.57	36317.57
296.64	36351.04
296.70	36378.14
296.77	36389.98
296.84	36398.63
296.90	36415.34
296.97	36406.48
297.03	36403.53
297.10	36406.49
297.17	36419.52
297.23	36426.46
297.30	36438.11
297.36	36429.60
297.43	36427.11
297.50	36414.32
297.56	36387.04
297.63	36365.86
297.69	36343.50
297.76	36290.58
297.82	36229.58
297.89	36170.21
297.96	36107.14
298.02	36058.69
298.09	36027.14
298.15	36012.37
298.22	36016.62
298.29	36014.53
298.35	36016.28
298.42	36027.28
298.48	36030.48
298.55	36027.50
298.61	36044.44
298.68	36065.20
298.75	36082.34
298.81	36099.39
298.88	36121.77
298.94	36138.40
299.01	36148.22
299.08	36156.22
299.14	36172.65
299.21	36169.70
299.27	36166.46
299.34	36153.20
299.40	36154.21
299.47	36145.50
299.54	36143.71
299.60	36132.38
299.67	36117.18
299.73	36078.88
299.80	36011.79
299.86	35933.22
299.93	35853.34
299.99	35775.52
300.06	35711.90
300.13	35671.00
300.19	35654.75
300.26	35647.12
300.32	35659.53
300.39	35664.49
300.45	35689.95
300.52	35718.29
300.59	35756.33
300.65	35785.92
300.72	35823.87
300.78	35845.38
300.85	35851.54
300.91	35848.09
300.98	35846.83
301.04	35832.46
301.11	35824.00
301.18	35818.44
301.24	35813.98
301.31	35792.44
301.37	35785.41
301.44	35762.77
301.50	35750.55
301.57	35727.86
301.63	35718.76
301.70	35684.54
301.77	35647.93
301.83	35587.41
301.90	35521.76
301.96	35442.82
302.03	35363.02
302.09	35307.92
302.16	35260.25
302.22	35225.65
302.29	35195.96
302.36	35187.62
302.42	35177.81
302.49	35186.22
302.55	35197.39
302.62	35206.68
302.68	35210.13
302.75	35219.48
302.81	35206.97
302.88	35199.17
302.94	35192.54
303.01	35192.79
303.07	35176.44
303.14	35166.54
303.21	35145.04
303.27	35132.02
303.34	35124.05
303.40	35105.66
303.47	35083.82
303.53	35055.36
303.60	35031.93
303.66	34993.22
303.73	34955.84
303.79	34922.59
303.86	34888.12
303.92	34838.11
303.99	34773.28
304.05	34702.53
304.12	34621.70
304.19	34552.34
304.25	34485.47
304.32	34435.66
304.38	34395.76
304.45	34374.04
304.51	34351.16
304.58	34343.51
304.64	34334.48
304.71	34338.14
304.77	34320.06
304.84	34309.38
304.90	34289.24
304.97	34268.76
305.03	34237.32
305.10	34214.95
305.16	34189.54
305.23	34167.77
305.29	34143.22
305.36	34110.73
305.42	34085.97
305.49	34047.88
305.56	34004.89
305.62	33960.78
305.69	33929.34
305.75	33886.66
305.82	33817.92
305.88	33707.98
305.95	33583.90
306.01	33435.06
306.08	33295.29
306.14	33180.49
306.21	33098.58
306.27	33033.82
306.34	32990.96
306.40	32949.97
306.47	32929.12
306.53	32938.05
306.60	32957.78
306.66	32983.84
306.73	33003.51
306.79	32991.46
306.86	32966.93
306.92	32932.95
306.99	32894.81
307.05	32869.92
307.12	32860.38
307.18	32832.28
307.25	32801.07
307.31	32761.03
307.38	32711.39
307.44	32661.99
307.51	32616.66
307.57	32566.10
307.64	32522.26
307.70	32475.62
307.77	32422.15
307.83	32377.55
307.90	32334.12
307.96	32290.61
308.03	32231.46
308.09	32180.80
308.16	32114.36
308.22	32054.58
308.29	31984.70
308.35	31926.34
308.42	31866.41
308.48	31801.58
308.55	31731.33
308.61	31674.80
308.68	31610.21
308.74	31540.20
308.81	31504.49
308.87	31465.21
308.94	31432.68
309.00	31407.99
309.07	31378.88
309.13	31329.15
309.20	31290.53
309.26	31232.20
309.33	31173.88
309.39	31121.05
309.45	31070.63
309.52	31015.54
309.58	30969.94
309.65	30916.98
309.71	30857.48
309.78	30808.72
309.84	30749.27
309.91	30689.70
309.97	30633.73
310.04	30596.76
310.10	30540.42
310.17	30491.18
310.23	30434.34
310.30	30388.17
310.36	30336.99
310.43	30278.86
310.49	30222.38
310.56	30163.75
310.62	30087.17
310.69	30009.24
310.75	29937.43
310.81	29870.24
310.88	29822.76
310.94	29785.76
311.01	29738.02
311.07	29698.17
311.14	29658.97
311.20	29607.94
311.27	29557.38
311.33	29518.00
311.40	29473.08
311.46	29427.97
311.53	29388.09
311.59	29349.08
311.66	29316.32
311.72	29271.93
311.78	29228.57
311.85	29178.89
311.91	29129.01
311.98	29068.38
312.04	29025.18
312.11	28978.48
312.17	28938.46
312.24	28899.12
312.30	28850.40
312.37	28789.14
312.43	28733.21
312.50	28673.94
312.56	28603.28
312.62	28544.78
312.69	28491.72
312.75	28426.92
312.82	28350.06
312.88	28290.83
312.95	28228.30
313.01	28164.44
313.08	28110.59
313.14	28070.21
313.20	28024.73
313.27	27969.32
313.33	27923.49
313.40	27877.40
313.46	27826.66
313.53	27772.87
313.59	27730.64
313.66	27686.38
313.72	27653.94
313.78	27608.89
313.85	27560.50
313.91	27519.12
313.98	27470.50
314.04	27417.77
314.11	27381.36
314.17	27344.35
314.24	27294.31
314.30	27245.94
314.36	27188.50
314.43	27136.32
314.49	27082.26
314.56	27031.85
314.62	26981.65
314.69	26929.41
314.75	26874.34
314.81	26818.62
314.88	26773.13
314.94	26727.44
315.01	26687.60
315.07	26632.94
315.14	26586.23
315.20	26528.58
315.27	26474.58
315.33	26425.67
315.39	26382.63
315.46	26338.94
315.52	26290.61
315.59	26252.83
315.65	26195.76
315.72	26148.92
315.78	26103.38
315.84	26067.95
315.91	26026.92
315.97	26001.16
316.04	25990.80
316.10	25968.50
316.16	25929.77
316.23	25854.30
316.29	25751.16
316.36	25595.70
316.42	25421.47
316.49	25222.84
316.55	25018.96
316.61	24812.42
316.68	24590.96
316.74	24369.86
316.81	24149.00
316.87	23923.62
316.93	23696.06
317.00	23485.90
317.06	23275.57
317.13	23052.41
317.19	22840.08
317.26	22620.05
317.32	22397.08
317.38	22173.53
317.45	21966.34
317.51	21762.48
317.58	21559.06
317.64	21347.70
317.70	21143.92
317.77	20938.70
317.83	20724.58
317.90	20514.83
317.96	20305.58
318.02	20096.70
318.09	19904.89
318.15	19702.90
318.22	19490.89
318.28	19293.16
318.34	19074.56
318.41	18842.96
318.47	18624.60
318.54	18419.19
318.60	18208.94
318.66	18005.44
318.73	17801.77
318.79	17602.60
318.86	17405.50
318.92	17203.34
318.98	17017.46
319.05	16824.48
319.11	16634.45
319.18	16439.18
319.24	16244.50
319.30	16041.51
319.37	15854.98
319.43	15659.88
319.50	15474.26
319.56	15286.92
319.62	15105.76
319.69	14911.58
319.75	14735.25
319.82	14551.33
319.88	14363.91
319.94	14178.65
320.01	14002.77
320.07	13804.12
320.13	13620.05
320.20	13438.40
320.26	13246.76
320.33	13056.83
320.39	12879.79
320.45	12686.51
320.52	12505.29
320.58	12333.99
320.65	12152.70
320.71	11978.24
320.77	11805.68
320.84	11628.69
320.90	11450.41
320.96	11272.10
321.03	11084.78
321.09	10904.78
321.16	10721.93
321.22	10531.66
321.28	10355.45
321.35	10184.34
321.41	10009.04
321.47	9836.36
321.54	9673.22
321.60	9497.17
321.67	9321.56
321.73	9148.07
321.79	8976.21
321.86	8804.82
321.92	8635.65
321.98	8456.05
322.05	8272.38
322.11	8084.88
322.18	7891.93
322.24	7700.96
322.30	7519.89
322.37	7347.30
322.43	7172.72
322.49	7009.04
322.56	6836.52
322.62	6668.58
322.68	6491.91
322.75	6326.96
322.81	6146.02
322.88	5977.76
322.94	5804.34
323.00	5633.08
323.07	5458.64
323.13	5295.30
323.19	5131.92
323.26	4969.98
323.32	4808.36
323.38	4649.96
323.45	4426.14
323.51	3786.62
323.57	2906.72
323.64	1992.55
323.70	1107.84
323.76	318.15
323.83	-22.52
323.89	-89.96
323.96	-89.86
