180.25	3501.87
180.33	-130.81
180.40	651.46
180.48	-36.47
180.56	4.90
180.63	39.12
180.71	78.27
180.78	79.13
180.86	80.90
180.93	85.74
181.01	87.33
181.08	86.50
181.16	85.50
181.23	87.07
181.31	86.58
181.39	108.16
181.46	116.69
181.54	126.87
181.61	141.79
181.69	149.98
181.76	144.24
181.84	139.11
181.91	140.79
181.99	143.71
182.06	146.23
182.14	152.51
182.22	158.54
182.29	169.85
182.37	174.94
182.44	187.50
182.52	187.28
182.59	205.68
182.67	215.31
182.74	221.85
182.82	226.32
182.89	235.81
182.97	236.11
183.04	245.67
183.12	255.84
183.20	278.07
183.27	295.97
183.35	330.65
183.42	360.43
183.50	408.81
183.57	442.96
183.65	498.42
183.72	550.93
183.80	613.65
183.87	666.59
183.95	720.31
184.02	771.97
184.10	808.77
184.17	828.81
184.25	830.04
184.32	819.55
184.40	787.74
184.47	733.16
184.55	688.03
184.62	685.07
184.70	717.71
184.78	779.42
184.85	906.07
184.93	1053.93
185.00	1192.87
185.08	1335.39
185.15	1475.05
185.23	1614.22
185.30	1744.71
185.38	1870.35
185.45	1991.72
185.53	2125.41
185.60	2243.53
185.68	2380.09
185.75	2485.21
185.83	2570.07
185.90	2617.87
185.98	2599.65
186.05	2506.71
186.13	2383.97
186.20	2210.55
186.28	2058.06
186.35	2001.67
186.43	2051.69
186.50	2204.01
186.58	2450.63
186.65	2724.15
186.73	2995.19
186.80	3237.91
186.88	3460.27
186.95	3692.43
187.03	3917.14
187.10	4126.92
187.18	4360.75
187.25	4583.05
187.33	4797.53
187.40	5031.51
187.48	5234.34
187.55	5410.01
187.63	5556.85
187.70	5614.60
187.78	5598.37
187.85	5537.62
187.93	5344.44
188.00	5041.15
188.08	4703.00
188.15	4404.27
188.23	4224.47
188.30	4222.81
188.38	4408.52
188.45	4736.65
188.53	5103.09
188.60	5444.22
188.68	5758.53
188.75	6041.13
188.83	6334.88
188.90	6601.03
188.98	6862.41
189.05	7130.72
189.13	7374.65
189.20	7592.39
189.28	7813.49
189.35	8010.18
189.43	8189.03
189.50	8357.16
189.58	8448.01
189.65	8471.13
189.73	8423.32
189.80	8268.63
189.87	8019.57
189.95	7707.14
190.02	7301.89
190.10	6862.23
190.17	6529.89
190.25	6389.35
190.32	6445.48
190.40	6702.61
190.47	7108.09
190.55	7551.55
190.62	7955.71
190.70	8304.83
190.77	8628.40
190.85	8932.52
190.92	9177.63
191.00	9391.47
191.07	9595.23
191.15	9745.95
191.22	9879.21
191.29	10002.90
191.37	10086.97
191.44	10163.93
191.52	10262.67
191.59	10335.83
191.67	10392.83
191.74	10432.70
191.82	10422.94
191.89	10381.51
191.97	10333.89
192.04	10263.37
192.12	10149.91
192.19	9962.96
192.27	9719.16
192.34	9491.25
192.41	9362.50
192.49	9373.59
192.56	9545.40
192.64	9831.11
192.71	10149.10
192.79	10418.25
192.86	10634.45
192.94	10769.76
193.01	10880.67
193.09	10980.23
193.16	11128.67
193.23	11309.31
193.31	11524.39
193.38	11768.51
193.46	11990.76
193.53	12164.19
193.61	12310.24
193.68	12430.74
193.76	12494.45
193.83	12550.57
193.91	12588.73
193.98	12609.33
194.05	12630.97
194.13	12636.95
194.20	12614.56
194.28	12566.44
194.35	12487.25
194.43	12367.40
194.50	12217.51
194.58	12042.02
194.65	11905.57
194.72	11869.52
194.80	11955.39
194.87	12154.33
194.95	12457.85
195.02	12781.63
195.10	13053.13
195.17	13280.65
195.25	13474.33
195.32	13637.16
195.39	13776.62
195.47	13884.59
195.54	13960.21
195.62	13978.40
195.69	13915.94
195.77	13773.08
195.84	13585.75
195.91	13372.70
195.99	13229.32
196.06	13199.39
196.14	13292.70
196.21	13486.85
196.29	13741.95
196.36	14005.31
196.43	14240.20
196.51	14445.95
196.58	14607.97
196.66	14740.43
196.73	14844.21
196.81	14917.66
196.88	14957.89
196.95	14970.52
197.03	14929.89
197.10	14826.17
197.18	14679.49
197.25	14515.28
197.33	14366.38
197.40	14255.33
197.47	14189.23
197.55	14211.15
197.62	14287.91
197.70	14418.11
197.77	14617.69
197.84	14867.48
197.92	15110.45
197.99	15362.15
198.07	15605.35
198.14	15794.59
198.22	15962.03
198.29	16083.04
198.36	16178.59
198.44	16245.66
198.51	16279.04
198.59	16230.77
198.66	16129.43
198.73	15956.10
198.81	15728.24
198.88	15472.95
198.96	15253.27
199.03	15143.73
199.10	15175.87
199.18	15321.78
199.25	15579.17
199.33	15916.35
199.40	16244.17
199.48	16499.45
199.55	16704.18
199.62	16860.60
199.70	17004.21
199.77	17141.32
199.85	17282.23
199.92	17407.07
199.99	17498.77
200.07	17504.15
200.14	17413.03
200.22	17199.36
200.29	16870.45
200.36	16551.26
200.44	16312.99
200.51	16209.72
200.59	16267.81
200.66	16472.39
200.73	16734.39
200.81	17001.86
200.88	17242.46
200.95	17492.72
201.03	17737.23
201.10	17979.59
201.18	18205.74
201.25	18398.33
201.32	18537.43
201.40	18651.80
201.47	18729.92
201.55	18755.73
201.62	18717.90
201.69	18578.42
201.77	18379.69
201.84	18164.04
201.92	17924.77
201.99	17686.75
202.06	17547.40
202.14	17533.72
202.21	17623.39
202.28	17837.05
202.36	18164.21
202.43	18533.09
202.51	18874.08
202.58	19150.54
202.65	19368.86
202.73	19569.74
202.80	19757.96
202.87	19930.44
202.95	20105.61
203.02	20255.81
203.10	20330.07
203.17	20331.58
203.24	20227.57
203.32	19945.42
203.39	19514.72
203.46	19068.70
203.54	18710.57
203.61	18538.13
203.69	18598.46
203.76	18874.61
203.83	19255.84
203.91	19637.29
203.98	19981.20
204.05	20292.29
204.13	20593.59
204.20	20870.95
204.28	21125.22
204.35	21327.45
204.42	21485.91
204.50	21598.63
204.57	21681.62
204.64	21724.33
204.72	21722.71
204.79	21615.58
204.86	21389.83
204.94	21110.68
205.01	20812.35
205.09	20502.17
205.16	20270.46
205.23	20192.27
205.31	20254.65
205.38	20438.87
205.45	20752.11
205.53	21157.50
205.60	21586.91
205.67	21973.11
205.75	22293.52
205.82	22553.44
205.89	22764.77
205.97	22953.11
206.04	23122.83
206.12	23292.89
206.19	23456.96
206.26	23582.46
206.34	23627.15
206.41	23565.71
206.48	23347.92
206.56	22949.24
206.63	22425.75
206.70	21911.39
206.78	21548.52
206.85	21428.37
206.92	21580.23
207.00	21958.73
207.07	22443.93
207.14	22918.61
207.22	23339.61
207.29	23703.96
207.36	24025.99
207.44	24309.81
207.51	24549.63
207.58	24773.61
207.66	24963.79
207.73	25140.55
207.80	25275.11
207.88	25370.77
207.95	25379.77
208.02	25311.50
208.10	25090.88
208.17	24715.50
208.25	24279.49
208.32	23888.09
208.39	23594.57
208.47	23480.19
208.54	23577.03
208.61	23818.60
208.69	24121.33
208.76	24444.93
208.83	24790.09
208.90	25139.51
208.98	25473.89
209.05	25789.60
209.12	26073.61
209.20	26325.46
209.27	26548.75
209.34	26752.38
209.42	26944.48
209.49	27106.55
209.56	27213.77
209.64	27271.07
209.71	27217.53
209.78	27023.79
209.86	26721.69
209.93	26358.77
210.00	25956.76
210.08	25611.28
210.15	25415.25
210.22	25422.12
210.30	25588.91
210.37	25887.74
210.44	26274.61
210.52	26690.74
210.59	27045.49
210.66	27346.68
210.74	27625.78
210.81	27876.86
210.88	28099.43
210.96	28314.42
211.03	28529.69
211.10	28723.51
211.17	28902.30
211.25	29038.39
211.32	29112.93
211.39	29097.38
211.47	28965.19
211.54	28657.87
211.61	28220.48
211.69	27798.31
211.76	27506.71
211.83	27396.17
211.91	27521.07
211.98	27825.64
212.05	28200.89
212.12	28538.98
212.20	28830.49
212.27	29069.10
212.34	29275.10
212.42	29460.28
212.49	29642.67
212.56	29812.22
212.64	29994.97
212.71	30201.57
212.78	30401.09
212.85	30580.18
212.93	30718.17
213.00	30808.59
213.07	30838.82
213.15	30759.81
213.22	30563.13
213.29	30333.47
213.37	30088.68
213.44	29869.70
213.51	29764.86
213.58	29793.95
213.66	29924.89
213.73	30138.96
213.80	30389.93
213.88	30653.86
213.95	30881.58
214.02	31060.41
214.09	31219.93
214.17	31377.21
214.24	31538.09
214.31	31741.12
214.39	31957.28
214.46	32154.26
214.53	32330.65
214.60	32468.64
214.68	32570.63
214.75	32648.04
214.82	32680.71
214.90	32642.43
214.97	32510.95
215.04	32256.79
215.11	31956.51
215.19	31719.93
215.26	31618.67
215.33	31673.43
215.41	31907.95
215.48	32242.74
215.55	32561.49
215.62	32813.06
215.70	33021.78
215.77	33193.32
215.84	33354.01
215.91	33513.34
215.99	33678.12
216.06	33837.99
216.13	33979.50
216.21	34085.39
216.28	34187.42
216.35	34282.48
216.42	34360.26
216.50	34426.89
216.57	34473.78
216.64	34441.77
216.71	34315.90
216.79	34138.05
216.86	33958.17
216.93	33833.08
217.01	33806.95
217.08	33897.37
217.15	34074.66
217.22	34288.43
217.30	34493.05
217.37	34699.73
217.44	34892.75
217.51	35072.67
217.59	35244.65
217.66	35406.80
217.73	35542.55
217.80	35669.09
217.88	35780.35
217.95	35886.86
218.02	35976.87
218.09	36057.35
218.17	36158.03
218.24	36251.73
218.31	36342.65
218.38	36397.71
218.46	36415.92
218.53	36323.05
218.60	36161.03
218.67	35964.14
218.75	35824.55
218.82	35751.54
218.89	35817.53
218.96	35992.89
219.04	36222.60
219.11	36458.49
219.18	36669.16
219.25	36842.67
219.33	36999.76
219.40	37149.07
219.47	37298.05
219.54	37434.17
219.62	37559.33
219.69	37678.01
219.76	37799.87
219.83	37908.44
219.91	38032.39
219.98	38142.01
220.05	38235.43
220.12	38295.58
220.20	38324.15
220.27	38298.40
220.34	38211.33
220.41	38075.97
220.49	37946.91
220.56	37844.79
220.63	37835.21
220.70	37923.07
220.78	38097.49
220.85	38284.35
220.92	38450.41
220.99	38590.80
221.06	38713.74
221.14	38825.28
221.21	38932.35
221.28	39065.77
221.35	39186.61
221.43	39306.29
221.50	39417.16
221.57	39524.22
221.64	39628.73
221.72	39736.16
221.79	39841.17
221.86	39924.81
221.93	40007.27
222.00	40077.09
222.08	40115.47
222.15	40107.47
222.22	40077.11
222.29	40046.60
222.37	40021.74
222.44	40029.27
222.51	40078.03
222.58	40157.31
222.65	40242.07
222.73	40336.10
222.80	40430.63
222.87	40537.10
222.94	40640.27
223.02	40752.78
223.09	40852.95
223.16	40954.11
223.23	41040.03
223.30	41161.33
223.38	41269.09
223.45	41384.05
223.52	41496.34
223.59	41619.29
223.66	41693.78
223.74	41751.41
223.81	41788.38
223.88	41820.56
223.95	41834.31
224.03	41844.01
224.10	41867.22
224.17	41896.68
224.24	41917.01
224.31	41960.73
224.39	42024.66
224.46	42100.84
224.53	42192.48
224.60	42289.71
224.67	42370.82
224.75	42466.51
224.82	42567.05
224.89	42675.30
224.96	42797.51
225.03	42913.47
225.11	43019.27
225.18	43119.78
225.25	43212.67
225.32	43290.64
225.39	43378.20
225.47	43459.79
225.54	43520.37
225.61	43546.49
225.68	43562.51
225.75	43579.07
225.83	43607.19
225.90	43652.19
225.97	43740.40
226.04	43839.35
226.11	43944.56
226.19	44051.72
226.26	44159.96
226.33	44251.49
226.40	44337.00
226.47	44431.85
226.54	44518.55
226.62	44608.75
226.69	44707.18
226.76	44801.18
226.83	44890.37
226.90	44970.39
226.98	45030.61
227.05	45076.06
227.12	45133.55
227.19	45170.98
227.26	45218.39
227.34	45286.31
227.41	45364.75
227.48	45436.30
227.55	45504.15
227.62	45563.61
227.69	45624.06
227.77	45688.89
227.84	45762.05
227.91	45840.36
227.98	45925.42
228.05	46000.80
228.12	46058.05
228.20	46129.87
228.27	46207.34
228.34	46292.27
228.41	46386.67
228.48	46492.61
228.56	46599.63
228.63	46699.27
228.70	46791.41
228.77	46874.97
228.84	46972.37
228.91	47062.54
228.99	47159.53
229.06	47268.47
229.13	47382.62
229.20	47473.23
229.27	47554.01
229.34	47632.17
229.42	47691.83
229.49	47744.64
229.56	47805.44
229.63	47870.06
229.70	47931.16
229.77	47992.09
229.85	48049.65
229.92	48093.63
229.99	48133.77
230.06	48195.09
230.13	48276.22
230.20	48372.79
230.27	48491.38
230.35	48621.96
230.42	48734.68
230.49	48842.96
230.56	48943.76
230.63	49039.00
230.70	49108.46
230.78	49172.16
230.85	49229.16
230.92	49279.17
230.99	49343.37
231.06	49440.79
231.13	49558.03
231.20	49677.95
231.28	49802.06
231.35	49907.22
231.42	49992.13
231.49	50078.90
231.56	50159.26
231.63	50237.55
231.71	50316.18
231.78	50380.53
231.85	50431.55
231.92	50496.27
231.99	50565.79
232.06	50632.18
232.13	50731.96
232.21	50832.90
232.28	50927.89
232.35	51017.21
232.42	51108.24
232.49	51188.17
232.56	51287.45
232.63	51371.37
232.71	51470.53
232.78	51576.27
232.85	51677.06
232.92	51755.87
232.99	51840.53
233.06	51906.50
233.13	51963.08
233.20	52001.33
233.28	52031.39
233.35	52072.23
233.42	52131.99
233.49	52210.66
233.56	52305.19
233.63	52417.54
233.70	52526.17
233.78	52621.81
233.85	52721.05
233.92	52818.01
233.99	52908.17
234.06	53000.25
234.13	53094.05
234.20	53174.51
234.27	53248.65
234.35	53316.81
234.42	53372.56
234.49	53436.06
234.56	53483.43
234.63	53536.87
234.70	53591.15
234.77	53644.27
234.84	53682.11
234.92	53739.99
234.99	53810.65
235.06	53883.31
235.13	53964.89
235.20	54057.30
235.27	54132.81
235.34	54212.14
235.41	54295.55
235.48	54371.65
235.56	54441.35
235.63	54520.54
235.70	54569.83
235.77	54611.57
235.84	54639.03
235.91	54663.17
235.98	54690.68
236.05	54737.41
236.12	54789.22
236.20	54832.85
236.27	54886.36
236.34	54936.61
236.41	54978.13
236.48	55014.27
236.55	55074.33
236.62	55124.39
236.69	55173.02
236.76	55238.20
236.84	55305.11
236.91	55361.97
236.98	55432.79
237.05	55497.05
237.12	55538.63
237.19	55585.73
237.26	55640.70
237.33	55677.19
237.40	55712.54
237.47	55759.57
237.55	55804.07
237.62	55867.27
237.69	55937.07
237.76	56010.20
237.83	56087.45
237.90	56154.11
237.97	56200.74
238.04	56245.38
238.11	56283.34
238.18	56334.70
238.26	56379.44
238.33	56407.61
238.40	56438.92
238.47	56484.72
238.54	56488.68
238.61	56506.38
238.68	56530.17
238.75	56553.79
238.82	56588.01
238.89	56640.63
238.96	56691.44
239.04	56755.39
239.11	56815.57
239.18	56859.03
239.25	56886.40
239.32	56909.14
239.39	56919.89
239.46	56919.27
239.53	56909.91
239.60	56910.73
239.67	56922.75
239.74	56939.28
239.81	56966.93
239.89	57003.17
239.96	57041.43
240.03	57077.84
240.10	57104.93
240.17	57128.74
240.24	57151.35
240.31	57183.95
240.38	57209.70
240.45	57260.19
240.52	57334.91
240.59	57400.05
240.66	57458.60
240.73	57511.99
240.80	57545.64
240.88	57545.83
240.95	57555.46
241.02	57565.21
241.09	57575.36
241.16	57601.17
241.23	57622.86
241.30	57622.44
241.37	57599.52
241.44	57596.27
241.51	57592.83
241.58	57610.79
241.65	57649.25
241.72	57706.18
241.79	57738.49
241.86	57751.88
241.94	57750.16
242.01	57728.68
242.08	57699.97
242.15	57700.90
242.22	57701.71
242.29	57704.91
242.36	57725.77
242.43	57733.61
242.50	57721.37
242.57	57706.72
242.64	57702.41
242.71	57694.12
242.78	57703.24
242.85	57707.71
242.92	57724.63
242.99	57734.94
243.06	57738.96
243.14	57745.81
243.21	57770.04
243.28	57791.35
243.35	57816.74
243.42	57855.31
243.49	57891.37
243.56	57909.47
243.63	57931.85
243.70	57939.87
243.77	57926.81
243.84	57907.31
243.91	57890.05
243.98	57857.45
244.05	57822.57
244.12	57807.95
244.19	57782.47
244.26	57763.03
244.33	57749.62
244.40	57744.55
244.47	57740.65
244.54	57746.65
244.62	57726.08
244.69	57699.01
244.76	57679.94
244.83	57665.77
244.90	57662.01
244.97	57679.69
245.04	57708.33
245.11	57724.52
245.18	57711.59
245.25	57708.18
245.32	57725.67
245.39	57736.19
245.46	57743.04
245.53	57758.63
245.60	57748.39
245.67	57726.36
245.74	57711.60
245.81	57701.01
245.88	57682.67
245.95	57680.44
246.02	57659.67
246.09	57615.19
246.16	57568.63
246.23	57533.47
246.30	57509.30
246.37	57500.91
246.44	57531.51
246.51	57567.29
246.58	57588.16
246.65	57600.19
246.72	57609.46
246.79	57597.01
246.87	57584.13
246.94	57581.77
247.01	57570.86
247.08	57540.15
247.15	57497.25
247.22	57429.09
247.29	57359.59
247.36	57315.38
247.43	57274.63
247.50	57247.81
247.57	57260.96
247.64	57291.48
247.71	57297.10
247.78	57316.04
247.85	57355.07
247.92	57368.21
247.99	57358.15
248.06	57348.34
248.13	57336.95
248.20	57297.94
248.27	57268.83
248.34	57261.89
248.41	57250.85
248.48	57246.70
248.55	57238.19
248.62	57238.55
248.69	57231.91
248.76	57225.77
248.83	57201.76
248.90	57184.90
248.97	57149.27
249.04	57100.54
249.11	57066.33
249.18	57041.95
249.25	57006.46
249.32	56964.87
249.39	56930.78
249.46	56877.15
249.53	56826.14
249.60	56788.33
249.67	56774.12
249.74	56762.07
249.81	56758.07
249.88	56758.81
249.95	56780.07
250.02	56798.20
250.09	56820.24
250.16	56842.27
250.23	56853.67
250.30	56852.64
250.37	56846.39
250.44	56833.99
250.51	56824.07
250.58	56823.41
250.65	56813.99
250.72	56781.21
250.79	56741.15
250.86	56697.88
250.93	56648.13
251.00	56586.76
251.07	56557.39
251.14	56542.26
251.21	56530.44
251.28	56509.22
251.35	56500.59
251.42	56488.37
251.49	56468.95
251.56	56445.40
251.63	56429.42
251.70	56421.71
251.77	56393.94
251.84	56369.57
251.91	56326.95
251.98	56280.01
252.05	56223.00
252.12	56175.85
252.18	56133.22
252.25	56107.30
252.32	56102.17
252.39	56106.26
252.46	56098.14
252.53	56084.63
252.60	56074.97
252.67	56043.11
252.74	56000.17
252.81	55977.86
252.88	55951.29
252.95	55916.13
253.02	55896.66
253.09	55874.47
253.16	55868.97
253.23	55856.04
253.30	55857.84
253.37	55839.14
253.44	55817.67
253.51	55774.03
253.58	55738.27
253.65	55711.10
253.72	55702.27
253.79	55699.97
253.86	55694.82
253.93	55699.85
254.00	55684.49
254.07	55668.15
254.14	55627.43
254.21	55592.00
254.28	55548.19
254.35	55518.32
254.41	55478.30
254.48	55465.72
254.55	55448.59
254.62	55436.98
254.69	55392.11
254.76	55358.77
254.83	55318.22
254.90	55290.54
254.97	55257.42
255.04	55258.83
255.11	55238.03
255.18	55210.23
255.25	55160.56
255.32	55118.99
255.39	55075.25
255.46	55041.95
255.53	55024.77
255.60	55015.44
255.67	55007.03
255.74	54997.33
255.81	54986.58
255.87	54980.33
255.94	54956.69
256.01	54932.85
256.08	54903.02
256.15	54873.99
256.22	54830.63
256.29	54812.31
256.36	54775.25
256.43	54756.45
256.50	54747.61
256.57	54742.89
256.64	54720.30
256.71	54711.71
256.78	54682.85
256.85	54641.28
256.92	54613.60
256.99	54602.63
257.05	54589.00
257.12	54569.09
257.19	54541.02
257.26	54490.93
257.33	54429.03
257.40	54367.82
257.47	54304.96
257.54	54266.05
257.61	54245.15
257.68	54236.01
257.75	54225.34
257.82	54234.09
257.89	54218.18
257.96	54189.95
258.03	54151.27
258.09	54109.45
258.16	54039.33
258.23	53973.15
258.30	53923.81
258.37	53878.55
258.44	53832.73
258.51	53801.14
258.58	53795.46
258.65	53781.87
258.72	53760.78
258.79	53741.29
258.86	53727.78
258.93	53702.49
258.99	53670.15
259.06	53639.40
259.13	53595.55
259.20	53555.75
259.27	53510.78
259.34	53472.47
259.41	53456.17
259.48	53461.24
259.55	53454.95
259.62	53446.19
259.69	53423.43
259.76	53378.74
259.82	53322.37
259.89	53283.79
259.96	53255.07
260.03	53217.95
260.10	53175.44
260.17	53130.72
260.24	53069.48
260.31	53010.45
260.38	52974.05
260.45	52957.59
260.52	52950.64
260.59	52925.56
260.65	52884.79
260.72	52854.16
260.79	52826.23
260.86	52784.02
260.93	52764.80
261.00	52746.79
261.07	52697.40
261.14	52634.43
261.21	52567.91
261.28	52496.61
261.34	52425.72
261.41	52370.01
261.48	52316.23
261.55	52283.76
261.62	52245.30
261.69	52215.79
261.76	52177.81
261.83	52154.32
261.90	52121.17
261.97	52088.47
262.03	52057.18
262.10	52030.25
262.17	51993.31
262.24	51964.31
262.31	51937.00
262.38	51901.25
262.45	51872.67
262.52	51830.81
262.59	51792.60
262.65	51750.83
262.72	51712.58
262.79	51670.27
262.86	51629.51
262.93	51597.76
263.00	51569.50
263.07	51523.02
263.14	51476.04
263.21	51456.93
263.27	51412.32
263.34	51379.11
263.41	51347.61
263.48	51313.40
263.55	51257.66
263.62	51189.51
263.69	51111.89
263.76	51057.97
263.82	51014.56
263.89	50970.85
263.96	50953.67
264.03	50942.13
264.10	50916.35
264.17	50871.25
264.24	50823.15
264.31	50763.73
264.38	50703.75
264.44	50649.88
264.51	50606.49
264.58	50568.79
264.65	50540.05
264.72	50491.01
264.79	50448.65
264.86	50410.19
264.92	50364.81
264.99	50324.15
265.06	50300.39
265.13	50269.77
265.20	50233.81
265.27	50207.67
265.34	50170.19
265.41	50140.07
265.47	50110.37
265.54	50072.53
265.61	50036.55
265.68	50007.74
265.75	49959.93
265.82	49898.15
265.89	49839.55
265.95	49787.13
266.02	49726.91
266.09	49678.57
266.16	49650.07
266.23	49623.53
266.30	49585.52
266.37	49532.77
266.44	49465.89
266.50	49395.29
266.57	49340.67
266.64	49271.80
266.71	49208.49
266.78	49159.07
266.85	49097.86
266.91	49037.47
266.98	48985.32
267.05	48937.48
267.12	48894.99
267.19	48872.97
267.26	48838.63
267.33	48810.67
267.39	48787.04
267.46	48767.30
267.53	48732.18
267.60	48690.07
267.67	48647.63
267.74	48626.05
267.81	48579.67
267.87	48539.45
267.94	48504.81
268.01	48465.14
268.08	48405.33
268.15	48352.27
268.22	48295.45
268.28	48243.74
268.35	48191.85
268.42	48145.71
268.49	48106.65
268.56	48064.13
268.63	48020.09
268.69	47984.11
268.76	47934.98
268.83	47890.40
268.90	47856.21
268.97	47834.41
269.04	47817.54
269.11	47798.35
269.17	47781.48
269.24	47753.45
269.31	47718.99
269.38	47674.31
269.45	47629.97
269.52	47576.78
269.58	47536.82
269.65	47486.22
269.72	47441.25
269.79	47406.24
269.86	47375.31
269.92	47332.36
269.99	47300.77
270.06	47252.86
270.13	47217.28
270.20	47177.32
270.27	47142.42
270.33	47113.87
270.40	47086.73
270.47	47048.09
270.54	47018.55
270.61	46994.30
270.68	46965.49
270.74	46951.65
270.81	46935.70
270.88	46912.00
270.95	46877.23
271.02	46834.48
271.08	46776.73
271.15	46719.27
271.22	46661.67
271.29	46628.14
271.36	46566.00
271.43	46526.35
271.49	46499.82
271.56	46486.97
271.63	46456.17
271.70	46452.73
271.77	46449.45
271.83	46420.85
271.90	46369.33
271.97	46323.03
272.04	46271.78
272.11	46224.90
272.17	46204.33
272.24	46196.08
272.31	46175.47
272.38	46166.37
272.45	46141.52
272.52	46104.26
272.58	46077.89
272.65	46069.63
272.72	46042.28
272.79	46012.34
272.86	45972.39
272.92	45926.48
272.99	45874.54
273.06	45834.55
273.13	45787.94
273.20	45758.07
273.26	45714.44
273.33	45673.85
273.40	45636.49
273.47	45616.71
273.54	45589.21
273.60	45570.67
273.67	45540.42
273.74	45523.27
273.81	45502.31
273.88	45490.66
273.94	45488.45
274.01	45489.69
274.08	45487.12
274.15	45477.33
274.21	45447.17
274.28	45405.67
274.35	45347.24
274.42	45280.68
274.49	45214.67
274.55	45173.99
274.62	45145.25
274.69	45121.45
274.76	45083.99
274.83	45062.52
274.89	45031.01
274.96	44987.45
275.03	44957.30
275.10	44934.49
275.17	44898.75
275.23	44862.87
275.30	44830.81
275.37	44799.25
275.44	44775.57
275.50	44743.49
275.57	44705.74
275.64	44663.71
275.71	44614.34
275.78	44563.83
275.84	44532.08
275.91	44499.73
275.98	44473.11
276.05	44445.77
276.11	44416.17
276.18	44384.75
276.25	44341.74
276.32	44297.67
276.39	44262.87
276.45	44213.77
276.52	44153.97
276.59	44113.17
276.66	44075.75
276.72	44044.27
276.79	44024.36
276.86	44009.57
276.93	43995.84
276.99	43971.48
277.06	43937.39
277.13	43907.58
277.20	43878.85
277.26	43851.36
277.33	43832.79
277.40	43812.11
277.47	43780.04
277.54	43750.17
277.60	43710.29
277.67	43658.04
277.74	43599.88
277.81	43543.15
277.87	43491.31
277.94	43441.76
278.01	43414.85
278.08	43386.71
278.14	43365.40
278.21	43339.88
278.28	43327.02
278.35	43312.81
278.41	43300.07
278.48	43289.13
278.55	43269.31
278.62	43246.06
278.68	43206.75
278.75	43166.34
278.82	43126.84
278.89	43085.30
278.95	43034.97
279.02	42985.35
279.09	42967.25
279.16	42946.62
279.22	42926.55
279.29	42903.49
279.36	42881.90
279.43	42836.94
279.49	42785.31
279.56	42718.30
279.63	42649.41
279.70	42583.19
279.76	42529.28
279.83	42475.75
279.90	42464.21
279.97	42450.15
280.03	42434.38
280.10	42401.91
280.17	42378.65
280.24	42336.69
280.30	42301.73
280.37	42260.58
280.44	42231.62
280.51	42197.70
280.57	42158.40
280.64	42108.27
280.71	42057.33
280.77	42000.10
280.84	41923.36
280.91	41852.15
280.98	41785.41
281.04	41711.72
281.11	41630.47
281.18	41565.98
281.25	41498.07
281.31	41430.35
281.38	41358.59
281.45	41291.59
281.52	41230.15
281.58	41167.56
281.65	41112.65
281.72	41076.53
281.78	41047.73
281.85	41019.37
281.92	40985.99
281.99	40965.41
282.05	40930.01
282.12	40904.48
282.19	40882.93
282.26	40872.05
282.32	40846.53
282.39	40846.88
282.46	40814.54
282.52	40788.29
282.59	40754.98
282.66	40725.69
282.73	40685.68
282.79	40660.19
282.86	40614.10
282.93	40565.83
282.99	40510.52
283.06	40450.81
283.13	40380.41
283.20	40298.26
283.26	40210.41
283.33	40131.51
283.40	40046.93
283.46	39987.95
283.53	39946.35
283.60	39924.51
283.67	39908.24
283.73	39909.69
283.80	39894.81
283.87	39893.07
283.93	39892.14
284.00	39878.99
284.07	39862.85
284.13	39838.40
284.20	39808.61
284.27	39772.91
284.34	39729.82
284.40	39694.39
284.47	39677.61
284.54	39665.49
284.60	39647.61
284.67	39631.67
284.74	39600.05
284.81	39572.07
284.87	39534.60
284.94	39493.45
285.01	39446.15
285.07	39393.83
285.14	39336.97
285.21	39286.76
285.27	39236.79
285.34	39205.53
285.41	39194.63
285.47	39183.97
285.54	39172.00
285.61	39164.17
285.68	39153.27
285.74	39137.69
285.81	39115.83
285.88	39090.49
285.94	39075.95
286.01	39059.60
286.08	39037.41
286.14	39018.43
286.21	39012.07
286.28	38990.95
286.34	38969.87
286.41	38933.33
286.48	38892.59
286.55	38834.89
286.61	38786.20
286.68	38736.94
286.75	38694.75
286.81	38656.78
286.88	38622.88
286.95	38580.29
287.01	38551.37
287.08	38531.17
287.15	38509.00
287.21	38494.83
287.28	38496.27
287.35	38476.21
287.41	38466.43
287.48	38455.01
287.55	38446.66
287.61	38424.33
287.68	38402.59
287.75	38371.65
287.81	38351.65
287.88	38325.97
287.95	38311.08
288.01	38292.88
288.08	38278.01
288.15	38239.56
288.21	38202.54
288.28	38164.54
288.35	38136.63
288.41	38108.47
288.48	38085.57
288.55	38058.27
288.61	38023.52
288.68	37985.73
288.75	37944.95
288.81	37909.39
288.88	37880.06
288.95	37859.61
289.01	37848.38
289.08	37841.78
289.15	37850.95
289.21	37856.66
289.28	37858.85
289.35	37858.65
289.41	37842.83
289.48	37840.47
289.55	37827.78
289.61	37808.59
289.68	37801.21
289.75	37795.91
289.81	37763.27
289.88	37743.60
289.95	37719.01
290.01	37669.48
290.08	37635.07
290.15	37602.29
290.21	37572.40
290.28	37550.37
290.35	37537.93
290.41	37519.08
290.48	37498.14
290.55	37458.73
290.61	37418.59
290.68	37385.83
290.74	37365.59
290.81	37359.39
290.88	37364.28
290.94	37371.24
291.01	37381.65
291.08	37386.01
291.14	37386.11
291.21	37380.21
291.28	37377.05
291.34	37371.82
291.41	37358.61
291.48	37348.94
291.54	37339.25
291.61	37325.69
291.68	37308.11
291.74	37287.71
291.81	37259.76
291.87	37249.03
291.94	37216.25
292.01	37187.11
292.07	37155.84
292.14	37121.07
292.21	37065.49
292.27	37037.13
292.34	37008.58
292.41	36985.88
292.47	36958.00
292.54	36948.71
292.60	36940.30
292.67	36934.84
292.74	36932.26
292.80	36940.34
292.87	36947.39
292.94	36953.17
293.00	36964.09
293.07	36966.13
293.13	36970.44
293.20	36979.82
293.27	36980.88
293.33	36968.03
293.40	36971.51
293.47	36957.20
293.53	36931.99
293.60	36906.53
293.66	36879.20
293.73	36828.78
293.80	36787.16
293.86	36742.06
293.93	36700.65
294.00	36658.61
294.06	36629.78
294.13	36609.59
294.19	36593.85
294.26	36580.21
294.33	36579.73
294.39	36580.09
294.46	36574.91
294.52	36565.00
294.59	36557.11
294.66	36548.38
294.72	36546.49
294.79	36555.11
294.86	36573.00
294.92	36585.65
294.99	36607.89
295.05	36631.20
295.12	36637.11
295.19	36637.50
295.25	36649.75
295.32	36648.60
295.38	36631.90
295.45	36636.82
295.52	36634.84
295.58	36598.87
295.65	36566.00
295.71	36534.03
295.78	36479.61
295.85	36425.61
295.91	36387.33
295.98	36337.20
296.04	36284.52
296.11	36250.22
296.18	36226.74
296.24	36218.06
296.31	36217.02
296.37	36231.83
296.44	36250.53
296.51	36265.91
296.57	36291.48
296.64	36317.36
296.70	36349.27
296.77	36368.27
296.84	36379.13
296.90	36382.93
296.97	36391.19
297.03	36386.61
297.10	36384.11
297.17	36400.46
297.23	36410.78
297.30	36419.32
297.36	36420.73
297.43	36422.64
297.50	36412.45
297.56	36397.11
297.63	36367.79
297.69	36335.99
297.76	36271.70
297.82	36212.16
297.89	36151.39
297.96	36088.00
298.02	36048.55
298.09	36028.67
298.15	36011.29
298.22	36006.87
298.29	36004.68
298.35	35992.82
298.42	36000.31
298.48	36010.71
298.55	36014.76
298.61	36039.52
298.68	36062.37
298.75	36083.96
298.81	36103.27
298.88	36120.73
298.94	36130.89
299.01	36146.97
299.08	36154.30
299.14	36152.08
299.21	36153.18
299.27	36149.20
299.34	36137.43
299.40	36137.25
299.47	36134.27
299.54	36125.06
299.60	36118.22
299.67	36093.53
299.73	36056.57
299.80	36000.42
299.86	35914.31
299.93	35829.49
299.99	35764.61
300.06	35690.87
300.13	35648.98
300.19	35639.81
300.26	35630.44
300.32	35636.21
300.39	35653.78
300.45	35672.94
300.52	35704.71
300.59	35738.83
300.65	35767.94
300.72	35796.47
300.78	35813.05
300.85	35824.71
300.91	35821.05
300.98	35806.04
301.04	35797.96
301.11	35800.73
301.18	35793.84
301.24	35799.13
301.31	35795.45
301.37	35783.71
301.44	35764.47
301.50	35746.71
301.57	35717.79
301.63	35701.74
301.70	35672.14
301.77	35624.93
301.83	35569.01
301.90	35506.09
301.96	35431.42
302.03	35359.68
302.09	35316.14
302.16	35267.27
302.22	35237.87
302.29	35214.36
302.36	35206.72
302.42	35189.53
302.49	35195.60
302.55	35200.76
302.62	35204.87
302.68	35200.84
302.75	35200.15
302.81	35187.89
302.88	35177.13
302.94	35167.03
303.01	35167.66
303.07	35151.43
303.14	35149.84
303.21	35138.50
303.27	35125.82
303.34	35108.00
303.40	35092.77
303.47	35061.04
303.53	35031.43
303.60	35000.40
303.66	34964.07
303.73	34929.89
303.79	34897.99
303.86	34856.97
303.92	34820.81
303.99	34767.87
304.05	34695.99
304.12	34621.08
304.19	34554.65
304.25	34479.10
304.32	34421.72
304.38	34386.85
304.45	34354.53
304.51	34331.23
304.58	34327.37
304.64	34322.15
304.71	34322.95
304.77	34312.69
304.84	34299.25
304.90	34278.33
304.97	34257.96
305.03	34225.31
305.10	34202.33
305.16	34180.30
305.23	34154.64
305.29	34129.74
305.36	34088.29
305.42	34064.95
305.49	34031.88
305.56	33990.63
305.62	33949.39
305.69	33919.57
305.75	33864.52
305.82	33788.75
305.88	33684.93
305.95	33549.51
306.01	33406.26
306.08	33271.43
306.14	33165.39
306.21	33075.28
306.27	33018.77
306.34	32984.12
306.40	32953.23
306.47	32931.57
306.53	32953.65
306.60	32969.02
306.66	32989.19
306.73	32995.85
306.79	32986.15
306.86	32954.47
306.92	32921.51
306.99	32881.66
307.05	32849.40
307.12	32829.71
307.18	32792.66
307.25	32758.84
307.31	32718.69
307.38	32675.70
307.44	32630.66
307.51	32591.95
307.57	32537.23
307.64	32498.17
307.70	32451.41
307.77	32403.57
307.83	32348.86
307.90	32310.60
307.96	32255.63
308.03	32192.78
308.09	32127.51
308.16	32068.45
308.22	32007.45
308.29	31942.07
308.35	31892.90
308.42	31838.41
308.48	31773.47
308.55	31700.36
308.61	31636.03
308.68	31577.46
308.74	31511.19
308.81	31473.79
308.87	31450.97
308.94	31424.17
309.00	31395.01
309.07	31365.95
309.13	31320.37
309.20	31279.73
309.26	31229.29
309.33	31166.76
309.39	31115.69
309.45	31070.91
309.52	31005.11
309.58	30952.99
309.65	30900.31
309.71	30844.22
309.78	30791.04
309.84	30736.35
309.91	30672.20
309.97	30615.49
310.04	30562.87
310.10	30505.05
310.17	30455.97
310.23	30410.21
310.30	30363.93
310.36	30315.13
310.43	30258.35
310.49	30199.88
310.56	30143.63
310.62	30080.31
310.69	30010.85
310.75	29940.47
310.81	29873.39
310.88	29813.68
310.94	29764.96
311.01	29719.35
311.07	29682.53
311.14	29635.32
311.20	29591.71
311.27	29543.90
311.33	29505.73
311.40	29462.15
311.46	29433.69
311.53	29387.97
311.59	29351.84
311.66	29304.61
311.72	29254.19
311.78	29200.71
311.85	29149.37
311.91	29103.11
311.98	29051.00
312.04	29004.84
312.11	28964.33
312.17	28932.51
312.24	28889.12
312.30	28843.09
312.37	28782.98
312.43	28719.47
312.50	28659.50
312.56	28593.46
312.62	28533.87
312.69	28485.45
312.75	28418.73
312.82	28346.68
312.88	28280.04
312.95	28221.93
313.01	28154.15
313.08	28101.29
313.14	28055.75
313.20	28009.11
313.27	27952.76
313.33	27908.77
313.40	27864.83
313.46	27811.40
313.53	27767.75
313.59	27716.42
313.66	27668.27
313.72	27626.20
313.78	27587.63
313.85	27539.99
313.91	27509.19
313.98	27471.14
314.04	27423.53
314.11	27378.20
314.17	27333.21
314.24	27275.42
314.30	27228.77
314.36	27172.05
314.43	27131.37
314.49	27074.83
314.56	27023.83
314.62	26959.81
314.69	26912.57
314.75	26840.42
314.81	26785.80
314.88	26738.91
314.94	26699.45
315.01	26656.33
315.07	26606.45
315.14	26564.87
315.20	26515.65
315.27	26467.99
315.33	26423.80
315.39	26380.33
315.46	26331.14
315.52	26282.87
315.59	26227.09
315.65	26169.15
315.72	26122.35
315.78	26074.81
315.84	26031.31
315.91	26001.12
315.97	25977.38
316.04	25968.11
316.10	25941.16
316.16	25901.96
316.23	25830.03
316.29	25720.12
316.36	25567.36
316.42	25396.66
316.49	25200.81
316.55	24988.00
316.61	24783.29
316.68	24566.99
316.74	24344.01
316.81	24123.02
316.87	23905.64
316.93	23679.91
317.00	23466.40
317.06	23252.43
317.13	23039.73
317.19	22825.50
317.26	22610.71
317.32	22390.00
317.38	22178.81
317.45	21960.35
317.51	21756.25
317.58	21547.20
317.64	21341.57
317.70	21130.46
317.77	20927.07
317.83	20715.07
317.90	20506.78
317.96	20293.56
318.02	20090.59
318.09	19894.69
318.15	19683.18
318.22	19474.81
318.28	19269.29
318.34	19052.01
318.41	18823.77
318.47	18604.25
318.54	18394.83
318.60	18189.24
318.66	17992.30
318.73	17787.35
318.79	17601.65
318.86	17407.69
318.92	17207.61
318.98	17008.45
319.05	16822.07
319.11	16624.47
319.18	16423.33
319.24	16226.99
319.30	16023.75
319.37	15833.23
319.43	15645.77
319.50	15460.41
319.56	15269.31
319.62	15090.20
319.69	14897.40
319.75	14710.16
319.82	14523.71
319.88	14345.40
319.94	14158.32
320.01	13984.47
320.07	13796.69
320.13	13612.97
320.20	13423.26
320.26	13237.67
320.33	13046.20
320.39	12868.55
320.45	12681.48
320.52	12508.85
320.58	12332.45
320.65	12152.27
320.71	11965.94
320.77	11795.06
320.84	11615.25
320.90	11440.59
320.96	11264.53
321.03	11080.90
321.09	10893.61
321.16	10707.88
321.22	10518.67
321.28	10335.51
321.35	10171.59
321.41	9998.83
321.47	9830.43
321.54	9668.61
321.60	9499.93
321.67	9321.77
321.73	9152.57
321.79	8977.59
321.86	8804.90
321.92	8627.23
321.98	8445.05
322.05	8261.00
322.11	8072.84
322.18	7881.69
322.24	7698.59
322.30	7523.69
322.37	7352.43
322.43	7177.12
322.49	7011.02
322.56	6835.87
322.62	6666.62
322.68	6490.23
322.75	6327.09
322.81	6148.35
322.88	5976.91
322.94	5802.72
323.00	5626.24
323.07	5451.99
323.13	5283.47
323.19	5121.78
323.26	4959.15
323.32	4805.47
323.38	4647.40
323.45	4428.47
323.51	3790.16
323.57	2911.17
323.64	1991.74
323.70	1107.38
323.76	317.33
323.83	-22.49
323.89	-88.15
323.96	-90.55
