180.25	3505.67
180.33	-130.45
180.40	653.40
180.48	-34.41
180.56	7.62
180.63	42.42
180.71	82.78
180.78	83.16
180.86	84.66
180.93	88.49
181.01	90.47
181.08	88.49
181.16	87.35
181.23	88.71
181.31	89.46
181.39	112.15
181.46	121.26
181.54	131.53
181.61	147.79
181.69	156.49
181.76	149.58
181.84	144.00
181.91	146.45
181.99	148.34
182.06	150.08
182.14	156.25
182.22	163.69
182.29	174.99
182.37	179.19
182.44	191.70
182.52	191.71
182.59	210.33
182.67	219.50
182.74	226.02
182.82	230.97
182.89	240.37
182.97	239.51
183.04	249.01
183.12	260.66
183.20	283.25
183.27	300.05
183.35	334.51
183.42	363.43
183.50	411.07
183.57	442.83
183.65	497.08
183.72	548.52
183.80	611.55
183.87	662.90
183.95	715.88
184.02	768.17
184.10	804.51
184.17	825.83
184.25	826.39
184.32	816.83
184.40	785.81
184.47	733.13
184.55	685.99
184.62	685.79
184.70	717.99
184.78	778.01
184.85	902.79
184.93	1048.98
185.00	1187.99
185.08	1330.23
185.15	1467.81
185.23	1605.70
185.30	1735.21
185.38	1855.35
185.45	1975.60
185.53	2107.50
185.60	2223.05
185.68	2360.51
185.75	2471.78
185.83	2555.29
185.90	2607.97
185.98	2590.48
186.05	2498.07
186.13	2372.83
186.20	2202.27
186.28	2049.74
186.35	1997.79
186.43	2044.71
186.50	2196.89
186.58	2441.89
186.65	2714.79
186.73	2984.56
186.80	3229.60
186.88	3453.62
186.95	3687.10
187.03	3909.07
187.10	4116.03
187.18	4350.81
187.25	4566.86
187.33	4777.64
187.40	5012.71
187.48	5220.69
187.55	5395.71
187.63	5542.93
187.70	5606.48
187.78	5589.60
187.85	5525.58
187.93	5333.76
188.00	5032.64
188.08	4696.29
188.15	4398.37
188.23	4215.13
188.30	4214.14
188.38	4401.06
188.45	4726.27
188.53	5096.61
188.60	5440.55
188.68	5752.03
188.75	6039.27
188.83	6331.42
188.90	6594.09
188.98	6850.44
189.05	7120.65
189.13	7359.17
189.20	7575.82
189.28	7801.69
189.35	8001.89
189.43	8181.85
189.50	8348.94
189.58	8437.39
189.65	8450.85
189.73	8406.79
189.80	8248.90
189.87	7999.49
189.95	7688.64
190.02	7286.77
190.10	6844.53
190.17	6515.43
190.25	6372.46
190.32	6431.27
190.40	6687.24
190.47	7095.42
190.55	7528.98
190.62	7934.54
190.70	8275.73
190.77	8598.69
190.85	8902.33
190.92	9156.73
191.00	9373.47
191.07	9584.19
191.15	9735.05
191.22	9862.34
191.29	9974.23
191.37	10057.19
191.44	10128.39
191.52	10223.76
191.59	10295.13
191.67	10358.37
191.74	10398.09
191.82	10391.47
191.89	10351.95
191.97	10311.68
192.04	10244.11
192.12	10131.45
192.19	9946.55
192.27	9704.33
192.34	9471.22
192.41	9342.67
192.49	9352.53
192.56	9520.77
192.64	9809.10
192.71	10129.34
192.79	10396.91
192.86	10612.22
192.94	10740.77
193.01	10844.41
193.09	10949.73
193.16	11099.37
193.23	11277.67
193.31	11494.06
193.38	11738.73
193.46	11953.12
193.53	12123.59
193.61	12269.90
193.68	12392.00
193.76	12456.69
193.83	12519.87
193.91	12570.15
193.98	12595.83
194.05	12616.09
194.13	12618.81
194.20	12588.01
194.28	12525.15
194.35	12441.66
194.43	12327.26
194.50	12176.17
194.58	11994.60
194.65	11855.23
194.72	11813.95
194.80	11893.75
194.87	12100.02
194.95	12409.99
195.02	12736.18
195.10	13013.41
195.17	13249.80
195.25	13446.44
195.32	13611.15
195.39	13748.99
195.47	13856.47
195.54	13933.83
195.62	13953.67
195.69	13900.71
195.77	13761.83
195.84	13570.83
195.91	13345.24
195.99	13191.64
196.06	13154.87
196.14	13248.84
196.21	13444.25
196.29	13708.95
196.36	13984.79
196.43	14220.02
196.51	14428.65
196.58	14596.24
196.66	14727.56
196.73	14820.98
196.81	14893.12
196.88	14926.41
196.95	14942.46
197.03	14908.40
197.10	14799.81
197.18	14647.03
197.25	14477.68
197.33	14316.14
197.40	14197.82
197.47	14137.23
197.55	14153.23
197.62	14231.19
197.70	14371.61
197.77	14574.66
197.84	14825.43
197.92	15080.27
197.99	15337.26
198.07	15569.65
198.14	15758.72
198.22	15921.69
198.29	16049.85
198.36	16148.35
198.44	16224.37
198.51	16250.97
198.59	16211.21
198.66	16105.45
198.73	15925.50
198.81	15696.44
198.88	15434.87
198.96	15203.43
199.03	15078.68
199.10	15118.66
199.18	15269.37
199.25	15536.55
199.33	15880.91
199.40	16215.56
199.48	16470.06
199.55	16672.38
199.62	16836.25
199.70	16989.69
199.77	17129.69
199.85	17279.23
199.92	17398.87
199.99	17489.63
200.07	17487.00
200.14	17398.22
200.22	17164.95
200.29	16832.21
200.36	16492.76
200.44	16251.61
200.51	16142.21
200.59	16205.20
200.66	16416.87
200.73	16679.81
200.81	16945.09
200.88	17191.75
200.95	17444.58
201.03	17690.26
201.10	17946.99
201.18	18175.42
201.25	18369.85
201.32	18515.65
201.40	18632.13
201.47	18715.53
201.55	18744.53
201.62	18706.41
201.69	18560.86
201.77	18352.55
201.84	18121.39
201.92	17875.27
201.99	17622.92
202.06	17474.72
202.14	17461.51
202.21	17555.41
202.28	17769.55
202.36	18103.21
202.43	18484.55
202.51	18832.11
202.58	19117.90
202.65	19348.56
202.73	19551.09
202.80	19737.87
202.87	19920.26
202.95	20094.93
203.02	20243.53
203.10	20322.00
203.17	20327.19
203.24	20210.77
203.32	19929.48
203.39	19486.13
203.46	19024.69
203.54	18650.55
203.61	18472.37
203.69	18520.93
203.76	18801.28
203.83	19201.03
203.91	19600.19
203.98	19954.13
204.05	20275.47
204.13	20576.77
204.20	20855.51
204.28	21110.48
204.35	21312.05
204.42	21465.73
204.50	21591.23
204.57	21671.64
204.64	21703.61
204.72	21692.60
204.79	21576.65
204.86	21341.98
204.94	21048.00
205.01	20746.19
205.09	20437.79
205.16	20212.71
205.23	20117.11
205.31	20182.82
205.38	20369.24
205.45	20680.97
205.53	21088.87
205.60	21538.21
205.67	21938.91
205.75	22268.91
205.82	22544.65
205.89	22763.71
205.97	22949.75
206.04	23111.86
206.12	23284.20
206.19	23439.39
206.26	23555.14
206.34	23595.08
206.41	23526.77
206.48	23307.04
206.56	22895.80
206.63	22368.91
206.70	21844.28
206.78	21474.77
206.85	21344.93
206.92	21509.81
207.00	21892.58
207.07	22391.14
207.14	22881.07
207.22	23312.46
207.29	23674.29
207.36	24001.57
207.44	24287.66
207.51	24544.53
207.58	24772.24
207.66	24975.22
207.73	25150.08
207.80	25291.72
207.88	25377.68
207.95	25389.37
208.02	25320.16
208.10	25094.44
208.17	24705.25
208.25	24250.65
208.32	23837.24
208.39	23529.68
208.47	23413.05
208.54	23511.75
208.61	23760.17
208.69	24068.31
208.76	24390.87
208.83	24734.03
208.90	25083.74
208.98	25436.64
209.05	25765.61
209.12	26065.19
209.20	26332.62
209.27	26563.77
209.34	26760.05
209.42	26948.89
209.49	27104.38
209.56	27208.67
209.64	27264.27
209.71	27216.17
209.78	27021.58
209.86	26708.59
209.93	26340.68
210.00	25929.36
210.08	25563.11
210.15	25353.27
210.22	25352.53
210.30	25515.03
210.37	25817.99
210.44	26214.09
210.52	26632.22
210.59	27006.75
210.66	27310.41
210.74	27587.98
210.81	27834.20
210.88	28074.55
210.96	28292.42
211.03	28515.61
211.10	28723.47
211.17	28913.19
211.25	29036.71
211.32	29101.03
211.39	29077.59
211.47	28931.24
211.54	28614.37
211.61	28172.99
211.69	27745.66
211.76	27446.11
211.83	27326.99
211.91	27460.29
211.98	27777.17
212.05	28168.31
212.12	28516.28
212.20	28816.36
212.27	29047.53
212.34	29251.72
212.42	29427.77
212.49	29606.52
212.56	29788.06
212.64	29978.97
212.71	30187.40
212.78	30398.55
212.85	30587.44
212.93	30717.90
213.00	30804.35
213.07	30825.93
213.15	30730.75
213.22	30529.71
213.29	30297.73
213.37	30049.13
213.44	29832.27
213.51	29719.47
213.58	29752.30
213.66	29887.37
213.73	30100.11
213.80	30350.34
213.88	30627.37
213.95	30853.69
214.02	31023.47
214.09	31180.90
214.17	31347.45
214.24	31524.11
214.31	31715.26
214.39	31939.69
214.46	32146.21
214.53	32321.69
214.60	32446.82
214.68	32570.52
214.75	32653.33
214.82	32680.21
214.90	32632.60
214.97	32487.87
215.04	32210.99
215.11	31905.87
215.19	31667.21
215.26	31572.84
215.33	31635.11
215.41	31880.92
215.48	32214.04
215.55	32535.30
215.62	32790.01
215.70	32999.07
215.77	33174.04
215.84	33350.88
215.91	33512.32
215.99	33678.55
216.06	33843.16
216.13	33987.95
216.21	34091.99
216.28	34199.29
216.35	34290.87
216.42	34369.96
216.50	34429.47
216.57	34468.63
216.64	34435.20
216.71	34310.62
216.79	34128.09
216.86	33953.60
216.93	33821.19
217.01	33783.81
217.08	33867.83
217.15	34042.62
217.22	34244.15
217.30	34459.47
217.37	34681.81
217.44	34882.83
217.51	35071.85
217.59	35254.63
217.66	35419.40
217.73	35559.87
217.80	35686.25
217.88	35797.13
217.95	35903.56
218.02	35991.94
218.09	36072.69
218.17	36168.52
218.24	36265.17
218.31	36355.15
218.38	36405.94
218.46	36407.19
218.53	36314.68
218.60	36157.65
218.67	35960.70
218.75	35812.33
218.82	35748.35
218.89	35807.43
218.96	35975.75
219.04	36209.73
219.11	36449.52
219.18	36664.68
219.25	36860.43
219.33	37023.29
219.40	37169.91
219.47	37315.59
219.54	37455.51
219.62	37566.13
219.69	37687.31
219.76	37818.41
219.83	37928.97
219.91	38045.03
219.98	38172.05
220.05	38258.15
220.12	38311.32
220.20	38341.71
220.27	38325.81
220.34	38237.51
220.41	38100.11
220.49	37968.75
220.56	37879.25
220.63	37852.59
220.70	37921.18
220.78	38091.61
220.85	38271.99
220.92	38438.87
220.99	38584.56
221.06	38713.51
221.14	38812.87
221.21	38920.28
221.28	39041.94
221.35	39171.98
221.43	39297.21
221.50	39420.55
221.57	39539.68
221.64	39654.55
221.72	39767.35
221.79	39879.62
221.86	39968.85
221.93	40041.83
222.00	40097.31
222.08	40118.93
222.15	40101.49
222.22	40076.43
222.29	40039.79
222.37	40027.88
222.44	40036.64
222.51	40084.44
222.58	40154.38
222.65	40248.82
222.73	40331.29
222.80	40420.05
222.87	40530.32
222.94	40644.53
223.02	40757.27
223.09	40868.89
223.16	40973.13
223.23	41058.09
223.30	41166.67
223.38	41284.63
223.45	41405.09
223.52	41535.39
223.59	41655.87
223.66	41732.57
223.74	41790.21
223.81	41823.25
223.88	41846.85
223.95	41861.31
224.03	41878.95
224.10	41897.75
224.17	41929.18
224.24	41947.81
224.31	41992.97
224.39	42061.17
224.46	42135.84
224.53	42206.79
224.60	42299.85
224.67	42394.11
224.75	42488.37
224.82	42590.13
224.89	42717.27
224.96	42839.35
225.03	42952.43
225.11	43059.55
225.18	43160.66
225.25	43244.29
225.32	43330.29
225.39	43406.67
225.47	43477.29
225.54	43540.51
225.61	43573.51
225.68	43581.97
225.75	43595.05
225.83	43622.01
225.90	43666.99
225.97	43743.19
226.04	43839.45
226.11	43955.73
226.19	44060.49
226.26	44156.16
226.33	44258.83
226.40	44358.57
226.47	44445.05
226.54	44539.19
226.62	44630.67
226.69	44715.51
226.76	44808.89
226.83	44897.88
226.90	44981.45
226.98	45044.45
227.05	45102.00
227.12	45149.97
227.19	45187.29
227.26	45230.79
227.34	45304.13
227.41	45379.22
227.48	45453.79
227.55	45516.25
227.62	45578.90
227.69	45641.75
227.77	45707.09
227.84	45779.47
227.91	45864.77
227.98	45952.94
228.05	46018.68
228.12	46092.62
228.20	46163.29
228.27	46241.51
228.34	46326.31
228.41	46432.37
228.48	46523.68
228.56	46627.01
228.63	46728.03
228.70	46813.47
228.77	46895.17
228.84	46986.37
228.91	47074.66
228.99	47174.69
229.06	47294.01
229.13	47395.97
229.20	47497.66
229.27	47585.91
229.34	47659.94
229.42	47709.04
229.49	47771.00
229.56	47835.86
229.63	47911.99
229.70	47969.74
229.77	48036.89
229.85	48094.72
229.92	48140.07
229.99	48189.83
230.06	48255.52
230.13	48321.79
230.20	48416.99
230.27	48530.00
230.35	48636.66
230.42	48753.43
230.49	48879.87
230.56	48975.26
230.63	49075.79
230.70	49146.39
230.78	49212.01
230.85	49259.73
230.92	49324.81
230.99	49383.82
231.06	49482.82
231.13	49592.02
231.20	49713.83
231.28	49830.33
231.35	49938.27
231.42	50033.51
231.49	50121.67
231.56	50208.19
231.63	50287.50
231.71	50361.47
231.78	50421.28
231.85	50478.20
231.92	50531.97
231.99	50593.33
232.06	50664.45
232.13	50768.75
232.21	50872.01
232.28	50970.76
232.35	51067.50
232.42	51148.06
232.49	51220.09
232.56	51311.78
232.63	51399.16
232.71	51497.63
232.78	51599.05
232.85	51697.36
232.92	51775.36
232.99	51860.07
233.06	51933.08
233.13	52002.05
233.20	52052.97
233.28	52106.29
233.35	52157.69
233.42	52215.20
233.49	52294.99
233.56	52388.77
233.63	52480.62
233.70	52575.91
233.78	52665.79
233.85	52764.71
233.92	52852.99
233.99	52942.47
234.06	53027.00
234.13	53122.95
234.20	53192.23
234.27	53263.96
234.35	53331.39
234.42	53394.19
234.49	53455.77
234.56	53511.71
234.63	53565.09
234.70	53612.85
234.77	53664.46
234.84	53698.39
234.92	53759.30
234.99	53831.03
235.06	53921.69
235.13	54014.30
235.20	54112.89
235.27	54187.61
235.34	54271.15
235.41	54333.39
235.48	54408.17
235.56	54484.33
235.63	54564.80
235.70	54611.21
235.77	54657.84
235.84	54693.19
235.91	54715.29
235.98	54736.14
236.05	54776.76
236.12	54833.25
236.20	54862.57
236.27	54917.80
236.34	54967.89
236.41	55020.83
236.48	55054.25
236.55	55110.78
236.62	55154.03
236.69	55208.39
236.76	55274.23
236.84	55344.68
236.91	55409.87
236.98	55476.31
237.05	55534.02
237.12	55574.33
237.19	55614.25
237.26	55670.13
237.33	55723.50
237.40	55770.10
237.47	55813.00
237.55	55876.17
237.62	55937.68
237.69	56003.88
237.76	56079.67
237.83	56155.03
237.90	56215.55
237.97	56261.11
238.04	56306.78
238.11	56353.27
238.18	56402.05
238.26	56444.37
238.33	56479.31
238.40	56505.87
238.47	56535.45
238.54	56555.99
238.61	56574.70
238.68	56593.05
238.75	56609.93
238.82	56640.08
238.89	56683.23
238.96	56734.80
239.04	56792.12
239.11	56849.15
239.18	56883.47
239.25	56904.42
239.32	56923.67
239.39	56941.63
239.46	56949.89
239.53	56957.81
239.60	56951.13
239.67	56959.33
239.74	56978.95
239.81	56998.06
239.89	57027.71
239.96	57080.89
240.03	57106.32
240.10	57129.51
240.17	57159.53
240.24	57183.48
240.31	57212.07
240.38	57261.75
240.45	57319.66
240.52	57389.45
240.59	57456.47
240.66	57507.08
240.73	57551.65
240.80	57577.69
240.88	57588.99
240.95	57607.38
241.02	57631.11
241.09	57649.31
241.16	57675.07
241.23	57698.92
241.30	57697.85
241.37	57669.99
241.44	57659.27
241.51	57657.27
241.58	57664.80
241.65	57701.25
241.72	57752.93
241.79	57778.99
241.86	57785.19
241.94	57790.97
242.01	57769.01
242.08	57756.51
242.15	57762.91
242.22	57772.80
242.29	57762.45
242.36	57784.87
242.43	57781.19
242.50	57768.31
242.57	57752.79
242.64	57759.55
242.71	57744.87
242.78	57757.57
242.85	57758.85
242.92	57772.33
242.99	57780.15
243.06	57797.64
243.14	57803.05
243.21	57827.84
243.28	57843.33
243.35	57866.63
243.42	57893.47
243.49	57920.37
243.56	57942.16
243.63	57969.59
243.70	57982.59
243.77	57974.16
243.84	57967.06
243.91	57949.39
243.98	57927.27
244.05	57884.61
244.12	57853.31
244.19	57829.83
244.26	57809.27
244.33	57792.91
244.40	57793.36
244.47	57789.64
244.54	57786.51
244.62	57754.65
244.69	57719.53
244.76	57713.48
244.83	57718.37
244.90	57715.45
244.97	57742.85
245.04	57772.31
245.11	57773.65
245.18	57761.83
245.25	57767.73
245.32	57781.58
245.39	57797.31
245.46	57811.77
245.53	57809.36
245.60	57795.85
245.67	57773.77
245.74	57755.35
245.81	57737.77
245.88	57726.31
245.95	57718.84
246.02	57702.77
246.09	57665.00
246.16	57622.19
246.23	57583.55
246.30	57555.24
246.37	57544.58
246.44	57562.54
246.51	57585.70
246.58	57622.57
246.65	57645.25
246.72	57659.53
246.79	57649.99
246.87	57647.71
246.94	57628.83
247.01	57611.61
247.08	57574.41
247.15	57530.71
247.22	57462.26
247.29	57399.05
247.36	57345.49
247.43	57314.23
247.50	57301.13
247.57	57306.11
247.64	57328.89
247.71	57349.53
247.78	57370.59
247.85	57397.54
247.92	57434.56
247.99	57430.79
248.06	57426.80
248.13	57406.00
248.20	57372.76
248.27	57328.17
248.34	57315.84
248.41	57295.66
248.48	57289.58
248.55	57285.49
248.62	57284.39
248.69	57291.13
248.76	57289.73
248.83	57276.35
248.90	57248.29
248.97	57215.00
249.04	57170.37
249.11	57127.10
249.18	57088.95
249.25	57055.40
249.32	57019.13
249.39	56966.13
249.46	56915.38
249.53	56869.73
249.60	56828.27
249.67	56809.75
249.74	56803.66
249.81	56807.65
249.88	56817.95
249.95	56839.65
250.02	56862.75
250.09	56881.87
250.16	56885.97
250.23	56879.77
250.30	56871.77
250.37	56855.10
250.44	56851.11
250.51	56855.72
250.58	56857.31
250.65	56854.41
250.72	56823.69
250.79	56778.45
250.86	56732.62
250.93	56699.15
251.00	56653.40
251.07	56635.84
251.14	56622.83
251.21	56611.74
251.28	56583.79
251.35	56565.39
251.42	56548.33
251.49	56523.86
251.56	56498.59
251.63	56480.84
251.70	56468.49
251.77	56440.10
251.84	56415.71
251.91	56370.25
251.98	56325.06
252.05	56274.54
252.12	56223.78
252.18	56189.25
252.25	56170.63
252.32	56178.32
252.39	56178.95
252.46	56175.63
252.53	56156.96
252.60	56133.58
252.67	56093.82
252.74	56060.05
252.81	56027.43
252.88	55994.18
252.95	55965.67
253.02	55934.85
253.09	55917.07
253.16	55906.58
253.23	55904.27
253.30	55912.08
253.37	55898.27
253.44	55871.46
253.51	55826.52
253.58	55794.36
253.65	55763.31
253.72	55761.01
253.79	55745.83
253.86	55753.55
253.93	55748.20
254.00	55732.62
254.07	55698.86
254.14	55675.45
254.21	55640.00
254.28	55608.47
254.35	55583.99
254.41	55546.45
254.48	55516.36
254.55	55502.26
254.62	55475.74
254.69	55429.93
254.76	55405.42
254.83	55369.25
254.90	55339.29
254.97	55319.73
255.04	55315.65
255.11	55296.81
255.18	55265.44
255.25	55209.61
255.32	55162.63
255.39	55107.45
255.46	55068.06
255.53	55058.30
255.60	55056.43
255.67	55041.29
255.74	55040.07
255.81	55028.92
255.87	55024.22
255.94	55007.69
256.01	54993.45
256.08	54965.83
256.15	54939.50
256.22	54894.95
256.29	54857.15
256.36	54812.73
256.43	54785.14
256.50	54774.09
256.57	54768.87
256.64	54764.99
256.71	54762.76
256.78	54744.95
256.85	54711.51
256.92	54679.92
256.99	54655.31
257.05	54636.85
257.12	54621.39
257.19	54587.30
257.26	54538.91
257.33	54479.25
257.40	54430.83
257.47	54363.03
257.54	54333.85
257.61	54305.49
257.68	54299.25
257.75	54279.04
257.82	54278.83
257.89	54263.68
257.96	54255.71
258.03	54218.05
258.09	54173.83
258.16	54119.60
258.23	54051.33
258.30	53994.61
258.37	53940.17
258.44	53893.10
258.51	53870.23
258.58	53864.96
258.65	53852.51
258.72	53848.98
258.79	53825.93
258.86	53794.16
258.93	53766.77
258.99	53728.72
259.06	53683.80
259.13	53654.75
259.20	53606.43
259.27	53561.03
259.34	53525.43
259.41	53504.33
259.48	53498.69
259.55	53501.85
259.62	53491.79
259.69	53466.35
259.76	53430.88
259.82	53372.31
259.89	53324.50
259.96	53292.12
260.03	53253.65
260.10	53222.91
260.17	53181.78
260.24	53127.35
260.31	53067.53
260.38	53031.61
260.45	53009.97
260.52	52996.66
260.59	52979.52
260.65	52945.67
260.72	52909.45
260.79	52871.53
260.86	52841.45
260.93	52818.79
261.00	52788.05
261.07	52755.92
261.14	52682.07
261.21	52617.41
261.28	52558.17
261.34	52495.96
261.41	52424.06
261.48	52378.55
261.55	52338.45
261.62	52296.94
261.69	52263.22
261.76	52241.35
261.83	52226.16
261.90	52192.13
261.97	52143.56
262.03	52108.95
262.10	52076.52
262.17	52032.83
262.24	52014.77
262.31	52008.34
262.38	51995.97
262.45	51976.48
262.52	51957.00
262.59	51912.41
262.65	51867.39
262.72	51814.75
262.79	51763.07
262.86	51715.97
262.93	51676.03
263.00	51633.63
263.07	51583.09
263.14	51537.17
263.21	51503.16
263.27	51465.85
263.34	51438.74
263.41	51412.59
263.48	51369.09
263.55	51310.53
263.62	51238.89
263.69	51167.69
263.76	51110.22
263.82	51069.29
263.89	51032.71
263.96	51011.03
264.03	50982.89
264.10	50958.28
264.17	50905.61
264.24	50860.95
264.31	50817.61
264.38	50771.13
264.44	50718.07
264.51	50675.38
264.58	50636.87
264.65	50592.19
264.72	50535.10
264.79	50485.21
264.86	50446.47
264.92	50396.83
264.99	50367.39
265.06	50338.96
265.13	50305.53
265.20	50285.47
265.27	50258.84
265.34	50213.03
265.41	50185.94
265.47	50154.80
265.54	50113.17
265.61	50075.33
265.68	50041.34
265.75	49997.33
265.82	49952.18
265.89	49899.31
265.95	49844.79
266.02	49789.61
266.09	49740.06
266.16	49704.23
266.23	49670.78
266.30	49632.85
266.37	49581.86
266.44	49511.57
266.50	49442.09
266.57	49371.35
266.64	49302.44
266.71	49243.13
266.78	49195.15
266.85	49128.63
266.91	49080.60
266.98	49030.62
267.05	48980.02
267.12	48937.19
267.19	48913.43
267.26	48878.93
267.33	48865.77
267.39	48850.24
267.46	48831.43
267.53	48795.87
267.60	48757.29
267.67	48707.53
267.74	48668.56
267.81	48625.71
267.87	48583.67
267.94	48545.81
268.01	48506.89
268.08	48454.41
268.15	48404.07
268.22	48360.40
268.28	48313.69
268.35	48260.07
268.42	48216.90
268.49	48170.23
268.56	48124.99
268.63	48068.92
268.69	48021.63
268.76	47971.97
268.83	47928.41
268.90	47889.55
268.97	47869.05
269.04	47848.15
269.11	47828.27
269.17	47814.62
269.24	47793.19
269.31	47760.29
269.38	47713.42
269.45	47673.52
269.52	47626.83
269.58	47581.77
269.65	47529.23
269.72	47491.71
269.79	47453.32
269.86	47418.40
269.92	47382.31
269.99	47357.49
270.06	47319.05
270.13	47267.35
270.20	47207.85
270.27	47166.54
270.33	47126.52
270.40	47085.06
270.47	47061.12
270.54	47054.83
270.61	47028.25
270.68	47008.49
270.74	46996.25
270.81	46974.87
270.88	46945.05
270.95	46917.53
271.02	46864.01
271.08	46815.14
271.15	46752.77
271.22	46698.47
271.29	46657.61
271.36	46609.79
271.43	46568.78
271.49	46548.05
271.56	46527.83
271.63	46492.63
271.70	46481.06
271.77	46471.65
271.83	46444.98
271.90	46398.81
271.97	46362.04
272.04	46324.82
272.11	46287.33
272.17	46265.55
272.24	46241.76
272.31	46213.36
272.38	46192.53
272.45	46158.03
272.52	46112.57
272.58	46097.79
272.65	46090.27
272.72	46062.61
272.79	46034.48
272.86	46013.77
272.92	45961.23
272.99	45904.65
273.06	45856.87
273.13	45809.93
273.20	45777.07
273.26	45741.63
273.33	45712.97
273.40	45696.43
273.47	45682.34
273.54	45653.11
273.60	45638.21
273.67	45607.83
273.74	45578.33
273.81	45552.01
273.88	45542.97
273.94	45532.97
274.01	45536.41
274.08	45535.31
274.15	45526.33
274.21	45493.47
274.28	45451.50
274.35	45394.83
274.42	45327.84
274.49	45255.64
274.55	45207.37
274.62	45183.12
274.69	45155.37
274.76	45130.78
274.83	45118.65
274.89	45094.65
274.96	45059.91
275.03	45032.67
275.10	45003.39
275.17	44970.01
275.23	44921.14
275.30	44868.39
275.37	44830.37
275.44	44796.74
275.50	44764.81
275.57	44745.85
275.64	44711.99
275.71	44662.09
275.78	44625.53
275.84	44590.69
275.91	44548.88
275.98	44523.75
276.05	44499.82
276.11	44467.55
276.18	44436.31
276.25	44398.49
276.32	44357.11
276.39	44308.13
276.45	44252.99
276.52	44189.13
276.59	44139.17
276.66	44104.33
276.72	44085.87
276.79	44080.43
276.86	44072.27
276.93	44057.01
276.99	44028.91
277.06	43989.73
277.13	43948.57
277.20	43914.99
277.26	43882.71
277.33	43857.89
277.40	43843.87
277.47	43813.99
277.54	43775.90
277.60	43743.75
277.67	43699.10
277.74	43639.23
277.81	43578.00
277.87	43535.10
277.94	43485.28
278.01	43460.39
278.08	43425.55
278.14	43404.32
278.21	43385.93
278.28	43376.06
278.35	43354.15
278.41	43350.48
278.48	43339.09
278.55	43319.57
278.62	43297.13
278.68	43253.55
278.75	43205.17
278.82	43162.19
278.89	43103.97
278.95	43042.12
279.02	43001.01
279.09	42973.02
279.16	42951.06
279.22	42945.92
279.29	42931.61
279.36	42913.91
279.43	42876.77
279.49	42817.55
279.56	42748.29
279.63	42674.43
279.70	42597.49
279.76	42534.53
279.83	42493.50
279.90	42465.57
279.97	42447.47
280.03	42437.10
280.10	42421.39
280.17	42402.11
280.24	42377.57
280.30	42361.89
280.37	42325.89
280.44	42286.78
280.51	42253.45
280.57	42211.07
280.64	42157.98
280.71	42109.62
280.77	42055.21
280.84	41973.76
280.91	41895.03
280.98	41812.00
281.04	41731.17
281.11	41652.38
281.18	41586.33
281.25	41513.72
281.31	41447.72
281.38	41375.33
281.45	41303.01
281.52	41242.13
281.58	41191.47
281.65	41136.55
281.72	41098.40
281.78	41070.83
281.85	41046.13
281.92	41022.19
281.99	41003.80
282.05	40979.47
282.12	40957.23
282.19	40923.14
282.26	40905.11
282.32	40884.25
282.39	40868.59
282.46	40828.35
282.52	40801.18
282.59	40759.22
282.66	40731.79
282.73	40697.53
282.79	40682.39
282.86	40638.09
282.93	40592.58
282.99	40537.26
283.06	40469.95
283.13	40400.19
283.20	40330.05
283.26	40241.51
283.33	40152.10
283.40	40083.25
283.46	40029.13
283.53	39986.92
283.60	39959.27
283.67	39942.96
283.73	39931.43
283.80	39911.50
283.87	39895.27
283.93	39899.84
284.00	39887.00
284.07	39862.79
284.13	39843.84
284.20	39828.51
284.27	39794.39
284.34	39764.45
284.40	39747.65
284.47	39718.79
284.54	39699.09
284.60	39686.47
284.67	39666.23
284.74	39635.05
284.81	39612.47
284.87	39580.93
284.94	39528.81
285.01	39473.19
285.07	39410.87
285.14	39356.37
285.21	39300.08
285.27	39256.66
285.34	39235.61
285.41	39235.36
285.47	39217.62
285.54	39203.83
285.61	39195.15
285.68	39179.01
285.74	39152.03
285.81	39132.34
285.88	39112.71
285.94	39092.59
286.01	39088.73
286.08	39075.35
286.14	39068.99
286.21	39056.49
286.28	39051.88
286.34	39018.75
286.41	38984.69
286.48	38933.98
286.55	38885.23
286.61	38824.86
286.68	38778.41
286.75	38726.66
286.81	38680.21
286.88	38634.79
286.95	38585.39
287.01	38560.97
287.08	38541.17
287.15	38531.07
287.21	38521.91
287.28	38530.22
287.35	38513.07
287.41	38508.56
287.48	38498.03
287.55	38491.18
287.61	38473.22
287.68	38459.27
287.75	38429.58
287.81	38402.67
287.88	38376.56
287.95	38360.51
288.01	38326.27
288.08	38312.35
288.15	38276.50
288.21	38238.13
288.28	38193.59
288.35	38167.23
288.41	38138.05
288.48	38120.81
288.55	38095.54
288.61	38060.17
288.68	38025.80
288.75	37985.45
288.81	37940.29
288.88	37902.65
288.95	37887.57
289.01	37877.75
289.08	37872.29
289.15	37882.43
289.21	37898.10
289.28	37905.11
289.35	37900.82
289.41	37890.02
289.48	37881.81
289.55	37867.55
289.61	37841.59
289.68	37826.36
289.75	37813.93
289.81	37784.53
289.88	37762.37
289.95	37733.67
290.01	37691.27
290.08	37656.38
290.15	37626.75
290.21	37586.83
290.28	37564.87
290.35	37550.23
290.41	37530.47
290.48	37512.32
290.55	37491.27
290.61	37449.03
290.68	37415.55
290.74	37392.62
290.81	37386.91
290.88	37390.17
290.94	37405.73
291.01	37417.15
291.08	37419.89
291.14	37414.57
291.21	37407.05
291.28	37406.91
291.34	37401.13
291.41	37392.72
291.48	37382.43
291.54	37379.86
291.61	37369.90
291.68	37354.57
291.74	37328.62
291.81	37304.33
291.87	37278.43
291.94	37230.71
292.01	37196.84
292.07	37170.64
292.14	37131.18
292.21	37079.37
292.27	37051.99
292.34	37020.43
292.41	36991.75
292.47	36960.50
292.54	36956.40
292.60	36942.58
292.67	36939.76
292.74	36940.95
292.80	36959.50
292.87	36961.23
292.94	36981.72
293.00	36994.97
293.07	36992.61
293.13	37005.23
293.20	37008.26
293.27	37011.85
293.33	36997.71
293.40	36997.17
293.47	36976.02
293.53	36969.77
293.60	36949.76
293.66	36917.83
293.73	36875.81
293.80	36834.02
293.86	36776.87
293.93	36718.97
294.00	36684.20
294.06	36666.19
294.13	36648.85
294.19	36630.49
294.26	36629.03
294.33	36623.21
294.39	36600.57
294.46	36590.37
294.52	36581.76
294.59	36576.51
294.66	36571.51
294.72	36580.46
294.79	36581.84
294.86	36592.09
294.92	36604.65
294.99	36631.99
295.05	36661.01
295.12	36682.23
295.19	36700.45
295.25	36704.56
295.32	36704.95
295.38	36689.70
295.45	36676.71
295.52	36662.89
295.58	36627.03
295.65	36587.01
295.71	36556.25
295.78	36507.41
295.85	36459.13
295.91	36423.76
295.98	36379.10
296.04	36314.22
296.11	36278.32
296.18	36250.99
296.24	36247.51
296.31	36245.75
296.37	36268.21
296.44	36302.75
296.51	36328.91
296.57	36345.10
296.64	36381.09
296.70	36418.88
296.77	36425.90
296.84	36436.14
296.90	36440.57
296.97	36427.29
297.03	36413.75
297.10	36420.60
297.17	36428.37
297.23	36446.08
297.30	36459.15
297.36	36457.57
297.43	36451.98
297.50	36439.61
297.56	36407.27
297.63	36384.43
297.69	36347.67
297.76	36289.49
297.82	36230.47
297.89	36176.85
297.96	36115.31
298.02	36080.12
298.09	36050.60
298.15	36034.50
298.22	36035.55
298.29	36034.39
298.35	36036.77
298.42	36053.64
298.48	36065.44
298.55	36064.10
298.61	36076.87
298.68	36096.00
298.75	36112.81
298.81	36123.39
298.88	36141.07
298.94	36156.28
299.01	36166.15
299.08	36177.38
299.14	36188.27
299.21	36187.85
299.27	36194.47
299.34	36183.74
299.40	36173.51
299.47	36159.56
299.54	36151.52
299.60	36129.20
299.67	36112.66
299.73	36075.34
299.80	36024.62
299.86	35941.73
299.93	35857.91
299.99	35784.27
300.06	35720.12
300.13	35681.86
300.19	35672.09
300.26	35662.71
300.32	35667.08
300.39	35673.95
300.45	35689.05
300.52	35721.27
300.59	35768.81
300.65	35795.83
300.72	35833.22
300.78	35859.32
300.85	35873.01
300.91	35866.17
300.98	35855.28
301.04	35846.95
301.11	35831.85
301.18	35826.87
301.24	35827.97
301.31	35832.35
301.37	35821.83
301.44	35811.82
301.50	35791.18
301.57	35763.01
301.63	35741.37
301.70	35711.89
301.77	35667.69
301.83	35612.08
301.90	35548.89
301.96	35462.17
302.03	35385.60
302.09	35329.49
302.16	35279.11
302.22	35247.70
302.29	35232.04
302.36	35212.13
302.42	35194.51
302.49	35197.58
302.55	35200.31
302.62	35201.11
302.68	35209.35
302.75	35219.62
302.81	35218.12
302.88	35214.05
302.94	35210.95
303.01	35211.39
303.07	35196.65
303.14	35188.55
303.21	35169.55
303.27	35152.12
303.34	35138.93
303.40	35126.57
303.47	35102.98
303.53	35075.19
303.60	35046.76
303.66	35003.69
303.73	34973.37
303.79	34936.23
303.86	34901.88
303.92	34863.65
303.99	34816.99
304.05	34736.35
304.12	34655.22
304.19	34583.73
304.25	34514.66
304.32	34458.46
304.38	34421.37
304.45	34394.65
304.51	34373.70
304.58	34365.18
304.64	34356.11
304.71	34356.02
304.77	34339.01
304.84	34321.93
304.90	34301.91
304.97	34280.66
305.03	34245.75
305.10	34225.95
305.16	34207.81
305.23	34189.01
305.29	34164.48
305.36	34132.87
305.42	34109.44
305.49	34072.69
305.56	34030.09
305.62	33988.19
305.69	33953.64
305.75	33901.31
305.82	33827.99
305.88	33716.55
305.95	33591.18
306.01	33449.03
306.08	33311.60
306.14	33193.68
306.21	33109.80
306.27	33043.68
306.34	33006.80
306.40	32969.93
306.47	32955.74
306.53	32966.17
306.60	32982.65
306.66	32996.65
306.73	33011.98
306.79	33006.93
306.86	32977.80
306.92	32938.37
306.99	32905.08
307.05	32872.43
307.12	32844.03
307.18	32814.93
307.25	32785.13
307.31	32744.49
307.38	32701.25
307.44	32661.43
307.51	32618.13
307.57	32562.15
307.64	32512.33
307.70	32467.44
307.77	32420.91
307.83	32371.85
307.90	32335.27
307.96	32301.45
308.03	32239.31
308.09	32173.74
308.16	32111.07
308.22	32060.07
308.29	31990.41
308.35	31935.30
308.42	31888.98
308.48	31817.77
308.55	31746.34
308.61	31682.64
308.68	31631.29
308.74	31563.51
308.81	31534.82
308.87	31498.17
308.94	31471.21
309.00	31434.21
309.07	31406.79
309.13	31354.18
309.20	31315.98
309.26	31265.62
309.33	31209.42
309.39	31149.69
309.45	31105.55
309.52	31032.89
309.58	30978.08
309.65	30923.58
309.71	30871.57
309.78	30822.23
309.84	30775.47
309.91	30719.76
309.97	30661.07
310.04	30613.73
310.10	30550.94
310.17	30500.07
310.23	30438.01
310.30	30391.97
310.36	30330.55
310.43	30279.99
310.49	30220.15
310.56	30167.88
310.62	30101.93
310.69	30036.88
310.75	29962.43
310.81	29907.75
310.88	29861.02
310.94	29818.27
311.01	29769.72
311.07	29728.49
311.14	29679.89
311.20	29625.47
311.27	29570.18
311.33	29528.93
311.40	29497.05
311.46	29451.65
311.53	29404.19
311.59	29368.47
311.66	29332.89
311.72	29274.31
311.78	29220.67
311.85	29176.75
311.91	29132.87
311.98	29079.73
312.04	29046.85
312.11	29017.36
312.17	28980.52
312.24	28935.03
312.30	28883.77
312.37	28810.58
312.43	28747.77
312.50	28685.41
312.56	28618.24
312.62	28556.55
312.69	28506.17
312.75	28444.20
312.82	28370.90
312.88	28300.45
312.95	28240.59
313.01	28181.88
313.08	28128.55
313.14	28084.15
313.20	28035.14
313.27	27981.29
313.33	27928.49
313.40	27886.02
313.46	27832.61
313.53	27796.08
313.59	27748.63
313.66	27714.27
313.72	27662.71
313.78	27621.59
313.85	27575.01
313.91	27541.35
313.98	27494.57
314.04	27452.99
314.11	27413.93
314.17	27369.71
314.24	27311.91
314.30	27262.03
314.36	27202.96
314.43	27151.79
314.49	27094.17
314.56	27046.89
314.62	26979.90
314.69	26930.21
314.75	26868.75
314.81	26823.04
314.88	26771.67
314.94	26741.65
315.01	26692.92
315.07	26646.95
315.14	26598.07
315.20	26552.37
315.27	26497.78
315.33	26453.03
315.39	26404.97
315.46	26354.80
315.52	26300.99
315.59	26257.63
315.65	26208.87
315.72	26166.03
315.78	26118.76
315.84	26079.73
315.91	26041.61
315.97	26012.13
316.04	25992.31
316.10	25972.11
316.16	25936.52
316.23	25856.91
316.29	25752.10
316.36	25598.39
316.42	25422.33
316.49	25214.65
316.55	25011.10
316.61	24797.59
316.68	24581.57
316.74	24361.85
316.81	24150.35
316.87	23929.32
316.93	23708.44
317.00	23493.41
317.06	23279.49
317.13	23060.28
317.19	22846.49
317.26	22630.23
317.32	22410.35
317.38	22186.45
317.45	21975.33
317.51	21774.12
317.58	21565.53
317.64	21360.78
317.70	21155.47
317.77	20943.31
317.83	20731.76
317.90	20521.57
317.96	20305.06
318.02	20103.39
318.09	19912.15
318.15	19700.57
318.22	19492.27
318.28	19286.43
318.34	19063.66
318.41	18831.50
318.47	18610.31
318.54	18403.58
318.60	18199.71
318.66	18003.68
318.73	17807.35
318.79	17613.63
318.86	17414.43
318.92	17222.17
318.98	17032.07
319.05	16839.19
319.11	16648.19
319.18	16453.08
319.24	16259.98
319.30	16052.36
319.37	15862.93
319.43	15676.51
319.50	15487.65
319.56	15296.19
319.62	15115.95
319.69	14923.52
319.75	14738.77
319.82	14560.07
319.88	14375.19
319.94	14188.11
320.01	14012.78
320.07	13816.17
320.13	13626.70
320.20	13436.53
320.26	13248.73
320.33	13055.12
320.39	12876.42
320.45	12688.67
320.52	12509.35
320.58	12338.67
320.65	12168.10
320.71	11992.95
320.77	11819.04
320.84	11647.56
320.90	11468.71
320.96	11283.23
321.03	11093.39
321.09	10909.56
321.16	10721.42
321.22	10531.51
321.28	10355.40
321.35	10190.37
321.41	10021.60
321.47	9846.93
321.54	9681.93
321.60	9507.93
321.67	9327.10
321.73	9155.09
321.79	8989.91
321.86	8819.50
321.92	8648.01
321.98	8471.24
322.05	8282.11
322.11	8087.37
322.18	7896.51
322.24	7708.95
322.30	7528.51
322.37	7357.37
322.43	7185.14
322.49	7016.83
322.56	6836.43
322.62	6666.73
322.68	6490.09
322.75	6326.17
322.81	6149.79
322.88	5981.83
322.94	5807.82
323.00	5632.73
323.07	5459.89
323.13	5291.26
323.19	5130.29
323.26	4970.38
323.32	4817.45
323.38	4658.09
323.45	4439.08
323.51	3799.74
323.57	2917.00
323.64	1996.35
323.70	1110.28
323.76	318.68
323.83	-22.71
323.89	-88.58
323.96	-90.05
