180.25	3517.30
180.33	-132.62
180.40	657.31
180.48	-30.14
180.56	14.58
180.63	51.78
180.71	95.38
180.78	96.16
180.86	98.08
180.93	103.10
181.01	105.81
181.08	104.19
181.16	102.22
181.23	102.98
181.31	103.17
181.39	127.00
181.46	136.43
181.54	147.35
181.61	164.34
181.69	173.14
181.76	165.61
181.84	159.54
181.91	161.57
181.99	163.17
182.06	164.12
182.14	169.75
182.22	175.46
182.29	185.76
182.37	189.15
182.44	201.04
182.52	198.04
182.59	216.46
182.67	224.76
182.74	230.57
182.82	235.40
182.89	246.76
182.97	247.07
183.04	257.10
183.12	267.36
183.20	289.62
183.27	303.48
183.35	334.61
183.42	360.23
183.50	404.96
183.57	431.58
183.65	481.46
183.72	527.12
183.80	586.08
183.87	632.96
183.95	681.38
184.02	732.31
184.10	766.72
184.17	786.04
184.25	787.24
184.32	779.82
184.40	750.92
184.47	702.36
184.55	662.13
184.62	665.05
184.70	701.74
184.78	761.81
184.85	882.92
184.93	1022.54
185.00	1153.48
185.08	1286.09
185.15	1416.56
185.23	1550.38
185.30	1672.68
185.38	1789.63
185.45	1903.97
185.53	2029.43
185.60	2139.47
185.68	2269.85
185.75	2371.30
185.83	2450.72
185.90	2497.68
185.98	2477.52
186.05	2387.79
186.13	2267.36
186.20	2102.98
186.28	1957.48
186.35	1904.20
186.43	1947.30
186.50	2086.38
186.58	2307.04
186.65	2550.40
186.73	2788.04
186.80	2997.21
186.88	3183.74
186.95	3373.24
187.03	3552.26
187.10	3705.22
187.18	3878.91
187.25	4038.58
187.33	4196.18
187.40	4383.64
187.48	4571.28
187.55	4761.79
187.63	4940.26
187.70	5050.76
187.78	5088.49
187.85	5077.80
187.93	4932.82
188.00	4694.27
188.08	4424.68
188.15	4195.34
188.23	4074.02
188.30	4111.78
188.38	4315.77
188.45	4646.16
188.53	5005.84
188.60	5337.95
188.68	5641.72
188.75	5914.84
188.83	6199.21
188.90	6453.28
188.98	6701.56
189.05	6958.12
189.13	7185.79
189.20	7376.78
189.28	7576.79
189.35	7757.35
189.43	7914.92
189.50	8054.77
189.58	8121.02
189.65	8112.81
189.73	8037.54
189.80	7851.14
189.87	7579.69
189.95	7253.21
190.02	6840.89
190.10	6390.24
190.17	6049.07
190.25	5878.76
190.32	5883.68
190.40	6067.76
190.47	6387.40
190.55	6733.99
190.62	7047.75
190.70	7318.29
190.77	7595.94
190.85	7890.10
190.92	8176.60
191.00	8465.32
191.07	8753.18
191.15	8988.31
191.22	9197.49
191.29	9389.70
191.37	9553.93
191.44	9722.04
191.52	9905.29
191.59	10050.58
191.67	10153.42
191.74	10216.26
191.82	10211.98
191.89	10179.05
191.97	10143.30
192.04	10087.36
192.12	9985.34
192.19	9811.00
192.27	9573.56
192.34	9344.14
192.41	9215.56
192.49	9215.22
192.56	9374.22
192.64	9638.96
192.71	9938.24
192.79	10179.11
192.86	10362.44
192.94	10459.26
193.01	10525.98
193.09	10584.74
193.16	10684.18
193.23	10806.10
193.31	10966.86
193.38	11164.00
193.46	11333.68
193.53	11464.32
193.61	11582.04
193.68	11688.02
193.76	11752.02
193.83	11822.70
193.91	11881.84
193.98	11935.90
194.05	11985.94
194.13	12029.24
194.20	12037.28
194.28	12029.38
194.35	11992.68
194.43	11919.50
194.50	11800.81
194.58	11660.96
194.65	11557.25
194.72	11541.84
194.80	11648.75
194.87	11869.16
194.95	12182.87
195.02	12501.91
195.10	12768.24
195.17	12984.69
195.25	13163.66
195.32	13302.37
195.39	13428.56
195.47	13543.10
195.54	13633.50
195.62	13668.31
195.69	13636.51
195.77	13514.26
195.84	13328.83
195.91	13113.09
195.99	12972.66
196.06	12945.63
196.14	13043.56
196.21	13236.02
196.29	13492.94
196.36	13749.06
196.43	13956.88
196.51	14123.60
196.58	14243.34
196.66	14310.09
196.73	14330.66
196.81	14326.69
196.88	14290.67
196.95	14235.00
197.03	14135.71
197.10	13993.62
197.18	13827.52
197.25	13662.37
197.33	13528.19
197.40	13452.25
197.47	13432.94
197.55	13501.50
197.62	13631.94
197.70	13821.70
197.77	14070.81
197.84	14359.03
197.92	14644.02
197.99	14933.64
198.07	15203.18
198.14	15423.48
198.22	15616.66
198.29	15770.94
198.36	15896.10
198.44	15986.26
198.51	16034.00
198.59	16009.92
198.66	15917.29
198.73	15751.40
198.81	15535.12
198.88	15284.17
198.96	15071.67
199.03	14967.99
199.10	15011.87
199.18	15168.78
199.25	15442.09
199.33	15781.90
199.40	16110.53
199.48	16358.00
199.55	16554.72
199.62	16708.03
199.70	16854.00
199.77	16986.83
199.85	17128.47
199.92	17236.58
199.99	17304.26
200.07	17275.60
200.14	17146.90
200.22	16864.85
200.29	16475.34
200.36	16082.14
200.44	15767.41
200.51	15586.79
200.59	15578.98
200.66	15720.42
200.73	15929.19
200.81	16162.18
200.88	16380.84
200.95	16639.23
201.03	16900.83
201.10	17182.90
201.18	17453.05
201.25	17702.84
201.32	17890.24
201.40	18068.98
201.47	18201.90
201.55	18285.18
201.62	18290.59
201.69	18195.49
201.77	18027.62
201.84	17846.47
201.92	17628.02
201.99	17412.75
202.06	17289.74
202.14	17297.25
202.21	17403.31
202.28	17648.08
202.36	17999.38
202.43	18387.97
202.51	18742.39
202.58	19036.70
202.65	19254.16
202.73	19459.80
202.80	19657.26
202.87	19843.96
202.95	20014.48
203.02	20161.56
203.10	20229.90
203.17	20220.71
203.24	20093.43
203.32	19803.24
203.39	19349.74
203.46	18892.68
203.54	18522.68
203.61	18336.50
203.69	18384.44
203.76	18654.95
203.83	19011.56
203.91	19357.11
203.98	19648.49
204.05	19870.48
204.13	20053.82
204.20	20182.54
204.28	20267.62
204.35	20298.50
204.42	20305.88
204.50	20310.82
204.57	20347.26
204.64	20412.06
204.72	20480.21
204.79	20459.89
204.86	20332.64
204.94	20138.02
205.01	19914.23
205.09	19688.44
205.16	19557.06
205.23	19584.36
205.31	19754.66
205.38	20038.32
205.45	20427.66
205.53	20892.06
205.60	21364.22
205.67	21788.45
205.75	22138.96
205.82	22419.96
205.89	22653.48
205.97	22854.64
206.04	23038.30
206.12	23216.14
206.19	23381.84
206.26	23498.77
206.34	23545.74
206.41	23477.97
206.48	23265.35
206.56	22860.94
206.63	22327.90
206.70	21806.42
206.78	21439.12
206.85	21302.20
206.92	21458.92
207.00	21859.16
207.07	22355.48
207.14	22848.63
207.22	23289.03
207.29	23667.13
207.36	23987.84
207.44	24278.43
207.51	24523.90
207.58	24740.94
207.66	24923.48
207.73	25090.41
207.80	25201.07
207.88	25246.28
207.95	25203.37
208.02	25070.08
208.10	24756.30
208.17	24293.49
208.25	23801.28
208.32	23370.41
208.39	23050.04
208.47	22943.81
208.54	23050.52
208.61	23295.18
208.69	23611.60
208.76	23951.64
208.83	24336.32
208.90	24731.45
208.98	25121.96
209.05	25487.95
209.12	25836.10
209.20	26130.01
209.27	26398.76
209.34	26634.89
209.42	26856.84
209.49	27029.68
209.56	27150.78
209.64	27210.04
209.71	27165.22
209.78	26963.84
209.86	26658.23
209.93	26290.24
210.00	25885.76
210.08	25525.51
210.15	25333.34
210.22	25345.50
210.30	25519.39
210.37	25841.20
210.44	26252.76
210.52	26677.84
210.59	27056.16
210.66	27368.26
210.74	27631.58
210.81	27873.42
210.88	28110.10
210.96	28318.19
211.03	28534.48
211.10	28748.45
211.17	28939.30
211.25	29059.97
211.32	29119.48
211.39	29093.26
211.47	28943.60
211.54	28613.93
211.61	28165.38
211.69	27733.00
211.76	27421.36
211.83	27283.22
211.91	27400.40
211.98	27682.20
212.05	28041.47
212.12	28360.10
212.20	28642.00
212.27	28868.94
212.34	29074.98
212.42	29250.76
212.49	29427.51
212.56	29593.51
212.64	29773.18
212.71	29980.40
212.78	30194.16
212.85	30388.10
212.93	30543.96
213.00	30657.17
213.07	30706.26
213.15	30633.40
213.22	30461.90
213.29	30253.72
213.37	30016.48
213.44	29802.73
213.51	29703.30
213.58	29741.24
213.66	29866.30
213.73	30068.14
213.80	30323.58
213.88	30591.58
213.95	30798.41
214.02	30964.21
214.09	31092.49
214.17	31193.19
214.24	31291.24
214.31	31397.59
214.39	31489.68
214.46	31552.34
214.53	31582.58
214.60	31567.30
214.68	31575.49
214.75	31644.01
214.82	31755.07
214.90	31844.26
214.97	31851.24
215.04	31704.26
215.11	31457.48
215.19	31226.99
215.26	31134.54
215.33	31226.50
215.41	31544.00
215.48	31977.68
215.55	32400.22
215.62	32733.82
215.70	33003.58
215.77	33196.90
215.84	33379.83
215.91	33540.43
215.99	33698.20
216.06	33857.49
216.13	34002.72
216.21	34099.33
216.28	34203.16
216.35	34304.04
216.42	34378.16
216.50	34435.38
216.57	34467.34
216.64	34420.81
216.71	34279.31
216.79	34092.32
216.86	33923.34
216.93	33800.65
217.01	33774.98
217.08	33878.84
217.15	34068.16
217.22	34284.14
217.30	34509.70
217.37	34730.45
217.44	34935.30
217.51	35127.17
217.59	35308.02
217.66	35463.00
217.73	35606.99
217.80	35732.25
217.88	35833.49
217.95	35934.72
218.02	36029.92
218.09	36114.56
218.17	36223.48
218.24	36328.30
218.31	36414.35
218.38	36474.07
218.46	36484.62
218.53	36384.05
218.60	36214.74
218.67	36013.94
218.75	35872.00
218.82	35807.76
218.89	35869.89
218.96	36053.38
219.04	36299.14
219.11	36535.68
219.18	36749.92
219.25	36938.03
219.33	37095.37
219.40	37243.31
219.47	37392.54
219.54	37527.84
219.62	37651.22
219.69	37774.18
219.76	37906.26
219.83	38019.50
219.91	38132.28
219.98	38255.14
220.05	38349.74
220.12	38397.98
220.20	38417.29
220.27	38403.46
220.34	38301.98
220.41	38162.23
220.49	38028.33
220.56	37932.07
220.63	37906.36
220.70	37987.17
220.78	38149.89
220.85	38332.42
220.92	38502.70
220.99	38646.34
221.06	38775.00
221.14	38884.96
221.21	39002.69
221.28	39130.68
221.35	39257.56
221.43	39377.79
221.50	39503.20
221.57	39619.34
221.64	39732.42
221.72	39848.15
221.79	39949.94
221.86	40017.94
221.93	40089.39
222.00	40145.00
222.08	40173.73
222.15	40159.72
222.22	40150.82
222.29	40124.25
222.37	40117.50
222.44	40131.84
222.51	40175.61
222.58	40242.74
222.65	40325.10
222.73	40410.57
222.80	40506.86
222.87	40625.38
222.94	40741.51
223.02	40852.52
223.09	40948.35
223.16	41040.42
223.23	41133.52
223.30	41247.26
223.38	41373.20
223.45	41499.29
223.52	41619.18
223.59	41740.06
223.66	41811.50
223.74	41866.84
223.81	41893.50
223.88	41921.22
223.95	41936.44
224.03	41951.06
224.10	41960.35
224.17	41999.54
224.24	42028.00
224.31	42062.78
224.39	42132.12
224.46	42221.74
224.53	42300.44
224.60	42382.79
224.67	42475.70
224.75	42565.03
224.82	42645.54
224.89	42756.17
224.96	42879.12
225.03	42985.33
225.11	43074.91
225.18	43179.78
225.25	43257.78
225.32	43318.88
225.39	43379.74
225.47	43427.64
225.54	43442.90
225.61	43427.57
225.68	43379.95
225.75	43323.21
225.83	43268.53
225.90	43220.92
225.97	43193.98
226.04	43212.67
226.11	43285.98
226.19	43416.52
226.26	43592.87
226.33	43802.94
226.40	44001.96
226.47	44158.14
226.54	44279.04
226.62	44374.08
226.69	44442.49
226.76	44548.62
226.83	44689.50
226.90	44845.86
226.98	44981.82
227.05	45125.22
227.12	45230.85
227.19	45292.57
227.26	45349.22
227.34	45426.14
227.41	45503.70
227.48	45573.47
227.55	45640.92
227.62	45688.63
227.69	45743.26
227.77	45800.70
227.84	45877.60
227.91	45967.57
227.98	46064.95
228.05	46139.54
228.12	46211.96
228.20	46285.69
228.27	46369.35
228.34	46450.82
228.41	46538.75
228.48	46642.62
228.56	46740.14
228.63	46828.37
228.70	46923.52
228.77	47017.88
228.84	47100.02
228.91	47183.20
228.99	47280.75
229.06	47395.64
229.13	47504.10
229.20	47592.54
229.27	47677.84
229.34	47757.09
229.42	47811.06
229.49	47870.04
229.56	47946.70
229.63	48025.74
229.70	48079.00
229.77	48128.84
229.85	48191.22
229.92	48240.14
229.99	48284.94
230.06	48352.40
230.13	48446.39
230.20	48540.38
230.27	48648.48
230.35	48760.98
230.42	48879.48
230.49	48986.48
230.56	49081.66
230.63	49182.58
230.70	49269.05
230.78	49328.52
230.85	49377.01
230.92	49438.01
230.99	49485.52
231.06	49566.04
231.13	49681.98
231.20	49813.32
231.28	49919.75
231.35	50036.78
231.42	50134.16
231.49	50217.74
231.56	50283.47
231.63	50369.83
231.71	50438.56
231.78	50502.60
231.85	50565.22
231.92	50632.49
231.99	50697.66
232.06	50784.46
232.13	50886.26
232.21	50973.21
232.28	51062.33
232.35	51148.08
232.42	51229.18
232.49	51307.75
232.56	51415.24
232.63	51515.44
232.71	51626.98
232.78	51725.95
232.85	51827.30
232.92	51914.24
232.99	52000.50
233.06	52071.51
233.13	52143.68
233.20	52191.28
233.28	52241.69
233.35	52293.19
233.42	52346.48
233.49	52421.35
233.56	52513.75
233.63	52599.94
233.70	52695.17
233.78	52797.44
233.85	52901.76
233.92	52992.89
233.99	53090.27
234.06	53185.37
234.13	53284.94
234.20	53355.39
234.27	53433.94
234.35	53491.79
234.42	53549.21
234.49	53594.82
234.56	53643.20
234.63	53688.78
234.70	53745.14
234.77	53792.46
234.84	53840.04
234.92	53899.50
234.99	53968.15
235.06	54047.04
235.13	54126.54
235.20	54221.44
235.27	54298.40
235.34	54387.44
235.41	54466.81
235.48	54558.27
235.56	54631.23
235.63	54716.16
235.70	54768.88
235.77	54819.70
235.84	54849.83
235.91	54867.76
235.98	54893.18
236.05	54924.62
236.12	54963.36
236.20	54997.07
236.27	55048.06
236.34	55099.80
236.41	55157.21
236.48	55206.40
236.55	55264.05
236.62	55320.93
236.69	55375.71
236.76	55440.70
236.84	55506.05
236.91	55568.83
236.98	55631.50
237.05	55685.74
237.12	55729.84
237.19	55766.82
237.26	55817.76
237.33	55863.82
237.40	55900.04
237.47	55939.14
237.55	55984.30
237.62	56043.04
237.69	56101.68
237.76	56184.72
237.83	56257.20
237.90	56335.10
237.97	56386.72
238.04	56439.06
238.11	56476.32
238.18	56532.26
238.26	56574.56
238.33	56612.06
238.40	56648.73
238.47	56687.36
238.54	56704.57
238.61	56718.70
238.68	56730.11
238.75	56748.87
238.82	56788.75
238.89	56838.68
238.96	56907.48
239.04	56975.08
239.11	57031.06
239.18	57075.40
239.25	57087.45
239.32	57095.86
239.39	57100.49
239.46	57103.25
239.53	57088.26
239.60	57091.50
239.67	57097.84
239.74	57126.83
239.81	57151.56
239.89	57184.86
239.96	57225.86
240.03	57261.80
240.10	57281.02
240.17	57305.85
240.24	57331.24
240.31	57368.60
240.38	57405.02
240.45	57469.12
240.52	57543.86
240.59	57607.91
240.66	57663.75
240.73	57715.59
240.80	57741.37
240.88	57753.61
240.95	57768.02
241.02	57781.67
241.09	57791.98
241.16	57805.40
241.23	57828.62
241.30	57827.22
241.37	57808.30
241.44	57801.16
241.51	57806.28
241.58	57812.48
241.65	57851.91
241.72	57899.80
241.79	57930.41
241.86	57946.00
241.94	57946.88
242.01	57927.40
242.08	57906.50
242.15	57911.11
242.22	57914.98
242.29	57914.75
242.36	57938.79
242.43	57945.84
242.50	57937.95
242.57	57926.28
242.64	57920.29
242.71	57906.02
242.78	57914.42
242.85	57917.20
242.92	57922.52
242.99	57942.91
243.06	57950.10
243.14	57950.47
243.21	57960.42
243.28	57980.50
243.35	57999.72
243.42	58033.16
243.49	58070.50
243.56	58096.94
243.63	58121.44
243.70	58128.70
243.77	58130.22
243.84	58126.90
243.91	58109.04
243.98	58084.11
244.05	58068.30
244.12	58038.02
244.19	58011.28
244.26	57991.16
244.33	57979.45
244.40	57959.89
244.47	57948.86
244.54	57941.41
244.62	57916.41
244.69	57891.59
244.76	57878.72
244.83	57876.04
244.90	57877.48
244.97	57914.79
245.04	57945.24
245.11	57957.25
245.18	57955.23
245.25	57955.26
245.32	57951.24
245.39	57962.85
245.46	57978.82
245.53	57979.82
245.60	57971.04
245.67	57959.87
245.74	57946.96
245.81	57925.22
245.88	57904.16
245.95	57898.96
246.02	57878.57
246.09	57825.98
246.16	57786.01
246.23	57764.18
246.30	57733.16
246.37	57725.23
246.44	57745.04
246.51	57771.98
246.58	57799.60
246.65	57818.40
246.72	57836.66
246.79	57834.92
246.87	57825.95
246.94	57815.15
247.01	57802.99
247.08	57767.86
247.15	57719.20
247.22	57657.84
247.29	57593.46
247.36	57545.38
247.43	57515.08
247.50	57501.52
247.57	57506.39
247.64	57530.12
247.71	57539.73
247.78	57547.16
247.85	57574.38
247.92	57601.90
247.99	57602.49
248.06	57595.04
248.13	57578.75
248.20	57545.54
248.27	57503.29
248.34	57473.66
248.41	57466.46
248.48	57464.82
248.55	57464.88
248.62	57470.48
248.69	57494.08
248.76	57485.96
248.83	57472.20
248.90	57447.34
248.97	57401.14
249.04	57335.86
249.11	57299.77
249.18	57259.73
249.25	57225.48
249.32	57199.25
249.39	57159.72
249.46	57099.81
249.53	57053.58
249.60	57011.08
249.67	56975.48
249.74	56960.52
249.81	56972.40
249.88	56979.59
249.95	56996.96
250.02	57034.00
250.09	57057.04
250.16	57067.12
250.23	57069.98
250.30	57076.10
250.37	57058.21
250.44	57053.69
250.51	57049.88
250.58	57048.99
250.65	57036.78
250.72	56998.90
250.79	56956.66
250.86	56907.06
250.93	56853.37
251.00	56807.21
251.07	56799.81
251.14	56792.05
251.21	56781.82
251.28	56771.65
251.35	56746.68
251.42	56726.84
251.49	56703.03
251.56	56675.66
251.63	56658.83
251.70	56653.08
251.77	56627.61
251.84	56587.78
251.91	56539.52
251.98	56480.31
252.05	56431.06
252.12	56370.62
252.18	56334.10
252.25	56321.53
252.32	56340.04
252.39	56332.40
252.46	56325.25
252.53	56313.66
252.60	56296.30
252.67	56261.95
252.74	56239.22
252.81	56228.24
252.88	56207.86
252.95	56177.53
253.02	56136.21
253.09	56105.49
253.16	56087.08
253.23	56072.92
253.30	56072.58
253.37	56069.60
253.44	56052.73
253.51	56014.38
253.58	55981.44
253.65	55966.90
253.72	55957.96
253.79	55950.06
253.86	55957.46
253.93	55954.01
254.00	55929.07
254.07	55896.58
254.14	55859.07
254.21	55816.30
254.28	55781.88
254.35	55748.10
254.41	55729.78
254.48	55709.50
254.55	55690.78
254.62	55672.98
254.69	55636.82
254.76	55590.31
254.83	55544.34
254.90	55517.37
254.97	55493.82
255.04	55490.01
255.11	55471.99
255.18	55440.18
255.25	55391.76
255.32	55344.42
255.39	55293.27
255.46	55257.17
255.53	55250.62
255.60	55242.72
255.67	55224.24
255.74	55223.01
255.81	55215.91
255.87	55212.92
255.94	55190.06
256.01	55181.27
256.08	55143.68
256.15	55110.85
256.22	55067.39
256.29	55044.15
256.36	55004.96
256.43	54979.16
256.50	54965.05
256.57	54954.60
256.64	54929.49
256.71	54913.54
256.78	54890.78
256.85	54858.60
256.92	54827.07
256.99	54824.35
257.05	54807.30
257.12	54786.06
257.19	54758.44
257.26	54715.76
257.33	54658.60
257.40	54615.11
257.47	54557.76
257.54	54523.88
257.61	54500.02
257.68	54485.79
257.75	54457.31
257.82	54465.22
257.89	54455.94
257.96	54435.20
258.03	54389.28
258.09	54352.96
258.16	54285.92
258.23	54212.34
258.30	54153.32
258.37	54109.36
258.44	54072.26
258.51	54049.56
258.58	54043.08
258.65	54030.92
258.72	54017.29
258.79	53981.34
258.86	53947.64
258.93	53916.98
258.99	53882.48
259.06	53840.52
259.13	53809.54
259.20	53773.66
259.27	53728.50
259.34	53698.23
259.41	53693.11
259.48	53698.54
259.55	53696.24
259.62	53697.77
259.69	53666.24
259.76	53604.34
259.82	53541.88
259.89	53508.00
259.96	53470.30
260.03	53430.36
260.10	53394.30
260.17	53350.95
260.24	53282.04
260.31	53210.81
260.38	53175.76
260.45	53166.94
260.52	53145.88
260.59	53123.63
260.65	53101.90
260.72	53076.42
260.79	53034.31
260.86	53002.98
260.93	52971.60
261.00	52934.64
261.07	52881.47
261.14	52826.26
261.21	52770.06
261.28	52718.09
261.34	52656.72
261.41	52600.84
261.48	52552.63
261.55	52510.08
261.62	52467.43
261.69	52431.93
261.76	52403.33
261.83	52372.02
261.90	52349.42
261.97	52316.02
262.03	52292.55
262.10	52256.64
262.17	52216.44
262.24	52178.69
262.31	52149.61
262.38	52116.14
262.45	52091.28
262.52	52063.54
262.59	52017.19
262.65	51985.09
262.72	51938.66
262.79	51894.04
262.86	51853.04
262.93	51820.58
263.00	51777.16
263.07	51734.22
263.14	51694.80
263.21	51660.21
263.27	51620.82
263.34	51591.24
263.41	51556.72
263.48	51506.72
263.55	51448.78
263.62	51384.86
263.69	51310.62
263.76	51253.64
263.82	51209.42
263.89	51174.63
263.96	51156.54
264.03	51136.97
264.10	51118.15
264.17	51071.51
264.24	51021.59
264.31	50968.54
264.38	50914.92
264.44	50853.24
264.51	50821.26
264.58	50785.52
264.65	50740.80
264.72	50687.80
264.79	50644.29
264.86	50597.32
264.92	50544.54
264.99	50507.31
265.06	50480.76
265.13	50449.34
265.20	50427.87
265.27	50411.18
265.34	50371.60
265.41	50344.27
265.47	50303.54
265.54	50248.95
265.61	50204.88
265.68	50189.35
265.75	50147.63
265.82	50113.80
265.89	50070.76
265.95	50025.81
266.02	49951.76
266.09	49891.10
266.16	49851.66
266.23	49824.44
266.30	49785.78
266.37	49739.56
266.44	49679.01
266.50	49604.16
266.57	49533.54
266.64	49459.66
266.71	49400.75
266.78	49351.57
266.85	49285.67
266.91	49236.29
266.98	49193.90
267.05	49148.25
267.12	49113.20
267.19	49091.94
267.26	49056.34
267.33	49031.55
267.39	49006.54
267.46	48980.87
267.53	48950.33
267.60	48909.91
267.67	48864.78
267.74	48825.41
267.81	48774.54
267.87	48728.44
267.94	48690.74
268.01	48646.46
268.08	48593.64
268.15	48542.62
268.22	48501.44
268.28	48445.48
268.35	48390.78
268.42	48346.24
268.49	48300.71
268.56	48253.56
268.63	48213.33
268.69	48169.61
268.76	48119.66
268.83	48083.54
268.90	48054.28
268.97	48024.60
269.04	48011.94
269.11	47998.56
269.17	47972.52
269.24	47932.14
269.31	47901.70
269.38	47861.15
269.45	47811.26
269.52	47775.45
269.58	47744.86
269.65	47705.00
269.72	47645.18
269.79	47600.84
269.86	47564.32
269.92	47519.24
269.99	47472.85
270.06	47445.89
270.13	47414.84
270.20	47358.80
270.27	47324.35
270.33	47291.57
270.40	47252.61
270.47	47219.48
270.54	47210.72
270.61	47176.03
270.68	47152.58
270.74	47124.83
270.81	47109.97
270.88	47070.79
270.95	47050.56
271.02	47009.86
271.08	46977.02
271.15	46921.89
271.22	46874.38
271.29	46819.32
271.36	46770.21
271.43	46725.38
271.49	46702.56
271.56	46686.44
271.63	46664.66
271.70	46654.88
271.77	46654.95
271.83	46618.31
271.90	46569.82
271.97	46526.88
272.04	46470.32
272.11	46412.92
272.17	46390.92
272.24	46371.87
272.31	46350.66
272.38	46347.53
272.45	46320.36
272.52	46291.34
272.58	46264.46
272.65	46256.08
272.72	46225.11
272.79	46201.34
272.86	46165.30
272.92	46128.13
272.99	46079.13
273.06	46034.82
273.13	45991.66
273.20	45947.93
273.26	45909.08
273.33	45860.74
273.40	45823.42
273.47	45804.19
273.54	45783.72
273.60	45759.35
273.67	45739.52
273.74	45725.64
273.81	45702.41
273.88	45690.00
273.94	45683.51
274.01	45685.44
274.08	45676.98
274.15	45649.66
274.21	45608.59
274.28	45565.94
274.35	45504.82
274.42	45440.66
274.49	45386.19
274.55	45347.16
274.62	45315.94
274.69	45284.08
274.76	45251.24
274.83	45227.86
274.89	45192.96
274.96	45156.01
275.03	45132.62
275.10	45103.92
275.17	45070.48
275.23	45036.98
275.30	44990.60
275.37	44954.54
275.44	44930.35
275.50	44904.00
275.57	44874.70
275.64	44842.20
275.71	44788.92
275.78	44742.95
275.84	44698.28
275.91	44667.60
275.98	44640.82
276.05	44613.59
276.11	44579.88
276.18	44559.80
276.25	44509.12
276.32	44464.28
276.39	44427.24
276.45	44378.06
276.52	44311.63
276.59	44270.20
276.66	44232.34
276.72	44205.43
276.79	44192.52
276.86	44182.22
276.93	44168.82
276.99	44145.20
277.06	44101.73
277.13	44060.92
277.20	44034.54
277.26	43998.63
277.33	43976.62
277.40	43969.86
277.47	43947.82
277.54	43910.88
277.60	43877.00
277.67	43827.20
277.74	43772.28
277.81	43715.18
277.87	43671.46
277.94	43620.52
278.01	43593.80
278.08	43550.12
278.14	43522.55
278.21	43494.52
278.28	43491.86
278.35	43471.36
278.41	43470.34
278.48	43456.92
278.55	43432.99
278.62	43394.56
278.68	43354.86
278.75	43307.61
278.82	43264.39
278.89	43215.20
278.95	43171.32
279.02	43128.67
279.09	43108.20
279.16	43094.89
279.22	43084.03
279.29	43069.63
279.36	43045.21
279.43	42998.20
279.49	42939.78
279.56	42873.60
279.63	42785.94
279.70	42722.67
279.76	42664.23
279.83	42621.34
279.90	42598.45
279.97	42587.74
280.03	42567.63
280.10	42555.88
280.17	42531.66
280.24	42491.71
280.30	42457.72
280.37	42415.16
280.44	42371.97
280.51	42334.54
280.57	42306.55
280.64	42269.17
280.71	42227.44
280.77	42170.05
280.84	42095.00
280.91	42014.87
280.98	41930.26
281.04	41849.22
281.11	41771.48
281.18	41697.13
281.25	41622.71
281.31	41562.84
281.38	41491.44
281.45	41424.85
281.52	41377.74
281.58	41316.10
281.65	41257.82
281.72	41222.32
281.78	41196.38
281.85	41156.33
281.92	41134.08
281.99	41113.43
282.05	41089.42
282.12	41055.46
282.19	41034.68
282.26	41018.17
282.32	40992.58
282.39	40987.40
282.46	40958.51
282.52	40930.56
282.59	40905.51
282.66	40891.08
282.73	40845.26
282.79	40826.41
282.86	40788.84
282.93	40731.52
282.99	40669.32
283.06	40610.17
283.13	40530.88
283.20	40445.40
283.26	40370.94
283.33	40287.34
283.40	40205.06
283.46	40159.91
283.53	40125.09
283.60	40088.20
283.67	40061.38
283.73	40060.72
283.80	40034.26
283.87	40024.42
283.93	40026.44
284.00	40019.78
284.07	39994.60
284.13	39973.53
284.20	39939.71
284.27	39899.44
284.34	39868.46
284.40	39841.05
284.47	39825.16
284.54	39809.05
284.60	39791.50
284.67	39768.78
284.74	39748.42
284.81	39717.23
284.87	39685.10
284.94	39637.57
285.01	39595.45
285.07	39529.90
285.14	39474.71
285.21	39427.72
285.27	39393.77
285.34	39364.82
285.41	39351.87
285.47	39332.84
285.54	39319.12
285.61	39299.94
285.68	39278.00
285.74	39261.38
285.81	39241.56
285.88	39216.18
285.94	39202.72
286.01	39194.60
286.08	39183.59
286.14	39174.49
286.21	39159.88
286.28	39156.15
286.34	39131.65
286.41	39089.76
286.48	39042.75
286.55	38989.67
286.61	38928.54
286.68	38873.94
286.75	38835.27
286.81	38791.46
286.88	38753.91
286.95	38704.90
287.01	38683.50
287.08	38653.78
287.15	38643.17
287.21	38638.38
287.28	38644.76
287.35	38619.36
287.41	38601.15
287.48	38582.50
287.55	38568.82
287.61	38543.32
287.68	38527.13
287.75	38513.37
287.81	38488.30
287.88	38468.72
287.95	38451.86
288.01	38427.47
288.08	38410.12
288.15	38376.56
288.21	38331.30
288.28	38298.60
288.35	38278.22
288.41	38245.27
288.48	38229.71
288.55	38203.37
288.61	38160.46
288.68	38116.57
288.75	38077.67
288.81	38039.40
288.88	38009.36
288.95	37996.77
289.01	37986.73
289.08	37980.18
289.15	37977.40
289.21	37985.00
289.28	37976.73
289.35	37979.83
289.41	37976.79
289.48	37971.55
289.55	37968.66
289.61	37961.50
289.68	37943.77
289.75	37921.68
289.81	37891.38
289.88	37856.41
289.95	37830.32
290.01	37791.80
290.08	37763.13
290.15	37734.98
290.21	37702.05
290.28	37674.77
290.35	37658.74
290.41	37637.02
290.48	37612.03
290.55	37582.24
290.61	37538.80
290.68	37494.02
290.74	37478.06
290.81	37475.54
290.88	37478.42
290.94	37495.28
291.01	37513.41
291.08	37517.11
291.14	37517.23
291.21	37517.30
291.28	37505.19
291.34	37497.49
291.41	37481.36
291.48	37465.68
291.54	37454.21
291.61	37448.38
291.68	37436.78
291.74	37410.05
291.81	37383.12
291.87	37370.69
291.94	37340.10
292.01	37308.20
292.07	37282.10
292.14	37250.45
292.21	37192.76
292.27	37149.35
292.34	37110.73
292.41	37084.49
292.47	37055.72
292.54	37038.98
292.60	37041.86
292.67	37048.80
292.74	37049.59
292.80	37068.10
292.87	37077.32
292.94	37076.36
293.00	37079.78
293.07	37083.05
293.13	37079.34
293.20	37084.18
293.27	37097.16
293.33	37088.31
293.40	37089.11
293.47	37080.34
293.53	37064.80
293.60	37039.88
293.66	37010.50
293.73	36965.29
293.80	36914.98
293.86	36867.10
293.93	36818.15
294.00	36783.78
294.06	36749.93
294.13	36736.22
294.19	36721.21
294.26	36710.82
294.33	36704.32
294.39	36694.90
294.46	36693.65
294.52	36689.96
294.59	36678.46
294.66	36683.36
294.72	36691.68
294.79	36685.68
294.86	36693.42
294.92	36709.95
294.99	36724.77
295.05	36739.86
295.12	36758.90
295.19	36778.05
295.25	36794.20
295.32	36786.67
295.38	36780.08
295.45	36778.23
295.52	36761.02
295.58	36723.50
295.65	36693.40
295.71	36664.42
295.78	36607.00
295.85	36544.93
295.91	36505.16
295.98	36454.40
296.04	36391.03
296.11	36362.62
296.18	36342.10
296.24	36328.64
296.31	36327.26
296.37	36354.00
296.44	36380.39
296.51	36414.54
296.57	36441.12
296.64	36476.05
296.70	36500.71
296.77	36514.94
296.84	36518.27
296.90	36522.82
296.97	36517.24
297.03	36519.64
297.10	36514.50
297.17	36524.52
297.23	36538.72
297.30	36560.26
297.36	36549.94
297.43	36548.97
297.50	36534.03
297.56	36507.68
297.63	36469.58
297.69	36437.71
297.76	36382.52
297.82	36330.77
297.89	36275.98
297.96	36221.51
298.02	36180.10
298.09	36149.78
298.15	36132.68
298.22	36126.56
298.29	36114.73
298.35	36112.87
298.42	36128.04
298.48	36136.71
298.55	36141.94
298.61	36173.84
298.68	36197.84
298.75	36217.12
298.81	36236.35
298.88	36260.28
298.94	36271.98
299.01	36283.10
299.08	36291.35
299.14	36297.00
299.21	36289.56
299.27	36279.47
299.34	36264.54
299.40	36259.79
299.47	36244.76
299.54	36241.14
299.60	36228.04
299.67	36212.97
299.73	36169.03
299.80	36108.90
299.86	36020.20
299.93	35942.41
299.99	35878.42
300.06	35818.05
300.13	35792.75
300.19	35789.48
300.26	35780.60
300.32	35779.91
300.39	35793.24
300.45	35807.80
300.52	35833.27
300.59	35869.96
300.65	35897.02
300.72	35929.34
300.78	35943.74
300.85	35957.52
300.91	35954.20
300.98	35945.83
301.04	35931.58
301.11	35919.60
301.18	35917.04
301.24	35922.40
301.31	35919.86
301.37	35910.97
301.44	35897.21
301.50	35871.04
301.57	35836.94
301.63	35820.43
301.70	35783.70
301.77	35738.75
301.83	35682.46
301.90	35626.94
301.96	35544.14
302.03	35472.25
302.09	35426.57
302.16	35379.22
302.22	35347.77
302.29	35327.37
302.36	35322.84
302.42	35305.05
302.49	35309.00
302.55	35311.75
302.62	35316.53
302.68	35321.04
302.75	35330.20
302.81	35326.78
302.88	35321.55
302.94	35308.66
303.01	35301.40
303.07	35287.04
303.14	35275.49
303.21	35254.94
303.27	35250.30
303.34	35239.23
303.40	35217.51
303.47	35194.46
303.53	35164.10
303.60	35137.78
303.66	35094.70
303.73	35070.79
303.79	35038.92
303.86	35003.71
303.92	34951.22
303.99	34905.62
304.05	34827.49
304.12	34745.30
304.19	34675.82
304.25	34608.66
304.32	34552.44
304.38	34518.78
304.45	34489.68
304.51	34464.06
304.58	34453.38
304.64	34437.77
304.71	34429.56
304.77	34411.99
304.84	34394.15
304.90	34378.81
304.97	34357.18
305.03	34321.28
305.10	34305.94
305.16	34286.92
305.23	34254.96
305.29	34227.76
305.36	34197.64
305.42	34165.68
305.49	34131.46
305.56	34091.80
305.62	34054.27
305.69	34021.34
305.75	33974.56
305.82	33903.92
305.88	33802.28
305.95	33674.62
306.01	33539.67
306.08	33407.37
306.14	33293.96
306.21	33210.26
306.27	33151.14
306.34	33107.80
306.40	33059.38
306.47	33037.78
306.53	33053.89
306.60	33075.60
306.66	33093.83
306.73	33120.70
306.79	33115.12
306.86	33079.54
306.92	33038.50
306.99	32999.61
307.05	32966.60
307.12	32934.42
307.18	32906.79
307.25	32875.20
307.31	32842.06
307.38	32795.50
307.44	32762.60
307.51	32723.68
307.57	32669.45
307.64	32621.18
307.70	32574.91
307.77	32523.25
307.83	32467.16
307.90	32423.86
307.96	32371.82
308.03	32319.53
308.09	32261.92
308.16	32199.23
308.22	32136.92
308.29	32077.48
308.35	32015.71
308.42	31956.56
308.48	31891.96
308.55	31828.08
308.61	31765.02
308.68	31704.66
308.74	31638.71
308.81	31605.29
308.87	31567.03
308.94	31538.04
309.00	31508.70
309.07	31484.44
309.13	31435.03
309.20	31401.26
309.26	31345.00
309.33	31284.94
309.39	31232.06
309.45	31180.04
309.52	31112.22
309.58	31062.49
309.65	31008.98
309.71	30941.39
309.78	30893.24
309.84	30842.18
309.91	30780.64
309.97	30726.74
310.04	30688.74
310.10	30626.72
310.17	30577.90
310.23	30529.43
310.30	30484.56
310.36	30433.12
310.43	30381.92
310.49	30315.47
310.56	30254.01
310.62	30178.89
310.69	30107.72
310.75	30039.77
310.81	29984.86
310.88	29937.91
310.94	29897.63
311.01	29845.61
311.07	29801.42
311.14	29755.01
311.20	29691.28
311.27	29640.30
311.33	29599.63
311.40	29551.36
311.46	29507.67
311.53	29469.28
311.59	29428.69
311.66	29386.98
311.72	29345.80
311.78	29294.85
311.85	29253.63
311.91	29211.32
311.98	29162.36
312.04	29118.40
312.11	29081.98
312.17	29046.86
312.24	29005.17
312.30	28953.99
312.37	28889.95
312.43	28828.48
312.50	28760.22
312.56	28689.70
312.62	28629.26
312.69	28570.04
312.75	28506.70
312.82	28438.46
312.88	28365.46
312.95	28305.25
313.01	28245.84
313.08	28190.55
313.14	28149.86
313.20	28114.34
313.27	28063.27
313.33	28016.92
313.40	27974.14
313.46	27914.44
313.53	27860.66
313.59	27810.03
313.66	27778.00
313.72	27729.39
313.78	27682.88
313.85	27638.13
313.91	27606.95
313.98	27559.96
314.04	27521.21
314.11	27481.90
314.17	27437.36
314.24	27379.59
314.30	27323.70
314.36	27268.88
314.43	27221.40
314.49	27162.95
314.56	27111.90
314.62	27056.69
314.69	27002.28
314.75	26948.99
314.81	26897.29
314.88	26845.43
314.94	26798.82
315.01	26747.78
315.07	26685.53
315.14	26649.06
315.20	26605.26
315.27	26556.12
315.33	26520.95
315.39	26480.78
315.46	26433.18
315.52	26371.76
315.59	26329.11
315.65	26268.70
315.72	26226.06
315.78	26173.68
315.84	26145.02
315.91	26106.94
315.97	26082.20
316.04	26068.54
316.10	26053.25
316.16	26010.64
316.23	25941.53
316.29	25834.74
316.36	25679.16
316.42	25498.96
316.49	25302.10
316.55	25089.11
316.61	24880.69
316.68	24670.09
316.74	24453.04
316.81	24225.24
316.87	24009.34
316.93	23784.40
317.00	23570.26
317.06	23355.04
317.13	23150.23
317.19	22928.98
317.26	22711.47
317.32	22486.02
317.38	22269.96
317.45	22049.80
317.51	21843.20
317.58	21634.18
317.64	21426.52
317.70	21212.34
317.77	21010.44
317.83	20802.03
317.90	20599.56
317.96	20387.30
318.02	20179.04
318.09	19979.64
318.15	19781.52
318.22	19567.32
318.28	19365.27
318.34	19149.48
318.41	18924.24
318.47	18692.58
318.54	18488.30
318.60	18276.93
318.66	18080.92
318.73	17873.84
318.79	17681.97
318.86	17475.36
318.92	17278.28
318.98	17084.06
319.05	16891.44
319.11	16701.36
319.18	16508.14
319.24	16308.54
319.30	16095.87
319.37	15910.50
319.43	15721.26
319.50	15529.81
319.56	15344.20
319.62	15164.01
319.69	14973.85
319.75	14787.89
319.82	14602.02
319.88	14414.95
319.94	14231.76
320.01	14050.90
320.07	13855.10
320.13	13674.78
320.20	13489.68
320.26	13306.45
320.33	13117.52
320.39	12938.07
320.45	12746.35
320.52	12569.31
320.58	12389.57
320.65	12211.81
320.71	12034.22
320.77	11865.47
320.84	11683.70
320.90	11509.80
320.96	11329.90
321.03	11139.51
321.09	10952.21
321.16	10768.93
321.22	10577.06
321.28	10394.68
321.35	10233.31
321.41	10064.48
321.47	9892.04
321.54	9728.87
321.60	9552.32
321.67	9374.66
321.73	9205.72
321.79	9036.62
321.86	8860.86
321.92	8695.47
321.98	8504.51
322.05	8312.02
322.11	8120.28
322.18	7929.32
322.24	7736.57
322.30	7559.64
322.37	7392.71
322.43	7216.92
322.49	7051.14
322.56	6876.70
322.62	6711.52
322.68	6528.44
322.75	6362.42
322.81	6183.68
322.88	6010.06
322.94	5834.67
323.00	5660.47
323.07	5487.64
323.13	5322.02
323.19	5160.16
323.26	4997.48
323.32	4842.77
323.38	4680.68
323.45	4456.15
323.51	3813.82
323.57	2929.77
323.64	2004.45
323.70	1116.52
323.76	322.25
323.83	-20.99
323.89	-88.55
323.96	-90.68
