180.25	3519.83
180.33	-133.54
180.40	657.73
180.48	-30.00
180.56	15.20
180.63	52.59
180.71	95.95
180.78	95.28
180.86	97.14
180.93	102.25
181.01	104.85
181.08	104.05
181.16	103.51
181.23	104.66
181.31	105.14
181.39	129.33
181.46	138.44
181.54	149.26
181.61	166.08
181.69	174.03
181.76	166.18
181.84	159.96
181.91	162.55
181.99	164.06
182.06	165.34
182.14	171.56
182.22	177.50
182.29	187.40
182.37	190.98
182.44	202.39
182.52	199.84
182.59	218.45
182.67	225.96
182.74	232.20
182.82	238.40
182.89	250.04
182.97	250.14
183.04	261.54
183.12	271.41
183.20	292.96
183.27	305.30
183.35	336.84
183.42	362.94
183.50	407.95
183.57	435.28
183.65	485.41
183.72	531.18
183.80	588.87
183.87	635.05
183.95	681.70
184.02	732.86
184.10	767.12
184.17	787.15
184.25	788.83
184.32	783.50
184.40	756.76
184.47	709.61
184.55	668.58
184.62	670.18
184.70	704.56
184.78	761.35
184.85	881.12
184.93	1020.26
185.00	1152.99
185.08	1287.17
185.15	1419.08
185.23	1550.97
185.30	1674.70
185.38	1791.92
185.45	1904.85
185.53	2028.23
185.60	2139.14
185.68	2267.68
185.75	2371.09
185.83	2451.71
185.90	2502.05
185.98	2481.89
186.05	2394.50
186.13	2270.45
186.20	2104.45
186.28	1957.61
186.35	1902.75
186.43	1940.84
186.50	2080.91
186.58	2304.58
186.65	2546.87
186.73	2787.37
186.80	2996.28
186.88	3180.85
186.95	3366.68
187.03	3541.46
187.10	3692.18
187.18	3871.07
187.25	4032.14
187.33	4193.73
187.40	4383.81
187.48	4572.28
187.55	4761.57
187.63	4939.96
187.70	5045.38
187.78	5086.48
187.85	5073.16
187.93	4931.58
188.00	4693.37
188.08	4425.97
188.15	4197.50
188.23	4074.84
188.30	4112.02
188.38	4313.20
188.45	4645.44
188.53	5004.06
188.60	5343.34
188.68	5644.76
188.75	5920.09
188.83	6200.38
188.90	6450.70
188.98	6695.68
189.05	6952.06
189.13	7178.84
189.20	7373.88
189.28	7575.78
189.35	7750.14
189.43	7906.66
189.50	8045.06
189.58	8109.96
189.65	8104.15
189.73	8035.14
189.80	7850.01
189.87	7579.96
189.95	7253.32
190.02	6836.74
190.10	6383.45
190.17	6039.98
190.25	5867.76
190.32	5873.46
190.40	6051.28
190.47	6366.93
190.55	6709.39
190.62	7022.60
190.70	7292.74
190.77	7580.29
190.85	7881.62
190.92	8172.23
191.00	8461.94
191.07	8743.54
191.15	8975.49
191.22	9188.48
191.29	9374.22
191.37	9542.63
191.44	9717.54
191.52	9902.01
191.59	10044.44
191.67	10165.15
191.74	10225.84
191.82	10222.38
191.89	10193.88
191.97	10158.07
192.04	10088.60
192.12	9981.48
192.19	9812.06
192.27	9567.66
192.34	9339.36
192.41	9211.43
192.49	9217.04
192.56	9366.97
192.64	9635.69
192.71	9928.52
192.79	10167.90
192.86	10349.88
192.94	10451.26
193.01	10519.72
193.09	10578.08
193.16	10672.04
193.23	10794.37
193.31	10952.09
193.38	11142.59
193.46	11308.42
193.53	11443.68
193.61	11558.57
193.68	11656.93
193.76	11720.65
193.83	11788.56
193.91	11855.03
193.98	11915.30
194.05	11975.86
194.13	12019.30
194.20	12044.00
194.28	12024.18
194.35	11981.63
194.43	11900.87
194.50	11783.70
194.58	11638.31
194.65	11544.55
194.72	11534.78
194.80	11641.80
194.87	11855.35
194.95	12163.38
195.02	12481.61
195.10	12749.50
195.17	12972.15
195.25	13159.17
195.32	13304.53
195.39	13428.16
195.47	13536.32
195.54	13618.89
195.62	13649.82
195.69	13616.08
195.77	13494.51
195.84	13313.43
195.91	13103.92
195.99	12966.46
196.06	12939.98
196.14	13043.78
196.21	13241.88
196.29	13493.73
196.36	13740.13
196.43	13939.45
196.51	14101.27
196.58	14208.50
196.66	14273.03
196.73	14307.48
196.81	14304.22
196.88	14264.98
196.95	14210.92
197.03	14122.76
197.10	13974.02
197.18	13814.74
197.25	13650.08
197.33	13518.76
197.40	13436.33
197.47	13413.16
197.55	13477.49
197.62	13605.89
197.70	13789.04
197.77	14041.01
197.84	14338.08
197.92	14627.15
197.99	14918.04
198.07	15188.26
198.14	15407.60
198.22	15603.24
198.29	15760.57
198.36	15887.60
198.44	15984.44
198.51	16037.21
198.59	16011.19
198.66	15919.78
198.73	15761.28
198.81	15544.06
198.88	15289.48
198.96	15077.38
199.03	14971.56
199.10	15010.15
199.18	15165.98
199.25	15439.26
199.33	15782.70
199.40	16105.80
199.48	16358.16
199.55	16556.91
199.62	16712.28
199.70	16847.01
199.77	16984.63
199.85	17114.31
199.92	17217.53
199.99	17284.85
200.07	17260.19
200.14	17126.70
200.22	16853.60
200.29	16463.50
200.36	16068.68
200.44	15750.95
200.51	15563.75
200.59	15549.83
200.66	15689.27
200.73	15893.73
200.81	16121.28
200.88	16351.96
200.95	16601.54
201.03	16869.00
201.10	17148.40
201.18	17419.58
201.25	17666.04
201.32	17870.66
201.40	18041.44
201.47	18182.80
201.55	18270.27
201.62	18283.72
201.69	18186.95
201.77	18032.22
201.84	17839.67
201.92	17632.38
201.99	17409.06
202.06	17288.26
202.14	17293.32
202.21	17409.53
202.28	17642.53
202.36	17992.92
202.43	18384.00
202.51	18736.67
202.58	19031.66
202.65	19262.43
202.73	19479.44
202.80	19664.54
202.87	19847.35
202.95	20021.01
203.02	20167.54
203.10	20235.98
203.17	20240.39
203.24	20120.35
203.32	19824.65
203.39	19374.94
203.46	18906.28
203.54	18540.58
203.61	18355.66
203.69	18397.97
203.76	18654.54
203.83	19011.54
203.91	19343.82
203.98	19631.66
204.05	19866.44
204.13	20051.56
204.20	20177.81
204.28	20264.99
204.35	20294.46
204.42	20290.53
204.50	20290.92
204.57	20334.02
204.64	20395.68
204.72	20455.21
204.79	20440.79
204.86	20317.31
204.94	20116.22
205.01	19892.66
205.09	19674.36
205.16	19548.50
205.23	19576.84
205.31	19763.92
205.38	20057.33
205.45	20444.37
205.53	20898.06
205.60	21376.49
205.67	21793.95
205.75	22136.66
205.82	22417.49
205.89	22658.58
205.97	22844.93
206.04	23018.90
206.12	23200.81
206.19	23381.42
206.26	23496.30
206.34	23555.58
206.41	23496.88
206.48	23274.31
206.56	22859.14
206.63	22330.91
206.70	21806.30
206.78	21429.74
206.85	21307.60
206.92	21472.30
207.00	21868.90
207.07	22368.36
207.14	22861.33
207.22	23291.27
207.29	23666.08
207.36	23983.97
207.44	24261.60
207.51	24507.62
207.58	24722.74
207.66	24903.31
207.73	25067.04
207.80	25184.55
207.88	25234.07
207.95	25194.69
208.02	25054.17
208.10	24748.86
208.17	24288.25
208.25	23791.04
208.32	23366.54
208.39	23048.48
208.47	22937.94
208.54	23038.08
208.61	23283.58
208.69	23585.98
208.76	23924.16
208.83	24302.69
208.90	24701.51
208.98	25100.30
209.05	25466.75
209.12	25820.40
209.20	26117.98
209.27	26390.08
209.34	26625.61
209.42	26841.93
209.49	27015.78
209.56	27134.83
209.64	27203.61
209.71	27162.09
209.78	26987.46
209.86	26680.62
209.93	26322.04
210.00	25910.90
210.08	25541.90
210.15	25338.99
210.22	25354.05
210.30	25520.89
210.37	25823.46
210.44	26232.70
210.52	26653.76
210.59	27020.75
210.66	27339.81
210.74	27634.54
210.81	27882.62
210.88	28125.96
210.96	28345.70
211.03	28562.68
211.10	28764.74
211.17	28954.09
211.25	29071.30
211.32	29132.50
211.39	29103.67
211.47	28954.00
211.54	28626.68
211.61	28178.72
211.69	27748.00
211.76	27423.56
211.83	27287.10
211.91	27393.86
211.98	27675.63
212.05	28026.64
212.12	28347.04
212.20	28616.10
212.27	28840.53
212.34	29041.54
212.42	29214.86
212.49	29396.58
212.56	29575.06
212.64	29761.99
212.71	29970.18
212.78	30190.28
212.85	30392.06
212.93	30542.97
213.00	30654.98
213.07	30707.26
213.15	30630.90
213.22	30455.70
213.29	30242.82
213.37	30007.66
213.44	29802.07
213.51	29703.28
213.58	29738.15
213.66	29869.51
213.73	30084.18
213.80	30325.34
213.88	30587.12
213.95	30797.04
214.02	30959.48
214.09	31075.43
214.17	31182.50
214.24	31280.97
214.31	31381.82
214.39	31469.60
214.46	31541.42
214.53	31565.42
214.60	31543.69
214.68	31554.60
214.75	31628.50
214.82	31728.48
214.90	31817.12
214.97	31836.80
215.04	31693.98
215.11	31453.62
215.19	31217.28
215.26	31118.22
215.33	31212.69
215.41	31535.71
215.48	31969.50
215.55	32399.23
215.62	32740.17
215.70	33005.70
215.77	33197.38
215.84	33368.15
215.91	33526.30
215.99	33693.19
216.06	33848.24
216.13	33982.80
216.21	34084.26
216.28	34191.97
216.35	34289.12
216.42	34369.15
216.50	34417.54
216.57	34450.89
216.64	34411.88
216.71	34273.15
216.79	34087.73
216.86	33920.20
216.93	33797.52
217.01	33771.20
217.08	33870.13
217.15	34059.62
217.22	34279.48
217.30	34503.48
217.37	34714.42
217.44	34911.60
217.51	35096.90
217.59	35291.02
217.66	35458.01
217.73	35604.38
217.80	35744.19
217.88	35850.32
217.95	35944.52
218.02	36039.17
218.09	36129.11
218.17	36223.11
218.24	36323.11
218.31	36410.46
218.38	36460.46
218.46	36463.29
218.53	36361.58
218.60	36188.18
218.67	35997.46
218.75	35851.06
218.82	35794.22
218.89	35866.26
218.96	36058.05
219.04	36292.58
219.11	36529.79
219.18	36733.91
219.25	36915.68
219.33	37073.88
219.40	37219.61
219.47	37363.80
219.54	37508.00
219.62	37632.22
219.69	37743.76
219.76	37881.25
219.83	37998.58
219.91	38110.51
219.98	38231.19
220.05	38332.02
220.12	38378.13
220.20	38405.28
220.27	38382.66
220.34	38290.04
220.41	38151.55
220.49	38019.98
220.56	37932.77
220.63	37920.89
220.70	38000.53
220.78	38167.75
220.85	38353.44
220.92	38509.06
220.99	38645.25
221.06	38766.32
221.14	38876.02
221.21	38988.14
221.28	39120.95
221.35	39255.52
221.43	39379.08
221.50	39488.55
221.57	39599.91
221.64	39705.96
221.72	39810.11
221.79	39919.64
221.86	40014.20
221.93	40088.97
222.00	40144.04
222.08	40181.17
222.15	40166.24
222.22	40138.40
222.29	40113.33
222.37	40104.50
222.44	40111.40
222.51	40161.90
222.58	40237.68
222.65	40323.10
222.73	40419.60
222.80	40508.12
222.87	40615.43
222.94	40717.78
223.02	40828.45
223.09	40923.15
223.16	41031.84
223.23	41133.15
223.30	41253.37
223.38	41379.87
223.45	41503.29
223.52	41623.72
223.59	41731.54
223.66	41804.92
223.74	41857.78
223.81	41890.48
223.88	41916.48
223.95	41944.42
224.03	41961.72
224.10	41970.36
224.17	42002.30
224.24	42017.00
224.31	42046.00
224.39	42110.84
224.46	42191.77
224.53	42267.24
224.60	42362.84
224.67	42462.70
224.75	42562.06
224.82	42661.24
224.89	42783.74
224.96	42903.25
225.03	43005.68
225.11	43107.02
225.18	43196.84
225.25	43266.81
225.32	43326.84
225.39	43389.06
225.47	43430.56
225.54	43453.62
225.61	43439.64
225.68	43396.07
225.75	43324.60
225.83	43249.78
225.90	43198.67
225.97	43164.05
226.04	43166.14
226.11	43243.94
226.19	43383.31
226.26	43562.58
226.33	43781.08
226.40	43982.19
226.47	44143.75
226.54	44261.71
226.62	44342.58
226.69	44414.19
226.76	44528.26
226.83	44662.90
226.90	44827.32
226.98	44965.46
227.05	45093.54
227.12	45207.25
227.19	45277.94
227.26	45330.14
227.34	45401.34
227.41	45476.74
227.48	45532.43
227.55	45591.80
227.62	45640.71
227.69	45702.91
227.77	45767.59
227.84	45858.64
227.91	45951.14
227.98	46040.28
228.05	46119.31
228.12	46194.30
228.20	46261.18
228.27	46346.67
228.34	46434.94
228.41	46534.78
228.48	46641.47
228.56	46742.78
228.63	46836.72
228.70	46922.00
228.77	47002.93
228.84	47087.47
228.91	47169.33
228.99	47258.86
229.06	47384.50
229.13	47490.29
229.20	47580.04
229.27	47667.06
229.34	47743.78
229.42	47793.04
229.49	47859.52
229.56	47929.04
229.63	47992.92
229.70	48056.36
229.77	48115.62
229.85	48175.24
229.92	48226.56
229.99	48283.23
230.06	48350.11
230.13	48432.31
230.20	48521.12
230.27	48622.03
230.35	48737.56
230.42	48856.25
230.49	48971.86
230.56	49069.38
230.63	49179.99
230.70	49259.11
230.78	49310.60
230.85	49361.04
230.92	49421.14
230.99	49475.74
231.06	49570.72
231.13	49694.81
231.20	49812.08
231.28	49928.32
231.35	50038.00
231.42	50124.46
231.49	50203.89
231.56	50287.76
231.63	50365.10
231.71	50450.40
231.78	50530.81
231.85	50593.24
231.92	50654.88
231.99	50723.52
232.06	50791.92
232.13	50882.84
232.21	50993.69
232.28	51088.96
232.35	51177.24
232.42	51266.26
232.49	51345.50
232.56	51430.33
232.63	51527.20
232.71	51636.65
232.78	51729.64
232.85	51828.30
232.92	51906.36
232.99	51989.06
233.06	52057.61
233.13	52120.70
233.20	52165.35
233.28	52212.78
233.35	52250.65
233.42	52304.93
233.49	52383.18
233.56	52477.00
233.63	52574.07
233.70	52686.63
233.78	52786.11
233.85	52898.36
233.92	52989.49
233.99	53075.28
234.06	53150.84
234.13	53240.18
234.20	53312.95
234.27	53392.86
234.35	53465.46
234.42	53534.85
234.49	53595.94
234.56	53645.94
234.63	53684.22
234.70	53734.90
234.77	53778.16
234.84	53821.98
234.92	53868.70
234.99	53943.31
235.06	54020.78
235.13	54109.76
235.20	54207.32
235.27	54295.68
235.34	54384.97
235.41	54465.84
235.48	54550.92
235.56	54627.72
235.63	54699.58
235.70	54746.83
235.77	54789.37
235.84	54814.01
235.91	54832.57
235.98	54868.19
236.05	54919.11
236.12	54969.43
236.20	55010.14
236.27	55068.86
236.34	55114.50
236.41	55150.42
236.48	55183.70
236.55	55235.95
236.62	55287.50
236.69	55337.43
236.76	55409.16
236.84	55484.56
236.91	55557.45
236.98	55622.62
237.05	55687.72
237.12	55722.21
237.19	55774.60
237.26	55829.61
237.33	55865.88
237.40	55900.12
237.47	55944.89
237.55	55984.89
237.62	56038.42
237.69	56103.25
237.76	56183.62
237.83	56267.40
237.90	56340.02
237.97	56390.62
238.04	56446.00
238.11	56487.70
238.18	56538.32
238.26	56588.00
238.33	56625.29
238.40	56654.04
238.47	56693.18
238.54	56716.22
238.61	56733.60
238.68	56745.48
238.75	56760.73
238.82	56791.85
238.89	56824.18
238.96	56868.96
239.04	56930.78
239.11	56990.33
239.18	57028.00
239.25	57057.20
239.32	57077.90
239.39	57088.90
239.46	57091.84
239.53	57088.01
239.60	57083.70
239.67	57092.07
239.74	57115.37
239.81	57140.18
239.89	57180.20
239.96	57223.20
240.03	57253.06
240.10	57277.36
240.17	57308.78
240.24	57323.67
240.31	57349.65
240.38	57389.68
240.45	57449.98
240.52	57513.56
240.59	57587.49
240.66	57647.90
240.73	57697.66
240.80	57721.84
240.88	57742.65
240.95	57762.21
241.02	57785.70
241.09	57801.51
241.16	57826.79
241.23	57852.62
241.30	57845.14
241.37	57816.30
241.44	57810.24
241.51	57806.46
241.58	57807.53
241.65	57848.46
241.72	57905.83
241.79	57938.30
241.86	57955.21
241.94	57963.04
242.01	57947.92
242.08	57933.10
242.15	57923.56
242.22	57929.70
242.29	57937.34
242.36	57952.74
242.43	57944.23
242.50	57950.92
242.57	57932.13
242.64	57927.25
242.71	57912.24
242.78	57929.70
242.85	57931.23
242.92	57946.82
242.99	57949.97
243.06	57957.20
243.14	57961.90
243.21	57979.66
243.28	58005.62
243.35	58027.92
243.42	58076.52
243.49	58114.95
243.56	58136.36
243.63	58155.31
243.70	58167.34
243.77	58155.05
243.84	58142.75
243.91	58113.38
243.98	58082.48
244.05	58052.53
244.12	58017.53
244.19	57992.18
244.26	57983.72
244.33	57977.12
244.40	57973.06
244.47	57973.88
244.54	57967.95
244.62	57937.67
244.69	57906.28
244.76	57887.24
244.83	57879.05
244.90	57877.00
244.97	57903.24
245.04	57920.34
245.11	57930.38
245.18	57923.06
245.25	57931.56
245.32	57942.92
245.39	57967.69
245.46	57984.11
245.53	57999.04
245.60	57986.10
245.67	57977.05
245.74	57964.28
245.81	57937.84
245.88	57913.74
245.95	57905.20
246.02	57884.54
246.09	57843.38
246.16	57805.44
246.23	57768.28
246.30	57730.93
246.37	57704.42
246.44	57721.35
246.51	57745.60
246.58	57774.82
246.65	57802.04
246.72	57827.84
246.79	57824.34
246.87	57820.20
246.94	57815.32
247.01	57793.14
247.08	57749.47
247.15	57685.68
247.22	57619.74
247.29	57551.97
247.36	57511.22
247.43	57483.84
247.50	57478.05
247.57	57493.59
247.64	57523.96
247.71	57531.67
247.78	57544.22
247.85	57567.36
247.92	57589.19
247.99	57590.32
248.06	57586.03
248.13	57569.20
248.20	57550.38
248.27	57514.58
248.34	57488.06
248.41	57478.76
248.48	57483.68
248.55	57476.48
248.62	57474.64
248.69	57481.80
248.76	57468.67
248.83	57447.64
248.90	57419.16
248.97	57386.18
249.04	57338.62
249.11	57306.45
249.18	57271.81
249.25	57237.65
249.32	57191.76
249.39	57151.43
249.46	57108.27
249.53	57062.22
249.60	57022.80
249.67	57006.25
249.74	56986.22
249.81	56984.82
249.88	56992.34
249.95	57019.40
250.02	57048.77
250.09	57076.37
250.16	57087.22
250.23	57084.68
250.30	57073.92
250.37	57055.99
250.44	57054.02
250.51	57044.32
250.58	57049.38
250.65	57037.06
250.72	57006.68
250.79	56955.63
250.86	56917.21
250.93	56878.67
251.00	56835.92
251.07	56809.76
251.14	56798.80
251.21	56783.61
251.28	56756.10
251.35	56729.27
251.42	56716.76
251.49	56700.59
251.56	56679.60
251.63	56663.28
251.70	56664.56
251.77	56643.76
251.84	56604.86
251.91	56552.72
251.98	56501.82
252.05	56448.45
252.12	56384.90
252.18	56344.65
252.25	56325.69
252.32	56325.09
252.39	56324.85
252.46	56327.64
252.53	56320.47
252.60	56306.58
252.67	56274.69
252.74	56239.80
252.81	56209.98
252.88	56187.54
252.95	56156.42
253.02	56125.17
253.09	56102.30
253.16	56096.52
253.23	56080.88
253.30	56077.69
253.37	56070.99
253.44	56064.42
253.51	56024.73
253.58	55986.54
253.65	55966.59
253.72	55951.08
253.79	55933.71
253.86	55940.22
253.93	55946.61
254.00	55927.66
254.07	55902.57
254.14	55864.08
254.21	55817.68
254.28	55780.44
254.35	55752.92
254.41	55724.78
254.48	55702.58
254.55	55689.47
254.62	55664.77
254.69	55624.58
254.76	55591.63
254.83	55544.81
254.90	55504.01
254.97	55479.82
255.04	55475.29
255.11	55451.80
255.18	55424.94
255.25	55381.60
255.32	55338.28
255.39	55289.58
255.46	55261.56
255.53	55252.02
255.60	55249.72
255.67	55247.27
255.74	55236.65
255.81	55231.60
255.87	55232.49
255.94	55204.80
256.01	55173.74
256.08	55146.82
256.15	55110.34
256.22	55060.82
256.29	55039.90
256.36	55000.53
256.43	54974.43
256.50	54954.83
256.57	54946.34
256.64	54926.00
256.71	54914.11
256.78	54890.27
256.85	54873.96
256.92	54854.75
256.99	54842.81
257.05	54827.13
257.12	54810.76
257.19	54772.25
257.26	54712.50
257.33	54644.45
257.40	54598.04
257.47	54533.90
257.54	54503.07
257.61	54487.87
257.68	54485.63
257.75	54462.27
257.82	54467.44
257.89	54450.13
257.96	54425.62
258.03	54384.60
258.09	54348.67
258.16	54288.50
258.23	54211.60
258.30	54151.52
258.37	54109.46
258.44	54069.53
258.51	54041.76
258.58	54043.96
258.65	54040.00
258.72	54020.98
258.79	53987.88
258.86	53953.01
258.93	53912.68
258.99	53872.53
259.06	53827.82
259.13	53788.44
259.20	53756.45
259.27	53726.54
259.34	53692.34
259.41	53684.31
259.48	53687.99
259.55	53681.68
259.62	53663.75
259.69	53630.11
259.76	53581.53
259.82	53520.94
259.89	53486.46
259.96	53458.10
260.03	53430.60
260.10	53399.02
260.17	53357.82
260.24	53284.76
260.31	53219.01
260.38	53182.84
260.45	53170.46
260.52	53156.62
260.59	53141.92
260.65	53116.29
260.72	53084.31
260.79	53038.54
260.86	53007.00
260.93	52978.22
261.00	52941.26
261.07	52894.20
261.14	52829.42
261.21	52766.61
261.28	52710.76
261.34	52655.00
261.41	52595.74
261.48	52550.06
261.55	52502.87
261.62	52462.35
261.69	52420.61
261.76	52393.86
261.83	52379.96
261.90	52367.53
261.97	52320.84
262.03	52289.78
262.10	52259.42
262.17	52205.04
262.24	52166.20
262.31	52155.52
262.38	52132.72
262.45	52104.32
262.52	52081.16
262.59	52029.87
262.65	51982.39
262.72	51931.03
262.79	51885.77
262.86	51839.76
262.93	51810.68
263.00	51777.07
263.07	51737.28
263.14	51684.58
263.21	51658.99
263.27	51626.17
263.34	51600.44
263.41	51574.52
263.48	51534.52
263.55	51474.65
263.62	51400.73
263.69	51313.80
263.76	51252.44
263.82	51206.14
263.89	51173.53
263.96	51152.74
264.03	51130.48
264.10	51105.94
264.17	51057.00
264.24	51006.23
264.31	50953.99
264.38	50909.90
264.44	50852.24
264.51	50820.61
264.58	50772.93
264.65	50738.80
264.72	50686.81
264.79	50636.23
264.86	50594.86
264.92	50549.66
264.99	50510.96
265.06	50487.89
265.13	50459.42
265.20	50430.55
265.27	50407.30
265.34	50370.32
265.41	50334.34
265.47	50298.72
265.54	50250.15
265.61	50222.55
265.68	50192.98
265.75	50158.16
265.82	50121.70
265.89	50080.03
265.95	50023.04
266.02	49958.79
266.09	49908.64
266.16	49866.43
266.23	49826.23
266.30	49779.44
266.37	49731.30
266.44	49655.86
266.50	49586.89
266.57	49521.18
266.64	49456.58
266.71	49396.86
266.78	49353.80
266.85	49292.86
266.91	49236.32
266.98	49183.34
267.05	49131.48
267.12	49081.20
267.19	49055.78
267.26	49038.85
267.33	49016.92
267.39	48992.08
267.46	48977.52
267.53	48942.70
267.60	48900.56
267.67	48861.24
267.74	48830.10
267.81	48781.80
267.87	48736.04
267.94	48693.92
268.01	48647.48
268.08	48592.46
268.15	48540.17
268.22	48491.27
268.28	48444.25
268.35	48397.61
268.42	48349.58
268.49	48309.55
268.56	48270.39
268.63	48218.78
268.69	48174.70
268.76	48132.56
268.83	48084.72
268.90	48047.11
268.97	48019.65
269.04	48001.66
269.11	47986.94
269.17	47973.69
269.24	47944.27
269.31	47918.84
269.38	47880.32
269.45	47833.22
269.52	47787.42
269.58	47757.72
269.65	47706.11
269.72	47652.34
269.79	47608.93
269.86	47570.06
269.92	47525.14
269.99	47492.84
270.06	47459.01
270.13	47421.82
270.20	47373.28
270.27	47335.44
270.33	47300.02
270.40	47264.07
270.47	47233.70
270.54	47211.99
270.61	47187.07
270.68	47159.03
270.74	47141.82
270.81	47129.36
270.88	47105.73
270.95	47068.76
271.02	47023.72
271.08	46969.94
271.15	46900.44
271.22	46851.49
271.29	46818.82
271.36	46770.57
271.43	46735.69
271.49	46718.33
271.56	46688.90
271.63	46656.48
271.70	46645.02
271.77	46645.54
271.83	46615.26
271.90	46575.50
271.97	46535.98
272.04	46487.16
272.11	46433.35
272.17	46402.68
272.24	46383.59
272.31	46343.68
272.38	46329.69
272.45	46299.26
272.52	46264.22
272.58	46239.24
272.65	46236.04
272.72	46197.62
272.79	46169.07
272.86	46143.14
272.92	46103.90
272.99	46048.40
273.06	46019.92
273.13	45973.96
273.20	45934.92
273.26	45894.47
273.33	45858.52
273.40	45818.47
273.47	45798.88
273.54	45769.17
273.60	45752.90
273.67	45727.62
273.74	45719.71
273.81	45699.59
273.88	45700.49
273.94	45687.11
274.01	45690.94
274.08	45682.23
274.15	45658.14
274.21	45611.17
274.28	45568.50
274.35	45511.49
274.42	45442.30
274.49	45379.37
274.55	45347.44
274.62	45318.48
274.69	45282.68
274.76	45249.16
274.83	45232.14
274.89	45196.13
274.96	45157.83
275.03	45137.50
275.10	45108.41
275.17	45086.17
275.23	45049.26
275.30	45011.60
275.37	44976.14
275.44	44950.16
275.50	44910.86
275.57	44872.84
275.64	44831.24
275.71	44777.11
275.78	44737.68
275.84	44700.75
275.91	44666.58
275.98	44642.79
276.05	44615.86
276.11	44584.23
276.18	44551.62
276.25	44512.71
276.32	44472.48
276.39	44434.56
276.45	44381.76
276.52	44324.71
276.59	44274.96
276.66	44238.65
276.72	44202.25
276.79	44183.27
276.86	44168.26
276.93	44163.13
276.99	44133.49
277.06	44112.82
277.13	44085.84
277.20	44048.10
277.26	44006.79
277.33	43982.76
277.40	43958.74
277.47	43930.77
277.54	43907.21
277.60	43880.85
277.67	43835.59
277.74	43770.04
277.81	43715.14
277.87	43666.66
277.94	43621.19
278.01	43585.35
278.08	43562.06
278.14	43531.86
278.21	43499.66
278.28	43478.18
278.35	43471.68
278.41	43456.22
278.48	43446.40
278.55	43428.67
278.62	43418.43
278.68	43380.44
278.75	43330.40
278.82	43281.81
278.89	43243.52
278.95	43178.98
279.02	43127.74
279.09	43110.85
279.16	43096.44
279.22	43083.95
279.29	43067.61
279.36	43048.82
279.43	43002.10
279.49	42932.84
279.56	42843.21
279.63	42763.90
279.70	42691.08
279.76	42640.01
279.83	42607.68
279.90	42603.88
279.97	42589.55
280.03	42570.09
280.10	42549.53
280.17	42530.85
280.24	42488.93
280.30	42456.64
280.37	42424.03
280.44	42386.00
280.51	42344.98
280.57	42319.04
280.64	42278.12
280.71	42234.98
280.77	42183.06
280.84	42104.76
280.91	42012.55
280.98	41929.82
281.04	41847.08
281.11	41765.34
281.18	41693.48
281.25	41626.67
281.31	41558.88
281.38	41487.94
281.45	41426.60
281.52	41382.82
281.58	41327.90
281.65	41278.60
281.72	41235.09
281.78	41195.36
281.85	41156.65
281.92	41135.56
281.99	41118.84
282.05	41093.34
282.12	41067.08
282.19	41036.76
282.26	41015.12
282.32	40988.42
282.39	40978.13
282.46	40955.89
282.52	40931.98
282.59	40902.45
282.66	40885.16
282.73	40846.14
282.79	40813.54
282.86	40768.12
282.93	40716.42
282.99	40647.37
283.06	40589.65
283.13	40518.83
283.20	40436.45
283.26	40344.86
283.33	40262.87
283.40	40183.03
283.46	40131.57
283.53	40097.69
283.60	40078.04
283.67	40065.02
283.73	40061.95
283.80	40038.11
283.87	40025.11
283.93	40016.98
284.00	39993.56
284.07	39964.73
284.13	39946.19
284.20	39927.86
284.27	39897.68
284.34	39871.10
284.40	39845.34
284.47	39827.33
284.54	39808.49
284.60	39791.02
284.67	39765.22
284.74	39738.03
284.81	39708.66
284.87	39672.36
284.94	39618.04
285.01	39580.30
285.07	39529.71
285.14	39473.31
285.21	39422.40
285.27	39388.66
285.34	39359.74
285.41	39341.53
285.47	39329.98
285.54	39314.98
285.61	39298.71
285.68	39273.87
285.74	39257.73
285.81	39241.26
285.88	39218.98
285.94	39204.47
286.01	39199.03
286.08	39180.80
286.14	39156.56
286.21	39150.62
286.28	39142.90
286.34	39111.32
286.41	39072.32
286.48	39028.43
286.55	38967.80
286.61	38909.55
286.68	38859.80
286.75	38819.46
286.81	38781.90
286.88	38754.36
286.95	38712.58
287.01	38695.76
287.08	38683.35
287.15	38674.36
287.21	38655.59
287.28	38648.90
287.35	38626.90
287.41	38606.15
287.48	38584.93
287.55	38571.09
287.61	38553.36
287.68	38528.25
287.75	38506.20
287.81	38483.94
287.88	38460.90
287.95	38439.09
288.01	38414.07
288.08	38393.22
288.15	38350.02
288.21	38313.58
288.28	38280.92
288.35	38254.86
288.41	38227.28
288.48	38220.66
288.55	38196.63
288.61	38163.14
288.68	38133.83
288.75	38092.72
288.81	38039.21
288.88	38008.23
288.95	37990.46
289.01	37973.74
289.08	37970.37
289.15	37988.50
289.21	38001.24
289.28	37991.57
289.35	37996.04
289.41	37976.68
289.48	37964.65
289.55	37950.46
289.61	37939.04
289.68	37925.70
289.75	37919.16
289.81	37889.06
289.88	37859.94
289.95	37833.15
290.01	37790.25
290.08	37751.98
290.15	37717.17
290.21	37685.81
290.28	37670.80
290.35	37654.54
290.41	37643.42
290.48	37624.77
290.55	37583.71
290.61	37547.14
290.68	37505.12
290.74	37477.72
290.81	37468.33
290.88	37475.61
290.94	37480.37
291.01	37492.42
291.08	37500.06
291.14	37506.37
291.21	37503.13
291.28	37499.91
291.34	37496.85
291.41	37482.61
291.48	37465.73
291.54	37466.86
291.61	37452.22
291.68	37437.64
291.74	37406.74
291.81	37382.40
291.87	37363.36
291.94	37329.26
292.01	37295.27
292.07	37267.83
292.14	37233.03
292.21	37172.82
292.27	37139.88
292.34	37102.92
292.41	37081.58
292.47	37056.82
292.54	37052.28
292.60	37045.35
292.67	37053.78
292.74	37057.78
292.80	37073.03
292.87	37076.31
292.94	37086.59
293.00	37093.89
293.07	37093.90
293.13	37098.28
293.20	37110.00
293.27	37113.48
293.33	37112.75
293.40	37110.57
293.47	37092.66
293.53	37064.64
293.60	37033.12
293.66	36991.05
293.73	36950.32
293.80	36907.67
293.86	36861.62
293.93	36821.04
294.00	36788.80
294.06	36761.50
294.13	36737.84
294.19	36716.44
294.26	36707.42
294.33	36700.73
294.39	36685.52
294.46	36686.03
294.52	36687.13
294.59	36684.50
294.66	36680.21
294.72	36693.53
294.79	36697.37
294.86	36707.25
294.92	36720.67
294.99	36741.75
295.05	36758.34
295.12	36770.38
295.19	36789.24
295.25	36789.99
295.32	36786.06
295.38	36772.05
295.45	36764.24
295.52	36743.90
295.58	36715.28
295.65	36681.97
295.71	36653.42
295.78	36597.08
295.85	36540.75
295.91	36498.72
295.98	36447.80
296.04	36387.18
296.11	36361.29
296.18	36346.72
296.24	36330.86
296.31	36333.52
296.37	36352.99
296.44	36380.92
296.51	36401.06
296.57	36429.87
296.64	36469.74
296.70	36509.62
296.77	36525.21
296.84	36535.01
296.90	36547.38
296.97	36532.18
297.03	36520.90
297.10	36514.26
297.17	36514.42
297.23	36522.04
297.30	36531.42
297.36	36519.95
297.43	36511.59
297.50	36510.01
297.56	36482.20
297.63	36457.58
297.69	36423.53
297.76	36369.36
297.82	36309.52
297.89	36257.66
297.96	36206.52
298.02	36169.61
298.09	36147.83
298.15	36129.37
298.22	36117.32
298.29	36104.40
298.35	36104.41
298.42	36116.54
298.48	36127.09
298.55	36135.98
298.61	36155.80
298.68	36187.27
298.75	36202.58
298.81	36225.42
298.88	36253.58
298.94	36267.37
299.01	36266.81
299.08	36276.40
299.14	36287.40
299.21	36277.24
299.27	36272.25
299.34	36265.40
299.40	36261.98
299.47	36246.98
299.54	36237.79
299.60	36226.57
299.67	36198.70
299.73	36157.90
299.80	36093.82
299.86	36017.00
299.93	35944.35
299.99	35885.02
300.06	35827.56
300.13	35795.06
300.19	35779.94
300.26	35766.01
300.32	35771.00
300.39	35776.49
300.45	35790.61
300.52	35825.03
300.59	35860.36
300.65	35885.14
300.72	35910.82
300.78	35931.44
300.85	35944.26
300.91	35944.02
300.98	35934.90
301.04	35929.34
301.11	35932.80
301.18	35921.57
301.24	35913.48
301.31	35906.74
301.37	35898.72
301.44	35873.49
301.50	35855.68
301.57	35835.22
301.63	35829.56
301.70	35797.32
301.77	35751.76
301.83	35696.57
301.90	35637.22
301.96	35549.84
302.03	35478.90
302.09	35422.39
302.16	35374.60
302.22	35344.54
302.29	35317.28
302.36	35304.28
302.42	35289.72
302.49	35287.53
302.55	35283.37
302.62	35293.00
302.68	35299.94
302.75	35318.12
302.81	35319.38
302.88	35326.10
302.94	35315.95
303.01	35306.92
303.07	35286.78
303.14	35274.42
303.21	35245.21
303.27	35238.05
303.34	35224.43
303.40	35209.50
303.47	35186.46
303.53	35166.88
303.60	35136.00
303.66	35097.32
303.73	35064.70
303.79	35030.74
303.86	34984.94
303.92	34938.88
303.99	34889.16
304.05	34808.92
304.12	34730.96
304.19	34667.14
304.25	34595.41
304.32	34541.45
304.38	34517.64
304.45	34481.76
304.51	34458.10
304.58	34450.04
304.64	34430.46
304.71	34422.15
304.77	34409.28
304.84	34391.43
304.90	34367.27
304.97	34347.81
305.03	34314.16
305.10	34292.08
305.16	34269.32
305.23	34250.36
305.29	34232.41
305.36	34193.06
305.42	34168.76
305.49	34140.96
305.56	34096.26
305.62	34051.24
305.69	34015.88
305.75	33969.50
305.82	33887.62
305.88	33786.43
305.95	33656.40
306.01	33523.68
306.08	33391.02
306.14	33285.72
306.21	33207.34
306.27	33147.14
306.34	33104.88
306.40	33064.09
306.47	33047.34
306.53	33055.04
306.60	33076.50
306.66	33097.12
306.73	33113.32
306.79	33098.64
306.86	33066.26
306.92	33030.17
306.99	32991.85
307.05	32959.08
307.12	32940.80
307.18	32915.87
307.25	32879.45
307.31	32843.08
307.38	32800.88
307.44	32762.24
307.51	32708.60
307.57	32656.55
307.64	32610.24
307.70	32568.70
307.77	32506.50
307.83	32460.62
307.90	32421.22
307.96	32370.30
308.03	32310.90
308.09	32260.12
308.16	32204.00
308.22	32145.73
308.29	32089.24
308.35	32024.80
308.42	31967.16
308.48	31900.53
308.55	31830.94
308.61	31768.52
308.68	31710.39
308.74	31641.46
308.81	31603.43
308.87	31562.14
308.94	31527.83
309.00	31505.59
309.07	31470.94
309.13	31421.92
309.20	31393.62
309.26	31333.62
309.33	31270.88
309.39	31227.15
309.45	31180.34
309.52	31110.93
309.58	31067.35
309.65	31010.55
309.71	30950.51
309.78	30900.66
309.84	30851.12
309.91	30791.77
309.97	30727.46
310.04	30678.91
310.10	30619.76
310.17	30568.74
310.23	30506.77
310.30	30466.06
310.36	30407.48
310.43	30356.74
310.49	30291.38
310.56	30234.97
310.62	30166.44
310.69	30103.95
310.75	30029.66
310.81	29977.28
310.88	29931.97
310.94	29885.92
311.01	29832.86
311.07	29788.70
311.14	29740.27
311.20	29685.65
311.27	29633.96
311.33	29608.51
311.40	29562.12
311.46	29516.43
311.53	29479.38
311.59	29446.07
311.66	29399.13
311.72	29350.25
311.78	29308.64
311.85	29255.70
311.91	29203.62
311.98	29149.34
312.04	29117.30
312.11	29078.45
312.17	29037.52
312.24	29001.86
312.30	28955.64
312.37	28887.76
312.43	28824.48
312.50	28763.12
312.56	28698.84
312.62	28630.19
312.69	28571.35
312.75	28500.20
312.82	28432.32
312.88	28360.65
312.95	28306.94
313.01	28250.94
313.08	28202.07
313.14	28159.58
313.20	28115.93
313.27	28064.11
313.33	28013.19
313.40	27969.35
313.46	27914.79
313.53	27867.14
313.59	27816.50
313.66	27782.17
313.72	27732.93
313.78	27687.55
313.85	27639.52
313.91	27594.16
313.98	27542.85
314.04	27502.11
314.11	27456.54
314.17	27409.90
314.24	27366.17
314.30	27318.49
314.36	27260.27
314.43	27216.82
314.49	27166.68
314.56	27112.02
314.62	27053.11
314.69	27002.33
314.75	26946.61
314.81	26886.68
314.88	26831.38
314.94	26789.46
315.01	26739.64
315.07	26686.79
315.14	26641.21
315.20	26599.96
315.27	26548.59
315.33	26510.16
315.39	26458.86
315.46	26415.68
315.52	26363.84
315.59	26318.48
315.65	26264.39
315.72	26225.07
315.78	26178.56
315.84	26136.45
315.91	26096.93
315.97	26073.41
316.04	26062.28
316.10	26044.32
316.16	26004.34
316.23	25938.27
316.29	25826.10
316.36	25662.40
316.42	25482.75
316.49	25287.04
316.55	25078.27
316.61	24869.24
316.68	24651.75
316.74	24439.53
316.81	24224.01
316.87	24002.73
316.93	23777.94
317.00	23568.43
317.06	23355.30
317.13	23137.16
317.19	22920.74
317.26	22708.28
317.32	22497.34
317.38	22271.80
317.45	22056.00
317.51	21848.30
317.58	21635.52
317.64	21421.68
317.70	21207.98
317.77	21002.84
317.83	20801.90
317.90	20599.04
317.96	20381.90
318.02	20181.02
318.09	19982.98
318.15	19764.05
318.22	19552.85
318.28	19354.04
318.34	19134.37
318.41	18910.03
318.47	18690.94
318.54	18478.54
318.60	18261.26
318.66	18061.60
318.73	17849.02
318.79	17659.61
318.86	17462.93
318.92	17276.00
318.98	17088.28
319.05	16904.03
319.11	16707.89
319.18	16510.21
319.24	16308.20
319.30	16095.00
319.37	15903.10
319.43	15713.71
319.50	15523.58
319.56	15336.42
319.62	15159.56
319.69	14971.76
319.75	14786.89
319.82	14604.28
319.88	14418.99
319.94	14231.22
320.01	14050.42
320.07	13853.97
320.13	13668.84
320.20	13480.81
320.26	13297.54
320.33	13108.85
320.39	12933.89
320.45	12746.18
320.52	12572.04
320.58	12396.89
320.65	12215.87
320.71	12032.04
320.77	11864.18
320.84	11677.52
320.90	11500.24
320.96	11319.20
321.03	11137.40
321.09	10944.64
321.16	10765.60
321.22	10573.24
321.28	10397.87
321.35	10230.87
321.41	10061.63
321.47	9893.86
321.54	9732.13
321.60	9556.60
321.67	9380.76
321.73	9209.75
321.79	9035.50
321.86	8867.26
321.92	8694.42
321.98	8506.50
322.05	8316.87
322.11	8124.17
322.18	7923.06
322.24	7737.14
322.30	7560.68
322.37	7391.50
322.43	7216.56
322.49	7051.16
322.56	6871.94
322.62	6701.29
322.68	6522.35
322.75	6359.28
322.81	6181.68
322.88	6012.12
322.94	5839.46
323.00	5663.54
323.07	5488.03
323.13	5320.74
323.19	5156.32
323.26	4992.49
323.32	4842.06
323.38	4679.35
323.45	4455.04
323.51	3814.89
323.57	2931.82
323.64	2003.74
323.70	1117.02
323.76	323.52
323.83	-20.68
323.89	-89.98
323.96	-90.31
