180.25	3518.23
180.33	-133.72
180.40	658.19
180.48	-29.59
180.56	15.56
180.63	53.40
180.71	96.72
180.78	96.39
180.86	98.39
180.93	103.57
181.01	105.90
181.08	105.19
181.16	104.75
181.23	106.04
181.31	105.87
181.39	129.94
181.46	139.48
181.54	149.34
181.61	166.25
181.69	175.63
181.76	167.98
181.84	161.17
181.91	163.78
181.99	165.47
182.06	166.03
182.14	171.57
182.22	177.70
182.29	187.97
182.37	191.07
182.44	204.11
182.52	201.35
182.59	219.87
182.67	227.61
182.74	234.11
182.82	238.24
182.89	249.91
182.97	250.03
183.04	260.23
183.12	270.45
183.20	292.65
183.27	306.64
183.35	338.20
183.42	364.17
183.50	409.04
183.57	435.13
183.65	484.77
183.72	530.15
183.80	588.29
183.87	634.40
183.95	682.37
184.02	732.72
184.10	766.43
184.17	785.79
184.25	788.61
184.32	783.45
184.40	755.25
184.47	708.15
184.55	668.03
184.62	668.45
184.70	701.92
184.78	760.43
184.85	880.05
184.93	1020.81
185.00	1155.09
185.08	1290.77
185.15	1422.68
185.23	1554.19
185.30	1677.91
185.38	1792.28
185.45	1903.85
185.53	2030.29
185.60	2141.87
185.68	2269.84
185.75	2371.97
185.83	2454.72
185.90	2499.87
185.98	2481.35
186.05	2391.21
186.13	2271.93
186.20	2102.45
186.28	1956.59
186.35	1900.83
186.43	1942.05
186.50	2079.60
186.58	2301.76
186.65	2543.03
186.73	2782.16
186.80	2992.44
186.88	3175.56
186.95	3368.39
187.03	3546.02
187.10	3699.77
187.18	3876.08
187.25	4039.11
187.33	4196.15
187.40	4385.47
187.48	4569.61
187.55	4754.25
187.63	4933.35
187.70	5041.63
187.78	5077.94
187.85	5070.49
187.93	4933.63
188.00	4694.07
188.08	4428.88
188.15	4203.66
188.23	4079.51
188.30	4111.88
188.38	4313.85
188.45	4637.07
188.53	4996.94
188.60	5333.75
188.68	5637.98
188.75	5913.35
188.83	6200.25
188.90	6453.49
188.98	6701.45
189.05	6958.49
189.13	7183.62
189.20	7380.33
189.28	7582.71
189.35	7752.52
189.43	7904.52
189.50	8048.40
189.58	8109.41
189.65	8098.59
189.73	8029.21
189.80	7850.05
189.87	7579.07
189.95	7250.07
190.02	6837.34
190.10	6389.24
190.17	6044.70
190.25	5869.59
190.32	5873.64
190.40	6054.82
190.47	6369.53
190.55	6712.98
190.62	7025.88
190.70	7297.97
190.77	7574.68
190.85	7870.37
190.92	8161.77
191.00	8451.23
191.07	8736.74
191.15	8975.48
191.22	9189.85
191.29	9379.57
191.37	9545.60
191.44	9716.63
191.52	9901.69
191.59	10043.91
191.67	10155.17
191.74	10222.13
191.82	10221.77
191.89	10194.57
191.97	10162.55
192.04	10098.27
192.12	9986.26
192.19	9811.97
192.27	9566.40
192.34	9337.01
192.41	9210.36
192.49	9216.05
192.56	9370.89
192.64	9642.21
192.71	9938.77
192.79	10176.12
192.86	10360.96
192.94	10459.55
193.01	10525.39
193.09	10583.22
193.16	10680.45
193.23	10802.95
193.31	10953.35
193.38	11142.67
193.46	11302.01
193.53	11436.45
193.61	11546.95
193.68	11653.74
193.76	11716.64
193.83	11793.94
193.91	11857.87
193.98	11920.99
194.05	11980.97
194.13	12017.94
194.20	12033.35
194.28	12018.47
194.35	11972.49
194.43	11896.09
194.50	11787.32
194.58	11647.69
194.65	11545.06
194.72	11540.24
194.80	11641.31
194.87	11857.10
194.95	12164.36
195.02	12490.18
195.10	12752.85
195.17	12979.89
195.25	13161.05
195.32	13313.87
195.39	13438.35
195.47	13551.34
195.54	13643.62
195.62	13682.85
195.69	13642.35
195.77	13518.92
195.84	13337.78
195.91	13119.83
195.99	12983.58
196.06	12954.85
196.14	13057.83
196.21	13250.21
196.29	13503.61
196.36	13745.12
196.43	13952.31
196.51	14107.69
196.58	14219.53
196.66	14283.93
196.73	14316.01
196.81	14305.85
196.88	14266.47
196.95	14212.07
197.03	14118.13
197.10	13967.02
197.18	13801.18
197.25	13641.33
197.33	13507.65
197.40	13425.43
197.47	13404.84
197.55	13475.11
197.62	13604.67
197.70	13789.85
197.77	14044.73
197.84	14343.08
197.92	14632.45
197.99	14929.33
198.07	15197.83
198.14	15416.14
198.22	15613.93
198.29	15766.41
198.36	15881.06
198.44	15988.68
198.51	16040.41
198.59	16009.75
198.66	15925.24
198.73	15767.84
198.81	15546.96
198.88	15296.37
198.96	15085.27
199.03	14980.76
199.10	15025.85
199.18	15174.24
199.25	15442.80
199.33	15779.37
199.40	16104.57
199.48	16347.29
199.55	16555.64
199.62	16712.59
199.70	16864.59
199.77	16993.84
199.85	17137.60
199.92	17244.96
199.99	17316.07
200.07	17274.45
200.14	17141.51
200.22	16866.27
200.29	16467.98
200.36	16067.39
200.44	15762.25
200.51	15578.94
200.59	15561.71
200.66	15692.18
200.73	15894.90
200.81	16112.95
200.88	16332.13
200.95	16580.05
201.03	16844.03
201.10	17126.95
201.18	17405.87
201.25	17661.33
201.32	17862.36
201.40	18043.08
201.47	18182.21
201.55	18265.30
201.62	18270.11
201.69	18174.10
201.77	18015.17
201.84	17833.93
201.92	17620.77
201.99	17413.57
202.06	17304.00
202.14	17315.94
202.21	17428.63
202.28	17670.06
202.36	18014.07
202.43	18399.06
202.51	18743.60
202.58	19022.77
202.65	19244.05
202.73	19455.97
202.80	19647.19
202.87	19836.64
202.95	20020.69
203.02	20175.49
203.10	20237.78
203.17	20235.17
203.24	20118.11
203.32	19824.44
203.39	19368.57
203.46	18915.83
203.54	18545.65
203.61	18357.22
203.69	18400.05
203.76	18668.02
203.83	19021.81
203.91	19358.61
203.98	19643.94
204.05	19867.95
204.13	20044.75
204.20	20173.11
204.28	20265.45
204.35	20287.61
204.42	20289.76
204.50	20295.74
204.57	20327.84
204.64	20380.73
204.72	20450.33
204.79	20430.84
204.86	20307.79
204.94	20115.98
205.01	19896.28
205.09	19681.45
205.16	19568.35
205.23	19593.32
205.31	19774.47
205.38	20066.54
205.45	20453.40
205.53	20902.81
205.60	21370.35
205.67	21791.80
205.75	22140.49
205.82	22428.23
205.89	22660.24
205.97	22866.94
206.04	23047.29
206.12	23223.59
206.19	23387.89
206.26	23511.35
206.34	23553.83
206.41	23490.25
206.48	23263.80
206.56	22856.77
206.63	22334.22
206.70	21818.27
206.78	21441.37
206.85	21324.46
206.92	21483.59
207.00	21874.62
207.07	22372.29
207.14	22858.25
207.22	23283.33
207.29	23652.18
207.36	23969.11
207.44	24243.91
207.51	24493.91
207.58	24717.23
207.66	24902.27
207.73	25060.52
207.80	25182.17
207.88	25226.03
207.95	25177.98
208.02	25038.41
208.10	24738.59
208.17	24279.89
208.25	23782.89
208.32	23364.01
208.39	23053.22
208.47	22946.41
208.54	23047.70
208.61	23300.73
208.69	23607.90
208.76	23946.57
208.83	24317.43
208.90	24714.35
208.98	25112.16
209.05	25480.82
209.12	25830.70
209.20	26136.95
209.27	26404.78
209.34	26633.92
209.42	26845.11
209.49	27019.17
209.56	27143.69
209.64	27213.61
209.71	27180.34
209.78	26999.88
209.86	26689.54
209.93	26321.37
210.00	25908.25
210.08	25552.84
210.15	25353.85
210.22	25367.61
210.30	25537.93
210.37	25850.37
210.44	26248.33
210.52	26671.07
210.59	27044.13
210.66	27354.43
210.74	27637.12
210.81	27884.50
210.88	28120.11
210.96	28334.99
211.03	28554.59
211.10	28761.77
211.17	28948.61
211.25	29065.97
211.32	29128.73
211.39	29099.90
211.47	28942.24
211.54	28618.21
211.61	28174.00
211.69	27738.30
211.76	27427.55
211.83	27295.31
211.91	27393.80
211.98	27675.37
212.05	28024.65
212.12	28336.47
212.20	28618.40
212.27	28854.63
212.34	29058.48
212.42	29236.51
212.49	29415.63
212.56	29578.65
212.64	29761.58
212.71	29966.86
212.78	30183.91
212.85	30378.44
212.93	30538.89
213.00	30645.75
213.07	30689.39
213.15	30613.43
213.22	30446.57
213.29	30231.81
213.37	30000.91
213.44	29798.71
213.51	29703.83
213.58	29733.45
213.66	29866.74
213.73	30077.49
213.80	30337.17
213.88	30602.46
213.95	30812.99
214.02	30963.71
214.09	31081.11
214.17	31175.74
214.24	31274.40
214.31	31386.71
214.39	31490.29
214.46	31558.53
214.53	31576.61
214.60	31563.91
214.68	31557.55
214.75	31618.97
214.82	31724.29
214.90	31822.63
214.97	31832.17
215.04	31699.47
215.11	31460.18
215.19	31224.37
215.26	31125.67
215.33	31221.96
215.41	31541.38
215.48	31974.49
215.55	32401.32
215.62	32737.93
215.70	32998.27
215.77	33199.15
215.84	33377.75
215.91	33534.97
215.99	33699.23
216.06	33852.99
216.13	33989.71
216.21	34086.75
216.28	34195.57
216.35	34293.57
216.42	34378.61
216.50	34430.77
216.57	34461.78
216.64	34408.07
216.71	34268.91
216.79	34071.25
216.86	33901.43
216.93	33786.07
217.01	33773.27
217.08	33876.06
217.15	34076.69
217.22	34293.32
217.30	34516.50
217.37	34730.15
217.44	34931.90
217.51	35123.41
217.59	35308.05
217.66	35469.15
217.73	35625.77
217.80	35751.75
217.88	35863.11
217.95	35960.69
218.02	36054.80
218.09	36138.03
218.17	36242.73
218.24	36338.29
218.31	36426.25
218.38	36478.65
218.46	36484.40
218.53	36394.25
218.60	36217.99
218.67	36027.10
218.75	35881.75
218.82	35811.76
218.89	35878.73
218.96	36068.82
219.04	36300.51
219.11	36545.37
219.18	36760.81
219.25	36937.37
219.33	37087.59
219.40	37241.11
219.47	37379.30
219.54	37518.92
219.62	37635.54
219.69	37761.29
219.76	37892.79
219.83	38002.98
219.91	38111.63
219.98	38235.33
220.05	38322.45
220.12	38370.53
220.20	38405.13
220.27	38386.00
220.34	38293.33
220.41	38157.61
220.49	38028.97
220.56	37933.99
220.63	37910.03
220.70	37992.39
220.78	38170.19
220.85	38353.37
220.92	38522.43
220.99	38669.15
221.06	38792.38
221.14	38890.83
221.21	38998.01
221.28	39123.63
221.35	39248.73
221.43	39370.08
221.50	39486.66
221.57	39607.55
221.64	39724.23
221.72	39843.15
221.79	39945.53
221.86	40031.73
221.93	40100.06
222.00	40144.35
222.08	40176.88
222.15	40172.83
222.22	40157.47
222.29	40132.12
222.37	40124.19
222.44	40127.29
222.51	40177.62
222.58	40254.07
222.65	40341.99
222.73	40434.41
222.80	40528.66
222.87	40621.47
222.94	40720.31
223.02	40830.49
223.09	40930.97
223.16	41032.20
223.23	41145.83
223.30	41259.09
223.38	41383.11
223.45	41498.18
223.52	41608.68
223.59	41722.60
223.66	41807.96
223.74	41860.18
223.81	41903.48
223.88	41948.55
223.95	41963.22
224.03	41975.57
224.10	41985.73
224.17	42007.82
224.24	42027.95
224.31	42065.49
224.39	42126.95
224.46	42201.89
224.53	42284.87
224.60	42373.57
224.67	42467.77
224.75	42558.57
224.82	42666.92
224.89	42779.15
224.96	42897.79
225.03	42995.76
225.11	43095.25
225.18	43185.65
225.25	43261.98
225.32	43317.53
225.39	43377.71
225.47	43418.86
225.54	43437.24
225.61	43418.40
225.68	43385.23
225.75	43325.39
225.83	43265.91
225.90	43217.88
225.97	43190.05
226.04	43190.09
226.11	43264.44
226.19	43403.97
226.26	43590.17
226.33	43815.93
226.40	44020.19
226.47	44185.69
226.54	44296.97
226.62	44358.32
226.69	44417.45
226.76	44522.15
226.83	44652.72
226.90	44798.81
226.98	44950.78
227.05	45083.07
227.12	45195.21
227.19	45272.36
227.26	45344.48
227.34	45415.98
227.41	45493.93
227.48	45558.49
227.55	45609.39
227.62	45650.83
227.69	45718.68
227.77	45785.17
227.84	45861.26
227.91	45960.48
227.98	46052.84
228.05	46117.04
228.12	46186.75
228.20	46264.85
228.27	46345.42
228.34	46437.45
228.41	46550.90
228.48	46649.80
228.56	46752.98
228.63	46846.50
228.70	46945.41
228.77	47025.48
228.84	47127.63
228.91	47214.01
228.99	47323.72
229.06	47427.52
229.13	47528.51
229.20	47614.11
229.27	47689.59
229.34	47749.23
229.42	47808.29
229.49	47872.91
229.56	47938.71
229.63	48014.71
229.70	48071.27
229.77	48127.39
229.85	48188.70
229.92	48238.30
229.99	48284.01
230.06	48354.23
230.13	48441.91
230.20	48524.50
230.27	48641.61
230.35	48771.88
230.42	48897.17
230.49	49000.71
230.56	49102.78
230.63	49188.35
230.70	49247.34
230.78	49296.13
230.85	49352.61
230.92	49408.21
230.99	49482.55
231.06	49578.88
231.13	49694.25
231.20	49812.18
231.28	49930.83
231.35	50035.15
231.42	50127.35
231.49	50212.98
231.56	50301.96
231.63	50397.17
231.71	50479.85
231.78	50560.77
231.85	50623.82
231.92	50675.24
231.99	50730.47
232.06	50795.77
232.13	50886.99
232.21	50986.71
232.28	51086.73
232.35	51174.60
232.42	51265.35
232.49	51349.01
232.56	51448.25
232.63	51548.68
232.71	51662.09
232.78	51755.74
232.85	51842.71
232.92	51918.40
232.99	51993.21
233.06	52059.87
233.13	52126.91
233.20	52177.66
233.28	52228.30
233.35	52275.60
233.42	52323.39
233.49	52393.65
233.56	52481.57
233.63	52561.07
233.70	52654.45
233.78	52755.13
233.85	52865.05
233.92	52966.57
233.99	53068.11
234.06	53154.95
234.13	53252.03
234.20	53324.14
234.27	53393.70
234.35	53454.53
234.42	53518.13
234.49	53569.30
234.56	53614.96
234.63	53665.83
234.70	53724.15
234.77	53774.86
234.84	53827.41
234.92	53889.55
234.99	53964.63
235.06	54041.18
235.13	54129.43
235.20	54225.65
235.27	54306.81
235.34	54387.09
235.41	54466.60
235.48	54547.80
235.56	54621.15
235.63	54697.86
235.70	54750.01
235.77	54797.33
235.84	54832.67
235.91	54856.13
235.98	54884.65
236.05	54926.96
236.12	54972.19
236.20	55012.33
236.27	55059.69
236.34	55120.67
236.41	55160.00
236.48	55199.33
236.55	55249.53
236.62	55299.00
236.69	55343.23
236.76	55421.33
236.84	55495.03
236.91	55564.09
236.98	55632.18
237.05	55690.48
237.12	55731.05
237.19	55774.69
237.26	55829.22
237.33	55873.53
237.40	55921.65
237.47	55957.83
237.55	56009.07
237.62	56064.01
237.69	56128.03
237.76	56197.31
237.83	56269.59
237.90	56329.33
237.97	56381.61
238.04	56442.90
238.11	56487.12
238.18	56551.27
238.26	56611.38
238.33	56641.93
238.40	56663.00
238.47	56698.53
238.54	56724.36
238.61	56729.10
238.68	56751.75
238.75	56770.78
238.82	56804.29
238.89	56837.63
238.96	56897.69
239.04	56959.50
239.11	57024.31
239.18	57068.97
239.25	57085.87
239.32	57092.87
239.39	57092.07
239.46	57083.83
239.53	57073.15
239.60	57077.24
239.67	57093.26
239.74	57121.91
239.81	57157.82
239.89	57198.43
239.96	57238.98
240.03	57284.85
240.10	57314.01
240.17	57334.08
240.24	57349.55
240.31	57380.41
240.38	57410.57
240.45	57471.25
240.52	57540.67
240.59	57617.61
240.66	57675.39
240.73	57718.53
240.80	57749.51
240.88	57767.08
240.95	57779.34
241.02	57796.82
241.09	57817.59
241.16	57845.15
241.23	57865.43
241.30	57863.20
241.37	57849.15
241.44	57835.61
241.51	57819.16
241.58	57838.19
241.65	57872.57
241.72	57920.07
241.79	57960.92
241.86	57974.59
241.94	57964.68
242.01	57948.27
242.08	57925.55
242.15	57920.18
242.22	57925.59
242.29	57929.46
242.36	57951.34
242.43	57952.91
242.50	57940.14
242.57	57932.81
242.64	57932.49
242.71	57915.21
242.78	57926.30
242.85	57928.61
242.92	57936.39
242.99	57938.88
243.06	57954.01
243.14	57963.41
243.21	57994.89
243.28	58005.27
243.35	58034.29
243.42	58073.91
243.49	58106.45
243.56	58120.15
243.63	58154.34
243.70	58164.10
243.77	58154.52
243.84	58140.07
243.91	58116.63
243.98	58087.78
244.05	58054.66
244.12	58019.03
244.19	58006.66
244.26	57988.90
244.33	57971.93
244.40	57963.76
244.47	57963.35
244.54	57954.39
244.62	57939.35
244.69	57924.13
244.76	57910.23
244.83	57904.04
244.90	57899.19
244.97	57919.17
245.04	57935.75
245.11	57948.23
245.18	57940.09
245.25	57933.34
245.32	57947.69
245.39	57967.87
245.46	57973.63
245.53	57985.57
245.60	57981.43
245.67	57966.35
245.74	57943.01
245.81	57927.67
245.88	57908.53
245.95	57900.40
246.02	57878.77
246.09	57839.81
246.16	57798.33
246.23	57773.25
246.30	57744.09
246.37	57737.13
246.44	57767.32
246.51	57793.98
246.58	57813.81
246.65	57843.75
246.72	57858.07
246.79	57848.64
246.87	57846.31
246.94	57837.44
247.01	57811.35
247.08	57770.85
247.15	57716.59
247.22	57652.74
247.29	57577.86
247.36	57527.77
247.43	57492.96
247.50	57477.87
247.57	57487.10
247.64	57522.79
247.71	57546.45
247.78	57566.69
247.85	57592.05
247.92	57615.76
247.99	57613.55
248.06	57602.19
248.13	57586.75
248.20	57564.60
248.27	57529.05
248.34	57509.16
248.41	57495.29
248.48	57489.90
248.55	57487.37
248.62	57499.21
248.69	57510.53
248.76	57506.85
248.83	57488.15
248.90	57449.93
248.97	57399.06
249.04	57337.52
249.11	57300.97
249.18	57261.09
249.25	57233.27
249.32	57198.87
249.39	57158.53
249.46	57104.85
249.53	57064.55
249.60	57022.77
249.67	56997.41
249.74	56988.93
249.81	56996.07
249.88	56995.86
249.95	57022.84
250.02	57059.01
250.09	57073.95
250.16	57070.97
250.23	57064.44
250.30	57056.67
250.37	57037.50
250.44	57037.59
250.51	57044.21
250.58	57063.44
250.65	57060.81
250.72	57032.85
250.79	56994.70
250.86	56956.75
250.93	56903.81
251.00	56849.58
251.07	56825.27
251.14	56815.63
251.21	56796.19
251.28	56784.61
251.35	56770.74
251.42	56749.75
251.49	56721.10
251.56	56697.00
251.63	56670.39
251.70	56658.21
251.77	56636.24
251.84	56600.58
251.91	56549.61
251.98	56499.59
252.05	56452.80
252.12	56395.17
252.18	56358.31
252.25	56341.23
252.32	56350.06
252.39	56343.72
252.46	56337.30
252.53	56323.45
252.60	56309.76
252.67	56276.37
252.74	56250.64
252.81	56233.44
252.88	56219.01
252.95	56188.53
253.02	56156.75
253.09	56121.59
253.16	56098.72
253.23	56073.45
253.30	56076.81
253.37	56059.01
253.44	56041.31
253.51	56015.76
253.58	55991.99
253.65	55960.99
253.72	55958.17
253.79	55953.65
253.86	55948.44
253.93	55935.10
254.00	55911.21
254.07	55883.95
254.14	55846.56
254.21	55800.23
254.28	55773.62
254.35	55747.35
254.41	55722.11
254.48	55697.32
254.55	55684.28
254.62	55659.81
254.69	55621.19
254.76	55579.31
254.83	55537.45
254.90	55507.19
254.97	55481.41
255.04	55475.29
255.11	55450.70
255.18	55424.01
255.25	55379.25
255.32	55337.71
255.39	55298.09
255.46	55270.06
255.53	55256.49
255.60	55256.54
255.67	55243.21
255.74	55231.47
255.81	55216.01
255.87	55208.09
255.94	55178.21
256.01	55156.34
256.08	55124.56
256.15	55095.60
256.22	55056.59
256.29	55034.35
256.36	55003.62
256.43	54983.13
256.50	54973.84
256.57	54965.17
256.64	54941.85
256.71	54930.82
256.78	54908.61
256.85	54880.34
256.92	54854.65
256.99	54843.63
257.05	54811.85
257.12	54792.61
257.19	54757.05
257.26	54711.55
257.33	54656.59
257.40	54617.48
257.47	54556.95
257.54	54531.37
257.61	54501.16
257.68	54483.10
257.75	54470.07
257.82	54478.38
257.89	54459.36
257.96	54442.88
258.03	54409.03
258.09	54362.65
258.16	54300.26
258.23	54227.44
258.30	54174.15
258.37	54133.62
258.44	54085.67
258.51	54057.91
258.58	54051.86
258.65	54035.76
258.72	54023.56
258.79	53998.03
258.86	53967.37
258.93	53943.89
258.99	53910.88
259.06	53865.29
259.13	53828.36
259.20	53786.31
259.27	53742.93
259.34	53702.57
259.41	53683.83
259.48	53683.67
259.55	53676.95
259.62	53657.00
259.69	53624.10
259.76	53571.13
259.82	53509.56
259.89	53470.19
259.96	53445.19
260.03	53419.91
260.10	53390.03
260.17	53355.18
260.24	53295.77
260.31	53233.84
260.38	53192.53
260.45	53169.26
260.52	53151.94
260.59	53130.99
260.65	53097.89
260.72	53066.03
260.79	53039.92
260.86	53006.02
260.93	52984.84
261.00	52958.06
261.07	52920.34
261.14	52853.01
261.21	52788.85
261.28	52729.97
261.34	52668.39
261.41	52600.63
261.48	52552.66
261.55	52516.95
261.62	52474.37
261.69	52438.71
261.76	52417.04
261.83	52392.57
261.90	52363.27
261.97	52328.51
262.03	52296.67
262.10	52256.21
262.17	52212.06
262.24	52177.15
262.31	52151.79
262.38	52123.02
262.45	52103.33
262.52	52082.83
262.59	52045.57
262.65	51995.92
262.72	51946.55
262.79	51890.62
262.86	51844.67
262.93	51803.87
263.00	51768.58
263.07	51727.61
263.14	51686.98
263.21	51656.11
263.27	51629.35
263.34	51609.30
263.41	51575.89
263.48	51542.01
263.55	51484.23
263.62	51410.47
263.69	51328.81
263.76	51269.10
263.82	51213.67
263.89	51173.06
263.96	51154.38
264.03	51130.69
264.10	51115.81
264.17	51076.00
264.24	51020.97
264.31	50960.47
264.38	50914.87
264.44	50857.88
264.51	50823.17
264.58	50794.01
264.65	50764.35
264.72	50707.51
264.79	50655.94
264.86	50613.87
264.92	50559.64
264.99	50512.88
265.06	50483.15
265.13	50448.91
265.20	50423.63
265.27	50405.96
265.34	50374.13
265.41	50351.73
265.47	50318.50
265.54	50273.27
265.61	50234.99
265.68	50209.46
265.75	50161.32
265.82	50120.05
265.89	50066.98
265.95	50015.98
266.02	49945.25
266.09	49895.31
266.16	49855.01
266.23	49820.47
266.30	49780.94
266.37	49735.69
266.44	49670.93
266.50	49602.09
266.57	49536.47
266.64	49465.17
266.71	49398.33
266.78	49347.28
266.85	49285.71
266.91	49230.60
266.98	49181.32
267.05	49138.89
267.12	49101.33
267.19	49077.41
267.26	49053.71
267.33	49035.95
267.39	49016.78
267.46	48994.42
267.53	48955.51
267.60	48906.35
267.67	48848.44
267.74	48810.23
267.81	48760.85
267.87	48709.86
267.94	48689.51
268.01	48667.89
268.08	48610.91
268.15	48563.91
268.22	48536.39
268.28	48469.82
268.35	48401.73
268.42	48353.21
268.49	48308.73
268.56	48262.64
268.63	48227.09
268.69	48191.37
268.76	48148.34
268.83	48097.95
268.90	48056.71
268.97	48025.79
269.04	48004.48
269.11	47985.08
269.17	47974.14
269.24	47948.99
269.31	47912.42
269.38	47870.33
269.45	47827.39
269.52	47774.03
269.58	47734.46
269.65	47689.31
269.72	47645.72
269.79	47608.17
269.86	47583.46
269.92	47536.67
269.99	47509.32
270.06	47466.77
270.13	47427.73
270.20	47374.32
270.27	47340.08
270.33	47297.63
270.40	47266.56
270.47	47238.63
270.54	47217.57
270.61	47193.84
270.68	47173.57
270.74	47153.57
270.81	47129.14
270.88	47106.37
270.95	47074.08
271.02	47023.73
271.08	46979.55
271.15	46921.45
271.22	46860.23
271.29	46813.30
271.36	46757.05
271.43	46710.51
271.49	46688.27
271.56	46664.98
271.63	46641.05
271.70	46637.27
271.77	46639.35
271.83	46613.87
271.90	46582.87
271.97	46543.64
272.04	46485.09
272.11	46425.15
272.17	46401.46
272.24	46377.49
272.31	46355.13
272.38	46343.61
272.45	46317.94
272.52	46272.32
272.58	46246.21
272.65	46232.99
272.72	46212.80
272.79	46182.42
272.86	46160.80
272.92	46126.69
272.99	46075.41
273.06	46040.24
273.13	46005.19
273.20	45965.25
273.26	45922.83
273.33	45884.60
273.40	45850.35
273.47	45829.24
273.54	45803.43
273.60	45780.55
273.67	45754.08
273.74	45731.64
273.81	45713.64
273.88	45703.32
273.94	45695.79
274.01	45691.52
274.08	45687.06
274.15	45666.87
274.21	45635.89
274.28	45592.40
274.35	45529.66
274.42	45455.36
274.49	45390.35
274.55	45351.94
274.62	45323.09
274.69	45298.39
274.76	45269.41
274.83	45245.27
274.89	45206.65
274.96	45168.18
275.03	45144.46
275.10	45116.16
275.17	45087.13
275.23	45048.33
275.30	45012.39
275.37	44976.89
275.44	44956.69
275.50	44918.79
275.57	44886.59
275.64	44854.07
275.71	44804.59
275.78	44758.07
275.84	44731.21
275.91	44696.80
275.98	44655.97
276.05	44634.26
276.11	44603.46
276.18	44571.55
276.25	44531.57
276.32	44493.76
276.39	44441.69
276.45	44388.74
276.52	44328.65
276.59	44281.97
276.66	44241.63
276.72	44217.02
276.79	44201.81
276.86	44188.66
276.93	44175.50
276.99	44150.95
277.06	44119.58
277.13	44083.74
277.20	44053.63
277.26	44017.09
277.33	43995.63
277.40	43980.17
277.47	43947.41
277.54	43913.87
277.60	43874.87
277.67	43831.79
277.74	43773.78
277.81	43721.51
277.87	43670.91
277.94	43627.79
278.01	43593.22
278.08	43558.59
278.14	43534.60
278.21	43505.54
278.28	43494.05
278.35	43470.97
278.41	43468.24
278.48	43455.04
278.55	43429.70
278.62	43400.13
278.68	43359.51
278.75	43310.99
278.82	43270.98
278.89	43227.02
278.95	43183.56
279.02	43148.63
279.09	43122.71
279.16	43099.16
279.22	43096.03
279.29	43077.74
279.36	43051.33
279.43	43010.91
279.49	42957.08
279.56	42883.81
279.63	42799.86
279.70	42731.40
279.76	42665.05
279.83	42622.17
279.90	42598.93
279.97	42586.95
280.03	42570.61
280.10	42556.01
280.17	42526.69
280.24	42493.06
280.30	42458.48
280.37	42415.60
280.44	42378.74
280.51	42350.30
280.57	42321.01
280.64	42283.21
280.71	42243.23
280.77	42186.83
280.84	42100.89
280.91	42019.05
280.98	41930.18
281.04	41850.14
281.11	41775.67
281.18	41724.22
281.25	41648.69
281.31	41585.07
281.38	41514.66
281.45	41445.59
281.52	41379.19
281.58	41313.23
281.65	41270.13
281.72	41221.36
281.78	41188.22
281.85	41156.09
281.92	41144.31
281.99	41122.53
282.05	41112.60
282.12	41082.19
282.19	41056.88
282.26	41033.03
282.32	41003.45
282.39	40990.49
282.46	40966.33
282.52	40935.15
282.59	40895.73
282.66	40872.25
282.73	40832.78
282.79	40803.32
282.86	40762.92
282.93	40716.61
282.99	40656.27
283.06	40589.53
283.13	40520.45
283.20	40441.85
283.26	40359.86
283.33	40278.62
283.40	40202.46
283.46	40144.96
283.53	40106.13
283.60	40084.29
283.67	40069.11
283.73	40067.62
283.80	40052.52
283.87	40044.18
283.93	40040.42
284.00	40026.35
284.07	40001.59
284.13	39974.64
284.20	39950.43
284.27	39914.04
284.34	39876.93
284.40	39852.66
284.47	39839.17
284.54	39821.64
284.60	39808.09
284.67	39791.28
284.74	39760.35
284.81	39719.92
284.87	39683.74
284.94	39638.28
285.01	39580.04
285.07	39513.92
285.14	39467.25
285.21	39410.79
285.27	39368.97
285.34	39351.10
285.41	39350.35
285.47	39336.55
285.54	39329.53
285.61	39311.85
285.68	39302.07
285.74	39283.35
285.81	39263.96
285.88	39244.88
285.94	39237.12
286.01	39221.21
286.08	39207.01
286.14	39196.92
286.21	39182.89
286.28	39167.16
286.34	39136.55
286.41	39096.97
286.48	39050.30
286.55	38992.11
286.61	38936.62
286.68	38887.92
286.75	38835.39
286.81	38790.34
286.88	38752.33
286.95	38706.03
287.01	38685.51
287.08	38677.63
287.15	38666.70
287.21	38654.61
287.28	38659.21
287.35	38640.77
287.41	38616.61
287.48	38596.76
287.55	38590.05
287.61	38569.45
287.68	38549.76
287.75	38525.43
287.81	38498.27
287.88	38464.68
287.95	38443.83
288.01	38419.77
288.08	38404.39
288.15	38378.05
288.21	38353.59
288.28	38311.38
288.35	38275.75
288.41	38248.38
288.48	38229.49
288.55	38203.47
288.61	38162.81
288.68	38132.54
288.75	38085.01
288.81	38035.15
288.88	37994.10
288.95	37982.53
289.01	37972.04
289.08	37972.96
289.15	37979.16
289.21	37988.29
289.28	37992.19
289.35	37991.18
289.41	37982.47
289.48	37983.21
289.55	37977.39
289.61	37959.37
289.68	37945.36
289.75	37936.09
289.81	37906.87
289.88	37869.04
289.95	37840.65
290.01	37791.99
290.08	37755.45
290.15	37722.97
290.21	37704.05
290.28	37686.93
290.35	37671.45
290.41	37644.10
290.48	37628.26
290.55	37594.22
290.61	37547.75
290.68	37512.91
290.74	37492.63
290.81	37472.63
290.88	37470.77
290.94	37480.81
291.01	37497.83
291.08	37510.87
291.14	37516.02
291.21	37523.77
291.28	37519.71
291.34	37513.13
291.41	37500.89
291.48	37490.27
291.54	37480.19
291.61	37468.87
291.68	37446.65
291.74	37409.83
291.81	37378.62
291.87	37351.46
291.94	37316.79
292.01	37289.48
292.07	37269.29
292.14	37232.79
292.21	37182.85
292.27	37152.09
292.34	37115.99
292.41	37095.35
292.47	37072.32
292.54	37066.71
292.60	37053.55
292.67	37058.45
292.74	37055.83
292.80	37071.06
292.87	37073.58
292.94	37086.54
293.00	37086.48
293.07	37089.67
293.13	37095.79
293.20	37111.70
293.27	37119.25
293.33	37115.93
293.40	37118.29
293.47	37108.66
293.53	37071.45
293.60	37045.55
293.66	37017.57
293.73	36973.47
293.80	36916.06
293.86	36877.52
293.93	36825.21
294.00	36788.79
294.06	36755.45
294.13	36748.78
294.19	36734.82
294.26	36729.59
294.33	36724.15
294.39	36709.45
294.46	36692.95
294.52	36683.71
294.59	36682.14
294.66	36674.34
294.72	36677.45
294.79	36684.27
294.86	36692.62
294.92	36700.97
294.99	36730.10
295.05	36762.95
295.12	36781.10
295.19	36804.47
295.25	36816.01
295.32	36810.97
295.38	36800.68
295.45	36801.49
295.52	36777.78
295.58	36739.42
295.65	36701.32
295.71	36667.59
295.78	36608.53
295.85	36559.43
295.91	36523.83
295.98	36473.95
296.04	36417.95
296.11	36378.45
296.18	36352.63
296.24	36345.03
296.31	36343.35
296.37	36355.65
296.44	36388.53
296.51	36418.88
296.57	36441.93
296.64	36476.49
296.70	36511.25
296.77	36528.17
296.84	36536.87
296.90	36541.65
296.97	36530.95
297.03	36518.43
297.10	36512.23
297.17	36513.55
297.23	36522.20
297.30	36534.08
297.36	36532.85
297.43	36525.93
297.50	36513.35
297.56	36488.33
297.63	36462.45
297.69	36426.80
297.76	36371.39
297.82	36314.21
297.89	36258.43
297.96	36210.08
298.02	36175.56
298.09	36154.35
298.15	36132.68
298.22	36131.86
298.29	36125.23
298.35	36115.37
298.42	36126.37
298.48	36142.94
298.55	36143.83
298.61	36161.00
298.68	36186.90
298.75	36206.28
298.81	36226.14
298.88	36250.94
298.94	36264.63
299.01	36275.75
299.08	36279.81
299.14	36283.53
299.21	36276.67
299.27	36274.66
299.34	36270.07
299.40	36260.61
299.47	36255.57
299.54	36241.64
299.60	36227.20
299.67	36200.07
299.73	36168.78
299.80	36109.77
299.86	36029.98
299.93	35947.63
299.99	35886.11
300.06	35824.07
300.13	35783.35
300.19	35774.79
300.26	35767.78
300.32	35767.71
300.39	35781.10
300.45	35800.69
300.52	35828.61
300.59	35872.81
300.65	35906.15
300.72	35933.43
300.78	35946.91
300.85	35963.94
300.91	35950.20
300.98	35939.05
301.04	35933.27
301.11	35938.71
301.18	35930.95
301.24	35933.07
301.31	35925.93
301.37	35911.21
301.44	35887.22
301.50	35864.75
301.57	35839.56
301.63	35822.85
301.70	35792.89
301.77	35751.96
301.83	35695.90
301.90	35642.33
301.96	35563.99
302.03	35485.78
302.09	35421.36
302.16	35378.61
302.22	35337.30
302.29	35317.71
302.36	35316.57
302.42	35310.42
302.49	35318.37
302.55	35317.62
302.62	35320.66
302.68	35332.17
302.75	35348.55
302.81	35336.07
302.88	35332.33
302.94	35316.69
303.01	35299.29
303.07	35275.89
303.14	35273.70
303.21	35262.85
303.27	35252.33
303.34	35235.15
303.40	35219.51
303.47	35191.62
303.53	35163.03
303.60	35144.67
303.66	35109.58
303.73	35082.16
303.79	35042.18
303.86	35000.19
303.92	34945.21
303.99	34886.41
304.05	34808.52
304.12	34728.57
304.19	34666.43
304.25	34599.71
304.32	34548.13
304.38	34509.71
304.45	34483.05
304.51	34454.78
304.58	34444.53
304.64	34436.51
304.71	34435.42
304.77	34423.60
304.84	34403.19
304.90	34378.76
304.97	34356.14
305.03	34330.83
305.10	34310.44
305.16	34296.07
305.23	34280.87
305.29	34256.13
305.36	34217.24
305.42	34183.51
305.49	34150.71
305.56	34099.99
305.62	34053.49
305.69	34017.21
305.75	33976.59
305.82	33899.30
305.88	33797.69
305.95	33679.67
306.01	33546.50
306.08	33412.05
306.14	33298.23
306.21	33216.98
306.27	33155.97
306.34	33115.53
306.40	33080.57
306.47	33063.83
306.53	33075.39
306.60	33089.02
306.66	33102.87
306.73	33113.00
306.79	33104.48
306.86	33075.85
306.92	33033.36
306.99	32992.99
307.05	32958.64
307.12	32943.51
307.18	32910.48
307.25	32883.48
307.31	32845.80
307.38	32799.89
307.44	32744.31
307.51	32704.73
307.57	32655.10
307.64	32610.73
307.70	32570.07
307.77	32522.58
307.83	32466.14
307.90	32426.74
307.96	32383.61
308.03	32325.07
308.09	32271.12
308.16	32224.94
308.22	32160.57
308.29	32085.95
308.35	32025.05
308.42	31967.05
308.48	31897.45
308.55	31828.04
308.61	31771.77
308.68	31722.83
308.74	31659.73
308.81	31617.19
308.87	31584.59
308.94	31563.61
309.00	31521.61
309.07	31493.32
309.13	31456.31
309.20	31425.00
309.26	31365.92
309.33	31306.19
309.39	31253.26
309.45	31193.95
309.52	31120.37
309.58	31063.33
309.65	31009.45
309.71	30934.07
309.78	30889.03
309.84	30839.15
309.91	30788.10
309.97	30730.81
310.04	30695.88
310.10	30629.80
310.17	30578.04
310.23	30516.00
310.30	30470.35
310.36	30417.97
310.43	30370.53
310.49	30307.01
310.56	30247.49
310.62	30181.31
310.69	30109.51
310.75	30033.46
310.81	29975.08
310.88	29922.30
310.94	29878.63
311.01	29824.95
311.07	29779.92
311.14	29725.74
311.20	29675.79
311.27	29625.33
311.33	29600.01
311.40	29556.65
311.46	29527.83
311.53	29488.58
311.59	29450.33
311.66	29402.20
311.72	29351.93
311.78	29303.11
311.85	29258.02
311.91	29213.53
311.98	29164.31
312.04	29135.91
312.11	29087.39
312.17	29048.33
312.24	28995.44
312.30	28946.34
312.37	28877.14
312.43	28820.90
312.50	28758.94
312.56	28701.91
312.62	28638.39
312.69	28588.14
312.75	28525.61
312.82	28454.85
312.88	28389.38
312.95	28330.75
313.01	28265.09
313.08	28204.99
313.14	28163.44
313.20	28122.53
313.27	28067.21
313.33	28017.83
313.40	27977.57
313.46	27921.00
313.53	27858.67
313.59	27808.40
313.66	27768.49
313.72	27723.61
313.78	27681.75
313.85	27641.30
313.91	27601.45
313.98	27558.96
314.04	27513.73
314.11	27467.82
314.17	27427.40
314.24	27374.57
314.30	27323.09
314.36	27270.87
314.43	27223.18
314.49	27170.95
314.56	27122.25
314.62	27065.70
314.69	27013.01
314.75	26959.30
314.81	26904.13
314.88	26857.81
314.94	26816.89
315.01	26772.15
315.07	26715.79
315.14	26670.26
315.20	26621.85
315.27	26567.64
315.33	26527.49
315.39	26487.19
315.46	26440.67
315.52	26387.89
315.59	26343.74
315.65	26283.43
315.72	26240.97
315.78	26190.91
315.84	26149.95
315.91	26110.91
315.97	26086.25
316.04	26067.44
316.10	26043.27
316.16	26006.57
316.23	25934.41
316.29	25827.74
316.36	25674.93
316.42	25499.69
316.49	25298.18
316.55	25090.96
316.61	24881.86
316.68	24662.61
316.74	24452.01
316.81	24239.32
316.87	24021.45
316.93	23795.80
317.00	23581.28
317.06	23359.62
317.13	23135.11
317.19	22915.35
317.26	22699.93
317.32	22482.35
317.38	22262.77
317.45	22051.57
317.51	21844.67
317.58	21637.09
317.64	21425.67
317.70	21219.66
317.77	21020.74
317.83	20811.39
317.90	20602.18
317.96	20389.55
318.02	20184.02
318.09	19985.49
318.15	19781.97
318.22	19565.41
318.28	19360.60
318.34	19144.02
318.41	18916.22
318.47	18689.54
318.54	18490.13
318.60	18282.95
318.66	18082.99
318.73	17877.97
318.79	17681.91
318.86	17475.49
318.92	17275.49
318.98	17083.63
319.05	16886.36
319.11	16695.07
319.18	16504.44
319.24	16312.41
319.30	16109.29
319.37	15924.02
319.43	15731.15
319.50	15542.61
319.56	15348.53
319.62	15164.37
319.69	14974.05
319.75	14798.11
319.82	14610.43
319.88	14427.62
319.94	14241.91
320.01	14059.75
320.07	13862.41
320.13	13678.69
320.20	13491.05
320.26	13301.85
320.33	13113.00
320.39	12936.52
320.45	12747.23
320.52	12571.86
320.58	12389.80
320.65	12206.75
320.71	12024.81
320.77	11848.95
320.84	11668.97
320.90	11497.21
320.96	11321.11
321.03	11134.83
321.09	10952.07
321.16	10769.50
321.22	10580.83
321.28	10403.63
321.35	10235.59
321.41	10062.71
321.47	9889.95
321.54	9725.22
321.60	9547.93
321.67	9372.36
321.73	9202.77
321.79	9028.79
321.86	8858.53
321.92	8691.84
321.98	8509.05
322.05	8326.99
322.11	8137.93
322.18	7940.61
322.24	7748.38
322.30	7569.80
322.37	7391.31
322.43	7219.09
322.49	7052.69
322.56	6875.95
322.62	6705.40
322.68	6528.82
322.75	6362.99
322.81	6185.11
322.88	6014.26
322.94	5838.85
323.00	5664.63
323.07	5489.95
323.13	5322.21
323.19	5157.03
323.26	4995.99
323.32	4839.67
323.38	4676.70
323.45	4453.90
323.51	3813.83
323.57	2928.07
323.64	2003.46
323.70	1114.62
323.76	320.71
323.83	-21.85
323.89	-90.39
323.96	-89.19
