180.25	3519.27
180.33	-134.03
180.40	658.02
180.48	-29.60
180.56	16.36
180.63	53.86
180.71	97.77
180.78	97.47
180.86	99.78
180.93	104.60
181.01	106.97
181.08	105.56
181.16	105.06
181.23	105.44
181.31	105.01
181.39	129.39
181.46	138.18
181.54	149.26
181.61	167.39
181.69	176.12
181.76	168.74
181.84	162.92
181.91	164.05
181.99	164.54
182.06	165.90
182.14	170.73
182.22	177.08
182.29	187.44
182.37	191.40
182.44	204.31
182.52	201.32
182.59	219.56
182.67	227.72
182.74	233.09
182.82	237.24
182.89	249.50
182.97	248.88
183.04	259.74
183.12	270.32
183.20	292.14
183.27	305.84
183.35	339.81
183.42	365.64
183.50	409.76
183.57	436.67
183.65	485.33
183.72	530.41
183.80	588.35
183.87	634.79
183.95	680.94
184.02	732.49
184.10	766.47
184.17	787.00
184.25	789.58
184.32	785.22
184.40	756.16
184.47	707.46
184.55	664.61
184.62	665.92
184.70	700.12
184.78	760.91
184.85	880.64
184.93	1022.96
185.00	1156.19
185.08	1292.62
185.15	1425.12
185.23	1557.42
185.30	1678.28
185.38	1793.70
185.45	1905.04
185.53	2030.84
185.60	2144.72
185.68	2275.00
185.75	2378.50
185.83	2458.67
185.90	2504.18
185.98	2479.87
186.05	2391.47
186.13	2268.44
186.20	2103.00
186.28	1957.10
186.35	1904.17
186.43	1944.40
186.50	2084.96
186.58	2307.08
186.65	2547.95
186.73	2787.84
186.80	2996.28
186.88	3181.65
186.95	3369.92
187.03	3546.54
187.10	3700.98
187.18	3879.80
187.25	4042.77
187.33	4205.18
187.40	4392.46
187.48	4578.89
187.55	4762.30
187.63	4938.78
187.70	5044.78
187.78	5086.52
187.85	5073.72
187.93	4937.69
188.00	4700.67
188.08	4432.54
188.15	4203.16
188.23	4079.58
188.30	4113.70
188.38	4312.90
188.45	4638.15
188.53	4997.80
188.60	5331.32
188.68	5636.17
188.75	5912.10
188.83	6200.79
188.90	6455.20
188.98	6704.04
189.05	6958.20
189.13	7182.92
189.20	7376.89
189.28	7577.90
189.35	7756.59
189.43	7911.29
189.50	8049.46
189.58	8111.02
189.65	8102.30
189.73	8023.42
189.80	7836.03
189.87	7564.68
189.95	7236.63
190.02	6818.93
190.10	6374.04
190.17	6034.05
190.25	5866.05
190.32	5873.62
190.40	6058.35
190.47	6372.98
190.55	6716.57
190.62	7027.74
190.70	7295.16
190.77	7573.41
190.85	7876.17
190.92	8168.00
191.00	8458.36
191.07	8745.54
191.15	8989.47
191.22	9195.53
191.29	9386.18
191.37	9551.30
191.44	9719.98
191.52	9900.28
191.59	10048.74
191.67	10163.68
191.74	10227.64
191.82	10235.03
191.89	10200.80
191.97	10165.00
192.04	10096.22
192.12	9987.29
192.19	9808.99
192.27	9570.69
192.34	9340.87
192.41	9211.38
192.49	9219.26
192.56	9370.33
192.64	9637.36
192.71	9933.78
192.79	10173.92
192.86	10352.77
192.94	10451.35
193.01	10517.37
193.09	10576.79
193.16	10673.76
193.23	10797.48
193.31	10956.73
193.38	11152.71
193.46	11312.33
193.53	11444.32
193.61	11556.46
193.68	11657.27
193.76	11717.18
193.83	11790.41
193.91	11854.46
193.98	11914.36
194.05	11973.22
194.13	12009.59
194.20	12022.55
194.28	12008.22
194.35	11969.94
194.43	11895.71
194.50	11786.28
194.58	11647.74
194.65	11546.04
194.72	11536.44
194.80	11635.76
194.87	11850.34
194.95	12165.20
195.02	12493.62
195.10	12758.59
195.17	12988.56
195.25	13172.51
195.32	13319.69
195.39	13440.57
195.47	13553.05
195.54	13638.19
195.62	13669.09
195.69	13629.62
195.77	13504.42
195.84	13320.33
195.91	13102.19
195.99	12967.51
196.06	12941.82
196.14	13048.20
196.21	13246.48
196.29	13503.66
196.36	13746.13
196.43	13954.10
196.51	14111.34
196.58	14223.36
196.66	14286.81
196.73	14322.88
196.81	14309.26
196.88	14274.68
196.95	14210.73
197.03	14112.77
197.10	13962.28
197.18	13795.60
197.25	13634.40
197.33	13507.62
197.40	13430.40
197.47	13415.09
197.55	13479.81
197.62	13607.78
197.70	13795.36
197.77	14043.56
197.84	14336.50
197.92	14631.61
197.99	14928.21
198.07	15194.26
198.14	15423.10
198.22	15617.10
198.29	15775.62
198.36	15890.76
198.44	15994.11
198.51	16040.68
198.59	16014.63
198.66	15921.45
198.73	15757.48
198.81	15531.56
198.88	15278.54
198.96	15064.63
199.03	14958.60
199.10	15007.08
199.18	15167.09
199.25	15442.37
199.33	15783.67
199.40	16116.46
199.48	16366.17
199.55	16567.11
199.62	16720.47
199.70	16868.72
199.77	16992.32
199.85	17130.86
199.92	17235.46
199.99	17303.59
200.07	17269.28
200.14	17140.41
200.22	16863.82
200.29	16469.49
200.36	16067.78
200.44	15754.22
200.51	15571.24
200.59	15556.82
200.66	15695.39
200.73	15907.98
200.81	16132.40
200.88	16361.11
200.95	16613.34
201.03	16882.40
201.10	17162.92
201.18	17434.95
201.25	17673.93
201.32	17864.81
201.40	18040.13
201.47	18170.94
201.55	18255.30
201.62	18265.92
201.69	18179.36
201.77	18015.11
201.84	17840.15
201.92	17626.45
201.99	17415.87
202.06	17291.75
202.14	17296.56
202.21	17403.40
202.28	17643.70
202.36	17988.47
202.43	18374.58
202.51	18737.16
202.58	19029.74
202.65	19252.33
202.73	19470.99
202.80	19677.13
202.87	19860.78
202.95	20040.49
203.02	20196.14
203.10	20259.42
203.17	20245.38
203.24	20119.92
203.32	19818.61
203.39	19361.47
203.46	18902.00
203.54	18533.55
203.61	18354.27
203.69	18410.04
203.76	18679.85
203.83	19040.67
203.91	19378.15
203.98	19662.93
204.05	19879.03
204.13	20052.65
204.20	20169.88
204.28	20254.55
204.35	20278.64
204.42	20276.67
204.50	20281.89
204.57	20326.55
204.64	20385.57
204.72	20446.97
204.79	20436.08
204.86	20307.79
204.94	20109.75
205.01	19892.06
205.09	19673.14
205.16	19544.16
205.23	19579.66
205.31	19759.29
205.38	20048.98
205.45	20440.18
205.53	20902.00
205.60	21371.99
205.67	21792.46
205.75	22140.06
205.82	22421.67
205.89	22652.39
205.97	22852.91
206.04	23026.74
206.12	23210.48
206.19	23385.93
206.26	23511.16
206.34	23566.62
206.41	23503.30
206.48	23282.76
206.56	22865.02
206.63	22335.63
206.70	21808.78
206.78	21450.56
206.85	21329.86
206.92	21501.70
207.00	21893.75
207.07	22387.72
207.14	22865.64
207.22	23289.78
207.29	23651.55
207.36	23979.96
207.44	24271.76
207.51	24519.01
207.58	24741.16
207.66	24933.18
207.73	25090.46
207.80	25202.47
207.88	25248.96
207.95	25199.03
208.02	25049.77
208.10	24736.04
208.17	24273.87
208.25	23778.73
208.32	23351.51
208.39	23048.66
208.47	22943.84
208.54	23050.70
208.61	23307.76
208.69	23616.83
208.76	23949.24
208.83	24330.10
208.90	24721.50
208.98	25109.52
209.05	25481.31
209.12	25833.94
209.20	26130.32
209.27	26400.99
209.34	26640.12
209.42	26861.50
209.49	27038.88
209.56	27155.06
209.64	27220.62
209.71	27174.89
209.78	26989.64
209.86	26684.34
209.93	26332.69
210.00	25920.83
210.08	25567.09
210.15	25364.46
210.22	25377.13
210.30	25548.85
210.37	25863.20
210.44	26260.66
210.52	26678.73
210.59	27040.92
210.66	27353.02
210.74	27631.68
210.81	27878.37
210.88	28118.84
210.96	28341.79
211.03	28549.76
211.10	28751.95
211.17	28947.67
211.25	29075.40
211.32	29130.14
211.39	29104.79
211.47	28955.25
211.54	28614.30
211.61	28154.20
211.69	27722.05
211.76	27415.84
211.83	27285.45
211.91	27402.64
211.98	27696.96
212.05	28055.47
212.12	28366.51
212.20	28642.86
212.27	28872.33
212.34	29070.14
212.42	29245.08
212.49	29419.09
212.56	29580.39
212.64	29762.24
212.71	29965.29
212.78	30174.36
212.85	30387.27
212.93	30556.70
213.00	30663.36
213.07	30715.33
213.15	30650.99
213.22	30468.71
213.29	30246.61
213.37	30020.56
213.44	29813.03
213.51	29710.16
213.58	29747.42
213.66	29885.37
213.73	30094.01
213.80	30349.16
213.88	30606.02
213.95	30814.80
214.02	30961.94
214.09	31076.01
214.17	31175.05
214.24	31289.92
214.31	31396.54
214.39	31505.53
214.46	31578.24
214.53	31600.35
214.60	31575.19
214.68	31569.48
214.75	31629.84
214.82	31723.16
214.90	31816.42
214.97	31827.35
215.04	31688.83
215.11	31448.36
215.19	31213.94
215.26	31121.61
215.33	31215.19
215.41	31537.02
215.48	31973.09
215.55	32408.84
215.62	32740.63
215.70	33011.23
215.77	33214.39
215.84	33390.92
215.91	33543.45
215.99	33706.62
216.06	33857.80
216.13	33989.96
216.21	34084.87
216.28	34193.63
216.35	34292.18
216.42	34368.22
216.50	34425.38
216.57	34467.47
216.64	34423.70
216.71	34281.83
216.79	34092.77
216.86	33916.10
216.93	33786.73
217.01	33768.48
217.08	33871.07
217.15	34066.66
217.22	34285.48
217.30	34508.46
217.37	34732.55
217.44	34935.54
217.51	35123.03
217.59	35303.96
217.66	35467.09
217.73	35609.07
217.80	35743.20
217.88	35863.26
217.95	35973.70
218.02	36072.22
218.09	36155.34
218.17	36253.94
218.24	36345.50
218.31	36433.54
218.38	36487.78
218.46	36497.77
218.53	36394.39
218.60	36228.54
218.67	36038.61
218.75	35888.39
218.82	35822.46
218.89	35896.54
218.96	36075.93
219.04	36311.02
219.11	36558.22
219.18	36767.68
219.25	36950.99
219.33	37113.60
219.40	37261.23
219.47	37406.95
219.54	37545.16
219.62	37666.36
219.69	37782.52
219.76	37911.82
219.83	38023.48
219.91	38136.82
219.98	38248.41
220.05	38336.11
220.12	38378.44
220.20	38397.20
220.27	38379.60
220.34	38295.68
220.41	38161.20
220.49	38040.36
220.56	37949.50
220.63	37931.62
220.70	38014.40
220.78	38186.94
220.85	38369.35
220.92	38536.18
220.99	38678.54
221.06	38789.81
221.14	38892.43
221.21	38995.86
221.28	39119.74
221.35	39252.35
221.43	39389.34
221.50	39510.46
221.57	39628.76
221.64	39745.62
221.72	39850.88
221.79	39949.58
221.86	40035.05
221.93	40103.94
222.00	40157.56
222.08	40185.88
222.15	40174.46
222.22	40149.39
222.29	40130.12
222.37	40121.49
222.44	40140.08
222.51	40189.92
222.58	40256.60
222.65	40348.74
222.73	40440.09
222.80	40519.30
222.87	40630.76
222.94	40747.87
223.02	40852.70
223.09	40953.29
223.16	41067.58
223.23	41167.28
223.30	41285.53
223.38	41392.88
223.45	41507.21
223.52	41616.06
223.59	41716.14
223.66	41785.40
223.74	41847.40
223.81	41889.67
223.88	41925.40
223.95	41948.68
224.03	41970.73
224.10	41987.70
224.17	42011.82
224.24	42029.57
224.31	42069.21
224.39	42132.32
224.46	42216.42
224.53	42295.69
224.60	42386.58
224.67	42483.88
224.75	42567.25
224.82	42665.02
224.89	42787.02
224.96	42911.91
225.03	43019.38
225.11	43120.70
225.18	43210.41
225.25	43278.38
225.32	43334.64
225.39	43385.33
225.47	43432.20
225.54	43452.08
225.61	43437.92
225.68	43399.87
225.75	43341.74
225.83	43276.48
225.90	43227.08
225.97	43203.22
226.04	43206.40
226.11	43285.26
226.19	43422.81
226.26	43604.62
226.33	43813.98
226.40	44021.38
226.47	44172.32
226.54	44288.74
226.62	44368.52
226.69	44436.01
226.76	44544.11
226.83	44687.56
226.90	44844.66
226.98	44981.21
227.05	45115.38
227.12	45221.47
227.19	45291.40
227.26	45351.44
227.34	45437.60
227.41	45516.67
227.48	45588.39
227.55	45648.25
227.62	45705.56
227.69	45749.91
227.77	45822.98
227.84	45889.71
227.91	45970.89
227.98	46050.50
228.05	46132.14
228.12	46187.84
228.20	46262.32
228.27	46349.96
228.34	46435.01
228.41	46534.77
228.48	46646.77
228.56	46749.64
228.63	46845.20
228.70	46938.27
228.77	47022.39
228.84	47109.62
228.91	47208.02
228.99	47303.91
229.06	47413.13
229.13	47519.72
229.20	47604.43
229.27	47686.34
229.34	47760.97
229.42	47822.48
229.49	47888.55
229.56	47965.36
229.63	48029.87
229.70	48086.14
229.77	48147.82
229.85	48199.66
229.92	48248.26
229.99	48298.20
230.06	48365.87
230.13	48447.35
230.20	48547.24
230.27	48658.55
230.35	48776.29
230.42	48893.54
230.49	49000.37
230.56	49095.51
230.63	49189.76
230.70	49253.74
230.78	49316.98
230.85	49367.04
230.92	49424.52
230.99	49481.48
231.06	49580.08
231.13	49698.38
231.20	49827.82
231.28	49946.93
231.35	50058.56
231.42	50149.85
231.49	50231.53
231.56	50318.30
231.63	50402.13
231.71	50480.72
231.78	50553.66
231.85	50613.49
231.92	50666.48
231.99	50725.00
232.06	50788.30
232.13	50881.22
232.21	50985.26
232.28	51084.02
232.35	51174.85
232.42	51269.44
232.49	51354.98
232.56	51455.91
232.63	51549.98
232.71	51658.10
232.78	51763.02
232.85	51854.56
232.92	51924.38
232.99	52002.81
233.06	52069.47
233.13	52130.22
233.20	52187.54
233.28	52235.12
233.35	52281.66
233.42	52336.01
233.49	52414.88
233.56	52497.18
233.63	52583.50
233.70	52684.86
233.78	52782.02
233.85	52885.87
233.92	52981.67
233.99	53074.08
234.06	53156.52
234.13	53263.84
234.20	53330.56
234.27	53397.22
234.35	53476.57
234.42	53544.26
234.49	53596.48
234.56	53651.38
234.63	53702.00
234.70	53743.46
234.77	53788.49
234.84	53817.68
234.92	53880.24
234.99	53963.13
235.06	54042.20
235.13	54128.18
235.20	54233.62
235.27	54309.14
235.34	54389.60
235.41	54471.77
235.48	54559.28
235.56	54626.82
235.63	54712.50
235.70	54770.59
235.77	54834.16
235.84	54866.71
235.91	54898.80
235.98	54915.44
236.05	54944.98
236.12	54981.22
236.20	55015.38
236.27	55063.80
236.34	55118.02
236.41	55169.50
236.48	55203.42
236.55	55257.63
236.62	55307.48
236.69	55363.74
236.76	55436.60
236.84	55515.81
236.91	55589.73
236.98	55658.54
237.05	55710.73
237.12	55749.34
237.19	55787.30
237.26	55835.42
237.33	55886.20
237.40	55926.64
237.47	55970.74
237.55	56027.12
237.62	56097.02
237.69	56169.77
237.76	56256.71
237.83	56327.34
237.90	56396.74
237.97	56431.96
238.04	56465.81
238.11	56500.15
238.18	56556.91
238.26	56586.38
238.33	56624.38
238.40	56652.38
238.47	56685.56
238.54	56693.10
238.61	56713.58
238.68	56735.78
238.75	56755.24
238.82	56790.01
238.89	56840.26
238.96	56894.65
239.04	56950.76
239.11	57017.33
239.18	57067.95
239.25	57095.61
239.32	57119.53
239.39	57127.56
239.46	57123.42
239.53	57105.01
239.60	57090.38
239.67	57093.29
239.74	57122.66
239.81	57155.66
239.89	57202.22
239.96	57254.35
240.03	57298.04
240.10	57311.90
240.17	57329.66
240.24	57349.43
240.31	57383.48
240.38	57408.30
240.45	57469.19
240.52	57541.61
240.59	57600.57
240.66	57657.04
240.73	57715.23
240.80	57745.98
240.88	57762.25
240.95	57780.62
241.02	57800.08
241.09	57806.51
241.16	57830.24
241.23	57856.10
241.30	57867.24
241.37	57850.78
241.44	57852.78
241.51	57850.30
241.58	57857.94
241.65	57882.19
241.72	57933.70
241.79	57969.75
241.86	57989.53
241.94	57987.16
242.01	57972.58
242.08	57940.27
242.15	57936.46
242.22	57937.64
242.29	57940.57
242.36	57961.95
242.43	57970.82
242.50	57949.81
242.57	57933.66
242.64	57941.68
242.71	57934.96
242.78	57943.49
242.85	57958.44
242.92	57972.74
242.99	57980.78
243.06	57987.99
243.14	58003.84
243.21	58026.64
243.28	58038.04
243.35	58045.64
243.42	58071.25
243.49	58102.20
243.56	58117.01
243.63	58148.67
243.70	58169.78
243.77	58166.91
243.84	58149.16
243.91	58129.89
243.98	58102.20
244.05	58071.68
244.12	58052.34
244.19	58037.90
244.26	58027.76
244.33	58024.82
244.40	58023.81
244.47	58019.61
244.54	58004.35
244.62	57977.98
244.69	57944.82
244.76	57920.55
244.83	57911.58
244.90	57912.94
244.97	57921.34
245.04	57937.10
245.11	57947.09
245.18	57932.32
245.25	57934.85
245.32	57960.74
245.39	57976.58
245.46	57992.37
245.53	58010.21
245.60	58001.81
245.67	57989.94
245.74	57983.72
245.81	57966.78
245.88	57952.26
245.95	57954.22
246.02	57936.86
246.09	57891.74
246.16	57850.48
246.23	57806.18
246.30	57768.04
246.37	57746.52
246.44	57758.84
246.51	57778.97
246.58	57814.05
246.65	57845.21
246.72	57868.56
246.79	57871.84
246.87	57868.80
246.94	57858.39
247.01	57824.79
247.08	57774.77
247.15	57727.16
247.22	57668.92
247.29	57600.51
247.36	57561.07
247.43	57531.44
247.50	57511.32
247.57	57515.39
247.64	57540.76
247.71	57547.01
247.78	57566.21
247.85	57595.79
247.92	57619.84
247.99	57623.91
248.06	57609.12
248.13	57586.03
248.20	57566.28
248.27	57532.76
248.34	57507.30
248.41	57505.02
248.48	57497.90
248.55	57481.79
248.62	57481.58
248.69	57490.01
248.76	57482.78
248.83	57480.08
248.90	57456.16
248.97	57412.68
249.04	57365.51
249.11	57335.17
249.18	57292.49
249.25	57263.56
249.32	57228.20
249.39	57185.39
249.46	57137.70
249.53	57096.77
249.60	57050.10
249.67	57028.93
249.74	57013.76
249.81	57014.80
249.88	57024.75
249.95	57052.35
250.02	57080.33
250.09	57096.73
250.16	57099.15
250.23	57086.66
250.30	57076.10
250.37	57056.52
250.44	57061.32
250.51	57057.48
250.58	57066.00
250.65	57058.78
250.72	57029.06
250.79	56978.56
250.86	56935.70
250.93	56898.74
251.00	56857.38
251.07	56837.13
251.14	56817.54
251.21	56805.98
251.28	56777.08
251.35	56750.83
251.42	56731.51
251.49	56726.52
251.56	56708.65
251.63	56693.42
251.70	56688.80
251.77	56672.31
251.84	56635.41
251.91	56591.49
251.98	56537.72
252.05	56474.05
252.12	56414.41
252.18	56369.06
252.25	56331.17
252.32	56335.93
252.39	56348.55
252.46	56348.07
252.53	56344.80
252.60	56333.47
252.67	56301.21
252.74	56267.37
252.81	56243.91
252.88	56208.86
252.95	56184.03
253.02	56149.11
253.09	56116.97
253.16	56093.04
253.23	56083.99
253.30	56083.02
253.37	56080.40
253.44	56068.95
253.51	56036.66
253.58	56010.58
253.65	55986.43
253.72	55976.72
253.79	55965.45
253.86	55959.65
253.93	55945.53
254.00	55928.58
254.07	55899.12
254.14	55867.43
254.21	55834.05
254.28	55804.02
254.35	55775.72
254.41	55749.43
254.48	55723.46
254.55	55706.35
254.62	55683.34
254.69	55636.68
254.76	55592.00
254.83	55553.13
254.90	55524.35
254.97	55495.03
255.04	55492.16
255.11	55478.26
255.18	55443.60
255.25	55388.08
255.32	55350.97
255.39	55308.35
255.46	55269.80
255.53	55250.05
255.60	55251.29
255.67	55243.13
255.74	55226.92
255.81	55219.78
255.87	55220.78
255.94	55196.16
256.01	55172.98
256.08	55151.22
256.15	55130.75
256.22	55092.98
256.29	55068.23
256.36	55033.22
256.43	55005.10
256.50	54976.12
256.57	54969.69
256.64	54954.62
256.71	54950.24
256.78	54932.39
256.85	54914.92
256.92	54888.58
256.99	54874.52
257.05	54849.95
257.12	54828.26
257.19	54779.87
257.26	54724.64
257.33	54669.44
257.40	54614.25
257.47	54563.29
257.54	54543.40
257.61	54522.01
257.68	54513.28
257.75	54502.74
257.82	54498.72
257.89	54486.34
257.96	54475.32
258.03	54433.20
258.09	54389.15
258.16	54323.77
258.23	54249.64
258.30	54191.74
258.37	54140.08
258.44	54087.13
258.51	54064.00
258.58	54054.40
258.65	54030.97
258.72	54021.08
258.79	54007.02
258.86	53979.28
258.93	53953.30
258.99	53921.19
259.06	53877.70
259.13	53834.05
259.20	53795.04
259.27	53754.71
259.34	53725.08
259.41	53712.14
259.48	53724.14
259.55	53711.52
259.62	53695.41
259.69	53647.46
259.76	53592.47
259.82	53530.68
259.89	53493.45
259.96	53458.76
260.03	53442.08
260.10	53421.15
260.17	53372.34
260.24	53309.02
260.31	53255.98
260.38	53218.53
260.45	53195.47
260.52	53181.12
260.59	53169.88
260.65	53141.47
260.72	53105.28
260.79	53064.06
260.86	53033.26
260.93	53000.22
261.00	52963.70
261.07	52920.14
261.14	52858.56
261.21	52800.11
261.28	52756.37
261.34	52688.28
261.41	52635.10
261.48	52587.61
261.55	52542.76
261.62	52499.90
261.69	52472.60
261.76	52440.80
261.83	52421.45
261.90	52392.32
261.97	52343.32
262.03	52307.31
262.10	52274.24
262.17	52231.08
262.24	52206.27
262.31	52184.55
262.38	52155.05
262.45	52133.08
262.52	52108.44
262.59	52054.40
262.65	52008.97
262.72	51969.15
262.79	51914.03
262.86	51872.44
262.93	51834.95
263.00	51797.00
263.07	51750.75
263.14	51709.26
263.21	51669.55
263.27	51634.47
263.34	51617.37
263.41	51580.50
263.48	51537.76
263.55	51485.50
263.62	51423.90
263.69	51342.00
263.76	51287.88
263.82	51235.48
263.89	51195.10
263.96	51174.45
264.03	51148.95
264.10	51125.04
264.17	51091.54
264.24	51046.52
264.31	50984.30
264.38	50934.42
264.44	50880.48
264.51	50833.49
264.58	50791.26
264.65	50753.22
264.72	50697.54
264.79	50646.42
264.86	50607.83
264.92	50555.48
264.99	50525.09
265.06	50503.06
265.13	50473.72
265.20	50443.34
265.27	50423.28
265.34	50374.64
265.41	50338.55
265.47	50312.64
265.54	50272.06
265.61	50232.68
265.68	50217.84
265.75	50181.70
265.82	50136.24
265.89	50086.40
265.95	50037.52
266.02	49968.54
266.09	49921.76
266.16	49877.58
266.23	49851.20
266.30	49817.37
266.37	49767.34
266.44	49688.36
266.50	49620.77
266.57	49543.93
266.64	49469.42
266.71	49412.28
266.78	49362.15
266.85	49305.48
266.91	49254.86
266.98	49204.52
267.05	49154.51
267.12	49118.58
267.19	49093.52
267.26	49062.07
267.33	49037.96
267.39	49015.75
267.46	48994.80
267.53	48951.01
267.60	48914.90
267.67	48866.14
267.74	48830.66
267.81	48787.13
267.87	48740.51
267.94	48699.74
268.01	48667.76
268.08	48618.14
268.15	48563.78
268.22	48517.69
268.28	48462.90
268.35	48408.08
268.42	48361.75
268.49	48314.62
268.56	48277.96
268.63	48239.94
268.69	48199.78
268.76	48151.88
268.83	48120.86
268.90	48092.85
268.97	48071.93
269.04	48051.04
269.11	48032.91
269.17	48006.02
269.24	47975.90
269.31	47937.69
269.38	47897.40
269.45	47852.65
269.52	47808.20
269.58	47760.50
269.65	47708.56
269.72	47660.52
269.79	47627.72
269.86	47600.18
269.92	47561.96
269.99	47533.12
270.06	47491.87
270.13	47440.83
270.20	47382.71
270.27	47344.82
270.33	47316.66
270.40	47281.28
270.47	47248.20
270.54	47224.64
270.61	47196.06
270.68	47171.02
270.74	47155.29
270.81	47145.86
270.88	47128.22
270.95	47098.92
271.02	47042.47
271.08	46990.47
271.15	46924.62
271.22	46866.82
271.29	46823.68
271.36	46774.64
271.43	46737.88
271.49	46724.24
271.56	46706.00
271.63	46674.07
271.70	46662.13
271.77	46659.42
271.83	46622.25
271.90	46571.44
271.97	46532.02
272.04	46477.44
272.11	46426.02
272.17	46407.59
272.24	46394.40
272.31	46367.82
272.38	46356.27
272.45	46321.35
272.52	46276.21
272.58	46253.16
272.65	46254.12
272.72	46238.55
272.79	46216.47
272.86	46187.10
272.92	46145.03
272.99	46081.97
273.06	46030.20
273.13	45990.59
273.20	45958.51
273.26	45916.20
273.33	45889.70
273.40	45862.08
273.47	45839.29
273.54	45812.17
273.60	45795.23
273.67	45769.45
273.74	45746.68
273.81	45725.46
273.88	45716.38
273.94	45701.64
274.01	45704.50
274.08	45698.94
274.15	45673.29
274.21	45636.10
274.28	45599.26
274.35	45531.00
274.42	45464.50
274.49	45403.69
274.55	45359.92
274.62	45334.52
274.69	45304.66
274.76	45276.78
274.83	45257.76
274.89	45233.76
274.96	45187.04
275.03	45160.09
275.10	45131.75
275.17	45107.17
275.23	45069.48
275.30	45033.14
275.37	45003.41
275.44	44973.82
275.50	44930.60
275.57	44896.86
275.64	44855.89
275.71	44805.04
275.78	44762.30
275.84	44736.01
275.91	44695.78
275.98	44662.93
276.05	44632.77
276.11	44596.10
276.18	44561.44
276.25	44521.00
276.32	44481.42
276.39	44440.30
276.45	44393.16
276.52	44338.02
276.59	44286.28
276.66	44256.35
276.72	44222.70
276.79	44199.29
276.86	44180.90
276.93	44170.64
276.99	44149.98
277.06	44123.62
277.13	44101.29
277.20	44069.34
277.26	44041.19
277.33	44018.24
277.40	43992.57
277.47	43959.89
277.54	43929.54
277.60	43896.24
277.67	43845.95
277.74	43795.45
277.81	43739.54
277.87	43687.87
277.94	43637.81
278.01	43600.13
278.08	43568.19
278.14	43544.83
278.21	43518.39
278.28	43511.53
278.35	43498.25
278.41	43492.95
278.48	43478.48
278.55	43466.93
278.62	43438.02
278.68	43401.84
278.75	43351.68
278.82	43306.88
278.89	43255.54
278.95	43200.75
279.02	43146.72
279.09	43120.22
279.16	43102.98
279.22	43096.40
279.29	43075.91
279.36	43058.44
279.43	43014.10
279.49	42950.97
279.56	42870.27
279.63	42795.36
279.70	42725.82
279.76	42672.70
279.83	42636.37
279.90	42619.24
279.97	42602.80
280.03	42581.14
280.10	42552.22
280.17	42526.51
280.24	42489.69
280.30	42462.62
280.37	42428.67
280.44	42402.96
280.51	42371.61
280.57	42342.01
280.64	42297.73
280.71	42251.18
280.77	42194.44
280.84	42113.25
280.91	42029.16
280.98	41936.54
281.04	41863.22
281.11	41786.72
281.18	41723.22
281.25	41650.13
281.31	41597.99
281.38	41518.59
281.45	41446.42
281.52	41392.54
281.58	41330.88
281.65	41278.38
281.72	41245.51
281.78	41216.09
281.85	41182.53
281.92	41170.58
281.99	41148.64
282.05	41123.83
282.12	41095.13
282.19	41055.89
282.26	41028.54
282.32	41001.95
282.39	40989.83
282.46	40962.22
282.52	40943.35
282.59	40909.89
282.66	40889.85
282.73	40849.06
282.79	40828.35
282.86	40786.87
282.93	40730.48
282.99	40658.60
283.06	40594.08
283.13	40518.56
283.20	40434.77
283.26	40359.32
283.33	40288.18
283.40	40214.71
283.46	40162.80
283.53	40131.16
283.60	40105.82
283.67	40083.67
283.73	40073.17
283.80	40048.69
283.87	40036.17
283.93	40037.21
284.00	40024.22
284.07	40006.95
284.13	39981.70
284.20	39951.55
284.27	39914.20
284.34	39880.91
284.40	39853.25
284.47	39833.79
284.54	39823.67
284.60	39805.77
284.67	39783.18
284.74	39760.01
284.81	39740.28
284.87	39703.60
284.94	39655.70
285.01	39608.16
285.07	39550.18
285.14	39483.36
285.21	39441.62
285.27	39406.06
285.34	39383.80
285.41	39370.99
285.47	39368.57
285.54	39343.86
285.61	39320.76
285.68	39292.96
285.74	39276.48
285.81	39250.90
285.88	39227.68
285.94	39214.10
286.01	39208.73
286.08	39194.31
286.14	39185.93
286.21	39174.13
286.28	39165.16
286.34	39139.29
286.41	39099.74
286.48	39045.78
286.55	38995.35
286.61	38945.86
286.68	38899.43
286.75	38848.12
286.81	38808.23
286.88	38779.52
286.95	38722.34
287.01	38701.50
287.08	38682.35
287.15	38675.34
287.21	38655.98
287.28	38665.30
287.35	38649.16
287.41	38638.10
287.48	38614.29
287.55	38597.18
287.61	38575.79
287.68	38548.16
287.75	38523.59
287.81	38501.78
287.88	38484.65
287.95	38467.78
288.01	38443.69
288.08	38425.29
288.15	38387.68
288.21	38352.99
288.28	38313.91
288.35	38282.42
288.41	38249.35
288.48	38233.84
288.55	38203.93
288.61	38161.93
288.68	38131.85
288.75	38092.06
288.81	38050.76
288.88	38014.14
288.95	38006.40
289.01	37995.83
289.08	38000.56
289.15	38002.95
289.21	38006.12
289.28	37999.40
289.35	38006.68
289.41	37993.32
289.48	37992.62
289.55	37992.52
289.61	37978.12
289.68	37953.68
289.75	37936.72
289.81	37902.45
289.88	37865.96
289.95	37834.44
290.01	37788.54
290.08	37755.03
290.15	37723.92
290.21	37696.90
290.28	37674.51
290.35	37658.72
290.41	37635.27
290.48	37615.91
290.55	37578.18
290.61	37539.94
290.68	37504.20
290.74	37486.08
290.81	37485.32
290.88	37494.16
290.94	37506.86
291.01	37517.32
291.08	37525.44
291.14	37522.66
291.21	37527.71
291.28	37523.89
291.34	37526.62
291.41	37516.84
291.48	37500.72
291.54	37488.48
291.61	37484.05
291.68	37469.93
291.74	37434.91
291.81	37409.22
291.87	37387.99
291.94	37351.08
292.01	37323.21
292.07	37310.01
292.14	37275.00
292.21	37228.10
292.27	37190.47
292.34	37147.04
292.41	37114.72
292.47	37094.31
292.54	37084.98
292.60	37076.46
292.67	37080.92
292.74	37077.00
292.80	37083.31
292.87	37087.20
292.94	37102.90
293.00	37114.76
293.07	37123.82
293.13	37131.39
293.20	37132.37
293.27	37130.32
293.33	37112.94
293.40	37106.36
293.47	37098.46
293.53	37081.33
293.60	37049.80
293.66	37015.34
293.73	36967.58
293.80	36911.43
293.86	36861.10
293.93	36823.44
294.00	36794.11
294.06	36773.46
294.13	36758.83
294.19	36744.10
294.26	36734.68
294.33	36727.74
294.39	36709.14
294.46	36703.16
294.52	36700.42
294.59	36692.22
294.66	36699.42
294.72	36711.48
294.79	36719.70
294.86	36729.72
294.92	36743.60
294.99	36749.75
295.05	36766.90
295.12	36773.18
295.19	36784.80
295.25	36787.94
295.32	36788.74
295.38	36781.87
295.45	36784.46
295.52	36773.42
295.58	36749.52
295.65	36717.40
295.71	36683.30
295.78	36622.14
295.85	36563.74
295.91	36518.42
295.98	36464.60
296.04	36401.72
296.11	36372.23
296.18	36358.14
296.24	36353.62
296.31	36356.76
296.37	36382.90
296.44	36410.85
296.51	36429.91
296.57	36449.69
296.64	36487.55
296.70	36520.64
296.77	36529.70
296.84	36543.30
296.90	36552.42
296.97	36539.36
297.03	36535.42
297.10	36541.13
297.17	36542.46
297.23	36548.49
297.30	36570.08
297.36	36557.81
297.43	36555.59
297.50	36553.70
297.56	36531.00
297.63	36492.94
297.69	36458.53
297.76	36396.30
297.82	36324.88
297.89	36266.24
297.96	36206.80
298.02	36169.22
298.09	36147.00
298.15	36133.23
298.22	36133.06
298.29	36131.96
298.35	36129.34
298.42	36132.81
298.48	36138.74
298.55	36141.32
298.61	36160.89
298.68	36179.33
298.75	36203.32
298.81	36226.06
298.88	36248.22
298.94	36269.65
299.01	36287.18
299.08	36291.57
299.14	36304.94
299.21	36299.80
299.27	36285.38
299.34	36268.37
299.40	36263.06
299.47	36248.84
299.54	36251.33
299.60	36240.60
299.67	36218.62
299.73	36185.62
299.80	36128.43
299.86	36043.57
299.93	35957.74
299.99	35890.31
300.06	35821.05
300.13	35778.32
300.19	35762.76
300.26	35765.80
300.32	35779.30
300.39	35794.20
300.45	35814.23
300.52	35841.84
300.59	35876.04
300.65	35906.37
300.72	35940.74
300.78	35968.40
300.85	35985.69
300.91	35985.10
300.98	35970.58
301.04	35953.20
301.11	35932.13
301.18	35915.42
301.24	35911.47
301.31	35908.94
301.37	35912.92
301.44	35906.23
301.50	35897.07
301.57	35867.34
301.63	35851.97
301.70	35809.01
301.77	35766.40
301.83	35699.84
301.90	35645.44
301.96	35555.99
302.03	35478.65
302.09	35418.85
302.16	35379.86
302.22	35347.58
302.29	35331.56
302.36	35326.84
302.42	35316.85
302.49	35316.68
302.55	35322.35
302.62	35337.25
302.68	35341.86
302.75	35348.19
302.81	35344.18
302.88	35331.19
302.94	35313.41
303.01	35306.89
303.07	35290.79
303.14	35281.29
303.21	35265.81
303.27	35249.64
303.34	35243.00
303.40	35231.34
303.47	35202.37
303.53	35174.90
303.60	35147.69
303.66	35103.54
303.73	35074.05
303.79	35044.48
303.86	35000.90
303.92	34960.32
303.99	34912.36
304.05	34830.42
304.12	34746.76
304.19	34680.02
304.25	34600.25
304.32	34539.30
304.38	34504.43
304.45	34478.94
304.51	34469.05
304.58	34467.82
304.64	34457.60
304.71	34457.27
304.77	34442.20
304.84	34418.26
304.90	34397.50
304.97	34371.06
305.03	34337.80
305.10	34318.44
305.16	34294.86
305.23	34266.68
305.29	34246.28
305.36	34212.76
305.42	34178.18
305.49	34140.01
305.56	34106.00
305.62	34066.10
305.69	34030.97
305.75	33992.32
305.82	33925.46
305.88	33817.66
305.95	33688.67
306.01	33549.92
306.08	33415.35
306.14	33306.55
306.21	33221.99
306.27	33165.30
306.34	33123.51
306.40	33079.07
306.47	33055.41
306.53	33070.85
306.60	33086.02
306.66	33108.45
306.73	33125.68
306.79	33114.32
306.86	33086.95
306.92	33050.58
306.99	33013.32
307.05	32980.42
307.12	32954.20
307.18	32917.14
307.25	32882.72
307.31	32838.76
307.38	32792.46
307.44	32759.84
307.51	32716.68
307.57	32666.92
307.64	32623.17
307.70	32584.24
307.77	32526.52
307.83	32478.77
307.90	32439.43
307.96	32402.32
308.03	32344.08
308.09	32286.02
308.16	32223.96
308.22	32163.25
308.29	32091.22
308.35	32031.41
308.42	31980.29
308.48	31914.90
308.55	31848.61
308.61	31778.35
308.68	31712.90
308.74	31644.18
308.81	31609.70
308.87	31566.78
308.94	31541.82
309.00	31517.81
309.07	31488.25
309.13	31439.16
309.20	31406.77
309.26	31350.82
309.33	31292.82
309.39	31243.81
309.45	31196.78
309.52	31122.70
309.58	31075.93
309.65	31022.31
309.71	30951.38
309.78	30892.39
309.84	30845.39
309.91	30794.41
309.97	30739.03
310.04	30702.59
310.10	30653.75
310.17	30605.92
310.23	30543.16
310.30	30485.53
310.36	30429.16
310.43	30369.58
310.49	30302.17
310.56	30244.37
310.62	30185.97
310.69	30115.07
310.75	30044.65
310.81	29987.85
310.88	29935.73
310.94	29892.68
311.01	29846.64
311.07	29814.44
311.14	29772.47
311.20	29721.52
311.27	29671.01
311.33	29637.42
311.40	29587.77
311.46	29543.86
311.53	29495.82
311.59	29451.72
311.66	29407.39
311.72	29350.73
311.78	29306.38
311.85	29269.29
311.91	29228.16
311.98	29173.44
312.04	29138.50
312.11	29094.64
312.17	29050.81
312.24	28997.05
312.30	28945.79
312.37	28878.03
312.43	28812.33
312.50	28756.21
312.56	28694.52
312.62	28632.72
312.69	28577.12
312.75	28517.10
312.82	28440.73
312.88	28371.56
312.95	28318.42
313.01	28261.70
313.08	28206.87
313.14	28160.32
313.20	28121.20
313.27	28063.82
313.33	28015.79
313.40	27976.32
313.46	27920.74
313.53	27868.85
313.59	27821.86
313.66	27787.73
313.72	27742.70
313.78	27694.91
313.85	27650.94
313.91	27609.37
313.98	27558.44
314.04	27512.33
314.11	27485.94
314.17	27442.48
314.24	27393.20
314.30	27344.07
314.36	27280.00
314.43	27225.96
314.49	27172.25
314.56	27123.14
314.62	27064.59
314.69	27019.26
314.75	26959.10
314.81	26904.78
314.88	26851.65
314.94	26812.78
315.01	26766.97
315.07	26714.68
315.14	26669.81
315.20	26626.04
315.27	26569.42
315.33	26520.12
315.39	26476.54
315.46	26431.44
315.52	26372.36
315.59	26332.25
315.65	26284.28
315.72	26243.44
315.78	26194.91
315.84	26162.29
315.91	26119.90
315.97	26085.38
316.04	26070.55
316.10	26044.97
316.16	26002.17
316.23	25928.25
316.29	25832.45
316.36	25682.12
316.42	25509.49
316.49	25314.87
316.55	25113.85
316.61	24900.67
316.68	24682.83
316.74	24464.44
316.81	24242.92
316.87	24021.74
316.93	23800.30
317.00	23577.49
317.06	23362.73
317.13	23141.44
317.19	22920.72
317.26	22702.87
317.32	22488.07
317.38	22268.76
317.45	22058.00
317.51	21859.55
317.58	21655.25
317.64	21438.47
317.70	21226.02
317.77	21024.94
317.83	20812.50
317.90	20607.50
317.96	20403.47
318.02	20201.31
318.09	20001.00
318.15	19790.98
318.22	19574.84
318.28	19369.19
318.34	19150.13
318.41	18920.02
318.47	18697.84
318.54	18485.93
318.60	18272.23
318.66	18076.86
318.73	17874.74
318.79	17685.41
318.86	17484.45
318.92	17288.90
318.98	17092.61
319.05	16896.32
319.11	16697.33
319.18	16501.39
319.24	16307.39
319.30	16095.26
319.37	15905.93
319.43	15718.31
319.50	15530.40
319.56	15338.72
319.62	15162.54
319.69	14979.37
319.75	14788.52
319.82	14609.26
319.88	14428.47
319.94	14245.46
320.01	14060.39
320.07	13869.04
320.13	13679.25
320.20	13488.22
320.26	13296.45
320.33	13104.56
320.39	12928.06
320.45	12742.20
320.52	12566.58
320.58	12390.84
320.65	12213.53
320.71	12032.40
320.77	11861.92
320.84	11678.84
320.90	11504.75
320.96	11326.75
321.03	11141.86
321.09	10949.81
321.16	10769.75
321.22	10580.50
321.28	10401.30
321.35	10235.53
321.41	10062.23
321.47	9889.04
321.54	9726.28
321.60	9552.13
321.67	9378.01
321.73	9209.32
321.79	9038.65
321.86	8864.52
321.92	8695.19
321.98	8505.95
322.05	8320.42
322.11	8128.62
322.18	7932.07
322.24	7740.55
322.30	7560.71
322.37	7388.20
322.43	7214.98
322.49	7051.00
322.56	6877.47
322.62	6711.76
322.68	6532.57
322.75	6365.99
322.81	6185.07
322.88	6013.04
322.94	5837.60
323.00	5664.33
323.07	5487.28
323.13	5322.57
323.19	5157.25
323.26	4993.82
323.32	4834.66
323.38	4676.39
323.45	4453.74
323.51	3813.26
323.57	2930.87
323.64	2008.38
323.70	1118.72
323.76	322.98
323.83	-20.86
323.89	-90.43
323.96	-90.03
