180.25	3518.77
180.33	-133.77
180.40	657.80
180.48	-29.71
180.56	15.28
180.63	53.52
180.71	96.99
180.78	96.52
180.86	97.78
180.93	103.04
181.01	104.46
181.08	102.84
181.16	101.69
181.23	103.96
181.31	104.18
181.39	128.86
181.46	138.34
181.54	149.54
181.61	165.74
181.69	173.80
181.76	166.78
181.84	160.59
181.91	162.24
181.99	164.08
182.06	165.78
182.14	170.32
182.22	176.35
182.29	187.50
182.37	189.84
182.44	201.54
182.52	199.14
182.59	217.79
182.67	225.96
182.74	231.93
182.82	236.78
182.89	247.90
182.97	247.94
183.04	257.37
183.12	268.69
183.20	290.01
183.27	304.20
183.35	337.06
183.42	363.00
183.50	407.12
183.57	435.48
183.65	485.59
183.72	530.70
183.80	588.32
183.87	633.72
183.95	679.94
184.02	729.43
184.10	763.61
184.17	782.34
184.25	785.00
184.32	779.22
184.40	751.21
184.47	702.36
184.55	663.36
184.62	665.17
184.70	700.34
184.78	758.48
184.85	878.32
184.93	1016.94
185.00	1149.64
185.08	1283.87
185.15	1416.16
185.23	1549.69
185.30	1673.56
185.38	1789.56
185.45	1902.67
185.53	2030.02
185.60	2140.51
185.68	2270.61
185.75	2373.12
185.83	2453.88
185.90	2499.30
185.98	2479.46
186.05	2390.71
186.13	2269.42
186.20	2101.64
186.28	1955.29
186.35	1900.32
186.43	1939.04
186.50	2075.54
186.58	2299.52
186.65	2540.98
186.73	2778.76
186.80	2988.04
186.88	3175.62
186.95	3364.28
187.03	3540.96
187.10	3698.78
187.18	3876.28
187.25	4036.24
187.33	4194.81
187.40	4383.44
187.48	4567.39
187.55	4758.42
187.63	4936.71
187.70	5043.22
187.78	5085.63
187.85	5074.48
187.93	4934.46
188.00	4694.88
188.08	4427.62
188.15	4194.74
188.23	4071.53
188.30	4104.02
188.38	4309.48
188.45	4639.52
188.53	5001.20
188.60	5339.08
188.68	5644.38
188.75	5914.66
188.83	6196.02
188.90	6448.18
188.98	6694.44
189.05	6953.92
189.13	7182.89
189.20	7378.63
189.28	7582.52
189.35	7756.24
189.43	7904.68
189.50	8050.97
189.58	8115.49
189.65	8104.93
189.73	8026.60
189.80	7844.09
189.87	7570.64
189.95	7243.57
190.02	6827.89
190.10	6384.21
190.17	6041.10
190.25	5866.44
190.32	5869.07
190.40	6052.48
190.47	6366.38
190.55	6708.42
190.62	7019.05
190.70	7290.36
190.77	7566.76
190.85	7866.27
190.92	8157.12
191.00	8446.66
191.07	8732.11
191.15	8972.27
191.22	9185.18
191.29	9381.69
191.37	9552.09
191.44	9722.03
191.52	9908.54
191.59	10052.74
191.67	10158.32
191.74	10219.18
191.82	10221.57
191.89	10188.04
191.97	10155.86
192.04	10093.50
192.12	9983.15
192.19	9807.99
192.27	9563.98
192.34	9331.84
192.41	9205.78
192.49	9215.40
192.56	9372.02
192.64	9640.62
192.71	9935.92
192.79	10174.12
192.86	10351.02
192.94	10449.28
193.01	10518.38
193.09	10577.58
193.16	10675.57
193.23	10802.17
193.31	10956.56
193.38	11149.96
193.46	11309.86
193.53	11437.22
193.61	11549.14
193.68	11653.98
193.76	11715.67
193.83	11791.38
193.91	11857.96
193.98	11918.72
194.05	11979.09
194.13	12026.68
194.20	12037.46
194.28	12026.86
194.35	11987.54
194.43	11906.90
194.50	11787.06
194.58	11650.97
194.65	11548.34
194.72	11534.68
194.80	11640.74
194.87	11858.13
194.95	12172.49
195.02	12490.98
195.10	12757.00
195.17	12978.42
195.25	13159.34
195.32	13304.60
195.39	13431.64
195.47	13544.18
195.54	13632.38
195.62	13675.12
195.69	13639.02
195.77	13519.55
195.84	13334.29
195.91	13116.28
195.99	12968.66
196.06	12947.97
196.14	13046.10
196.21	13241.93
196.29	13501.00
196.36	13760.30
196.43	13955.34
196.51	14115.18
196.58	14234.24
196.66	14298.58
196.73	14315.06
196.81	14306.27
196.88	14267.43
196.95	14207.37
197.03	14112.59
197.10	13966.82
197.18	13804.25
197.25	13640.75
197.33	13508.10
197.40	13430.20
197.47	13414.27
197.55	13481.23
197.62	13612.34
197.70	13800.60
197.77	14047.82
197.84	14341.98
197.92	14625.84
197.99	14917.62
198.07	15185.78
198.14	15411.84
198.22	15609.27
198.29	15774.89
198.36	15892.38
198.44	15989.76
198.51	16035.92
198.59	16007.18
198.66	15914.68
198.73	15759.86
198.81	15543.09
198.88	15294.48
198.96	15075.48
199.03	14968.40
199.10	15010.88
199.18	15166.02
199.25	15434.64
199.33	15779.30
199.40	16108.99
199.48	16358.65
199.55	16554.68
199.62	16704.38
199.70	16848.60
199.77	16978.70
199.85	17119.62
199.92	17228.81
199.99	17303.97
200.07	17275.30
200.14	17146.97
200.22	16870.21
200.29	16475.38
200.36	16083.28
200.44	15768.64
200.51	15575.94
200.59	15557.71
200.66	15692.98
200.73	15893.94
200.81	16119.25
200.88	16351.20
200.95	16602.44
201.03	16872.29
201.10	17152.70
201.18	17420.81
201.25	17670.60
201.32	17867.54
201.40	18047.38
201.47	18181.92
201.55	18268.24
201.62	18281.27
201.69	18194.00
201.77	18035.88
201.84	17854.37
201.92	17646.24
201.99	17424.34
202.06	17301.46
202.14	17294.53
202.21	17402.32
202.28	17638.61
202.36	17987.33
202.43	18379.58
202.51	18738.12
202.58	19034.96
202.65	19258.70
202.73	19463.38
202.80	19648.71
202.87	19827.43
202.95	20006.14
203.02	20157.98
203.10	20233.17
203.17	20236.92
203.24	20124.52
203.32	19825.12
203.39	19372.08
203.46	18908.62
203.54	18531.00
203.61	18347.38
203.69	18397.79
203.76	18660.84
203.83	19022.18
203.91	19361.70
203.98	19645.90
204.05	19864.82
204.13	20047.26
204.20	20164.26
204.28	20252.65
204.35	20279.06
204.42	20282.79
204.50	20286.80
204.57	20332.90
204.64	20392.66
204.72	20452.57
204.79	20430.42
204.86	20298.71
204.94	20102.71
205.01	19881.64
205.09	19673.36
205.16	19552.02
205.23	19584.46
205.31	19765.13
205.38	20058.77
205.45	20447.53
205.53	20910.27
205.60	21382.86
205.67	21804.19
205.75	22152.90
205.82	22427.09
205.89	22650.82
205.97	22847.58
206.04	23026.91
206.12	23204.10
206.19	23373.90
206.26	23501.41
206.34	23557.75
206.41	23490.29
206.48	23270.38
206.56	22865.28
206.63	22332.82
206.70	21808.70
206.78	21434.25
206.85	21310.89
206.92	21463.35
207.00	21862.15
207.07	22356.93
207.14	22853.62
207.22	23278.60
207.29	23657.84
207.36	23974.75
207.44	24260.25
207.51	24493.52
207.58	24723.46
207.66	24914.62
207.73	25085.85
207.80	25205.96
207.88	25261.77
207.95	25209.04
208.02	25062.31
208.10	24748.06
208.17	24289.68
208.25	23795.12
208.32	23364.64
208.39	23053.94
208.47	22951.76
208.54	23052.78
208.61	23303.33
208.69	23617.84
208.76	23954.93
208.83	24323.70
208.90	24714.26
208.98	25102.78
209.05	25471.40
209.12	25821.42
209.20	26128.88
209.27	26402.79
209.34	26637.46
209.42	26846.97
209.49	27015.76
209.56	27124.67
209.64	27182.42
209.71	27143.05
209.78	26971.59
209.86	26666.29
209.93	26308.86
210.00	25899.61
210.08	25542.79
210.15	25340.32
210.22	25363.20
210.30	25542.86
210.37	25862.46
210.44	26263.88
210.52	26674.55
210.59	27042.45
210.66	27343.75
210.74	27617.68
210.81	27866.83
210.88	28105.28
210.96	28318.20
211.03	28540.28
211.10	28748.65
211.17	28936.94
211.25	29065.85
211.32	29129.69
211.39	29102.52
211.47	28955.99
211.54	28618.92
211.61	28164.92
211.69	27724.56
211.76	27407.60
211.83	27269.42
211.91	27385.28
211.98	27676.77
212.05	28030.40
212.12	28351.78
212.20	28632.06
212.27	28864.78
212.34	29065.16
212.42	29244.99
212.49	29422.70
212.56	29586.52
212.64	29764.14
212.71	29967.94
212.78	30180.34
212.85	30384.36
212.93	30548.21
213.00	30660.04
213.07	30709.84
213.15	30647.59
213.22	30464.34
213.29	30246.72
213.37	30012.37
213.44	29800.02
213.51	29701.16
213.58	29744.04
213.66	29882.70
213.73	30098.28
213.80	30356.06
213.88	30611.34
213.95	30820.06
214.02	30961.53
214.09	31086.24
214.17	31186.64
214.24	31284.86
214.31	31390.29
214.39	31498.92
214.46	31562.66
214.53	31583.74
214.60	31566.10
214.68	31562.31
214.75	31624.49
214.82	31714.81
214.90	31810.08
214.97	31828.66
215.04	31697.30
215.11	31456.46
215.19	31226.44
215.26	31129.88
215.33	31217.05
215.41	31532.86
215.48	31962.95
215.55	32385.64
215.62	32723.94
215.70	32986.40
215.77	33185.55
215.84	33366.82
215.91	33532.73
215.99	33695.15
216.06	33855.44
216.13	33998.92
216.21	34092.30
216.28	34198.69
216.35	34290.94
216.42	34369.84
216.50	34416.58
216.57	34446.49
216.64	34394.72
216.71	34255.93
216.79	34068.38
216.86	33898.54
216.93	33787.46
217.01	33767.53
217.08	33860.68
217.15	34055.78
217.22	34274.64
217.30	34492.06
217.37	34722.58
217.44	34945.53
217.51	35131.95
217.59	35311.45
217.66	35477.70
217.73	35620.98
217.80	35742.36
217.88	35855.07
217.95	35962.50
218.02	36048.30
218.09	36127.62
218.17	36226.44
218.24	36332.32
218.31	36405.68
218.38	36466.46
218.46	36473.78
218.53	36378.10
218.60	36202.18
218.67	36016.34
218.75	35881.99
218.82	35823.58
218.89	35892.97
218.96	36071.45
219.04	36303.85
219.11	36533.22
219.18	36753.98
219.25	36931.56
219.33	37090.40
219.40	37251.32
219.47	37404.77
219.54	37533.27
219.62	37662.86
219.69	37789.43
219.76	37918.46
219.83	38021.57
219.91	38137.86
219.98	38250.96
220.05	38336.70
220.12	38381.45
220.20	38405.87
220.27	38380.82
220.34	38294.50
220.41	38155.88
220.49	38021.39
220.56	37931.46
220.63	37914.81
220.70	37995.47
220.78	38170.46
220.85	38360.93
220.92	38537.32
220.99	38677.85
221.06	38798.96
221.14	38901.48
221.21	39005.66
221.28	39122.12
221.35	39251.30
221.43	39378.68
221.50	39505.39
221.57	39627.12
221.64	39750.44
221.72	39862.44
221.79	39957.60
221.86	40032.84
221.93	40102.50
222.00	40150.68
222.08	40182.04
222.15	40179.42
222.22	40161.70
222.29	40138.49
222.37	40123.06
222.44	40130.32
222.51	40167.70
222.58	40237.66
222.65	40327.29
222.73	40433.31
222.80	40531.45
222.87	40649.79
222.94	40755.04
223.02	40853.46
223.09	40941.72
223.16	41037.75
223.23	41138.61
223.30	41258.94
223.38	41392.13
223.45	41515.56
223.52	41630.12
223.59	41737.49
223.66	41811.84
223.74	41855.78
223.81	41881.70
223.88	41921.74
223.95	41940.76
224.03	41955.56
224.10	41977.20
224.17	42012.28
224.24	42020.76
224.31	42059.27
224.39	42122.16
224.46	42198.90
224.53	42278.97
224.60	42379.24
224.67	42471.70
224.75	42575.33
224.82	42674.74
224.89	42788.73
224.96	42907.97
225.03	43011.74
225.11	43102.36
225.18	43193.40
225.25	43272.78
225.32	43324.22
225.39	43391.22
225.47	43438.45
225.54	43460.46
225.61	43435.74
225.68	43396.53
225.75	43334.11
225.83	43273.82
225.90	43221.56
225.97	43196.12
226.04	43204.46
226.11	43276.53
226.19	43409.80
226.26	43601.00
226.33	43809.32
226.40	44019.52
226.47	44170.88
226.54	44280.42
226.62	44343.86
226.69	44419.02
226.76	44526.79
226.83	44667.94
226.90	44830.00
226.98	44980.36
227.05	45109.54
227.12	45209.94
227.19	45275.76
227.26	45335.67
227.34	45413.18
227.41	45494.48
227.48	45565.04
227.55	45630.44
227.62	45678.47
227.69	45740.18
227.77	45815.94
227.84	45893.33
227.91	45986.76
227.98	46077.85
228.05	46140.51
228.12	46202.82
228.20	46276.69
228.27	46352.93
228.34	46436.84
228.41	46540.53
228.48	46633.20
228.56	46732.53
228.63	46830.10
228.70	46913.72
228.77	46998.15
228.84	47098.63
228.91	47186.96
228.99	47279.60
229.06	47398.70
229.13	47506.38
229.20	47599.31
229.27	47676.63
229.34	47747.18
229.42	47802.59
229.49	47864.34
229.56	47925.08
229.63	47994.55
229.70	48055.54
229.77	48119.70
229.85	48179.10
229.92	48235.78
229.99	48296.74
230.06	48364.86
230.13	48449.10
230.20	48543.09
230.27	48659.97
230.35	48782.04
230.42	48898.06
230.49	49002.20
230.56	49103.82
230.63	49191.79
230.70	49254.14
230.78	49316.93
230.85	49371.28
230.92	49416.94
230.99	49468.76
231.06	49558.53
231.13	49680.24
231.20	49809.90
231.28	49920.83
231.35	50039.30
231.42	50136.35
231.49	50219.20
231.56	50297.30
231.63	50388.82
231.71	50460.84
231.78	50533.31
231.85	50600.31
231.92	50662.28
231.99	50731.10
232.06	50806.91
232.13	50894.88
232.21	50980.81
232.28	51067.72
232.35	51156.42
232.42	51245.36
232.49	51335.84
232.56	51441.58
232.63	51541.98
232.71	51650.15
232.78	51757.11
232.85	51851.89
232.92	51920.38
232.99	52002.86
233.06	52074.52
233.13	52123.72
233.20	52178.40
233.28	52229.45
233.35	52269.66
233.42	52321.06
233.49	52401.50
233.56	52481.62
233.63	52571.88
233.70	52674.15
233.78	52763.70
233.85	52865.22
233.92	52954.41
233.99	53046.54
234.06	53136.75
234.13	53225.72
234.20	53297.71
234.27	53373.91
234.35	53445.32
234.42	53515.29
234.49	53593.51
234.56	53641.09
234.63	53695.62
234.70	53744.17
234.77	53782.68
234.84	53808.26
234.92	53872.26
234.99	53942.28
235.06	54020.08
235.13	54102.40
235.20	54213.78
235.27	54303.58
235.34	54391.18
235.41	54481.98
235.48	54576.52
235.56	54648.18
235.63	54719.87
235.70	54771.45
235.77	54808.85
235.84	54838.96
235.91	54866.75
235.98	54891.48
236.05	54924.88
236.12	54972.95
236.20	55011.65
236.27	55059.82
236.34	55117.74
236.41	55165.23
236.48	55201.60
236.55	55242.44
236.62	55288.32
236.69	55338.60
236.76	55413.96
236.84	55490.22
236.91	55566.46
236.98	55634.30
237.05	55692.36
237.12	55735.68
237.19	55772.48
237.26	55821.06
237.33	55858.88
237.40	55898.14
237.47	55932.30
237.55	55985.86
237.62	56049.39
237.69	56125.93
237.76	56201.07
237.83	56282.54
237.90	56351.57
237.97	56399.50
238.04	56434.58
238.11	56473.91
238.18	56530.59
238.26	56579.94
238.33	56620.04
238.40	56658.71
238.47	56698.62
238.54	56723.14
238.61	56732.95
238.68	56745.22
238.75	56767.28
238.82	56792.80
238.89	56824.93
238.96	56882.66
239.04	56943.57
239.11	57002.32
239.18	57050.81
239.25	57069.25
239.32	57089.96
239.39	57103.80
239.46	57107.40
239.53	57102.68
239.60	57113.66
239.67	57127.61
239.74	57151.75
239.81	57177.15
239.89	57209.05
239.96	57243.69
240.03	57275.37
240.10	57290.78
240.17	57315.88
240.24	57340.56
240.31	57373.87
240.38	57406.12
240.45	57470.70
240.52	57535.56
240.59	57600.83
240.66	57655.82
240.73	57700.89
240.80	57724.89
240.88	57742.84
240.95	57763.09
241.02	57788.88
241.09	57813.18
241.16	57841.42
241.23	57857.80
241.30	57858.73
241.37	57830.75
241.44	57819.24
241.51	57809.54
241.58	57822.10
241.65	57853.43
241.72	57901.68
241.79	57928.75
241.86	57950.18
241.94	57951.26
242.01	57939.26
242.08	57914.38
242.15	57912.30
242.22	57915.07
242.29	57922.80
242.36	57937.74
242.43	57952.00
242.50	57948.16
242.57	57930.90
242.64	57929.00
242.71	57925.00
242.78	57934.78
242.85	57949.16
242.92	57972.30
242.99	57984.25
243.06	57988.19
243.14	57991.22
243.21	57994.24
243.28	57998.12
243.35	58011.01
243.42	58040.62
243.49	58073.07
243.56	58100.24
243.63	58129.91
243.70	58145.11
243.77	58141.18
243.84	58125.43
243.91	58107.92
243.98	58088.84
244.05	58057.58
244.12	58037.76
244.19	58021.80
244.26	58003.43
244.33	57980.42
244.40	57975.64
244.47	57972.60
244.54	57972.44
244.62	57947.74
244.69	57930.45
244.76	57909.96
244.83	57900.89
244.90	57890.44
244.97	57900.49
245.04	57912.39
245.11	57923.28
245.18	57912.02
245.25	57922.70
245.32	57958.23
245.39	57979.64
245.46	57993.59
245.53	57994.37
245.60	57986.58
245.67	57958.84
245.74	57941.56
245.81	57934.08
245.88	57928.86
245.95	57913.05
246.02	57894.60
246.09	57854.90
246.16	57802.67
246.23	57757.98
246.30	57722.39
246.37	57719.27
246.44	57743.39
246.51	57771.64
246.58	57800.80
246.65	57834.08
246.72	57853.44
246.79	57848.04
246.87	57845.90
246.94	57842.45
247.01	57818.86
247.08	57763.23
247.15	57705.20
247.22	57641.60
247.29	57574.42
247.36	57531.84
247.43	57503.08
247.50	57497.90
247.57	57498.28
247.64	57525.59
247.71	57547.40
247.78	57566.42
247.85	57592.17
247.92	57614.51
247.99	57621.65
248.06	57603.93
248.13	57590.49
248.20	57561.14
248.27	57525.90
248.34	57494.76
248.41	57483.37
248.48	57479.67
248.55	57475.11
248.62	57483.17
248.69	57492.31
248.76	57477.76
248.83	57463.72
248.90	57432.56
248.97	57396.75
249.04	57350.65
249.11	57321.39
249.18	57283.25
249.25	57252.06
249.32	57217.47
249.39	57182.91
249.46	57130.49
249.53	57085.88
249.60	57041.78
249.67	57012.31
249.74	56997.21
249.81	57004.30
249.88	57015.34
249.95	57048.12
250.02	57077.30
250.09	57086.37
250.16	57094.56
250.23	57088.56
250.30	57078.88
250.37	57060.17
250.44	57059.98
250.51	57054.98
250.58	57058.16
250.65	57043.35
250.72	57005.43
250.79	56964.25
250.86	56919.43
250.93	56866.05
251.00	56824.46
251.07	56809.98
251.14	56787.23
251.21	56773.12
251.28	56759.36
251.35	56739.91
251.42	56724.02
251.49	56708.82
251.56	56687.32
251.63	56671.65
251.70	56657.73
251.77	56642.54
251.84	56615.42
251.91	56573.05
251.98	56508.00
252.05	56455.93
252.12	56394.07
252.18	56352.24
252.25	56333.37
252.32	56357.03
252.39	56359.29
252.46	56365.58
252.53	56359.79
252.60	56335.16
252.67	56302.23
252.74	56277.81
252.81	56237.16
252.88	56206.56
252.95	56184.25
253.02	56149.12
253.09	56110.48
253.16	56102.40
253.23	56085.62
253.30	56074.88
253.37	56063.85
253.44	56051.48
253.51	56021.87
253.58	55986.88
253.65	55969.18
253.72	55961.62
253.79	55955.83
253.86	55950.70
253.93	55954.60
254.00	55935.66
254.07	55902.78
254.14	55872.68
254.21	55834.14
254.28	55792.60
254.35	55762.30
254.41	55736.47
254.48	55704.30
254.55	55688.80
254.62	55663.53
254.69	55617.38
254.76	55584.58
254.83	55540.10
254.90	55504.12
254.97	55486.05
255.04	55487.65
255.11	55466.35
255.18	55440.35
255.25	55388.80
255.32	55343.86
255.39	55295.86
255.46	55255.63
255.53	55241.80
255.60	55234.78
255.67	55231.83
255.74	55219.84
255.81	55214.07
255.87	55214.71
255.94	55190.80
256.01	55156.01
256.08	55128.96
256.15	55102.82
256.22	55057.05
256.29	55045.32
256.36	55018.57
256.43	55005.32
256.50	54991.40
256.57	54985.16
256.64	54953.65
256.71	54941.18
256.78	54912.66
256.85	54874.14
256.92	54845.55
256.99	54833.96
257.05	54802.70
257.12	54776.91
257.19	54740.97
257.26	54694.32
257.33	54645.13
257.40	54604.92
257.47	54538.22
257.54	54514.08
257.61	54484.56
257.68	54472.61
257.75	54456.12
257.82	54466.80
257.89	54443.42
257.96	54423.90
258.03	54385.06
258.09	54342.88
258.16	54285.20
258.23	54223.60
258.30	54174.75
258.37	54125.18
258.44	54086.56
258.51	54056.86
258.58	54044.67
258.65	54034.22
258.72	54020.58
258.79	53991.65
258.86	53966.34
258.93	53942.29
258.99	53907.52
259.06	53869.46
259.13	53832.48
259.20	53788.78
259.27	53755.59
259.34	53716.78
259.41	53696.08
259.48	53697.66
259.55	53698.56
259.62	53682.30
259.69	53647.01
259.76	53594.04
259.82	53533.02
259.89	53491.86
259.96	53457.05
260.03	53426.94
260.10	53402.12
260.17	53367.76
260.24	53312.44
260.31	53253.13
260.38	53207.56
260.45	53187.67
260.52	53161.54
260.59	53134.51
260.65	53102.59
260.72	53083.48
260.79	53043.84
260.86	53011.68
260.93	52982.58
261.00	52947.66
261.07	52895.68
261.14	52831.93
261.21	52775.96
261.28	52711.14
261.34	52648.44
261.41	52583.41
261.48	52538.20
261.55	52492.96
261.62	52464.30
261.69	52430.82
261.76	52413.32
261.83	52387.29
261.90	52358.16
261.97	52310.82
262.03	52284.85
262.10	52252.76
262.17	52211.63
262.24	52180.63
262.31	52164.66
262.38	52133.43
262.45	52110.95
262.52	52091.24
262.59	52050.80
262.65	52003.34
262.72	51955.99
262.79	51900.28
262.86	51851.09
262.93	51810.99
263.00	51783.16
263.07	51747.55
263.14	51701.34
263.21	51666.28
263.27	51634.35
263.34	51599.04
263.41	51553.22
263.48	51511.08
263.55	51461.74
263.62	51389.64
263.69	51316.38
263.76	51257.77
263.82	51214.38
263.89	51178.60
263.96	51162.30
264.03	51140.29
264.10	51127.22
264.17	51079.12
264.24	51022.17
264.31	50960.57
264.38	50913.62
264.44	50850.17
264.51	50804.24
264.58	50773.30
264.65	50750.13
264.72	50689.12
264.79	50639.98
264.86	50608.35
264.92	50555.30
264.99	50511.61
265.06	50484.26
265.13	50460.16
265.20	50437.38
265.27	50412.89
265.34	50377.69
265.41	50347.27
265.47	50310.19
265.54	50254.66
265.61	50217.98
265.68	50181.52
265.75	50144.66
265.82	50106.68
265.89	50065.32
265.95	50008.46
266.02	49947.20
266.09	49894.73
266.16	49852.52
266.23	49813.54
266.30	49782.37
266.37	49733.98
266.44	49661.40
266.50	49591.66
266.57	49531.04
266.64	49454.04
266.71	49393.37
266.78	49344.93
266.85	49283.39
266.91	49227.95
266.98	49186.26
267.05	49141.42
267.12	49107.00
267.19	49080.78
267.26	49057.00
267.33	49034.60
267.39	49014.26
267.46	48988.14
267.53	48955.25
267.60	48908.12
267.67	48862.64
267.74	48824.76
267.81	48771.89
267.87	48730.79
267.94	48686.16
268.01	48641.70
268.08	48588.92
268.15	48545.07
268.22	48490.36
268.28	48450.31
268.35	48397.10
268.42	48341.34
268.49	48302.71
268.56	48263.85
268.63	48214.48
268.69	48171.29
268.76	48141.34
268.83	48103.52
268.90	48074.13
268.97	48051.44
269.04	48039.00
269.11	48009.82
269.17	47979.50
269.24	47931.26
269.31	47895.59
269.38	47854.30
269.45	47820.10
269.52	47777.46
269.58	47754.42
269.65	47699.57
269.72	47646.14
269.79	47599.74
269.86	47565.61
269.92	47514.44
269.99	47493.03
270.06	47444.64
270.13	47404.80
270.20	47365.59
270.27	47334.10
270.33	47297.84
270.40	47271.66
270.47	47232.36
270.54	47190.92
270.61	47154.72
270.68	47129.18
270.74	47115.58
270.81	47101.39
270.88	47077.57
270.95	47053.70
271.02	47004.49
271.08	46955.55
271.15	46902.60
271.22	46861.92
271.29	46826.42
271.36	46778.56
271.43	46736.62
271.49	46713.22
271.56	46687.28
271.63	46650.31
271.70	46630.20
271.77	46625.78
271.83	46593.42
271.90	46554.72
271.97	46511.37
272.04	46468.64
272.11	46420.69
272.17	46395.40
272.24	46373.98
272.31	46351.20
272.38	46340.66
272.45	46306.98
272.52	46269.46
272.58	46246.59
272.65	46242.50
272.72	46219.69
272.79	46199.29
272.86	46168.92
272.92	46127.25
272.99	46067.94
273.06	46014.27
273.13	45967.09
273.20	45931.91
273.26	45895.58
273.33	45872.82
273.40	45849.38
273.47	45827.84
273.54	45797.72
273.60	45776.21
273.67	45743.79
273.74	45717.26
273.81	45695.16
273.88	45690.13
273.94	45677.27
274.01	45679.67
274.08	45681.24
274.15	45670.12
274.21	45633.12
274.28	45585.72
274.35	45519.66
274.42	45444.66
274.49	45370.85
274.55	45333.66
274.62	45313.79
274.69	45292.38
274.76	45266.95
274.83	45251.28
274.89	45217.34
274.96	45164.00
275.03	45130.64
275.10	45096.42
275.17	45071.82
275.23	45027.42
275.30	44993.00
275.37	44958.36
275.44	44935.41
275.50	44892.55
275.57	44864.90
275.64	44836.55
275.71	44790.02
275.78	44748.99
275.84	44718.25
275.91	44683.14
275.98	44642.92
276.05	44608.20
276.11	44577.10
276.18	44539.86
276.25	44498.56
276.32	44468.28
276.39	44428.95
276.45	44371.04
276.52	44320.76
276.59	44275.16
276.66	44236.57
276.72	44213.98
276.79	44207.58
276.86	44196.40
276.93	44186.12
276.99	44162.05
277.06	44128.00
277.13	44093.57
277.20	44054.94
277.26	44015.64
277.33	43991.77
277.40	43978.66
277.47	43940.50
277.54	43908.11
277.60	43883.31
277.67	43840.78
277.74	43780.28
277.81	43729.17
277.87	43680.14
277.94	43628.10
278.01	43591.64
278.08	43561.62
278.14	43534.80
278.21	43513.41
278.28	43495.84
278.35	43474.79
278.41	43465.05
278.48	43460.37
278.55	43434.50
278.62	43411.09
278.68	43382.56
278.75	43329.66
278.82	43282.15
278.89	43239.60
278.95	43188.00
279.02	43129.08
279.09	43101.86
279.16	43080.94
279.22	43070.30
279.29	43049.09
279.36	43035.67
279.43	42994.20
279.49	42931.66
279.56	42855.64
279.63	42783.09
279.70	42704.58
279.76	42651.00
279.83	42614.29
279.90	42599.20
279.97	42579.92
280.03	42569.08
280.10	42550.86
280.17	42523.00
280.24	42483.36
280.30	42459.24
280.37	42416.59
280.44	42378.50
280.51	42343.48
280.57	42311.02
280.64	42262.70
280.71	42225.90
280.77	42170.36
280.84	42098.06
280.91	42016.98
280.98	41942.59
281.04	41860.76
281.11	41783.54
281.18	41711.61
281.25	41636.15
281.31	41568.42
281.38	41495.82
281.45	41431.46
281.52	41385.08
281.58	41332.34
281.65	41281.38
281.72	41233.54
281.78	41198.08
281.85	41153.86
281.92	41136.49
281.99	41109.65
282.05	41096.34
282.12	41066.66
282.19	41043.38
282.26	41017.74
282.32	41000.53
282.39	40983.94
282.46	40955.45
282.52	40927.30
282.59	40890.80
282.66	40870.72
282.73	40834.72
282.79	40806.22
282.86	40775.35
282.93	40728.11
282.99	40661.24
283.06	40595.07
283.13	40518.20
283.20	40431.72
283.26	40350.44
283.33	40261.71
283.40	40181.18
283.46	40140.40
283.53	40097.94
283.60	40069.58
283.67	40062.66
283.73	40063.82
283.80	40039.85
283.87	40028.74
283.93	40029.20
284.00	40010.08
284.07	39989.49
284.13	39972.53
284.20	39949.32
284.27	39915.48
284.34	39879.80
284.40	39853.26
284.47	39825.24
284.54	39811.98
284.60	39792.26
284.67	39774.26
284.74	39746.70
284.81	39714.90
284.87	39676.65
284.94	39622.30
285.01	39575.76
285.07	39517.90
285.14	39471.92
285.21	39426.04
285.27	39397.68
285.34	39372.92
285.41	39362.89
285.47	39347.65
285.54	39328.50
285.61	39309.50
285.68	39288.86
285.74	39270.34
285.81	39247.98
285.88	39231.79
285.94	39213.00
286.01	39194.25
286.08	39170.53
286.14	39161.25
286.21	39137.64
286.28	39125.43
286.34	39101.74
286.41	39069.32
286.48	39021.23
286.55	38977.68
286.61	38930.52
286.68	38892.72
286.75	38849.00
286.81	38804.82
286.88	38765.47
286.95	38710.28
287.01	38678.92
287.08	38665.22
287.15	38657.30
287.21	38652.26
287.28	38668.41
287.35	38653.16
287.41	38636.78
287.48	38611.50
287.55	38594.06
287.61	38570.02
287.68	38550.86
287.75	38517.83
287.81	38499.84
287.88	38476.61
287.95	38453.11
288.01	38427.16
288.08	38421.72
288.15	38390.90
288.21	38350.88
288.28	38314.12
288.35	38285.10
288.41	38253.31
288.48	38227.41
288.55	38207.51
288.61	38171.86
288.68	38130.42
288.75	38082.19
288.81	38042.94
288.88	38004.06
288.95	37986.76
289.01	37974.39
289.08	37969.58
289.15	37973.19
289.21	37975.18
289.28	37973.25
289.35	37981.45
289.41	37971.80
289.48	37967.31
289.55	37960.41
289.61	37943.79
289.68	37923.36
289.75	37913.64
289.81	37887.24
289.88	37859.38
289.95	37834.35
290.01	37798.34
290.08	37764.54
290.15	37727.75
290.21	37695.24
290.28	37675.34
290.35	37653.02
290.41	37627.50
290.48	37615.63
290.55	37591.40
290.61	37545.48
290.68	37509.87
290.74	37484.64
290.81	37469.84
290.88	37468.64
290.94	37479.16
291.01	37494.54
291.08	37506.47
291.14	37506.38
291.21	37515.08
291.28	37519.77
291.34	37512.59
291.41	37502.24
291.48	37492.28
291.54	37471.71
291.61	37458.53
291.68	37448.10
291.74	37422.47
291.81	37401.68
291.87	37387.56
291.94	37343.12
292.01	37305.62
292.07	37278.52
292.14	37240.16
292.21	37185.46
292.27	37155.43
292.34	37121.07
292.41	37101.29
292.47	37076.42
292.54	37063.97
292.60	37045.55
292.67	37048.93
292.74	37042.79
292.80	37059.12
292.87	37067.26
292.94	37090.55
293.00	37091.50
293.07	37092.28
293.13	37094.31
293.20	37105.21
293.27	37105.32
293.33	37105.63
293.40	37105.80
293.47	37090.19
293.53	37071.86
293.60	37042.46
293.66	37000.77
293.73	36954.36
293.80	36896.87
293.86	36846.41
293.93	36809.08
294.00	36779.84
294.06	36754.21
294.13	36741.37
294.19	36722.47
294.26	36705.86
294.33	36702.53
294.39	36687.48
294.46	36687.24
294.52	36687.10
294.59	36689.48
294.66	36682.12
294.72	36689.86
294.79	36692.90
294.86	36695.11
294.92	36704.88
294.99	36736.11
295.05	36762.64
295.12	36781.43
295.19	36802.06
295.25	36806.35
295.32	36791.61
295.38	36782.14
295.45	36773.47
295.52	36762.83
295.58	36737.10
295.65	36712.58
295.71	36678.39
295.78	36618.27
295.85	36557.12
295.91	36516.20
295.98	36458.58
296.04	36396.38
296.11	36370.76
296.18	36354.91
296.24	36342.20
296.31	36342.18
296.37	36363.42
296.44	36391.08
296.51	36415.55
296.57	36440.26
296.64	36473.68
296.70	36497.10
296.77	36512.85
296.84	36514.58
296.90	36517.25
296.97	36515.41
297.03	36522.18
297.10	36518.18
297.17	36524.73
297.23	36534.00
297.30	36540.76
297.36	36533.02
297.43	36533.80
297.50	36523.70
297.56	36501.74
297.63	36468.60
297.69	36429.58
297.76	36375.32
297.82	36322.02
297.89	36269.16
297.96	36222.21
298.02	36185.53
298.09	36153.25
298.15	36132.22
298.22	36130.87
298.29	36128.04
298.35	36119.44
298.42	36126.48
298.48	36133.34
298.55	36138.20
298.61	36151.34
298.68	36176.08
298.75	36201.45
298.81	36223.42
298.88	36241.29
298.94	36253.72
299.01	36270.44
299.08	36271.47
299.14	36277.96
299.21	36272.08
299.27	36275.48
299.34	36261.42
299.40	36264.10
299.47	36253.03
299.54	36241.06
299.60	36230.28
299.67	36207.32
299.73	36163.00
299.80	36103.73
299.86	36037.65
299.93	35952.34
299.99	35895.18
300.06	35826.03
300.13	35787.56
300.19	35763.36
300.26	35753.12
300.32	35746.76
300.39	35766.06
300.45	35789.30
300.52	35827.20
300.59	35870.21
300.65	35902.78
300.72	35933.27
300.78	35952.11
300.85	35967.70
300.91	35966.46
300.98	35958.48
301.04	35951.87
301.11	35948.72
301.18	35932.37
301.24	35933.39
301.31	35920.13
301.37	35900.85
301.44	35877.16
301.50	35857.89
301.57	35829.26
301.63	35820.25
301.70	35799.21
301.77	35762.03
301.83	35705.38
301.90	35641.42
301.96	35560.01
302.03	35488.46
302.09	35433.87
302.16	35389.48
302.22	35361.76
302.29	35338.49
302.36	35323.98
302.42	35310.16
302.49	35308.84
302.55	35303.70
302.62	35309.75
302.68	35313.13
302.75	35326.52
302.81	35321.47
302.88	35311.74
302.94	35310.38
303.01	35304.71
303.07	35282.16
303.14	35277.04
303.21	35269.91
303.27	35252.59
303.34	35230.42
303.40	35214.88
303.47	35187.72
303.53	35159.29
303.60	35133.26
303.66	35106.90
303.73	35075.14
303.79	35039.08
303.86	34989.68
303.92	34939.43
303.99	34878.18
304.05	34800.54
304.12	34725.32
304.19	34657.84
304.25	34593.50
304.32	34541.40
304.38	34507.70
304.45	34473.68
304.51	34455.86
304.58	34438.49
304.64	34427.64
304.71	34427.04
304.77	34407.62
304.84	34389.74
304.90	34376.82
304.97	34354.22
305.03	34316.74
305.10	34310.46
305.16	34297.56
305.23	34272.52
305.29	34252.16
305.36	34216.99
305.42	34184.50
305.49	34141.84
305.56	34103.12
305.62	34058.17
305.69	34030.11
305.75	33987.00
305.82	33917.45
305.88	33807.37
305.95	33679.34
306.01	33545.42
306.08	33408.84
306.14	33295.46
306.21	33222.56
306.27	33161.08
306.34	33118.89
306.40	33081.37
306.47	33063.94
306.53	33075.47
306.60	33098.29
306.66	33107.28
306.73	33113.88
306.79	33103.90
306.86	33067.66
306.92	33027.60
306.99	32999.48
307.05	32972.76
307.12	32947.92
307.18	32915.14
307.25	32883.50
307.31	32836.92
307.38	32792.90
307.44	32751.86
307.51	32708.91
307.57	32654.40
307.64	32606.93
307.70	32560.34
307.77	32514.37
307.83	32469.13
307.90	32426.02
307.96	32388.67
308.03	32329.72
308.09	32270.44
308.16	32204.94
308.22	32145.82
308.29	32078.95
308.35	32024.25
308.42	31964.87
308.48	31896.62
308.55	31826.73
308.61	31757.09
308.68	31696.72
308.74	31631.46
308.81	31597.63
308.87	31574.30
308.94	31547.20
309.00	31514.03
309.07	31480.11
309.13	31429.30
309.20	31386.75
309.26	31335.21
309.33	31282.15
309.39	31233.96
309.45	31190.92
309.52	31119.58
309.58	31067.82
309.65	31016.23
309.71	30953.12
309.78	30898.45
309.84	30849.44
309.91	30790.19
309.97	30724.10
310.04	30683.30
310.10	30622.42
310.17	30574.71
310.23	30520.56
310.30	30477.62
310.36	30424.43
310.43	30374.20
310.49	30305.85
310.56	30241.88
310.62	30167.19
310.69	30094.80
310.75	30021.30
310.81	29969.48
310.88	29915.44
310.94	29879.89
311.01	29828.08
311.07	29789.75
311.14	29737.42
311.20	29698.27
311.27	29643.98
311.33	29608.32
311.40	29559.79
311.46	29518.99
311.53	29474.92
311.59	29437.29
311.66	29395.99
311.72	29350.60
311.78	29298.36
311.85	29251.63
311.91	29204.88
311.98	29151.32
312.04	29115.83
312.11	29086.30
312.17	29048.20
312.24	29002.80
312.30	28955.52
312.37	28890.54
312.43	28823.67
312.50	28753.98
312.56	28696.24
312.62	28632.17
312.69	28577.66
312.75	28516.32
312.82	28447.00
312.88	28370.04
312.95	28313.24
313.01	28254.09
313.08	28201.04
313.14	28159.66
313.20	28115.15
313.27	28055.59
313.33	27997.81
313.40	27953.50
313.46	27900.09
313.53	27857.54
313.59	27819.86
313.66	27784.26
313.72	27740.93
313.78	27697.48
313.85	27651.62
313.91	27610.38
313.98	27569.36
314.04	27516.00
314.11	27478.62
314.17	27429.00
314.24	27375.45
314.30	27323.01
314.36	27272.95
314.43	27223.92
314.49	27172.70
314.56	27116.62
314.62	27057.19
314.69	27005.23
314.75	26945.29
314.81	26890.77
314.88	26841.34
314.94	26798.17
315.01	26750.56
315.07	26698.12
315.14	26652.06
315.20	26612.86
315.27	26565.62
315.33	26522.82
315.39	26479.50
315.46	26436.90
315.52	26381.49
315.59	26332.52
315.65	26287.87
315.72	26245.64
315.78	26200.34
315.84	26155.10
315.91	26116.50
315.97	26071.41
316.04	26058.50
316.10	26032.78
316.16	26000.62
316.23	25939.50
316.29	25846.18
316.36	25688.60
316.42	25511.00
316.49	25311.04
316.55	25092.14
316.61	24877.07
316.68	24659.82
316.74	24437.12
316.81	24220.21
316.87	24007.41
316.93	23789.74
317.00	23577.90
317.06	23368.55
317.13	23150.71
317.19	22931.21
317.26	22709.26
317.32	22486.96
317.38	22268.86
317.45	22049.72
317.51	21837.90
317.58	21631.72
317.64	21416.44
317.70	21213.48
317.77	21013.22
317.83	20807.63
317.90	20600.94
317.96	20392.78
318.02	20181.18
318.09	19985.04
318.15	19780.52
318.22	19565.27
318.28	19366.02
318.34	19153.16
318.41	18920.21
318.47	18697.68
318.54	18491.43
318.60	18271.73
318.66	18070.80
318.73	17865.98
318.79	17670.92
318.86	17473.95
318.92	17276.71
318.98	17086.82
319.05	16897.58
319.11	16705.14
319.18	16506.97
319.24	16316.21
319.30	16099.54
319.37	15909.71
319.43	15721.40
319.50	15529.60
319.56	15342.46
319.62	15166.97
319.69	14976.02
319.75	14780.36
319.82	14599.26
319.88	14412.36
319.94	14226.62
320.01	14049.20
320.07	13861.71
320.13	13673.61
320.20	13489.86
320.26	13301.32
320.33	13113.47
320.39	12938.84
320.45	12753.14
320.52	12576.49
320.58	12401.68
320.65	12220.29
320.71	12033.60
320.77	11862.06
320.84	11681.81
320.90	11502.22
320.96	11324.75
321.03	11141.07
321.09	10953.86
321.16	10766.86
321.22	10573.68
321.28	10393.24
321.35	10226.65
321.41	10052.56
321.47	9882.40
321.54	9719.77
321.60	9541.88
321.67	9368.87
321.73	9201.30
321.79	9027.50
321.86	8859.68
321.92	8694.29
321.98	8508.77
322.05	8318.61
322.11	8126.69
322.18	7928.36
322.24	7739.06
322.30	7558.44
322.37	7389.20
322.43	7217.08
322.49	7052.39
322.56	6874.19
322.62	6703.92
322.68	6521.26
322.75	6355.08
322.81	6177.62
322.88	6006.99
322.94	5835.34
323.00	5665.23
323.07	5491.51
323.13	5323.27
323.19	5156.67
323.26	4996.46
323.32	4841.84
323.38	4679.70
323.45	4458.52
323.51	3820.04
323.57	2932.89
323.64	2006.16
323.70	1118.19
323.76	322.88
323.83	-20.94
323.89	-90.30
323.96	-90.97
