180.21	3369.05
180.28	-115.10
180.36	625.62
180.44	-41.78
180.51	-12.62
180.59	9.28
180.66	36.11
180.74	32.49
180.81	30.48
180.89	31.89
180.97	33.21
181.04	30.36
181.12	29.31
181.19	29.18
181.27	30.50
181.34	48.50
181.42	56.19
181.50	64.04
181.57	76.18
181.65	81.69
181.72	75.02
181.80	69.80
181.87	70.79
181.95	71.22
182.03	69.74
182.10	72.21
182.18	73.80
182.25	78.84
182.33	77.74
182.40	84.68
182.48	80.32
182.55	91.91
182.63	95.16
182.71	97.34
182.78	98.05
182.86	104.94
182.93	101.95
183.01	103.96
183.08	105.39
183.16	111.50
183.23	106.73
183.31	113.03
183.39	112.54
183.46	121.72
183.54	116.86
183.61	123.94
183.69	125.43
183.76	134.98
183.84	135.10
183.91	136.32
183.99	146.50
184.06	148.79
184.14	152.59
184.22	156.60
184.29	160.00
184.37	158.03
184.44	152.63
184.52	140.17
184.59	136.92
184.67	141.69
184.74	134.90
184.82	147.14
184.89	160.18
184.97	169.12
185.04	175.91
185.12	184.74
185.20	192.00
185.27	199.44
185.35	207.68
185.42	206.45
185.50	218.28
185.57	218.31
185.65	223.06
185.72	221.97
185.80	230.68
185.87	228.04
185.95	226.64
186.02	227.69
186.10	226.50
186.17	225.97
186.25	226.57
186.33	218.90
186.40	212.27
186.48	214.25
186.55	217.72
186.63	219.71
186.70	247.09
186.78	262.97
186.85	278.62
186.93	289.35
187.00	303.47
187.08	298.24
187.15	306.02
187.23	308.74
187.30	313.18
187.38	325.03
187.45	340.01
187.53	351.38
187.60	359.50
187.68	369.34
187.75	379.27
187.83	388.65
187.90	387.45
187.98	387.77
188.05	390.58
188.13	375.73
188.21	354.20
188.28	352.38
188.36	348.54
188.43	345.76
188.51	358.56
188.58	384.27
188.66	385.42
188.73	398.87
188.81	418.42
188.88	427.36
188.96	435.51
189.03	464.35
189.11	488.07
189.18	500.70
189.26	519.48
189.33	545.49
189.41	569.68
189.48	589.41
189.56	609.80
189.63	627.16
189.71	624.47
189.78	600.53
189.86	573.94
189.93	554.10
190.01	525.49
190.08	508.20
190.16	498.49
190.23	485.10
190.31	478.30
190.38	476.13
190.46	480.44
190.53	500.72
190.61	541.60
190.68	566.40
190.76	610.43
190.83	647.93
190.91	674.29
190.98	685.35
191.06	708.10
191.13	717.56
191.21	721.28
191.28	716.49
191.35	713.87
191.43	702.70
191.50	686.28
191.58	680.72
191.65	687.32
191.73	694.58
191.80	705.23
191.88	711.73
191.95	713.84
192.03	718.24
192.10	728.10
192.18	742.92
192.25	765.39
192.33	781.64
192.40	786.56
192.48	782.49
192.55	773.19
192.63	756.77
192.70	749.37
192.78	749.83
192.85	761.40
192.93	769.54
193.00	765.75
193.08	748.84
193.15	731.19
193.22	717.90
193.30	714.93
193.37	752.37
193.45	793.92
193.52	846.19
193.60	903.10
193.67	950.31
193.75	977.77
193.82	1010.21
193.90	1024.51
193.97	1025.65
194.05	1017.03
194.12	995.76
194.20	970.41
194.27	939.36
194.34	893.90
194.42	853.85
194.49	831.31
194.57	814.72
194.64	799.30
194.72	794.26
194.79	802.04
194.87	814.73
194.94	848.79
195.02	906.47
195.09	976.58
195.17	1051.10
195.24	1118.51
195.31	1165.27
195.39	1197.57
195.46	1214.93
195.54	1224.66
195.61	1222.14
195.69	1205.30
195.76	1173.40
195.84	1126.31
195.91	1040.34
195.99	944.05
196.06	856.13
196.13	801.00
196.21	780.86
196.28	810.18
196.36	878.98
196.43	966.03
196.51	1052.75
196.58	1136.00
196.66	1210.58
196.73	1266.06
196.80	1301.27
196.88	1321.91
196.95	1334.35
197.03	1331.87
197.10	1311.53
197.18	1280.04
197.25	1221.73
197.33	1134.97
197.40	1043.25
197.47	948.86
197.55	876.49
197.62	834.48
197.70	831.68
197.77	860.57
197.85	923.77
197.92	998.93
197.99	1090.96
198.07	1191.74
198.14	1286.81
198.22	1382.35
198.29	1460.21
198.37	1516.79
198.44	1553.33
198.51	1567.19
198.59	1553.54
198.66	1525.76
198.74	1469.58
198.81	1370.34
198.89	1247.47
198.96	1128.63
199.03	1014.11
199.11	933.20
199.18	903.95
199.26	929.91
199.33	992.00
199.41	1088.68
199.48	1196.55
199.55	1313.75
199.63	1413.31
199.70	1505.15
199.78	1576.68
199.85	1647.85
199.93	1704.29
200.00	1757.16
200.07	1778.39
200.15	1781.69
200.22	1739.89
200.30	1649.94
200.37	1513.24
200.44	1337.89
200.52	1171.23
200.59	1052.32
200.67	989.26
200.74	987.91
200.81	1059.42
200.89	1154.72
200.96	1263.09
201.04	1370.50
201.11	1494.23
201.19	1612.52
201.26	1723.91
201.33	1812.68
201.41	1889.78
201.48	1937.36
201.56	1956.32
201.63	1956.86
201.70	1916.45
201.78	1831.40
201.85	1703.27
201.93	1553.08
202.00	1400.38
202.07	1277.60
202.15	1184.74
202.22	1142.05
202.30	1161.33
202.37	1222.23
202.44	1317.51
202.52	1458.10
202.59	1620.29
202.67	1767.86
202.74	1906.56
202.81	2030.76
202.89	2142.82
202.96	2250.02
203.04	2349.93
203.11	2417.10
203.18	2458.50
203.26	2450.77
203.33	2379.18
203.41	2248.27
203.48	2065.72
203.55	1814.42
203.63	1577.33
203.70	1405.05
203.77	1317.43
203.85	1322.98
203.92	1438.01
204.00	1617.10
204.07	1800.15
204.14	1984.21
204.22	2163.63
204.29	2344.26
204.37	2499.04
204.44	2637.39
204.51	2750.23
204.59	2824.29
204.66	2849.04
204.73	2839.05
204.81	2782.55
204.88	2677.02
204.96	2513.79
205.03	2289.30
205.10	2042.93
205.18	1829.97
205.25	1659.42
205.32	1569.05
205.40	1584.06
205.47	1678.52
205.55	1826.41
205.62	2024.82
205.69	2263.64
205.77	2512.98
205.84	2756.70
205.91	2973.68
205.99	3161.99
206.06	3317.18
206.14	3456.53
206.21	3585.12
206.28	3681.89
206.36	3750.50
206.43	3756.07
206.50	3685.84
206.58	3510.54
206.65	3239.90
206.72	2874.67
206.80	2498.72
206.87	2179.73
206.95	1985.64
207.02	1954.19
207.09	2081.81
207.17	2327.86
207.24	2626.89
207.31	2934.22
207.39	3232.11
207.46	3525.69
207.53	3800.29
207.61	4061.07
207.68	4297.01
207.75	4513.74
207.83	4693.04
207.90	4812.55
207.98	4857.58
208.05	4829.43
208.12	4695.60
208.20	4454.38
208.27	4120.47
208.34	3698.80
208.42	3260.51
208.49	2910.26
208.56	2678.75
208.64	2612.92
208.71	2717.72
208.78	2935.53
208.86	3212.37
208.93	3535.27
209.00	3873.87
209.08	4226.12
209.15	4591.99
209.22	4943.20
209.30	5268.22
209.37	5558.31
209.44	5816.77
209.52	6027.65
209.59	6178.72
209.67	6255.43
209.74	6239.38
209.81	6115.54
209.89	5846.69
209.96	5433.08
210.03	4921.35
210.11	4422.53
210.18	3976.65
210.25	3670.02
210.33	3574.48
210.40	3689.20
210.47	3945.91
210.55	4318.79
210.62	4754.02
210.69	5199.27
210.77	5644.36
210.84	6052.51
210.91	6443.24
210.99	6805.03
211.06	7150.57
211.13	7471.81
211.21	7773.51
211.28	8006.92
211.35	8169.49
211.42	8205.93
211.50	8087.83
211.57	7796.16
211.64	7341.85
211.72	6733.66
211.79	6079.41
211.86	5538.81
211.94	5238.58
212.01	5188.45
212.08	5413.62
212.16	5828.86
212.23	6296.14
212.30	6726.24
212.38	7121.06
212.45	7483.05
212.52	7811.94
212.60	8133.83
212.67	8470.58
212.74	8826.55
212.82	9186.47
212.89	9553.63
212.96	9872.34
213.03	10088.09
213.11	10173.32
213.18	10096.31
213.25	9847.24
213.33	9415.49
213.40	8842.13
213.47	8268.81
213.55	7800.81
213.62	7485.93
213.69	7416.93
213.77	7604.58
213.84	7943.48
213.91	8374.43
213.98	8839.73
214.06	9276.46
214.13	9660.73
214.20	9999.97
214.28	10328.05
214.35	10690.32
214.42	11104.00
214.50	11558.49
214.57	12026.26
214.64	12451.03
214.72	12782.72
214.79	12998.54
214.86	13068.88
214.93	12982.01
215.01	12721.81
215.08	12269.09
215.15	11634.88
215.23	10917.09
215.30	10314.81
215.37	9966.04
215.44	9976.34
215.52	10325.33
215.59	10939.68
215.66	11623.40
215.74	12264.58
215.81	12800.46
215.88	13297.26
215.95	13759.04
216.03	14217.74
216.10	14662.06
216.17	15083.15
216.25	15439.35
216.32	15732.27
216.39	15919.98
216.46	16050.28
216.54	16128.22
216.61	16125.18
216.68	15999.81
216.76	15755.62
216.83	15318.93
216.90	14701.43
216.97	14050.17
217.05	13555.03
217.12	13312.92
217.19	13389.66
217.27	13809.22
217.34	14454.07
217.41	15195.46
217.48	15934.25
217.56	16637.19
217.63	17269.91
217.70	17809.05
217.78	18235.41
217.85	18592.94
217.92	18882.24
217.99	19133.02
218.07	19346.07
218.14	19545.48
218.21	19755.49
218.28	19961.22
218.36	20132.98
218.43	20232.82
218.50	20199.86
218.57	19943.81
218.65	19447.91
218.72	18734.77
218.79	17988.90
218.87	17395.21
218.94	17105.90
219.01	17208.43
219.08	17693.71
219.16	18424.16
219.23	19229.12
219.30	19999.43
219.37	20671.26
219.45	21250.49
219.52	21759.97
219.59	22231.80
219.66	22659.60
219.74	23071.28
219.81	23463.54
219.88	23815.34
219.95	24142.41
220.03	24438.86
220.10	24682.99
220.17	24840.73
220.24	24875.64
220.32	24732.45
220.39	24395.12
220.46	23857.82
220.53	23172.77
220.61	22485.90
220.68	21992.26
220.75	21807.35
220.82	21955.73
220.90	22392.15
220.97	23009.50
221.04	23624.56
221.11	24172.53
221.19	24668.12
221.26	25141.94
221.33	25601.58
221.40	26064.09
221.48	26523.74
221.55	26959.04
221.62	27365.80
221.69	27741.51
221.77	28092.10
221.84	28394.89
221.91	28627.45
221.98	28782.99
222.06	28835.68
222.13	28778.63
222.20	28605.90
222.27	28345.22
222.35	27991.44
222.42	27646.90
222.49	27389.47
222.56	27276.82
222.63	27300.94
222.71	27476.83
222.78	27731.89
222.85	28005.97
222.92	28291.33
223.00	28595.15
223.07	28921.77
223.14	29281.47
223.21	29672.59
223.29	30071.51
223.36	30483.92
223.43	30895.24
223.50	31286.71
223.57	31633.95
223.65	31929.33
223.72	32147.06
223.79	32279.36
223.86	32320.86
223.94	32289.67
224.01	32221.00
224.08	32136.94
224.15	32041.58
224.22	31940.04
224.30	31864.51
224.37	31834.91
224.44	31864.09
224.51	31953.02
224.59	32112.52
224.66	32339.74
224.73	32574.41
224.80	32810.92
224.87	33074.00
224.95	33372.42
225.02	33670.30
225.09	33977.16
225.16	34280.40
225.23	34575.54
225.31	34827.37
225.38	35023.58
225.45	35196.50
225.52	35319.91
225.60	35359.57
225.67	35339.41
225.74	35262.73
225.81	35132.43
225.88	35009.53
225.96	34969.37
226.03	35005.25
226.10	35129.54
226.17	35318.73
226.24	35540.21
226.32	35750.43
226.39	35965.04
226.46	36178.85
226.53	36420.30
226.60	36661.36
226.68	36896.65
226.75	37111.82
226.82	37317.36
226.89	37487.64
226.96	37638.91
227.04	37751.65
227.11	37858.99
227.18	37959.97
227.25	38037.76
227.32	38115.85
227.40	38211.41
227.47	38266.80
227.54	38269.68
227.61	38230.79
227.68	38132.83
227.76	38000.88
227.83	37910.49
227.90	37906.91
227.97	37995.14
228.04	38166.57
228.11	38380.12
228.19	38608.27
228.26	38830.78
228.33	39020.55
228.40	39195.62
228.47	39372.16
228.55	39520.97
228.62	39659.26
228.69	39792.27
228.76	39895.64
228.83	39990.12
228.90	40099.13
228.98	40203.98
229.05	40324.85
229.12	40475.72
229.19	40624.93
229.26	40761.69
229.34	40879.19
229.41	40952.59
229.48	40988.92
229.55	40993.75
229.62	40984.33
229.69	40943.41
229.77	40881.44
229.84	40833.09
229.91	40821.43
229.98	40838.83
230.05	40894.34
230.12	41014.47
230.20	41156.79
230.27	41298.82
230.34	41446.70
230.41	41599.57
230.48	41731.28
230.55	41843.69
230.63	41947.20
230.70	42037.11
230.77	42099.02
230.84	42153.74
230.91	42194.22
230.98	42241.74
231.06	42292.02
231.13	42386.91
231.20	42501.11
231.27	42629.97
231.34	42738.17
231.41	42851.24
231.49	42936.25
231.56	42996.61
231.63	43046.55
231.70	43099.72
231.77	43120.52
231.84	43118.22
231.92	43123.50
231.99	43142.07
232.06	43168.46
232.13	43218.11
232.20	43292.96
232.27	43370.44
232.34	43431.61
232.42	43479.82
232.49	43531.21
232.56	43568.70
232.63	43606.86
232.70	43659.49
232.77	43727.03
232.85	43783.75
232.92	43849.69
232.99	43907.07
233.06	43975.34
233.13	44037.45
233.20	44090.02
233.27	44133.40
233.35	44175.42
233.42	44207.62
233.49	44237.70
233.56	44275.47
233.63	44327.27
233.70	44372.01
233.77	44431.59
233.85	44474.45
233.92	44537.72
233.99	44580.01
234.06	44630.29
234.13	44664.09
234.20	44717.68
234.27	44747.24
234.35	44783.79
234.42	44813.26
234.49	44828.89
234.56	44839.33
234.63	44838.93
234.70	44833.99
234.77	44823.07
234.84	44816.03
234.92	44797.41
234.99	44804.73
235.06	44828.10
235.13	44858.47
235.20	44903.88
235.27	44966.04
235.34	45015.94
235.41	45051.28
235.49	45082.94
235.56	45109.78
235.63	45137.32
235.70	45162.85
235.77	45187.42
235.84	45204.54
235.91	45211.21
235.98	45212.73
236.06	45215.48
236.13	45228.16
236.20	45251.02
236.27	45258.60
236.34	45267.60
236.41	45279.30
236.48	45275.61
236.55	45277.80
236.63	45294.63
236.70	45294.98
236.77	45294.72
236.84	45318.84
236.91	45336.72
236.98	45350.87
237.05	45383.18
237.12	45392.02
237.19	45384.80
237.27	45381.44
237.34	45382.32
237.41	45378.74
237.48	45385.14
237.55	45393.21
237.62	45402.76
237.69	45413.73
237.76	45434.88
237.83	45467.65
237.91	45503.56
237.98	45533.53
238.05	45552.29
238.12	45549.62
238.19	45551.17
238.26	45552.40
238.33	45542.60
238.40	45546.27
238.47	45557.14
238.54	45563.88
238.62	45563.95
238.69	45570.91
238.76	45559.50
238.83	45547.20
238.90	45541.39
238.97	45554.35
239.04	45575.50
239.11	45612.44
239.18	45655.18
239.25	45681.41
239.33	45666.18
239.40	45653.84
239.47	45633.64
239.54	45587.60
239.61	45537.92
239.68	45513.56
239.75	45493.74
239.82	45477.48
239.89	45481.30
239.96	45503.09
240.03	45516.36
240.11	45526.49
240.18	45532.39
240.25	45546.09
240.32	45546.58
240.39	45564.41
240.46	45588.63
240.53	45623.88
240.60	45668.65
240.67	45714.87
240.74	45754.08
240.81	45780.55
240.88	45789.57
240.96	45792.73
241.03	45795.24
241.10	45802.83
241.17	45796.01
241.24	45811.15
241.31	45814.47
241.38	45809.12
241.45	45794.40
241.52	45800.46
241.59	45797.93
241.66	45803.29
241.73	45836.31
241.80	45871.84
241.88	45903.53
241.95	45920.85
242.02	45934.67
242.09	45926.64
242.16	45907.18
242.23	45898.87
242.30	45910.15
242.37	45910.82
242.44	45927.05
242.51	45937.43
242.58	45927.59
242.65	45922.98
242.72	45937.81
242.79	45938.96
242.87	45964.62
242.94	46004.18
243.01	46037.76
243.08	46070.46
243.15	46102.66
243.22	46117.88
243.29	46146.97
243.36	46166.41
243.43	46187.33
243.50	46217.34
243.57	46273.76
243.64	46306.21
243.71	46349.72
243.78	46375.17
243.85	46395.12
243.92	46399.04
243.99	46409.02
244.07	46423.68
244.14	46435.68
244.21	46443.48
244.28	46450.15
244.35	46453.97
244.42	46458.71
244.49	46466.45
244.56	46492.64
244.63	46519.94
244.70	46533.87
244.77	46536.78
244.84	46563.91
244.91	46584.72
244.98	46608.91
245.05	46648.79
245.12	46699.67
245.19	46739.33
245.26	46764.97
245.33	46788.52
245.40	46829.92
245.47	46853.86
245.55	46886.07
245.62	46925.75
245.69	46973.75
245.76	47022.55
245.83	47091.57
245.90	47157.81
245.97	47228.67
246.04	47292.01
246.11	47330.65
246.18	47345.57
246.25	47344.47
246.32	47339.67
246.39	47345.27
246.46	47367.54
246.53	47413.23
246.60	47482.08
246.67	47550.23
246.74	47610.35
246.81	47672.34
246.88	47716.09
246.95	47744.31
247.02	47769.04
247.09	47800.53
247.16	47820.66
247.23	47830.26
247.30	47840.71
247.37	47858.53
247.44	47883.41
247.51	47905.42
247.58	47953.85
247.66	48012.85
247.73	48084.53
247.80	48135.19
247.87	48194.81
247.94	48249.38
248.01	48317.63
248.08	48365.75
248.15	48420.48
248.22	48484.20
248.29	48540.52
248.36	48587.32
248.43	48642.84
248.50	48706.25
248.57	48753.80
248.64	48815.05
248.71	48874.88
248.78	48950.51
248.85	49007.45
248.92	49077.29
248.99	49117.53
249.06	49147.36
249.13	49152.72
249.20	49177.81
249.27	49190.69
249.34	49220.51
249.41	49256.85
249.48	49290.36
249.55	49300.94
249.62	49313.18
249.69	49329.40
249.76	49347.57
249.83	49375.35
249.90	49432.83
249.97	49503.65
250.04	49592.99
250.11	49683.56
250.18	49786.14
250.25	49864.50
250.32	49922.86
250.39	49967.98
250.46	50005.78
250.53	50051.74
250.60	50117.07
250.67	50201.44
250.74	50273.81
250.81	50328.48
250.88	50376.46
250.95	50415.58
251.02	50425.65
251.09	50430.07
251.16	50441.53
251.23	50441.15
251.30	50451.00
251.37	50471.15
251.44	50518.69
251.51	50580.44
251.58	50650.45
251.65	50718.89
251.72	50787.37
251.79	50847.98
251.86	50910.38
251.93	50953.78
252.00	50982.67
252.07	51025.60
252.14	51063.11
252.21	51081.07
252.28	51107.68
252.35	51141.96
252.42	51183.18
252.49	51229.10
252.56	51295.05
252.63	51356.82
252.70	51422.18
252.77	51482.82
252.84	51545.45
252.91	51590.00
252.98	51637.28
253.05	51664.42
253.12	51685.66
253.19	51698.44
253.25	51721.92
253.32	51747.93
253.39	51796.16
253.46	51830.65
253.53	51859.94
253.60	51872.04
253.67	51884.32
253.74	51890.76
253.81	51913.57
253.88	51941.07
253.95	51985.68
254.02	52042.65
254.09	52095.36
254.16	52146.86
254.23	52194.21
254.30	52232.37
254.37	52259.57
254.44	52300.35
254.51	52330.94
254.58	52342.58
254.65	52372.70
254.72	52403.65
254.79	52409.05
254.86	52431.17
254.93	52465.04
255.00	52498.02
255.07	52530.13
255.14	52578.18
255.21	52604.16
255.28	52616.39
255.34	52577.77
255.41	52528.72
255.48	52482.08
255.55	52452.89
255.62	52447.06
255.69	52482.66
255.76	52516.16
255.83	52553.96
255.90	52592.04
255.97	52644.72
256.04	52687.78
256.11	52762.09
256.18	52832.71
256.25	52906.53
256.32	52966.22
256.39	53037.43
256.46	53087.06
256.53	53140.03
256.60	53179.50
256.67	53221.72
256.74	53244.49
256.80	53256.54
256.87	53245.19
256.94	53223.17
257.01	53211.26
257.08	53214.23
257.15	53226.94
257.22	53246.39
257.29	53236.91
257.36	53190.95
257.43	53102.95
257.50	53027.28
257.57	52949.06
257.64	52927.81
257.71	52938.23
257.78	53013.32
257.85	53090.60
257.92	53196.85
257.98	53296.27
258.05	53366.30
258.12	53377.27
258.19	53357.34
258.26	53282.29
258.33	53180.06
258.40	53093.00
258.47	53047.73
258.54	53025.87
258.61	53047.87
258.68	53109.99
258.75	53180.28
258.82	53258.72
258.89	53325.76
258.95	53368.37
259.02	53375.21
259.09	53355.97
259.16	53307.90
259.23	53263.23
259.30	53222.84
259.37	53198.54
259.44	53195.44
259.51	53208.01
259.58	53217.99
259.65	53224.30
259.72	53208.16
259.79	53183.53
259.85	53144.19
259.92	53100.30
259.99	53087.83
260.06	53112.31
260.13	53122.20
260.20	53138.77
260.27	53134.78
260.34	53098.34
260.41	53055.60
260.48	53039.94
260.55	53038.52
260.62	53044.05
260.68	53036.27
260.75	53009.27
260.82	52986.46
260.89	52957.66
260.96	52951.64
261.03	52962.55
261.10	52951.10
261.17	52909.43
261.24	52835.94
261.31	52738.93
261.38	52641.47
261.44	52572.36
261.51	52520.38
261.58	52503.23
261.65	52519.71
261.72	52543.42
261.79	52567.14
261.86	52584.46
261.93	52579.65
262.00	52537.26
262.07	52475.53
262.13	52401.80
262.20	52342.93
262.27	52302.96
262.34	52309.68
262.41	52337.81
262.48	52388.44
262.55	52432.25
262.62	52462.66
262.69	52458.72
262.76	52440.38
262.82	52404.04
262.89	52380.67
262.96	52362.42
263.03	52351.81
263.10	52347.79
263.17	52337.14
263.24	52301.47
263.31	52286.59
263.38	52292.67
263.44	52320.60
263.51	52347.02
263.58	52362.39
263.65	52325.82
263.72	52233.04
263.79	52093.96
263.86	51972.26
263.93	51884.22
264.00	51852.40
264.06	51855.43
264.13	51867.70
264.20	51868.59
264.27	51814.37
264.34	51720.82
264.41	51623.71
264.48	51544.05
264.55	51445.28
264.61	51362.21
264.68	51277.11
264.75	51186.61
264.82	51095.98
264.89	51049.65
264.96	51048.71
265.03	51067.43
265.10	51110.04
265.16	51146.72
265.23	51138.43
265.30	51096.19
265.37	51038.54
265.44	50960.00
265.51	50918.23
265.58	50917.68
265.65	50945.34
265.71	50998.21
265.78	51062.79
265.85	51062.82
265.92	51008.84
265.99	50904.08
266.06	50773.19
266.13	50608.95
266.20	50484.28
266.26	50398.06
266.33	50344.73
266.40	50307.67
266.47	50287.72
266.54	50251.63
266.61	50242.77
266.68	50247.00
266.74	50225.93
266.81	50179.50
266.88	50105.85
266.95	49973.35
267.02	49841.60
267.09	49745.36
267.16	49704.10
267.22	49722.63
267.29	49787.55
267.36	49853.82
267.43	49914.06
267.50	49953.32
267.57	49939.57
267.64	49881.87
267.70	49791.04
267.77	49695.79
267.84	49616.50
267.91	49582.20
267.98	49586.76
268.05	49641.89
268.11	49686.00
268.18	49689.02
268.25	49632.32
268.32	49508.56
268.39	49325.74
268.46	49101.93
268.53	48864.84
268.59	48654.77
268.66	48508.31
268.73	48422.12
268.80	48420.29
268.87	48486.16
268.94	48609.73
269.00	48753.83
269.07	48868.19
269.14	48953.86
269.21	48977.91
269.28	48920.49
269.35	48825.81
269.41	48737.19
269.48	48664.33
269.55	48639.67
269.62	48674.40
269.69	48727.58
269.76	48745.40
269.82	48724.92
269.89	48681.74
269.96	48610.67
270.03	48499.16
270.10	48395.18
270.17	48272.04
270.23	48165.61
270.30	48086.47
270.37	48058.61
270.44	48068.43
270.51	48102.40
270.58	48128.81
270.64	48132.24
270.71	48126.52
270.78	48132.09
270.85	48148.55
270.92	48167.92
270.99	48176.78
271.05	48151.33
271.12	48060.84
271.19	47944.03
271.26	47804.23
271.33	47705.87
271.39	47624.88
271.46	47547.20
271.53	47498.69
271.60	47466.92
271.67	47398.37
271.74	47332.37
271.80	47291.29
271.87	47256.20
271.94	47207.39
272.01	47169.69
272.08	47134.96
272.14	47101.26
272.21	47063.02
272.28	47038.21
272.35	47013.53
272.42	46990.79
272.48	46990.85
272.55	46986.08
272.62	46970.52
272.69	46957.32
272.76	46939.08
272.83	46910.24
272.89	46881.35
272.96	46859.43
273.03	46838.49
273.10	46832.30
273.17	46814.86
273.23	46784.57
273.30	46722.45
273.37	46602.32
273.44	46447.19
273.51	46279.58
273.57	46148.20
273.64	46076.40
273.71	46067.79
273.78	46100.71
273.85	46182.44
273.91	46252.83
273.98	46335.95
274.05	46471.12
274.12	46621.75
274.19	46763.21
274.25	46897.53
274.32	46991.37
274.39	46995.68
274.46	46925.85
274.53	46796.82
274.59	46625.55
274.66	46445.47
274.73	46275.07
274.80	46137.27
274.86	46026.92
274.93	45969.73
275.00	45937.75
275.07	45914.35
275.14	45895.72
275.20	45881.20
275.27	45868.11
275.34	45834.87
275.41	45814.29
275.48	45814.30
275.54	45835.15
275.61	45854.80
275.68	45888.40
275.75	45918.82
275.81	45923.38
275.88	45923.05
275.95	45937.67
276.02	45955.03
276.09	45984.49
276.15	46008.77
276.22	46021.77
276.29	45971.34
276.36	45869.36
276.42	45710.68
276.49	45538.05
276.56	45369.61
276.63	45232.82
276.70	45156.77
276.76	45157.90
276.83	45211.89
276.90	45283.81
276.97	45360.22
277.03	45412.68
277.10	45387.83
277.17	45312.06
277.24	45216.54
277.30	45140.44
277.37	45101.87
277.44	45134.49
277.51	45211.99
277.58	45292.78
277.64	45347.48
277.71	45329.16
277.78	45243.19
277.85	45082.80
277.91	44885.56
277.98	44682.72
278.05	44527.78
278.12	44420.23
278.18	44384.42
278.25	44412.30
278.32	44491.51
278.39	44612.28
278.45	44763.93
278.52	44932.46
278.59	45095.28
278.66	45231.09
278.72	45294.26
278.79	45268.14
278.86	45128.05
278.93	44902.11
278.99	44609.82
279.06	44345.89
279.13	44169.61
279.20	44132.78
279.26	44221.02
279.33	44410.66
279.40	44629.65
279.47	44830.51
279.53	44966.35
279.60	44970.73
279.67	44812.67
279.74	44513.34
279.80	44143.35
279.87	43783.67
279.94	43519.29
280.01	43412.50
280.07	43446.06
280.14	43543.53
280.21	43647.65
280.28	43758.69
280.34	43842.25
280.41	43918.77
280.48	43995.80
280.55	44065.90
280.61	44105.86
280.68	44143.01
280.75	44162.19
280.82	44190.63
280.88	44225.66
280.95	44252.03
281.02	44245.30
281.08	44181.78
281.15	44063.85
281.22	43926.22
281.29	43766.14
281.35	43576.27
281.42	43384.16
281.49	43185.26
281.56	42977.72
281.62	42815.67
281.69	42699.33
281.76	42624.51
281.82	42575.45
281.89	42570.58
281.96	42567.24
282.03	42585.76
282.09	42642.21
282.16	42740.05
282.23	42840.97
282.30	42971.93
282.36	43121.47
282.43	43261.79
282.50	43400.15
282.56	43503.32
282.63	43566.09
282.70	43609.82
282.77	43659.58
282.83	43705.73
282.90	43748.47
282.97	43761.91
283.03	43668.37
283.10	43451.36
283.17	43137.00
283.24	42773.76
283.30	42420.48
283.37	42172.03
283.44	42036.33
283.50	42001.34
283.57	42057.63
283.64	42118.43
283.71	42202.01
283.77	42294.52
283.84	42385.60
283.91	42453.08
283.97	42558.85
284.04	42665.51
284.11	42763.74
284.18	42861.35
284.24	42938.19
284.31	42965.22
284.38	42935.47
284.44	42887.82
284.51	42831.37
284.58	42795.27
284.64	42770.70
284.71	42740.22
284.78	42677.94
284.85	42589.21
284.91	42482.28
284.98	42366.79
285.05	42235.38
285.11	42072.65
285.18	41869.85
285.25	41647.72
285.31	41439.17
285.38	41287.50
285.45	41251.22
285.52	41316.06
285.58	41458.82
285.65	41640.31
285.72	41821.92
285.78	41986.25
285.85	42120.88
285.92	42228.97
285.98	42350.10
286.05	42487.79
286.12	42614.35
286.18	42739.01
286.25	42869.97
286.32	42967.23
286.39	43029.70
286.45	43042.29
286.52	42974.27
286.59	42788.48
286.65	42498.06
286.72	42148.56
286.79	41787.32
286.85	41484.97
286.92	41272.68
286.99	41173.63
287.05	41137.67
287.12	41178.11
287.19	41264.19
287.25	41394.98
287.32	41528.46
287.39	41666.02
287.45	41790.44
287.52	41896.32
287.59	41985.49
287.65	42076.71
287.72	42167.79
287.79	42259.35
287.86	42343.10
287.92	42417.73
287.99	42488.11
288.06	42565.93
288.12	42620.52
288.19	42676.59
288.26	42730.67
288.32	42773.26
288.39	42779.30
288.46	42760.18
288.52	42691.32
288.59	42544.44
288.66	42307.67
288.72	42024.28
288.79	41719.90
288.86	41437.09
288.92	41238.01
288.99	41157.28
289.06	41192.83
289.12	41318.25
289.19	41520.42
289.26	41761.22
289.32	42021.84
289.39	42281.68
289.45	42529.85
289.52	42728.43
289.59	42877.39
289.65	42943.59
289.72	42941.84
289.79	42907.89
289.85	42853.28
289.92	42767.88
289.99	42679.61
290.05	42551.02
290.12	42402.24
290.19	42268.37
290.25	42159.51
290.32	42104.63
290.39	42121.61
290.45	42151.74
290.52	42151.56
290.59	42095.84
290.65	41954.71
290.72	41743.47
290.79	41552.20
290.85	41449.56
290.92	41485.40
290.98	41617.39
291.05	41858.88
291.12	42134.01
291.18	42394.66
291.25	42601.32
291.32	42803.89
291.38	42987.98
291.45	43162.41
291.52	43309.72
291.58	43429.94
291.65	43499.44
291.72	43492.48
291.78	43404.30
291.85	43243.43
291.91	43052.89
291.98	42873.42
292.05	42717.63
292.11	42577.53
292.18	42426.53
292.25	42248.17
292.31	42048.15
292.38	41872.09
292.45	41739.78
292.51	41684.21
292.58	41702.41
292.64	41791.20
292.71	41913.57
292.78	42072.10
292.84	42263.20
292.91	42481.43
292.98	42697.30
293.04	42910.15
293.11	43128.57
293.17	43337.20
293.24	43532.60
293.31	43727.04
293.37	43904.56
293.44	44014.14
293.51	44080.87
293.57	44088.93
293.64	44022.11
293.70	43885.12
293.77	43652.66
293.84	43314.76
293.90	42929.61
293.97	42558.40
294.04	42247.20
294.10	42069.26
294.17	42036.68
294.23	42087.31
294.30	42140.43
294.37	42181.02
294.43	42184.01
294.50	42143.86
294.56	42098.84
294.63	42112.76
294.70	42214.03
294.76	42419.68
294.83	42700.59
294.90	43023.89
294.96	43359.88
295.03	43664.01
295.09	43924.32
295.16	44166.45
295.23	44380.21
295.29	44566.94
295.36	44723.93
295.42	44837.52
295.49	44895.11
295.56	44925.57
295.62	44902.67
295.69	44783.63
295.75	44589.33
295.82	44325.15
295.89	43960.43
295.95	43527.76
296.02	43115.99
296.08	42736.76
296.15	42404.34
296.22	42160.71
296.28	42037.13
296.35	42034.36
296.41	42148.20
296.48	42382.77
296.55	42709.66
296.61	43084.74
296.68	43463.94
296.74	43823.89
296.81	44132.51
296.88	44387.71
296.94	44586.84
297.01	44752.65
297.07	44909.02
297.14	45074.35
297.20	45263.04
297.27	45468.67
297.34	45671.81
297.40	45841.65
297.47	45955.16
297.53	45999.93
297.60	45982.18
297.67	45879.29
297.73	45685.51
297.80	45373.30
297.86	44928.89
297.93	44387.91
298.00	43818.18
298.06	43300.41
298.13	42938.14
298.19	42754.93
298.26	42731.67
298.32	42840.70
298.39	42999.88
298.46	43162.00
298.52	43362.61
298.59	43589.22
298.65	43844.65
298.72	44142.18
298.78	44469.25
298.85	44789.64
298.92	45096.10
298.98	45368.96
299.05	45622.17
299.11	45849.00
299.18	46049.37
299.24	46222.42
299.31	46366.62
299.38	46481.91
299.44	46559.38
299.51	46616.61
299.57	46650.56
299.64	46665.80
299.70	46646.00
299.77	46570.91
299.84	46367.94
299.90	45990.09
299.97	45386.37
300.03	44610.50
300.10	43823.78
300.16	43167.63
300.23	42769.26
300.30	42701.74
300.36	42902.90
300.43	43259.83
300.49	43681.44
300.56	44109.39
300.62	44504.27
300.69	44867.64
300.75	45210.39
300.82	45530.01
300.89	45797.18
300.95	46040.51
301.02	46252.79
301.08	46437.14
301.15	46600.21
301.21	46764.62
301.28	46904.89
301.34	47051.27
301.41	47179.60
301.48	47274.32
301.54	47325.58
301.61	47349.90
301.67	47313.09
301.74	47209.15
301.80	47029.59
301.87	46735.56
301.93	46322.92
302.00	45810.04
302.06	45237.81
302.13	44684.39
302.20	44239.31
302.26	43933.08
302.33	43810.26
302.39	43840.81
302.46	43987.67
302.52	44212.36
302.59	44498.40
302.65	44816.03
302.72	45147.48
302.78	45474.93
302.85	45788.57
302.91	46057.70
302.98	46290.08
303.05	46500.34
303.11	46687.54
303.18	46845.60
303.24	46989.20
303.31	47109.20
303.37	47213.02
303.44	47287.52
303.50	47340.12
303.57	47367.87
303.63	47356.30
303.70	47333.60
303.76	47278.05
303.83	47200.72
303.89	47098.68
303.96	46954.04
304.03	46709.37
304.09	46361.90
304.16	45874.64
304.22	45288.26
304.29	44733.73
304.35	44291.25
304.42	44060.86
304.48	44037.71
304.55	44197.30
304.61	44450.64
304.68	44745.89
304.74	45014.34
304.81	45295.99
304.87	45550.48
304.94	45791.80
305.00	45993.09
305.07	46172.61
305.13	46309.29
305.20	46433.03
305.26	46537.74
305.33	46634.61
305.39	46716.75
305.46	46775.78
305.52	46842.55
305.59	46875.59
305.66	46875.44
305.72	46863.30
305.79	46838.93
305.85	46762.96
305.92	46633.56
305.98	46440.73
306.05	46158.29
306.11	45816.67
306.18	45451.38
306.24	45086.88
306.31	44738.10
306.37	44399.98
306.44	44092.81
306.50	43815.54
306.57	43624.68
306.63	43574.86
306.70	43665.95
306.76	43859.78
306.83	44136.87
306.89	44423.63
306.96	44667.94
307.02	44881.22
307.09	45062.46
307.15	45210.12
307.22	45334.72
307.28	45434.44
307.35	45502.97
307.41	45562.15
307.48	45591.74
307.54	45613.39
307.61	45616.18
307.67	45608.45
307.74	45591.36
307.80	45568.02
307.87	45534.88
307.93	45504.41
308.00	45467.09
308.06	45399.43
308.13	45293.27
308.19	45160.12
308.26	45020.35
308.32	44865.42
308.38	44698.02
308.45	44517.99
308.51	44292.65
308.58	44001.28
308.64	43690.78
308.71	43412.22
308.77	43219.53
308.84	43130.39
308.90	43172.12
308.97	43294.28
309.03	43451.76
309.10	43619.46
309.16	43773.10
309.23	43890.89
309.29	43984.37
309.36	44052.69
309.42	44093.27
309.49	44126.22
309.55	44154.48
309.62	44148.93
309.68	44148.18
309.75	44105.84
309.81	44055.87
309.88	43987.91
309.94	43931.51
310.00	43858.57
310.07	43803.11
310.13	43737.80
310.20	43653.65
310.26	43570.86
310.33	43483.02
310.39	43400.40
310.46	43307.29
310.52	43200.01
310.59	43053.48
310.65	42885.13
310.72	42677.69
310.78	42486.47
310.85	42337.94
310.91	42257.01
310.97	42226.16
311.04	42254.21
311.10	42283.17
311.17	42329.15
311.23	42361.21
311.30	42386.26
311.36	42413.50
311.43	42460.33
311.49	42484.03
311.56	42510.50
311.62	42538.46
311.69	42569.63
311.75	42573.44
311.81	42569.50
311.88	42548.08
311.94	42506.56
312.01	42444.46
312.07	42389.15
312.14	42337.95
312.20	42290.14
312.27	42245.94
312.33	42199.21
312.40	42146.20
312.46	42075.14
312.52	42005.28
312.59	41922.82
312.65	41839.91
312.72	41748.64
312.78	41658.26
312.85	41554.48
312.91	41442.18
312.98	41316.31
313.04	41176.61
313.10	41040.06
313.17	40918.80
313.23	40838.06
313.30	40777.88
313.36	40749.02
313.43	40757.82
313.49	40788.31
313.56	40801.47
313.62	40824.22
313.68	40839.16
313.75	40837.07
313.81	40808.44
313.88	40785.44
313.94	40747.49
314.01	40730.81
314.07	40719.07
314.13	40704.17
314.20	40693.84
314.26	40683.25
314.33	40650.24
314.39	40589.94
314.46	40526.38
314.52	40453.20
314.58	40365.26
314.65	40281.31
314.71	40195.69
314.78	40123.76
314.84	40053.10
314.91	39997.72
314.97	39943.09
315.03	39894.78
315.10	39850.04
315.16	39784.85
315.23	39709.04
315.29	39636.65
315.36	39567.91
315.42	39493.75
315.48	39445.98
315.55	39411.43
315.61	39358.79
315.68	39319.68
315.74	39270.04
315.81	39209.18
315.87	39158.87
315.93	39130.63
316.00	39121.00
316.06	39133.18
316.13	39151.22
316.19	39148.33
316.25	39101.92
316.32	39001.52
316.38	38854.99
316.45	38668.32
316.51	38439.71
316.58	38191.05
316.64	37940.29
316.70	37686.14
316.77	37426.99
316.83	37169.42
316.90	36924.07
316.96	36669.27
317.02	36409.27
317.09	36154.29
317.15	35897.60
317.22	35637.22
317.28	35370.55
317.34	35108.11
317.41	34845.80
317.47	34601.80
317.54	34357.70
317.60	34118.26
317.66	33872.09
317.73	33621.69
317.79	33365.02
317.86	33093.62
317.92	32820.72
317.98	32540.25
318.05	32248.54
318.11	31956.57
318.18	31691.56
318.24	31408.96
318.30	31139.42
318.37	30870.11
318.43	30596.92
318.50	30313.67
318.56	30045.32
318.62	29773.06
318.69	29514.97
318.75	29248.27
318.82	28985.36
318.88	28715.15
318.94	28446.96
319.01	28165.34
319.07	27899.86
319.13	27615.82
319.20	27335.35
319.26	27048.64
319.33	26767.13
319.39	26462.11
319.45	26176.50
319.52	25886.63
319.58	25601.80
319.65	25302.01
319.71	25019.74
319.77	24722.80
319.84	24446.66
319.90	24163.53
319.96	23887.17
320.03	23597.60
320.09	23324.77
320.16	23035.40
320.22	22749.68
320.28	22457.49
320.35	22174.10
320.41	21889.37
320.47	21615.15
320.54	21326.36
320.60	21056.02
320.67	20785.63
320.73	20508.94
320.79	20220.16
320.86	19948.80
320.92	19658.94
320.98	19366.62
321.05	19065.39
321.11	18764.22
321.18	18472.06
321.24	18184.56
321.30	17901.35
321.37	17634.26
321.43	17363.75
321.49	17077.86
321.56	16803.30
321.62	16523.00
321.68	16237.90
321.75	15956.95
321.81	15681.52
321.88	15390.64
321.94	15110.41
322.00	14828.27
322.07	14541.16
322.13	14254.72
322.19	13978.05
322.26	13693.05
322.32	13407.28
322.38	13131.06
322.45	12860.42
322.51	12588.84
322.58	12323.70
322.64	12052.51
322.70	11786.52
322.77	11500.92
322.83	11225.53
322.89	10946.48
322.96	10669.25
323.02	10395.23
323.08	10132.92
323.15	9869.61
323.21	9610.71
323.27	9353.99
323.34	9100.44
323.40	8846.09
323.46	8589.02
323.53	8226.47
323.59	7103.94
323.65	5493.46
323.72	3809.39
323.78	2178.37
323.85	702.68
323.91	43.55
323.97	-82.00
324.04	-82.05
