180.21	3368.60
180.28	-116.08
180.36	626.01
180.44	-41.66
180.51	-11.51
180.59	10.93
180.66	38.33
180.74	34.28
180.81	33.08
180.89	33.96
180.97	34.10
181.04	31.02
181.12	29.98
181.19	29.48
181.27	29.69
181.34	48.30
181.42	55.51
181.50	63.34
181.57	75.96
181.65	82.20
181.72	75.26
181.80	70.36
181.87	70.37
181.95	70.35
182.03	69.13
182.10	71.85
182.18	73.61
182.25	78.64
182.33	78.56
182.40	85.37
182.48	80.92
182.55	92.57
182.63	96.87
182.71	98.76
182.78	100.20
182.86	106.17
182.93	103.07
183.01	105.70
183.08	105.77
183.16	110.42
183.23	106.93
183.31	113.39
183.39	112.26
183.46	122.69
183.54	118.69
183.61	126.11
183.69	127.39
183.76	137.17
183.84	136.08
183.91	137.40
183.99	146.47
184.06	147.92
184.14	150.55
184.22	154.75
184.29	157.80
184.37	155.76
184.44	151.01
184.52	139.59
184.59	135.90
184.67	140.19
184.74	134.11
184.82	145.18
184.89	158.38
184.97	167.51
185.04	175.26
185.12	184.41
185.20	192.40
185.27	200.97
185.35	210.75
185.42	208.95
185.50	220.27
185.57	220.16
185.65	224.08
185.72	222.73
185.80	232.39
185.87	229.72
185.95	227.63
186.02	227.90
186.10	226.19
186.17	224.91
186.25	224.68
186.33	218.74
186.40	211.54
186.48	213.00
186.55	217.04
186.63	219.43
186.70	245.75
186.78	261.84
186.85	279.14
186.93	288.60
187.00	303.20
187.08	297.22
187.15	304.29
187.23	306.08
187.30	311.59
187.38	322.38
187.45	338.87
187.53	351.91
187.60	360.02
187.68	369.95
187.75	379.64
187.83	388.10
187.90	385.00
187.98	384.73
188.05	387.06
188.13	372.83
188.21	351.52
188.28	350.11
188.36	344.73
188.43	342.48
188.51	355.14
188.58	381.47
188.66	384.39
188.73	398.36
188.81	417.92
188.88	426.60
188.96	435.18
189.03	461.20
189.11	483.38
189.18	495.24
189.26	514.14
189.33	537.12
189.41	561.15
189.48	580.45
189.56	602.37
189.63	620.89
189.71	620.45
189.78	600.08
189.86	577.11
189.93	555.12
190.01	525.91
190.08	507.36
190.16	496.30
190.23	483.31
190.31	477.13
190.38	475.25
190.46	482.06
190.53	503.16
190.61	543.18
190.68	571.05
190.76	615.60
190.83	651.20
190.91	676.37
190.98	687.68
191.06	708.21
191.13	717.00
191.21	722.38
191.28	718.41
191.35	716.38
191.43	705.05
191.50	687.11
191.58	680.23
191.65	685.18
191.73	691.60
191.80	701.02
191.88	707.74
191.95	710.09
192.03	716.57
192.10	724.48
192.18	737.87
192.25	762.24
192.33	777.93
192.40	780.47
192.48	777.53
192.55	770.13
192.63	754.48
192.70	748.40
192.78	750.68
192.85	764.39
192.93	771.79
193.00	768.54
193.08	751.12
193.15	734.07
193.22	719.40
193.30	718.94
193.37	752.90
193.45	792.35
193.52	843.57
193.60	900.15
193.67	946.17
193.75	975.79
193.82	1009.43
193.90	1023.43
193.97	1020.19
194.05	1010.21
194.12	989.21
194.20	964.43
194.27	933.18
194.34	893.11
194.42	853.65
194.49	828.66
194.57	811.31
194.64	795.44
194.72	788.67
194.79	795.48
194.87	810.08
194.94	845.70
195.02	906.85
195.09	977.01
195.17	1052.61
195.24	1119.86
195.31	1168.04
195.39	1195.34
195.46	1212.61
195.54	1224.45
195.61	1222.02
195.69	1201.18
195.76	1169.98
195.84	1123.94
195.91	1036.61
195.99	940.19
196.06	856.13
196.13	802.37
196.21	781.02
196.28	811.12
196.36	878.11
196.43	961.76
196.51	1050.21
196.58	1136.32
196.66	1209.07
196.73	1266.14
196.80	1303.96
196.88	1323.14
196.95	1332.99
197.03	1331.85
197.10	1309.75
197.18	1275.76
197.25	1217.12
197.33	1133.08
197.40	1041.68
197.47	950.44
197.55	880.21
197.62	838.41
197.70	831.95
197.77	856.97
197.85	920.14
197.92	993.43
197.99	1085.95
198.07	1187.91
198.14	1285.67
198.22	1381.30
198.29	1458.95
198.37	1517.02
198.44	1552.44
198.51	1567.02
198.59	1551.09
198.66	1522.63
198.74	1462.68
198.81	1364.57
198.89	1240.32
198.96	1123.16
199.03	1010.93
199.11	932.52
199.18	905.87
199.26	932.95
199.33	991.63
199.41	1086.54
199.48	1191.75
199.55	1305.79
199.63	1405.40
199.70	1502.76
199.78	1578.62
199.85	1651.79
199.93	1708.85
200.00	1759.82
200.07	1777.94
200.15	1776.19
200.22	1736.72
200.30	1647.47
200.37	1510.50
200.44	1338.31
200.52	1173.26
200.59	1052.35
200.67	990.09
200.74	993.24
200.81	1060.28
200.89	1157.11
200.96	1262.08
201.04	1367.42
201.11	1486.25
201.19	1605.91
201.26	1715.21
201.33	1805.34
201.41	1881.97
201.48	1928.24
201.56	1946.46
201.63	1948.54
201.70	1908.92
201.78	1826.10
201.85	1700.64
201.93	1550.55
202.00	1399.05
202.07	1276.07
202.15	1181.67
202.22	1139.93
202.30	1161.60
202.37	1220.27
202.44	1319.28
202.52	1461.47
202.59	1621.61
202.67	1767.29
202.74	1906.13
202.81	2028.31
202.89	2135.04
202.96	2241.12
203.04	2343.10
203.11	2406.67
203.18	2447.62
203.26	2442.85
203.33	2369.57
203.41	2233.42
203.48	2054.27
203.55	1802.21
203.63	1566.45
203.70	1397.49
203.77	1311.29
203.85	1321.65
203.92	1441.03
204.00	1620.45
204.07	1805.54
204.14	1989.35
204.22	2168.63
204.29	2347.10
204.37	2499.61
204.44	2638.59
204.51	2754.05
204.59	2824.52
204.66	2849.44
204.73	2841.18
204.81	2779.15
204.88	2669.55
204.96	2503.80
205.03	2275.61
205.10	2029.87
205.18	1819.31
205.25	1649.65
205.32	1559.65
205.40	1576.14
205.47	1670.57
205.55	1818.15
205.62	2016.70
205.69	2256.11
205.77	2506.70
205.84	2747.86
205.91	2961.96
205.99	3148.78
206.06	3302.09
206.14	3439.34
206.21	3567.08
206.28	3669.80
206.36	3741.57
206.43	3746.93
206.50	3672.49
206.58	3497.61
206.65	3226.37
206.72	2858.90
206.80	2485.25
206.87	2171.42
206.95	1981.02
207.02	1946.47
207.09	2076.80
207.17	2321.50
207.24	2620.99
207.31	2928.19
207.39	3231.10
207.46	3525.07
207.53	3793.14
207.61	4053.70
207.68	4288.96
207.75	4501.75
207.83	4671.07
207.90	4799.11
207.98	4839.25
208.05	4808.25
208.12	4674.27
208.20	4441.60
208.27	4102.67
208.34	3684.33
208.42	3246.80
208.49	2896.41
208.56	2668.01
208.64	2604.75
208.71	2709.34
208.78	2924.25
208.86	3201.62
208.93	3519.01
209.00	3856.00
209.08	4208.47
209.15	4580.50
209.22	4931.34
209.30	5256.58
209.37	5546.16
209.44	5800.45
209.52	6010.16
209.59	6154.80
209.67	6234.42
209.74	6218.46
209.81	6096.93
209.89	5828.87
209.96	5423.71
210.03	4912.29
210.11	4418.60
210.18	3976.41
210.25	3665.12
210.33	3563.35
210.40	3673.63
210.47	3926.15
210.55	4293.71
210.62	4731.20
210.69	5180.70
210.77	5626.56
210.84	6038.64
210.91	6430.21
210.99	6784.63
211.06	7128.27
211.13	7442.73
211.21	7740.02
211.28	7975.79
211.35	8140.42
211.42	8171.98
211.50	8060.91
211.57	7767.11
211.64	7309.16
211.72	6702.19
211.79	6051.91
211.86	5514.91
211.94	5215.10
212.01	5167.36
212.08	5391.69
212.16	5801.93
212.23	6265.38
212.30	6699.53
212.38	7094.80
212.45	7459.46
212.52	7800.03
212.60	8122.99
212.67	8451.58
212.74	8803.34
212.82	9161.32
212.89	9515.84
212.96	9831.43
213.03	10048.31
213.11	10133.33
213.18	10052.42
213.25	9805.20
213.33	9372.34
213.40	8797.03
213.47	8225.15
213.55	7759.37
213.62	7450.49
213.69	7378.20
213.77	7568.54
213.84	7906.29
213.91	8338.71
213.98	8802.03
214.06	9241.18
214.13	9623.74
214.20	9960.88
214.28	10292.05
214.35	10657.94
214.42	11072.32
214.50	11534.37
214.57	11998.89
214.64	12409.55
214.72	12737.85
214.79	12953.63
214.86	13026.61
214.93	12937.22
215.01	12675.42
215.08	12221.51
215.15	11589.28
215.23	10866.80
215.30	10269.94
215.37	9940.80
215.44	9952.69
215.52	10306.54
215.59	10912.83
215.66	11595.01
215.74	12226.05
215.81	12762.23
215.88	13250.21
215.95	13722.08
216.03	14181.34
216.10	14621.58
216.17	15032.96
216.25	15385.04
216.32	15659.51
216.39	15855.33
216.46	15989.25
216.54	16058.35
216.61	16052.22
216.68	15928.56
216.76	15675.24
216.83	15233.52
216.90	14622.79
216.97	13976.49
217.05	13489.53
217.12	13241.57
217.19	13325.81
217.27	13748.48
217.34	14400.70
217.41	15133.97
217.48	15881.22
217.56	16577.81
217.63	17210.22
217.70	17743.25
217.78	18181.89
217.85	18533.77
217.92	18823.26
217.99	19064.30
218.07	19264.52
218.14	19448.59
218.21	19651.58
218.28	19852.59
218.36	20024.93
218.43	20123.53
218.50	20085.15
218.57	19827.01
218.65	19334.31
218.72	18621.16
218.79	17887.70
218.87	17311.83
218.94	17034.36
219.01	17139.42
219.08	17628.78
219.16	18361.19
219.23	19160.73
219.30	19928.71
219.37	20591.69
219.45	21167.24
219.52	21672.18
219.59	22140.03
219.66	22560.64
219.74	22971.85
219.81	23358.31
219.88	23701.13
219.95	24027.59
220.03	24330.76
220.10	24578.24
220.17	24742.86
220.24	24786.12
220.32	24638.49
220.39	24302.77
220.46	23768.27
220.53	23083.40
220.61	22400.32
220.68	21898.35
220.75	21705.27
220.82	21857.66
220.90	22304.25
220.97	22907.05
221.04	23531.21
221.11	24079.34
221.19	24567.42
221.26	25024.38
221.33	25480.43
221.40	25947.29
221.48	26413.74
221.55	26858.79
221.62	27271.33
221.69	27668.34
221.77	28009.10
221.84	28295.37
221.91	28511.57
221.98	28664.58
222.06	28704.84
222.13	28660.88
222.20	28510.06
222.27	28258.09
222.35	27908.83
222.42	27569.67
222.49	27310.27
222.56	27179.56
222.63	27199.44
222.71	27365.76
222.78	27624.96
222.85	27895.56
222.92	28186.02
223.00	28489.38
223.07	28828.81
223.14	29181.65
223.21	29571.37
223.29	29969.78
223.36	30378.44
223.43	30770.19
223.50	31144.86
223.57	31495.11
223.65	31790.58
223.72	32001.75
223.79	32137.35
223.86	32181.96
223.94	32150.86
224.01	32080.94
224.08	31997.06
224.15	31904.68
224.22	31816.16
224.30	31732.36
224.37	31692.61
224.44	31719.65
224.51	31797.99
224.59	31955.11
224.66	32174.68
224.73	32420.07
224.80	32660.95
224.87	32938.94
224.95	33237.80
225.02	33547.51
225.09	33845.12
225.16	34145.45
225.23	34433.54
225.31	34684.39
225.38	34890.22
225.45	35069.63
225.52	35197.94
225.60	35240.18
225.67	35215.66
225.74	35135.97
225.81	35004.16
225.88	34877.65
225.96	34830.12
226.03	34862.76
226.10	34972.28
226.17	35152.04
226.24	35370.22
226.32	35595.92
226.39	35810.59
226.46	36035.76
226.53	36272.72
226.60	36518.69
226.68	36735.58
226.75	36953.14
226.82	37155.77
226.89	37342.70
226.96	37496.82
227.04	37617.19
227.11	37716.11
227.18	37798.55
227.25	37871.72
227.32	37944.76
227.40	38031.65
227.47	38077.38
227.54	38087.68
227.61	38042.55
227.68	37937.22
227.76	37804.22
227.83	37720.41
227.90	37720.57
227.97	37809.94
228.04	37989.53
228.11	38211.60
228.19	38444.58
228.26	38660.12
228.33	38847.73
228.40	39015.68
228.47	39194.27
228.55	39346.52
228.62	39493.99
228.69	39630.76
228.76	39743.37
228.83	39833.74
228.90	39934.51
228.98	40027.35
229.05	40144.70
229.12	40288.30
229.19	40429.06
229.26	40571.91
229.34	40689.55
229.41	40766.33
229.48	40807.38
229.55	40820.82
229.62	40797.23
229.69	40747.80
229.77	40680.72
229.84	40634.69
229.91	40616.46
229.98	40645.12
230.05	40717.47
230.12	40837.69
230.20	40983.80
230.27	41134.57
230.34	41281.27
230.41	41427.05
230.48	41563.76
230.55	41671.00
230.63	41771.68
230.70	41865.74
230.77	41928.03
230.84	41972.52
230.91	42010.26
230.98	42053.89
231.06	42103.74
231.13	42197.58
231.20	42305.88
231.27	42425.95
231.34	42534.03
231.41	42633.63
231.49	42701.09
231.56	42774.40
231.63	42833.71
231.70	42873.88
231.77	42896.54
231.84	42912.09
231.92	42916.95
231.99	42932.70
232.06	42975.54
232.13	43027.66
232.20	43114.36
232.27	43186.53
232.34	43255.36
232.42	43305.42
232.49	43352.05
232.56	43386.16
232.63	43440.31
232.70	43473.68
232.77	43533.78
232.85	43597.73
232.92	43654.57
232.99	43705.43
233.06	43768.41
233.13	43821.49
233.20	43866.19
233.27	43918.24
233.35	43949.02
233.42	43990.09
233.49	44029.05
233.56	44074.81
233.63	44111.76
233.70	44159.62
233.77	44200.40
233.85	44241.88
233.92	44296.16
233.99	44343.53
234.06	44393.97
234.13	44454.01
234.20	44511.18
234.27	44547.57
234.35	44586.33
234.42	44619.09
234.49	44624.97
234.56	44628.76
234.63	44616.97
234.70	44613.60
234.77	44590.17
234.84	44583.56
234.92	44567.29
234.99	44580.05
235.06	44589.79
235.13	44626.51
235.20	44667.01
235.27	44728.54
235.34	44773.70
235.41	44823.06
235.49	44863.59
235.56	44890.91
235.63	44915.05
235.70	44938.98
235.77	44955.61
235.84	44980.85
235.91	44993.21
235.98	44994.76
236.06	44999.12
236.13	44996.14
236.20	44995.15
236.27	44998.48
236.34	45006.55
236.41	45017.20
236.48	45026.94
236.55	45032.58
236.63	45042.30
236.70	45054.25
236.77	45054.76
236.84	45069.10
236.91	45089.83
236.98	45109.33
237.05	45121.70
237.12	45140.31
237.19	45151.62
237.27	45147.61
237.34	45159.08
237.41	45173.52
237.48	45163.75
237.55	45169.84
237.62	45171.28
237.69	45180.95
237.76	45198.82
237.83	45246.09
237.91	45267.43
237.98	45293.50
238.05	45309.13
238.12	45309.01
238.19	45305.95
238.26	45318.02
238.33	45331.25
238.40	45333.45
238.47	45345.82
238.54	45350.93
238.62	45340.31
238.69	45327.13
238.76	45301.55
238.83	45270.63
238.90	45262.67
238.97	45270.86
239.04	45293.29
239.11	45331.31
239.18	45372.24
239.25	45401.20
239.33	45403.32
239.40	45394.75
239.47	45370.47
239.54	45345.67
239.61	45307.09
239.68	45285.96
239.75	45272.37
239.82	45277.84
239.89	45276.59
239.96	45286.17
240.03	45287.17
240.11	45291.14
240.18	45290.92
240.25	45301.41
240.32	45315.55
240.39	45344.60
240.46	45365.56
240.53	45401.88
240.60	45443.12
240.67	45477.86
240.74	45508.11
240.81	45537.63
240.88	45551.54
240.96	45547.89
241.03	45541.41
241.10	45542.68
241.17	45543.03
241.24	45547.08
241.31	45566.11
241.38	45573.38
241.45	45557.64
241.52	45555.05
241.59	45556.07
241.66	45551.16
241.73	45572.59
241.80	45607.06
241.88	45634.83
241.95	45645.94
242.02	45661.57
242.09	45662.57
242.16	45656.60
242.23	45665.08
242.30	45682.39
242.37	45689.83
242.44	45715.39
242.51	45728.38
242.58	45725.70
242.65	45725.29
242.72	45736.37
242.79	45729.47
242.87	45757.40
242.94	45780.19
243.01	45805.26
243.08	45836.03
243.15	45866.74
243.22	45881.10
243.29	45905.80
243.36	45925.37
243.43	45943.79
243.50	45979.24
243.57	46013.87
243.64	46029.93
243.71	46069.05
243.78	46101.55
243.85	46109.98
243.92	46119.12
243.99	46141.24
244.07	46147.27
244.14	46146.30
244.21	46158.56
244.28	46176.72
244.35	46201.92
244.42	46224.04
244.49	46250.34
244.56	46277.54
244.63	46295.59
244.70	46292.27
244.77	46297.21
244.84	46312.89
244.91	46334.53
244.98	46367.20
245.05	46411.64
245.12	46462.92
245.19	46496.32
245.26	46522.18
245.33	46544.74
245.40	46582.23
245.47	46604.65
245.55	46642.59
245.62	46673.59
245.69	46720.73
245.76	46765.33
245.83	46823.44
245.90	46883.56
245.97	46948.21
246.04	46997.77
246.11	47037.31
246.18	47061.30
246.25	47070.66
246.32	47069.23
246.39	47078.01
246.46	47103.24
246.53	47147.47
246.60	47203.65
246.67	47280.80
246.74	47360.39
246.81	47426.33
246.88	47461.78
246.95	47491.18
247.02	47514.40
247.09	47530.11
247.16	47540.36
247.23	47562.36
247.30	47576.70
247.37	47586.95
247.44	47606.02
247.51	47638.02
247.58	47682.86
247.66	47740.84
247.73	47815.08
247.80	47882.33
247.87	47948.12
247.94	48006.69
248.01	48081.77
248.08	48149.03
248.15	48203.97
248.22	48241.61
248.29	48294.44
248.36	48335.61
248.43	48366.56
248.50	48417.49
248.57	48475.33
248.64	48526.75
248.71	48584.18
248.78	48653.87
248.85	48719.41
248.92	48784.63
248.99	48838.61
249.06	48868.20
249.13	48889.97
249.20	48917.93
249.27	48946.68
249.34	48974.20
249.41	49013.14
249.48	49047.45
249.55	49047.12
249.62	49054.00
249.69	49060.02
249.76	49067.61
249.83	49089.08
249.90	49153.20
249.97	49227.61
250.04	49321.14
250.11	49427.91
250.18	49526.72
250.25	49595.11
250.32	49635.25
250.39	49682.87
250.46	49729.58
250.53	49780.62
250.60	49844.80
250.67	49928.59
250.74	49992.40
250.81	50019.69
250.88	50054.41
250.95	50084.07
251.02	50111.36
251.09	50126.90
251.16	50157.52
251.23	50178.10
251.30	50207.11
251.37	50234.33
251.44	50270.93
251.51	50324.75
251.58	50391.16
251.65	50451.86
251.72	50516.01
251.79	50599.27
251.86	50653.20
251.93	50698.02
252.00	50733.57
252.07	50757.50
252.14	50771.75
252.21	50802.86
252.28	50826.62
252.35	50848.68
252.42	50908.57
252.49	50963.62
252.56	51020.27
252.63	51081.82
252.70	51161.04
252.77	51210.92
252.84	51267.49
252.91	51320.80
252.98	51363.56
253.05	51377.32
253.12	51393.08
253.19	51408.08
253.25	51441.06
253.32	51471.57
253.39	51530.65
253.46	51566.20
253.53	51603.42
253.60	51609.05
253.67	51619.29
253.74	51627.75
253.81	51668.11
253.88	51694.06
253.95	51728.81
254.02	51781.12
254.09	51825.44
254.16	51855.40
254.23	51896.66
254.30	51937.00
254.37	51972.57
254.44	52004.22
254.51	52034.11
254.58	52058.85
254.65	52091.54
254.72	52111.56
254.79	52133.97
254.86	52163.57
254.93	52186.23
255.00	52212.41
255.07	52251.05
255.14	52302.60
255.21	52328.56
255.28	52330.31
255.34	52309.02
255.41	52272.87
255.48	52222.26
255.55	52186.02
255.62	52191.35
255.69	52206.87
255.76	52231.99
255.83	52273.00
255.90	52324.25
255.97	52378.93
256.04	52431.75
256.11	52489.59
256.18	52557.17
256.25	52616.83
256.32	52676.25
256.39	52751.36
256.46	52811.20
256.53	52868.60
256.60	52926.09
256.67	52962.43
256.74	52974.69
256.80	53004.01
256.87	52988.97
256.94	52955.29
257.01	52930.61
257.08	52934.52
257.15	52937.51
257.22	52948.90
257.29	52947.01
257.36	52908.32
257.43	52838.12
257.50	52756.78
257.57	52676.30
257.64	52648.79
257.71	52663.89
257.78	52723.62
257.85	52813.36
257.92	52924.09
257.98	53028.50
258.05	53096.78
258.12	53105.23
258.19	53056.75
258.26	52987.29
258.33	52888.24
258.40	52818.04
258.47	52774.68
258.54	52760.84
258.61	52778.39
258.68	52824.12
258.75	52871.58
258.82	52948.35
258.89	53016.67
258.95	53044.93
259.02	53054.01
259.09	53047.02
259.16	53007.86
259.23	52951.67
259.30	52920.31
259.37	52903.40
259.44	52891.08
259.51	52887.48
259.58	52919.10
259.65	52930.91
259.72	52937.07
259.79	52917.70
259.85	52892.16
259.92	52845.24
259.99	52823.90
260.06	52830.62
260.13	52855.49
260.20	52873.80
260.27	52875.66
260.34	52852.62
260.41	52806.07
260.48	52771.20
260.55	52754.62
260.62	52740.38
260.68	52722.64
260.75	52690.46
260.82	52667.65
260.89	52644.72
260.96	52643.58
261.03	52653.58
261.10	52660.28
261.17	52629.62
261.24	52559.99
261.31	52474.83
261.38	52387.95
261.44	52307.09
261.51	52243.41
261.58	52228.45
261.65	52234.37
261.72	52260.10
261.79	52283.52
261.86	52303.51
261.93	52291.71
262.00	52253.90
262.07	52182.45
262.13	52124.69
262.20	52078.84
262.27	52039.05
262.34	52051.88
262.41	52084.35
262.48	52101.27
262.55	52136.16
262.62	52179.82
262.69	52180.29
262.76	52161.81
262.82	52135.91
262.89	52108.60
262.96	52085.19
263.03	52073.81
263.10	52064.70
263.17	52058.10
263.24	52026.49
263.31	52002.18
263.38	52003.58
263.44	52034.63
263.51	52075.12
263.58	52101.70
263.65	52083.37
263.72	51978.87
263.79	51841.95
263.86	51714.84
263.93	51620.50
264.00	51563.84
264.06	51580.51
264.13	51593.29
264.20	51586.90
264.27	51533.30
264.34	51462.72
264.41	51366.85
264.48	51280.80
264.55	51183.68
264.61	51090.53
264.68	50988.62
264.75	50897.50
264.82	50815.98
264.89	50766.49
264.96	50761.56
265.03	50784.39
265.10	50816.33
265.16	50840.79
265.23	50838.30
265.30	50804.87
265.37	50742.93
265.44	50680.31
265.51	50642.50
265.58	50640.46
265.65	50662.97
265.71	50716.08
265.78	50768.29
265.85	50766.93
265.92	50711.31
265.99	50611.20
266.06	50483.17
266.13	50331.17
266.20	50223.51
266.26	50144.58
266.33	50083.67
266.40	50049.54
266.47	50023.12
266.54	49990.77
266.61	49983.66
266.68	49999.99
266.74	49993.23
266.81	49953.59
266.88	49863.16
266.95	49722.50
267.02	49581.05
267.09	49473.77
267.16	49428.12
267.22	49446.64
267.29	49514.27
267.36	49593.95
267.43	49666.06
267.50	49706.01
267.57	49697.18
267.64	49635.91
267.70	49544.49
267.77	49442.19
267.84	49356.53
267.91	49312.85
267.98	49321.94
268.05	49356.96
268.11	49394.41
268.18	49403.46
268.25	49359.36
268.32	49239.67
268.39	49067.45
268.46	48843.31
268.53	48608.31
268.59	48393.66
268.66	48247.96
268.73	48163.94
268.80	48166.16
268.87	48219.48
268.94	48342.66
269.00	48482.30
269.07	48598.90
269.14	48674.04
269.21	48701.26
269.28	48646.89
269.35	48551.04
269.41	48468.20
269.48	48398.96
269.55	48378.17
269.62	48411.70
269.69	48458.18
269.76	48482.60
269.82	48466.96
269.89	48424.14
269.96	48345.76
270.03	48245.71
270.10	48125.44
270.17	48003.85
270.23	47904.91
270.30	47835.22
270.37	47807.02
270.44	47823.35
270.51	47854.82
270.58	47872.01
270.64	47882.15
270.71	47875.65
270.78	47871.34
270.85	47896.25
270.92	47920.77
270.99	47920.97
271.05	47898.41
271.12	47825.15
271.19	47710.21
271.26	47575.58
271.33	47462.48
271.39	47375.33
271.46	47294.48
271.53	47236.27
271.60	47197.26
271.67	47155.54
271.74	47101.15
271.80	47053.33
271.87	47023.72
271.94	46974.84
272.01	46921.15
272.08	46872.56
272.14	46845.55
272.21	46810.85
272.28	46786.74
272.35	46766.29
272.42	46748.12
272.48	46746.42
272.55	46730.93
272.62	46720.90
272.69	46702.25
272.76	46688.22
272.83	46659.85
272.89	46629.74
272.96	46611.88
273.03	46606.45
273.10	46601.73
273.17	46585.36
273.23	46560.39
273.30	46483.20
273.37	46358.27
273.44	46201.25
273.51	46043.65
273.57	45916.69
273.64	45854.57
273.71	45856.74
273.78	45893.97
273.85	45956.10
273.91	46026.13
273.98	46107.35
274.05	46226.77
274.12	46373.96
274.19	46522.71
274.25	46654.95
274.32	46744.97
274.39	46752.58
274.46	46690.63
274.53	46565.81
274.59	46389.51
274.66	46203.39
274.73	46044.41
274.80	45889.86
274.86	45786.10
274.93	45741.29
275.00	45725.62
275.07	45693.81
275.14	45683.18
275.20	45668.50
275.27	45648.26
275.34	45616.23
275.41	45592.94
275.48	45588.86
275.54	45618.20
275.61	45651.75
275.68	45687.62
275.75	45722.24
275.81	45730.55
275.88	45727.03
275.95	45727.64
276.02	45737.14
276.09	45761.83
276.15	45784.94
276.22	45788.62
276.29	45745.91
276.36	45641.86
276.42	45486.66
276.49	45316.63
276.56	45135.04
276.63	44997.11
276.70	44918.82
276.76	44918.79
276.83	44961.94
276.90	45038.68
276.97	45119.93
277.03	45171.93
277.10	45141.01
277.17	45065.18
277.24	44971.75
277.30	44890.77
277.37	44851.56
277.44	44894.32
277.51	44975.08
277.58	45064.14
277.64	45108.63
277.71	45093.95
277.78	44997.16
277.85	44844.14
277.91	44650.28
277.98	44450.35
278.05	44295.19
278.12	44197.19
278.18	44155.49
278.25	44170.76
278.32	44253.21
278.39	44375.35
278.45	44521.99
278.52	44701.38
278.59	44873.83
278.66	45006.12
278.72	45064.79
278.79	45038.19
278.86	44891.67
278.93	44651.20
278.99	44369.72
279.06	44109.72
279.13	43940.96
279.20	43906.00
279.26	44002.31
279.33	44176.28
279.40	44392.94
279.47	44600.00
279.53	44731.67
279.60	44737.51
279.67	44587.80
279.74	44287.91
279.80	43920.79
279.87	43571.12
279.94	43312.60
280.01	43205.66
280.07	43240.68
280.14	43322.49
280.21	43421.46
280.28	43517.44
280.34	43603.18
280.41	43682.40
280.48	43755.51
280.55	43826.42
280.61	43875.30
280.68	43904.04
280.75	43927.72
280.82	43970.95
280.88	44008.35
280.95	44026.15
281.02	44024.90
281.08	43953.83
281.15	43838.72
281.22	43709.07
281.29	43555.29
281.35	43375.30
281.42	43205.20
281.49	43003.22
281.56	42795.62
281.62	42634.19
281.69	42508.82
281.76	42416.31
281.82	42363.42
281.89	42355.19
281.96	42367.59
282.03	42400.92
282.09	42470.55
282.16	42575.58
282.23	42676.65
282.30	42797.24
282.36	42940.26
282.43	43070.30
282.50	43201.24
282.56	43289.84
282.63	43345.21
282.70	43376.84
282.77	43425.13
282.83	43457.77
282.90	43513.51
282.97	43539.43
283.03	43473.18
283.10	43263.17
283.17	42966.31
283.24	42603.34
283.30	42238.69
283.37	41969.31
283.44	41843.06
283.50	41799.54
283.57	41838.06
283.64	41915.22
283.71	42001.36
283.77	42080.04
283.84	42167.25
283.91	42251.38
283.97	42351.15
284.04	42458.18
284.11	42559.11
284.18	42661.01
284.24	42737.99
284.31	42773.14
284.38	42751.78
284.44	42705.42
284.51	42656.04
284.58	42619.42
284.64	42586.39
284.71	42541.74
284.78	42477.84
284.85	42386.19
284.91	42270.74
284.98	42156.88
285.05	42042.34
285.11	41895.91
285.18	41696.57
285.25	41475.66
285.31	41261.16
285.38	41099.91
285.45	41038.95
285.52	41102.81
285.58	41255.69
285.65	41428.96
285.72	41617.41
285.78	41790.50
285.85	41938.98
285.92	42055.21
285.98	42187.37
286.05	42323.68
286.12	42446.66
286.18	42562.89
286.25	42681.35
286.32	42769.69
286.39	42826.82
286.45	42841.74
286.52	42763.52
286.59	42580.03
286.65	42301.47
286.72	41944.07
286.79	41588.14
286.85	41299.77
286.92	41099.96
286.99	40995.91
287.05	40972.45
287.12	41013.00
287.19	41091.56
287.25	41216.24
287.32	41351.18
287.39	41496.55
287.45	41608.83
287.52	41706.38
287.59	41792.40
287.65	41889.45
287.72	41982.44
287.79	42085.00
287.86	42177.59
287.92	42257.02
287.99	42328.26
288.06	42392.44
288.12	42447.26
288.19	42511.80
288.26	42552.11
288.32	42579.54
288.39	42577.89
288.46	42557.62
288.52	42483.75
288.59	42353.08
288.66	42129.61
288.72	41850.96
288.79	41548.28
288.86	41266.55
288.92	41047.54
288.99	40950.86
289.06	40991.72
289.12	41123.02
289.19	41317.34
289.26	41558.66
289.32	41823.80
289.39	42074.26
289.45	42316.12
289.52	42507.22
289.59	42651.73
289.65	42716.88
289.72	42726.66
289.79	42685.68
289.85	42640.09
289.92	42575.06
289.99	42500.04
290.05	42375.52
290.12	42213.26
290.19	42071.09
290.25	41960.34
290.32	41891.60
290.39	41905.04
290.45	41953.82
290.52	41970.19
290.59	41921.95
290.65	41788.07
290.72	41579.99
290.79	41390.14
290.85	41273.81
290.92	41289.37
290.98	41429.78
291.05	41665.36
291.12	41928.54
291.18	42193.57
291.25	42417.71
291.32	42621.23
291.38	42816.94
291.45	43002.22
291.52	43158.25
291.58	43267.65
291.65	43325.55
291.72	43311.55
291.78	43226.40
291.85	43057.27
291.91	42867.77
291.98	42692.19
292.05	42530.24
292.11	42380.18
292.18	42229.94
292.25	42054.75
292.31	41865.03
292.38	41694.69
292.45	41567.76
292.51	41515.57
292.58	41526.07
292.64	41603.68
292.71	41714.39
292.78	41874.22
292.84	42056.62
292.91	42272.42
292.98	42481.04
293.04	42715.14
293.11	42935.15
293.17	43155.07
293.24	43361.37
293.31	43561.91
293.37	43719.36
293.44	43832.34
293.51	43898.70
293.57	43901.40
293.64	43840.06
293.70	43699.57
293.77	43447.65
293.84	43099.72
293.90	42715.76
293.97	42339.58
294.04	42048.47
294.10	41881.45
294.17	41858.28
294.23	41919.21
294.30	41986.48
294.37	42014.75
294.43	42018.95
294.50	41974.81
294.56	41923.03
294.63	41932.30
294.70	42032.78
294.76	42233.48
294.83	42517.38
294.90	42852.32
294.96	43190.15
295.03	43493.88
295.09	43760.03
295.16	43994.37
295.23	44196.26
295.29	44376.20
295.36	44533.45
295.42	44642.69
295.49	44710.33
295.56	44746.43
295.62	44719.23
295.69	44607.95
295.75	44425.02
295.82	44150.16
295.89	43779.85
295.95	43357.69
296.02	42948.87
296.08	42568.50
296.15	42223.72
296.22	41973.07
296.28	41838.37
296.35	41827.65
296.41	41932.17
296.48	42175.34
296.55	42519.11
296.61	42910.08
296.68	43286.65
296.74	43652.53
296.81	43962.38
296.88	44209.76
296.94	44401.82
297.01	44571.15
297.07	44731.94
297.14	44911.05
297.20	45098.73
297.27	45305.95
297.34	45498.57
297.40	45652.60
297.47	45760.19
297.53	45811.31
297.60	45786.32
297.67	45691.73
297.73	45507.24
297.80	45194.11
297.86	44746.87
297.93	44205.69
298.00	43635.46
298.06	43122.30
298.13	42767.96
298.19	42580.71
298.26	42560.67
298.32	42660.86
298.39	42806.96
298.46	42964.65
298.52	43169.94
298.59	43405.15
298.65	43660.01
298.72	43966.96
298.78	44303.81
298.85	44619.31
298.92	44925.25
298.98	45213.70
299.05	45464.93
299.11	45675.65
299.18	45871.89
299.24	46036.40
299.31	46173.32
299.38	46290.83
299.44	46382.44
299.51	46456.33
299.57	46496.90
299.64	46508.01
299.70	46482.22
299.77	46384.72
299.84	46170.60
299.90	45786.79
299.97	45190.23
300.03	44418.06
300.10	43644.24
300.16	43003.37
300.23	42619.82
300.30	42551.64
300.36	42753.88
300.43	43113.50
300.49	43521.48
300.56	43925.15
300.62	44324.03
300.69	44703.18
300.75	45038.90
300.82	45363.87
300.89	45642.71
300.95	45886.51
301.02	46094.06
301.08	46283.65
301.15	46440.40
301.21	46602.83
301.28	46736.44
301.34	46871.52
301.41	46993.08
301.48	47077.50
301.54	47129.71
301.61	47159.55
301.67	47123.09
301.74	47026.57
301.80	46857.51
301.87	46574.60
301.93	46144.83
302.00	45633.54
302.06	45069.68
302.13	44513.74
302.20	44048.47
302.26	43753.42
302.33	43625.33
302.39	43644.66
302.46	43790.07
302.52	44016.62
302.59	44300.86
302.65	44616.38
302.72	44944.21
302.78	45265.86
302.85	45577.82
302.91	45853.09
302.98	46091.46
303.05	46302.99
303.11	46496.52
303.18	46664.47
303.24	46811.47
303.31	46926.88
303.37	47026.37
303.44	47103.57
303.50	47139.37
303.57	47157.70
303.63	47161.74
303.70	47128.04
303.76	47065.52
303.83	46996.93
303.89	46885.29
303.96	46731.73
304.03	46503.64
304.09	46162.99
304.16	45677.59
304.22	45113.70
304.29	44559.82
304.35	44125.71
304.42	43888.43
304.48	43869.34
304.55	44018.88
304.61	44259.38
304.68	44540.34
304.74	44811.95
304.81	45096.04
304.87	45367.58
304.94	45623.75
305.00	45837.23
305.07	46019.04
305.13	46153.97
305.20	46269.23
305.26	46366.02
305.33	46462.04
305.39	46543.15
305.46	46598.03
305.52	46645.31
305.59	46677.71
305.66	46673.36
305.72	46659.45
305.79	46618.39
305.85	46545.51
305.92	46423.54
305.98	46228.48
306.05	45941.27
306.11	45622.07
306.18	45260.84
306.24	44901.21
306.31	44559.60
306.37	44234.70
306.44	43922.52
306.50	43642.21
306.57	43443.81
306.63	43386.54
306.70	43474.88
306.76	43673.86
306.83	43973.06
306.89	44265.80
306.96	44529.08
307.02	44731.63
307.09	44919.25
307.15	45049.29
307.22	45170.45
307.28	45254.44
307.35	45331.78
307.41	45370.42
307.48	45416.25
307.54	45435.90
307.61	45445.08
307.67	45437.00
307.74	45421.22
307.80	45378.84
307.87	45332.99
307.93	45288.59
308.00	45240.23
308.06	45189.81
308.13	45115.70
308.19	44996.22
308.26	44861.29
308.32	44716.22
308.38	44543.84
308.45	44340.31
308.51	44126.56
308.58	43843.12
308.64	43535.68
308.71	43262.38
308.77	43082.52
308.84	42985.58
308.90	43021.22
308.97	43142.85
309.03	43290.91
309.10	43439.49
309.16	43594.11
309.23	43708.15
309.29	43798.29
309.36	43874.27
309.42	43927.44
309.49	43962.00
309.55	43990.08
309.62	43993.00
309.68	43985.81
309.75	43946.13
309.81	43891.61
309.88	43831.55
309.94	43766.40
310.00	43694.05
310.07	43629.96
310.13	43562.87
310.20	43477.90
310.26	43402.82
310.33	43307.35
310.39	43225.48
310.46	43141.68
310.52	43032.30
310.59	42888.88
310.65	42724.50
310.72	42515.48
310.78	42304.54
310.85	42154.96
310.91	42067.16
310.97	42049.05
311.04	42088.26
311.10	42133.20
311.17	42180.10
311.23	42207.08
311.30	42217.00
311.36	42227.39
311.43	42275.81
311.49	42313.03
311.56	42358.71
311.62	42397.54
311.69	42434.06
311.75	42441.53
311.81	42430.00
311.88	42395.74
311.94	42352.95
312.01	42299.50
312.07	42228.14
312.14	42179.33
312.20	42127.82
312.27	42074.44
312.33	42015.07
312.40	41966.36
312.46	41895.13
312.52	41820.76
312.59	41750.68
312.65	41671.78
312.72	41580.71
312.78	41490.00
312.85	41388.31
312.91	41274.29
312.98	41148.31
313.04	41018.57
313.10	40872.75
313.17	40757.65
313.23	40677.79
313.30	40624.18
313.36	40594.06
313.43	40604.58
313.49	40630.65
313.56	40630.77
313.62	40648.24
313.68	40669.80
313.75	40687.57
313.81	40676.01
313.88	40661.05
313.94	40634.73
314.01	40605.19
314.07	40566.26
314.13	40535.95
314.20	40520.21
314.26	40495.45
314.33	40466.15
314.39	40430.05
314.46	40373.04
314.52	40310.20
314.58	40233.77
314.65	40143.80
314.71	40053.77
314.78	39985.69
314.84	39912.74
314.91	39848.11
314.97	39791.73
315.03	39744.06
315.10	39704.25
315.16	39645.95
315.23	39589.43
315.29	39525.71
315.36	39458.72
315.42	39381.90
315.48	39325.46
315.55	39262.56
315.61	39208.88
315.68	39161.89
315.74	39093.19
315.81	39034.43
315.87	38993.59
315.93	38975.91
316.00	38971.58
316.06	38985.36
316.13	39010.03
316.19	38998.90
316.25	38935.62
316.32	38821.39
316.38	38679.13
316.45	38475.19
316.51	38265.76
316.58	38032.76
316.64	37778.30
316.70	37525.91
316.77	37270.59
316.83	37007.23
316.90	36756.86
316.96	36516.36
317.02	36271.47
317.09	36023.68
317.15	35769.80
317.22	35499.59
317.28	35236.85
317.34	34961.82
317.41	34697.89
317.47	34452.07
317.54	34221.43
317.60	33974.47
317.66	33733.68
317.73	33480.08
317.79	33215.69
317.86	32946.57
317.92	32687.17
317.98	32413.64
318.05	32135.04
318.11	31852.42
318.18	31577.69
318.24	31292.83
318.30	31014.49
318.37	30740.75
318.43	30470.11
318.50	30195.15
318.56	29926.68
318.62	29658.11
318.69	29393.84
318.75	29133.60
318.82	28862.93
318.88	28595.37
318.94	28326.24
319.01	28063.72
319.07	27790.10
319.13	27518.04
319.20	27240.87
319.26	26962.13
319.33	26671.01
319.39	26372.22
319.45	26079.56
319.52	25782.66
319.58	25490.90
319.65	25207.39
319.71	24919.81
319.77	24635.04
319.84	24363.66
319.90	24089.42
319.96	23800.32
320.03	23517.52
320.09	23246.66
320.16	22951.32
320.22	22659.93
320.28	22375.54
320.35	22098.51
320.41	21800.90
320.47	21519.49
320.54	21233.69
320.60	20958.17
320.67	20688.61
320.73	20418.03
320.79	20146.09
320.86	19871.54
320.92	19573.34
320.98	19275.51
321.05	18977.48
321.11	18670.27
321.18	18374.90
321.24	18104.78
321.30	17822.51
321.37	17542.56
321.43	17284.56
321.49	17012.08
321.56	16724.29
321.62	16458.92
321.68	16186.09
321.75	15899.76
321.81	15624.99
321.88	15344.16
321.94	15054.06
322.00	14775.09
322.07	14488.12
322.13	14201.62
322.19	13925.70
322.26	13641.06
322.32	13356.73
322.38	13083.99
322.45	12810.91
322.51	12532.50
322.58	12264.89
322.64	11992.28
322.70	11723.97
322.77	11446.05
322.83	11184.05
322.89	10908.50
322.96	10632.69
323.02	10357.32
323.08	10085.64
323.15	9819.65
323.21	9555.03
323.27	9297.01
323.34	9046.77
323.40	8801.24
323.46	8542.61
323.53	8183.86
323.59	7070.75
323.65	5467.45
323.72	3788.05
323.78	2165.33
323.85	700.82
323.91	42.82
323.97	-80.83
324.04	-82.08
