180.21	3368.30
180.28	-115.86
180.36	625.93
180.44	-40.71
180.51	-11.94
180.59	10.05
180.66	37.44
180.74	33.42
180.81	30.81
180.89	33.15
180.97	34.24
181.04	31.49
181.12	30.34
181.19	31.50
181.27	31.42
181.34	49.43
181.42	56.60
181.50	64.01
181.57	74.39
181.65	80.13
181.72	73.04
181.80	67.68
181.87	68.57
181.95	68.93
182.03	68.49
182.10	71.40
182.18	73.27
182.25	78.67
182.33	78.43
182.40	85.30
182.48	80.44
182.55	92.19
182.63	95.90
182.71	98.88
182.78	100.36
182.86	107.20
182.93	103.49
183.01	106.18
183.08	105.39
183.16	110.90
183.23	106.28
183.31	113.26
183.39	111.36
183.46	121.82
183.54	116.14
183.61	123.43
183.69	124.91
183.76	135.71
183.84	134.54
183.91	135.90
183.99	145.70
184.06	147.54
184.14	149.79
184.22	154.98
184.29	159.05
184.37	157.53
184.44	151.62
184.52	139.48
184.59	135.42
184.67	139.11
184.74	132.26
184.82	144.12
184.89	156.75
184.97	166.33
185.04	173.31
185.12	182.94
185.20	190.98
185.27	198.61
185.35	207.23
185.42	206.98
185.50	218.73
185.57	219.82
185.65	225.35
185.72	224.12
185.80	232.26
185.87	227.68
185.95	224.78
186.02	226.26
186.10	224.79
186.17	223.65
186.25	225.77
186.33	219.19
186.40	210.87
186.48	212.51
186.55	216.10
186.63	218.09
186.70	243.57
186.78	259.71
186.85	276.68
186.93	287.60
187.00	302.55
187.08	297.50
187.15	304.42
187.23	306.24
187.30	310.92
187.38	319.96
187.45	336.91
187.53	349.20
187.60	356.50
187.68	366.96
187.75	377.09
187.83	385.21
187.90	383.38
187.98	384.85
188.05	386.98
188.13	373.34
188.21	351.51
188.28	349.68
188.36	343.91
188.43	341.19
188.51	353.99
188.58	379.52
188.66	382.24
188.73	397.01
188.81	417.21
188.88	426.35
188.96	436.80
189.03	463.00
189.11	484.78
189.18	496.72
189.26	513.99
189.33	537.91
189.41	561.49
189.48	579.57
189.56	599.88
189.63	618.24
189.71	616.24
189.78	594.56
189.86	569.84
189.93	549.47
190.01	522.19
190.08	504.33
190.16	493.24
190.23	479.74
190.31	474.41
190.38	471.61
190.46	477.10
190.53	499.22
190.61	543.52
190.68	567.54
190.76	613.35
190.83	649.44
190.91	674.99
190.98	685.53
191.06	708.01
191.13	716.00
191.21	720.63
191.28	717.91
191.35	715.03
191.43	703.06
191.50	686.19
191.58	679.95
191.65	684.08
191.73	689.67
191.80	701.70
191.88	705.78
191.95	707.94
192.03	715.27
192.10	725.97
192.18	737.45
192.25	763.52
192.33	779.97
192.40	783.00
192.48	780.42
192.55	774.82
192.63	755.42
192.70	749.44
192.78	752.00
192.85	762.45
192.93	767.91
193.00	767.30
193.08	750.32
193.15	731.66
193.22	716.83
193.30	716.81
193.37	749.60
193.45	788.56
193.52	841.59
193.60	898.01
193.67	944.35
193.75	974.65
193.82	1007.76
193.90	1019.61
193.97	1018.20
194.05	1008.64
194.12	988.70
194.20	963.84
194.27	935.37
194.34	891.67
194.42	851.83
194.49	827.40
194.57	809.47
194.64	791.20
194.72	786.41
194.79	793.31
194.87	807.16
194.94	843.46
195.02	904.84
195.09	978.56
195.17	1052.71
195.24	1118.52
195.31	1167.15
195.39	1196.71
195.46	1213.07
195.54	1223.67
195.61	1222.09
195.69	1202.11
195.76	1169.42
195.84	1121.59
195.91	1037.03
195.99	940.60
196.06	855.87
196.13	802.25
196.21	780.94
196.28	808.20
196.36	877.18
196.43	960.99
196.51	1049.36
196.58	1133.62
196.66	1211.68
196.73	1265.96
196.80	1304.72
196.88	1324.56
196.95	1335.17
197.03	1329.46
197.10	1310.03
197.18	1276.66
197.25	1214.61
197.33	1130.36
197.40	1041.81
197.47	949.25
197.55	876.91
197.62	838.53
197.70	834.38
197.77	861.72
197.85	925.10
197.92	999.32
197.99	1089.80
198.07	1190.20
198.14	1284.66
198.22	1379.63
198.29	1455.37
198.37	1513.23
198.44	1552.67
198.51	1568.06
198.59	1551.80
198.66	1525.50
198.74	1464.81
198.81	1365.35
198.89	1241.38
198.96	1124.28
199.03	1011.85
199.11	936.68
199.18	906.99
199.26	933.02
199.33	993.14
199.41	1087.37
199.48	1190.56
199.55	1306.02
199.63	1402.62
199.70	1496.03
199.78	1569.55
199.85	1640.79
199.93	1696.97
200.00	1750.57
200.07	1769.32
200.15	1769.88
200.22	1732.00
200.30	1643.80
200.37	1509.83
200.44	1338.84
200.52	1174.91
200.59	1056.72
200.67	993.23
200.74	993.49
200.81	1064.10
200.89	1157.93
200.96	1262.49
201.04	1369.29
201.11	1488.48
201.19	1605.88
201.26	1715.13
201.33	1803.37
201.41	1880.38
201.48	1929.32
201.56	1947.77
201.63	1951.48
201.70	1912.35
201.78	1828.47
201.85	1701.94
201.93	1551.28
202.00	1399.39
202.07	1278.55
202.15	1185.77
202.22	1144.25
202.30	1165.81
202.37	1223.22
202.44	1320.39
202.52	1462.10
202.59	1619.61
202.67	1765.17
202.74	1906.90
202.81	2027.05
202.89	2134.46
202.96	2240.37
203.04	2338.99
203.11	2406.91
203.18	2448.59
203.26	2441.93
203.33	2371.16
203.41	2243.75
203.48	2056.82
203.55	1805.71
203.63	1568.55
203.70	1397.26
203.77	1307.02
203.85	1318.17
203.92	1433.87
204.00	1613.98
204.07	1799.19
204.14	1984.58
204.22	2160.73
204.29	2342.44
204.37	2496.81
204.44	2634.81
204.51	2749.02
204.59	2824.22
204.66	2844.17
204.73	2832.12
204.81	2773.73
204.88	2664.94
204.96	2500.88
205.03	2281.22
205.10	2039.19
205.18	1828.63
205.25	1657.16
205.32	1564.04
205.40	1575.73
205.47	1669.34
205.55	1814.77
205.62	2012.13
205.69	2253.80
205.77	2503.13
205.84	2743.70
205.91	2962.65
205.99	3151.78
206.06	3303.71
206.14	3442.86
206.21	3572.08
206.28	3666.81
206.36	3732.73
206.43	3734.24
206.50	3660.43
206.58	3483.17
206.65	3214.67
206.72	2854.24
206.80	2486.83
206.87	2174.14
206.95	1982.07
207.02	1948.91
207.09	2078.60
207.17	2321.18
207.24	2616.06
207.31	2925.47
207.39	3226.16
207.46	3515.42
207.53	3786.07
207.61	4047.11
207.68	4283.27
207.75	4496.89
207.83	4670.87
207.90	4794.29
207.98	4833.72
208.05	4802.98
208.12	4668.86
208.20	4435.80
208.27	4102.07
208.34	3687.45
208.42	3250.85
208.49	2904.10
208.56	2675.19
208.64	2610.15
208.71	2715.65
208.78	2934.14
208.86	3210.23
208.93	3523.77
209.00	3858.43
209.08	4211.42
209.15	4576.37
209.22	4924.30
209.30	5250.38
209.37	5539.29
209.44	5792.47
209.52	5997.71
209.59	6143.02
209.67	6224.00
209.74	6208.58
209.81	6084.03
209.89	5821.52
209.96	5416.05
210.03	4906.47
210.11	4413.02
210.18	3974.49
210.25	3666.55
210.33	3568.92
210.40	3682.58
210.47	3937.21
210.55	4305.25
210.62	4737.74
210.69	5184.90
210.77	5625.93
210.84	6036.97
210.91	6424.91
210.99	6784.43
211.06	7125.49
211.13	7443.62
211.21	7740.85
211.28	7971.60
211.35	8130.36
211.42	8165.03
211.50	8047.42
211.57	7753.27
211.64	7300.79
211.72	6701.95
211.79	6054.80
211.86	5522.37
211.94	5223.48
212.01	5182.03
212.08	5400.86
212.16	5810.54
212.23	6274.92
212.30	6705.78
212.38	7096.81
212.45	7460.51
212.52	7795.30
212.60	8111.61
212.67	8447.29
212.74	8796.67
212.82	9151.97
212.89	9510.27
212.96	9825.73
213.03	10037.64
213.11	10119.47
213.18	10044.83
213.25	9797.10
213.33	9368.02
213.40	8797.01
213.47	8234.88
213.55	7763.75
213.62	7452.73
213.69	7382.93
213.77	7572.88
213.84	7910.76
213.91	8348.26
213.98	8813.93
214.06	9254.97
214.13	9639.08
214.20	9966.83
214.28	10294.55
214.35	10658.77
214.42	11074.00
214.50	11517.42
214.57	11988.39
214.64	12400.12
214.72	12718.58
214.79	12919.29
214.86	12998.26
214.93	12911.93
215.01	12657.54
215.08	12212.12
215.15	11588.50
215.23	10877.78
215.30	10276.37
215.37	9938.72
215.44	9948.91
215.52	10301.49
215.59	10906.34
215.66	11591.89
215.74	12223.57
215.81	12756.77
215.88	13247.32
215.95	13708.00
216.03	14164.32
216.10	14607.19
216.17	15023.20
216.25	15367.13
216.32	15657.81
216.39	15849.43
216.46	15977.30
216.54	16049.69
216.61	16054.16
216.68	15929.03
216.76	15680.86
216.83	15243.07
216.90	14638.47
216.97	13995.34
217.05	13500.79
217.12	13252.76
217.19	13330.25
217.27	13737.30
217.34	14383.29
217.41	15118.76
217.48	15858.59
217.56	16568.45
217.63	17201.31
217.70	17731.83
217.78	18160.58
217.85	18519.27
217.92	18807.86
217.99	19056.37
218.07	19260.82
218.14	19455.51
218.21	19651.26
218.28	19847.93
218.36	20013.87
218.43	20109.65
218.50	20058.28
218.57	19798.04
218.65	19300.99
218.72	18598.36
218.79	17864.45
218.87	17289.94
218.94	17014.15
219.01	17119.47
219.08	17605.27
219.16	18324.09
219.23	19134.99
219.30	19897.52
219.37	20557.91
219.45	21132.15
219.52	21648.05
219.59	22107.63
219.66	22533.25
219.74	22947.29
219.81	23336.70
219.88	23688.68
219.95	24010.55
220.03	24315.41
220.10	24563.25
220.17	24719.30
220.24	24749.91
220.32	24611.21
220.39	24270.05
220.46	23732.25
220.53	23051.86
220.61	22375.53
220.68	21888.77
220.75	21711.48
220.82	21864.20
220.90	22304.00
220.97	22907.51
221.04	23519.87
221.11	24062.21
221.19	24548.72
221.26	25008.38
221.33	25469.91
221.40	25922.67
221.48	26379.21
221.55	26816.34
221.62	27220.44
221.69	27600.69
221.77	27952.75
221.84	28255.02
221.91	28486.25
221.98	28644.24
222.06	28687.06
222.13	28630.06
222.20	28469.54
222.27	28204.46
222.35	27855.29
222.42	27517.99
222.49	27274.08
222.56	27153.98
222.63	27177.67
222.71	27351.85
222.78	27597.97
222.85	27862.98
222.92	28137.05
223.00	28438.60
223.07	28773.20
223.14	29132.55
223.21	29511.80
223.29	29910.52
223.36	30325.35
223.43	30716.71
223.50	31100.07
223.57	31455.74
223.65	31755.38
223.72	31960.17
223.79	32102.79
223.86	32159.21
223.94	32125.09
224.01	32054.82
224.08	31979.86
224.15	31884.82
224.22	31774.47
224.30	31700.29
224.37	31660.26
224.44	31681.54
224.51	31758.28
224.59	31918.76
224.66	32133.99
224.73	32375.54
224.80	32626.33
224.87	32900.91
224.95	33189.38
225.02	33489.59
225.09	33788.21
225.16	34077.36
225.23	34364.14
225.31	34615.94
225.38	34826.27
225.45	35005.52
225.52	35132.86
225.60	35179.48
225.67	35170.75
225.74	35094.28
225.81	34964.19
225.88	34847.84
225.96	34797.74
226.03	34823.87
226.10	34936.17
226.17	35124.63
226.24	35332.83
226.32	35544.21
226.39	35761.94
226.46	35988.42
226.53	36217.33
226.60	36456.92
226.68	36684.17
226.75	36911.19
226.82	37113.39
226.89	37283.81
226.96	37441.99
227.04	37567.93
227.11	37658.12
227.18	37759.78
227.25	37847.28
227.32	37920.17
227.40	37996.22
227.47	38051.04
227.54	38053.20
227.61	38007.10
227.68	37919.34
227.76	37806.29
227.83	37712.72
227.90	37695.52
227.97	37782.88
228.04	37949.86
228.11	38155.00
228.19	38395.03
228.26	38606.52
228.33	38788.60
228.40	38947.85
228.47	39129.50
228.55	39291.94
228.62	39436.86
228.69	39574.28
228.76	39691.85
228.83	39782.58
228.90	39870.67
228.98	39985.43
229.05	40109.85
229.12	40253.41
229.19	40387.27
229.26	40528.22
229.34	40636.10
229.41	40714.63
229.48	40748.82
229.55	40762.61
229.62	40737.94
229.69	40685.17
229.77	40622.10
229.84	40583.45
229.91	40588.03
229.98	40615.25
230.05	40699.87
230.12	40815.75
230.20	40953.95
230.27	41092.45
230.34	41232.10
230.41	41361.73
230.48	41483.67
230.55	41595.09
230.63	41694.60
230.70	41785.44
230.77	41848.02
230.84	41898.94
230.91	41936.30
230.98	41983.57
231.06	42040.02
231.13	42128.40
231.20	42252.61
231.27	42381.47
231.34	42495.02
231.41	42598.07
231.49	42679.92
231.56	42733.50
231.63	42783.97
231.70	42832.02
231.77	42870.13
231.84	42895.30
231.92	42904.41
231.99	42913.46
232.06	42930.67
232.13	42962.97
232.20	43024.43
232.27	43099.63
232.34	43166.45
232.42	43219.52
232.49	43267.65
232.56	43302.90
232.63	43352.00
232.70	43398.04
232.77	43458.48
232.85	43521.25
232.92	43574.78
232.99	43622.92
233.06	43679.66
233.13	43734.13
233.20	43782.44
233.27	43829.18
233.35	43879.58
233.42	43927.26
233.49	43968.64
233.56	44022.27
233.63	44073.66
233.70	44111.54
233.77	44154.78
233.85	44195.68
233.92	44239.53
233.99	44284.93
234.06	44337.88
234.13	44385.42
234.20	44427.63
234.27	44457.91
234.35	44489.73
234.42	44510.50
234.49	44524.76
234.56	44542.20
234.63	44553.87
234.70	44556.21
234.77	44542.13
234.84	44532.66
234.92	44513.69
234.99	44513.10
235.06	44535.86
235.13	44575.70
235.20	44614.47
235.27	44674.79
235.34	44715.35
235.41	44758.96
235.49	44795.04
235.56	44842.04
235.63	44870.99
235.70	44912.75
235.77	44921.09
235.84	44936.03
235.91	44936.13
235.98	44935.42
236.06	44919.70
236.13	44921.74
236.20	44932.92
236.27	44935.13
236.34	44944.95
236.41	44966.43
236.48	44982.22
236.55	44990.77
236.63	45007.22
236.70	45011.87
236.77	45015.92
236.84	45036.12
236.91	45043.66
236.98	45052.08
237.05	45075.72
237.12	45084.81
237.19	45079.10
237.27	45092.28
237.34	45102.31
237.41	45109.98
237.48	45119.02
237.55	45123.10
237.62	45123.44
237.69	45143.07
237.76	45158.02
237.83	45183.12
237.91	45216.74
237.98	45237.85
238.05	45239.89
238.12	45245.13
238.19	45238.89
238.26	45258.19
238.33	45285.79
238.40	45291.75
238.47	45293.79
238.54	45299.43
238.62	45279.38
238.69	45250.32
238.76	45248.49
238.83	45244.34
238.90	45252.09
238.97	45261.07
239.04	45289.42
239.11	45308.07
239.18	45343.70
239.25	45350.83
239.33	45346.55
239.40	45328.90
239.47	45308.44
239.54	45268.58
239.61	45246.18
239.68	45221.34
239.75	45211.76
239.82	45209.82
239.89	45205.86
239.96	45213.58
240.03	45213.95
240.11	45220.17
240.18	45222.58
240.25	45234.86
240.32	45243.49
240.39	45277.68
240.46	45297.06
240.53	45339.32
240.60	45382.42
240.67	45418.13
240.74	45451.32
240.81	45479.30
240.88	45492.69
240.96	45496.24
241.03	45496.68
241.10	45494.06
241.17	45487.82
241.24	45489.54
241.31	45508.30
241.38	45509.00
241.45	45500.32
241.52	45496.67
241.59	45500.82
241.66	45505.65
241.73	45529.12
241.80	45558.46
241.88	45586.25
241.95	45599.72
242.02	45590.00
242.09	45584.13
242.16	45581.16
242.23	45587.96
242.30	45603.84
242.37	45621.47
242.44	45646.12
242.51	45660.99
242.58	45659.67
242.65	45660.46
242.72	45672.33
242.79	45677.95
242.87	45697.16
242.94	45720.46
243.01	45750.44
243.08	45778.58
243.15	45803.00
243.22	45818.07
243.29	45845.37
243.36	45854.40
243.43	45865.97
243.50	45898.52
243.57	45946.03
243.64	45981.69
243.71	46020.17
243.78	46063.93
243.85	46082.30
243.92	46090.47
243.99	46094.12
244.07	46091.21
244.14	46089.45
244.21	46096.80
244.28	46110.76
244.35	46133.99
244.42	46165.31
244.49	46190.02
244.56	46220.44
244.63	46239.88
244.70	46245.11
244.77	46251.21
244.84	46270.79
244.91	46299.68
244.98	46337.31
245.05	46386.44
245.12	46438.20
245.19	46477.14
245.26	46487.10
245.33	46512.88
245.40	46539.29
245.47	46568.19
245.55	46595.81
245.62	46643.27
245.69	46672.62
245.76	46721.18
245.83	46779.79
245.90	46842.56
245.97	46898.95
246.04	46967.38
246.11	47016.70
246.18	47027.44
246.25	47028.47
246.32	47031.35
246.39	47025.65
246.46	47039.66
246.53	47089.90
246.60	47152.08
246.67	47216.60
246.74	47297.95
246.81	47367.98
246.88	47409.51
246.95	47450.99
247.02	47486.99
247.09	47510.49
247.16	47513.53
247.23	47530.85
247.30	47541.20
247.37	47553.44
247.44	47577.45
247.51	47625.24
247.58	47674.44
247.66	47726.48
247.73	47789.90
247.80	47849.90
247.87	47907.77
247.94	47972.31
248.01	48042.83
248.08	48103.73
248.15	48146.47
248.22	48194.47
248.29	48246.02
248.36	48285.45
248.43	48330.20
248.50	48385.03
248.57	48427.50
248.64	48465.70
248.71	48533.62
248.78	48609.89
248.85	48670.28
248.92	48738.05
248.99	48789.74
249.06	48824.36
249.13	48831.14
249.20	48848.99
249.27	48870.26
249.34	48902.82
249.41	48939.28
249.48	48972.38
249.55	49003.43
249.62	49023.43
249.69	49031.07
249.76	49037.04
249.83	49070.82
249.90	49126.94
249.97	49190.59
250.04	49278.90
250.11	49373.22
250.18	49456.31
250.25	49519.86
250.32	49571.08
250.39	49612.94
250.46	49658.17
250.53	49716.38
250.60	49774.92
250.67	49857.70
250.74	49937.92
250.81	49987.04
250.88	50027.86
250.95	50064.17
251.02	50079.01
251.09	50078.53
251.16	50102.00
251.23	50117.36
251.30	50134.86
251.37	50171.54
251.44	50230.42
251.51	50291.67
251.58	50361.41
251.65	50439.08
251.72	50498.01
251.79	50552.82
251.86	50595.05
251.93	50640.42
252.00	50661.51
252.07	50683.05
252.14	50713.12
252.21	50741.21
252.28	50756.69
252.35	50790.58
252.42	50847.61
252.49	50903.95
252.56	50963.23
252.63	51026.51
252.70	51094.81
252.77	51157.02
252.84	51213.35
252.91	51268.23
252.98	51317.98
253.05	51355.56
253.12	51372.05
253.19	51382.75
253.25	51405.97
253.32	51428.50
253.39	51476.47
253.46	51519.09
253.53	51553.55
253.60	51554.52
253.67	51568.82
253.74	51575.09
253.81	51601.07
253.88	51635.15
253.95	51688.30
254.02	51734.92
254.09	51772.23
254.16	51808.93
254.23	51838.00
254.30	51861.48
254.37	51897.06
254.44	51938.88
254.51	51971.53
254.58	51999.18
254.65	52044.31
254.72	52072.64
254.79	52084.27
254.86	52103.83
254.93	52122.45
255.00	52143.46
255.07	52175.32
255.14	52221.48
255.21	52246.41
255.28	52263.54
255.34	52236.69
255.41	52208.48
255.48	52162.64
255.55	52145.55
255.62	52141.80
255.69	52175.33
255.76	52199.38
255.83	52246.72
255.90	52283.06
255.97	52338.92
256.04	52385.03
256.11	52454.02
256.18	52524.04
256.25	52601.52
256.32	52663.23
256.39	52724.66
256.46	52769.63
256.53	52803.06
256.60	52840.72
256.67	52882.30
256.74	52909.95
256.80	52921.34
256.87	52917.88
256.94	52897.72
257.01	52874.37
257.08	52881.01
257.15	52904.88
257.22	52929.80
257.29	52917.26
257.36	52874.37
257.43	52787.85
257.50	52702.84
257.57	52626.65
257.64	52615.41
257.71	52628.86
257.78	52694.71
257.85	52775.63
257.92	52868.36
257.98	52950.04
258.05	53024.09
258.12	53043.10
258.19	53014.11
258.26	52948.42
258.33	52856.79
258.40	52768.49
258.47	52721.63
258.54	52711.13
258.61	52745.55
258.68	52800.74
258.75	52882.38
258.82	52952.81
258.89	53001.92
258.95	53028.96
259.02	53039.67
259.09	53004.63
259.16	52963.36
259.23	52932.95
259.30	52906.37
259.37	52882.12
259.44	52878.03
259.51	52888.42
259.58	52892.22
259.65	52891.60
259.72	52889.22
259.79	52861.44
259.85	52825.03
259.92	52789.27
259.99	52769.22
260.06	52767.11
260.13	52793.02
260.20	52806.38
260.27	52810.37
260.34	52787.08
260.41	52754.17
260.48	52737.38
260.55	52737.95
260.62	52727.14
260.68	52708.07
260.75	52669.00
260.82	52627.53
260.89	52591.52
260.96	52583.09
261.03	52600.89
261.10	52612.75
261.17	52587.83
261.24	52514.67
261.31	52426.27
261.38	52324.49
261.44	52242.38
261.51	52184.93
261.58	52174.12
261.65	52187.70
261.72	52213.45
261.79	52244.69
261.86	52267.82
261.93	52260.81
262.00	52220.88
262.07	52152.67
262.13	52079.98
262.20	52026.16
262.27	51991.90
262.34	51993.41
262.41	52027.48
262.48	52066.07
262.55	52104.22
262.62	52133.66
262.69	52135.65
262.76	52119.09
262.82	52091.14
262.89	52064.77
262.96	52049.53
263.03	52044.14
263.10	52041.36
263.17	52028.97
263.24	52007.86
263.31	51992.52
263.38	52000.21
263.44	52036.59
263.51	52075.14
263.58	52097.59
263.65	52074.60
263.72	51976.54
263.79	51828.60
263.86	51699.48
263.93	51590.22
264.00	51529.28
264.06	51532.77
264.13	51548.78
264.20	51543.39
264.27	51489.57
264.34	51406.96
264.41	51306.16
264.48	51217.24
264.55	51117.60
264.61	51026.81
264.68	50940.48
264.75	50849.40
264.82	50772.90
264.89	50728.38
264.96	50730.30
265.03	50744.56
265.10	50788.11
265.16	50810.11
265.23	50807.67
265.30	50768.90
265.37	50715.65
265.44	50635.56
265.51	50592.76
265.58	50585.90
265.65	50617.94
265.71	50680.40
265.78	50757.93
265.85	50769.71
265.92	50721.44
265.99	50625.72
266.06	50493.38
266.13	50337.55
266.20	50209.99
266.26	50129.11
266.33	50059.84
266.40	50010.93
266.47	49978.36
266.54	49948.83
266.61	49938.64
266.68	49955.96
266.74	49949.28
266.81	49917.96
266.88	49835.87
266.95	49699.14
267.02	49556.31
267.09	49459.96
267.16	49410.01
267.22	49432.38
267.29	49498.64
267.36	49571.46
267.43	49631.52
267.50	49662.27
267.57	49663.98
267.64	49609.49
267.70	49524.29
267.77	49430.28
267.84	49352.13
267.91	49307.07
267.98	49316.74
268.05	49348.62
268.11	49382.26
268.18	49375.72
268.25	49311.68
268.32	49191.55
268.39	49028.46
268.46	48814.10
268.53	48591.36
268.59	48386.96
268.66	48235.41
268.73	48150.54
268.80	48136.34
268.87	48198.51
268.94	48317.56
269.00	48448.27
269.07	48575.07
269.14	48670.25
269.21	48690.31
269.28	48650.97
269.35	48566.51
269.41	48469.29
269.48	48402.02
269.55	48389.57
269.62	48409.78
269.69	48456.19
269.76	48467.28
269.82	48442.62
269.89	48382.75
269.96	48302.16
270.03	48196.19
270.10	48090.26
270.17	47976.63
270.23	47883.33
270.30	47803.93
270.37	47774.91
270.44	47792.89
270.51	47827.40
270.58	47855.11
270.64	47868.42
270.71	47860.43
270.78	47857.12
270.85	47874.63
270.92	47895.61
270.99	47902.16
271.05	47887.90
271.12	47814.86
271.19	47698.42
271.26	47577.19
271.33	47465.70
271.39	47378.02
271.46	47306.11
271.53	47242.13
271.60	47193.44
271.67	47148.32
271.74	47078.25
271.80	47026.59
271.87	46989.87
271.94	46933.62
272.01	46876.36
272.08	46851.37
272.14	46823.83
272.21	46801.92
272.28	46775.13
272.35	46746.74
272.42	46725.82
272.48	46706.13
272.55	46697.42
272.62	46684.68
272.69	46682.30
272.76	46665.73
272.83	46644.05
272.89	46606.61
272.96	46591.25
273.03	46581.32
273.10	46570.50
273.17	46554.35
273.23	46526.26
273.30	46463.52
273.37	46352.25
273.44	46192.98
273.51	46042.66
273.57	45917.31
273.64	45832.10
273.71	45819.86
273.78	45862.99
273.85	45915.33
273.91	45988.13
273.98	46104.17
274.05	46226.97
274.12	46373.70
274.19	46525.58
274.25	46662.80
274.32	46731.70
274.39	46733.09
274.46	46661.92
274.53	46534.14
274.59	46344.76
274.66	46164.05
274.73	46003.67
274.80	45863.68
274.86	45770.09
274.93	45722.08
275.00	45686.84
275.07	45664.27
275.14	45644.25
275.20	45627.15
275.27	45618.96
275.34	45604.54
275.41	45587.74
275.48	45590.31
275.54	45611.93
275.61	45638.89
275.68	45675.91
275.75	45706.18
275.81	45715.59
275.88	45717.94
275.95	45720.23
276.02	45722.57
276.09	45735.22
276.15	45768.23
276.22	45768.25
276.29	45726.61
276.36	45620.74
276.42	45478.07
276.49	45297.04
276.56	45119.55
276.63	44986.42
276.70	44916.60
276.76	44906.55
276.83	44956.83
276.90	45036.38
276.97	45110.20
277.03	45171.94
277.10	45160.70
277.17	45082.60
277.24	44988.58
277.30	44902.47
277.37	44855.22
277.44	44879.67
277.51	44952.80
277.58	45033.54
277.64	45089.42
277.71	45074.06
277.78	44995.43
277.85	44846.33
277.91	44663.95
277.98	44469.46
278.05	44302.18
278.12	44191.67
278.18	44144.58
278.25	44162.85
278.32	44233.96
278.39	44356.19
278.45	44498.60
278.52	44675.72
278.59	44828.32
278.66	44959.78
278.72	45032.44
278.79	45005.17
278.86	44875.17
278.93	44662.74
278.99	44388.41
279.06	44120.06
279.13	43960.33
279.20	43920.63
279.26	44004.34
279.33	44184.37
279.40	44408.57
279.47	44604.49
279.53	44734.83
279.60	44730.47
279.67	44574.92
279.74	44275.82
279.80	43914.90
279.87	43560.58
279.94	43309.76
280.01	43208.26
280.07	43243.36
280.14	43334.52
280.21	43440.90
280.28	43534.72
280.34	43610.53
280.41	43684.13
280.48	43751.55
280.55	43815.06
280.61	43867.77
280.68	43900.84
280.75	43919.78
280.82	43951.73
280.88	43988.62
280.95	44001.79
281.02	43989.72
281.08	43926.37
281.15	43816.84
281.22	43678.02
281.29	43539.96
281.35	43364.95
281.42	43185.12
281.49	42982.42
281.56	42788.47
281.62	42613.51
281.69	42483.20
281.76	42394.93
281.82	42362.99
281.89	42349.46
281.96	42350.64
282.03	42398.48
282.09	42455.50
282.16	42535.64
282.23	42637.48
282.30	42765.53
282.36	42902.11
282.43	43054.48
282.50	43189.84
282.56	43277.77
282.63	43338.75
282.70	43372.17
282.77	43415.64
282.83	43453.59
282.90	43507.38
282.97	43528.80
283.03	43452.62
283.10	43240.11
283.17	42934.10
283.24	42573.96
283.30	42223.17
283.37	41966.59
283.44	41835.94
283.50	41808.54
283.57	41848.06
283.64	41921.34
283.71	42014.44
283.77	42092.09
283.84	42172.68
283.91	42259.41
283.97	42352.61
284.04	42448.68
284.11	42549.16
284.18	42648.58
284.24	42730.66
284.31	42758.61
284.38	42729.70
284.44	42691.25
284.51	42638.51
284.58	42597.46
284.64	42566.74
284.71	42543.59
284.78	42477.80
284.85	42383.64
284.91	42269.39
284.98	42144.16
285.05	42004.69
285.11	41855.65
285.18	41667.77
285.25	41454.88
285.31	41263.13
285.38	41122.58
285.45	41069.65
285.52	41135.49
285.58	41268.09
285.65	41433.84
285.72	41609.50
285.78	41779.13
285.85	41913.02
285.92	42030.39
285.98	42162.41
286.05	42290.10
286.12	42417.26
286.18	42543.11
286.25	42668.97
286.32	42758.27
286.39	42822.13
286.45	42832.44
286.52	42757.07
286.59	42584.51
286.65	42306.09
286.72	41963.17
286.79	41604.43
286.85	41303.72
286.92	41089.99
286.99	40996.02
287.05	40969.68
287.12	41012.40
287.19	41114.28
287.25	41234.85
287.32	41361.60
287.39	41494.48
287.45	41601.90
287.52	41685.87
287.59	41769.13
287.65	41850.53
287.72	41941.15
287.79	42052.18
287.86	42139.27
287.92	42221.26
287.99	42300.28
288.06	42384.75
288.12	42427.64
288.19	42495.59
288.26	42543.54
288.32	42574.62
288.39	42562.80
288.46	42550.13
288.52	42474.57
288.59	42330.86
288.66	42110.00
288.72	41825.52
288.79	41522.57
288.86	41240.66
288.92	41047.45
288.99	40957.39
289.06	40996.72
289.12	41121.55
289.19	41312.37
289.26	41550.81
289.32	41812.92
289.39	42084.90
289.45	42332.94
289.52	42532.45
289.59	42669.20
289.65	42732.96
289.72	42716.43
289.79	42687.47
289.85	42645.73
289.92	42566.08
289.99	42479.81
290.05	42359.54
290.12	42207.16
290.19	42063.77
290.25	41960.84
290.32	41917.88
290.39	41945.12
290.45	41972.88
290.52	41978.88
290.59	41928.09
290.65	41780.89
290.72	41562.85
290.79	41366.94
290.85	41272.87
290.92	41301.86
290.98	41443.37
291.05	41679.81
291.12	41962.69
291.18	42206.28
291.25	42425.65
291.32	42634.74
291.38	42826.60
291.45	42997.35
291.52	43160.41
291.58	43268.17
291.65	43311.47
291.72	43298.19
291.78	43207.59
291.85	43040.09
291.91	42849.57
291.98	42678.28
292.05	42526.45
292.11	42384.98
292.18	42230.94
292.25	42057.89
292.31	41868.52
292.38	41691.40
292.45	41564.75
292.51	41516.13
292.58	41530.13
292.64	41601.10
292.71	41711.24
292.78	41863.11
292.84	42050.81
292.91	42274.46
292.98	42498.30
293.04	42727.22
293.11	42945.06
293.17	43143.17
293.24	43343.83
293.31	43535.52
293.37	43701.42
293.44	43822.95
293.51	43904.34
293.57	43900.80
293.64	43840.00
293.70	43704.82
293.77	43459.00
293.84	43114.67
293.90	42725.76
293.97	42354.40
294.04	42058.05
294.10	41895.44
294.17	41865.74
294.23	41939.01
294.30	42009.41
294.37	42046.92
294.43	42043.57
294.50	41999.55
294.56	41939.89
294.63	41939.31
294.70	42035.22
294.76	42235.33
294.83	42517.31
294.90	42845.33
294.96	43183.02
295.03	43481.67
295.09	43742.37
295.16	43973.86
295.23	44180.01
295.29	44358.50
295.36	44514.65
295.42	44628.26
295.49	44696.48
295.56	44728.48
295.62	44702.48
295.69	44596.41
295.75	44411.25
295.82	44139.28
295.89	43777.58
295.95	43358.43
296.02	42946.02
296.08	42569.55
296.15	42236.58
296.22	41991.09
296.28	41854.06
296.35	41849.15
296.41	41956.11
296.48	42197.93
296.55	42534.04
296.61	42924.70
296.68	43305.17
296.74	43662.32
296.81	43976.69
296.88	44218.92
296.94	44404.43
297.01	44561.61
297.07	44715.76
297.14	44879.26
297.20	45065.61
297.27	45272.75
297.34	45464.15
297.40	45637.05
297.47	45746.77
297.53	45804.35
297.60	45784.70
297.67	45690.85
297.73	45501.91
297.80	45200.54
297.86	44759.06
297.93	44225.20
298.00	43654.89
298.06	43133.75
298.13	42762.78
298.19	42575.02
298.26	42556.76
298.32	42662.78
298.39	42816.85
298.46	42985.02
298.52	43183.90
298.59	43413.15
298.65	43679.40
298.72	43991.82
298.78	44321.87
298.85	44628.20
298.92	44923.14
298.98	45195.49
299.05	45431.26
299.11	45647.10
299.18	45859.59
299.24	46031.28
299.31	46172.01
299.38	46291.72
299.44	46370.76
299.51	46424.17
299.57	46458.98
299.64	46469.41
299.70	46438.48
299.77	46358.16
299.84	46160.42
299.90	45781.66
299.97	45179.78
300.03	44415.62
300.10	43629.67
300.16	42974.50
300.23	42598.09
300.30	42530.26
300.36	42738.23
300.43	43103.60
300.49	43524.88
300.56	43929.85
300.62	44324.46
300.69	44699.66
300.75	45038.24
300.82	45356.29
300.89	45625.94
300.95	45870.49
301.02	46069.66
301.08	46248.21
301.15	46412.61
301.21	46572.06
301.28	46711.00
301.34	46850.48
301.41	46976.12
301.48	47067.65
301.54	47129.98
301.61	47158.97
301.67	47132.08
301.74	47043.73
301.80	46860.59
301.87	46563.66
301.93	46150.32
302.00	45638.09
302.06	45068.98
302.13	44523.95
302.20	44078.23
302.26	43763.75
302.33	43626.74
302.39	43642.56
302.46	43778.49
302.52	43994.25
302.59	44295.50
302.65	44623.22
302.72	44963.04
302.78	45294.65
302.85	45617.43
302.91	45881.34
302.98	46106.09
303.05	46301.92
303.11	46480.51
303.18	46629.79
303.24	46768.67
303.31	46893.73
303.37	47006.56
303.44	47082.12
303.50	47133.03
303.57	47157.06
303.63	47143.63
303.70	47116.37
303.76	47066.92
303.83	46991.71
303.89	46899.67
303.96	46751.55
304.03	46505.20
304.09	46163.76
304.16	45684.64
304.22	45105.63
304.29	44563.34
304.35	44136.81
304.42	43889.19
304.48	43865.59
304.55	44024.21
304.61	44269.68
304.68	44550.43
304.74	44839.47
304.81	45118.46
304.87	45367.49
304.94	45608.68
305.00	45822.38
305.07	45990.11
305.13	46116.85
305.20	46239.72
305.26	46338.09
305.33	46431.13
305.39	46518.45
305.46	46589.33
305.52	46646.50
305.59	46684.80
305.66	46686.36
305.72	46670.38
305.79	46641.12
305.85	46565.40
305.92	46444.25
305.98	46252.32
306.05	45972.04
306.11	45636.77
306.18	45262.47
306.24	44884.21
306.31	44537.74
306.37	44207.24
306.44	43903.76
306.50	43638.10
306.57	43452.71
306.63	43400.62
306.70	43478.07
306.76	43674.23
306.83	43957.69
306.89	44246.76
306.96	44496.26
307.02	44721.83
307.09	44902.63
307.15	45041.58
307.22	45163.37
307.28	45255.52
307.35	45326.10
307.41	45378.51
307.48	45417.80
307.54	45441.73
307.61	45450.11
307.67	45430.53
307.74	45402.84
307.80	45375.37
307.87	45338.91
307.93	45291.82
308.00	45242.84
308.06	45181.43
308.13	45091.30
308.19	44961.40
308.26	44828.78
308.32	44695.70
308.38	44530.23
308.45	44336.93
308.51	44125.82
308.58	43844.92
308.64	43537.77
308.71	43275.48
308.77	43086.60
308.84	42983.71
308.90	43020.92
308.97	43136.94
309.03	43289.35
309.10	43437.51
309.16	43580.11
309.23	43690.26
309.29	43783.93
309.36	43841.24
309.42	43899.22
309.49	43952.36
309.55	43975.49
309.62	43982.47
309.68	43986.16
309.75	43950.64
309.81	43895.16
309.88	43837.70
309.94	43760.56
310.00	43676.40
310.07	43607.33
310.13	43537.63
310.20	43456.61
310.26	43388.96
310.33	43310.51
310.39	43236.90
310.46	43146.45
310.52	43035.77
310.59	42889.19
310.65	42713.96
310.72	42501.79
310.78	42309.44
310.85	42156.49
310.91	42074.10
310.97	42059.59
311.04	42084.07
311.10	42133.29
311.17	42178.99
311.23	42199.37
311.30	42207.38
311.36	42233.49
311.43	42268.04
311.49	42305.58
311.56	42343.99
311.62	42384.93
311.69	42413.42
311.75	42422.24
311.81	42409.50
311.88	42388.23
311.94	42354.06
312.01	42308.68
312.07	42233.89
312.14	42177.46
312.20	42121.20
312.27	42069.35
312.33	42006.72
312.40	41965.62
312.46	41916.04
312.52	41848.99
312.59	41765.59
312.65	41690.88
312.72	41598.01
312.78	41498.90
312.85	41391.94
312.91	41276.32
312.98	41138.83
313.04	41006.09
313.10	40870.48
313.17	40758.00
313.23	40672.52
313.30	40626.26
313.36	40601.05
313.43	40594.21
313.49	40611.43
313.56	40633.28
313.62	40657.68
313.68	40668.83
313.75	40682.70
313.81	40673.00
313.88	40645.45
313.94	40607.71
314.01	40582.27
314.07	40559.50
314.13	40536.80
314.20	40519.78
314.26	40500.65
314.33	40465.97
314.39	40425.35
314.46	40366.16
314.52	40298.68
314.58	40224.62
314.65	40142.89
314.71	40050.25
314.78	39966.21
314.84	39896.93
314.91	39829.98
314.97	39778.46
315.03	39741.27
315.10	39708.77
315.16	39636.76
315.23	39566.81
315.29	39494.31
315.36	39420.70
315.42	39345.85
315.48	39302.50
315.55	39263.67
315.61	39205.53
315.68	39148.69
315.74	39094.04
315.81	39039.25
315.87	38983.52
315.93	38966.22
316.00	38972.32
316.06	38973.36
316.13	38992.81
316.19	38984.77
316.25	38935.01
316.32	38824.60
316.38	38676.85
316.45	38480.35
316.51	38265.35
316.58	38029.12
316.64	37771.86
316.70	37526.21
316.77	37272.47
316.83	37014.54
316.90	36756.41
316.96	36510.53
317.02	36268.28
317.09	36018.08
317.15	35765.72
317.22	35502.74
317.28	35236.53
317.34	34965.37
317.41	34707.42
317.47	34465.73
317.54	34218.73
317.60	33983.10
317.66	33735.83
317.73	33477.31
317.79	33207.65
317.86	32950.20
317.92	32685.02
317.98	32405.79
318.05	32124.37
318.11	31836.82
318.18	31569.62
318.24	31281.67
318.30	31014.23
318.37	30745.92
318.43	30477.79
318.50	30194.44
318.56	29921.05
318.62	29658.08
318.69	29390.52
318.75	29128.41
318.82	28856.26
318.88	28589.10
318.94	28306.26
319.01	28037.96
319.07	27770.64
319.13	27500.82
319.20	27228.31
319.26	26953.45
319.33	26668.44
319.39	26367.23
319.45	26078.14
319.52	25782.85
319.58	25483.72
319.65	25194.66
319.71	24917.09
319.77	24623.03
319.84	24355.16
319.90	24084.23
319.96	23798.97
320.03	23509.15
320.09	23232.65
320.16	22928.90
320.22	22646.06
320.28	22358.75
320.35	22076.40
320.41	21791.70
320.47	21522.81
320.54	21240.56
320.60	20968.53
320.67	20699.70
320.73	20426.86
320.79	20144.25
320.86	19862.96
320.92	19572.52
320.98	19272.62
321.05	18976.10
321.11	18678.99
321.18	18383.48
321.24	18098.56
321.30	17822.61
321.37	17550.28
321.43	17274.97
321.49	17001.57
321.56	16730.45
321.62	16459.02
321.68	16181.00
321.75	15907.39
321.81	15631.10
321.88	15342.38
321.94	15064.22
322.00	14779.00
322.07	14490.70
322.13	14202.38
322.19	13917.75
322.26	13633.84
322.32	13355.81
322.38	13077.34
322.45	12805.40
322.51	12531.94
322.58	12255.12
322.64	11979.94
322.70	11714.73
322.77	11436.88
322.83	11172.46
322.89	10895.15
322.96	10624.76
323.02	10349.95
323.08	10080.53
323.15	9814.29
323.21	9554.67
323.27	9294.03
323.34	9044.48
323.40	8795.94
323.46	8542.04
323.53	8182.53
323.59	7064.26
323.65	5462.27
323.72	3785.94
323.78	2163.30
323.85	697.68
323.91	42.75
323.97	-82.71
324.04	-81.91
