180.21	3370.25
180.28	-115.31
180.36	626.39
180.44	-41.02
180.51	-12.15
180.59	10.21
180.66	37.47
180.74	33.86
180.81	32.19
180.89	34.25
180.97	35.33
181.04	32.77
181.12	31.18
181.19	31.18
181.27	32.08
181.34	49.86
181.42	57.01
181.50	65.16
181.57	76.92
181.65	81.90
181.72	74.73
181.80	69.77
181.87	69.50
181.95	69.26
182.03	68.30
182.10	71.91
182.18	73.55
182.25	78.76
182.33	78.30
182.40	85.52
182.48	80.19
182.55	91.50
182.63	96.13
182.71	98.91
182.78	100.41
182.86	106.85
182.93	103.72
183.01	105.47
183.08	105.75
183.16	111.11
183.23	106.96
183.31	113.32
183.39	112.69
183.46	122.46
183.54	117.07
183.61	124.63
183.69	125.97
183.76	135.13
183.84	134.43
183.91	136.26
183.99	146.14
184.06	148.40
184.14	152.58
184.22	157.57
184.29	160.82
184.37	158.06
184.44	152.56
184.52	140.76
184.59	136.19
184.67	140.56
184.74	134.57
184.82	146.87
184.89	159.23
184.97	168.55
185.04	175.52
185.12	185.16
185.20	192.38
185.27	201.28
185.35	209.47
185.42	208.51
185.50	220.36
185.57	220.82
185.65	224.67
185.72	225.09
185.80	234.18
185.87	231.35
185.95	230.36
186.02	231.04
186.10	228.38
186.17	227.51
186.25	226.79
186.33	219.31
186.40	213.15
186.48	215.72
186.55	219.61
186.63	222.99
186.70	250.69
186.78	266.02
186.85	282.82
186.93	293.22
187.00	307.93
187.08	301.43
187.15	308.46
187.23	311.11
187.30	316.34
187.38	326.21
187.45	342.59
187.53	356.00
187.60	362.78
187.68	373.15
187.75	382.74
187.83	392.14
187.90	387.97
187.98	388.74
188.05	390.64
188.13	375.80
188.21	353.76
188.28	353.61
188.36	349.08
188.43	347.04
188.51	360.68
188.58	385.10
188.66	388.27
188.73	402.35
188.81	421.10
188.88	431.59
188.96	442.18
189.03	468.82
189.11	490.58
189.18	503.60
189.26	520.56
189.33	544.26
189.41	568.61
189.48	588.25
189.56	608.02
189.63	627.28
189.71	625.34
189.78	601.63
189.86	578.95
189.93	559.12
190.01	530.71
190.08	513.05
190.16	504.53
190.23	490.46
190.31	485.60
190.38	482.80
190.46	489.17
190.53	509.44
190.61	551.35
190.68	576.83
190.76	621.99
190.83	658.50
190.91	685.71
190.98	696.83
191.06	718.63
191.13	729.09
191.21	734.51
191.28	730.84
191.35	729.09
191.43	717.11
191.50	700.01
191.58	692.91
191.65	699.62
191.73	705.66
191.80	717.38
191.88	722.28
191.95	726.45
192.03	730.87
192.10	739.60
192.18	751.29
192.25	774.00
192.33	789.50
192.40	791.12
192.48	788.82
192.55	783.17
192.63	768.11
192.70	761.51
192.78	764.36
192.85	776.48
192.93	782.42
193.00	779.10
193.08	762.25
193.15	744.37
193.22	729.13
193.30	729.52
193.37	764.91
193.45	805.84
193.52	857.86
193.60	913.14
193.67	959.71
193.75	988.76
193.82	1021.93
193.90	1036.81
193.97	1038.03
194.05	1029.12
194.12	1008.47
194.20	981.32
194.27	951.65
194.34	909.97
194.42	871.08
194.49	848.21
194.57	832.34
194.64	814.90
194.72	806.91
194.79	811.54
194.87	824.84
194.94	860.25
195.02	920.44
195.09	992.11
195.17	1067.24
195.24	1132.98
195.31	1181.09
195.39	1212.32
195.46	1230.86
195.54	1242.46
195.61	1240.84
195.69	1221.34
195.76	1188.19
195.84	1142.27
195.91	1057.86
195.99	962.27
196.06	878.17
196.13	825.27
196.21	804.93
196.28	831.24
196.36	901.78
196.43	986.63
196.51	1073.89
196.58	1157.53
196.66	1232.74
196.73	1285.05
196.80	1321.68
196.88	1340.32
196.95	1349.72
197.03	1348.98
197.10	1330.10
197.18	1294.85
197.25	1237.84
197.33	1155.42
197.40	1066.22
197.47	974.81
197.55	905.90
197.62	865.64
197.70	861.12
197.77	887.18
197.85	947.95
197.92	1021.56
197.99	1112.41
198.07	1212.23
198.14	1307.10
198.22	1402.27
198.29	1476.12
198.37	1531.22
198.44	1568.65
198.51	1584.91
198.59	1570.33
198.66	1545.72
198.74	1487.91
198.81	1390.21
198.89	1265.26
198.96	1146.86
199.03	1033.94
199.11	955.05
199.18	926.18
199.26	951.76
199.33	1014.54
199.41	1112.33
199.48	1217.80
199.55	1333.88
199.63	1434.40
199.70	1526.70
199.78	1600.33
199.85	1671.41
199.93	1725.83
200.00	1775.22
200.07	1793.13
200.15	1790.26
200.22	1752.33
200.30	1663.43
200.37	1529.34
200.44	1356.60
200.52	1194.78
200.59	1077.12
200.67	1015.96
200.74	1018.87
200.81	1091.20
200.89	1185.73
200.96	1291.32
201.04	1396.54
201.11	1515.22
201.19	1634.32
201.26	1744.41
201.33	1831.99
201.41	1908.61
201.48	1952.27
201.56	1967.35
201.63	1966.33
201.70	1922.77
201.78	1840.24
201.85	1718.50
201.93	1573.03
202.00	1426.63
202.07	1310.91
202.15	1219.54
202.22	1176.96
202.30	1195.88
202.37	1252.64
202.44	1350.27
202.52	1491.48
202.59	1654.11
202.67	1802.82
202.74	1941.44
202.81	2061.45
202.89	2165.42
202.96	2269.82
203.04	2368.31
203.11	2437.56
203.18	2476.95
203.26	2472.32
203.33	2400.00
203.41	2264.72
203.48	2077.97
203.55	1829.09
203.63	1595.10
203.70	1425.44
203.77	1342.55
203.85	1357.13
203.92	1475.91
204.00	1655.45
204.07	1839.28
204.14	2024.34
204.22	2198.63
204.29	2377.82
204.37	2530.36
204.44	2668.47
204.51	2778.03
204.59	2849.49
204.66	2868.12
204.73	2856.14
204.81	2799.32
204.88	2692.37
204.96	2530.55
205.03	2309.97
205.10	2068.66
205.18	1856.89
205.25	1690.02
205.32	1598.61
205.40	1615.71
205.47	1711.16
205.55	1855.66
205.62	2051.63
205.69	2291.42
205.77	2541.35
205.84	2783.26
205.91	3003.61
205.99	3191.35
206.06	3347.70
206.14	3484.44
206.21	3608.02
206.28	3703.56
206.36	3770.63
206.43	3770.78
206.50	3694.63
206.58	3521.26
206.65	3251.66
206.72	2888.70
206.80	2519.31
206.87	2207.14
206.95	2018.39
207.02	1989.12
207.09	2124.59
207.17	2372.98
207.24	2672.13
207.31	2981.34
207.39	3278.11
207.46	3563.84
207.53	3828.35
207.61	4085.69
207.68	4313.23
207.75	4522.57
207.83	4695.59
207.90	4820.27
207.98	4861.98
208.05	4834.58
208.12	4705.81
208.20	4475.85
208.27	4144.17
208.34	3732.75
208.42	3301.68
208.49	2957.12
208.56	2731.59
208.64	2671.58
208.71	2778.49
208.78	2995.26
208.86	3275.04
208.93	3587.53
209.00	3923.46
209.08	4272.13
209.15	4633.58
209.22	4976.44
209.30	5301.72
209.37	5584.72
209.44	5837.70
209.52	6042.81
209.59	6184.36
209.67	6260.11
209.74	6238.98
209.81	6117.04
209.89	5858.84
209.96	5463.06
210.03	4959.84
210.11	4476.64
210.18	4039.27
210.25	3738.19
210.33	3641.10
210.40	3756.82
210.47	4013.53
210.55	4384.29
210.62	4814.65
210.69	5256.77
210.77	5693.76
210.84	6100.05
210.91	6486.04
210.99	6836.06
211.06	7171.78
211.13	7487.37
211.21	7778.32
211.28	7996.92
211.35	8156.99
211.42	8191.84
211.50	8073.75
211.57	7783.64
211.64	7341.04
211.72	6748.37
211.79	6113.26
211.86	5592.62
211.94	5303.09
212.01	5267.95
212.08	5493.14
212.16	5897.98
212.23	6353.91
212.30	6780.43
212.38	7163.64
212.45	7520.58
212.52	7849.71
212.60	8171.80
212.67	8503.63
212.74	8855.30
212.82	9210.81
212.89	9567.69
212.96	9879.38
213.03	10090.69
213.11	10173.31
213.18	10090.55
213.25	9851.25
213.33	9425.78
213.40	8864.16
213.47	8308.67
213.55	7859.51
213.62	7553.87
213.69	7492.53
213.77	7683.74
213.84	8018.36
213.91	8441.53
213.98	8903.58
214.06	9336.77
214.13	9708.77
214.20	10044.72
214.28	10380.96
214.35	10739.80
214.42	11141.85
214.50	11593.93
214.57	12047.57
214.64	12444.98
214.72	12760.92
214.79	12973.34
214.86	13042.47
214.93	12953.02
215.01	12701.70
215.08	12265.48
215.15	11645.18
215.23	10944.97
215.30	10369.22
215.37	10047.90
215.44	10063.41
215.52	10417.71
215.59	11023.52
215.66	11690.98
215.74	12311.81
215.81	12836.54
215.88	13321.33
215.95	13774.91
216.03	14228.45
216.10	14666.89
216.17	15078.28
216.25	15418.34
216.32	15699.00
216.39	15888.85
216.46	16017.92
216.54	16093.06
216.61	16096.88
216.68	15984.17
216.76	15745.40
216.83	15317.13
216.90	14718.62
216.97	14092.54
217.05	13614.01
217.12	13373.64
217.19	13459.38
217.27	13868.52
217.34	14497.91
217.41	15215.57
217.48	15946.86
217.56	16623.67
217.63	17245.96
217.70	17770.94
217.78	18201.50
217.85	18548.33
217.92	18840.02
217.99	19085.19
218.07	19290.61
218.14	19473.79
218.21	19675.67
218.28	19887.18
218.36	20057.69
218.43	20157.02
218.50	20123.30
218.57	19874.60
218.65	19375.51
218.72	18681.00
218.79	17969.98
218.87	17405.62
218.94	17141.79
219.01	17250.00
219.08	17724.65
219.16	18439.85
219.23	19228.86
219.30	19976.70
219.37	20635.87
219.45	21211.08
219.52	21708.69
219.59	22166.76
219.66	22583.82
219.74	22985.46
219.81	23368.60
219.88	23704.12
219.95	24025.60
220.03	24320.38
220.10	24566.06
220.17	24724.61
220.24	24769.82
220.32	24628.39
220.39	24304.52
220.46	23788.45
220.53	23128.96
220.61	22475.11
220.68	22008.24
220.75	21837.77
220.82	21986.81
220.90	22414.29
220.97	22995.46
221.04	23595.93
221.11	24122.25
221.19	24598.96
221.26	25058.42
221.33	25509.68
221.40	25959.25
221.48	26415.64
221.55	26845.57
221.62	27243.96
221.69	27616.45
221.77	27958.19
221.84	28255.40
221.91	28475.32
221.98	28624.86
222.06	28691.42
222.13	28647.86
222.20	28489.18
222.27	28247.91
222.35	27911.55
222.42	27577.38
222.49	27327.55
222.56	27205.71
222.63	27232.84
222.71	27414.60
222.78	27656.30
222.85	27915.65
222.92	28193.89
223.00	28493.02
223.07	28805.40
223.14	29155.42
223.21	29546.33
223.29	29941.95
223.36	30344.67
223.43	30750.27
223.50	31146.18
223.57	31491.23
223.65	31779.18
223.72	31994.57
223.79	32117.80
223.86	32141.35
223.94	32108.92
224.01	32045.66
224.08	31949.11
224.15	31868.99
224.22	31786.98
224.30	31709.06
224.37	31680.98
224.44	31718.86
224.51	31798.71
224.59	31951.35
224.66	32172.38
224.73	32407.57
224.80	32653.15
224.87	32919.57
224.95	33213.34
225.02	33501.64
225.09	33806.35
225.16	34100.79
225.23	34384.79
225.31	34635.64
225.38	34856.96
225.45	35027.23
225.52	35142.13
225.60	35187.99
225.67	35168.82
225.74	35097.31
225.81	34961.51
225.88	34852.81
225.96	34807.28
226.03	34843.76
226.10	34950.57
226.17	35135.58
226.24	35341.99
226.32	35541.73
226.39	35754.38
226.46	35974.64
226.53	36213.02
226.60	36455.68
226.68	36691.57
226.75	36902.10
226.82	37094.05
226.89	37266.93
226.96	37415.85
227.04	37538.83
227.11	37644.73
227.18	37746.92
227.25	37825.03
227.32	37893.87
227.40	37965.69
227.47	38004.72
227.54	38002.87
227.61	37958.03
227.68	37878.16
227.76	37767.82
227.83	37693.54
227.90	37688.31
227.97	37779.82
228.04	37941.92
228.11	38162.67
228.19	38380.96
228.26	38598.08
228.33	38772.90
228.40	38937.60
228.47	39103.34
228.55	39269.71
228.62	39416.03
228.69	39560.14
228.76	39669.11
228.83	39759.69
228.90	39848.76
228.98	39943.89
229.05	40058.12
229.12	40209.10
229.19	40343.93
229.26	40478.33
229.34	40585.67
229.41	40670.32
229.48	40707.80
229.55	40729.05
229.62	40723.65
229.69	40690.62
229.77	40622.69
229.84	40572.75
229.91	40553.90
229.98	40573.72
230.05	40634.32
230.12	40751.06
230.20	40902.48
230.27	41049.12
230.34	41199.67
230.41	41348.00
230.48	41473.47
230.55	41576.93
230.63	41673.78
230.70	41753.44
230.77	41815.62
230.84	41867.52
230.91	41911.80
230.98	41962.39
231.06	42012.44
231.13	42098.97
231.20	42212.16
231.27	42325.24
231.34	42428.22
231.41	42542.13
231.49	42630.07
231.56	42692.40
231.63	42751.92
231.70	42808.09
231.77	42824.01
231.84	42835.64
231.92	42850.26
231.99	42870.64
232.06	42892.33
232.13	42944.55
232.20	43016.61
232.27	43079.72
232.34	43135.77
232.42	43189.21
232.49	43239.24
232.56	43272.58
232.63	43331.41
232.70	43377.95
232.77	43439.31
232.85	43492.69
232.92	43541.77
232.99	43588.04
233.06	43656.20
233.13	43713.01
233.20	43766.58
233.27	43811.19
233.35	43843.70
233.42	43870.72
233.49	43906.17
233.56	43955.75
233.63	44011.21
233.70	44074.72
233.77	44115.49
233.85	44158.89
233.92	44219.48
233.99	44274.66
234.06	44322.10
234.13	44374.74
234.20	44424.09
234.27	44444.85
234.35	44462.91
234.42	44466.42
234.49	44479.19
234.56	44491.38
234.63	44481.93
234.70	44479.13
234.77	44478.63
234.84	44469.86
234.92	44450.31
234.99	44468.87
235.06	44492.29
235.13	44529.35
235.20	44572.75
235.27	44624.49
235.34	44661.05
235.41	44711.94
235.49	44742.83
235.56	44777.09
235.63	44812.97
235.70	44842.46
235.77	44859.30
235.84	44874.89
235.91	44881.20
235.98	44883.95
236.06	44876.90
236.13	44875.96
236.20	44892.59
236.27	44888.64
236.34	44886.81
236.41	44904.53
236.48	44904.13
236.55	44912.22
236.63	44933.11
236.70	44943.15
236.77	44951.21
236.84	44982.44
236.91	45000.25
236.98	45020.32
237.05	45049.24
237.12	45073.64
237.19	45081.03
237.27	45083.48
237.34	45090.01
237.41	45098.80
237.48	45098.84
237.55	45101.35
237.62	45092.36
237.69	45106.77
237.76	45114.69
237.83	45127.31
237.91	45134.01
237.98	45166.70
238.05	45170.47
238.12	45182.32
238.19	45187.04
238.26	45210.24
238.33	45219.84
238.40	45228.41
238.47	45229.00
238.54	45233.69
238.62	45227.51
238.69	45226.57
238.76	45223.51
238.83	45205.60
238.90	45210.26
238.97	45221.19
239.04	45237.17
239.11	45263.32
239.18	45307.96
239.25	45322.34
239.33	45316.09
239.40	45291.61
239.47	45267.82
239.54	45233.90
239.61	45210.37
239.68	45191.04
239.75	45191.17
239.82	45184.61
239.89	45188.85
239.96	45194.65
240.03	45205.25
240.11	45200.42
240.18	45210.03
240.25	45214.50
240.32	45220.39
240.39	45221.50
240.46	45245.52
240.53	45268.91
240.60	45314.10
240.67	45356.56
240.74	45395.84
240.81	45423.64
240.88	45445.77
240.96	45445.40
241.03	45445.45
241.10	45464.68
241.17	45464.92
241.24	45468.32
241.31	45494.95
241.38	45497.71
241.45	45469.28
241.52	45471.03
241.59	45470.94
241.66	45465.70
241.73	45481.68
241.80	45515.00
241.88	45531.26
241.95	45539.13
242.02	45544.82
242.09	45540.10
242.16	45528.96
242.23	45533.80
242.30	45550.18
242.37	45553.58
242.44	45575.56
242.51	45597.50
242.58	45609.09
242.65	45611.34
242.72	45622.19
242.79	45618.26
242.87	45650.81
242.94	45658.93
243.01	45680.63
243.08	45707.71
243.15	45736.27
243.22	45745.98
243.29	45785.18
243.36	45803.91
243.43	45822.03
243.50	45866.25
243.57	45903.67
243.64	45930.75
243.71	45970.66
243.78	46005.88
243.85	46016.23
243.92	46025.68
243.99	46041.71
244.07	46048.51
244.14	46046.54
244.21	46053.22
244.28	46081.77
244.35	46097.40
244.42	46122.94
244.49	46143.30
244.56	46177.57
244.63	46189.63
244.70	46195.12
244.77	46200.22
244.84	46227.49
244.91	46245.80
244.98	46266.38
245.05	46316.12
245.12	46365.23
245.19	46407.16
245.26	46431.05
245.33	46460.84
245.40	46488.90
245.47	46526.78
245.55	46550.04
245.62	46589.79
245.69	46633.69
245.76	46681.54
245.83	46738.06
245.90	46803.25
245.97	46855.95
246.04	46913.02
246.11	46954.64
246.18	46975.01
246.25	46981.41
246.32	46987.67
246.39	46990.04
246.46	47005.38
246.53	47044.65
246.60	47097.72
246.67	47166.99
246.74	47237.61
246.81	47307.50
246.88	47356.17
246.95	47397.74
247.02	47433.08
247.09	47456.64
247.16	47469.13
247.23	47482.19
247.30	47488.17
247.37	47499.12
247.44	47521.60
247.51	47549.42
247.58	47586.98
247.66	47644.27
247.73	47708.88
247.80	47773.39
247.87	47834.77
247.94	47905.64
248.01	47983.19
248.08	48048.41
248.15	48097.32
248.22	48150.56
248.29	48200.42
248.36	48234.51
248.43	48282.64
248.50	48347.14
248.57	48396.95
248.64	48439.72
248.71	48494.76
248.78	48563.82
248.85	48618.67
248.92	48687.77
248.99	48741.74
249.06	48778.88
249.13	48786.73
249.20	48809.39
249.27	48829.73
249.34	48854.12
249.41	48895.92
249.48	48927.72
249.55	48936.87
249.62	48954.66
249.69	48965.53
249.76	48970.08
249.83	48993.76
249.90	49053.78
249.97	49122.84
250.04	49216.60
250.11	49325.68
250.18	49427.99
250.25	49502.43
250.32	49552.11
250.39	49605.94
250.46	49642.42
250.53	49686.87
250.60	49748.56
250.67	49821.81
250.74	49886.07
250.81	49926.77
250.88	49966.88
250.95	50001.21
251.02	50024.16
251.09	50020.56
251.16	50042.38
251.23	50065.44
251.30	50084.81
251.37	50110.44
251.44	50163.46
251.51	50234.47
251.58	50311.16
251.65	50381.04
251.72	50452.03
251.79	50523.25
251.86	50569.19
251.93	50597.29
252.00	50626.67
252.07	50650.77
252.14	50682.94
252.21	50713.64
252.28	50746.69
252.35	50783.52
252.42	50836.98
252.49	50874.81
252.56	50925.16
252.63	50980.02
252.70	51036.27
252.77	51094.09
252.84	51145.76
252.91	51194.01
252.98	51233.17
253.05	51266.92
253.12	51292.34
253.19	51315.56
253.25	51340.94
253.32	51378.98
253.39	51418.56
253.46	51455.96
253.53	51495.87
253.60	51515.03
253.67	51518.90
253.74	51534.90
253.81	51550.50
253.88	51586.69
253.95	51631.62
254.02	51684.72
254.09	51737.76
254.16	51785.45
254.23	51806.93
254.30	51832.81
254.37	51882.06
254.44	51920.75
254.51	51959.89
254.58	52000.62
254.65	52048.47
254.72	52077.47
254.79	52088.06
254.86	52102.64
254.93	52110.13
255.00	52123.35
255.07	52146.91
255.14	52192.00
255.21	52221.08
255.28	52236.42
255.34	52215.70
255.41	52175.95
255.48	52135.13
255.55	52108.55
255.62	52113.01
255.69	52141.65
255.76	52174.69
255.83	52209.43
255.90	52252.46
255.97	52303.84
256.04	52351.43
256.11	52411.08
256.18	52479.24
256.25	52546.06
256.32	52607.06
256.39	52674.12
256.46	52719.89
256.53	52766.01
256.60	52821.20
256.67	52861.28
256.74	52881.25
256.80	52899.89
256.87	52889.45
256.94	52859.66
257.01	52837.82
257.08	52836.75
257.15	52848.85
257.22	52861.77
257.29	52849.24
257.36	52809.39
257.43	52736.57
257.50	52653.69
257.57	52587.51
257.64	52564.08
257.71	52582.75
257.78	52650.28
257.85	52750.40
257.92	52855.38
257.98	52934.28
258.05	52997.43
258.12	53011.73
258.19	52972.33
258.26	52902.43
258.33	52818.29
258.40	52743.21
258.47	52695.30
258.54	52688.23
258.61	52706.98
258.68	52769.30
258.75	52828.86
258.82	52913.07
258.89	52964.74
258.95	53001.18
259.02	53010.95
259.09	53000.73
259.16	52947.68
259.23	52897.34
259.30	52875.38
259.37	52845.30
259.44	52831.47
259.51	52836.40
259.58	52867.57
259.65	52869.68
259.72	52878.79
259.79	52870.29
259.85	52838.81
259.92	52790.12
259.99	52760.70
260.06	52760.58
260.13	52767.41
260.20	52782.20
260.27	52780.23
260.34	52760.55
260.41	52718.56
260.48	52695.04
260.55	52685.69
260.62	52678.02
260.68	52670.63
260.75	52635.31
260.82	52613.21
260.89	52600.54
260.96	52598.75
261.03	52598.91
261.10	52613.65
261.17	52589.11
261.24	52522.46
261.31	52443.58
261.38	52353.99
261.44	52277.08
261.51	52209.46
261.58	52182.27
261.65	52184.87
261.72	52220.58
261.79	52238.91
261.86	52248.35
261.93	52239.01
262.00	52197.92
262.07	52126.01
262.13	52074.52
262.20	52036.93
262.27	51995.17
262.34	51996.20
262.41	52017.70
262.48	52036.73
262.55	52067.56
262.62	52107.42
262.69	52112.89
262.76	52104.74
262.82	52084.36
262.89	52058.73
262.96	52044.08
263.03	52036.34
263.10	52022.19
263.17	51993.93
263.24	51968.97
263.31	51951.17
263.38	51956.48
263.44	51982.97
263.51	52030.60
263.58	52047.80
263.65	52015.27
263.72	51910.52
263.79	51785.57
263.86	51667.41
263.93	51588.51
264.00	51555.05
264.06	51565.52
264.13	51579.68
264.20	51578.96
264.27	51517.29
264.34	51428.34
264.41	51335.36
264.48	51244.67
264.55	51149.14
264.61	51062.27
264.68	50965.55
264.75	50876.79
264.82	50795.15
264.89	50734.25
264.96	50718.53
265.03	50736.21
265.10	50766.56
265.16	50793.62
265.23	50795.93
265.30	50767.63
265.37	50720.67
265.44	50657.49
265.51	50621.37
265.58	50605.54
265.65	50623.67
265.71	50665.95
265.78	50724.90
265.85	50731.57
265.92	50692.12
265.99	50601.32
266.06	50476.11
266.13	50327.87
266.20	50208.07
266.26	50137.65
266.33	50094.04
266.40	50057.44
266.47	50033.40
266.54	49993.69
266.61	49963.70
266.68	49960.05
266.74	49958.37
266.81	49926.01
266.88	49864.37
266.95	49746.51
267.02	49606.50
267.09	49497.48
267.16	49450.95
267.22	49462.30
267.29	49523.84
267.36	49602.09
267.43	49683.25
267.50	49714.99
267.57	49709.14
267.64	49654.77
267.70	49566.59
267.77	49441.50
267.84	49356.78
267.91	49299.68
267.98	49303.57
268.05	49341.75
268.11	49390.74
268.18	49394.77
268.25	49353.83
268.32	49238.91
268.39	49062.02
268.46	48851.76
268.53	48628.47
268.59	48418.66
268.66	48273.52
268.73	48188.94
268.80	48182.77
268.87	48234.97
268.94	48355.58
269.00	48485.58
269.07	48611.81
269.14	48688.20
269.21	48710.78
269.28	48657.81
269.35	48573.78
269.41	48495.74
269.48	48428.61
269.55	48410.84
269.62	48432.96
269.69	48463.07
269.76	48455.77
269.82	48438.68
269.89	48390.20
269.96	48323.00
270.03	48227.12
270.10	48130.22
270.17	48010.99
270.23	47919.12
270.30	47847.83
270.37	47829.21
270.44	47846.03
270.51	47886.48
270.58	47901.11
270.64	47909.34
270.71	47889.39
270.78	47890.26
270.85	47897.73
270.92	47928.57
270.99	47936.64
271.05	47911.86
271.12	47820.68
271.19	47710.04
271.26	47575.08
271.33	47461.32
271.39	47384.85
271.46	47319.79
271.53	47269.22
271.60	47231.89
271.67	47180.62
271.74	47115.99
271.80	47053.38
271.87	47010.71
271.94	46962.76
272.01	46921.43
272.08	46897.98
272.14	46879.22
272.21	46847.04
272.28	46814.37
272.35	46779.97
272.42	46752.28
272.48	46754.05
272.55	46756.65
272.62	46762.75
272.69	46755.76
272.76	46739.57
272.83	46703.44
272.89	46669.33
272.96	46637.03
273.03	46617.82
273.10	46609.68
273.17	46604.57
273.23	46567.92
273.30	46503.46
273.37	46399.53
273.44	46255.41
273.51	46103.33
273.57	45993.18
273.64	45916.21
273.71	45901.95
273.78	45928.52
273.85	45992.16
273.91	46061.87
273.98	46158.58
274.05	46289.30
274.12	46438.36
274.19	46582.75
274.25	46713.57
274.32	46788.43
274.39	46789.10
274.46	46715.38
274.53	46591.58
274.59	46411.63
274.66	46233.16
274.73	46071.85
274.80	45941.67
274.86	45833.15
274.93	45778.32
275.00	45767.73
275.07	45745.20
275.14	45718.86
275.20	45693.42
275.27	45672.90
275.34	45630.70
275.41	45613.13
275.48	45618.98
275.54	45646.24
275.61	45675.62
275.68	45710.61
275.75	45741.97
275.81	45753.16
275.88	45759.28
275.95	45771.88
276.02	45787.47
276.09	45806.99
276.15	45837.19
276.22	45841.06
276.29	45808.55
276.36	45703.67
276.42	45538.54
276.49	45361.20
276.56	45186.79
276.63	45037.13
276.70	44965.23
276.76	44966.20
276.83	45015.64
276.90	45088.79
276.97	45168.11
277.03	45226.15
277.10	45221.33
277.17	45147.31
277.24	45049.26
277.30	44957.49
277.37	44913.62
277.44	44940.15
277.51	45022.91
277.58	45114.72
277.64	45171.03
277.71	45153.02
277.78	45064.00
277.85	44907.53
277.91	44720.11
277.98	44535.00
278.05	44375.29
278.12	44278.90
278.18	44231.27
278.25	44252.62
278.32	44328.17
278.39	44458.68
278.45	44600.39
278.52	44764.60
278.59	44917.21
278.66	45038.40
278.72	45095.77
278.79	45066.89
278.86	44942.37
278.93	44729.20
278.99	44459.36
279.06	44192.70
279.13	44018.24
279.20	43978.67
279.26	44059.31
279.33	44231.40
279.40	44458.99
279.47	44661.89
279.53	44782.28
279.60	44785.12
279.67	44631.61
279.74	44336.07
279.80	43982.92
279.87	43646.52
279.94	43406.49
280.01	43315.34
280.07	43342.56
280.14	43428.25
280.21	43524.31
280.28	43611.49
280.34	43680.93
280.41	43748.38
280.48	43809.77
280.55	43875.88
280.61	43932.77
280.68	43966.33
280.75	43995.06
280.82	44036.85
280.88	44078.92
280.95	44092.26
281.02	44091.58
281.08	44031.70
281.15	43926.00
281.22	43786.87
281.29	43628.77
281.35	43441.92
281.42	43256.62
281.49	43058.03
281.56	42856.06
281.62	42691.66
281.69	42580.49
281.76	42507.43
281.82	42458.37
281.89	42456.50
281.96	42477.30
282.03	42499.44
282.09	42555.96
282.16	42651.92
282.23	42753.59
282.30	42862.05
282.36	42993.81
282.43	43127.57
282.50	43267.37
282.56	43359.53
282.63	43415.97
282.70	43454.72
282.77	43497.48
282.83	43517.14
282.90	43562.66
282.97	43586.64
283.03	43514.04
283.10	43306.29
283.17	43011.16
283.24	42649.53
283.30	42299.02
283.37	42049.54
283.44	41921.35
283.50	41889.61
283.57	41931.72
283.64	41999.33
283.71	42082.44
283.77	42165.56
283.84	42254.97
283.91	42333.54
283.97	42430.50
284.04	42541.85
284.11	42645.38
284.18	42736.75
284.24	42811.23
284.31	42841.55
284.38	42808.09
284.44	42752.97
284.51	42700.43
284.58	42664.20
284.64	42640.07
284.71	42607.74
284.78	42542.93
284.85	42444.92
284.91	42336.29
284.98	42230.14
285.05	42102.86
285.11	41968.59
285.18	41787.44
285.25	41580.49
285.31	41359.17
285.38	41207.33
285.45	41157.42
285.52	41218.71
285.58	41348.46
285.65	41526.82
285.72	41709.72
285.78	41873.13
285.85	42013.07
285.92	42142.55
285.98	42262.55
286.05	42385.36
286.12	42501.71
286.18	42623.30
286.25	42728.82
286.32	42813.35
286.39	42880.41
286.45	42892.05
286.52	42812.23
286.59	42632.47
286.65	42365.59
286.72	42027.08
286.79	41682.28
286.85	41386.01
286.92	41190.05
286.99	41090.55
287.05	41059.25
287.12	41095.73
287.19	41184.68
287.25	41316.71
287.32	41457.14
287.39	41602.10
287.45	41719.80
287.52	41818.20
287.59	41897.09
287.65	41971.90
287.72	42054.52
287.79	42138.26
287.86	42225.51
287.92	42295.32
287.99	42369.96
288.06	42438.12
288.12	42500.73
288.19	42567.59
288.26	42615.88
288.32	42654.27
288.39	42658.93
288.46	42637.01
288.52	42558.25
288.59	42423.56
288.66	42198.76
288.72	41930.11
288.79	41627.36
288.86	41345.80
288.92	41138.87
288.99	41044.17
289.06	41070.15
289.12	41195.40
289.19	41395.49
289.26	41636.47
289.32	41908.30
289.39	42157.35
289.45	42396.67
289.52	42577.91
289.59	42724.01
289.65	42776.98
289.72	42775.11
289.79	42750.76
289.85	42712.85
289.92	42632.62
289.99	42554.56
290.05	42445.72
290.12	42297.02
290.19	42157.59
290.25	42055.13
290.32	42004.92
290.39	42026.26
290.45	42066.47
290.52	42079.48
290.59	42022.29
290.65	41881.76
290.72	41674.32
290.79	41491.89
290.85	41396.07
290.92	41425.06
290.98	41560.41
291.05	41790.73
291.12	42042.36
291.18	42274.19
291.25	42483.65
291.32	42672.21
291.38	42845.57
291.45	43026.36
291.52	43181.21
291.58	43293.36
291.65	43358.40
291.72	43344.95
291.78	43246.59
291.85	43078.94
291.91	42892.74
291.98	42727.56
292.05	42580.53
292.11	42443.06
292.18	42311.43
292.25	42145.81
292.31	41959.86
292.38	41790.01
292.45	41664.23
292.51	41610.46
292.58	41627.54
292.64	41694.45
292.71	41815.62
292.78	41966.50
292.84	42151.43
292.91	42357.96
292.98	42585.44
293.04	42800.63
293.11	43012.36
293.17	43210.48
293.24	43414.69
293.31	43584.81
293.37	43739.98
293.44	43864.46
293.51	43938.75
293.57	43933.69
293.64	43877.07
293.70	43736.86
293.77	43495.37
293.84	43150.77
293.90	42783.73
293.97	42426.44
294.04	42145.00
294.10	41990.63
294.17	41981.04
294.23	42036.40
294.30	42101.26
294.37	42133.82
294.43	42123.15
294.50	42061.28
294.56	42013.51
294.63	42021.44
294.70	42126.30
294.76	42327.59
294.83	42615.43
294.90	42935.97
294.96	43255.13
295.03	43543.49
295.09	43805.86
295.16	44040.72
295.23	44234.14
295.29	44413.12
295.36	44569.74
295.42	44668.36
295.49	44733.33
295.56	44772.48
295.62	44749.53
295.69	44642.03
295.75	44464.04
295.82	44190.57
295.89	43827.19
295.95	43416.48
296.02	43019.68
296.08	42654.79
296.15	42338.99
296.22	42103.93
296.28	41984.06
296.35	41979.12
296.41	42081.17
296.48	42304.62
296.55	42631.53
296.61	42991.92
296.68	43353.76
296.74	43696.93
296.81	44006.91
296.88	44245.93
296.94	44438.55
297.01	44592.69
297.07	44746.44
297.14	44903.68
297.20	45085.39
297.27	45287.61
297.34	45495.31
297.40	45669.99
297.47	45790.39
297.53	45843.59
297.60	45823.68
297.67	45724.61
297.73	45539.99
297.80	45228.23
297.86	44799.31
297.93	44279.43
298.00	43726.97
298.06	43230.20
298.13	42886.47
298.19	42707.23
298.26	42690.75
298.32	42796.05
298.39	42936.43
298.46	43088.38
298.52	43280.02
298.59	43503.47
298.65	43744.62
298.72	44050.48
298.78	44380.26
298.85	44697.09
298.92	44991.90
298.98	45272.31
299.05	45505.96
299.11	45704.20
299.18	45883.50
299.24	46040.39
299.31	46169.14
299.38	46284.62
299.44	46379.74
299.51	46432.26
299.57	46468.69
299.64	46477.90
299.70	46449.06
299.77	46366.22
299.84	46171.52
299.90	45797.39
299.97	45210.07
300.03	44458.77
300.10	43687.68
300.16	43061.00
300.23	42696.04
300.30	42635.24
300.36	42837.07
300.43	43199.70
300.49	43618.35
300.56	44025.13
300.62	44416.36
300.69	44781.38
300.75	45114.64
300.82	45415.03
300.89	45673.24
300.95	45912.82
301.02	46110.90
301.08	46285.50
301.15	46450.07
301.21	46606.36
301.28	46746.06
301.34	46893.12
301.41	47009.83
301.48	47092.17
301.54	47139.44
301.61	47153.91
301.67	47117.91
301.74	47031.00
301.80	46848.29
301.87	46567.88
301.93	46172.30
302.00	45668.62
302.06	45116.42
302.13	44589.98
302.20	44155.85
302.26	43860.70
302.33	43733.99
302.39	43745.74
302.46	43886.26
302.52	44099.01
302.59	44372.89
302.65	44680.70
302.72	45002.70
302.78	45329.47
302.85	45641.48
302.91	45906.03
302.98	46137.09
303.05	46343.24
303.11	46525.13
303.18	46679.01
303.24	46817.97
303.31	46937.93
303.37	47036.47
303.44	47108.37
303.50	47155.56
303.57	47169.92
303.63	47163.64
303.70	47132.51
303.76	47069.62
303.83	47000.29
303.89	46911.17
303.96	46758.05
304.03	46526.42
304.09	46200.27
304.16	45714.16
304.22	45137.22
304.29	44607.95
304.35	44191.40
304.42	43958.74
304.48	43943.73
304.55	44100.87
304.61	44337.95
304.68	44616.61
304.74	44885.64
304.81	45155.61
304.87	45407.10
304.94	45644.77
305.00	45838.09
305.07	45998.74
305.13	46123.03
305.20	46245.00
305.26	46346.90
305.33	46443.49
305.39	46524.31
305.46	46599.59
305.52	46652.22
305.59	46676.55
305.66	46673.00
305.72	46654.20
305.79	46615.12
305.85	46551.13
305.92	46433.35
305.98	46243.25
306.05	45977.88
306.11	45655.60
306.18	45289.73
306.24	44925.83
306.31	44591.86
306.37	44262.24
306.44	43958.20
306.50	43686.39
306.57	43503.78
306.63	43453.74
306.70	43540.01
306.76	43728.10
306.83	43993.70
306.89	44269.22
306.96	44514.31
307.02	44723.59
307.09	44909.41
307.15	45054.21
307.22	45174.57
307.28	45258.72
307.35	45322.92
307.41	45363.26
307.48	45400.04
307.54	45419.07
307.61	45435.35
307.67	45428.87
307.74	45407.22
307.80	45380.17
307.87	45335.14
307.93	45281.73
308.00	45238.60
308.06	45185.49
308.13	45083.13
308.19	44970.74
308.26	44842.15
308.32	44698.13
308.38	44522.51
308.45	44338.90
308.51	44121.50
308.58	43846.03
308.64	43538.80
308.71	43282.27
308.77	43106.32
308.84	43019.35
308.90	43049.29
308.97	43162.51
309.03	43314.95
309.10	43465.97
309.16	43610.90
309.23	43720.74
309.29	43825.03
309.36	43875.59
309.42	43914.25
309.49	43946.89
309.55	43976.11
309.62	43969.84
309.68	43973.63
309.75	43946.43
309.81	43898.29
309.88	43832.29
309.94	43761.68
310.00	43688.49
310.07	43623.63
310.13	43555.52
310.20	43483.16
310.26	43406.74
310.33	43318.07
310.39	43238.43
310.46	43148.93
310.52	43044.21
310.59	42902.86
310.65	42724.43
310.72	42527.46
310.78	42329.70
310.85	42166.25
310.91	42084.39
310.97	42071.03
311.04	42091.49
311.10	42133.14
311.17	42181.22
311.23	42208.44
311.30	42226.99
311.36	42250.22
311.43	42284.72
311.49	42311.21
311.56	42345.71
311.62	42374.64
311.69	42397.94
311.75	42408.84
311.81	42404.40
311.88	42374.28
311.94	42335.22
312.01	42283.18
312.07	42215.05
312.14	42157.87
312.20	42112.03
312.27	42068.71
312.33	42019.90
312.40	41964.82
312.46	41900.92
312.52	41832.58
312.59	41746.17
312.65	41659.96
312.72	41574.09
312.78	41482.18
312.85	41373.15
312.91	41257.25
312.98	41124.42
313.04	40990.60
313.10	40860.02
313.17	40740.09
313.23	40658.81
313.30	40596.86
313.36	40573.10
313.43	40565.55
313.49	40594.23
313.56	40612.80
313.62	40651.87
313.68	40670.13
313.75	40691.67
313.81	40673.92
313.88	40650.29
313.94	40613.08
314.01	40584.31
314.07	40546.98
314.13	40529.93
314.20	40513.50
314.26	40488.86
314.33	40451.57
314.39	40422.65
314.46	40364.37
314.52	40304.94
314.58	40224.68
314.65	40139.92
314.71	40041.48
314.78	39962.51
314.84	39887.10
314.91	39827.75
314.97	39777.87
315.03	39733.23
315.10	39690.40
315.16	39619.67
315.23	39547.42
315.29	39478.03
315.36	39411.88
315.42	39342.58
315.48	39294.27
315.55	39254.65
315.61	39200.58
315.68	39157.13
315.74	39097.40
315.81	39040.07
315.87	38994.13
315.93	38979.56
316.00	38971.80
316.06	38981.47
316.13	38998.57
316.19	38985.27
316.25	38928.29
316.32	38813.66
316.38	38666.54
316.45	38473.09
316.51	38263.54
316.58	38024.78
316.64	37771.61
316.70	37517.30
316.77	37256.15
316.83	36985.19
316.90	36727.59
316.96	36478.46
317.02	36225.88
317.09	35976.19
317.15	35728.74
317.22	35470.11
317.28	35213.84
317.34	34949.11
317.41	34699.91
317.47	34449.28
317.54	34202.03
317.60	33955.84
317.66	33704.90
317.73	33439.77
317.79	33168.30
317.86	32902.95
317.92	32640.32
317.98	32371.53
318.05	32090.16
318.11	31819.48
318.18	31550.95
318.24	31268.93
318.30	30990.09
318.37	30721.23
318.43	30443.25
318.50	30169.15
318.56	29896.25
318.62	29634.90
318.69	29374.76
318.75	29118.32
318.82	28837.79
318.88	28575.72
318.94	28310.50
319.01	28046.11
319.07	27779.14
319.13	27515.39
319.20	27230.79
319.26	26942.81
319.33	26650.80
319.39	26352.10
319.45	26062.85
319.52	25775.57
319.58	25476.82
319.65	25187.48
319.71	24906.10
319.77	24614.78
319.84	24330.02
319.90	24057.81
319.96	23775.23
320.03	23487.09
320.09	23213.65
320.16	22929.27
320.22	22646.29
320.28	22356.96
320.35	22074.25
320.41	21782.52
320.47	21511.08
320.54	21233.37
320.60	20968.49
320.67	20696.79
320.73	20423.79
320.79	20132.07
320.86	19843.15
320.92	19543.42
320.98	19240.94
321.05	18941.32
321.11	18646.92
321.18	18352.84
321.24	18071.30
321.30	17801.15
321.37	17534.39
321.43	17268.71
321.49	16996.61
321.56	16724.18
321.62	16451.44
321.68	16165.91
321.75	15882.73
321.81	15608.69
321.88	15316.85
321.94	15028.91
322.00	14749.50
322.07	14465.54
322.13	14188.28
322.19	13912.30
322.26	13626.03
322.32	13354.19
322.38	13078.42
322.45	12806.24
322.51	12529.92
322.58	12270.11
322.64	11986.70
322.70	11715.88
322.77	11432.30
322.83	11168.47
322.89	10885.03
322.96	10616.98
323.02	10347.73
323.08	10081.63
323.15	9816.59
323.21	9557.37
323.27	9294.90
323.34	9037.78
323.40	8793.86
323.46	8534.02
323.53	8178.77
323.59	7069.49
323.65	5472.66
323.72	3788.29
323.78	2170.25
323.85	702.92
323.91	43.22
323.97	-80.76
324.04	-83.76
