180.21	3368.60
180.28	-115.46
180.36	625.67
180.44	-41.13
180.51	-11.67
180.59	10.17
180.66	37.37
180.74	33.75
180.81	31.49
180.89	33.41
180.97	34.20
181.04	31.30
181.12	29.93
181.19	30.27
181.27	29.97
181.34	49.31
181.42	56.84
181.50	65.22
181.57	76.59
181.65	83.03
181.72	75.90
181.80	71.18
181.87	70.92
181.95	71.93
182.03	70.38
182.10	72.33
182.18	73.57
182.25	78.40
182.33	76.95
182.40	83.54
182.48	79.52
182.55	91.78
182.63	95.87
182.71	98.56
182.78	100.30
182.86	106.30
182.93	103.01
183.01	105.42
183.08	105.96
183.16	111.83
183.23	107.86
183.31	113.62
183.39	112.91
183.46	123.07
183.54	117.36
183.61	124.61
183.69	126.83
183.76	137.38
183.84	136.76
183.91	139.03
183.99	148.71
184.06	150.69
184.14	153.47
184.22	157.33
184.29	160.12
184.37	158.72
184.44	153.40
184.52	140.41
184.59	136.95
184.67	141.49
184.74	134.01
184.82	145.20
184.89	158.79
184.97	167.59
185.04	174.27
185.12	183.99
185.20	191.17
185.27	199.00
185.35	208.20
185.42	207.21
185.50	219.08
185.57	220.03
185.65	224.02
185.72	222.77
185.80	231.91
185.87	227.97
185.95	226.20
186.02	228.13
186.10	226.18
186.17	225.67
186.25	226.82
186.33	219.42
186.40	210.97
186.48	213.32
186.55	216.74
186.63	220.51
186.70	246.99
186.78	264.69
186.85	280.14
186.93	290.20
187.00	303.57
187.08	299.01
187.15	305.89
187.23	309.27
187.30	314.22
187.38	324.76
187.45	341.90
187.53	354.14
187.60	360.96
187.68	370.97
187.75	380.93
187.83	387.80
187.90	385.29
187.98	386.79
188.05	389.37
188.13	373.68
188.21	353.01
188.28	351.57
188.36	346.54
188.43	343.75
188.51	356.53
188.58	381.22
188.66	383.25
188.73	396.92
188.81	416.99
188.88	426.54
188.96	435.89
189.03	463.23
189.11	486.03
189.18	499.38
189.26	518.78
189.33	542.83
189.41	567.12
189.48	588.55
189.56	607.53
189.63	624.08
189.71	621.66
189.78	599.33
189.86	573.30
189.93	553.40
190.01	526.92
190.08	509.60
190.16	499.37
190.23	485.29
190.31	479.32
190.38	476.37
190.46	481.89
190.53	501.95
190.61	542.75
190.68	567.72
190.76	611.88
190.83	648.22
190.91	675.25
190.98	688.26
191.06	710.65
191.13	720.84
191.21	726.68
191.28	722.98
191.35	718.62
191.43	706.77
191.50	688.51
191.58	680.92
191.65	685.90
191.73	692.67
191.80	703.68
191.88	710.39
191.95	714.57
192.03	720.51
192.10	730.34
192.18	743.41
192.25	766.38
192.33	781.64
192.40	785.26
192.48	782.32
192.55	776.10
192.63	759.42
192.70	751.98
192.78	751.90
192.85	765.89
192.93	771.79
193.00	768.84
193.08	752.40
193.15	734.75
193.22	718.17
193.30	717.38
193.37	752.79
193.45	792.57
193.52	846.85
193.60	903.83
193.67	949.90
193.75	977.89
193.82	1008.84
193.90	1022.09
193.97	1022.99
194.05	1013.27
194.12	992.55
194.20	968.68
194.27	939.66
194.34	893.08
194.42	854.18
194.49	832.28
194.57	816.64
194.64	800.95
194.72	798.01
194.79	803.59
194.87	816.47
194.94	851.74
195.02	908.88
195.09	978.84
195.17	1055.39
195.24	1120.92
195.31	1170.10
195.39	1199.54
195.46	1216.48
195.54	1224.67
195.61	1224.94
195.69	1204.65
195.76	1173.47
195.84	1127.11
195.91	1043.70
195.99	945.89
196.06	860.03
196.13	806.29
196.21	783.48
196.28	811.06
196.36	879.39
196.43	965.40
196.51	1052.12
196.58	1137.14
196.66	1213.26
196.73	1269.37
196.80	1307.76
196.88	1328.14
196.95	1343.66
197.03	1340.60
197.10	1320.28
197.18	1285.35
197.25	1227.41
197.33	1137.85
197.40	1049.56
197.47	956.89
197.55	884.79
197.62	843.22
197.70	838.89
197.77	862.24
197.85	925.02
197.92	999.91
197.99	1093.82
198.07	1196.91
198.14	1295.35
198.22	1388.37
198.29	1463.83
198.37	1519.38
198.44	1554.59
198.51	1567.75
198.59	1554.20
198.66	1526.93
198.74	1467.59
198.81	1370.84
198.89	1248.96
198.96	1131.02
199.03	1017.58
199.11	939.36
199.18	907.87
199.26	931.91
199.33	992.52
199.41	1088.50
199.48	1194.78
199.55	1312.32
199.63	1412.37
199.70	1509.47
199.78	1586.95
199.85	1658.84
199.93	1716.10
200.00	1769.07
200.07	1787.36
200.15	1782.91
200.22	1740.54
200.30	1649.94
200.37	1514.60
200.44	1339.60
200.52	1176.08
200.59	1056.99
200.67	993.07
200.74	990.97
200.81	1060.68
200.89	1156.52
200.96	1263.80
201.04	1371.49
201.11	1495.32
201.19	1616.07
201.26	1726.27
201.33	1815.77
201.41	1894.00
201.48	1941.57
201.56	1959.51
201.63	1961.60
201.70	1919.14
201.78	1836.14
201.85	1706.33
201.93	1554.79
202.00	1404.07
202.07	1286.85
202.15	1191.97
202.22	1149.76
202.30	1172.17
202.37	1227.13
202.44	1322.14
202.52	1462.17
202.59	1624.00
202.67	1771.19
202.74	1910.28
202.81	2032.82
202.89	2144.99
202.96	2250.10
203.04	2347.94
203.11	2419.27
203.18	2458.25
203.26	2452.24
203.33	2380.18
203.41	2248.45
203.48	2066.50
203.55	1819.93
203.63	1582.19
203.70	1411.60
203.77	1324.35
203.85	1332.11
203.92	1444.75
204.00	1623.04
204.07	1810.40
204.14	1997.18
204.22	2175.15
204.29	2360.15
204.37	2516.83
204.44	2654.91
204.51	2767.55
204.59	2839.14
204.66	2856.96
204.73	2841.51
204.81	2780.83
204.88	2671.75
204.96	2507.93
205.03	2285.74
205.10	2042.28
205.18	1829.15
205.25	1657.74
205.32	1566.28
205.40	1576.64
205.47	1672.40
205.55	1822.35
205.62	2018.88
205.69	2258.25
205.77	2512.34
205.84	2754.80
205.91	2970.68
205.99	3162.33
206.06	3314.91
206.14	3455.08
206.21	3585.62
206.28	3681.95
206.36	3752.99
206.43	3760.69
206.50	3689.69
206.58	3511.25
206.65	3243.95
206.72	2874.89
206.80	2500.70
206.87	2180.48
206.95	1986.28
207.02	1950.81
207.09	2081.56
207.17	2325.75
207.24	2622.11
207.31	2933.25
207.39	3236.40
207.46	3530.60
207.53	3804.69
207.61	4068.03
207.68	4302.48
207.75	4519.45
207.83	4698.27
207.90	4823.17
207.98	4864.03
208.05	4835.36
208.12	4698.50
208.20	4459.54
208.27	4122.74
208.34	3704.47
208.42	3263.33
208.49	2911.60
208.56	2681.19
208.64	2612.80
208.71	2714.20
208.78	2929.83
208.86	3208.14
208.93	3525.71
209.00	3868.44
209.08	4226.53
209.15	4596.91
209.22	4950.28
209.30	5281.29
209.37	5571.56
209.44	5827.49
209.52	6040.46
209.59	6185.51
209.67	6263.63
209.74	6245.98
209.81	6121.09
209.89	5854.30
209.96	5446.76
210.03	4932.26
210.11	4434.34
210.18	3991.29
210.25	3681.88
210.33	3584.80
210.40	3693.00
210.47	3944.69
210.55	4313.94
210.62	4747.98
210.69	5195.62
210.77	5643.19
210.84	6061.71
210.91	6449.83
210.99	6814.43
211.06	7160.22
211.13	7485.54
211.21	7784.07
211.28	8022.93
211.35	8182.74
211.42	8218.67
211.50	8095.52
211.57	7801.93
211.64	7343.01
211.72	6735.60
211.79	6078.93
211.86	5543.29
211.94	5237.14
212.01	5194.70
212.08	5420.90
212.16	5831.42
212.23	6291.83
212.30	6728.82
212.38	7124.28
212.45	7480.83
212.52	7820.10
212.60	8150.47
212.67	8480.58
212.74	8835.05
212.82	9203.71
212.89	9557.89
212.96	9875.01
213.03	10095.22
213.11	10181.60
213.18	10101.29
213.25	9859.03
213.33	9426.41
213.40	8849.16
213.47	8270.28
213.55	7797.54
213.62	7481.95
213.69	7410.23
213.77	7604.88
213.84	7952.48
213.91	8382.44
213.98	8857.28
214.06	9290.63
214.13	9669.44
214.20	9998.74
214.28	10339.59
214.35	10703.65
214.42	11125.04
214.50	11581.31
214.57	12051.44
214.64	12467.77
214.72	12794.16
214.79	13009.16
214.86	13084.63
214.93	13001.11
215.01	12742.67
215.08	12285.37
215.15	11647.32
215.23	10927.24
215.30	10326.34
215.37	9978.59
215.44	9981.75
215.52	10330.68
215.59	10934.84
215.66	11615.70
215.74	12249.84
215.81	12795.71
215.88	13294.34
215.95	13765.75
216.03	14232.80
216.10	14677.93
216.17	15093.91
216.25	15448.88
216.32	15731.98
216.39	15927.56
216.46	16065.18
216.54	16141.77
216.61	16138.67
216.68	16014.59
216.76	15748.97
216.83	15301.56
216.90	14687.45
216.97	14039.51
217.05	13549.45
217.12	13312.61
217.19	13396.08
217.27	13805.99
217.34	14456.59
217.41	15192.56
217.48	15933.71
217.56	16634.73
217.63	17277.28
217.70	17810.76
217.78	18252.23
217.85	18609.38
217.92	18909.10
217.99	19159.20
218.07	19368.44
218.14	19563.72
218.21	19765.85
218.28	19967.78
218.36	20131.30
218.43	20224.44
218.50	20183.35
218.57	19926.78
218.65	19430.02
218.72	18724.01
218.79	17988.68
218.87	17398.57
218.94	17115.83
219.01	17211.84
219.08	17697.43
219.16	18426.18
219.23	19232.35
219.30	20000.75
219.37	20675.38
219.45	21261.23
219.52	21771.38
219.59	22242.25
219.66	22676.59
219.74	23094.19
219.81	23483.18
219.88	23840.79
219.95	24167.00
220.03	24471.99
220.10	24707.79
220.17	24865.27
220.24	24901.34
220.32	24759.41
220.39	24411.41
220.46	23877.61
220.53	23201.23
220.61	22514.97
220.68	22018.35
220.75	21832.15
220.82	21983.35
220.90	22416.07
220.97	23024.59
221.04	23648.57
221.11	24207.37
221.19	24703.47
221.26	25171.91
221.33	25625.91
221.40	26086.10
221.48	26540.43
221.55	26978.66
221.62	27386.03
221.69	27779.98
221.77	28129.59
221.84	28432.09
221.91	28660.35
221.98	28816.61
222.06	28864.83
222.13	28808.53
222.20	28638.93
222.27	28373.38
222.35	28020.68
222.42	27672.88
222.49	27417.81
222.56	27295.31
222.63	27327.15
222.71	27492.58
222.78	27747.77
222.85	28016.32
222.92	28305.44
223.00	28596.46
223.07	28933.33
223.14	29289.07
223.21	29677.68
223.29	30070.17
223.36	30493.60
223.43	30909.64
223.50	31302.18
223.57	31658.70
223.65	31968.75
223.72	32187.30
223.79	32315.74
223.86	32352.50
223.94	32327.90
224.01	32255.52
224.08	32161.13
224.15	32065.16
224.22	31977.09
224.30	31888.30
224.37	31849.47
224.44	31878.32
224.51	31959.38
224.59	32108.85
224.66	32327.63
224.73	32570.11
224.80	32821.25
224.87	33095.53
224.95	33401.36
225.02	33713.85
225.09	34018.13
225.16	34308.45
225.23	34600.14
225.31	34862.25
225.38	35081.78
225.45	35253.98
225.52	35392.29
225.60	35433.96
225.67	35403.35
225.74	35324.28
225.81	35187.52
225.88	35052.76
225.96	35006.77
226.03	35042.99
226.10	35150.45
226.17	35339.63
226.24	35564.96
226.32	35782.07
226.39	35997.96
226.46	36216.86
226.53	36459.92
226.60	36695.82
226.68	36925.72
226.75	37138.34
226.82	37337.90
226.89	37511.11
226.96	37668.24
227.04	37793.14
227.11	37909.95
227.18	38008.42
227.25	38099.74
227.32	38176.06
227.40	38250.68
227.47	38286.53
227.54	38289.94
227.61	38237.44
227.68	38151.84
227.76	38034.10
227.83	37956.38
227.90	37950.10
227.97	38039.58
228.04	38194.62
228.11	38413.47
228.19	38638.47
228.26	38856.77
228.33	39047.82
228.40	39235.95
228.47	39412.42
228.55	39580.18
228.62	39729.71
228.69	39860.70
228.76	39955.50
228.83	40043.94
228.90	40132.13
228.98	40224.33
229.05	40347.81
229.12	40498.64
229.19	40645.63
229.26	40783.28
229.34	40902.66
229.41	40986.16
229.48	41024.18
229.55	41046.30
229.62	41029.54
229.69	40980.46
229.77	40912.71
229.84	40863.94
229.91	40838.27
229.98	40872.56
230.05	40952.99
230.12	41069.75
230.20	41219.82
230.27	41372.21
230.34	41519.43
230.41	41655.41
230.48	41775.17
230.55	41882.34
230.63	41978.04
230.70	42071.97
230.77	42146.09
230.84	42209.96
230.91	42251.78
230.98	42296.13
231.06	42339.45
231.13	42428.00
231.20	42539.71
231.27	42677.38
231.34	42797.71
231.41	42905.11
231.49	42982.26
231.56	43055.56
231.63	43105.11
231.70	43144.23
231.77	43170.72
231.84	43184.65
231.92	43184.40
231.99	43201.21
232.06	43234.76
232.13	43282.40
232.20	43353.33
232.27	43441.18
232.34	43511.31
232.42	43555.51
232.49	43599.81
232.56	43640.20
232.63	43672.93
232.70	43707.50
232.77	43768.16
232.85	43816.06
232.92	43861.71
232.99	43912.73
233.06	43981.16
233.13	44048.82
233.20	44116.04
233.27	44175.98
233.35	44226.63
233.42	44247.68
233.49	44281.82
233.56	44329.60
233.63	44380.58
233.70	44429.40
233.77	44490.96
233.85	44538.75
233.92	44590.15
233.99	44642.83
234.06	44695.85
234.13	44738.54
234.20	44787.46
234.27	44822.92
234.35	44853.05
234.42	44869.22
234.49	44883.61
234.56	44891.01
234.63	44889.17
234.70	44885.19
234.77	44883.30
234.84	44882.84
234.92	44870.18
234.99	44873.53
235.06	44884.60
235.13	44912.82
235.20	44947.17
235.27	44997.41
235.34	45034.52
235.41	45080.02
235.49	45117.18
235.56	45153.52
235.63	45188.81
235.70	45227.27
235.77	45241.72
235.84	45265.72
235.91	45274.37
235.98	45271.32
236.06	45261.64
236.13	45260.83
236.20	45252.39
236.27	45254.87
236.34	45267.66
236.41	45285.72
236.48	45293.59
236.55	45301.33
236.63	45314.01
236.70	45320.37
236.77	45331.41
236.84	45359.27
236.91	45391.88
236.98	45426.19
237.05	45448.49
237.12	45461.07
237.19	45464.66
237.27	45454.77
237.34	45455.54
237.41	45464.28
237.48	45469.35
237.55	45474.99
237.62	45483.30
237.69	45492.00
237.76	45502.28
237.83	45520.29
237.91	45541.54
237.98	45561.53
238.05	45568.24
238.12	45582.60
238.19	45588.09
238.26	45609.30
238.33	45637.96
238.40	45652.31
238.47	45656.89
238.54	45676.91
238.62	45667.16
238.69	45639.17
238.76	45628.26
238.83	45613.11
238.90	45606.88
238.97	45617.64
239.04	45646.65
239.11	45664.53
239.18	45691.40
239.25	45700.98
239.33	45696.96
239.40	45687.21
239.47	45672.24
239.54	45643.92
239.61	45612.24
239.68	45583.00
239.75	45569.66
239.82	45558.57
239.89	45564.05
239.96	45576.21
240.03	45588.07
240.11	45595.31
240.18	45602.10
240.25	45611.49
240.32	45620.84
240.39	45636.80
240.46	45653.34
240.53	45701.57
240.60	45747.59
240.67	45797.90
240.74	45834.51
240.81	45860.42
240.88	45859.02
240.96	45864.54
241.03	45862.70
241.10	45867.06
241.17	45878.55
241.24	45891.42
241.31	45891.88
241.38	45885.36
241.45	45874.16
241.52	45871.01
241.59	45879.61
241.66	45894.99
241.73	45916.52
241.80	45952.26
241.88	45965.38
241.95	45974.50
242.02	45973.95
242.09	45973.50
242.16	45951.61
242.23	45955.07
242.30	45971.56
242.37	45979.06
242.44	45993.97
242.51	46010.66
242.58	46021.36
242.65	46016.74
242.72	46027.91
242.79	46031.44
242.87	46058.54
242.94	46067.79
243.01	46089.96
243.08	46125.32
243.15	46153.79
243.22	46176.63
243.29	46212.15
243.36	46242.61
243.43	46265.33
243.50	46312.78
243.57	46351.06
243.64	46384.94
243.71	46413.75
243.78	46432.83
243.85	46435.53
243.92	46447.49
243.99	46452.18
244.07	46460.04
244.14	46468.63
244.21	46478.80
244.28	46499.83
244.35	46526.02
244.42	46546.59
244.49	46564.67
244.56	46586.94
244.63	46603.41
244.70	46605.68
244.77	46607.57
244.84	46624.93
244.91	46647.30
244.98	46674.55
245.05	46726.67
245.12	46782.15
245.19	46842.01
245.26	46880.67
245.33	46917.27
245.40	46936.95
245.47	46968.30
245.55	46984.69
245.62	47014.74
245.69	47041.31
245.76	47102.97
245.83	47161.91
245.90	47217.45
245.97	47278.41
246.04	47353.64
246.11	47391.41
246.18	47411.60
246.25	47422.20
246.32	47425.73
246.39	47424.00
246.46	47440.52
246.53	47477.54
246.60	47547.16
246.67	47609.47
246.74	47668.89
246.81	47736.53
246.88	47790.23
246.95	47818.16
247.02	47858.97
247.09	47883.31
247.16	47900.09
247.23	47910.02
247.30	47922.64
247.37	47934.91
247.44	47960.08
247.51	47985.96
247.58	48030.81
247.66	48075.13
247.73	48136.30
247.80	48198.25
247.87	48247.41
247.94	48312.81
248.01	48395.41
248.08	48464.53
248.15	48517.20
248.22	48586.79
248.29	48635.51
248.36	48679.04
248.43	48717.36
248.50	48772.82
248.57	48827.01
248.64	48879.09
248.71	48948.88
248.78	49025.81
248.85	49085.34
248.92	49152.75
248.99	49201.73
249.06	49221.42
249.13	49238.17
249.20	49273.11
249.27	49284.50
249.34	49314.23
249.41	49348.93
249.48	49370.11
249.55	49379.70
249.62	49397.62
249.69	49401.58
249.76	49411.53
249.83	49443.55
249.90	49500.59
249.97	49576.07
250.04	49674.11
250.11	49774.13
250.18	49865.44
250.25	49941.45
250.32	49988.53
250.39	50031.24
250.46	50077.07
250.53	50122.94
250.60	50174.46
250.67	50248.84
250.74	50323.76
250.81	50367.69
250.88	50413.74
250.95	50447.55
251.02	50473.59
251.09	50483.10
251.16	50516.15
251.23	50538.20
251.30	50566.56
251.37	50584.48
251.44	50612.94
251.51	50662.20
251.58	50731.18
251.65	50795.45
251.72	50864.21
251.79	50945.00
251.86	50999.38
251.93	51035.02
252.00	51068.21
252.07	51090.03
252.14	51103.61
252.21	51127.80
252.28	51153.53
252.35	51180.73
252.42	51233.96
252.49	51288.62
252.56	51341.65
252.63	51392.62
252.70	51469.53
252.77	51534.74
252.84	51598.75
252.91	51650.84
252.98	51714.43
253.05	51741.14
253.12	51760.30
253.19	51776.34
253.25	51798.73
253.32	51813.92
253.39	51851.49
253.46	51895.21
253.53	51928.18
253.60	51943.19
253.67	51963.93
253.74	51980.23
253.81	51996.86
253.88	52034.62
253.95	52087.52
254.02	52130.59
254.09	52176.59
254.16	52216.05
254.23	52249.14
254.30	52280.50
254.37	52320.01
254.44	52355.46
254.51	52388.39
254.58	52416.99
254.65	52449.43
254.72	52477.19
254.79	52489.75
254.86	52511.15
254.93	52523.85
255.00	52554.48
255.07	52580.24
255.14	52626.05
255.21	52663.31
255.28	52681.46
255.34	52651.79
255.41	52619.58
255.48	52586.39
255.55	52554.19
255.62	52552.41
255.69	52584.80
255.76	52602.14
255.83	52627.62
255.90	52680.16
255.97	52745.31
256.04	52788.16
256.11	52874.72
256.18	52953.62
256.25	53024.37
256.32	53071.82
256.39	53147.88
256.46	53192.61
256.53	53230.09
256.60	53259.40
256.67	53305.13
256.74	53313.26
256.80	53314.96
256.87	53305.75
256.94	53283.20
257.01	53251.07
257.08	53264.00
257.15	53294.01
257.22	53318.66
257.29	53316.06
257.36	53279.00
257.43	53198.78
257.50	53113.07
257.57	53046.46
257.64	53020.55
257.71	53041.10
257.78	53107.00
257.85	53180.49
257.92	53270.73
257.98	53350.88
258.05	53421.45
258.12	53429.57
258.19	53406.06
258.26	53341.59
258.33	53254.81
258.40	53171.08
258.47	53130.38
258.54	53119.24
258.61	53148.74
258.68	53209.81
258.75	53274.42
258.82	53344.42
258.89	53404.94
258.95	53431.55
259.02	53442.38
259.09	53421.77
259.16	53383.98
259.23	53333.44
259.30	53284.53
259.37	53253.26
259.44	53242.68
259.51	53243.08
259.58	53268.12
259.65	53293.12
259.72	53310.29
259.79	53288.62
259.85	53254.30
259.92	53212.75
259.99	53188.94
260.06	53185.18
260.13	53206.23
260.20	53214.76
260.27	53215.88
260.34	53201.74
260.41	53166.30
260.48	53139.58
260.55	53132.04
260.62	53118.95
260.68	53078.87
260.75	53034.71
260.82	53006.28
260.89	52991.23
260.96	52990.75
261.03	53018.15
261.10	53014.71
261.17	52984.50
261.24	52908.47
261.31	52812.62
261.38	52716.25
261.44	52644.07
261.51	52593.52
261.58	52566.88
261.65	52583.34
261.72	52611.95
261.79	52635.78
261.86	52642.06
261.93	52656.66
262.00	52609.51
262.07	52539.64
262.13	52479.85
262.20	52426.77
262.27	52375.89
262.34	52383.68
262.41	52413.15
262.48	52446.07
262.55	52491.28
262.62	52525.58
262.69	52525.59
262.76	52510.03
262.82	52482.42
262.89	52452.37
262.96	52433.64
263.03	52420.69
263.10	52421.77
263.17	52411.60
263.24	52382.75
263.31	52369.05
263.38	52373.34
263.44	52399.80
263.51	52434.59
263.58	52457.71
263.65	52428.24
263.72	52330.34
263.79	52184.63
263.86	52044.05
263.93	51950.60
264.00	51903.45
264.06	51918.61
264.13	51945.53
264.20	51969.03
264.27	51915.71
264.34	51822.04
264.41	51720.59
264.48	51613.91
264.55	51496.96
264.61	51404.38
264.68	51322.54
264.75	51233.11
264.82	51158.19
264.89	51107.71
264.96	51094.55
265.03	51115.22
265.10	51150.34
265.16	51179.96
265.23	51175.69
265.30	51150.76
265.37	51080.87
265.44	51002.86
265.51	50951.40
265.58	50958.67
265.65	50979.81
265.71	51043.26
265.78	51126.03
265.85	51154.41
265.92	51106.07
265.99	51018.28
266.06	50883.83
266.13	50721.97
266.20	50587.63
266.26	50493.35
266.33	50428.90
266.40	50395.10
266.47	50364.49
266.54	50323.25
266.61	50306.84
266.68	50304.70
266.74	50301.09
266.81	50261.16
266.88	50183.92
266.95	50058.72
267.02	49926.59
267.09	49813.03
267.16	49771.05
267.22	49789.32
267.29	49858.37
267.36	49933.17
267.43	50001.65
267.50	50023.18
267.57	50024.28
267.64	49963.31
267.70	49869.02
267.77	49763.93
267.84	49683.60
267.91	49621.53
267.98	49619.82
268.05	49665.58
268.11	49701.07
268.18	49711.89
268.25	49662.62
268.32	49543.14
268.39	49363.52
268.46	49148.99
268.53	48913.62
268.59	48708.93
268.66	48560.74
268.73	48470.37
268.80	48476.51
268.87	48542.06
268.94	48658.00
269.00	48800.88
269.07	48932.53
269.14	49008.92
269.21	49034.60
269.28	48990.73
269.35	48887.87
269.41	48797.89
269.48	48733.23
269.55	48703.39
269.62	48728.35
269.69	48786.90
269.76	48799.29
269.82	48767.78
269.89	48725.05
269.96	48652.45
270.03	48550.45
270.10	48432.27
270.17	48316.69
270.23	48201.58
270.30	48121.93
270.37	48086.48
270.44	48115.99
270.51	48157.72
270.58	48204.01
270.64	48218.97
270.71	48218.93
270.78	48199.54
270.85	48204.70
270.92	48219.97
270.99	48225.68
271.05	48200.89
271.12	48136.52
271.19	48026.12
271.26	47884.28
271.33	47760.98
271.39	47669.33
271.46	47590.99
271.53	47535.74
271.60	47497.96
271.67	47461.40
271.74	47405.67
271.80	47354.39
271.87	47315.55
271.94	47273.93
272.01	47229.73
272.08	47191.05
272.14	47165.89
272.21	47143.02
272.28	47103.62
272.35	47070.55
272.42	47049.93
272.48	47042.12
272.55	47022.35
272.62	47024.26
272.69	47015.37
272.76	47004.54
272.83	46971.54
272.89	46938.75
272.96	46907.53
273.03	46898.42
273.10	46888.84
273.17	46872.31
273.23	46847.11
273.30	46790.65
273.37	46660.80
273.44	46487.78
273.51	46333.01
273.57	46200.67
273.64	46121.75
273.71	46122.53
273.78	46176.23
273.85	46242.83
273.91	46324.23
273.98	46420.42
274.05	46536.35
274.12	46683.28
274.19	46841.69
274.25	46980.54
274.32	47064.96
274.39	47082.15
274.46	47018.60
274.53	46880.53
274.59	46695.81
274.66	46511.49
274.73	46340.80
274.80	46194.73
274.86	46084.95
274.93	46038.06
275.00	46004.90
275.07	45991.07
275.14	45968.77
275.20	45961.23
275.27	45934.72
275.34	45908.41
275.41	45881.37
275.48	45885.39
275.54	45904.11
275.61	45935.51
275.68	45973.24
275.75	45996.21
275.81	46002.44
275.88	45999.36
275.95	46004.76
276.02	46008.99
276.09	46034.73
276.15	46058.57
276.22	46064.42
276.29	46026.77
276.36	45925.18
276.42	45780.42
276.49	45604.70
276.56	45431.01
276.63	45281.90
276.70	45210.70
276.76	45194.62
276.83	45238.72
276.90	45313.08
276.97	45395.02
277.03	45442.00
277.10	45423.94
277.17	45350.87
277.24	45260.73
277.30	45177.62
277.37	45143.07
277.44	45180.04
277.51	45255.04
277.58	45324.59
277.64	45375.03
277.71	45357.23
277.78	45269.53
277.85	45118.55
277.91	44941.18
277.98	44744.32
278.05	44579.55
278.12	44471.68
278.18	44432.96
278.25	44454.26
278.32	44523.46
278.39	44646.97
278.45	44793.38
278.52	44955.20
278.59	45110.41
278.66	45255.12
278.72	45325.00
278.79	45300.28
278.86	45175.03
278.93	44950.78
278.99	44656.18
279.06	44390.43
279.13	44212.07
279.20	44172.80
279.26	44265.48
279.33	44458.21
279.40	44679.96
279.47	44892.24
279.53	45026.52
279.60	45025.41
279.67	44866.06
279.74	44569.73
279.80	44197.94
279.87	43839.79
279.94	43590.49
280.01	43481.80
280.07	43509.62
280.14	43605.76
280.21	43711.96
280.28	43803.06
280.34	43891.96
280.41	43964.52
280.48	44022.05
280.55	44076.05
280.61	44124.45
280.68	44157.40
280.75	44178.88
280.82	44222.08
280.88	44264.45
280.95	44285.34
281.02	44273.14
281.08	44208.50
281.15	44094.67
281.22	43953.95
281.29	43795.03
281.35	43619.01
281.42	43442.38
281.49	43248.30
281.56	43055.33
281.62	42897.97
281.69	42767.15
281.76	42671.33
281.82	42624.26
281.89	42601.92
281.96	42598.51
282.03	42634.55
282.09	42700.11
282.16	42788.35
282.23	42895.36
282.30	43013.24
282.36	43154.32
282.43	43304.09
282.50	43436.83
282.56	43541.21
282.63	43618.29
282.70	43644.26
282.77	43670.37
282.83	43704.03
282.90	43756.88
282.97	43763.63
283.03	43692.74
283.10	43504.60
283.17	43205.71
283.24	42834.25
283.30	42487.96
283.37	42221.98
283.44	42083.24
283.50	42046.12
283.57	42094.35
283.64	42163.65
283.71	42258.78
283.77	42339.53
283.84	42431.32
283.91	42502.66
283.97	42608.67
284.04	42713.30
284.11	42807.86
284.18	42904.28
284.24	42983.51
284.31	43000.25
284.38	42974.11
284.44	42928.01
284.51	42877.24
284.58	42839.47
284.64	42826.78
284.71	42803.67
284.78	42743.42
284.85	42648.84
284.91	42531.53
284.98	42404.19
285.05	42264.23
285.11	42114.86
285.18	41915.11
285.25	41708.20
285.31	41503.56
285.38	41349.19
285.45	41298.11
285.52	41373.82
285.58	41508.00
285.65	41682.38
285.72	41871.69
285.78	42033.89
285.85	42171.91
285.92	42301.33
285.98	42419.12
286.05	42547.27
286.12	42682.85
286.18	42796.39
286.25	42899.86
286.32	42994.33
286.39	43066.52
286.45	43082.75
286.52	43010.86
286.59	42836.92
286.65	42561.32
286.72	42201.73
286.79	41837.81
286.85	41534.67
286.92	41326.32
286.99	41226.98
287.05	41192.83
287.12	41228.48
287.19	41316.23
287.25	41443.10
287.32	41569.89
287.39	41717.73
287.45	41837.34
287.52	41927.07
287.59	42005.01
287.65	42081.16
287.72	42169.72
287.79	42262.20
287.86	42368.18
287.92	42456.12
287.99	42542.02
288.06	42608.77
288.12	42673.72
288.19	42733.35
288.26	42782.36
288.32	42822.19
288.39	42832.29
288.46	42803.83
288.52	42723.22
288.59	42588.35
288.66	42363.16
288.72	42076.10
288.79	41775.01
288.86	41490.71
288.92	41273.93
288.99	41169.59
289.06	41208.94
289.12	41334.00
289.19	41530.69
289.26	41766.53
289.32	42039.73
289.39	42293.57
289.45	42544.45
289.52	42758.07
289.59	42919.36
289.65	42978.25
289.72	42987.17
289.79	42945.90
289.85	42882.51
289.92	42800.95
289.99	42719.82
290.05	42588.40
290.12	42437.17
290.19	42298.59
290.25	42192.95
290.32	42130.80
290.39	42153.37
290.45	42185.56
290.52	42191.32
290.59	42133.89
290.65	41994.11
290.72	41776.58
290.79	41588.10
290.85	41486.09
290.92	41509.94
290.98	41649.54
291.05	41885.08
291.12	42158.07
291.18	42418.02
291.25	42636.88
291.32	42841.96
291.38	43033.04
291.45	43205.60
291.52	43351.08
291.58	43452.81
291.65	43512.79
291.72	43495.47
291.78	43404.84
291.85	43234.26
291.91	43045.38
291.98	42876.74
292.05	42727.29
292.11	42580.94
292.18	42447.86
292.25	42284.69
292.31	42091.51
292.38	41910.68
292.45	41792.81
292.51	41729.27
292.58	41734.42
292.64	41803.27
292.71	41923.59
292.78	42086.67
292.84	42268.31
292.91	42494.33
292.98	42719.26
293.04	42947.95
293.11	43155.19
293.17	43375.34
293.24	43580.33
293.31	43771.65
293.37	43930.10
293.44	44053.52
293.51	44123.77
293.57	44127.99
293.64	44063.50
293.70	43930.61
293.77	43684.72
293.84	43326.96
293.90	42931.29
293.97	42564.27
294.04	42261.67
294.10	42091.20
294.17	42081.86
294.23	42140.46
294.30	42197.20
294.37	42236.29
294.43	42230.39
294.50	42180.10
294.56	42134.00
294.63	42143.75
294.70	42237.47
294.76	42436.18
294.83	42716.33
294.90	43040.86
294.96	43376.49
295.03	43689.36
295.09	43965.83
295.16	44204.63
295.23	44418.79
295.29	44598.64
295.36	44752.85
295.42	44867.73
295.49	44929.27
295.56	44957.31
295.62	44942.03
295.69	44836.50
295.75	44640.35
295.82	44380.17
295.89	44017.36
295.95	43589.28
296.02	43173.50
296.08	42791.93
296.15	42445.18
296.22	42193.12
296.28	42052.51
296.35	42034.24
296.41	42150.62
296.48	42394.62
296.55	42740.20
296.61	43128.12
296.68	43513.72
296.74	43869.58
296.81	44172.86
296.88	44408.79
296.94	44601.42
297.01	44768.55
297.07	44917.32
297.14	45090.30
297.20	45288.68
297.27	45489.42
297.34	45690.02
297.40	45869.53
297.47	45993.69
297.53	46037.91
297.60	46029.49
297.67	45931.43
297.73	45733.85
297.80	45411.18
297.86	44967.41
297.93	44423.32
298.00	43847.68
298.06	43327.11
298.13	42959.83
298.19	42768.30
298.26	42749.72
298.32	42856.70
298.39	43012.35
298.46	43188.31
298.52	43389.83
298.59	43612.63
298.65	43870.08
298.72	44183.02
298.78	44502.49
298.85	44829.72
298.92	45140.02
298.98	45418.61
299.05	45666.43
299.11	45896.94
299.18	46087.92
299.24	46257.06
299.31	46395.87
299.38	46514.33
299.44	46591.45
299.51	46653.02
299.57	46690.01
299.64	46703.72
299.70	46670.29
299.77	46587.73
299.84	46382.65
299.90	45996.66
299.97	45394.36
300.03	44621.10
300.10	43822.88
300.16	43176.94
300.23	42789.38
300.30	42723.05
300.36	42929.43
300.43	43314.31
300.49	43739.44
300.56	44160.27
300.62	44555.40
300.69	44932.62
300.75	45270.62
300.82	45593.50
300.89	45862.80
300.95	46106.32
301.02	46318.43
301.08	46501.10
301.15	46652.03
301.21	46810.08
301.28	46957.82
301.34	47088.35
301.41	47200.70
301.48	47296.58
301.54	47348.31
301.61	47365.20
301.67	47333.80
301.74	47245.01
301.80	47063.59
301.87	46778.98
301.93	46368.10
302.00	45850.00
302.06	45281.83
302.13	44727.01
302.20	44273.89
302.26	43956.68
302.33	43833.01
302.39	43844.35
302.46	43991.49
302.52	44214.86
302.59	44509.95
302.65	44826.13
302.72	45167.71
302.78	45491.49
302.85	45807.00
302.91	46075.26
302.98	46307.37
303.05	46509.61
303.11	46705.02
303.18	46863.61
303.24	47017.41
303.31	47142.18
303.37	47241.54
303.44	47319.81
303.50	47374.51
303.57	47390.13
303.63	47393.97
303.70	47372.02
303.76	47312.98
303.83	47242.02
303.89	47145.97
303.96	46974.66
304.03	46732.39
304.09	46383.09
304.16	45884.50
304.22	45293.92
304.29	44754.46
304.35	44330.72
304.42	44086.92
304.48	44059.47
304.55	44226.69
304.61	44470.26
304.68	44744.60
304.74	45025.15
304.81	45311.58
304.87	45563.94
304.94	45807.77
305.00	46026.79
305.07	46202.41
305.13	46335.49
305.20	46457.05
305.26	46559.92
305.33	46655.09
305.39	46744.57
305.46	46813.73
305.52	46865.92
305.59	46905.34
305.66	46906.81
305.72	46882.33
305.79	46845.74
305.85	46788.50
305.92	46664.55
305.98	46464.02
306.05	46189.71
306.11	45867.18
306.18	45505.15
306.24	45139.06
306.31	44795.44
306.37	44458.06
306.44	44139.20
306.50	43854.14
306.57	43664.53
306.63	43617.05
306.70	43694.06
306.76	43895.10
306.83	44165.71
306.89	44452.20
306.96	44703.53
307.02	44929.84
307.09	45105.73
307.15	45258.59
307.22	45375.25
307.28	45458.72
307.35	45537.72
307.41	45596.12
307.48	45633.46
307.54	45654.32
307.61	45663.57
307.67	45642.49
307.74	45622.86
307.80	45593.96
307.87	45550.21
307.93	45504.21
308.00	45458.09
308.06	45387.70
308.13	45285.33
308.19	45173.11
308.26	45038.55
308.32	44888.22
308.38	44735.49
308.45	44557.49
308.51	44335.31
308.58	44060.96
308.64	43764.45
308.71	43486.82
308.77	43299.08
308.84	43205.93
308.90	43239.10
308.97	43353.04
309.03	43510.54
309.10	43651.38
309.16	43798.76
309.23	43912.09
309.29	44007.75
309.36	44064.97
309.42	44124.18
309.49	44157.24
309.55	44180.84
309.62	44185.20
309.68	44188.28
309.75	44155.41
309.81	44103.30
309.88	44046.72
309.94	43978.52
310.00	43896.67
310.07	43821.05
310.13	43763.12
310.20	43678.72
310.26	43597.62
310.33	43520.49
310.39	43447.29
310.46	43347.66
310.52	43240.11
310.59	43098.04
310.65	42917.42
310.72	42714.83
310.78	42516.96
310.85	42362.26
310.91	42276.71
310.97	42262.98
311.04	42286.23
311.10	42334.52
311.17	42378.77
311.23	42409.94
311.30	42421.91
311.36	42443.10
311.43	42477.88
311.49	42508.08
311.56	42542.69
311.62	42581.19
311.69	42617.44
311.75	42640.50
311.81	42638.32
311.88	42611.80
311.94	42560.92
312.01	42500.10
312.07	42429.38
312.14	42369.01
312.20	42333.10
312.27	42296.92
312.33	42237.91
312.40	42174.74
312.46	42121.19
312.52	42034.15
312.59	41947.61
312.65	41867.09
312.72	41773.18
312.78	41674.49
312.85	41571.20
312.91	41467.20
312.98	41340.65
313.04	41216.29
313.10	41075.60
313.17	40955.60
313.23	40858.27
313.30	40811.50
313.36	40785.21
313.43	40788.93
313.49	40812.01
313.56	40825.06
313.62	40833.23
313.68	40846.19
313.75	40851.42
313.81	40840.48
313.88	40820.08
313.94	40800.19
314.01	40776.75
314.07	40754.00
314.13	40725.77
314.20	40717.87
314.26	40694.75
314.33	40659.63
314.39	40626.23
314.46	40567.43
314.52	40505.27
314.58	40432.13
314.65	40342.53
314.71	40243.30
314.78	40163.97
314.84	40076.46
314.91	40010.41
314.97	39968.02
315.03	39921.48
315.10	39881.48
315.16	39825.36
315.23	39755.93
315.29	39683.23
315.36	39610.22
315.42	39540.52
315.48	39487.20
315.55	39439.44
315.61	39381.10
315.68	39340.35
315.74	39287.07
315.81	39229.07
315.87	39183.15
315.93	39163.76
316.00	39157.29
316.06	39173.00
316.13	39182.31
316.19	39165.09
316.25	39109.79
316.32	38997.45
316.38	38846.25
316.45	38657.84
316.51	38444.44
316.58	38210.21
316.64	37967.87
316.70	37715.09
316.77	37459.34
316.83	37204.71
316.90	36940.29
316.96	36684.57
317.02	36427.56
317.09	36179.88
317.15	35910.29
317.22	35648.76
317.28	35376.50
317.34	35108.68
317.41	34844.84
317.47	34614.76
317.54	34371.67
317.60	34139.85
317.66	33893.37
317.73	33641.77
317.79	33373.60
317.86	33115.68
317.92	32848.90
317.98	32568.89
318.05	32285.07
318.11	31998.13
318.18	31717.03
318.24	31433.92
318.30	31166.51
318.37	30896.79
318.43	30625.92
318.50	30347.54
318.56	30068.52
318.62	29792.39
318.69	29529.55
318.75	29261.55
318.82	28993.78
318.88	28734.09
318.94	28468.95
319.01	28186.14
319.07	27918.83
319.13	27644.75
319.20	27357.03
319.26	27073.21
319.33	26798.13
319.39	26493.38
319.45	26204.16
319.52	25919.37
319.58	25621.51
319.65	25321.72
319.71	25035.14
319.77	24741.03
319.84	24445.91
319.90	24157.99
319.96	23870.20
320.03	23592.13
320.09	23321.46
320.16	23040.02
320.22	22759.10
320.28	22478.35
320.35	22193.48
320.41	21911.10
320.47	21630.37
320.54	21347.76
320.60	21073.67
320.67	20798.95
320.73	20513.70
320.79	20232.47
320.86	19958.37
320.92	19662.71
320.98	19360.75
321.05	19055.62
321.11	18754.13
321.18	18459.55
321.24	18175.01
321.30	17901.16
321.37	17634.85
321.43	17369.65
321.49	17086.16
321.56	16817.77
321.62	16545.16
321.68	16263.55
321.75	15983.06
321.81	15709.64
321.88	15416.88
321.94	15125.07
322.00	14838.43
322.07	14551.81
322.13	14259.23
322.19	13975.97
322.26	13691.13
322.32	13409.34
322.38	13134.00
322.45	12868.46
322.51	12592.66
322.58	12329.86
322.64	12061.33
322.70	11783.86
322.77	11508.31
322.83	11245.99
322.89	10966.88
322.96	10690.59
323.02	10416.17
323.08	10141.54
323.15	9864.39
323.21	9599.02
323.27	9335.94
323.34	9083.10
323.40	8835.89
323.46	8583.29
323.53	8221.75
323.59	7102.28
323.65	5495.15
323.72	3806.48
323.78	2176.04
323.85	703.76
323.91	43.63
323.97	-80.76
324.04	-81.76
