180.21	3367.15
180.28	-115.87
180.36	625.84
180.44	-41.47
180.51	-12.19
180.59	9.55
180.66	37.07
180.74	32.75
180.81	31.20
180.89	32.78
180.97	34.14
181.04	31.06
181.12	30.16
181.19	30.50
181.27	31.81
181.34	49.46
181.42	56.85
181.50	64.63
181.57	77.23
181.65	82.44
181.72	75.91
181.80	70.57
181.87	71.08
181.95	70.55
182.03	69.28
182.10	71.48
182.18	73.38
182.25	79.09
182.33	77.95
182.40	85.02
182.48	80.82
182.55	92.11
182.63	95.41
182.71	97.94
182.78	99.48
182.86	106.18
182.93	102.93
183.01	105.27
183.08	105.62
183.16	110.71
183.23	106.19
183.31	113.24
183.39	112.26
183.46	122.78
183.54	118.08
183.61	125.51
183.69	126.45
183.76	137.31
183.84	136.76
183.91	138.69
183.99	147.80
184.06	149.75
184.14	152.32
184.22	156.13
184.29	159.12
184.37	157.96
184.44	152.39
184.52	140.50
184.59	137.07
184.67	141.20
184.74	134.07
184.82	146.64
184.89	158.93
184.97	167.94
185.04	174.29
185.12	184.37
185.20	192.33
185.27	200.60
185.35	209.49
185.42	208.30
185.50	220.72
185.57	220.53
185.65	225.22
185.72	224.67
185.80	234.01
185.87	229.74
185.95	228.04
186.02	228.70
186.10	226.88
186.17	225.26
186.25	225.98
186.33	219.05
186.40	212.82
186.48	214.74
186.55	219.55
186.63	222.00
186.70	248.91
186.78	263.82
186.85	280.16
186.93	289.93
187.00	304.17
187.08	298.44
187.15	305.01
187.23	308.02
187.30	313.47
187.38	323.83
187.45	339.93
187.53	353.83
187.60	360.81
187.68	371.15
187.75	380.92
187.83	390.48
187.90	387.36
187.98	387.69
188.05	390.42
188.13	376.18
188.21	353.96
188.28	352.40
188.36	347.48
188.43	345.02
188.51	357.40
188.58	381.60
188.66	384.16
188.73	398.62
188.81	416.12
188.88	425.34
188.96	435.58
189.03	462.13
189.11	485.68
189.18	500.30
189.26	521.05
189.33	546.62
189.41	572.06
189.48	589.94
189.56	609.00
189.63	625.24
189.71	620.85
189.78	598.42
189.86	574.54
189.93	554.89
190.01	527.63
190.08	510.84
190.16	499.59
190.23	486.17
190.31	479.46
190.38	475.17
190.46	480.26
190.53	501.33
190.61	541.99
190.68	567.76
190.76	613.52
190.83	651.49
190.91	677.25
190.98	689.73
191.06	711.94
191.13	721.76
191.21	725.13
191.28	723.31
191.35	720.20
191.43	709.96
191.50	692.03
191.58	684.34
191.65	687.43
191.73	693.15
191.80	703.44
191.88	710.03
191.95	715.34
192.03	722.18
192.10	732.59
192.18	747.28
192.25	771.91
192.33	786.58
192.40	791.26
192.48	788.91
192.55	780.29
192.63	762.72
192.70	757.56
192.78	757.73
192.85	767.80
192.93	773.67
193.00	770.73
193.08	753.44
193.15	734.97
193.22	721.54
193.30	721.31
193.37	754.53
193.45	795.00
193.52	848.39
193.60	903.01
193.67	949.53
193.75	979.63
193.82	1011.38
193.90	1027.21
193.97	1028.24
194.05	1016.90
194.12	995.22
194.20	969.28
194.27	935.76
194.34	889.88
194.42	852.31
194.49	829.23
194.57	812.15
194.64	796.87
194.72	793.76
194.79	798.28
194.87	811.44
194.94	845.30
195.02	903.00
195.09	973.89
195.17	1051.37
195.24	1118.65
195.31	1168.67
195.39	1201.52
195.46	1218.95
195.54	1228.93
195.61	1227.46
195.69	1208.86
195.76	1175.41
195.84	1127.31
195.91	1041.83
195.99	946.25
196.06	861.66
196.13	808.51
196.21	789.07
196.28	816.33
196.36	882.53
196.43	967.67
196.51	1055.18
196.58	1139.32
196.66	1214.79
196.73	1271.31
196.80	1307.09
196.88	1325.55
196.95	1337.56
197.03	1338.46
197.10	1318.86
197.18	1286.62
197.25	1229.35
197.33	1142.60
197.40	1048.39
197.47	955.96
197.55	882.80
197.62	840.99
197.70	836.73
197.77	863.97
197.85	926.53
197.92	1003.11
197.99	1095.30
198.07	1196.95
198.14	1292.69
198.22	1386.13
198.29	1460.44
198.37	1517.14
198.44	1552.36
198.51	1570.73
198.59	1559.93
198.66	1533.61
198.74	1475.15
198.81	1379.59
198.89	1253.24
198.96	1130.96
199.03	1016.35
199.11	938.10
199.18	906.15
199.26	929.96
199.33	992.01
199.41	1090.07
199.48	1194.64
199.55	1311.53
199.63	1412.95
199.70	1506.80
199.78	1580.92
199.85	1654.18
199.93	1712.61
200.00	1765.05
200.07	1787.74
200.15	1786.03
200.22	1745.45
200.30	1655.72
200.37	1521.57
200.44	1343.68
200.52	1179.05
200.59	1058.61
200.67	994.43
200.74	992.05
200.81	1062.31
200.89	1157.25
200.96	1265.55
201.04	1373.21
201.11	1492.51
201.19	1614.23
201.26	1728.03
201.33	1817.77
201.41	1893.86
201.48	1944.00
201.56	1959.99
201.63	1958.95
201.70	1915.04
201.78	1833.00
201.85	1705.09
201.93	1554.38
202.00	1403.04
202.07	1285.34
202.15	1190.12
202.22	1147.77
202.30	1170.66
202.37	1229.17
202.44	1325.05
202.52	1469.34
202.59	1630.26
202.67	1775.44
202.74	1914.47
202.81	2035.53
202.89	2142.49
202.96	2250.38
203.04	2350.34
203.11	2419.94
203.18	2460.03
203.26	2456.13
203.33	2385.58
203.41	2255.83
203.48	2069.53
203.55	1819.20
203.63	1581.09
203.70	1406.92
203.77	1316.97
203.85	1325.40
203.92	1441.19
204.00	1618.03
204.07	1804.04
204.14	1992.43
204.22	2172.06
204.29	2355.69
204.37	2512.02
204.44	2654.22
204.51	2767.60
204.59	2843.74
204.66	2865.20
204.73	2852.89
204.81	2788.22
204.88	2679.07
204.96	2514.47
205.03	2290.81
205.10	2047.06
205.18	1835.50
205.25	1662.83
205.32	1568.07
205.40	1580.54
205.47	1676.92
205.55	1824.95
205.62	2024.17
205.69	2265.42
205.77	2515.52
205.84	2754.93
205.91	2973.97
205.99	3163.86
206.06	3319.92
206.14	3463.35
206.21	3593.43
206.28	3688.94
206.36	3757.24
206.43	3761.20
206.50	3685.51
206.58	3508.89
206.65	3241.20
206.72	2875.04
206.80	2497.53
206.87	2177.72
206.95	1984.37
207.02	1949.95
207.09	2081.01
207.17	2329.99
207.24	2627.31
207.31	2937.02
207.39	3236.81
207.46	3529.52
207.53	3799.71
207.61	4066.15
207.68	4302.09
207.75	4518.32
207.83	4692.77
207.90	4816.82
207.98	4864.47
208.05	4833.83
208.12	4698.75
208.20	4466.35
208.27	4132.65
208.34	3707.24
208.42	3269.69
208.49	2919.78
208.56	2685.91
208.64	2618.66
208.71	2719.87
208.78	2935.98
208.86	3216.56
208.93	3530.08
209.00	3868.16
209.08	4223.22
209.15	4589.60
209.22	4940.59
209.30	5271.83
209.37	5563.24
209.44	5822.99
209.52	6035.94
209.59	6182.94
209.67	6265.35
209.74	6255.54
209.81	6137.05
209.89	5871.45
209.96	5461.52
210.03	4946.96
210.11	4442.19
210.18	3989.16
210.25	3679.80
210.33	3582.79
210.40	3698.38
210.47	3954.94
210.55	4327.17
210.62	4764.79
210.69	5211.16
210.77	5652.82
210.84	6063.65
210.91	6454.65
210.99	6813.44
211.06	7158.95
211.13	7482.56
211.21	7780.52
211.28	8018.87
211.35	8178.60
211.42	8221.73
211.50	8103.73
211.57	7812.28
211.64	7354.36
211.72	6746.50
211.79	6084.31
211.86	5547.64
211.94	5247.32
212.01	5202.93
212.08	5433.79
212.16	5843.37
212.23	6306.22
212.30	6739.44
212.38	7129.07
212.45	7489.89
212.52	7826.85
212.60	8150.50
212.67	8487.45
212.74	8847.29
212.82	9200.77
212.89	9566.76
212.96	9882.29
213.03	10092.59
213.11	10172.92
213.18	10101.70
213.25	9848.91
213.33	9419.57
213.40	8847.56
213.47	8278.96
213.55	7813.07
213.62	7496.83
213.69	7419.18
213.77	7606.62
213.84	7948.23
213.91	8377.28
213.98	8850.48
214.06	9295.57
214.13	9682.32
214.20	10010.88
214.28	10339.69
214.35	10705.06
214.42	11121.82
214.50	11584.44
214.57	12053.87
214.64	12471.99
214.72	12798.86
214.79	13008.41
214.86	13073.04
214.93	12983.56
215.01	12726.38
215.08	12272.37
215.15	11639.39
215.23	10925.65
215.30	10331.72
215.37	9987.30
215.44	9992.58
215.52	10342.16
215.59	10945.93
215.66	11630.43
215.74	12271.00
215.81	12821.70
215.88	13323.58
215.95	13794.83
216.03	14255.49
216.10	14697.41
216.17	15110.98
216.25	15465.07
216.32	15744.74
216.39	15942.91
216.46	16081.42
216.54	16157.66
216.61	16153.36
216.68	16035.25
216.76	15778.06
216.83	15328.15
216.90	14706.59
216.97	14058.40
217.05	13563.51
217.12	13318.30
217.19	13402.19
217.27	13814.21
217.34	14459.91
217.41	15201.17
217.48	15945.99
217.56	16655.55
217.63	17302.36
217.70	17842.31
217.78	18275.52
217.85	18629.26
217.92	18917.64
217.99	19159.71
218.07	19363.44
218.14	19556.13
218.21	19766.97
218.28	19969.12
218.36	20151.18
218.43	20246.85
218.50	20201.38
218.57	19938.57
218.65	19450.16
218.72	18730.86
218.79	17993.33
218.87	17415.31
218.94	17138.68
219.01	17235.93
219.08	17721.84
219.16	18455.24
219.23	19260.74
219.30	20024.70
219.37	20684.27
219.45	21260.64
219.52	21768.29
219.59	22231.04
219.66	22660.93
219.74	23076.21
219.81	23472.84
219.88	23820.86
219.95	24146.70
220.03	24451.04
220.10	24702.87
220.17	24866.68
220.24	24911.20
220.32	24778.29
220.39	24431.65
220.46	23891.28
220.53	23200.75
220.61	22518.63
220.68	22027.49
220.75	21840.36
220.82	21990.54
220.90	22431.20
220.97	23035.62
221.04	23654.96
221.11	24213.03
221.19	24711.70
221.26	25175.32
221.33	25627.13
221.40	26081.72
221.48	26540.43
221.55	26976.52
221.62	27400.61
221.69	27800.56
221.77	28155.85
221.84	28452.50
221.91	28690.26
221.98	28836.45
222.06	28875.94
222.13	28825.03
222.20	28666.13
222.27	28406.16
222.35	28060.33
222.42	27718.72
222.49	27465.62
222.56	27333.33
222.63	27356.15
222.71	27524.56
222.78	27777.45
222.85	28044.96
222.92	28338.85
223.00	28636.34
223.07	28958.89
223.14	29324.72
223.21	29704.95
223.29	30104.00
223.36	30523.66
223.43	30934.34
223.50	31309.46
223.57	31666.37
223.65	31968.16
223.72	32162.45
223.79	32299.62
223.86	32347.96
223.94	32329.47
224.01	32262.38
224.08	32200.86
224.15	32104.36
224.22	32017.04
224.30	31926.28
224.37	31884.77
224.44	31898.96
224.51	31983.01
224.59	32122.19
224.66	32339.84
224.73	32589.77
224.80	32838.04
224.87	33111.78
224.95	33422.86
225.02	33735.97
225.09	34033.51
225.16	34343.34
225.23	34635.01
225.31	34888.10
225.38	35095.81
225.45	35280.70
225.52	35397.99
225.60	35443.33
225.67	35436.13
225.74	35360.14
225.81	35225.67
225.88	35104.80
225.96	35060.66
226.03	35080.93
226.10	35191.33
226.17	35372.46
226.24	35587.18
226.32	35800.10
226.39	36013.53
226.46	36228.54
226.53	36464.92
226.60	36712.17
226.68	36942.09
226.75	37173.72
226.82	37382.39
226.89	37559.37
226.96	37712.46
227.04	37835.49
227.11	37930.92
227.18	38036.31
227.25	38122.78
227.32	38193.92
227.40	38276.23
227.47	38329.88
227.54	38326.64
227.61	38280.81
227.68	38190.58
227.76	38071.32
227.83	37998.48
227.90	37996.66
227.97	38074.08
228.04	38249.09
228.11	38472.93
228.19	38691.23
228.26	38907.60
228.33	39110.47
228.40	39284.01
228.47	39445.48
228.55	39609.65
228.62	39764.79
228.69	39899.00
228.76	40012.62
228.83	40111.25
228.90	40206.30
228.98	40305.80
229.05	40425.79
229.12	40567.95
229.19	40707.49
229.26	40835.30
229.34	40944.23
229.41	41019.26
229.48	41053.11
229.55	41074.85
229.62	41071.15
229.69	41023.33
229.77	40974.53
229.84	40925.96
229.91	40909.68
229.98	40926.23
230.05	40999.30
230.12	41100.13
230.20	41254.87
230.27	41402.13
230.34	41549.92
230.41	41696.01
230.48	41822.58
230.55	41928.18
230.63	42022.36
230.70	42118.11
230.77	42179.70
230.84	42247.34
230.91	42281.51
230.98	42336.26
231.06	42386.48
231.13	42473.73
231.20	42578.42
231.27	42725.17
231.34	42838.49
231.41	42940.38
231.49	43014.53
231.56	43090.30
231.63	43125.88
231.70	43167.45
231.77	43197.26
231.84	43217.79
231.92	43219.33
231.99	43236.03
232.06	43274.78
232.13	43317.78
232.20	43391.85
232.27	43473.92
232.34	43547.19
232.42	43593.75
232.49	43651.92
232.56	43693.46
232.63	43728.02
232.70	43774.37
232.77	43831.43
232.85	43884.86
232.92	43937.54
232.99	43993.25
233.06	44046.88
233.13	44102.53
233.20	44164.62
233.27	44218.18
233.35	44269.28
233.42	44298.22
233.49	44334.41
233.56	44375.32
233.63	44425.70
233.70	44465.68
233.77	44524.38
233.85	44564.33
233.92	44610.62
233.99	44646.90
234.06	44692.67
234.13	44739.27
234.20	44796.55
234.27	44840.00
234.35	44879.11
234.42	44910.73
234.49	44924.33
234.56	44934.36
234.63	44931.72
234.70	44924.57
234.77	44910.53
234.84	44904.49
234.92	44898.38
234.99	44896.79
235.06	44916.73
235.13	44949.68
235.20	44984.15
235.27	45036.57
235.34	45080.69
235.41	45130.63
235.49	45171.66
235.56	45224.98
235.63	45259.22
235.70	45310.16
235.77	45325.37
235.84	45340.61
235.91	45341.64
235.98	45330.84
236.06	45309.32
236.13	45315.26
236.20	45322.29
236.27	45310.83
236.34	45320.02
236.41	45339.07
236.48	45342.51
236.55	45342.74
236.63	45355.84
236.70	45365.35
236.77	45364.34
236.84	45398.21
236.91	45428.90
236.98	45472.68
237.05	45504.80
237.12	45530.41
237.19	45530.65
237.27	45534.12
237.34	45527.91
237.41	45529.95
237.48	45524.36
237.55	45517.85
237.62	45515.42
237.69	45539.70
237.76	45558.69
237.83	45588.96
237.91	45623.35
237.98	45642.54
238.05	45643.38
238.12	45643.51
238.19	45643.48
238.26	45655.85
238.33	45673.93
238.40	45676.34
238.47	45678.44
238.54	45689.12
238.62	45680.28
238.69	45660.89
238.76	45647.04
238.83	45645.62
238.90	45656.49
238.97	45672.13
239.04	45706.22
239.11	45733.47
239.18	45760.19
239.25	45763.27
239.33	45745.49
239.40	45728.05
239.47	45708.99
239.54	45672.20
239.61	45642.69
239.68	45630.07
239.75	45616.62
239.82	45617.30
239.89	45632.65
239.96	45643.87
240.03	45651.06
240.11	45663.18
240.18	45671.95
240.25	45668.77
240.32	45671.41
240.39	45687.08
240.46	45706.45
240.53	45732.89
240.60	45775.04
240.67	45818.04
240.74	45856.77
240.81	45888.17
240.88	45907.26
240.96	45911.47
241.03	45917.07
241.10	45917.96
241.17	45911.23
241.24	45918.98
241.31	45939.82
241.38	45942.53
241.45	45932.81
241.52	45937.01
241.59	45928.41
241.66	45928.20
241.73	45941.24
241.80	45963.92
241.88	45980.01
241.95	45998.27
242.02	46005.22
242.09	46000.82
242.16	45998.07
242.23	46004.54
242.30	46017.36
242.37	46016.51
242.44	46044.94
242.51	46055.03
242.58	46061.68
242.65	46060.22
242.72	46077.37
242.79	46069.11
242.87	46086.04
242.94	46092.48
243.01	46122.97
243.08	46152.47
243.15	46174.28
243.22	46201.85
243.29	46247.89
243.36	46276.79
243.43	46302.34
243.50	46351.15
243.57	46400.93
243.64	46430.94
243.71	46459.20
243.78	46479.07
243.85	46487.58
243.92	46489.54
243.99	46495.59
244.07	46511.94
244.14	46517.40
244.21	46534.79
244.28	46549.52
244.35	46567.57
244.42	46578.29
244.49	46604.01
244.56	46635.15
244.63	46665.40
244.70	46676.01
244.77	46692.11
244.84	46714.56
244.91	46729.98
244.98	46742.68
245.05	46792.78
245.12	46830.87
245.19	46866.48
245.26	46901.74
245.33	46943.57
245.40	46973.71
245.47	47009.63
245.55	47045.69
245.62	47077.98
245.69	47114.66
245.76	47163.65
245.83	47227.36
245.90	47282.94
245.97	47343.57
246.04	47392.29
246.11	47427.22
246.18	47434.67
246.25	47439.10
246.32	47433.07
246.39	47449.40
246.46	47471.15
246.53	47520.17
246.60	47576.50
246.67	47658.09
246.74	47722.35
246.81	47792.18
246.88	47841.81
246.95	47883.79
247.02	47912.64
247.09	47944.88
247.16	47963.23
247.23	47983.24
247.30	48001.91
247.37	48016.54
247.44	48053.96
247.51	48079.84
247.58	48120.04
247.66	48168.69
247.73	48218.37
247.80	48256.45
247.87	48313.34
247.94	48372.93
248.01	48449.29
248.08	48517.42
248.15	48575.41
248.22	48635.99
248.29	48697.40
248.36	48740.94
248.43	48799.81
248.50	48860.49
248.57	48917.28
248.64	48953.29
248.71	49010.29
248.78	49077.50
248.85	49127.66
248.92	49178.67
248.99	49239.56
249.06	49286.15
249.13	49303.09
249.20	49342.69
249.27	49362.83
249.34	49379.08
249.41	49399.73
249.48	49425.83
249.55	49422.05
249.62	49437.95
249.69	49450.43
249.76	49465.56
249.83	49481.31
249.90	49546.72
249.97	49618.67
250.04	49717.03
250.11	49816.00
250.18	49918.21
250.25	49982.46
250.32	50033.02
250.39	50075.44
250.46	50116.73
250.53	50163.58
250.60	50234.04
250.67	50314.50
250.74	50388.06
250.81	50447.78
250.88	50499.23
250.95	50528.47
251.02	50548.21
251.09	50564.64
251.16	50584.78
251.23	50602.03
251.30	50626.94
251.37	50651.30
251.44	50680.92
251.51	50729.33
251.58	50794.26
251.65	50863.48
251.72	50937.62
251.79	51013.75
251.86	51073.31
251.93	51114.41
252.00	51149.79
252.07	51169.91
252.14	51185.13
252.21	51211.13
252.28	51233.53
252.35	51264.18
252.42	51322.27
252.49	51382.75
252.56	51422.03
252.63	51488.73
252.70	51537.99
252.77	51593.59
252.84	51646.09
252.91	51706.07
252.98	51754.51
253.05	51796.96
253.12	51806.42
253.19	51825.59
253.25	51853.54
253.32	51870.32
253.39	51912.32
253.46	51961.75
253.53	51997.63
253.60	52004.51
253.67	52015.36
253.74	52029.70
253.81	52053.51
253.88	52089.32
253.95	52146.60
254.02	52205.61
254.09	52256.88
254.16	52303.50
254.23	52324.72
254.30	52345.70
254.37	52381.62
254.44	52410.60
254.51	52434.20
254.58	52466.44
254.65	52506.66
254.72	52531.68
254.79	52560.35
254.86	52585.83
254.93	52602.96
255.00	52621.93
255.07	52653.62
255.14	52691.06
255.21	52725.34
255.28	52733.18
255.34	52710.63
255.41	52676.65
255.48	52634.43
255.55	52598.63
255.62	52612.19
255.69	52638.50
255.76	52661.99
255.83	52694.75
255.90	52740.75
255.97	52788.82
256.04	52847.55
256.11	52925.87
256.18	53000.55
256.25	53068.66
256.32	53128.47
256.39	53192.87
256.46	53235.68
256.53	53286.93
256.60	53340.85
256.67	53382.32
256.74	53399.99
256.80	53413.57
256.87	53398.21
256.94	53366.52
257.01	53351.62
257.08	53359.61
257.15	53372.56
257.22	53397.64
257.29	53387.24
257.36	53338.40
257.43	53257.50
257.50	53179.08
257.57	53102.82
257.64	53094.13
257.71	53110.21
257.78	53177.62
257.85	53248.39
257.92	53347.91
257.98	53421.24
258.05	53481.46
258.12	53487.85
258.19	53462.56
258.26	53385.35
258.33	53293.52
258.40	53220.95
258.47	53177.28
258.54	53172.80
258.61	53206.40
258.68	53264.01
258.75	53338.17
258.82	53417.08
258.89	53471.45
258.95	53503.71
259.02	53509.87
259.09	53479.65
259.16	53431.18
259.23	53389.80
259.30	53349.92
259.37	53338.39
259.44	53336.58
259.51	53347.60
259.58	53351.43
259.65	53361.85
259.72	53364.92
259.79	53344.22
259.85	53310.46
259.92	53283.10
259.99	53269.19
260.06	53260.22
260.13	53275.88
260.20	53284.70
260.27	53280.16
260.34	53244.17
260.41	53203.37
260.48	53173.19
260.55	53160.16
260.62	53147.59
260.68	53129.11
260.75	53100.11
260.82	53080.35
260.89	53071.22
260.96	53075.87
261.03	53089.68
261.10	53092.40
261.17	53061.92
261.24	52987.73
261.31	52896.88
261.38	52795.68
261.44	52706.90
261.51	52636.64
261.58	52606.50
261.65	52617.05
261.72	52649.76
261.79	52686.00
261.86	52711.40
261.93	52707.85
262.00	52658.57
262.07	52594.44
262.13	52532.11
262.20	52485.32
262.27	52447.89
262.34	52458.04
262.41	52484.72
262.48	52518.26
262.55	52553.87
262.62	52588.64
262.69	52588.02
262.76	52567.82
262.82	52546.11
262.89	52514.72
262.96	52502.38
263.03	52496.07
263.10	52503.04
263.17	52487.00
263.24	52466.39
263.31	52447.55
263.38	52449.31
263.44	52467.40
263.51	52496.24
263.58	52514.90
263.65	52485.26
263.72	52390.28
263.79	52247.90
263.86	52119.56
263.93	52020.13
264.00	51970.85
264.06	51970.76
264.13	51996.21
264.20	51989.00
264.27	51929.98
264.34	51848.03
264.41	51752.27
264.48	51652.54
264.55	51561.67
264.61	51471.10
264.68	51386.55
264.75	51302.70
264.82	51224.51
264.89	51176.36
264.96	51188.21
265.03	51205.06
265.10	51232.66
265.16	51259.00
265.23	51246.06
265.30	51196.60
265.37	51133.22
265.44	51070.78
265.51	51032.57
265.58	51030.68
265.65	51060.82
265.71	51116.57
265.78	51171.84
265.85	51176.93
265.92	51129.57
265.99	51030.87
266.06	50902.27
266.13	50755.62
266.20	50640.36
266.26	50570.28
266.33	50516.79
266.40	50471.12
266.47	50431.62
266.54	50387.67
266.61	50356.84
266.68	50353.71
266.74	50344.47
266.81	50320.89
266.88	50248.81
266.95	50117.43
267.02	49980.71
267.09	49876.29
267.16	49826.00
267.22	49849.56
267.29	49923.20
267.36	50001.55
267.43	50067.66
267.50	50093.43
267.57	50082.15
267.64	50022.50
267.70	49922.67
267.77	49820.49
267.84	49745.46
267.91	49690.04
267.98	49698.02
268.05	49743.28
268.11	49783.76
268.18	49788.53
268.25	49740.40
268.32	49610.40
268.39	49437.56
268.46	49225.26
268.53	48987.70
268.59	48780.68
268.66	48629.20
268.73	48538.99
268.80	48517.98
268.87	48583.41
268.94	48699.37
269.00	48845.00
269.07	48970.07
269.14	49059.80
269.21	49082.60
269.28	49043.60
269.35	48952.64
269.41	48862.69
269.48	48800.49
269.55	48776.15
269.62	48789.58
269.69	48827.52
269.76	48837.46
269.82	48809.52
269.89	48762.47
269.96	48694.07
270.03	48596.01
270.10	48491.03
270.17	48380.78
270.23	48277.73
270.30	48198.61
270.37	48170.61
270.44	48197.39
270.51	48232.91
270.58	48262.65
270.64	48271.74
270.71	48262.49
270.78	48242.62
270.85	48242.09
270.92	48259.09
270.99	48259.90
271.05	48236.37
271.12	48161.94
271.19	48058.91
271.26	47929.15
271.33	47817.21
271.39	47724.64
271.46	47646.66
271.53	47586.75
271.60	47537.43
271.67	47497.54
271.74	47443.75
271.80	47403.05
271.87	47371.45
271.94	47329.40
272.01	47272.65
272.08	47243.11
272.14	47215.80
272.21	47173.11
272.28	47143.68
272.35	47125.66
272.42	47095.75
272.48	47089.77
272.55	47089.89
272.62	47090.37
272.69	47071.30
272.76	47062.02
272.83	47026.14
272.89	46998.47
272.96	46961.09
273.03	46953.54
273.10	46935.36
273.17	46919.80
273.23	46880.34
273.30	46817.14
273.37	46687.67
273.44	46528.26
273.51	46370.79
273.57	46250.94
273.64	46170.42
273.71	46171.33
273.78	46212.74
273.85	46281.92
273.91	46350.47
273.98	46462.98
274.05	46588.27
274.12	46734.33
274.19	46889.07
274.25	47022.03
274.32	47097.92
274.39	47107.06
274.46	47047.66
274.53	46907.18
274.59	46725.51
274.66	46536.90
274.73	46374.33
274.80	46233.49
274.86	46133.69
274.93	46076.63
275.00	46045.55
275.07	46023.09
275.14	46002.51
275.20	45983.32
275.27	45968.19
275.34	45942.98
275.41	45918.04
275.48	45919.97
275.54	45941.36
275.61	45975.36
275.68	46018.80
275.75	46044.00
275.81	46043.86
275.88	46037.60
275.95	46047.13
276.02	46048.34
276.09	46072.50
276.15	46100.48
276.22	46121.71
276.29	46087.49
276.36	45998.28
276.42	45840.47
276.49	45663.41
276.56	45470.52
276.63	45318.98
276.70	45229.08
276.76	45229.42
276.83	45279.75
276.90	45361.37
276.97	45438.38
277.03	45498.37
277.10	45485.57
277.17	45411.08
277.24	45324.71
277.30	45242.58
277.37	45200.19
277.44	45216.39
277.51	45296.57
277.58	45369.98
277.64	45431.04
277.71	45410.38
277.78	45333.31
277.85	45168.87
277.91	44976.29
277.98	44767.37
278.05	44603.16
278.12	44498.77
278.18	44463.59
278.25	44482.46
278.32	44566.90
278.39	44706.34
278.45	44845.37
278.52	45011.79
278.59	45177.52
278.66	45309.95
278.72	45371.30
278.79	45350.28
278.86	45224.33
278.93	45003.82
278.99	44713.37
279.06	44450.69
279.13	44273.67
279.20	44228.95
279.26	44314.20
279.33	44493.45
279.40	44708.37
279.47	44919.12
279.53	45061.81
279.60	45067.77
279.67	44921.55
279.74	44623.40
279.80	44253.27
279.87	43886.50
279.94	43628.96
280.01	43516.65
280.07	43542.86
280.14	43644.56
280.21	43754.37
280.28	43844.73
280.34	43925.30
280.41	44001.75
280.48	44057.22
280.55	44121.17
280.61	44170.67
280.68	44199.85
280.75	44217.85
280.82	44260.95
280.88	44291.59
280.95	44314.10
281.02	44307.52
281.08	44244.81
281.15	44131.67
281.22	43995.61
281.29	43835.92
281.35	43665.87
281.42	43490.32
281.49	43286.43
281.56	43086.83
281.62	42919.13
281.69	42781.46
281.76	42682.81
281.82	42636.50
281.89	42616.78
281.96	42633.32
282.03	42676.26
282.09	42747.76
282.16	42838.17
282.23	42950.47
282.30	43070.02
282.36	43203.69
282.43	43344.88
282.50	43479.84
282.56	43577.42
282.63	43636.65
282.70	43670.39
282.77	43709.06
282.83	43741.78
282.90	43788.17
282.97	43809.46
283.03	43737.31
283.10	43526.27
283.17	43233.08
283.24	42875.35
283.30	42519.67
283.37	42266.41
283.44	42135.57
283.50	42095.45
283.57	42138.08
283.64	42211.41
283.71	42295.99
283.77	42390.15
283.84	42476.87
283.91	42564.98
283.97	42664.69
284.04	42771.93
284.11	42865.16
284.18	42962.02
284.24	43030.04
284.31	43055.62
284.38	43026.74
284.44	42987.98
284.51	42943.55
284.58	42902.60
284.64	42887.85
284.71	42857.10
284.78	42787.37
284.85	42688.25
284.91	42579.40
284.98	42455.90
285.05	42327.68
285.11	42178.24
285.18	41986.38
285.25	41759.51
285.31	41546.72
285.38	41392.96
285.45	41334.42
285.52	41393.51
285.58	41536.92
285.65	41719.52
285.72	41907.05
285.78	42071.63
285.85	42208.58
285.92	42326.47
285.98	42426.59
286.05	42544.49
286.12	42671.93
286.18	42793.30
286.25	42920.67
286.32	43027.02
286.39	43099.01
286.45	43118.37
286.52	43055.97
286.59	42870.82
286.65	42591.52
286.72	42238.64
286.79	41879.82
286.85	41579.60
286.92	41370.09
286.99	41263.45
287.05	41228.86
287.12	41260.97
287.19	41351.27
287.25	41483.34
287.32	41631.40
287.39	41774.30
287.45	41895.16
287.52	41996.22
287.59	42075.83
287.65	42147.06
287.72	42241.09
287.79	42335.36
287.86	42415.11
287.92	42494.64
287.99	42568.45
288.06	42635.12
288.12	42705.54
288.19	42775.79
288.26	42823.92
288.32	42867.88
288.39	42880.46
288.46	42857.35
288.52	42768.05
288.59	42634.51
288.66	42407.45
288.72	42112.87
288.79	41804.11
288.86	41525.47
288.92	41309.94
288.99	41216.39
289.06	41253.94
289.12	41373.96
289.19	41580.06
289.26	41829.44
289.32	42099.54
289.39	42352.44
289.45	42593.17
289.52	42781.14
289.59	42922.10
289.65	42975.55
289.72	42984.93
289.79	42961.14
289.85	42907.60
289.92	42840.43
289.99	42775.10
290.05	42665.65
290.12	42508.96
290.19	42365.66
290.25	42252.22
290.32	42189.78
290.39	42188.37
290.45	42219.03
290.52	42236.18
290.59	42180.92
290.65	42033.32
290.72	41830.75
290.79	41652.78
290.85	41551.84
290.92	41567.81
290.98	41701.92
291.05	41943.06
291.12	42206.83
291.18	42454.94
291.25	42668.34
291.32	42876.66
291.38	43051.67
291.45	43238.99
291.52	43400.91
291.58	43516.53
291.65	43571.77
291.72	43567.42
291.78	43461.06
291.85	43291.34
291.91	43109.26
291.98	42944.41
292.05	42788.01
292.11	42651.49
292.18	42497.29
292.25	42324.91
292.31	42131.91
292.38	41956.71
292.45	41828.22
292.51	41778.25
292.58	41791.46
292.64	41858.60
292.71	41977.32
292.78	42139.33
292.84	42321.84
292.91	42535.78
292.98	42761.66
293.04	42986.41
293.11	43197.50
293.17	43420.90
293.24	43622.27
293.31	43801.69
293.37	43961.84
293.44	44079.03
293.51	44138.01
293.57	44139.50
293.64	44089.31
293.70	43951.57
293.77	43706.96
293.84	43374.19
293.90	43000.72
293.97	42623.63
294.04	42328.05
294.10	42164.78
294.17	42134.72
294.23	42177.46
294.30	42245.68
294.37	42283.47
294.43	42280.63
294.50	42228.12
294.56	42191.48
294.63	42199.73
294.70	42291.31
294.76	42486.80
294.83	42765.09
294.90	43096.49
294.96	43422.42
295.03	43729.52
295.09	44006.36
295.16	44255.72
295.23	44458.57
295.29	44651.76
295.36	44805.54
295.42	44904.26
295.49	44963.07
295.56	44991.53
295.62	44961.49
295.69	44851.35
295.75	44661.27
295.82	44393.93
295.89	44027.69
295.95	43602.69
296.02	43185.83
296.08	42803.93
296.15	42458.43
296.22	42212.65
296.28	42086.43
296.35	42070.61
296.41	42189.03
296.48	42431.90
296.55	42764.06
296.61	43133.87
296.68	43524.08
296.74	43884.93
296.81	44199.62
296.88	44452.06
296.94	44654.64
297.01	44831.01
297.07	44994.66
297.14	45168.48
297.20	45351.22
297.27	45557.61
297.34	45745.67
297.40	45905.11
297.47	46018.16
297.53	46073.35
297.60	46058.49
297.67	45962.66
297.73	45780.29
297.80	45468.17
297.86	45024.11
297.93	44488.59
298.00	43923.63
298.06	43395.21
298.13	43014.65
298.19	42824.47
298.26	42793.35
298.32	42887.15
298.39	43046.11
298.46	43211.69
298.52	43418.42
298.59	43652.87
298.65	43923.28
298.72	44240.89
298.78	44588.47
298.85	44910.79
298.92	45211.51
298.98	45481.74
299.05	45705.82
299.11	45908.86
299.18	46095.67
299.24	46269.98
299.31	46418.42
299.38	46552.99
299.44	46651.54
299.51	46723.81
299.57	46757.93
299.64	46765.48
299.70	46735.49
299.77	46648.87
299.84	46430.54
299.90	46047.13
299.97	45438.61
300.03	44652.79
300.10	43861.74
300.16	43223.14
300.23	42830.28
300.30	42766.89
300.36	42983.00
300.43	43349.95
300.49	43759.32
300.56	44176.66
300.62	44574.87
300.69	44962.35
300.75	45307.90
300.82	45639.59
300.89	45925.90
300.95	46173.58
301.02	46360.29
301.08	46538.10
301.15	46695.32
301.21	46850.17
301.28	46991.58
301.34	47150.17
301.41	47275.60
301.48	47363.10
301.54	47421.82
301.61	47443.52
301.67	47403.38
301.74	47309.13
301.80	47130.42
301.87	46833.09
301.93	46411.12
302.00	45885.33
302.06	45308.68
302.13	44752.67
302.20	44301.95
302.26	44001.27
302.33	43874.49
302.39	43901.04
302.46	44048.15
302.52	44262.61
302.59	44552.96
302.65	44873.42
302.72	45196.00
302.78	45524.89
302.85	45837.50
302.91	46107.78
302.98	46346.68
303.05	46568.76
303.11	46759.68
303.18	46917.36
303.24	47068.34
303.31	47183.17
303.37	47276.99
303.44	47358.75
303.50	47419.29
303.57	47423.18
303.63	47429.27
303.70	47414.69
303.76	47347.95
303.83	47269.27
303.89	47172.65
303.96	47011.92
304.03	46755.52
304.09	46423.79
304.16	45940.73
304.22	45363.17
304.29	44816.38
304.35	44388.40
304.42	44132.92
304.48	44115.58
304.55	44276.26
304.61	44522.65
304.68	44815.75
304.74	45104.19
304.81	45375.90
304.87	45626.13
304.94	45863.56
305.00	46067.87
305.07	46237.65
305.13	46361.92
305.20	46479.45
305.26	46593.79
305.33	46689.09
305.39	46768.53
305.46	46851.19
305.52	46921.36
305.59	46951.62
305.66	46949.19
305.72	46933.64
305.79	46902.03
305.85	46826.67
305.92	46696.37
305.98	46508.40
306.05	46227.80
306.11	45884.82
306.18	45526.24
306.24	45159.07
306.31	44802.16
306.37	44464.47
306.44	44152.13
306.50	43863.83
306.57	43669.90
306.63	43620.74
306.70	43718.65
306.76	43931.28
306.83	44223.17
306.89	44526.75
306.96	44784.89
307.02	45000.49
307.09	45180.29
307.15	45314.81
307.22	45434.34
307.28	45523.21
307.35	45589.72
307.41	45627.31
307.48	45671.65
307.54	45688.44
307.61	45692.98
307.67	45673.88
307.74	45647.68
307.80	45614.45
307.87	45580.73
307.93	45542.50
308.00	45510.04
308.06	45452.08
308.13	45359.19
308.19	45231.34
308.26	45084.67
308.32	44923.67
308.38	44762.86
308.45	44555.35
308.51	44325.73
308.58	44054.28
308.64	43755.50
308.71	43482.53
308.77	43304.07
308.84	43219.02
308.90	43257.44
308.97	43379.51
309.03	43534.70
309.10	43695.30
309.16	43845.59
309.23	43959.52
309.29	44057.73
309.36	44122.05
309.42	44165.74
309.49	44191.69
309.55	44210.58
309.62	44206.83
309.68	44209.55
309.75	44173.10
309.81	44131.52
309.88	44083.15
309.94	44024.22
310.00	43942.90
310.07	43882.53
310.13	43819.39
310.20	43724.96
310.26	43633.40
310.33	43546.75
310.39	43463.97
310.46	43358.58
310.52	43255.39
310.59	43115.61
310.65	42943.38
310.72	42736.94
310.78	42547.70
310.85	42394.54
310.91	42313.37
310.97	42298.42
311.04	42332.92
311.10	42366.23
311.17	42405.69
311.23	42429.63
311.30	42443.84
311.36	42453.35
311.43	42491.24
311.49	42517.43
311.56	42555.61
311.62	42591.27
311.69	42628.04
311.75	42645.34
311.81	42652.81
311.88	42622.28
311.94	42582.45
312.01	42545.74
312.07	42482.26
312.14	42409.24
312.20	42363.37
312.27	42317.45
312.33	42241.20
312.40	42187.74
312.46	42129.14
312.52	42050.53
312.59	41967.05
312.65	41893.44
312.72	41800.29
312.78	41715.27
312.85	41613.80
312.91	41500.34
312.98	41374.79
313.04	41251.75
313.10	41108.39
313.17	40993.35
313.23	40900.63
313.30	40844.69
313.36	40811.75
313.43	40815.98
313.49	40844.22
313.56	40869.71
313.62	40883.77
313.68	40899.20
313.75	40912.74
313.81	40885.78
313.88	40862.78
313.94	40840.15
314.01	40817.95
314.07	40796.70
314.13	40788.29
314.20	40770.32
314.26	40746.57
314.33	40719.49
314.39	40673.07
314.46	40617.60
314.52	40549.18
314.58	40470.18
314.65	40380.03
314.71	40286.95
314.78	40195.05
314.84	40130.88
314.91	40070.03
314.97	40010.13
315.03	39975.93
315.10	39934.99
315.16	39869.71
315.23	39796.14
315.29	39734.55
315.36	39663.65
315.42	39592.91
315.48	39539.15
315.55	39499.64
315.61	39445.02
315.68	39384.47
315.74	39330.87
315.81	39278.27
315.87	39232.37
315.93	39208.59
316.00	39207.94
316.06	39213.97
316.13	39216.26
316.19	39205.42
316.25	39147.19
316.32	39038.23
316.38	38893.09
316.45	38706.81
316.51	38487.60
316.58	38249.12
316.64	37991.93
316.70	37736.91
316.77	37472.49
316.83	37212.59
316.90	36961.10
316.96	36713.15
317.02	36462.97
317.09	36212.15
317.15	35952.47
317.22	35689.20
317.28	35431.90
317.34	35161.88
317.41	34914.69
317.47	34666.18
317.54	34421.17
317.60	34163.92
317.66	33922.28
317.73	33656.63
317.79	33384.42
317.86	33119.43
317.92	32863.66
317.98	32587.63
318.05	32295.35
318.11	32021.62
318.18	31742.21
318.24	31453.27
318.30	31174.13
318.37	30915.90
318.43	30640.01
318.50	30361.87
318.56	30084.20
318.62	29813.99
318.69	29545.22
318.75	29290.77
318.82	29022.02
318.88	28764.63
318.94	28500.54
319.01	28220.78
319.07	27943.84
319.13	27669.61
319.20	27381.01
319.26	27099.02
319.33	26829.75
319.39	26523.96
319.45	26239.41
319.52	25957.64
319.58	25661.93
319.65	25359.36
319.71	25077.00
319.77	24774.59
319.84	24479.71
319.90	24186.40
319.96	23903.43
320.03	23618.41
320.09	23345.42
320.16	23064.50
320.22	22789.61
320.28	22501.58
320.35	22215.09
320.41	21921.21
320.47	21643.38
320.54	21361.23
320.60	21088.18
320.67	20817.14
320.73	20543.93
320.79	20254.92
320.86	19971.04
320.92	19669.85
320.98	19373.33
321.05	19079.71
321.11	18778.84
321.18	18481.04
321.24	18201.09
321.30	17914.99
321.37	17636.85
321.43	17372.78
321.49	17105.12
321.56	16832.08
321.62	16567.34
321.68	16289.61
321.75	16007.49
321.81	15725.56
321.88	15441.23
321.94	15157.78
322.00	14876.07
322.07	14588.93
322.13	14299.36
322.19	14009.77
322.26	13717.12
322.32	13433.14
322.38	13156.13
322.45	12880.39
322.51	12610.16
322.58	12340.38
322.64	12058.76
322.70	11784.99
322.77	11510.21
322.83	11235.42
322.89	10955.79
322.96	10688.39
323.02	10413.48
323.08	10138.42
323.15	9872.25
323.21	9611.69
323.27	9352.15
323.34	9099.77
323.40	8849.41
323.46	8591.93
323.53	8232.28
323.59	7106.66
323.65	5497.64
323.72	3811.84
323.78	2181.57
323.85	705.26
323.91	44.79
323.97	-81.52
324.04	-81.42
