180.25	3521.13
180.33	-135.30
180.40	658.74
180.48	-28.56
180.56	16.98
180.63	54.50
180.71	98.00
180.78	95.84
180.86	96.64
180.93	101.65
181.01	104.00
181.08	102.63
181.16	101.62
181.23	102.07
181.31	101.39
181.39	126.52
181.46	135.80
181.54	146.38
181.61	163.46
181.69	172.89
181.76	164.07
181.84	157.56
181.91	159.33
181.99	160.14
182.06	159.78
182.14	164.56
182.22	169.08
182.29	178.35
182.37	180.69
182.44	191.38
182.52	187.23
182.59	204.12
182.67	211.56
182.74	216.49
182.82	221.30
182.89	233.55
182.97	234.86
183.04	245.48
183.12	255.26
183.20	275.52
183.27	285.74
183.35	312.68
183.42	333.51
183.50	374.10
183.57	396.22
183.65	439.91
183.72	480.01
183.80	531.68
183.87	572.28
183.95	615.22
184.02	661.58
184.10	692.68
184.17	710.88
184.25	712.84
184.32	703.04
184.40	674.05
184.47	627.00
184.55	586.05
184.62	580.27
184.70	608.48
184.78	656.37
184.85	758.42
184.93	877.12
185.00	991.86
185.08	1106.37
185.15	1221.13
185.23	1337.98
185.30	1448.25
185.38	1554.36
185.45	1652.88
185.53	1759.09
185.60	1849.36
185.68	1955.88
185.75	2031.50
185.83	2091.84
185.90	2122.23
185.98	2090.81
186.05	2002.96
186.13	1895.01
186.20	1759.24
186.28	1648.38
186.35	1622.00
186.43	1675.90
186.50	1813.46
186.58	2014.80
186.65	2219.86
186.73	2418.77
186.80	2577.58
186.88	2698.55
186.95	2795.77
187.03	2862.83
187.10	2890.84
187.18	2937.38
187.25	2977.95
187.33	3028.78
187.40	3119.58
187.48	3247.21
187.55	3404.52
187.63	3574.92
187.70	3704.53
187.78	3796.98
187.85	3844.25
187.93	3789.56
188.00	3663.70
188.08	3518.50
188.15	3392.47
188.23	3339.22
188.30	3395.50
188.38	3558.01
188.45	3797.78
188.53	4051.42
188.60	4285.90
188.68	4489.70
188.75	4686.15
188.83	4912.96
188.90	5137.74
188.98	5365.92
189.05	5615.72
189.13	5847.62
189.20	6054.46
189.28	6267.38
189.35	6464.75
189.43	6642.76
189.50	6785.64
189.58	6839.60
189.65	6797.68
189.73	6679.34
189.80	6468.55
189.87	6201.66
189.95	5893.37
190.02	5527.96
190.10	5126.40
190.17	4782.18
190.25	4544.98
190.32	4457.86
190.40	4510.54
190.47	4681.17
190.55	4889.02
190.62	5087.25
190.70	5247.70
190.77	5440.36
190.85	5669.03
190.92	5924.16
191.00	6192.44
191.07	6448.20
191.15	6638.10
191.22	6799.24
191.29	6929.26
191.37	7052.84
191.44	7217.48
191.52	7434.91
191.59	7624.08
191.67	7760.26
191.74	7816.60
191.82	7813.02
191.89	7792.14
191.97	7796.87
192.04	7833.24
192.12	7879.28
192.19	7866.95
192.27	7764.08
192.34	7618.26
192.41	7509.88
192.49	7478.22
192.56	7561.89
192.64	7741.26
192.71	7948.35
192.79	8086.98
192.86	8138.05
192.94	8067.72
193.01	7952.58
193.09	7881.50
193.16	7935.05
193.23	8109.91
193.31	8407.24
193.38	8786.71
193.46	9135.76
193.53	9425.98
193.61	9662.34
193.68	9844.02
193.76	9955.77
193.83	10022.90
193.91	10024.06
193.98	9991.44
194.05	9927.58
194.13	9801.28
194.20	9626.96
194.28	9442.59
194.35	9246.82
194.43	9034.69
194.50	8800.87
194.58	8564.25
194.65	8374.12
194.72	8320.96
194.80	8442.37
194.87	8746.60
194.95	9185.41
195.02	9633.30
195.10	9991.17
195.17	10256.74
195.25	10448.22
195.32	10588.64
195.39	10714.24
195.47	10824.28
195.54	10899.47
195.62	10883.16
195.69	10710.26
195.77	10340.49
195.84	9828.12
195.91	9279.55
195.99	8882.80
196.06	8737.12
196.14	8883.22
196.21	9259.60
196.29	9771.97
196.36	10290.04
196.43	10751.34
196.51	11144.45
196.58	11453.98
196.66	11685.02
196.73	11860.38
196.81	11987.92
196.88	12063.58
196.95	12083.10
197.03	11993.16
197.10	11737.10
197.18	11320.62
197.25	10829.48
197.33	10338.84
197.40	9913.09
197.47	9621.96
197.55	9536.79
197.62	9603.56
197.70	9823.06
197.77	10191.32
197.84	10647.60
197.92	11125.93
197.99	11626.97
198.07	12083.46
198.14	12461.00
198.22	12786.50
198.29	13041.90
198.36	13213.47
198.44	13327.17
198.51	13328.88
198.59	13157.34
198.66	12800.72
198.73	12277.37
198.81	11632.10
198.88	10929.80
198.96	10315.29
199.03	9959.08
199.10	9933.39
199.18	10168.80
199.25	10666.86
199.33	11333.18
199.40	11992.88
199.48	12511.66
199.55	12927.22
199.62	13255.96
199.70	13563.24
199.77	13860.75
199.85	14166.77
199.92	14412.36
199.99	14562.51
200.07	14511.10
200.14	14205.91
200.22	13570.46
200.29	12672.54
200.36	11763.07
200.44	11042.93
200.51	10639.84
200.59	10637.71
200.66	10987.20
200.73	11491.22
200.81	12006.80
200.88	12499.11
200.95	13005.97
201.03	13520.40
201.10	14020.29
201.18	14485.04
201.25	14875.48
201.32	15166.22
201.40	15378.81
201.47	15506.62
201.55	15504.62
201.62	15298.41
201.69	14825.98
201.77	14213.73
201.84	13552.64
201.92	12850.73
201.99	12185.44
202.06	11765.86
202.14	11629.37
202.21	11735.96
202.28	12127.02
202.36	12788.18
202.43	13554.99
202.51	14249.17
202.58	14817.16
202.65	15272.90
202.73	15683.17
202.80	16069.96
202.87	16455.30
202.95	16835.37
203.02	17131.00
203.10	17256.74
203.17	17197.44
203.24	16857.94
203.32	16104.14
203.39	14973.94
203.46	13784.14
203.54	12792.83
203.61	12198.89
203.69	12122.74
203.76	12579.51
203.83	13296.49
203.91	14019.71
203.98	14675.00
204.05	15259.18
204.13	15780.92
204.20	16216.82
204.28	16566.20
204.35	16781.61
204.42	16882.66
204.50	16933.73
204.57	17002.90
204.64	17079.94
204.72	17098.74
204.79	16883.98
204.86	16346.75
204.94	15592.99
205.01	14767.94
205.09	13965.73
205.16	13405.74
205.23	13241.75
205.31	13434.99
205.38	13894.90
205.45	14607.92
205.53	15497.56
205.60	16425.35
205.67	17286.05
205.75	17991.00
205.82	18535.11
205.89	18971.81
205.97	19359.82
206.04	19705.98
206.12	20053.53
206.19	20383.32
206.26	20603.28
206.34	20639.97
206.41	20383.70
206.48	19734.92
206.56	18618.64
206.63	17223.10
206.70	15841.64
206.78	14810.22
206.85	14328.91
206.92	14527.81
207.00	15262.51
207.07	16240.80
207.14	17223.22
207.22	18122.54
207.29	18909.42
207.36	19607.68
207.44	20259.36
207.51	20844.06
207.58	21368.08
207.66	21829.02
207.73	22221.51
207.80	22495.52
207.88	22608.30
207.95	22534.74
208.02	22221.37
208.10	21508.60
208.17	20382.65
208.25	19100.16
208.32	17915.16
208.39	16995.36
208.47	16555.85
208.54	16645.22
208.61	17106.91
208.69	17724.24
208.76	18408.84
208.83	19143.89
208.90	19929.28
208.98	20721.29
209.05	21465.48
209.12	22133.70
209.20	22724.74
209.27	23217.08
209.34	23630.27
209.42	23998.03
209.49	24291.22
209.56	24446.08
209.64	24464.76
209.71	24207.10
209.78	23559.51
209.86	22575.38
209.93	21449.97
210.00	20239.16
210.08	19171.93
210.15	18529.00
210.22	18416.96
210.30	18708.96
210.37	19347.76
210.44	20215.58
210.52	21137.43
210.59	21980.54
210.66	22711.84
210.74	23349.07
210.81	23903.43
210.88	24433.78
210.96	24923.66
211.03	25382.04
211.10	25820.44
211.17	26220.52
211.25	26457.34
211.32	26509.94
211.39	26328.91
211.47	25813.46
211.54	24810.30
211.61	23485.62
211.69	22211.12
211.76	21257.03
211.83	20783.60
211.91	20953.41
211.98	21620.26
212.05	22443.15
212.12	23200.20
212.20	23836.18
212.27	24353.33
212.34	24774.04
212.42	25155.84
212.49	25526.03
212.56	25904.06
212.64	26311.18
212.71	26764.84
212.78	27216.16
212.85	27612.80
212.93	27871.46
213.00	27979.78
213.07	27899.86
213.15	27494.86
213.22	26765.61
213.29	25930.32
213.37	25080.52
213.44	24324.53
213.51	23886.61
213.58	23856.96
213.66	24108.67
213.73	24546.88
213.80	25103.75
213.88	25656.30
213.95	26071.78
214.02	26335.14
214.09	26521.02
214.17	26655.05
214.24	26791.70
214.31	26958.24
214.39	27125.36
214.46	27219.36
214.53	27200.32
214.60	27091.78
214.68	27037.48
214.75	27104.96
214.82	27260.44
214.90	27371.24
214.97	27225.72
215.04	26679.16
215.11	25883.08
215.19	25135.36
215.26	24749.33
215.33	24902.80
215.41	25608.38
215.48	26604.39
215.55	27565.33
215.62	28327.45
215.70	28904.86
215.77	29350.62
215.84	29748.70
215.91	30138.19
215.99	30517.16
216.06	30863.14
216.13	31142.09
216.21	31307.50
216.28	31431.90
216.35	31538.92
216.42	31609.31
216.50	31621.56
216.57	31597.74
216.64	31364.52
216.71	30842.24
216.79	30150.07
216.86	29477.01
216.93	28926.72
217.01	28657.67
217.08	28764.59
217.15	29176.00
217.22	29718.65
217.30	30298.74
217.37	30864.94
217.44	31383.53
217.51	31826.38
217.59	32193.74
217.66	32481.95
217.73	32725.32
217.80	32919.68
217.88	33058.05
217.95	33184.60
218.02	33296.53
218.09	33409.90
218.17	33547.79
218.24	33696.12
218.31	33799.56
218.38	33825.36
218.46	33666.42
218.53	33227.33
218.60	32589.17
218.67	31905.84
218.75	31345.86
218.82	31051.76
218.89	31133.80
218.96	31529.90
219.04	32090.38
219.11	32656.01
219.18	33150.80
219.25	33555.67
219.33	33894.05
219.40	34196.18
219.47	34473.36
219.54	34739.49
219.62	34974.61
219.69	35194.71
219.76	35411.70
219.83	35609.18
219.91	35790.12
219.98	35965.08
220.05	36087.35
220.12	36111.46
220.20	36053.52
220.27	35861.66
220.34	35467.50
220.41	34935.30
220.49	34422.96
220.56	34031.28
220.63	33850.00
220.70	33952.14
220.78	34289.68
220.85	34687.85
220.92	35046.72
220.99	35349.22
221.06	35600.84
221.14	35820.76
221.21	36040.61
221.28	36282.30
221.35	36522.30
221.43	36765.96
221.50	36995.92
221.57	37212.29
221.64	37407.32
221.72	37580.64
221.79	37720.37
221.86	37802.98
221.93	37844.78
222.00	37838.36
222.08	37775.21
222.15	37605.70
222.22	37391.54
222.29	37170.92
222.37	37013.28
222.44	36928.88
222.51	36947.05
222.58	37039.81
222.65	37167.10
222.73	37281.06
222.80	37395.04
222.87	37551.08
222.94	37722.86
223.02	37914.72
223.09	38112.76
223.16	38319.10
223.23	38507.40
223.30	38719.28
223.38	38932.34
223.45	39127.49
223.52	39301.15
223.59	39450.40
223.66	39535.79
223.74	39560.71
223.81	39545.80
223.88	39518.40
223.95	39474.48
224.03	39409.97
224.10	39343.44
224.17	39300.41
224.24	39252.41
224.31	39244.01
224.39	39284.50
224.46	39381.92
224.53	39487.29
224.60	39612.98
224.67	39737.34
224.75	39863.89
224.82	39995.28
224.89	40158.48
224.96	40319.68
225.03	40466.91
225.11	40614.09
225.18	40738.23
225.25	40823.76
225.32	40878.38
225.39	40899.46
225.47	40880.48
225.54	40795.24
225.61	40623.11
225.68	40386.68
225.75	40116.92
225.83	39826.42
225.90	39548.98
225.97	39324.35
226.04	39182.18
226.11	39220.92
226.19	39434.46
226.26	39811.72
226.33	40270.46
226.40	40718.93
226.47	41031.84
226.54	41213.88
226.62	41271.77
226.69	41322.70
226.76	41468.61
226.83	41700.38
226.90	42000.24
226.98	42320.20
227.05	42609.16
227.12	42814.18
227.19	42931.50
227.26	43004.80
227.34	43071.34
227.41	43121.92
227.48	43144.85
227.55	43133.14
227.62	43104.31
227.69	43094.12
227.77	43114.83
227.84	43181.03
227.91	43299.80
227.98	43433.10
228.05	43545.69
228.12	43645.94
228.20	43743.41
228.27	43849.22
228.34	43952.50
228.41	44074.62
228.48	44193.80
228.56	44308.13
228.63	44405.21
228.70	44493.10
228.77	44563.51
228.84	44656.34
228.91	44745.48
228.99	44853.32
229.06	44973.12
229.13	45100.14
229.20	45195.26
229.27	45273.82
229.34	45339.92
229.42	45387.38
229.49	45414.87
229.56	45442.76
229.63	45468.45
229.70	45491.39
229.77	45513.39
229.85	45563.15
229.92	45619.09
229.99	45690.56
230.06	45771.15
230.13	45881.77
230.20	45984.95
230.27	46100.68
230.35	46214.36
230.42	46330.87
230.49	46430.82
230.56	46530.76
230.63	46625.86
230.70	46697.54
230.78	46751.90
230.85	46803.92
230.92	46855.22
230.99	46924.32
231.06	47034.42
231.13	47170.83
231.20	47310.93
231.28	47442.60
231.35	47558.24
231.42	47640.48
231.49	47703.40
231.56	47761.29
231.63	47816.38
231.71	47855.89
231.78	47908.74
231.85	47969.51
231.92	48026.22
231.99	48086.74
232.06	48169.02
232.13	48268.32
232.21	48360.25
232.28	48441.98
232.35	48510.99
232.42	48584.76
232.49	48659.15
232.56	48741.01
232.63	48832.41
232.71	48937.18
232.78	49031.91
232.85	49118.15
232.92	49188.38
232.99	49273.70
233.06	49352.08
233.13	49423.55
233.20	49474.31
233.28	49523.91
233.35	49571.78
233.42	49626.18
233.49	49695.00
233.56	49776.04
233.63	49869.42
233.70	49965.68
233.78	50064.38
233.85	50166.43
233.92	50266.38
233.99	50349.95
234.06	50417.34
234.13	50495.26
234.20	50557.90
234.27	50621.32
234.35	50691.74
234.42	50759.41
234.49	50815.76
234.56	50856.68
234.63	50897.86
234.70	50941.37
234.77	50984.48
234.84	51022.00
234.92	51077.56
234.99	51139.48
235.06	51212.32
235.13	51284.33
235.20	51375.36
235.27	51454.94
235.34	51533.16
235.41	51607.00
235.48	51687.85
235.56	51751.68
235.63	51821.74
235.70	51877.26
235.77	51918.37
235.84	51944.72
235.91	51968.08
235.98	51999.05
236.05	52031.32
236.12	52073.04
236.20	52107.79
236.27	52153.12
236.34	52192.50
236.41	52227.14
236.48	52263.45
236.55	52319.09
236.62	52370.87
236.69	52422.97
236.76	52499.17
236.84	52567.49
236.91	52623.69
236.98	52689.79
237.05	52735.99
237.12	52762.30
237.19	52795.38
237.26	52848.30
237.33	52888.96
237.40	52930.30
237.47	52977.44
237.55	53029.90
237.62	53083.94
237.69	53133.71
237.76	53204.73
237.83	53269.29
237.90	53329.94
237.97	53376.52
238.04	53423.62
238.11	53453.84
238.18	53504.71
238.26	53537.42
238.33	53559.02
238.40	53579.54
238.47	53623.70
238.54	53642.98
238.61	53660.52
238.68	53669.30
238.75	53681.12
238.82	53698.56
238.89	53731.23
238.96	53777.87
239.04	53844.57
239.11	53912.11
239.18	53952.95
239.25	53967.14
239.32	53984.20
239.39	53990.25
239.46	53982.56
239.53	53967.07
239.60	53975.70
239.67	53982.19
239.74	53993.44
239.81	54028.11
239.89	54072.09
239.96	54097.51
240.03	54127.96
240.10	54154.10
240.17	54160.80
240.24	54163.30
240.31	54188.42
240.38	54210.67
240.45	54264.46
240.52	54339.59
240.59	54411.38
240.66	54468.05
240.73	54520.24
240.80	54542.56
240.88	54552.33
240.95	54570.50
241.02	54585.16
241.09	54597.38
241.16	54612.28
241.23	54623.36
241.30	54613.64
241.37	54587.80
241.44	54585.51
241.51	54580.24
241.58	54594.56
241.65	54617.57
241.72	54668.96
241.79	54686.48
241.86	54697.28
241.94	54691.66
242.01	54689.94
242.08	54661.18
242.15	54655.90
242.22	54666.82
242.29	54652.28
242.36	54657.53
242.43	54669.78
242.50	54672.58
242.57	54656.18
242.64	54663.09
242.71	54648.48
242.78	54655.26
242.85	54648.16
242.92	54660.59
242.99	54675.61
243.06	54695.32
243.14	54694.12
243.21	54717.60
243.28	54722.17
243.35	54725.18
243.42	54740.86
243.49	54768.45
243.56	54770.31
243.63	54787.24
243.70	54806.40
243.77	54793.84
243.84	54771.57
243.91	54754.05
243.98	54735.12
244.05	54694.42
244.12	54677.87
244.19	54661.58
244.26	54642.14
244.33	54623.86
244.40	54613.72
244.47	54603.55
244.54	54600.32
244.62	54576.52
244.69	54543.74
244.76	54521.12
244.83	54500.48
244.90	54492.15
244.97	54510.82
245.04	54531.38
245.11	54541.02
245.18	54539.10
245.25	54532.40
245.32	54544.11
245.39	54560.85
245.46	54575.82
245.53	54574.08
245.60	54567.38
245.67	54554.48
245.74	54543.42
245.81	54531.07
245.88	54531.72
245.95	54537.38
246.02	54509.57
246.09	54460.08
246.16	54399.78
246.23	54351.83
246.30	54298.60
246.37	54292.99
246.44	54305.43
246.51	54342.66
246.58	54371.07
246.65	54403.99
246.72	54407.78
246.79	54410.48
246.87	54398.58
246.94	54380.98
247.01	54346.92
247.08	54300.51
247.15	54242.68
247.22	54183.21
247.29	54131.47
247.36	54099.34
247.43	54075.56
247.50	54062.70
247.57	54065.32
247.64	54085.02
247.71	54099.37
247.78	54113.96
247.85	54139.32
247.92	54159.02
247.99	54148.49
248.06	54125.90
248.13	54101.54
248.20	54072.20
248.27	54032.01
248.34	54018.40
248.41	54015.68
248.48	54013.16
248.55	54007.18
248.62	54014.70
248.69	54007.14
248.76	53977.18
248.83	53958.12
248.90	53934.72
248.97	53895.26
249.04	53846.76
249.11	53815.98
249.18	53782.26
249.25	53737.28
249.32	53693.33
249.39	53641.68
249.46	53591.03
249.53	53534.92
249.60	53490.38
249.67	53455.94
249.74	53450.94
249.81	53454.54
249.88	53463.71
249.95	53493.39
250.02	53529.32
250.09	53546.66
250.16	53546.06
250.23	53537.58
250.30	53520.37
250.37	53503.94
250.44	53498.91
250.51	53492.94
250.58	53498.54
250.65	53490.93
250.72	53452.91
250.79	53413.37
250.86	53367.45
250.93	53321.92
251.00	53273.99
251.07	53253.44
251.14	53222.93
251.21	53199.16
251.28	53169.70
251.35	53151.92
251.42	53127.92
251.49	53108.12
251.56	53095.65
251.63	53077.93
251.70	53070.34
251.77	53058.22
251.84	53035.47
251.91	52999.76
251.98	52955.40
252.05	52890.14
252.12	52832.78
252.18	52780.07
252.25	52746.19
252.32	52746.88
252.39	52752.70
252.46	52740.57
252.53	52734.98
252.60	52715.92
252.67	52689.78
252.74	52661.57
252.81	52644.68
252.88	52623.80
252.95	52602.43
253.02	52567.32
253.09	52526.12
253.16	52492.76
253.23	52456.45
253.30	52443.74
253.37	52423.60
253.44	52405.08
253.51	52370.81
253.58	52355.16
253.65	52332.11
253.72	52330.50
253.79	52319.52
253.86	52329.59
253.93	52318.14
254.00	52291.90
254.07	52254.35
254.14	52225.56
254.21	52182.05
254.28	52151.86
254.35	52132.00
254.41	52111.54
254.48	52080.72
254.55	52058.84
254.62	52027.86
254.69	51977.54
254.76	51927.42
254.83	51883.48
254.90	51850.58
254.97	51824.53
255.04	51825.66
255.11	51805.60
255.18	51765.43
255.25	51704.66
255.32	51647.63
255.39	51583.50
255.46	51532.74
255.53	51524.71
255.60	51512.84
255.67	51493.77
255.74	51477.34
255.81	51480.54
255.87	51473.12
255.94	51462.73
256.01	51469.30
256.08	51464.02
256.15	51443.09
256.22	51407.77
256.29	51387.36
256.36	51351.36
256.43	51329.28
256.50	51315.50
256.57	51307.91
256.64	51290.17
256.71	51268.64
256.78	51232.94
256.85	51188.05
256.92	51153.48
256.99	51131.32
257.05	51108.50
257.12	51087.18
257.19	51048.97
257.26	50981.11
257.33	50900.70
257.40	50833.91
257.47	50761.92
257.54	50732.84
257.61	50723.94
257.68	50732.06
257.75	50736.38
257.82	50753.05
257.89	50738.43
257.96	50716.46
258.03	50665.98
258.09	50609.94
258.16	50536.66
258.23	50460.46
258.30	50395.66
258.37	50346.99
258.44	50310.56
258.51	50291.09
258.58	50280.87
258.65	50283.90
258.72	50288.33
258.79	50260.28
258.86	50233.90
258.93	50215.64
258.99	50172.64
259.06	50124.38
259.13	50089.70
259.20	50042.29
259.27	49993.22
259.34	49955.72
259.41	49933.52
259.48	49926.96
259.55	49920.42
259.62	49909.18
259.69	49880.41
259.76	49834.04
259.82	49774.64
259.89	49736.04
259.96	49700.20
260.03	49669.88
260.10	49638.76
260.17	49587.61
260.24	49526.68
260.31	49471.94
260.38	49425.18
260.45	49407.80
260.52	49401.38
260.59	49371.33
260.65	49336.95
260.72	49310.18
260.79	49261.54
260.86	49232.32
260.93	49209.64
261.00	49172.64
261.07	49112.51
261.14	49042.80
261.21	48954.63
261.28	48877.03
261.34	48793.38
261.41	48724.38
261.48	48677.12
261.55	48648.28
261.62	48617.38
261.69	48601.12
261.76	48586.75
261.83	48562.79
261.90	48522.70
261.97	48470.74
262.03	48425.98
262.10	48384.78
262.17	48336.68
262.24	48317.02
262.31	48311.98
262.38	48305.36
262.45	48296.45
262.52	48281.05
262.59	48249.11
262.65	48216.66
262.72	48161.96
262.79	48113.10
262.86	48074.38
262.93	48029.38
263.00	47988.94
263.07	47946.30
263.14	47905.17
263.21	47875.42
263.27	47856.09
263.34	47845.30
263.41	47830.44
263.48	47788.18
263.55	47729.36
263.62	47648.04
263.69	47547.22
263.76	47476.52
263.82	47433.02
263.89	47392.86
263.96	47373.91
264.03	47355.73
264.10	47326.04
264.17	47259.33
264.24	47193.31
264.31	47123.40
264.38	47048.72
264.44	46974.88
264.51	46916.91
264.58	46861.80
264.65	46810.33
264.72	46751.43
264.79	46709.69
264.86	46676.56
264.92	46648.22
264.99	46627.41
265.06	46618.36
265.13	46584.77
265.20	46553.40
265.27	46516.83
265.34	46461.34
265.41	46428.18
265.47	46411.34
265.54	46398.71
265.61	46395.66
265.68	46405.96
265.75	46379.54
265.82	46318.97
265.89	46242.64
265.95	46158.81
266.02	46064.24
266.09	45986.11
266.16	45939.36
266.23	45904.98
266.30	45873.14
266.37	45832.68
266.44	45780.64
266.50	45729.92
266.57	45682.40
266.64	45613.62
266.71	45543.44
266.78	45474.84
266.85	45390.25
266.91	45313.44
266.98	45262.69
267.05	45223.48
267.12	45205.21
267.19	45202.30
267.26	45193.84
267.33	45178.38
267.39	45161.34
267.46	45129.43
267.53	45083.01
267.60	45031.50
267.67	44980.81
267.74	44943.21
267.81	44906.17
267.87	44885.83
267.94	44875.07
268.01	44861.53
268.08	44814.66
268.15	44754.49
268.22	44683.22
268.28	44588.79
268.35	44469.34
268.42	44380.58
268.49	44304.52
268.56	44236.24
268.63	44184.37
268.69	44166.40
268.76	44145.50
268.83	44151.40
268.90	44157.35
268.97	44170.04
269.04	44173.94
269.11	44156.54
269.17	44117.14
269.24	44079.26
269.31	44042.85
269.38	43994.24
269.45	43969.90
269.52	43949.95
269.58	43926.48
269.65	43879.46
269.72	43839.02
269.79	43788.99
269.86	43740.21
269.92	43679.90
269.99	43625.20
270.06	43574.87
270.13	43524.62
270.20	43472.12
270.27	43436.92
270.33	43415.38
270.40	43391.62
270.47	43373.24
270.54	43362.23
270.61	43348.82
270.68	43333.21
270.74	43316.64
270.81	43302.66
270.88	43273.78
270.95	43222.06
271.02	43154.53
271.08	43087.44
271.15	43011.29
271.22	42944.09
271.29	42896.98
271.36	42835.96
271.43	42788.25
271.49	42757.47
271.56	42724.54
271.63	42690.08
271.70	42675.63
271.77	42667.84
271.83	42629.20
271.90	42587.69
271.97	42549.30
272.04	42502.10
272.11	42458.84
272.17	42436.88
272.24	42415.18
272.31	42383.19
272.38	42379.34
272.45	42348.89
272.52	42319.11
272.58	42298.70
272.65	42287.93
272.72	42254.08
272.79	42225.43
272.86	42194.12
272.92	42151.99
272.99	42103.87
273.06	42068.80
273.13	42015.59
273.20	41955.66
273.26	41886.09
273.33	41817.42
273.40	41743.98
273.47	41701.64
273.54	41671.39
273.60	41655.43
273.67	41651.28
273.74	41656.75
273.81	41658.50
273.88	41675.46
273.94	41708.56
274.01	41748.70
274.08	41781.89
274.15	41796.68
274.21	41789.15
274.28	41746.34
274.35	41673.61
274.42	41580.30
274.49	41489.96
274.55	41410.22
274.62	41360.74
274.69	41307.44
274.76	41267.73
274.83	41237.22
274.89	41197.60
274.96	41148.58
275.03	41117.78
275.10	41087.62
275.17	41054.14
275.23	41025.36
275.30	40992.07
275.37	40971.55
275.44	40965.54
275.50	40952.23
275.57	40934.34
275.64	40910.61
275.71	40872.47
275.78	40829.45
275.84	40799.68
275.91	40767.18
275.98	40750.12
276.05	40724.68
276.11	40697.24
276.18	40662.86
276.25	40604.77
276.32	40531.12
276.39	40464.13
276.45	40385.04
276.52	40303.55
276.59	40261.11
276.66	40240.94
276.72	40229.10
276.79	40233.83
276.86	40239.48
276.93	40219.15
276.99	40171.72
277.06	40125.06
277.13	40077.22
277.20	40039.84
277.26	40014.13
277.33	40015.32
277.40	40007.77
277.47	39991.30
277.54	39968.58
277.60	39938.54
277.67	39880.66
277.74	39804.06
277.81	39717.07
277.87	39629.80
277.94	39547.52
278.01	39494.20
278.08	39459.02
278.14	39448.48
278.21	39456.38
278.28	39489.56
278.35	39512.45
278.41	39542.86
278.48	39569.86
278.55	39571.68
278.62	39546.52
278.68	39498.70
278.75	39425.50
278.82	39327.10
278.89	39223.46
278.95	39133.86
279.02	39071.61
279.09	39047.84
279.16	39055.04
279.22	39092.44
279.29	39119.88
279.36	39145.46
279.43	39132.46
279.49	39074.55
279.56	38963.48
279.63	38832.34
279.70	38691.28
279.76	38576.62
279.83	38503.40
279.90	38477.25
279.97	38469.22
280.03	38467.51
280.10	38467.42
280.17	38465.57
280.24	38456.03
280.30	38455.08
280.37	38452.33
280.44	38436.03
280.51	38424.32
280.57	38409.22
280.64	38384.10
280.71	38360.50
280.77	38337.80
280.84	38271.84
280.91	38200.81
280.98	38111.95
281.04	38015.84
281.11	37922.35
281.18	37839.69
281.25	37736.18
281.31	37640.18
281.38	37533.33
281.45	37425.69
281.52	37349.24
281.58	37276.22
281.65	37216.20
281.72	37177.50
281.78	37155.68
281.85	37123.22
281.92	37118.26
281.99	37124.83
282.05	37134.36
282.12	37129.14
282.19	37143.26
282.26	37163.16
282.32	37179.73
282.39	37196.84
282.46	37202.02
282.52	37191.48
282.59	37174.62
282.66	37167.57
282.73	37153.14
282.79	37145.49
282.86	37107.98
282.93	37031.67
282.99	36917.65
283.06	36781.38
283.13	36630.82
283.20	36485.73
283.26	36373.80
283.33	36286.40
283.40	36219.16
283.46	36194.42
283.53	36179.72
283.60	36184.94
283.67	36195.04
283.73	36218.08
283.80	36221.78
283.87	36252.12
283.93	36275.11
284.00	36285.44
284.07	36289.84
284.13	36280.06
284.20	36251.11
284.27	36210.66
284.34	36166.08
284.40	36119.76
284.47	36095.02
284.54	36074.40
284.60	36048.56
284.67	36010.78
284.74	35972.03
284.81	35918.78
284.87	35860.71
284.94	35777.16
285.01	35694.76
285.07	35593.52
285.14	35495.04
285.21	35407.36
285.27	35352.68
285.34	35331.26
285.41	35339.26
285.47	35364.72
285.54	35395.19
285.61	35423.08
285.68	35448.28
285.74	35463.52
285.81	35473.82
285.88	35483.47
285.94	35502.48
286.01	35520.72
286.08	35542.60
286.14	35558.84
286.21	35566.02
286.28	35570.64
286.34	35543.32
286.41	35482.53
286.48	35387.08
286.55	35274.22
286.61	35143.29
286.68	35020.06
286.75	34918.77
286.81	34845.84
286.88	34782.75
286.95	34727.33
287.01	34717.47
287.08	34717.30
287.15	34736.59
287.21	34763.83
287.28	34797.63
287.35	34805.71
287.41	34814.78
287.48	34813.84
287.55	34815.26
287.61	34823.03
287.68	34817.89
287.75	34819.79
287.81	34810.32
287.88	34807.05
287.95	34815.80
288.01	34825.29
288.08	34823.68
288.15	34819.12
288.21	34809.42
288.28	34774.24
288.35	34737.58
288.41	34690.04
288.48	34630.39
288.55	34543.33
288.61	34441.75
288.68	34338.26
288.75	34247.55
288.81	34174.56
288.88	34130.45
288.95	34126.31
289.01	34143.57
289.08	34176.05
289.15	34230.89
289.21	34294.80
289.28	34343.32
289.35	34392.47
289.41	34424.68
289.48	34447.99
289.55	34445.45
289.61	34433.66
289.68	34415.28
289.75	34391.73
289.81	34350.62
289.88	34302.63
289.95	34246.11
290.01	34173.17
290.08	34109.94
290.15	34050.69
290.21	34018.06
290.28	33991.30
290.35	33979.46
290.41	33950.05
290.48	33911.33
290.55	33840.24
290.61	33777.70
290.68	33718.81
290.74	33690.79
290.81	33695.56
290.88	33726.39
290.94	33772.50
291.01	33826.99
291.08	33875.94
291.14	33918.06
291.21	33958.36
291.28	33994.84
291.34	34023.60
291.41	34052.27
291.48	34071.04
291.54	34083.34
291.61	34069.90
291.68	34034.21
291.74	33966.60
291.81	33896.94
291.87	33845.49
291.94	33775.75
292.01	33711.45
292.07	33661.20
292.14	33590.22
292.21	33490.72
292.27	33426.20
292.34	33367.06
292.41	33329.82
292.47	33303.24
292.54	33308.26
292.60	33317.84
292.67	33357.58
292.74	33386.18
292.80	33443.82
292.87	33498.54
292.94	33552.29
293.00	33596.83
293.07	33644.56
293.13	33687.88
293.20	33732.06
293.27	33767.11
293.33	33786.36
293.40	33795.09
293.47	33779.88
293.53	33740.70
293.60	33679.69
293.66	33586.49
293.73	33479.72
293.80	33363.55
293.86	33251.47
293.93	33167.49
294.00	33104.39
294.06	33064.86
294.13	33047.36
294.19	33033.24
294.26	33013.60
294.33	33013.81
294.39	32993.61
294.46	32984.78
294.52	32977.36
294.59	32998.14
294.66	33030.07
294.72	33086.32
294.79	33145.10
294.86	33221.38
294.92	33289.72
294.99	33362.50
295.05	33435.52
295.12	33486.49
295.19	33534.15
295.25	33563.87
295.32	33572.01
295.38	33568.11
295.45	33574.62
295.52	33546.34
295.58	33500.90
295.65	33438.30
295.71	33344.88
295.78	33213.23
295.85	33080.93
295.91	32956.52
295.98	32826.42
296.04	32707.79
296.11	32627.46
296.18	32582.14
296.24	32569.59
296.31	32585.20
296.37	32647.33
296.44	32733.72
296.51	32819.75
296.57	32898.74
296.64	32993.17
296.70	33077.67
296.77	33136.58
296.84	33183.68
296.90	33224.94
296.97	33251.05
297.03	33275.86
297.10	33312.76
297.17	33355.21
297.23	33403.31
297.30	33445.54
297.36	33467.07
297.43	33466.83
297.50	33458.44
297.56	33415.78
297.63	33347.93
297.69	33235.68
297.76	33098.17
297.82	32933.63
297.89	32778.41
297.96	32639.08
298.02	32535.83
298.09	32469.78
298.15	32444.85
298.22	32442.64
298.29	32447.28
298.35	32479.78
298.42	32519.07
298.48	32566.58
298.55	32618.66
298.61	32694.94
298.68	32770.78
298.75	32854.49
298.81	32931.37
298.88	33002.04
298.94	33058.88
299.01	33114.59
299.08	33155.61
299.14	33192.44
299.21	33224.58
299.27	33247.37
299.34	33249.38
299.40	33260.12
299.47	33254.90
299.54	33243.70
299.60	33218.76
299.67	33178.86
299.73	33088.90
299.80	32955.78
299.86	32759.36
299.93	32548.97
299.99	32351.41
300.06	32189.45
300.13	32078.92
300.19	32046.26
300.26	32063.48
300.32	32108.28
300.39	32175.64
300.45	32271.25
300.52	32377.18
300.59	32470.45
300.65	32566.80
300.72	32649.84
300.78	32719.01
300.85	32778.01
300.91	32823.54
300.98	32855.98
301.04	32883.55
301.11	32909.36
301.18	32928.28
301.24	32949.56
301.31	32957.34
301.37	32960.41
301.44	32952.74
301.50	32936.85
301.57	32905.51
301.63	32877.55
301.70	32820.61
301.77	32727.71
301.83	32596.20
301.90	32455.52
301.96	32282.78
302.03	32118.79
302.09	31992.25
302.16	31893.15
302.22	31833.98
302.29	31812.92
302.36	31824.80
302.42	31838.21
302.49	31884.72
302.55	31934.14
302.62	31998.67
302.68	32060.95
302.75	32129.98
302.81	32186.24
302.88	32234.03
302.94	32265.83
303.01	32298.16
303.07	32318.06
303.14	32346.67
303.21	32359.50
303.27	32370.08
303.34	32371.07
303.40	32367.90
303.47	32343.22
303.53	32322.58
303.60	32294.92
303.66	32257.48
303.73	32226.91
303.79	32179.22
303.86	32119.50
303.92	32033.19
303.99	31922.06
304.05	31755.76
304.12	31585.93
304.19	31434.06
304.25	31305.60
304.32	31220.14
304.38	31178.42
304.45	31171.28
304.51	31176.17
304.58	31208.26
304.64	31244.78
304.71	31302.13
304.77	31340.58
304.84	31372.68
304.90	31403.84
304.97	31412.00
305.03	31412.86
305.10	31431.21
305.16	31445.30
305.23	31445.95
305.29	31442.88
305.36	31432.88
305.42	31415.99
305.49	31391.22
305.56	31360.80
305.62	31336.68
305.69	31294.82
305.75	31252.08
305.82	31175.64
305.88	31057.18
305.95	30912.95
306.01	30763.46
306.08	30599.72
306.14	30456.88
306.21	30335.98
306.27	30232.44
306.34	30148.41
306.40	30072.78
306.47	30021.08
306.53	30023.86
306.60	30029.94
306.66	30050.96
306.73	30083.86
306.79	30111.65
306.86	30122.25
306.92	30136.83
306.99	30153.87
307.05	30157.62
307.12	30168.68
307.18	30156.59
307.25	30155.22
307.31	30140.50
307.38	30123.88
307.44	30096.40
307.51	30080.27
307.57	30033.14
307.64	29990.99
307.70	29957.08
307.77	29916.79
307.83	29867.75
307.90	29837.20
307.96	29795.12
308.03	29733.03
308.09	29665.97
308.16	29592.92
308.22	29518.30
308.29	29436.92
308.35	29353.22
308.42	29274.32
308.48	29172.85
308.55	29063.66
308.61	28970.80
308.68	28900.37
308.74	28829.18
308.81	28803.61
308.87	28792.19
308.94	28785.32
309.00	28778.30
309.07	28780.38
309.13	28771.72
309.20	28769.61
309.26	28744.91
309.33	28717.57
309.39	28683.25
309.45	28649.92
309.52	28597.97
309.58	28562.66
309.65	28517.25
309.71	28468.80
309.78	28423.34
309.84	28376.76
309.91	28324.40
309.97	28265.98
310.04	28228.50
310.10	28175.78
310.17	28124.39
310.23	28066.46
310.30	28027.06
310.36	27967.69
310.43	27896.82
310.49	27823.15
310.56	27752.58
310.62	27672.97
310.69	27589.32
310.75	27525.88
310.81	27473.90
310.88	27427.43
310.94	27390.60
311.01	27349.20
311.07	27319.15
311.14	27287.04
311.20	27253.86
311.27	27210.61
311.33	27199.24
311.40	27163.04
311.46	27140.40
311.53	27112.08
311.59	27093.98
311.66	27062.75
311.72	27038.73
311.78	27001.03
311.85	26972.73
311.91	26940.10
311.98	26894.28
312.04	26847.32
312.11	26804.24
312.17	26762.72
312.24	26715.79
312.30	26671.89
312.37	26615.94
312.43	26562.83
312.50	26503.30
312.56	26442.29
312.62	26375.00
312.69	26321.92
312.75	26251.41
312.82	26174.53
312.88	26100.49
312.95	26032.04
313.01	25960.78
313.08	25904.06
313.14	25859.44
313.20	25812.96
313.27	25768.73
313.33	25723.58
313.40	25691.95
313.46	25646.35
313.53	25609.04
313.59	25580.31
313.66	25557.53
313.72	25521.65
313.78	25486.79
313.85	25464.19
313.91	25425.65
313.98	25395.20
314.04	25361.27
314.11	25344.04
314.17	25297.55
314.24	25255.30
314.30	25207.03
314.36	25155.39
314.43	25101.82
314.49	25046.60
314.56	25000.46
314.62	24950.46
314.69	24895.97
314.75	24840.04
314.81	24792.50
314.88	24742.63
314.94	24691.93
315.01	24651.69
315.07	24597.39
315.14	24553.22
315.20	24507.75
315.27	24461.44
315.33	24416.80
315.39	24377.15
315.46	24330.83
315.52	24280.19
315.59	24239.24
315.65	24190.98
315.72	24146.38
315.78	24106.90
315.84	24074.15
315.91	24039.76
315.97	24023.70
316.04	24026.01
316.10	24013.86
316.16	23982.98
316.23	23918.64
316.29	23818.97
316.36	23674.28
316.42	23517.08
316.49	23330.10
316.55	23143.73
316.61	22950.14
316.68	22749.03
316.74	22537.98
316.81	22342.36
316.87	22143.22
316.93	21932.90
317.00	21733.64
317.06	21533.78
317.13	21327.19
317.19	21115.59
317.26	20911.94
317.32	20707.51
317.38	20505.18
317.45	20303.46
317.51	20113.22
317.58	19917.06
317.64	19716.03
317.70	19523.25
317.77	19330.56
317.83	19135.93
317.90	18944.62
317.96	18743.80
318.02	18541.56
318.09	18352.73
318.15	18155.22
318.22	17953.88
318.28	17765.46
318.34	17560.62
318.41	17345.94
318.47	17139.64
318.54	16948.50
318.60	16754.29
318.66	16573.92
318.73	16390.04
318.79	16208.52
318.86	16026.90
318.92	15843.79
318.98	15671.30
319.05	15486.38
319.11	15306.26
319.18	15122.59
319.24	14942.63
319.30	14748.37
319.37	14586.55
319.43	14417.67
319.50	14244.95
319.56	14069.72
319.62	13902.42
319.69	13721.90
319.75	13549.04
319.82	13383.06
319.88	13213.13
319.94	13041.28
320.01	12880.28
320.07	12702.48
320.13	12530.37
320.20	12362.41
320.26	12195.93
320.33	12026.45
320.39	11871.18
320.45	11701.00
320.52	11539.93
320.58	11377.10
320.65	11210.36
320.71	11036.64
320.77	10878.02
320.84	10711.54
320.90	10552.92
320.96	10390.76
321.03	10224.46
321.09	10056.10
321.16	9889.50
321.22	9711.30
321.28	9543.88
321.35	9389.54
321.41	9222.78
321.47	9062.92
321.54	8914.14
321.60	8752.46
321.67	8590.10
321.73	8439.07
321.79	8277.31
321.86	8118.56
321.92	7964.23
321.98	7799.17
322.05	7627.65
322.11	7456.92
322.18	7274.89
322.24	7102.84
322.30	6933.79
322.37	6779.35
322.43	6621.51
322.49	6473.25
322.56	6308.80
322.62	6153.55
322.68	5984.72
322.75	5831.02
322.81	5660.94
322.88	5504.72
322.94	5347.03
323.00	5188.40
323.07	5027.46
323.13	4878.66
323.19	4726.10
323.26	4574.75
323.32	4428.68
323.38	4280.64
323.45	4077.64
323.51	3490.18
323.57	2682.20
323.64	1836.30
323.70	1020.88
323.76	290.34
323.83	-24.84
323.89	-90.16
323.96	-90.10
