180.21	3368.40
180.28	-114.18
180.36	626.29
180.44	-41.32
180.51	-11.90
180.59	10.31
180.66	38.15
180.74	34.50
180.81	33.15
180.89	34.30
180.97	35.14
181.04	31.66
181.12	30.04
181.19	29.83
181.27	30.11
181.34	48.46
181.42	55.67
181.50	63.62
181.57	75.79
181.65	81.84
181.72	74.80
181.80	69.77
181.87	69.94
181.95	70.12
182.03	69.35
182.10	72.08
182.18	73.80
182.25	79.36
182.33	78.67
182.40	85.20
182.48	79.93
182.55	91.53
182.63	94.81
182.71	97.25
182.78	98.59
182.86	105.08
182.93	101.92
183.01	105.06
183.08	105.69
183.16	110.50
183.23	106.92
183.31	112.88
183.39	111.42
183.46	120.89
183.54	116.56
183.61	124.12
183.69	126.25
183.76	136.50
183.84	135.87
183.91	137.35
183.99	146.57
184.06	148.81
184.14	151.88
184.22	155.68
184.29	159.71
184.37	157.73
184.44	151.81
184.52	139.47
184.59	136.11
184.67	138.56
184.74	131.46
184.82	142.50
184.89	154.79
184.97	162.90
185.04	170.90
185.12	180.63
185.20	188.28
185.27	196.03
185.35	206.05
185.42	204.02
185.50	215.63
185.57	216.08
185.65	221.59
185.72	219.76
185.80	228.59
185.87	224.80
185.95	222.45
186.02	221.22
186.10	219.65
186.17	218.42
186.25	218.24
186.33	211.96
186.40	205.45
186.48	206.75
186.55	209.94
186.63	213.39
186.70	238.48
186.78	253.55
186.85	269.74
186.93	279.36
187.00	292.03
187.08	286.29
187.15	292.30
187.23	293.25
187.30	298.03
187.38	306.59
187.45	321.71
187.53	333.75
187.60	340.34
187.68	349.14
187.75	359.93
187.83	368.29
187.90	366.72
187.98	369.11
188.05	372.26
188.13	357.83
188.21	337.78
188.28	335.58
188.36	331.00
188.43	327.69
188.51	339.97
188.58	362.72
188.66	364.51
188.73	374.89
188.81	393.55
188.88	399.02
188.96	408.07
189.03	432.40
189.11	453.24
189.18	464.10
189.26	483.27
189.33	506.49
189.41	531.59
189.48	550.30
189.56	569.34
189.63	586.88
189.71	583.16
189.78	559.49
189.86	534.46
189.93	513.08
190.01	484.19
190.08	465.54
190.16	455.25
190.23	443.81
190.31	439.52
190.38	436.48
190.46	442.63
190.53	463.78
190.61	503.35
190.68	528.24
190.76	573.37
190.83	607.30
190.91	631.95
190.98	643.02
191.06	661.29
191.13	668.61
191.21	673.12
191.28	666.29
191.35	659.11
191.43	647.10
191.50	628.28
191.58	622.12
191.65	628.30
191.73	635.38
191.80	646.65
191.88	651.14
191.95	652.40
192.03	655.84
192.10	665.63
192.18	680.81
192.25	705.67
192.33	722.08
192.40	727.57
192.48	726.18
192.55	717.55
192.63	701.37
192.70	694.34
192.78	693.42
192.85	703.54
192.93	707.16
193.00	701.66
193.08	682.66
193.15	664.27
193.22	648.37
193.30	645.73
193.37	678.92
193.45	718.24
193.52	768.44
193.60	822.25
193.67	869.54
193.75	896.98
193.82	928.90
193.90	944.45
193.97	943.70
194.05	933.24
194.12	911.57
194.20	885.66
194.27	853.54
194.34	808.71
194.42	767.75
194.49	745.63
194.57	727.07
194.64	710.54
194.72	708.17
194.79	715.45
194.87	729.08
194.94	765.41
195.02	822.45
195.09	890.56
195.17	965.88
195.24	1030.47
195.31	1078.79
195.39	1112.30
195.46	1131.87
195.54	1142.29
195.61	1143.49
195.69	1125.73
195.76	1092.55
195.84	1043.97
195.91	956.15
195.99	856.89
196.06	770.63
196.13	714.36
196.21	691.60
196.28	720.43
196.36	786.46
196.43	867.88
196.51	955.71
196.58	1039.24
196.66	1110.75
196.73	1168.33
196.80	1207.34
196.88	1226.68
196.95	1239.95
197.03	1242.26
197.10	1221.86
197.18	1187.01
197.25	1127.58
197.33	1040.00
197.40	945.18
197.47	851.71
197.55	780.96
197.62	739.02
197.70	734.54
197.77	762.23
197.85	823.36
197.92	894.88
197.99	984.37
198.07	1085.10
198.14	1179.85
198.22	1273.50
198.29	1350.31
198.37	1410.22
198.44	1449.38
198.51	1466.69
198.59	1454.44
198.66	1430.52
198.74	1370.23
198.81	1269.70
198.89	1143.81
198.96	1023.34
199.03	905.63
199.11	829.21
199.18	800.77
199.26	826.83
199.33	886.43
199.41	979.53
199.48	1082.60
199.55	1195.95
199.63	1293.15
199.70	1388.88
199.78	1468.91
199.85	1542.31
199.93	1600.42
200.00	1657.82
200.07	1681.18
200.15	1681.06
200.22	1644.52
200.30	1556.51
200.37	1416.39
200.44	1239.19
200.52	1069.85
200.59	943.50
200.67	874.53
200.74	871.37
200.81	936.13
200.89	1029.06
200.96	1131.91
201.04	1238.81
201.11	1360.41
201.19	1482.32
201.26	1593.63
201.33	1687.20
201.41	1766.46
201.48	1813.70
201.56	1830.02
201.63	1829.74
201.70	1787.15
201.78	1702.28
201.85	1575.07
201.93	1423.45
202.00	1272.43
202.07	1153.19
202.15	1058.52
202.22	1016.89
202.30	1037.22
202.37	1093.07
202.44	1184.55
202.52	1321.29
202.59	1478.80
202.67	1625.96
202.74	1767.15
202.81	1889.86
202.89	2004.55
202.96	2117.36
203.04	2220.94
203.11	2293.13
203.18	2341.70
203.26	2340.40
203.33	2268.57
203.41	2135.89
203.48	1950.32
203.55	1694.94
203.63	1449.94
203.70	1272.45
203.77	1177.57
203.85	1179.96
203.92	1287.97
204.00	1460.28
204.07	1640.38
204.14	1826.15
204.22	2004.23
204.29	2186.60
204.37	2346.82
204.44	2485.88
204.51	2603.61
204.59	2681.91
204.66	2708.75
204.73	2697.19
204.81	2640.59
204.88	2529.62
204.96	2357.92
205.03	2125.51
205.10	1872.78
205.18	1652.89
205.25	1476.53
205.32	1381.78
205.40	1395.34
205.47	1490.31
205.55	1636.24
205.62	1832.15
205.69	2067.97
205.77	2317.46
205.84	2558.53
205.91	2780.55
205.99	2971.92
206.06	3135.54
206.14	3283.11
206.21	3419.65
206.28	3526.37
206.36	3602.60
206.43	3612.86
206.50	3540.51
206.58	3365.04
206.65	3085.91
206.72	2710.53
206.80	2319.53
206.87	1989.84
206.95	1782.53
207.02	1738.77
207.09	1860.34
207.17	2104.16
207.24	2396.92
207.31	2707.22
207.39	3012.99
207.46	3311.18
207.53	3592.24
207.61	3866.33
207.68	4114.57
207.75	4341.37
207.83	4527.92
207.90	4659.44
207.98	4704.54
208.05	4674.49
208.12	4535.03
208.20	4290.92
208.27	3938.20
208.34	3501.12
208.42	3038.31
208.49	2664.48
208.56	2414.78
208.64	2339.20
208.71	2436.36
208.78	2651.29
208.86	2931.29
208.93	3248.21
209.00	3588.36
209.08	3954.22
209.15	4334.12
209.22	4697.58
209.30	5039.63
209.37	5346.67
209.44	5616.76
209.52	5838.73
209.59	5996.38
209.67	6083.79
209.74	6066.67
209.81	5933.78
209.89	5654.84
209.96	5218.11
210.03	4673.88
210.11	4143.87
210.18	3673.71
210.25	3341.64
210.33	3235.15
210.40	3342.21
210.47	3600.75
210.55	3969.79
210.62	4407.46
210.69	4861.45
210.77	5322.21
210.84	5749.33
210.91	6155.39
210.99	6540.50
211.06	6903.98
211.13	7244.50
211.21	7560.53
211.28	7813.69
211.35	7982.15
211.42	8019.89
211.50	7891.21
211.57	7576.15
211.64	7085.24
211.72	6438.71
211.79	5742.85
211.86	5167.22
211.94	4835.75
212.01	4773.55
212.08	4989.64
212.16	5399.16
212.23	5867.14
212.30	6303.48
212.38	6700.85
212.45	7076.20
212.52	7426.83
212.60	7765.70
212.67	8124.86
212.74	8503.19
212.82	8883.02
212.89	9265.83
212.96	9602.19
213.03	9828.36
213.11	9914.24
213.18	9824.15
213.25	9551.46
213.33	9076.70
213.40	8446.48
213.47	7823.51
213.55	7310.73
213.62	6963.35
213.69	6878.53
213.77	7077.44
213.84	7436.61
213.91	7882.63
213.98	8372.23
214.06	8830.35
214.13	9221.84
214.20	9564.66
214.28	9913.71
214.35	10296.26
214.42	10732.98
214.50	11220.85
214.57	11719.39
214.64	12163.08
214.72	12506.55
214.79	12733.57
214.86	12799.76
214.93	12692.94
215.01	12399.86
215.08	11898.90
215.15	11204.36
215.23	10421.46
215.30	9765.02
215.37	9382.03
215.44	9378.53
215.52	9738.15
215.59	10381.11
215.66	11099.35
215.74	11777.54
215.81	12347.42
215.88	12865.04
215.95	13351.61
216.03	13839.35
216.10	14305.86
216.17	14746.39
216.25	15117.48
216.32	15411.47
216.39	15607.39
216.46	15745.90
216.54	15818.48
216.61	15809.64
216.68	15674.05
216.76	15393.58
216.83	14897.08
216.90	14213.60
216.97	13495.78
217.05	12935.35
217.12	12647.90
217.19	12712.29
217.27	13146.70
217.34	13826.88
217.41	14617.07
217.48	15413.07
217.56	16173.64
217.63	16849.29
217.70	17420.45
217.78	17881.49
217.85	18254.68
217.92	18553.34
217.99	18810.23
218.07	19027.10
218.14	19225.83
218.21	19443.68
218.28	19654.42
218.36	19826.07
218.43	19918.41
218.50	19860.47
218.57	19558.24
218.65	18996.17
218.72	18210.98
218.79	17393.53
218.87	16741.01
218.94	16419.45
219.01	16515.61
219.08	17029.86
219.16	17809.51
219.23	18674.56
219.30	19492.21
219.37	20209.92
219.45	20840.43
219.52	21388.62
219.59	21880.07
219.66	22349.20
219.74	22795.23
219.81	23199.56
219.88	23572.81
219.95	23925.18
220.03	24235.75
220.10	24485.77
220.17	24648.30
220.24	24663.07
220.32	24488.52
220.39	24095.29
220.46	23491.78
220.53	22718.93
220.61	21957.58
220.68	21396.14
220.75	21175.86
220.82	21321.62
220.90	21781.78
220.97	22421.85
221.04	23086.61
221.11	23675.04
221.19	24207.87
221.26	24714.43
221.33	25211.09
221.40	25714.31
221.48	26206.61
221.55	26674.83
221.62	27125.56
221.69	27552.08
221.77	27915.14
221.84	28233.00
221.91	28474.98
221.98	28624.14
222.06	28663.54
222.13	28585.67
222.20	28384.16
222.27	28072.15
222.35	27669.11
222.42	27261.69
222.49	26962.09
222.56	26816.22
222.63	26828.16
222.71	26999.01
222.78	27262.15
222.85	27553.14
222.92	27851.84
223.00	28173.21
223.07	28528.63
223.14	28916.36
223.21	29333.74
223.29	29755.56
223.36	30193.83
223.43	30627.36
223.50	31042.79
223.57	31424.96
223.65	31756.82
223.72	31995.05
223.79	32129.63
223.86	32165.35
223.94	32112.82
224.01	32020.87
224.08	31906.61
224.15	31783.50
224.22	31664.17
224.30	31566.61
224.37	31518.01
224.44	31530.77
224.51	31613.24
224.59	31768.11
224.66	31997.15
224.73	32253.99
224.80	32517.55
224.87	32806.16
224.95	33120.01
225.02	33447.00
225.09	33777.96
225.16	34103.40
225.23	34404.71
225.31	34684.91
225.38	34911.56
225.45	35084.66
225.52	35209.39
225.60	35259.88
225.67	35227.66
225.74	35115.47
225.81	34950.27
225.88	34794.54
225.96	34730.71
226.03	34750.94
226.10	34867.57
226.17	35054.78
226.24	35282.86
226.32	35503.90
226.39	35727.11
226.46	35967.21
226.53	36231.94
226.60	36500.47
226.68	36756.83
226.75	36995.88
226.82	37207.11
226.89	37393.84
226.96	37549.70
227.04	37674.67
227.11	37784.11
227.18	37887.12
227.25	37964.97
227.32	38037.15
227.40	38109.59
227.47	38153.76
227.54	38154.84
227.61	38101.45
227.68	37986.98
227.76	37846.04
227.83	37733.55
227.90	37707.13
227.97	37779.23
228.04	37951.54
228.11	38169.44
228.19	38416.62
228.26	38649.73
228.33	38872.32
228.40	39072.05
228.47	39265.68
228.55	39449.29
228.62	39600.24
228.69	39726.25
228.76	39830.96
228.83	39922.81
228.90	40004.50
228.98	40108.93
229.05	40239.55
229.12	40384.22
229.19	40537.59
229.26	40682.76
229.34	40798.00
229.41	40874.76
229.48	40920.90
229.55	40930.47
229.62	40906.16
229.69	40848.07
229.77	40765.22
229.84	40699.03
229.91	40677.24
229.98	40702.07
230.05	40784.17
230.12	40919.47
230.20	41078.59
230.27	41237.16
230.34	41398.15
230.41	41535.26
230.48	41662.54
230.55	41773.13
230.63	41868.53
230.70	41961.35
230.77	42030.85
230.84	42089.71
230.91	42131.61
230.98	42170.23
231.06	42214.43
231.13	42315.39
231.20	42421.95
231.27	42558.84
231.34	42687.90
231.41	42800.33
231.49	42877.62
231.56	42950.99
231.63	43000.48
231.70	43048.92
231.77	43065.90
231.84	43071.98
231.92	43076.07
231.99	43082.67
232.06	43110.23
232.13	43166.67
232.20	43242.44
232.27	43317.01
232.34	43384.58
232.42	43437.04
232.49	43478.90
232.56	43516.64
232.63	43558.61
232.70	43598.18
232.77	43649.32
232.85	43697.06
232.92	43752.03
232.99	43800.69
233.06	43873.99
233.13	43942.01
233.20	44010.45
233.27	44065.18
233.35	44116.47
233.42	44166.02
233.49	44197.60
233.56	44240.10
233.63	44295.75
233.70	44348.78
233.77	44384.47
233.85	44427.15
233.92	44482.75
233.99	44519.66
234.06	44566.55
234.13	44614.18
234.20	44669.52
234.27	44709.22
234.35	44748.94
234.42	44769.95
234.49	44786.20
234.56	44796.23
234.63	44782.95
234.70	44764.79
234.77	44752.46
234.84	44741.08
234.92	44726.96
234.99	44726.75
235.06	44749.98
235.13	44782.71
235.20	44830.45
235.27	44881.37
235.34	44933.14
235.41	44970.56
235.49	45008.89
235.56	45035.52
235.63	45065.54
235.70	45096.63
235.77	45115.38
235.84	45143.44
235.91	45153.27
235.98	45142.99
236.06	45136.66
236.13	45149.46
236.20	45148.57
236.27	45152.47
236.34	45171.96
236.41	45187.82
236.48	45196.46
236.55	45210.26
236.63	45220.20
236.70	45223.16
236.77	45228.56
236.84	45249.41
236.91	45267.24
236.98	45291.22
237.05	45323.02
237.12	45346.33
237.19	45349.19
237.27	45347.08
237.34	45351.28
237.41	45352.25
237.48	45347.11
237.55	45345.58
237.62	45337.31
237.69	45352.80
237.76	45368.23
237.83	45390.17
237.91	45409.23
237.98	45454.67
238.05	45464.95
238.12	45476.46
238.19	45487.24
238.26	45502.87
238.33	45501.30
238.40	45499.73
238.47	45494.31
238.54	45499.83
238.62	45499.54
238.69	45482.60
238.76	45482.14
238.83	45477.76
238.90	45479.45
238.97	45488.17
239.04	45509.28
239.11	45531.66
239.18	45555.00
239.25	45569.67
239.33	45574.03
239.40	45578.12
239.47	45561.69
239.54	45544.17
239.61	45513.39
239.68	45488.56
239.75	45471.02
239.82	45464.07
239.89	45449.83
239.96	45450.24
240.03	45456.01
240.11	45450.84
240.18	45438.66
240.25	45444.26
240.32	45454.09
240.39	45464.41
240.46	45492.53
240.53	45544.11
240.60	45596.49
240.67	45635.09
240.74	45672.82
240.81	45693.02
240.88	45703.74
240.96	45703.89
241.03	45709.06
241.10	45717.52
241.17	45737.27
241.24	45749.30
241.31	45770.12
241.38	45781.18
241.45	45759.63
241.52	45741.69
241.59	45737.02
241.66	45736.77
241.73	45749.25
241.80	45782.98
241.88	45807.70
241.95	45812.44
242.02	45819.72
242.09	45810.42
242.16	45796.23
242.23	45796.62
242.30	45803.24
242.37	45794.50
242.44	45817.22
242.51	45832.57
242.58	45836.51
242.65	45844.39
242.72	45865.70
242.79	45868.22
242.87	45891.68
242.94	45912.66
243.01	45939.40
243.08	45965.30
243.15	45993.23
243.22	46018.12
243.29	46050.70
243.36	46071.69
243.43	46104.25
243.50	46153.10
243.57	46196.07
243.64	46219.70
243.71	46255.48
243.78	46273.67
243.85	46269.48
243.92	46264.37
243.99	46277.84
244.07	46284.08
244.14	46281.39
244.21	46293.40
244.28	46318.70
244.35	46342.62
244.42	46359.25
244.49	46385.41
244.56	46414.01
244.63	46440.87
244.70	46434.22
244.77	46444.62
244.84	46465.61
244.91	46484.95
244.98	46498.72
245.05	46543.55
245.12	46589.94
245.19	46634.83
245.26	46662.30
245.33	46688.39
245.40	46717.94
245.47	46746.84
245.55	46770.40
245.62	46794.67
245.69	46836.98
245.76	46901.45
245.83	46959.60
245.90	47020.78
245.97	47091.52
246.04	47150.92
246.11	47174.18
246.18	47190.26
246.25	47191.53
246.32	47181.05
246.39	47182.06
246.46	47208.02
246.53	47253.95
246.60	47315.11
246.67	47389.31
246.74	47463.13
246.81	47524.61
246.88	47575.53
246.95	47615.23
247.02	47643.92
247.09	47668.07
247.16	47681.17
247.23	47690.41
247.30	47703.95
247.37	47722.13
247.44	47747.64
247.51	47787.07
247.58	47831.11
247.66	47877.78
247.73	47950.05
247.80	48002.03
247.87	48044.33
247.94	48107.34
248.01	48184.36
248.08	48237.02
248.15	48292.50
248.22	48356.36
248.29	48408.33
248.36	48435.37
248.43	48486.72
248.50	48540.57
248.57	48601.19
248.64	48662.02
248.71	48740.73
248.78	48815.02
248.85	48877.20
248.92	48927.23
248.99	48953.37
249.06	48978.89
249.13	48986.69
249.20	49010.91
249.27	49027.38
249.34	49067.25
249.41	49104.16
249.48	49119.87
249.55	49127.72
249.62	49148.22
249.69	49146.19
249.76	49156.07
249.83	49188.66
249.90	49246.36
249.97	49315.46
250.04	49422.39
250.11	49519.20
250.18	49609.76
250.25	49675.58
250.32	49724.98
250.39	49753.64
250.46	49792.91
250.53	49842.75
250.60	49910.31
250.67	49996.41
250.74	50073.20
250.81	50116.98
250.88	50164.39
250.95	50200.74
251.02	50213.35
251.09	50216.64
251.16	50239.09
251.23	50245.52
251.30	50256.17
251.37	50279.69
251.44	50327.36
251.51	50382.50
251.58	50456.27
251.65	50528.73
251.72	50592.83
251.79	50656.11
251.86	50718.84
251.93	50766.51
252.00	50789.30
252.07	50817.35
252.14	50849.11
252.21	50864.13
252.28	50879.33
252.35	50912.99
252.42	50967.79
252.49	51016.39
252.56	51068.58
252.63	51130.85
252.70	51192.13
252.77	51247.37
252.84	51306.68
252.91	51361.36
252.98	51406.71
253.05	51439.92
253.12	51448.44
253.19	51456.47
253.25	51477.48
253.32	51499.47
253.39	51544.51
253.46	51589.01
253.53	51625.55
253.60	51637.25
253.67	51651.96
253.74	51662.45
253.81	51683.87
253.88	51713.02
253.95	51761.02
254.02	51800.78
254.09	51837.83
254.16	51880.75
254.23	51913.12
254.30	51944.56
254.37	51988.93
254.44	52036.32
254.51	52065.38
254.58	52086.99
254.65	52127.24
254.72	52150.96
254.79	52169.85
254.86	52193.40
254.93	52224.94
255.00	52241.48
255.07	52278.96
255.14	52321.04
255.21	52345.94
255.28	52332.03
255.34	52296.30
255.41	52250.50
255.48	52186.42
255.55	52155.79
255.62	52158.75
255.69	52186.82
255.76	52215.47
255.83	52259.86
255.90	52292.10
255.97	52349.08
256.04	52390.56
256.11	52451.30
256.18	52527.70
256.25	52615.10
256.32	52691.95
256.39	52787.24
256.46	52852.46
256.53	52904.24
256.60	52955.15
256.67	52988.76
256.74	53007.82
256.80	53003.99
256.87	52985.51
256.94	52943.49
257.01	52911.82
257.08	52891.64
257.15	52905.16
257.22	52919.35
257.29	52906.59
257.36	52852.80
257.43	52769.54
257.50	52672.39
257.57	52589.83
257.64	52570.10
257.71	52605.03
257.78	52685.07
257.85	52784.80
257.92	52904.58
257.98	52999.76
258.05	53061.98
258.12	53054.37
258.19	53025.23
258.26	52924.73
258.33	52821.09
258.40	52726.86
258.47	52693.05
258.54	52674.77
258.61	52714.58
258.68	52771.99
258.75	52853.40
258.82	52936.77
258.89	52995.86
258.95	53032.42
259.02	53043.92
259.09	53023.95
259.16	52965.33
259.23	52921.31
259.30	52888.29
259.37	52866.46
259.44	52850.66
259.51	52866.95
259.58	52883.60
259.65	52877.62
259.72	52860.98
259.79	52837.69
259.85	52788.34
259.92	52740.62
259.99	52738.05
260.06	52755.50
260.13	52773.06
260.20	52797.29
260.27	52806.47
260.34	52770.76
260.41	52726.28
260.48	52699.43
260.55	52690.80
260.62	52669.46
260.68	52644.73
260.75	52607.66
260.82	52583.96
260.89	52562.04
260.96	52557.50
261.03	52566.95
261.10	52559.57
261.17	52519.06
261.24	52421.50
261.31	52326.16
261.38	52219.54
261.44	52130.28
261.51	52062.26
261.58	52053.47
261.65	52069.52
261.72	52109.56
261.79	52160.47
261.86	52178.01
261.93	52173.66
262.00	52126.86
262.07	52050.93
262.13	51970.68
262.20	51922.99
262.27	51885.46
262.34	51891.82
262.41	51923.98
262.48	51960.90
262.55	52003.00
262.62	52034.73
262.69	52029.18
262.76	52019.48
262.82	51994.61
262.89	51957.01
262.96	51933.53
263.03	51941.29
263.10	51932.89
263.17	51916.92
263.24	51903.96
263.31	51896.88
263.38	51902.80
263.44	51939.57
263.51	51989.64
263.58	52010.34
263.65	51980.61
263.72	51871.52
263.79	51723.79
263.86	51577.84
263.93	51476.33
264.00	51429.83
264.06	51441.26
264.13	51453.70
264.20	51457.78
264.27	51398.02
264.34	51297.26
264.41	51185.68
264.48	51093.46
264.55	50984.42
264.61	50882.02
264.68	50787.81
264.75	50704.21
264.82	50614.38
264.89	50561.44
264.96	50566.10
265.03	50589.96
265.10	50622.64
265.16	50648.15
265.23	50637.88
265.30	50593.66
265.37	50530.22
265.44	50457.53
265.51	50413.92
265.58	50423.09
265.65	50462.86
265.71	50526.73
265.78	50594.95
265.85	50620.79
265.92	50570.02
265.99	50452.83
266.06	50304.62
266.13	50134.44
266.20	49990.74
266.26	49894.79
266.33	49841.23
266.40	49799.61
266.47	49771.54
266.54	49741.40
266.61	49735.36
266.68	49735.01
266.74	49730.20
266.81	49692.17
266.88	49615.20
266.95	49475.36
267.02	49339.96
267.09	49239.62
267.16	49196.23
267.22	49218.78
267.29	49294.11
267.36	49390.36
267.43	49473.04
267.50	49517.46
267.57	49511.60
267.64	49446.67
267.70	49330.17
267.77	49201.05
267.84	49116.70
267.91	49065.22
267.98	49073.58
268.05	49134.33
268.11	49190.53
268.18	49189.57
268.25	49134.29
268.32	49005.45
268.39	48814.69
268.46	48571.71
268.53	48322.67
268.59	48096.76
268.66	47938.91
268.73	47839.20
268.80	47841.79
268.87	47915.29
268.94	48055.71
269.00	48213.57
269.07	48351.25
269.14	48438.87
269.21	48457.89
269.28	48400.29
269.35	48291.23
269.41	48196.88
269.48	48134.21
269.55	48123.39
269.62	48155.48
269.69	48216.84
269.76	48234.21
269.82	48219.30
269.89	48162.25
269.96	48083.86
270.03	47971.08
270.10	47858.82
270.17	47727.86
270.23	47621.08
270.30	47531.06
270.37	47510.23
270.44	47531.92
270.51	47577.51
270.58	47601.92
270.64	47616.60
270.71	47597.60
270.78	47593.53
270.85	47597.92
270.92	47628.82
270.99	47639.48
271.05	47624.40
271.12	47542.04
271.19	47424.90
271.26	47277.49
271.33	47165.30
271.39	47076.79
271.46	46990.33
271.53	46926.42
271.60	46883.44
271.67	46831.75
271.74	46761.42
271.80	46706.39
271.87	46664.78
271.94	46615.60
272.01	46555.74
272.08	46518.24
272.14	46492.94
272.21	46459.65
272.28	46426.15
272.35	46406.39
272.42	46390.15
272.48	46387.92
272.55	46391.59
272.62	46392.59
272.69	46381.15
272.76	46357.77
272.83	46318.05
272.89	46283.14
272.96	46256.89
273.03	46250.30
273.10	46241.92
273.17	46238.55
273.23	46208.86
273.30	46134.59
273.37	45999.26
273.44	45818.12
273.51	45636.23
273.57	45492.37
273.64	45410.74
273.71	45405.54
273.78	45460.06
273.85	45539.07
273.91	45617.69
273.98	45726.39
274.05	45856.41
274.12	46027.58
274.19	46201.54
274.25	46354.60
274.32	46445.04
274.39	46462.06
274.46	46383.31
274.53	46241.42
274.59	46055.38
274.66	45864.53
274.73	45682.91
274.80	45521.83
274.86	45397.28
274.93	45339.12
275.00	45298.24
275.07	45272.32
275.14	45264.57
275.20	45250.06
275.27	45218.77
275.34	45197.40
275.41	45185.48
275.48	45183.39
275.54	45219.52
275.61	45264.10
275.68	45311.57
275.75	45349.87
275.81	45364.25
275.88	45360.89
275.95	45374.16
276.02	45391.51
276.09	45412.60
276.15	45451.40
276.22	45468.72
276.29	45426.12
276.36	45293.46
276.42	45115.11
276.49	44907.48
276.56	44708.53
276.63	44558.99
276.70	44482.74
276.76	44494.67
276.83	44557.47
276.90	44641.25
276.97	44717.37
277.03	44785.24
277.10	44762.42
277.17	44677.31
277.24	44579.43
277.30	44500.31
277.37	44466.71
277.44	44495.71
277.51	44600.79
277.58	44697.62
277.64	44753.94
277.71	44732.52
277.78	44639.28
277.85	44451.39
277.91	44228.99
277.98	44010.92
278.05	43837.69
278.12	43720.74
278.18	43678.01
278.25	43712.52
278.32	43799.32
278.39	43936.45
278.45	44113.70
278.52	44310.28
278.59	44504.38
278.66	44651.63
278.72	44720.15
278.79	44690.98
278.86	44548.42
278.93	44280.95
278.99	43964.32
279.06	43676.36
279.13	43476.97
279.20	43424.65
279.26	43530.40
279.33	43733.38
279.40	43970.28
279.47	44201.27
279.53	44361.44
279.60	44368.73
279.67	44202.99
279.74	43877.06
279.80	43473.94
279.87	43074.87
279.94	42789.41
280.01	42675.55
280.07	42721.76
280.14	42824.72
280.21	42933.42
280.28	43043.68
280.34	43133.29
280.41	43209.47
280.48	43287.37
280.55	43372.09
280.61	43430.28
280.68	43468.15
280.75	43500.92
280.82	43554.22
280.88	43604.51
280.95	43641.63
281.02	43644.97
281.08	43573.96
281.15	43449.26
281.22	43300.90
281.29	43125.95
281.35	42919.64
281.42	42728.06
281.49	42509.64
281.56	42287.96
281.62	42108.76
281.69	41975.93
281.76	41882.34
281.82	41834.63
281.89	41821.51
281.96	41828.95
282.03	41874.98
282.09	41951.10
282.16	42061.33
282.23	42187.77
282.30	42330.69
282.36	42496.10
282.43	42650.15
282.50	42801.96
282.56	42905.18
282.63	42980.95
282.70	43024.23
282.77	43079.68
282.83	43125.68
282.90	43190.21
282.97	43207.66
283.03	43121.89
283.10	42887.31
283.17	42534.18
283.24	42119.11
283.30	41725.50
283.37	41436.05
283.44	41303.98
283.50	41290.52
283.57	41353.73
283.64	41442.17
283.71	41536.01
283.77	41623.45
283.84	41718.00
283.91	41818.57
283.97	41932.22
284.04	42057.76
284.11	42165.08
284.18	42264.97
284.24	42345.03
284.31	42363.14
284.38	42327.16
284.44	42284.71
284.51	42236.45
284.58	42185.65
284.64	42172.52
284.71	42148.40
284.78	42070.77
284.85	41959.79
284.91	41832.44
284.98	41696.14
285.05	41553.36
285.11	41389.63
285.18	41180.59
285.25	40946.25
285.31	40715.17
285.38	40545.43
285.45	40496.28
285.52	40576.61
285.58	40736.24
285.65	40923.66
285.72	41135.89
285.78	41325.75
285.85	41473.53
285.92	41610.68
285.98	41756.19
286.05	41885.79
286.12	42015.60
286.18	42150.38
286.25	42282.06
286.32	42392.78
286.39	42480.10
286.45	42502.26
286.52	42411.40
286.59	42204.52
286.65	41890.02
286.72	41495.64
286.79	41095.87
286.85	40775.61
286.92	40546.60
286.99	40425.52
287.05	40382.75
287.12	40416.11
287.19	40513.70
287.25	40666.10
287.32	40828.38
287.39	40992.96
287.45	41144.57
287.52	41255.11
287.59	41336.37
287.65	41425.19
287.72	41521.15
287.79	41612.54
287.86	41717.42
287.92	41821.65
287.99	41912.93
288.06	42000.35
288.12	42066.64
288.19	42132.25
288.26	42181.19
288.32	42212.15
288.39	42202.25
288.46	42173.08
288.52	42096.66
288.59	41943.02
288.66	41691.71
288.72	41390.05
288.79	41063.88
288.86	40725.83
288.92	40482.36
288.99	40386.70
289.06	40427.55
289.12	40565.70
289.19	40801.80
289.26	41078.90
289.32	41378.57
289.39	41672.21
289.45	41946.05
289.52	42164.47
289.59	42324.68
289.65	42385.32
289.72	42380.38
289.79	42342.89
289.85	42283.00
289.92	42197.05
289.99	42102.81
290.05	41965.25
290.12	41785.77
290.19	41621.88
290.25	41500.96
290.32	41442.28
290.39	41458.68
290.45	41502.45
290.52	41518.73
290.59	41458.08
290.65	41294.78
290.72	41052.49
290.79	40841.15
290.85	40725.05
290.92	40738.65
290.98	40898.77
291.05	41168.82
291.12	41472.60
291.18	41753.91
291.25	42010.24
291.32	42234.71
291.38	42438.60
291.45	42640.58
291.52	42812.01
291.58	42943.00
291.65	43003.43
291.72	42994.99
291.78	42879.89
291.85	42696.22
291.91	42471.56
291.98	42280.88
292.05	42109.44
292.11	41955.63
292.18	41789.88
292.25	41594.49
292.31	41375.02
292.38	41181.79
292.45	41031.52
292.51	40966.27
292.58	40991.45
292.64	41079.51
292.71	41198.72
292.78	41373.89
292.84	41587.91
292.91	41824.72
292.98	42066.54
293.04	42325.28
293.11	42570.81
293.17	42801.25
293.24	43021.84
293.31	43234.35
293.37	43411.96
293.44	43539.25
293.51	43611.31
293.57	43616.13
293.64	43540.48
293.70	43376.71
293.77	43106.63
293.84	42723.16
293.90	42292.84
293.97	41879.32
294.04	41556.10
294.10	41367.29
294.17	41344.27
294.23	41406.08
294.30	41479.39
294.37	41524.80
294.43	41530.29
294.50	41477.46
294.56	41422.22
294.63	41430.50
294.70	41516.75
294.76	41728.24
294.83	42035.19
294.90	42400.89
294.96	42776.02
295.03	43127.70
295.09	43425.64
295.16	43685.27
295.23	43921.82
295.29	44120.78
295.36	44289.94
295.42	44416.04
295.49	44493.52
295.56	44518.18
295.62	44496.56
295.69	44373.99
295.75	44153.42
295.82	43849.05
295.89	43431.53
295.95	42936.82
296.02	42480.38
296.08	42061.39
296.15	41685.90
296.22	41425.49
296.28	41287.51
296.35	41274.30
296.41	41408.46
296.48	41684.75
296.55	42056.23
296.61	42482.00
296.68	42902.38
296.74	43290.35
296.81	43622.49
296.88	43879.09
296.94	44091.14
297.01	44277.86
297.07	44447.68
297.14	44642.87
297.20	44870.57
297.27	45103.58
297.34	45318.97
297.40	45505.92
297.47	45622.05
297.53	45678.51
297.60	45651.06
297.67	45534.71
297.73	45324.51
297.80	44976.78
297.86	44478.15
297.93	43878.33
298.00	43240.96
298.06	42648.10
298.13	42228.90
298.19	42008.70
298.26	41979.86
298.32	42089.68
298.39	42258.02
298.46	42443.82
298.52	42668.61
298.59	42920.75
298.65	43214.40
298.72	43563.61
298.78	43935.68
298.85	44284.85
298.92	44632.06
298.98	44938.42
299.05	45205.73
299.11	45458.14
299.18	45678.68
299.24	45864.14
299.31	46030.94
299.38	46167.67
299.44	46253.11
299.51	46334.75
299.57	46367.65
299.64	46361.69
299.70	46326.01
299.77	46226.86
299.84	45989.77
299.90	45567.50
299.97	44901.36
300.03	44040.88
300.10	43154.42
300.16	42423.29
300.23	41985.41
300.30	41898.86
300.36	42132.05
300.43	42551.09
300.49	43015.35
300.56	43472.61
300.62	43927.69
300.69	44354.91
300.75	44736.00
300.82	45095.41
300.89	45408.57
300.95	45674.21
301.02	45883.35
301.08	46077.83
301.15	46259.04
301.21	46426.46
301.28	46587.37
301.34	46745.04
301.41	46878.60
301.48	46974.98
301.54	47046.80
301.61	47074.76
301.67	47041.31
301.74	46940.37
301.80	46737.30
301.87	46406.46
301.93	45931.72
302.00	45356.36
302.06	44721.32
302.13	44103.72
302.20	43600.72
302.26	43264.23
302.33	43130.24
302.39	43150.50
302.46	43320.90
302.52	43567.33
302.59	43894.65
302.65	44248.04
302.72	44625.52
302.78	44986.61
302.85	45335.22
302.91	45639.75
302.98	45903.47
303.05	46130.59
303.11	46351.47
303.18	46530.14
303.24	46694.38
303.31	46828.97
303.37	46951.11
303.44	47029.09
303.50	47094.43
303.57	47117.81
303.63	47121.70
303.70	47104.91
303.76	47042.94
303.83	46967.22
303.89	46858.46
303.96	46680.98
304.03	46399.21
304.09	46018.50
304.16	45458.91
304.22	44801.41
304.29	44189.60
304.35	43716.00
304.42	43451.57
304.48	43436.43
304.55	43625.50
304.61	43899.54
304.68	44218.16
304.74	44535.73
304.81	44861.06
304.87	45150.73
304.94	45435.85
305.00	45673.25
305.07	45867.38
305.13	46029.40
305.20	46164.16
305.26	46274.00
305.33	46374.35
305.39	46460.74
305.46	46529.07
305.52	46601.89
305.59	46653.29
305.66	46665.73
305.72	46659.48
305.79	46625.85
305.85	46548.01
305.92	46398.27
305.98	46194.05
306.05	45903.31
306.11	45547.61
306.18	45154.52
306.24	44768.78
306.31	44392.13
306.37	44023.51
306.44	43675.33
306.50	43359.24
306.57	43140.80
306.63	43074.42
306.70	43179.29
306.76	43393.98
306.83	43704.00
306.89	44020.79
306.96	44298.83
307.02	44522.03
307.09	44727.58
307.15	44903.81
307.22	45052.68
307.28	45163.44
307.35	45250.76
307.41	45314.07
307.48	45360.75
307.54	45391.83
307.61	45408.50
307.67	45402.04
307.74	45382.49
307.80	45353.33
307.87	45310.62
307.93	45279.96
308.00	45241.09
308.06	45192.31
308.13	45091.92
308.19	44953.33
308.26	44791.82
308.32	44626.48
308.38	44434.61
308.45	44229.37
308.51	44001.95
308.58	43689.72
308.64	43360.46
308.71	43069.18
308.77	42861.83
308.84	42767.05
308.90	42812.42
308.97	42946.56
309.03	43121.66
309.10	43304.77
309.16	43479.92
309.23	43621.38
309.29	43743.25
309.36	43829.88
309.42	43901.70
309.49	43939.66
309.55	43974.42
309.62	43976.60
309.68	43972.71
309.75	43932.16
309.81	43880.72
309.88	43821.41
309.94	43757.38
310.00	43687.05
310.07	43619.36
310.13	43557.16
310.20	43477.25
310.26	43383.42
310.33	43288.84
310.39	43202.58
310.46	43106.16
310.52	42984.34
310.59	42835.23
310.65	42652.01
310.72	42432.19
310.78	42211.95
310.85	42049.11
310.91	41960.94
310.97	41942.91
311.04	41981.85
311.10	42029.36
311.17	42082.92
311.23	42119.44
311.30	42146.00
311.36	42187.61
311.43	42251.12
311.49	42296.69
311.56	42341.08
311.62	42373.57
311.69	42394.85
311.75	42412.44
311.81	42422.00
311.88	42408.41
311.94	42380.42
312.01	42341.78
312.07	42263.59
312.14	42213.50
312.20	42157.80
312.27	42113.75
312.33	42053.56
312.40	42014.19
312.46	41934.42
312.52	41862.33
312.59	41769.88
312.65	41686.22
312.72	41593.76
312.78	41494.84
312.85	41392.99
312.91	41275.33
312.98	41140.04
313.04	40992.62
313.10	40855.97
313.17	40728.34
313.23	40635.41
313.30	40567.94
313.36	40540.95
313.43	40548.90
313.49	40583.97
313.56	40619.99
313.62	40652.15
313.68	40678.70
313.75	40686.15
313.81	40677.71
313.88	40656.86
313.94	40634.46
314.01	40618.48
314.07	40605.05
314.13	40589.82
314.20	40582.82
314.26	40579.09
314.33	40546.61
314.39	40504.12
314.46	40445.74
314.52	40381.57
314.58	40296.12
314.65	40206.47
314.71	40115.48
314.78	40032.53
314.84	39949.81
314.91	39881.70
314.97	39837.10
315.03	39796.55
315.10	39751.99
315.16	39687.94
315.23	39619.63
315.29	39538.70
315.36	39451.30
315.42	39379.98
315.48	39326.09
315.55	39273.83
315.61	39222.71
315.68	39176.77
315.74	39118.03
315.81	39057.01
315.87	39004.96
315.93	38983.07
316.00	38987.41
316.06	39004.61
316.13	39037.44
316.19	39039.76
316.25	38990.94
316.32	38888.45
316.38	38734.04
316.45	38542.48
316.51	38326.95
316.58	38079.66
316.64	37826.95
316.70	37581.89
316.77	37313.81
316.83	37060.71
316.90	36812.80
316.96	36565.72
317.02	36304.18
317.09	36052.05
317.15	35799.35
317.22	35543.94
317.28	35266.98
317.34	35010.44
317.41	34755.61
317.47	34501.11
317.54	34255.29
317.60	34021.19
317.66	33771.82
317.73	33519.19
317.79	33247.00
317.86	32984.66
317.92	32717.63
317.98	32437.06
318.05	32153.10
318.11	31879.67
318.18	31606.82
318.24	31322.33
318.30	31049.33
318.37	30785.34
318.43	30511.24
318.50	30224.72
318.56	29957.23
318.62	29696.60
318.69	29433.42
318.75	29177.56
318.82	28914.86
318.88	28659.92
318.94	28388.01
319.01	28106.53
319.07	27840.57
319.13	27570.77
319.20	27289.82
319.26	27013.63
319.33	26743.73
319.39	26435.85
319.45	26142.25
319.52	25847.44
319.58	25549.21
319.65	25246.25
319.71	24965.69
319.77	24673.19
319.84	24390.06
319.90	24109.28
319.96	23828.23
320.03	23540.91
320.09	23261.27
320.16	22968.09
320.22	22683.23
320.28	22399.58
320.35	22120.56
320.41	21840.45
320.47	21572.90
320.54	21288.03
320.60	21011.54
320.67	20739.71
320.73	20466.00
320.79	20177.81
320.86	19900.56
320.92	19607.85
320.98	19305.65
321.05	19003.31
321.11	18702.36
321.18	18407.10
321.24	18127.01
321.30	17848.74
321.37	17578.12
321.43	17312.30
321.49	17038.46
321.56	16757.16
321.62	16490.21
321.68	16214.05
321.75	15932.58
321.81	15654.38
321.88	15374.74
321.94	15087.63
322.00	14809.97
322.07	14525.58
322.13	14240.44
322.19	13953.80
322.26	13669.79
322.32	13386.51
322.38	13106.94
322.45	12837.40
322.51	12563.42
322.58	12297.92
322.64	12014.04
322.70	11747.87
322.77	11472.33
322.83	11211.39
322.89	10934.11
322.96	10665.39
323.02	10395.77
323.08	10123.09
323.15	9848.62
323.21	9583.33
323.27	9323.21
323.34	9067.11
323.40	8818.25
323.46	8568.58
323.53	8206.84
323.59	7087.27
323.65	5480.71
323.72	3798.69
323.78	2169.74
323.85	701.13
323.91	43.94
323.97	-80.78
324.04	-80.93
