180.21	3368.90
180.28	-114.40
180.36	626.23
180.44	-41.33
180.51	-12.64
180.59	9.56
180.66	36.10
180.74	32.21
180.81	30.54
180.89	32.93
180.97	33.71
181.04	31.88
181.12	30.33
181.19	30.64
181.27	30.01
181.34	48.15
181.42	54.34
181.50	62.33
181.57	74.42
181.65	80.88
181.72	74.74
181.80	69.88
181.87	69.92
181.95	69.22
182.03	67.90
182.10	69.19
182.18	71.12
182.25	76.51
182.33	76.48
182.40	83.12
182.48	79.19
182.55	90.79
182.63	94.51
182.71	97.37
182.78	99.55
182.86	105.38
182.93	102.31
183.01	104.89
183.08	104.83
183.16	109.64
183.23	105.55
183.31	112.06
183.39	111.63
183.46	120.67
183.54	115.68
183.61	123.04
183.69	124.56
183.76	134.61
183.84	134.71
183.91	135.82
183.99	146.16
184.06	147.25
184.14	149.11
184.22	153.36
184.29	157.07
184.37	153.93
184.44	149.06
184.52	137.66
184.59	133.40
184.67	137.13
184.74	131.32
184.82	142.08
184.89	153.87
184.97	162.80
185.04	169.80
185.12	177.76
185.20	184.85
185.27	192.80
185.35	201.35
185.42	199.96
185.50	212.17
185.57	212.93
185.65	216.68
185.72	214.87
185.80	222.89
185.87	218.51
185.95	214.48
186.02	214.56
186.10	212.96
186.17	211.71
186.25	212.55
186.33	207.49
186.40	201.43
186.48	203.58
186.55	207.39
186.63	209.46
186.70	234.54
186.78	248.77
186.85	263.20
186.93	271.36
187.00	283.66
187.08	276.87
187.15	281.53
187.23	281.48
187.30	283.85
187.38	293.09
187.45	307.41
187.53	321.03
187.60	328.08
187.68	338.74
187.75	347.62
187.83	355.40
187.90	351.69
187.98	353.14
188.05	355.87
188.13	342.85
188.21	323.86
188.28	322.82
188.36	318.56
188.43	316.72
188.51	326.90
188.58	349.08
188.66	349.65
188.73	359.66
188.81	375.63
188.88	381.69
188.96	388.88
189.03	414.37
189.11	434.61
189.18	445.77
189.26	465.20
189.33	490.58
189.41	513.41
189.48	533.61
189.56	554.62
189.63	572.02
189.71	566.91
189.78	542.77
189.86	517.20
189.93	492.62
190.01	463.15
190.08	446.28
190.16	436.83
190.23	424.49
190.31	421.22
190.38	419.53
190.46	423.64
190.53	442.83
190.61	481.59
190.68	505.44
190.76	547.45
190.83	581.37
190.91	606.13
190.98	616.85
191.06	635.46
191.13	640.99
191.21	642.58
191.28	636.48
191.35	628.28
191.43	613.50
191.50	595.66
191.58	588.03
191.65	591.49
191.73	597.56
191.80	607.96
191.88	613.45
191.95	617.84
192.03	623.99
192.10	635.53
192.18	651.81
192.25	675.61
192.33	692.94
192.40	699.79
192.48	696.80
192.55	688.89
192.63	672.56
192.70	663.68
192.78	661.76
192.85	671.93
192.93	675.34
193.00	668.13
193.08	648.53
193.15	626.71
193.22	610.02
193.30	606.45
193.37	639.25
193.45	674.44
193.52	725.59
193.60	778.73
193.67	825.03
193.75	853.97
193.82	889.12
193.90	904.48
193.97	903.99
194.05	894.41
194.12	871.38
194.20	844.55
194.27	811.15
194.34	767.71
194.42	726.47
194.49	706.04
194.57	687.71
194.64	671.19
194.72	665.02
194.79	671.23
194.87	684.45
194.94	721.51
195.02	778.57
195.09	847.92
195.17	920.80
195.24	984.22
195.31	1029.58
195.39	1061.88
195.46	1079.75
195.54	1093.06
195.61	1093.34
195.69	1076.34
195.76	1044.81
195.84	998.08
195.91	911.25
195.99	813.37
196.06	727.25
196.13	671.16
196.21	647.38
196.28	671.81
196.36	736.09
196.43	815.34
196.51	898.59
196.58	981.16
196.66	1054.40
196.73	1109.62
196.80	1147.83
196.88	1168.60
196.95	1185.16
197.03	1187.43
197.10	1170.09
197.18	1137.99
197.25	1080.69
197.33	989.87
197.40	896.45
197.47	801.17
197.55	727.93
197.62	684.50
197.70	680.38
197.77	705.71
197.85	764.64
197.92	836.93
197.99	928.60
198.07	1027.61
198.14	1122.79
198.22	1216.66
198.29	1293.20
198.37	1351.62
198.44	1392.46
198.51	1410.50
198.59	1401.33
198.66	1374.78
198.74	1314.46
198.81	1212.72
198.89	1085.89
198.96	965.98
199.03	853.41
199.11	776.44
199.18	747.38
199.26	770.93
199.33	827.20
199.41	917.93
199.48	1019.09
199.55	1130.60
199.63	1229.42
199.70	1324.31
199.78	1404.06
199.85	1478.72
199.93	1542.88
200.00	1601.27
200.07	1629.31
200.15	1630.42
200.22	1594.20
200.30	1503.98
200.37	1364.73
200.44	1184.33
200.52	1014.14
200.59	887.13
200.67	814.82
200.74	808.15
200.81	872.05
200.89	961.52
200.96	1064.09
201.04	1169.04
201.11	1292.00
201.19	1413.65
201.26	1529.18
201.33	1623.74
201.41	1704.65
201.48	1753.40
201.56	1775.24
201.63	1776.48
201.70	1732.07
201.78	1647.49
201.85	1516.37
201.93	1357.51
202.00	1202.45
202.07	1081.10
202.15	986.31
202.22	943.23
202.30	963.97
202.37	1018.65
202.44	1110.16
202.52	1246.18
202.59	1403.44
202.67	1548.81
202.74	1687.18
202.81	1809.55
202.89	1923.88
202.96	2036.15
203.04	2146.33
203.11	2223.66
203.18	2274.07
203.26	2272.05
203.33	2206.08
203.41	2072.34
203.48	1887.30
203.55	1632.65
203.63	1390.80
203.70	1207.68
203.77	1105.24
203.85	1100.00
203.92	1201.08
204.00	1370.74
204.07	1550.73
204.14	1735.15
204.22	1916.50
204.29	2100.92
204.37	2258.79
204.44	2400.80
204.51	2521.03
204.59	2601.15
204.66	2629.97
204.73	2622.09
204.81	2567.02
204.88	2456.81
204.96	2283.94
205.03	2047.53
205.10	1789.53
205.18	1564.32
205.25	1385.42
205.32	1289.36
205.40	1302.53
205.47	1397.37
205.55	1539.24
205.62	1734.52
205.69	1970.29
205.77	2215.61
205.84	2459.11
205.91	2681.31
205.99	2875.17
206.06	3037.73
206.14	3193.12
206.21	3331.09
206.28	3442.08
206.36	3520.49
206.43	3533.64
206.50	3462.53
206.58	3284.74
206.65	3006.15
206.72	2623.89
206.80	2230.42
206.87	1892.46
206.95	1679.71
207.02	1626.28
207.09	1742.84
207.17	1979.33
207.24	2267.89
207.31	2573.66
207.39	2880.13
207.46	3181.05
207.53	3466.16
207.61	3748.05
207.68	4003.65
207.75	4237.54
207.83	4434.81
207.90	4569.83
207.98	4617.30
208.05	4589.25
208.12	4449.66
208.20	4198.56
208.27	3838.26
208.34	3392.89
208.42	2920.12
208.49	2538.20
208.56	2278.71
208.64	2195.15
208.71	2285.98
208.78	2497.50
208.86	2772.91
208.93	3090.21
209.00	3431.47
209.08	3796.10
209.15	4179.02
209.22	4551.96
209.30	4903.55
209.37	5218.24
209.44	5497.97
209.52	5730.38
209.59	5887.06
209.67	5977.81
209.74	5965.07
209.81	5834.59
209.89	5544.69
209.96	5102.91
210.03	4545.63
210.11	3998.41
210.18	3510.73
210.25	3168.95
210.33	3051.49
210.40	3149.36
210.47	3403.99
210.55	3774.70
210.62	4219.33
210.69	4679.11
210.77	5147.44
210.84	5580.41
210.91	5998.47
210.99	6382.56
211.06	6753.92
211.13	7102.87
211.21	7432.13
211.28	7690.61
211.35	7876.05
211.42	7923.72
211.50	7794.61
211.57	7478.88
211.64	6977.29
211.72	6307.61
211.79	5585.16
211.86	4988.48
211.94	4631.67
212.01	4549.96
212.08	4750.66
212.16	5157.45
212.23	5625.03
212.30	6068.77
212.38	6476.37
212.45	6860.41
212.52	7218.33
212.60	7567.86
212.67	7930.45
212.74	8319.15
212.82	8714.95
212.89	9105.75
212.96	9450.02
213.03	9682.61
213.11	9768.74
213.18	9675.17
213.25	9391.51
213.33	8894.63
213.40	8243.65
213.47	7591.82
213.55	7052.75
213.62	6680.32
213.69	6586.45
213.77	6773.13
213.84	7128.21
213.91	7583.77
213.98	8080.14
214.06	8543.08
214.13	8944.68
214.20	9294.85
214.28	9648.58
214.35	10043.65
214.42	10500.14
214.50	11009.89
214.57	11533.29
214.64	11989.91
214.72	12353.31
214.79	12573.39
214.86	12637.71
214.93	12520.33
215.01	12218.73
215.08	11693.24
215.15	10977.61
215.23	10166.19
215.30	9484.75
215.37	9083.16
215.44	9069.01
215.52	9430.03
215.59	10067.38
215.66	10796.71
215.74	11474.54
215.81	12059.00
215.88	12598.08
215.95	13112.65
216.03	13612.36
216.10	14101.36
216.17	14560.15
216.25	14942.81
216.32	15248.29
216.39	15453.49
216.46	15593.74
216.54	15660.07
216.61	15639.84
216.68	15489.86
216.76	15185.43
216.83	14666.06
216.90	13942.88
216.97	13189.94
217.05	12602.31
217.12	12295.12
217.19	12356.32
217.27	12794.92
217.34	13501.66
217.41	14311.88
217.48	15134.24
217.56	15913.37
217.63	16623.70
217.70	17209.34
217.78	17691.47
217.85	18076.44
217.92	18391.87
217.99	18650.33
218.07	18869.92
218.14	19065.09
218.21	19287.47
218.28	19503.97
218.36	19689.27
218.43	19780.54
218.50	19713.07
218.57	19395.08
218.65	18794.05
218.72	17952.39
218.79	17085.30
218.87	16394.79
218.94	16047.04
219.01	16139.82
219.08	16665.08
219.16	17469.73
219.23	18365.67
219.30	19213.90
219.37	19954.49
219.45	20604.05
219.52	21162.00
219.59	21670.54
219.66	22156.26
219.74	22618.31
219.81	23050.16
219.88	23443.21
219.95	23797.32
220.03	24124.90
220.10	24382.99
220.17	24536.10
220.24	24556.74
220.32	24380.92
220.39	23960.86
220.46	23314.25
220.53	22504.33
220.61	21682.34
220.68	21074.31
220.75	20822.76
220.82	20962.73
220.90	21435.09
220.97	22114.19
221.04	22811.38
221.11	23425.92
221.19	23978.77
221.26	24499.91
221.33	24996.04
221.40	25508.77
221.48	26027.11
221.55	26520.75
221.62	26989.88
221.69	27442.27
221.77	27832.19
221.84	28159.53
221.91	28401.17
221.98	28547.49
222.06	28566.13
222.13	28473.27
222.20	28260.31
222.27	27935.09
222.35	27505.57
222.42	27084.05
222.49	26766.81
222.56	26594.28
222.63	26589.39
222.71	26758.47
222.78	27024.19
222.85	27315.24
222.92	27625.73
223.00	27956.15
223.07	28329.17
223.14	28742.01
223.21	29175.30
223.29	29619.62
223.36	30088.63
223.43	30547.17
223.50	30971.21
223.57	31362.92
223.65	31700.58
223.72	31931.50
223.79	32057.58
223.86	32081.36
223.94	32019.08
224.01	31902.31
224.08	31792.76
224.15	31663.68
224.22	31541.88
224.30	31426.01
224.37	31364.96
224.44	31362.38
224.51	31436.25
224.59	31589.53
224.66	31832.77
224.73	32102.74
224.80	32374.55
224.87	32675.43
224.95	33009.56
225.02	33357.56
225.09	33700.06
225.16	34039.89
225.23	34360.22
225.31	34633.54
225.38	34858.39
225.45	35040.47
225.52	35164.88
225.60	35210.27
225.67	35175.98
225.74	35057.14
225.81	34871.51
225.88	34698.52
225.96	34611.92
226.03	34628.62
226.10	34752.94
226.17	34957.54
226.24	35205.12
226.32	35439.72
226.39	35677.73
226.46	35918.31
226.53	36192.08
226.60	36455.79
226.68	36720.88
226.75	36963.20
226.82	37185.42
226.89	37374.29
226.96	37538.71
227.04	37663.21
227.11	37776.15
227.18	37880.47
227.25	37958.14
227.32	38030.39
227.40	38104.42
227.47	38144.57
227.54	38126.54
227.61	38063.61
227.68	37928.10
227.76	37763.47
227.83	37647.00
227.90	37617.57
227.97	37698.04
228.04	37895.67
228.11	38150.50
228.19	38406.39
228.26	38648.80
228.33	38863.60
228.40	39055.01
228.47	39243.45
228.55	39418.08
228.62	39577.78
228.69	39722.19
228.76	39838.79
228.83	39932.52
228.90	40036.27
228.98	40144.89
229.05	40266.70
229.12	40416.43
229.19	40586.41
229.26	40722.13
229.34	40843.43
229.41	40929.97
229.48	40965.68
229.55	40956.59
229.62	40931.73
229.69	40856.72
229.77	40766.82
229.84	40688.97
229.91	40662.18
229.98	40675.73
230.05	40755.02
230.12	40892.88
230.20	41077.73
230.27	41245.93
230.34	41419.97
230.41	41579.61
230.48	41712.91
230.55	41815.18
230.63	41910.82
230.70	42008.08
230.77	42072.48
230.84	42120.08
230.91	42165.72
230.98	42224.15
231.06	42277.16
231.13	42375.74
231.20	42495.45
231.27	42633.40
231.34	42743.96
231.41	42843.85
231.49	42927.23
231.56	42993.48
231.63	43041.07
231.70	43084.82
231.77	43110.51
231.84	43121.10
231.92	43131.38
231.99	43146.59
232.06	43175.15
232.13	43232.50
232.20	43313.93
232.27	43383.22
232.34	43449.05
232.42	43496.70
232.49	43533.88
232.56	43561.67
232.63	43616.38
232.70	43660.07
232.77	43722.09
232.85	43782.29
232.92	43837.96
232.99	43890.33
233.06	43958.86
233.13	44027.04
233.20	44079.91
233.27	44136.25
233.35	44180.51
233.42	44207.07
233.49	44244.54
233.56	44288.94
233.63	44334.05
233.70	44387.41
233.77	44457.49
233.85	44509.13
233.92	44576.39
233.99	44630.32
234.06	44668.80
234.13	44708.35
234.20	44748.97
234.27	44774.18
234.35	44804.41
234.42	44836.55
234.49	44841.07
234.56	44853.27
234.63	44840.37
234.70	44831.21
234.77	44824.15
234.84	44824.18
234.92	44814.94
234.99	44831.47
235.06	44856.71
235.13	44882.13
235.20	44914.96
235.27	44961.19
235.34	45005.86
235.41	45052.98
235.49	45093.18
235.56	45144.66
235.63	45184.62
235.70	45213.03
235.77	45225.97
235.84	45244.20
235.91	45241.24
235.98	45236.00
236.06	45230.41
236.13	45235.67
236.20	45250.09
236.27	45249.62
236.34	45266.76
236.41	45287.78
236.48	45291.71
236.55	45294.90
236.63	45301.84
236.70	45302.64
236.77	45316.75
236.84	45345.79
236.91	45368.48
236.98	45399.57
237.05	45429.60
237.12	45433.53
237.19	45434.60
237.27	45445.62
237.34	45453.63
237.41	45454.94
237.48	45457.01
237.55	45455.99
237.62	45450.52
237.69	45458.43
237.76	45468.47
237.83	45495.28
237.91	45520.08
237.98	45539.22
238.05	45557.99
238.12	45560.86
238.19	45571.66
238.26	45585.32
238.33	45587.08
238.40	45585.30
238.47	45590.76
238.54	45586.31
238.62	45588.00
238.69	45585.83
238.76	45574.32
238.83	45566.79
238.90	45577.93
238.97	45582.07
239.04	45599.59
239.11	45619.52
239.18	45644.62
239.25	45656.65
239.33	45649.84
239.40	45646.19
239.47	45635.63
239.54	45622.77
239.61	45601.25
239.68	45582.75
239.75	45579.06
239.82	45572.13
239.89	45559.03
239.96	45551.97
240.03	45562.59
240.11	45554.91
240.18	45561.75
240.25	45570.47
240.32	45579.48
240.39	45594.76
240.46	45617.70
240.53	45651.14
240.60	45693.50
240.67	45734.13
240.74	45764.75
240.81	45777.92
240.88	45788.85
240.96	45801.23
241.03	45808.81
241.10	45829.00
241.17	45846.40
241.24	45852.40
241.31	45860.45
241.38	45860.67
241.45	45839.70
241.52	45835.99
241.59	45839.47
241.66	45837.69
241.73	45854.69
241.80	45866.81
241.88	45877.80
241.95	45883.72
242.02	45891.18
242.09	45879.13
242.16	45888.80
242.23	45891.63
242.30	45908.42
242.37	45908.91
242.44	45938.77
242.51	45939.25
242.58	45951.97
242.65	45947.13
242.72	45957.34
242.79	45955.47
242.87	45990.22
242.94	46004.14
243.01	46031.67
243.08	46063.84
243.15	46089.64
243.22	46095.51
243.29	46130.94
243.36	46153.47
243.43	46184.40
243.50	46229.49
243.57	46267.48
243.64	46289.75
243.71	46333.57
243.78	46363.26
243.85	46367.20
243.92	46383.47
243.99	46402.16
244.07	46408.69
244.14	46410.49
244.21	46426.30
244.28	46441.47
244.35	46462.70
244.42	46476.15
244.49	46496.30
244.56	46514.64
244.63	46531.27
244.70	46519.49
244.77	46518.46
244.84	46527.55
244.91	46541.28
244.98	46570.00
245.05	46618.48
245.12	46670.74
245.19	46717.83
245.26	46758.61
245.33	46786.02
245.40	46818.96
245.47	46851.76
245.55	46873.15
245.62	46911.76
245.69	46944.01
245.76	46993.10
245.83	47043.72
245.90	47107.39
245.97	47167.15
246.04	47244.35
246.11	47299.31
246.18	47335.19
246.25	47342.59
246.32	47331.22
246.39	47318.00
246.46	47327.94
246.53	47360.21
246.60	47422.02
246.67	47503.14
246.74	47569.91
246.81	47628.92
246.88	47672.96
246.95	47694.75
247.02	47713.73
247.09	47745.94
247.16	47758.19
247.23	47774.11
247.30	47800.06
247.37	47812.74
247.44	47834.72
247.51	47859.82
247.58	47892.41
247.66	47933.57
247.73	48006.18
247.80	48061.90
247.87	48124.42
247.94	48188.91
248.01	48266.70
248.08	48331.82
248.15	48392.96
248.22	48447.86
248.29	48516.38
248.36	48547.40
248.43	48590.08
248.50	48633.05
248.57	48685.65
248.64	48733.32
248.71	48811.50
248.78	48876.75
248.85	48946.72
248.92	49003.55
248.99	49042.29
249.06	49061.44
249.13	49064.51
249.20	49080.10
249.27	49107.42
249.34	49133.01
249.41	49168.33
249.48	49200.69
249.55	49207.15
249.62	49212.06
249.69	49214.39
249.76	49219.22
249.83	49252.07
249.90	49309.10
249.97	49374.64
250.04	49472.93
250.11	49573.47
250.18	49662.78
250.25	49741.97
250.32	49797.87
250.39	49839.87
250.46	49883.18
250.53	49925.94
250.60	49987.99
250.67	50068.41
250.74	50138.89
250.81	50183.69
250.88	50229.69
250.95	50262.92
251.02	50281.98
251.09	50288.67
251.16	50319.68
251.23	50326.53
251.30	50321.25
251.37	50340.33
251.44	50376.40
251.51	50419.49
251.58	50500.51
251.65	50584.64
251.72	50661.82
251.79	50741.23
251.86	50801.55
251.93	50831.07
252.00	50859.05
252.07	50880.44
252.14	50898.68
252.21	50924.49
252.28	50944.08
252.35	50979.05
252.42	51025.49
252.49	51073.70
252.56	51119.97
252.63	51184.33
252.70	51245.29
252.77	51308.54
252.84	51368.34
252.91	51423.59
252.98	51469.23
253.05	51502.30
253.12	51514.46
253.19	51527.68
253.25	51545.81
253.32	51577.89
253.39	51615.58
253.46	51646.67
253.53	51675.23
253.60	51683.92
253.67	51689.79
253.74	51691.86
253.81	51720.39
253.88	51749.01
253.95	51799.58
254.02	51846.86
254.09	51896.90
254.16	51936.06
254.23	51976.41
254.30	52003.54
254.37	52044.92
254.44	52088.66
254.51	52115.12
254.58	52135.48
254.65	52177.10
254.72	52195.54
254.79	52206.54
254.86	52234.38
254.93	52259.88
255.00	52270.06
255.07	52296.78
255.14	52339.77
255.21	52367.24
255.28	52360.56
255.34	52333.13
255.41	52288.44
255.48	52230.33
255.55	52175.00
255.62	52171.21
255.69	52190.60
255.76	52217.65
255.83	52256.56
255.90	52315.98
255.97	52374.21
256.04	52430.79
256.11	52503.26
256.18	52577.15
256.25	52656.43
256.32	52716.05
256.39	52781.23
256.46	52831.68
256.53	52892.19
256.60	52942.65
256.67	52984.34
256.74	53004.16
256.80	53013.73
256.87	52986.51
256.94	52938.19
257.01	52921.28
257.08	52932.40
257.15	52960.67
257.22	52982.58
257.29	52974.31
257.36	52914.16
257.43	52814.41
257.50	52707.50
257.57	52626.26
257.64	52594.52
257.71	52616.93
257.78	52692.00
257.85	52781.05
257.92	52888.85
257.98	52989.78
258.05	53058.20
258.12	53057.76
258.19	53014.65
258.26	52922.53
258.33	52812.28
258.40	52723.49
258.47	52678.37
258.54	52679.34
258.61	52719.39
258.68	52790.63
258.75	52865.84
258.82	52951.39
258.89	53008.77
258.95	53040.02
259.02	53048.83
259.09	53026.83
259.16	52988.27
259.23	52948.99
259.30	52910.57
259.37	52881.81
259.44	52865.43
259.51	52856.13
259.58	52860.29
259.65	52860.64
259.72	52854.16
259.79	52828.45
259.85	52791.49
259.92	52745.85
259.99	52729.88
260.06	52742.33
260.13	52756.18
260.20	52767.14
260.27	52764.73
260.34	52736.84
260.41	52690.63
260.48	52672.52
260.55	52674.46
260.62	52660.88
260.68	52622.75
260.75	52580.46
260.82	52540.73
260.89	52503.34
260.96	52500.58
261.03	52523.58
261.10	52533.50
261.17	52501.68
261.24	52417.71
261.31	52306.72
261.38	52196.28
261.44	52085.87
261.51	52013.09
261.58	51992.82
261.65	52022.86
261.72	52063.52
261.79	52110.51
261.86	52127.93
261.93	52118.69
262.00	52060.72
262.07	51985.32
262.13	51913.89
262.20	51861.98
262.27	51829.78
262.34	51836.65
262.41	51866.00
262.48	51906.37
262.55	51962.62
262.62	51999.93
262.69	52005.17
262.76	51994.04
262.82	51963.84
262.89	51934.70
262.96	51916.05
263.03	51910.90
263.10	51906.25
263.17	51892.85
263.24	51857.09
263.31	51839.92
263.38	51855.89
263.44	51891.68
263.51	51931.52
263.58	51963.84
263.65	51926.18
263.72	51807.94
263.79	51642.90
263.86	51499.33
263.93	51399.65
264.00	51361.11
264.06	51384.33
264.13	51426.26
264.20	51429.30
264.27	51369.20
264.34	51262.20
264.41	51142.63
264.48	51022.96
264.55	50905.26
264.61	50787.53
264.68	50683.70
264.75	50585.00
264.82	50502.29
264.89	50452.61
264.96	50453.84
265.03	50483.88
265.10	50528.46
265.16	50565.27
265.23	50561.49
265.30	50525.23
265.37	50455.05
265.44	50377.09
265.51	50332.34
265.58	50331.55
265.65	50369.95
265.71	50456.91
265.78	50530.91
265.85	50532.75
265.92	50481.45
265.99	50358.51
266.06	50192.50
266.13	50021.26
266.20	49886.60
266.26	49800.45
266.33	49749.46
266.40	49717.68
266.47	49674.20
266.54	49641.27
266.61	49628.66
266.68	49639.64
266.74	49644.06
266.81	49616.58
266.88	49534.03
266.95	49377.13
267.02	49216.84
267.09	49104.05
267.16	49058.63
267.22	49087.63
267.29	49182.46
267.36	49290.54
267.43	49363.82
267.50	49408.33
267.57	49401.84
267.64	49335.66
267.70	49216.18
267.77	49101.64
267.84	49005.91
267.91	48957.51
267.98	48971.69
268.05	49036.05
268.11	49096.03
268.18	49108.32
268.25	49057.19
268.32	48918.40
268.39	48703.46
268.46	48433.82
268.53	48161.77
268.59	47910.01
268.66	47726.06
268.73	47636.44
268.80	47643.33
268.87	47738.71
268.94	47891.78
269.00	48069.72
269.07	48224.51
269.14	48331.38
269.21	48347.19
269.28	48289.23
269.35	48183.66
269.41	48080.53
269.48	48002.67
269.55	47990.58
269.62	48035.40
269.69	48106.49
269.76	48132.71
269.82	48124.23
269.89	48081.71
269.96	48003.97
270.03	47881.30
270.10	47739.43
270.17	47593.27
270.23	47458.72
270.30	47352.03
270.37	47321.93
270.44	47363.00
270.51	47418.43
270.58	47465.81
270.64	47489.92
270.71	47491.06
270.78	47487.67
270.85	47494.61
270.92	47519.22
270.99	47539.86
271.05	47512.80
271.12	47424.31
271.19	47306.11
271.26	47150.70
271.33	47020.36
271.39	46930.16
271.46	46852.97
271.53	46797.34
271.60	46754.73
271.67	46706.96
271.74	46635.64
271.80	46580.34
271.87	46519.14
271.94	46469.89
272.01	46402.25
272.08	46365.55
272.14	46328.22
272.21	46292.49
272.28	46256.82
272.35	46235.27
272.42	46200.18
272.48	46195.16
272.55	46199.39
272.62	46202.96
272.69	46187.31
272.76	46175.49
272.83	46136.93
272.89	46107.71
272.96	46080.61
273.03	46074.05
273.10	46064.32
273.17	46068.42
273.23	46026.88
273.30	45943.69
273.37	45798.01
273.44	45612.96
273.51	45417.87
273.57	45270.80
273.64	45191.08
273.71	45195.62
273.78	45245.18
273.85	45324.86
273.91	45411.44
273.98	45523.72
274.05	45660.51
274.12	45843.32
274.19	46034.21
274.25	46199.93
274.32	46297.16
274.39	46321.52
274.46	46246.59
274.53	46089.53
274.59	45896.05
274.66	45691.87
274.73	45500.12
274.80	45329.84
274.86	45211.06
274.93	45150.74
275.00	45120.20
275.07	45090.47
275.14	45076.82
275.20	45054.16
275.27	45021.73
275.34	44991.13
275.41	44982.77
275.48	44983.32
275.54	45019.00
275.61	45060.83
275.68	45110.58
275.75	45135.36
275.81	45144.74
275.88	45152.61
275.95	45162.09
276.02	45173.89
276.09	45207.21
276.15	45254.33
276.22	45256.89
276.29	45217.25
276.36	45095.65
276.42	44921.54
276.49	44713.83
276.56	44515.77
276.63	44357.44
276.70	44274.88
276.76	44275.17
276.83	44336.60
276.90	44435.25
276.97	44522.73
277.03	44585.25
277.10	44560.63
277.17	44467.76
277.24	44341.44
277.30	44248.80
277.37	44208.10
277.44	44243.21
277.51	44344.13
277.58	44447.77
277.64	44515.17
277.71	44497.68
277.78	44394.18
277.85	44216.15
277.91	44003.93
277.98	43778.68
278.05	43591.81
278.12	43475.02
278.18	43429.43
278.25	43457.15
278.32	43551.48
278.39	43708.28
278.45	43892.72
278.52	44093.72
278.59	44292.23
278.66	44448.45
278.72	44526.07
278.79	44490.11
278.86	44328.12
278.93	44052.73
278.99	43715.46
279.06	43395.84
279.13	43197.01
279.20	43155.92
279.26	43269.08
279.33	43477.43
279.40	43740.88
279.47	43990.34
279.53	44160.21
279.60	44165.39
279.67	43996.31
279.74	43656.66
279.80	43223.95
279.87	42802.43
279.94	42491.81
280.01	42367.37
280.07	42402.49
280.14	42514.80
280.21	42645.65
280.28	42778.80
280.34	42881.68
280.41	42966.79
280.48	43049.46
280.55	43130.19
280.61	43198.16
280.68	43241.05
280.75	43285.17
280.82	43338.89
280.88	43394.43
280.95	43418.72
281.02	43429.75
281.08	43363.64
281.15	43232.46
281.22	43074.26
281.29	42907.16
281.35	42693.34
281.42	42481.44
281.49	42262.27
281.56	42030.54
281.62	41834.08
281.69	41695.28
281.76	41602.87
281.82	41549.11
281.89	41535.05
281.96	41542.07
282.03	41583.63
282.09	41654.78
282.16	41767.79
282.23	41892.35
282.30	42046.54
282.36	42216.77
282.43	42394.60
282.50	42565.21
282.56	42688.77
282.63	42776.59
282.70	42825.11
282.77	42880.94
282.83	42932.59
282.90	42996.76
282.97	43010.10
283.03	42924.00
283.10	42679.60
283.17	42314.02
283.24	41886.64
283.30	41472.82
283.37	41165.62
283.44	41006.88
283.50	40979.17
283.57	41039.21
283.64	41138.09
283.71	41248.17
283.77	41364.28
283.84	41470.26
283.91	41578.56
283.97	41696.51
284.04	41833.13
284.11	41951.42
284.18	42066.71
284.24	42149.31
284.31	42173.87
284.38	42134.09
284.44	42066.72
284.51	42005.11
284.58	41970.21
284.64	41950.28
284.71	41916.30
284.78	41853.67
284.85	41735.14
284.91	41582.04
284.98	41433.31
285.05	41268.89
285.11	41084.34
285.18	40858.59
285.25	40614.26
285.31	40374.67
285.38	40201.96
285.45	40144.95
285.52	40227.27
285.58	40395.87
285.65	40594.97
285.72	40817.55
285.78	41012.98
285.85	41163.29
285.92	41299.26
285.98	41455.81
286.05	41610.42
286.12	41775.21
286.18	41938.51
286.25	42088.64
286.32	42200.18
286.39	42278.50
286.45	42281.45
286.52	42198.81
286.59	41984.32
286.65	41657.95
286.72	41243.03
286.79	40831.02
286.85	40476.83
286.92	40239.64
286.99	40118.72
287.05	40085.77
287.12	40125.61
287.19	40236.34
287.25	40383.45
287.32	40537.36
287.39	40706.17
287.45	40846.21
287.52	40945.59
287.59	41027.76
287.65	41136.28
287.72	41232.44
287.79	41341.11
287.86	41455.28
287.92	41564.45
287.99	41647.72
288.06	41732.59
288.12	41803.96
288.19	41876.46
288.26	41942.18
288.32	41991.28
288.39	42010.17
288.46	41992.03
288.52	41904.85
288.59	41730.66
288.66	41454.41
288.72	41111.01
288.79	40749.28
288.86	40406.66
288.92	40153.77
288.99	40050.20
289.06	40088.58
289.12	40235.23
289.19	40471.79
289.26	40762.14
289.32	41068.38
289.39	41379.81
289.45	41665.65
289.52	41913.40
289.59	42082.84
289.65	42158.31
289.72	42155.84
289.79	42115.78
289.85	42044.15
289.92	41957.96
289.99	41861.37
290.05	41715.25
290.12	41538.84
290.19	41370.56
290.25	41240.05
290.32	41181.93
290.39	41204.44
290.45	41248.04
290.52	41257.86
290.59	41187.53
290.65	41011.96
290.72	40767.66
290.79	40540.55
290.85	40421.38
290.92	40447.79
290.98	40616.23
291.05	40893.86
291.12	41207.90
291.18	41503.29
291.25	41774.27
291.32	42011.09
291.38	42215.38
291.45	42435.79
291.52	42622.21
291.58	42746.75
291.65	42816.80
291.72	42810.44
291.78	42695.75
291.85	42486.70
291.91	42255.25
291.98	42058.61
292.05	41881.25
292.11	41704.70
292.18	41533.17
292.25	41331.60
292.31	41093.58
292.38	40882.44
292.45	40722.06
292.51	40655.42
292.58	40669.16
292.64	40753.55
292.71	40893.02
292.78	41090.51
292.84	41310.58
292.91	41564.06
292.98	41823.82
293.04	42077.69
293.11	42327.21
293.17	42580.58
293.24	42830.43
293.31	43050.38
293.37	43251.44
293.44	43394.83
293.51	43477.42
293.57	43471.09
293.64	43402.50
293.70	43227.97
293.77	42928.06
293.84	42514.69
293.90	42059.36
293.97	41614.01
294.04	41259.42
294.10	41070.51
294.17	41036.22
294.23	41093.55
294.30	41163.84
294.37	41212.09
294.43	41199.51
294.50	41138.77
294.56	41088.46
294.63	41096.74
294.70	41215.20
294.76	41447.72
294.83	41777.10
294.90	42164.47
294.96	42561.17
295.03	42905.17
295.09	43220.54
295.16	43499.07
295.23	43736.90
295.29	43946.81
295.36	44138.19
295.42	44276.09
295.49	44354.61
295.56	44388.23
295.62	44357.35
295.69	44215.23
295.75	43984.93
295.82	43659.38
295.89	43217.52
295.95	42710.74
296.02	42228.34
296.08	41772.64
296.15	41382.15
296.22	41102.61
296.28	40952.55
296.35	40934.08
296.41	41068.41
296.48	41347.53
296.55	41735.81
296.61	42180.19
296.68	42632.99
296.74	43050.79
296.81	43408.80
296.88	43694.69
296.94	43916.41
297.01	44110.07
297.07	44286.32
297.14	44484.73
297.20	44702.57
297.27	44944.19
297.34	45185.79
297.40	45398.85
297.47	45531.49
297.53	45592.81
297.60	45576.47
297.67	45441.89
297.73	45205.13
297.80	44832.60
297.86	44310.47
297.93	43665.56
298.00	43003.98
298.06	42392.51
298.13	41951.68
298.19	41716.66
298.26	41681.93
298.32	41771.10
298.39	41937.87
298.46	42129.80
298.52	42358.85
298.59	42626.21
298.65	42945.94
298.72	43319.74
298.78	43716.73
298.85	44109.84
298.92	44477.23
298.98	44806.52
299.05	45094.42
299.11	45355.93
299.18	45580.44
299.24	45781.09
299.31	45941.76
299.38	46078.48
299.44	46171.15
299.51	46243.72
299.57	46269.21
299.64	46280.44
299.70	46238.11
299.77	46135.30
299.84	45886.80
299.90	45441.51
299.97	44730.90
300.03	43822.38
300.10	42884.10
300.16	42117.69
300.23	41652.06
300.30	41559.58
300.36	41790.42
300.43	42213.49
300.49	42700.86
300.56	43193.52
300.62	43665.20
300.69	44115.48
300.75	44535.87
300.82	44918.75
300.89	45242.93
300.95	45529.36
301.02	45767.08
301.08	45971.76
301.15	46166.12
301.21	46360.63
301.28	46543.64
301.34	46713.60
301.41	46848.67
301.48	46952.50
301.54	47013.90
301.61	47036.37
301.67	46995.28
301.74	46898.45
301.80	46678.35
301.87	46327.89
301.93	45826.81
302.00	45220.98
302.06	44540.86
302.13	43887.22
302.20	43348.24
302.26	42990.71
302.33	42835.05
302.39	42857.27
302.46	43032.86
302.52	43299.37
302.59	43641.31
302.65	44017.71
302.72	44413.48
302.78	44797.01
302.85	45169.36
302.91	45482.28
302.98	45756.54
303.05	46004.58
303.11	46234.10
303.18	46437.35
303.24	46618.52
303.31	46762.02
303.37	46883.82
303.44	46983.23
303.50	47041.06
303.57	47066.06
303.63	47078.49
303.70	47052.46
303.76	46986.07
303.83	46903.77
303.89	46780.66
303.96	46590.73
304.03	46319.36
304.09	45912.56
304.16	45324.14
304.22	44638.77
304.29	43989.73
304.35	43479.04
304.42	43200.29
304.48	43186.70
304.55	43383.16
304.61	43685.44
304.68	44024.62
304.74	44358.99
304.81	44688.70
304.87	45006.37
304.94	45291.36
305.00	45543.52
305.07	45749.75
305.13	45921.59
305.20	46072.35
305.26	46210.37
305.33	46329.21
305.39	46435.60
305.46	46519.06
305.52	46592.26
305.59	46635.54
305.66	46646.11
305.72	46634.77
305.79	46603.74
305.85	46516.85
305.92	46376.50
305.98	46149.66
306.05	45843.50
306.11	45474.39
306.18	45071.01
306.24	44663.39
306.31	44269.48
306.37	43878.06
306.44	43510.79
306.50	43176.67
306.57	42940.19
306.63	42868.58
306.70	42960.13
306.76	43183.50
306.83	43518.36
306.89	43862.95
306.96	44174.69
307.02	44432.19
307.09	44659.50
307.15	44830.05
307.22	44983.26
307.28	45092.68
307.35	45188.17
307.41	45260.98
307.48	45325.47
307.54	45371.80
307.61	45397.08
307.67	45387.20
307.74	45361.51
307.80	45328.09
307.87	45272.97
307.93	45227.61
308.00	45199.08
308.06	45150.57
308.13	45054.94
308.19	44918.83
308.26	44768.62
308.32	44597.88
308.38	44391.63
308.45	44175.86
308.51	43924.47
308.58	43596.21
308.64	43239.49
308.71	42925.50
308.77	42698.31
308.84	42601.78
308.90	42652.50
308.97	42800.96
309.03	43006.70
309.10	43205.56
309.16	43381.65
309.23	43533.85
309.29	43655.33
309.36	43740.35
309.42	43817.25
309.49	43884.56
309.55	43931.37
309.62	43952.04
309.68	43955.26
309.75	43914.53
309.81	43867.37
309.88	43805.07
309.94	43751.78
310.00	43676.82
310.07	43618.38
310.13	43547.99
310.20	43464.56
310.26	43369.70
310.33	43278.61
310.39	43192.96
310.46	43091.67
310.52	42960.62
310.59	42793.88
310.65	42598.75
310.72	42356.25
310.78	42123.79
310.85	41961.33
310.91	41875.79
310.97	41861.49
311.04	41913.43
311.10	41986.41
311.17	42051.11
311.23	42085.44
311.30	42112.68
311.36	42153.71
311.43	42206.62
311.49	42253.72
311.56	42314.12
311.62	42369.65
311.69	42413.30
311.75	42441.37
311.81	42432.55
311.88	42404.42
311.94	42359.04
312.01	42306.79
312.07	42238.15
312.14	42187.71
312.20	42141.97
312.27	42096.89
312.33	42034.66
312.40	41980.24
312.46	41915.97
312.52	41845.00
312.59	41762.33
312.65	41676.81
312.72	41572.83
312.78	41477.98
312.85	41360.55
312.91	41239.06
312.98	41096.34
313.04	40958.66
313.10	40806.37
313.17	40682.61
313.23	40589.11
313.30	40538.28
313.36	40505.41
313.43	40530.18
313.49	40568.43
313.56	40609.35
313.62	40643.75
313.68	40679.28
313.75	40683.80
313.81	40676.86
313.88	40658.92
313.94	40636.47
314.01	40620.58
314.07	40609.54
314.13	40602.01
314.20	40591.16
314.26	40578.82
314.33	40552.63
314.39	40516.28
314.46	40453.35
314.52	40385.18
314.58	40300.44
314.65	40207.05
314.71	40113.25
314.78	40033.54
314.84	39964.47
314.91	39906.82
314.97	39847.95
315.03	39787.52
315.10	39744.34
315.16	39661.56
315.23	39580.52
315.29	39510.66
315.36	39446.50
315.42	39372.63
315.48	39332.63
315.55	39287.03
315.61	39243.41
315.68	39186.52
315.74	39122.95
315.81	39059.74
315.87	39018.65
315.93	38990.82
316.00	38998.73
316.06	39020.29
316.13	39050.25
316.19	39051.51
316.25	39002.66
316.32	38899.29
316.38	38757.47
316.45	38564.16
316.51	38344.68
316.58	38110.50
316.64	37856.00
316.70	37597.12
316.77	37338.41
316.83	37075.82
316.90	36809.99
316.96	36563.40
317.02	36318.64
317.09	36075.02
317.15	35821.38
317.22	35568.88
317.28	35304.87
317.34	35040.04
317.41	34782.11
317.47	34532.28
317.54	34297.09
317.60	34058.30
317.66	33810.45
317.73	33545.09
317.79	33278.20
317.86	32997.66
317.92	32729.69
317.98	32448.03
318.05	32164.02
318.11	31888.29
318.18	31617.29
318.24	31331.42
318.30	31055.01
318.37	30788.48
318.43	30514.86
318.50	30243.74
318.56	29980.61
318.62	29720.74
318.69	29462.66
318.75	29206.54
318.82	28940.56
318.88	28669.65
318.94	28396.48
319.01	28124.05
319.07	27859.32
319.13	27587.21
319.20	27306.83
319.26	27030.75
319.33	26740.76
319.39	26432.11
319.45	26143.06
319.52	25858.04
319.58	25565.69
319.65	25275.91
319.71	24990.82
319.77	24695.79
319.84	24404.33
319.90	24118.50
319.96	23844.27
320.03	23570.37
320.09	23295.85
320.16	23012.39
320.22	22727.85
320.28	22431.17
320.35	22142.67
320.41	21862.52
320.47	21588.93
320.54	21312.50
320.60	21038.93
320.67	20766.41
320.73	20486.88
320.79	20200.29
320.86	19914.53
320.92	19630.47
320.98	19331.06
321.05	19028.35
321.11	18728.94
321.18	18438.54
321.24	18147.87
321.30	17870.00
321.37	17599.16
321.43	17329.64
321.49	17053.82
321.56	16785.45
321.62	16517.02
321.68	16240.93
321.75	15963.91
321.81	15683.63
321.88	15398.53
321.94	15109.67
322.00	14817.87
322.07	14531.25
322.13	14244.70
322.19	13955.56
322.26	13661.67
322.32	13386.82
322.38	13110.93
322.45	12839.65
322.51	12569.04
322.58	12310.25
322.64	12034.09
322.70	11760.16
322.77	11486.01
322.83	11219.74
322.89	10937.62
322.96	10666.82
323.02	10400.62
323.08	10124.17
323.15	9853.08
323.21	9596.99
323.27	9341.23
323.34	9085.55
323.40	8838.11
323.46	8583.76
323.53	8220.38
323.59	7094.66
323.65	5485.67
323.72	3801.57
323.78	2172.76
323.85	701.38
323.91	43.13
323.97	-82.10
324.04	-82.05
