180.21	3367.85
180.28	-115.58
180.36	625.77
180.44	-41.78
180.51	-12.38
180.59	9.71
180.66	36.34
180.74	32.70
180.81	30.24
180.89	32.12
180.97	32.68
181.04	30.05
181.12	28.91
181.19	30.01
181.27	30.40
181.34	48.48
181.42	56.00
181.50	63.51
181.57	75.64
181.65	81.76
181.72	75.20
181.80	70.69
181.87	70.85
181.95	70.87
182.03	69.01
182.10	71.42
182.18	72.32
182.25	78.27
182.33	77.45
182.40	84.19
182.48	79.41
182.55	90.37
182.63	94.41
182.71	97.42
182.78	99.12
182.86	105.93
182.93	103.64
183.01	105.09
183.08	104.30
183.16	109.33
183.23	104.45
183.31	110.27
183.39	109.37
183.46	119.25
183.54	113.60
183.61	121.05
183.69	123.00
183.76	133.11
183.84	132.51
183.91	135.05
183.99	145.06
184.06	147.02
184.14	149.76
184.22	154.33
184.29	156.95
184.37	153.52
184.44	147.75
184.52	135.91
184.59	132.80
184.67	136.56
184.74	130.42
184.82	141.53
184.89	153.87
184.97	161.15
185.04	167.77
185.12	177.16
185.20	184.38
185.27	191.68
185.35	200.33
185.42	198.85
185.50	209.93
185.57	209.14
185.65	213.10
185.72	212.16
185.80	221.03
185.87	217.20
185.95	215.34
186.02	215.21
186.10	213.62
186.17	212.68
186.25	213.28
186.33	207.16
186.40	201.17
186.48	202.56
186.55	205.60
186.63	208.87
186.70	233.45
186.78	247.52
186.85	262.29
186.93	270.23
187.00	282.34
187.08	276.12
187.15	282.23
187.23	283.42
187.30	287.90
187.38	296.41
187.45	310.48
187.53	320.88
187.60	327.12
187.68	337.21
187.75	345.98
187.83	353.95
187.90	352.51
187.98	354.22
188.05	356.73
188.13	343.47
188.21	325.41
188.28	324.60
188.36	320.01
188.43	317.92
188.51	329.36
188.58	350.21
188.66	350.64
188.73	360.52
188.81	377.05
188.88	384.72
188.96	394.11
189.03	418.27
189.11	439.41
189.18	451.74
189.26	467.80
189.33	490.83
189.41	513.88
189.48	533.14
189.56	550.32
189.63	568.35
189.71	565.43
189.78	542.90
189.86	517.12
189.93	496.28
190.01	467.81
190.08	449.48
190.16	440.50
190.23	428.46
190.31	423.53
190.38	420.55
190.46	426.56
190.53	446.44
190.61	484.69
190.68	507.22
190.76	549.29
190.83	581.26
190.91	603.04
190.98	612.01
191.06	632.51
191.13	640.85
191.21	644.91
191.28	639.44
191.35	633.79
191.43	618.38
191.50	598.84
191.58	590.31
191.65	596.00
191.73	602.23
191.80	613.87
191.88	620.53
191.95	622.59
192.03	626.07
192.10	637.44
192.18	653.05
192.25	676.35
192.33	693.66
192.40	699.50
192.48	698.14
192.55	689.01
192.63	671.82
192.70	664.39
192.78	662.13
192.85	669.72
192.93	674.66
193.00	667.99
193.08	648.61
193.15	628.23
193.22	611.52
193.30	607.19
193.37	639.90
193.45	677.64
193.52	729.68
193.60	783.97
193.67	828.65
193.75	858.69
193.82	888.60
193.90	901.51
193.97	900.36
194.05	891.51
194.12	868.34
194.20	843.35
194.27	812.07
194.34	768.60
194.42	726.98
194.49	703.14
194.57	685.45
194.64	670.04
194.72	664.69
194.79	673.00
194.87	687.45
194.94	723.47
195.02	780.64
195.09	849.57
195.17	922.73
195.24	987.10
195.31	1034.58
195.39	1065.54
195.46	1083.75
195.54	1095.94
195.61	1096.13
195.69	1079.84
195.76	1049.14
195.84	1001.30
195.91	913.92
195.99	816.06
196.06	727.01
196.13	669.12
196.21	644.92
196.28	671.23
196.36	735.41
196.43	816.10
196.51	901.19
196.58	986.17
196.66	1060.27
196.73	1116.98
196.80	1154.99
196.88	1176.72
196.95	1191.16
197.03	1191.51
197.10	1172.90
197.18	1140.37
197.25	1080.46
197.33	992.79
197.40	898.41
197.47	801.60
197.55	729.59
197.62	687.16
197.70	680.67
197.77	706.03
197.85	768.05
197.92	841.36
197.99	932.84
198.07	1032.67
198.14	1127.60
198.22	1221.51
198.29	1296.66
198.37	1353.18
198.44	1392.11
198.51	1411.12
198.59	1398.88
198.66	1373.58
198.74	1317.42
198.81	1218.21
198.89	1090.97
198.96	972.45
199.03	858.63
199.11	778.09
199.18	747.04
199.26	770.07
199.33	826.01
199.41	916.07
199.48	1017.11
199.55	1129.29
199.63	1228.68
199.70	1322.12
199.78	1402.36
199.85	1476.87
199.93	1537.09
200.00	1596.50
200.07	1624.08
200.15	1627.11
200.22	1590.96
200.30	1505.04
200.37	1366.60
200.44	1187.33
200.52	1015.33
200.59	891.60
200.67	821.40
200.74	813.93
200.81	877.82
200.89	966.85
200.96	1067.29
201.04	1167.46
201.11	1286.02
201.19	1407.03
201.26	1521.05
201.33	1613.31
201.41	1698.54
201.48	1750.09
201.56	1771.55
201.63	1774.04
201.70	1731.26
201.78	1644.09
201.85	1513.31
201.93	1357.51
202.00	1203.75
202.07	1083.30
202.15	988.80
202.22	946.81
202.30	968.00
202.37	1022.59
202.44	1114.14
202.52	1251.56
202.59	1407.45
202.67	1551.20
202.74	1691.15
202.81	1815.08
202.89	1927.32
202.96	2040.81
203.04	2148.81
203.11	2225.09
203.18	2274.60
203.26	2275.71
203.33	2212.10
203.41	2080.74
203.48	1890.32
203.55	1633.76
203.63	1388.46
203.70	1201.74
203.77	1101.21
203.85	1100.90
203.92	1205.94
204.00	1377.37
204.07	1558.93
204.14	1744.40
204.22	1926.09
204.29	2109.61
204.37	2271.29
204.44	2415.70
204.51	2532.74
204.59	2610.60
204.66	2637.73
204.73	2626.26
204.81	2567.27
204.88	2456.11
204.96	2282.50
205.03	2047.33
205.10	1788.19
205.18	1566.22
205.25	1387.21
205.32	1294.41
205.40	1307.59
205.47	1404.26
205.55	1544.69
205.62	1738.16
205.69	1972.91
205.77	2224.16
205.84	2462.92
205.91	2687.46
205.99	2883.35
206.06	3047.98
206.14	3196.06
206.21	3340.62
206.28	3451.04
206.36	3535.54
206.43	3549.44
206.50	3479.50
206.58	3301.00
206.65	3019.46
206.72	2633.19
206.80	2236.19
206.87	1899.68
206.95	1685.88
207.02	1633.87
207.09	1753.01
207.17	1990.51
207.24	2282.34
207.31	2590.98
207.39	2896.63
207.46	3200.08
207.53	3482.34
207.61	3757.86
207.68	4009.89
207.75	4245.56
207.83	4437.58
207.90	4574.72
207.98	4626.24
208.05	4595.30
208.12	4453.30
208.20	4201.91
208.27	3841.27
208.34	3391.54
208.42	2922.96
208.49	2541.42
208.56	2281.54
208.64	2200.64
208.71	2292.11
208.78	2502.05
208.86	2779.20
208.93	3102.98
209.00	3446.01
209.08	3815.72
209.15	4199.50
209.22	4569.25
209.30	4916.26
209.37	5229.83
209.44	5504.75
209.52	5731.51
209.59	5890.35
209.67	5978.63
209.74	5963.46
209.81	5828.04
209.89	5545.36
209.96	5104.20
210.03	4544.26
210.11	3999.96
210.18	3521.94
210.25	3182.30
210.33	3064.12
210.40	3170.36
210.47	3419.93
210.55	3789.75
210.62	4230.41
210.69	4689.95
210.77	5150.92
210.84	5589.45
210.91	6010.32
210.99	6398.06
211.06	6771.83
211.13	7126.96
211.21	7454.06
211.28	7708.32
211.35	7889.67
211.42	7934.22
211.50	7800.57
211.57	7480.16
211.64	6974.92
211.72	6302.70
211.79	5581.09
211.86	4982.36
211.94	4633.25
212.01	4554.46
212.08	4766.02
212.16	5171.04
212.23	5645.46
212.30	6087.03
212.38	6500.57
212.45	6881.59
212.52	7238.09
212.60	7584.85
212.67	7948.26
212.74	8330.40
212.82	8729.01
212.89	9131.70
212.96	9475.64
213.03	9708.01
213.11	9795.76
213.18	9695.06
213.25	9403.10
213.33	8910.44
213.40	8257.51
213.47	7615.70
213.55	7080.95
213.62	6717.84
213.69	6622.04
213.77	6810.68
213.84	7157.32
213.91	7608.04
213.98	8099.34
214.06	8563.72
214.13	8969.72
214.20	9321.36
214.28	9677.34
214.35	10072.80
214.42	10518.87
214.50	11017.85
214.57	11526.62
214.64	11981.86
214.72	12340.74
214.79	12581.36
214.86	12654.26
214.93	12552.06
215.01	12251.36
215.08	11730.71
215.15	11002.98
215.23	10186.74
215.30	9505.10
215.37	9101.09
215.44	9087.68
215.52	9447.66
215.59	10090.95
215.66	10811.18
215.74	11492.72
215.81	12066.49
215.88	12598.16
215.95	13111.11
216.03	13623.35
216.10	14116.48
216.17	14578.48
216.25	14962.52
216.32	15260.42
216.39	15457.22
216.46	15589.63
216.54	15652.96
216.61	15640.53
216.68	15487.74
216.76	15189.88
216.83	14674.26
216.90	13958.97
216.97	13201.14
217.05	12621.22
217.12	12311.90
217.19	12371.58
217.27	12817.32
217.34	13526.05
217.41	14334.66
217.48	15159.56
217.56	15941.14
217.63	16646.25
217.70	17233.25
217.78	17713.32
217.85	18093.36
217.92	18398.93
217.99	18660.06
218.07	18875.40
218.14	19080.02
218.21	19306.58
218.28	19527.00
218.36	19696.72
218.43	19788.53
218.50	19719.00
218.57	19404.38
218.65	18818.28
218.72	17996.77
218.79	17130.95
218.87	16439.72
218.94	16084.47
219.01	16167.88
219.08	16692.50
219.16	17495.05
219.23	18394.34
219.30	19243.64
219.37	19984.93
219.45	20623.02
219.52	21196.42
219.59	21705.11
219.66	22185.55
219.74	22636.64
219.81	23063.23
219.88	23439.38
219.95	23794.77
220.03	24122.22
220.10	24394.80
220.17	24574.34
220.24	24602.98
220.32	24418.78
220.39	24004.18
220.46	23353.14
220.53	22525.20
220.61	21708.66
220.68	21110.32
220.75	20862.64
220.82	21005.95
220.90	21478.02
220.97	22144.47
221.04	22841.90
221.11	23456.48
221.19	24006.75
221.26	24526.10
221.33	25035.82
221.40	25542.52
221.48	26051.56
221.55	26544.78
221.62	27022.68
221.69	27462.22
221.77	27850.16
221.84	28172.81
221.91	28412.22
221.98	28555.09
222.06	28588.38
222.13	28504.09
222.20	28298.03
222.27	27969.08
222.35	27537.40
222.42	27104.98
222.49	26771.66
222.56	26600.90
222.63	26608.11
222.71	26776.42
222.78	27048.51
222.85	27343.26
222.92	27656.14
223.00	27980.56
223.07	28357.36
223.14	28767.84
223.21	29207.31
223.29	29657.20
223.36	30126.90
223.43	30577.23
223.50	31003.43
223.57	31403.42
223.65	31727.60
223.72	31953.88
223.79	32084.61
223.86	32110.52
223.94	32044.53
224.01	31933.52
224.08	31808.11
224.15	31680.32
224.22	31552.97
224.30	31434.72
224.37	31369.70
224.44	31382.72
224.51	31467.10
224.59	31627.73
224.66	31875.54
224.73	32140.41
224.80	32419.26
224.87	32710.38
224.95	33027.50
225.02	33346.76
225.09	33696.26
225.16	34027.70
225.23	34337.32
225.31	34629.00
225.38	34881.16
225.45	35072.24
225.52	35193.90
225.60	35238.42
225.67	35198.10
225.74	35071.06
225.81	34878.44
225.88	34722.41
225.96	34636.13
226.03	34643.06
226.10	34757.04
226.17	34962.08
226.24	35203.10
226.32	35442.26
226.39	35683.08
226.46	35929.81
226.53	36200.12
226.60	36457.41
226.68	36723.58
226.75	36971.76
226.82	37199.24
226.89	37391.98
226.96	37558.63
227.04	37684.10
227.11	37790.54
227.18	37889.22
227.25	37975.68
227.32	38039.91
227.40	38108.50
227.47	38146.42
227.54	38125.02
227.61	38047.34
227.68	37928.38
227.76	37784.44
227.83	37677.03
227.90	37667.48
227.97	37755.56
228.04	37932.83
228.11	38170.97
228.19	38419.42
228.26	38640.56
228.33	38851.68
228.40	39057.54
228.47	39247.12
228.55	39427.20
228.62	39604.81
228.69	39753.18
228.76	39865.68
228.83	39965.18
228.90	40062.00
228.98	40165.08
229.05	40274.62
229.12	40417.58
229.19	40574.00
229.26	40715.52
229.34	40827.54
229.41	40925.06
229.48	40972.35
229.55	40971.34
229.62	40947.45
229.69	40883.06
229.77	40791.32
229.84	40718.06
229.91	40693.87
229.98	40715.97
230.05	40800.80
230.12	40933.34
230.20	41091.26
230.27	41242.54
230.34	41401.02
230.41	41545.98
230.48	41674.90
230.55	41799.56
230.63	41920.10
230.70	42012.30
230.77	42078.74
230.84	42141.08
230.91	42179.58
230.98	42220.99
231.06	42272.74
231.13	42364.27
231.20	42484.48
231.27	42627.58
231.34	42750.76
231.41	42868.85
231.49	42962.88
231.56	43012.46
231.63	43055.30
231.70	43101.12
231.77	43122.12
231.84	43119.28
231.92	43135.44
231.99	43147.04
232.06	43172.48
232.13	43217.10
232.20	43302.45
232.27	43384.28
232.34	43465.80
232.42	43514.06
232.49	43562.85
232.56	43592.40
232.63	43633.52
232.70	43658.95
232.77	43703.58
232.85	43752.59
232.92	43812.28
232.99	43856.66
233.06	43923.02
233.13	43997.28
233.20	44066.28
233.27	44115.16
233.35	44179.15
233.42	44218.76
233.49	44265.62
233.56	44305.62
233.63	44356.52
233.70	44388.60
233.77	44434.24
233.85	44473.04
233.92	44536.56
233.99	44604.09
234.06	44653.59
234.13	44699.24
234.20	44742.12
234.27	44762.74
234.35	44775.54
234.42	44810.41
234.49	44839.47
234.56	44852.97
234.63	44847.58
234.70	44846.90
234.77	44832.10
234.84	44818.28
234.92	44804.18
234.99	44804.41
235.06	44825.59
235.13	44855.00
235.20	44884.08
235.27	44938.44
235.34	44993.65
235.41	45026.82
235.49	45067.42
235.56	45124.05
235.63	45160.78
235.70	45195.10
235.77	45220.18
235.84	45239.20
235.91	45239.72
235.98	45244.20
236.06	45251.63
236.13	45252.06
236.20	45256.48
236.27	45249.34
236.34	45253.58
236.41	45264.56
236.48	45277.62
236.55	45291.54
236.63	45303.22
236.70	45303.46
236.77	45296.40
236.84	45308.80
236.91	45320.85
236.98	45346.84
237.05	45377.02
237.12	45406.34
237.19	45413.46
237.27	45414.22
237.34	45416.16
237.41	45413.84
237.48	45401.32
237.55	45404.00
237.62	45412.34
237.69	45433.94
237.76	45448.32
237.83	45487.85
237.91	45513.52
237.98	45526.97
238.05	45535.84
238.12	45550.42
238.19	45543.22
238.26	45562.35
238.33	45584.85
238.40	45591.06
238.47	45587.66
238.54	45596.62
238.62	45589.54
238.69	45584.00
238.76	45572.68
238.83	45567.88
238.90	45567.69
238.97	45564.16
239.04	45571.82
239.11	45592.06
239.18	45617.80
239.25	45635.52
239.33	45649.87
239.40	45650.20
239.47	45632.47
239.54	45605.94
239.61	45572.72
239.68	45540.81
239.75	45521.12
239.82	45521.88
239.89	45524.70
239.96	45529.87
240.03	45533.78
240.11	45536.46
240.18	45535.47
240.25	45542.54
240.32	45557.48
240.39	45583.19
240.46	45604.02
240.53	45646.99
240.60	45687.38
240.67	45723.44
240.74	45753.24
240.81	45786.78
240.88	45789.60
240.96	45786.40
241.03	45788.19
241.10	45792.78
241.17	45796.59
241.24	45811.20
241.31	45829.80
241.38	45835.48
241.45	45820.36
241.52	45806.18
241.59	45797.54
241.66	45802.56
241.73	45815.28
241.80	45843.34
241.88	45876.76
241.95	45894.06
242.02	45890.48
242.09	45883.02
242.16	45871.81
242.23	45874.12
242.30	45884.24
242.37	45890.35
242.44	45916.35
242.51	45930.76
242.58	45929.14
242.65	45929.40
242.72	45949.44
242.79	45958.13
242.87	45988.54
242.94	46005.06
243.01	46033.98
243.08	46065.12
243.15	46072.10
243.22	46087.06
243.29	46126.63
243.36	46147.78
243.43	46167.53
243.50	46213.38
243.57	46248.30
243.64	46282.68
243.71	46322.10
243.78	46349.19
243.85	46364.76
243.92	46376.84
243.99	46367.30
244.07	46377.51
244.14	46379.62
244.21	46391.35
244.28	46408.64
244.35	46431.34
244.42	46429.96
244.49	46438.50
244.56	46446.18
244.63	46464.96
244.70	46468.30
244.77	46475.18
244.84	46500.28
244.91	46535.67
244.98	46558.22
245.05	46611.74
245.12	46679.47
245.19	46725.06
245.26	46751.78
245.33	46789.54
245.40	46811.92
245.47	46830.08
245.55	46860.62
245.62	46897.70
245.69	46923.86
245.76	46985.34
245.83	47051.62
245.90	47110.85
245.97	47163.92
246.04	47236.88
246.11	47274.84
246.18	47284.91
246.25	47282.52
246.32	47286.44
246.39	47283.03
246.46	47288.02
246.53	47333.82
246.60	47396.24
246.67	47467.68
246.74	47540.32
246.81	47605.30
246.88	47650.70
246.95	47695.62
247.02	47724.12
247.09	47747.00
247.16	47768.80
247.23	47785.10
247.30	47795.66
247.37	47817.03
247.44	47841.42
247.51	47860.19
247.58	47899.44
247.66	47946.12
247.73	48004.74
247.80	48056.36
247.87	48120.24
247.94	48177.84
248.01	48248.74
248.08	48310.56
248.15	48366.80
248.22	48428.00
248.29	48486.38
248.36	48530.28
248.43	48562.49
248.50	48616.94
248.57	48662.53
248.64	48713.68
248.71	48780.66
248.78	48865.76
248.85	48930.98
248.92	48997.20
248.99	49044.25
249.06	49068.32
249.13	49086.96
249.20	49109.20
249.27	49124.16
249.34	49153.78
249.41	49175.12
249.48	49193.85
249.55	49203.15
249.62	49206.44
249.69	49195.40
249.76	49214.22
249.83	49231.26
249.90	49280.24
249.97	49366.72
250.04	49482.82
250.11	49585.48
250.18	49678.92
250.25	49746.06
250.32	49789.06
250.39	49810.88
250.46	49840.48
250.53	49896.28
250.60	49967.94
250.67	50046.26
250.74	50116.98
250.81	50163.20
250.88	50203.52
250.95	50237.24
251.02	50254.70
251.09	50269.12
251.16	50291.13
251.23	50302.75
251.30	50311.12
251.37	50330.91
251.44	50366.98
251.51	50426.48
251.58	50490.40
251.65	50559.60
251.72	50626.41
251.79	50707.92
251.86	50769.58
251.93	50819.94
252.00	50843.02
252.07	50876.60
252.14	50894.04
252.21	50903.50
252.28	50920.04
252.35	50954.76
252.42	51001.37
252.49	51043.72
252.56	51103.32
252.63	51161.28
252.70	51230.96
252.77	51296.09
252.84	51363.94
252.91	51419.72
252.98	51465.20
253.05	51497.74
253.12	51506.64
253.19	51506.38
253.25	51526.90
253.32	51550.98
253.39	51590.15
253.46	51627.66
253.53	51659.44
253.60	51671.06
253.67	51680.38
253.74	51700.52
253.81	51725.02
253.88	51762.28
253.95	51811.08
254.02	51869.19
254.09	51898.36
254.16	51931.30
254.23	51962.86
254.30	51993.35
254.37	52020.74
254.44	52062.72
254.51	52097.75
254.58	52127.40
254.65	52161.82
254.72	52193.68
254.79	52210.40
254.86	52242.42
254.93	52261.00
255.00	52277.98
255.07	52300.63
255.14	52342.60
255.21	52360.22
255.28	52362.37
255.34	52325.84
255.41	52282.78
255.48	52225.30
255.55	52184.68
255.62	52173.56
255.69	52190.50
255.76	52223.58
255.83	52260.74
255.90	52303.68
255.97	52368.32
256.04	52427.76
256.11	52499.10
256.18	52587.38
256.25	52675.99
256.32	52740.47
256.39	52816.91
256.46	52871.12
256.53	52923.18
256.60	52968.58
256.67	53017.26
256.74	53038.38
256.80	53043.37
256.87	53013.19
256.94	52983.48
257.01	52954.82
257.08	52951.54
257.15	52975.12
257.22	52992.94
257.29	52971.21
257.36	52912.46
257.43	52821.84
257.50	52710.98
257.57	52607.74
257.64	52574.12
257.71	52581.70
257.78	52653.36
257.85	52739.10
257.92	52875.30
257.98	52986.85
258.05	53069.68
258.12	53076.84
258.19	53046.66
258.26	52951.62
258.33	52832.47
258.40	52739.35
258.47	52691.26
258.54	52682.76
258.61	52718.50
258.68	52776.56
258.75	52857.24
258.82	52941.82
258.89	53003.74
258.95	53037.10
259.02	53051.52
259.09	53021.94
259.16	52965.60
259.23	52905.53
259.30	52867.91
259.37	52849.70
259.44	52846.30
259.51	52858.58
259.58	52885.06
259.65	52891.22
259.72	52877.18
259.79	52849.42
259.85	52802.58
259.92	52747.49
259.99	52724.38
260.06	52728.38
260.13	52739.85
260.20	52744.24
260.27	52753.70
260.34	52725.78
260.41	52685.92
260.48	52658.30
260.55	52662.58
260.62	52653.34
260.68	52626.05
260.75	52591.72
260.82	52560.40
260.89	52532.48
260.96	52520.74
261.03	52542.69
261.10	52534.01
261.17	52497.48
261.24	52407.62
261.31	52290.12
261.38	52164.16
261.44	52068.80
261.51	52001.78
261.58	51988.85
261.65	52015.44
261.72	52065.91
261.79	52103.90
261.86	52118.42
261.93	52110.20
262.00	52073.23
262.07	51996.92
262.13	51935.26
262.20	51898.80
262.27	51860.66
262.34	51855.66
262.41	51886.46
262.48	51908.53
262.55	51934.35
262.62	51971.58
262.69	51979.81
262.76	51969.19
262.82	51956.63
262.89	51938.24
262.96	51926.28
263.03	51930.80
263.10	51922.22
263.17	51917.80
263.24	51891.26
263.31	51884.60
263.38	51884.92
263.44	51922.84
263.51	51956.56
263.58	51991.46
263.65	51944.18
263.72	51825.53
263.79	51666.40
263.86	51519.16
263.93	51408.02
264.00	51366.18
264.06	51389.76
264.13	51412.35
264.20	51410.74
264.27	51349.31
264.34	51249.66
264.41	51119.34
264.48	51010.32
264.55	50895.37
264.61	50774.28
264.68	50660.41
264.75	50570.90
264.82	50475.81
264.89	50424.22
264.96	50436.04
265.03	50468.37
265.10	50520.69
265.16	50568.02
265.23	50562.22
265.30	50520.05
265.37	50457.09
265.44	50372.22
265.51	50331.20
265.58	50348.05
265.65	50397.64
265.71	50479.18
265.78	50565.00
265.85	50580.52
265.92	50516.08
265.99	50395.28
266.06	50240.90
266.13	50067.16
266.20	49919.26
266.26	49828.85
266.33	49764.26
266.40	49713.47
266.47	49671.26
266.54	49648.10
266.61	49644.26
266.68	49656.48
266.74	49667.09
266.81	49645.75
266.88	49559.58
266.95	49408.41
267.02	49262.98
267.09	49140.18
267.16	49078.19
267.22	49097.62
267.29	49178.49
267.36	49275.95
267.43	49374.56
267.50	49427.80
267.57	49425.19
267.64	49355.78
267.70	49236.62
267.77	49096.85
267.84	49006.16
267.91	48966.56
267.98	48988.50
268.05	49060.30
268.11	49125.48
268.18	49141.19
268.25	49076.54
268.32	48939.78
268.39	48726.76
268.46	48459.59
268.53	48184.94
268.59	47937.12
268.66	47755.52
268.73	47656.82
268.80	47666.78
268.87	47741.82
268.94	47897.42
269.00	48070.22
269.07	48223.20
269.14	48323.84
269.21	48351.20
269.28	48291.14
269.35	48197.69
269.41	48097.72
269.48	48029.88
269.55	48025.18
269.62	48075.74
269.69	48144.63
269.76	48175.36
269.82	48152.22
269.89	48091.68
269.96	47997.25
270.03	47869.20
270.10	47742.12
270.17	47608.40
270.23	47489.19
270.30	47406.82
270.37	47384.40
270.44	47405.68
270.51	47462.98
270.58	47502.30
270.64	47507.53
270.71	47486.16
270.78	47474.20
270.85	47482.24
270.92	47505.97
270.99	47522.62
271.05	47501.35
271.12	47418.66
271.19	47289.40
271.26	47137.82
271.33	47014.78
271.39	46923.08
271.46	46842.44
271.53	46782.66
271.60	46735.90
271.67	46677.18
271.74	46615.06
271.80	46562.22
271.87	46513.98
271.94	46471.78
272.01	46420.70
272.08	46374.53
272.14	46348.88
272.21	46319.66
272.28	46283.78
272.35	46259.01
272.42	46238.20
272.48	46223.32
272.55	46217.38
272.62	46223.46
272.69	46210.26
272.76	46190.35
272.83	46157.82
272.89	46124.60
272.96	46095.48
273.03	46084.18
273.10	46085.94
273.17	46081.22
273.23	46045.62
273.30	45962.63
273.37	45824.74
273.44	45630.06
273.51	45434.03
273.57	45286.84
273.64	45200.72
273.71	45196.15
273.78	45247.52
273.85	45340.52
273.91	45434.00
273.98	45548.36
274.05	45689.32
274.12	45871.44
274.19	46042.53
274.25	46195.46
274.32	46287.24
274.39	46304.66
274.46	46220.70
274.53	46080.16
274.59	45879.68
274.66	45680.10
274.73	45487.19
274.80	45333.00
274.86	45208.38
274.93	45156.34
275.00	45121.40
275.07	45099.73
275.14	45080.92
275.20	45064.36
275.27	45040.56
275.34	45015.08
275.41	45003.14
275.48	45010.30
275.54	45039.15
275.61	45079.04
275.68	45123.98
275.75	45154.44
275.81	45164.63
275.88	45172.30
275.95	45183.72
276.02	45199.96
276.09	45221.34
276.15	45252.54
276.22	45261.10
276.29	45218.72
276.36	45097.88
276.42	44931.44
276.49	44735.94
276.56	44536.34
276.63	44374.12
276.70	44298.18
276.76	44293.80
276.83	44355.35
276.90	44459.78
276.97	44551.82
277.03	44617.74
277.10	44609.83
277.17	44519.35
277.24	44390.82
277.30	44286.22
277.37	44240.82
277.44	44276.68
277.51	44363.37
277.58	44470.78
277.64	44543.78
277.71	44523.56
277.78	44413.50
277.85	44242.62
277.91	44013.26
277.98	43790.63
278.05	43604.16
278.12	43485.48
278.18	43446.82
278.25	43485.90
278.32	43579.01
278.39	43737.40
278.45	43921.84
278.52	44123.94
278.59	44315.02
278.66	44467.40
278.72	44531.09
278.79	44504.02
278.86	44332.68
278.93	44064.68
278.99	43726.78
279.06	43417.38
279.13	43204.10
279.20	43162.88
279.26	43270.98
279.33	43488.72
279.40	43761.92
279.47	44015.46
279.53	44184.15
279.60	44186.40
279.67	44016.82
279.74	43668.64
279.80	43235.22
279.87	42815.10
279.94	42518.53
280.01	42386.31
280.07	42414.74
280.14	42528.10
280.21	42650.26
280.28	42758.30
280.34	42861.85
280.41	42958.87
280.48	43049.66
280.55	43142.42
280.61	43226.68
280.68	43275.56
280.75	43310.40
280.82	43361.72
280.88	43419.12
280.95	43452.38
281.02	43455.20
281.08	43398.76
281.15	43268.92
281.22	43097.52
281.29	42910.16
281.35	42709.02
281.42	42492.18
281.49	42268.92
281.56	42046.74
281.62	41865.28
281.69	41715.26
281.76	41623.90
281.82	41578.78
281.89	41569.06
281.96	41568.20
282.03	41607.18
282.09	41676.09
282.16	41784.84
282.23	41913.52
282.30	42076.02
282.36	42251.69
282.43	42431.50
282.50	42588.19
282.56	42708.02
282.63	42789.24
282.70	42845.53
282.77	42902.88
282.83	42951.60
282.90	43018.12
282.97	43028.99
283.03	42926.24
283.10	42674.30
283.17	42319.26
283.24	41882.62
283.30	41468.84
283.37	41172.84
283.44	41023.85
283.50	40993.10
283.57	41053.84
283.64	41154.14
283.71	41263.04
283.77	41366.88
283.84	41476.74
283.91	41581.24
283.97	41701.92
284.04	41833.90
284.11	41956.80
284.18	42069.38
284.24	42151.54
284.31	42174.48
284.38	42142.50
284.44	42087.00
284.51	42027.04
284.58	41989.19
284.64	41973.56
284.71	41935.40
284.78	41865.16
284.85	41742.92
284.91	41608.59
284.98	41456.72
285.05	41297.72
285.11	41106.26
285.18	40880.98
285.25	40616.94
285.31	40375.36
285.38	40199.80
285.45	40151.72
285.52	40235.91
285.58	40407.24
285.65	40616.16
285.72	40829.78
285.78	41021.69
285.85	41183.03
285.92	41322.14
285.98	41478.35
286.05	41633.96
286.12	41793.56
286.18	41949.00
286.25	42100.26
286.32	42207.47
286.39	42292.60
286.45	42305.68
286.52	42220.94
286.59	42013.74
286.65	41688.31
286.72	41285.80
286.79	40870.30
286.85	40503.58
286.92	40259.34
286.99	40138.30
287.05	40102.30
287.12	40141.02
287.19	40258.24
287.25	40398.34
287.32	40550.88
287.39	40710.48
287.45	40852.62
287.52	40961.02
287.59	41063.90
287.65	41161.49
287.72	41264.30
287.79	41367.69
287.86	41476.28
287.92	41584.13
287.99	41684.81
288.06	41778.81
288.12	41863.13
288.19	41942.76
288.26	41996.90
288.32	42038.46
288.39	42033.60
288.46	41995.18
288.52	41903.86
288.59	41732.76
288.66	41456.16
288.72	41118.56
288.79	40761.53
288.86	40423.17
288.92	40183.28
288.99	40075.90
289.06	40122.74
289.12	40268.91
289.19	40500.94
289.26	40779.85
289.32	41107.22
289.39	41417.62
289.45	41714.84
289.52	41950.40
289.59	42120.20
289.65	42194.44
289.72	42187.98
289.79	42142.09
289.85	42083.70
289.92	41990.66
289.99	41876.41
290.05	41738.53
290.12	41565.78
290.19	41403.34
290.25	41281.80
290.32	41231.85
290.39	41239.70
290.45	41267.78
290.52	41263.41
290.59	41192.85
290.65	41012.20
290.72	40775.26
290.79	40561.50
290.85	40454.32
290.92	40480.40
290.98	40644.37
291.05	40921.02
291.12	41244.08
291.18	41541.34
291.25	41807.22
291.32	42040.31
291.38	42254.88
291.45	42455.85
291.52	42626.94
291.58	42754.42
291.65	42827.92
291.72	42808.20
291.78	42693.60
291.85	42494.96
291.91	42266.40
291.98	42063.84
292.05	41879.35
292.11	41713.72
292.18	41549.38
292.25	41347.46
292.31	41116.13
292.38	40919.16
292.45	40769.22
292.51	40688.06
292.58	40695.96
292.64	40783.18
292.71	40919.66
292.78	41104.13
292.84	41327.06
292.91	41586.48
292.98	41843.18
293.04	42101.50
293.11	42360.84
293.17	42615.10
293.24	42847.34
293.31	43073.85
293.37	43260.74
293.44	43393.06
293.51	43475.64
293.57	43492.81
293.64	43413.88
293.70	43252.72
293.77	42961.00
293.84	42548.60
293.90	42081.34
293.97	41639.78
294.04	41279.10
294.10	41080.76
294.17	41047.68
294.23	41108.86
294.30	41176.74
294.37	41223.12
294.43	41224.08
294.50	41159.20
294.56	41110.59
294.63	41130.58
294.70	41242.40
294.76	41483.06
294.83	41819.16
294.90	42194.69
294.96	42567.84
295.03	42921.02
295.09	43218.38
295.16	43492.78
295.23	43729.34
295.29	43965.22
295.36	44152.50
295.42	44285.81
295.49	44374.04
295.56	44415.56
295.62	44376.32
295.69	44241.97
295.75	44020.03
295.82	43684.78
295.89	43238.66
295.95	42728.04
296.02	42246.90
296.08	41789.34
296.15	41395.70
296.22	41113.58
296.28	40955.20
296.35	40927.92
296.41	41061.50
296.48	41341.84
296.55	41731.08
296.61	42184.04
296.68	42638.56
296.74	43047.91
296.81	43404.66
296.88	43692.69
296.94	43915.17
297.01	44102.30
297.07	44281.50
297.14	44494.54
297.20	44715.98
297.27	44962.08
297.34	45204.80
297.40	45407.99
297.47	45521.34
297.53	45583.88
297.60	45555.90
297.67	45430.62
297.73	45201.40
297.80	44831.10
297.86	44303.48
297.93	43668.40
298.00	42990.41
298.06	42390.48
298.13	41948.91
298.19	41712.22
298.26	41682.84
298.32	41795.63
298.39	41956.15
298.46	42169.40
298.52	42410.36
298.59	42679.50
298.65	42984.31
298.72	43357.64
298.78	43739.76
298.85	44128.78
298.92	44481.84
298.98	44805.63
299.05	45086.56
299.11	45339.98
299.18	45555.36
299.24	45758.40
299.31	45942.84
299.38	46083.98
299.44	46177.44
299.51	46245.62
299.57	46278.51
299.64	46269.66
299.70	46237.06
299.77	46143.32
299.84	45904.10
299.90	45460.92
299.97	44752.98
300.03	43833.03
300.10	42895.60
300.16	42138.60
300.23	41674.19
300.30	41603.60
300.36	41848.24
300.43	42277.01
300.49	42766.88
300.56	43259.16
300.62	43722.46
300.69	44157.52
300.75	44570.48
300.82	44946.26
300.89	45260.92
300.95	45537.37
301.02	45784.90
301.08	45989.54
301.15	46175.40
301.21	46367.58
301.28	46538.63
301.34	46696.56
301.41	46841.17
301.48	46954.72
301.54	47022.44
301.61	47051.72
301.67	47019.80
301.74	46907.48
301.80	46686.58
301.87	46340.94
301.93	45845.40
302.00	45226.30
302.06	44551.92
302.13	43894.76
302.20	43345.94
302.26	42983.54
302.33	42842.38
302.39	42869.65
302.46	43044.24
302.52	43318.32
302.59	43660.18
302.65	44034.94
302.72	44430.44
302.78	44809.68
302.85	45176.36
302.91	45501.48
302.98	45782.30
303.05	46030.76
303.11	46267.02
303.18	46465.19
303.24	46643.02
303.31	46786.04
303.37	46911.08
303.44	46997.20
303.50	47061.48
303.57	47074.88
303.63	47078.85
303.70	47056.38
303.76	47003.98
303.83	46916.72
303.89	46813.58
303.96	46626.04
304.03	46339.59
304.09	45933.58
304.16	45355.22
304.22	44662.16
304.29	44020.88
304.35	43514.08
304.42	43223.62
304.48	43202.98
304.55	43399.00
304.61	43695.62
304.68	44028.18
304.74	44355.74
304.81	44697.22
304.87	45001.64
304.94	45289.02
305.00	45542.30
305.07	45755.52
305.13	45923.05
305.20	46087.78
305.26	46228.86
305.33	46341.59
305.39	46444.16
305.46	46517.34
305.52	46580.12
305.59	46614.44
305.66	46631.48
305.72	46632.50
305.79	46607.98
305.85	46532.70
305.92	46395.78
305.98	46175.40
306.05	45874.02
306.11	45503.59
306.18	45096.78
306.24	44693.52
306.31	44297.74
306.37	43904.88
306.44	43536.69
306.50	43206.38
306.57	42973.96
306.63	42902.95
306.70	42985.55
306.76	43208.50
306.83	43532.92
306.89	43870.96
306.96	44191.26
307.02	44467.78
307.09	44701.36
307.15	44880.13
307.22	45028.06
307.28	45126.62
307.35	45209.28
307.41	45270.90
307.48	45328.82
307.54	45360.94
307.61	45389.24
307.67	45382.28
307.74	45365.28
307.80	45324.42
307.87	45278.47
307.93	45229.97
308.00	45189.80
308.06	45137.60
308.13	45048.22
308.19	44915.18
308.26	44752.42
308.32	44591.32
308.38	44384.88
308.45	44166.92
308.51	43926.42
308.58	43611.34
308.64	43241.65
308.71	42935.64
308.77	42728.40
308.84	42615.10
308.90	42664.72
308.97	42820.38
309.03	43018.55
309.10	43212.00
309.16	43404.34
309.23	43552.80
309.29	43676.96
309.36	43755.22
309.42	43823.16
309.49	43887.38
309.55	43931.58
309.62	43947.63
309.68	43958.40
309.75	43927.06
309.81	43867.63
309.88	43817.34
309.94	43759.60
310.00	43690.98
310.07	43623.76
310.13	43562.10
310.20	43468.44
310.26	43379.28
310.33	43282.58
310.39	43194.68
310.46	43092.30
310.52	42971.69
310.59	42803.52
310.65	42604.66
310.72	42378.94
310.78	42154.42
310.85	41988.48
310.91	41910.65
310.97	41900.98
311.04	41933.94
311.10	41992.59
311.17	42052.99
311.23	42093.63
311.30	42127.08
311.36	42158.48
311.43	42205.78
311.49	42250.60
311.56	42297.82
311.62	42349.40
311.69	42392.28
311.75	42433.80
311.81	42432.06
311.88	42411.00
311.94	42378.08
312.01	42330.44
312.07	42261.56
312.14	42208.54
312.20	42160.92
312.27	42093.80
312.33	42040.85
312.40	41977.19
312.46	41910.34
312.52	41832.60
312.59	41756.84
312.65	41669.70
312.72	41586.40
312.78	41500.44
312.85	41400.58
312.91	41280.82
312.98	41147.58
313.04	40999.16
313.10	40831.52
313.17	40689.06
313.23	40593.66
313.30	40533.56
313.36	40512.34
313.43	40539.70
313.49	40590.15
313.56	40623.26
313.62	40659.58
313.68	40684.56
313.75	40706.08
313.81	40694.80
313.88	40680.30
313.94	40663.66
314.01	40637.85
314.07	40608.08
314.13	40597.32
314.20	40594.90
314.26	40579.82
314.33	40558.97
314.39	40529.49
314.46	40467.94
314.52	40395.70
314.58	40306.70
314.65	40223.44
314.71	40125.60
314.78	40048.50
314.84	39963.94
314.91	39892.81
314.97	39835.41
315.03	39787.77
315.10	39741.84
315.16	39679.75
315.23	39610.25
315.29	39526.74
315.36	39449.69
315.42	39372.74
315.48	39314.50
315.55	39267.98
315.61	39219.54
315.68	39165.46
315.74	39111.44
315.81	39070.04
315.87	39036.44
315.93	39022.06
316.00	39034.14
316.06	39043.92
316.13	39063.24
316.19	39064.52
316.25	39016.98
316.32	38913.94
316.38	38774.98
316.45	38586.62
316.51	38359.41
316.58	38111.66
316.64	37855.74
316.70	37600.62
316.77	37336.32
316.83	37075.70
316.90	36826.06
316.96	36569.40
317.02	36321.30
317.09	36071.80
317.15	35816.42
317.22	35554.65
317.28	35293.66
317.34	35023.80
317.41	34770.58
317.47	34529.20
317.54	34280.10
317.60	34048.92
317.66	33805.28
317.73	33545.65
317.79	33280.48
317.86	33019.56
317.92	32749.44
317.98	32466.78
318.05	32182.92
318.11	31900.59
318.18	31633.04
318.24	31353.77
318.30	31089.18
318.37	30828.01
318.43	30562.48
318.50	30279.68
318.56	30006.32
318.62	29743.70
318.69	29480.36
318.75	29217.94
318.82	28951.25
318.88	28689.28
318.94	28419.62
319.01	28149.77
319.07	27873.28
319.13	27602.25
319.20	27316.94
319.26	27031.02
319.33	26735.45
319.39	26436.84
319.45	26151.16
319.52	25872.20
319.58	25572.78
319.65	25280.84
319.71	24998.76
319.77	24703.42
319.84	24410.94
319.90	24132.48
319.96	23841.32
320.03	23553.07
320.09	23282.38
320.16	22995.42
320.22	22712.72
320.28	22435.58
320.35	22160.72
320.41	21880.36
320.47	21607.50
320.54	21334.82
320.60	21067.22
320.67	20794.68
320.73	20508.07
320.79	20221.21
320.86	19928.05
320.92	19631.42
320.98	19323.00
321.05	19023.76
321.11	18722.28
321.18	18428.58
321.24	18144.60
321.30	17867.77
321.37	17595.28
321.43	17332.39
321.49	17055.03
321.56	16777.80
321.62	16515.32
321.68	16237.05
321.75	15950.00
321.81	15683.16
321.88	15400.10
321.94	15106.92
322.00	14821.80
322.07	14542.20
322.13	14254.33
322.19	13971.74
322.26	13686.19
322.32	13404.70
322.38	13123.68
322.45	12848.61
322.51	12575.54
322.58	12311.02
322.64	12036.44
322.70	11770.49
322.77	11490.64
322.83	11220.96
322.89	10949.06
322.96	10677.40
323.02	10397.30
323.08	10129.70
323.15	9860.10
323.21	9592.90
323.27	9332.46
323.34	9082.84
323.40	8834.02
323.46	8577.80
323.53	8215.96
323.59	7096.28
323.65	5487.98
323.72	3801.25
323.78	2174.76
323.85	701.94
323.91	43.00
323.97	-82.13
324.04	-82.13
