180.21	3365.90
180.28	-113.68
180.36	625.90
180.44	-41.20
180.51	-11.96
180.59	10.60
180.66	37.79
180.74	33.98
180.81	32.43
180.89	33.79
180.97	34.97
181.04	31.72
181.12	30.78
181.19	30.44
181.27	31.16
181.34	49.00
181.42	56.25
181.50	63.85
181.57	76.54
181.65	81.46
181.72	74.37
181.80	69.23
181.87	69.35
181.95	69.61
182.03	68.72
182.10	71.38
182.18	73.26
182.25	77.81
182.33	77.01
182.40	84.30
182.48	80.04
182.55	92.04
182.63	96.01
182.71	98.95
182.78	100.82
182.86	106.48
182.93	103.28
183.01	105.44
183.08	105.76
183.16	109.54
183.23	104.86
183.31	111.24
183.39	110.05
183.46	119.20
183.54	115.00
183.61	122.12
183.69	124.23
183.76	134.95
183.84	133.72
183.91	135.51
183.99	145.71
184.06	146.89
184.14	150.01
184.22	154.83
184.29	159.32
184.37	156.91
184.44	151.59
184.52	139.69
184.59	135.44
184.67	138.51
184.74	132.97
184.82	144.16
184.89	156.95
184.97	165.52
185.04	171.73
185.12	180.34
185.20	186.29
185.27	193.35
185.35	202.25
185.42	201.51
185.50	213.48
185.57	213.93
185.65	218.50
185.72	217.15
185.80	225.07
185.87	220.86
185.95	218.85
186.02	218.63
186.10	217.43
186.17	215.05
186.25	215.66
186.33	209.96
186.40	203.26
186.48	205.19
186.55	210.19
186.63	212.87
186.70	238.25
186.78	253.28
186.85	268.05
186.93	277.17
187.00	289.70
187.08	283.63
187.15	288.03
187.23	289.22
187.30	291.78
187.38	300.62
187.45	315.09
187.53	327.99
187.60	335.45
187.68	346.49
187.75	354.95
187.83	362.99
187.90	360.91
187.98	362.50
188.05	366.04
188.13	353.86
188.21	334.87
188.28	334.04
188.36	327.58
188.43	324.58
188.51	335.32
188.58	358.41
188.66	359.67
188.73	370.95
188.81	387.05
188.88	393.19
188.96	401.21
189.03	425.74
189.11	446.49
189.18	458.27
189.26	477.14
189.33	499.99
189.41	524.75
189.48	544.23
189.56	565.27
189.63	583.88
189.71	580.18
189.78	557.35
189.86	533.01
189.93	510.34
190.01	481.61
190.08	464.98
190.16	454.14
190.23	442.62
190.31	438.01
190.38	435.85
190.46	441.22
190.53	460.80
190.61	499.65
190.68	523.15
190.76	565.38
190.83	600.01
190.91	624.27
190.98	634.39
191.06	654.27
191.13	661.86
191.21	664.13
191.28	657.96
191.35	653.05
191.43	640.62
191.50	621.02
191.58	614.39
191.65	619.46
191.73	624.17
191.80	633.18
191.88	639.69
191.95	643.27
192.03	649.84
192.10	661.88
192.18	678.95
192.25	703.64
192.33	721.12
192.40	724.95
192.48	721.01
192.55	712.59
192.63	693.84
192.70	684.57
192.78	683.69
192.85	693.07
192.93	697.59
193.00	694.11
193.08	673.59
193.15	654.29
193.22	638.75
193.30	636.45
193.37	669.46
193.45	709.85
193.52	761.36
193.60	815.20
193.67	860.30
193.75	888.38
193.82	918.40
193.90	932.42
193.97	931.98
194.05	920.43
194.12	897.91
194.20	871.12
194.27	839.57
194.34	795.52
194.42	756.60
194.49	734.77
194.57	718.10
194.64	700.79
194.72	696.82
194.79	700.89
194.87	716.23
194.94	750.93
195.02	810.78
195.09	880.50
195.17	954.36
195.24	1018.58
195.31	1069.78
195.39	1100.59
195.46	1118.46
195.54	1130.56
195.61	1127.98
195.69	1107.98
195.76	1074.23
195.84	1026.11
195.91	941.25
195.99	844.91
196.06	758.78
196.13	704.17
196.21	681.44
196.28	707.20
196.36	772.12
196.43	854.00
196.51	940.21
196.58	1023.44
196.66	1098.29
196.73	1153.02
196.80	1188.67
196.88	1207.92
196.95	1222.73
197.03	1221.85
197.10	1201.14
197.18	1170.39
197.25	1111.28
197.33	1021.65
197.40	930.62
197.47	838.56
197.55	765.01
197.62	722.61
197.70	718.73
197.77	745.53
197.85	808.14
197.92	882.05
197.99	972.50
198.07	1072.17
198.14	1167.03
198.22	1260.38
198.29	1335.21
198.37	1393.64
198.44	1434.36
198.51	1449.93
198.59	1439.23
198.66	1415.54
198.74	1356.22
198.81	1254.89
198.89	1130.32
198.96	1007.91
199.03	892.94
199.11	818.34
199.18	787.42
199.26	809.24
199.33	870.20
199.41	961.88
199.48	1061.14
199.55	1175.25
199.63	1274.70
199.70	1369.21
199.78	1447.93
199.85	1522.74
199.93	1581.92
200.00	1639.21
200.07	1662.61
200.15	1663.06
200.22	1623.37
200.30	1536.65
200.37	1399.34
200.44	1222.19
200.52	1052.52
200.59	928.33
200.67	861.32
200.74	856.12
200.81	919.61
200.89	1012.97
200.96	1117.38
201.04	1221.51
201.11	1342.25
201.19	1463.61
201.26	1575.40
201.33	1666.72
201.41	1747.58
201.48	1796.98
201.56	1816.82
201.63	1818.50
201.70	1777.36
201.78	1691.27
201.85	1559.30
201.93	1406.02
202.00	1252.95
202.07	1132.06
202.15	1036.61
202.22	997.84
202.30	1017.62
202.37	1072.17
202.44	1162.20
202.52	1299.01
202.59	1456.22
202.67	1600.61
202.74	1741.96
202.81	1869.67
202.89	1983.86
202.96	2095.53
203.04	2202.93
203.11	2278.02
203.18	2323.99
203.26	2321.80
203.33	2254.16
203.41	2122.50
203.48	1934.80
203.55	1678.51
203.63	1435.61
203.70	1252.55
203.77	1154.24
203.85	1154.02
203.92	1263.76
204.00	1436.78
204.07	1618.19
204.14	1802.93
204.22	1983.48
204.29	2166.92
204.37	2326.56
204.44	2470.30
204.51	2588.18
204.59	2665.81
204.66	2691.17
204.73	2680.33
204.81	2619.21
204.88	2508.55
204.96	2336.47
205.03	2103.75
205.10	1849.25
205.18	1630.91
205.25	1454.53
205.32	1359.91
205.40	1372.49
205.47	1469.03
205.55	1613.23
205.62	1809.12
205.69	2047.75
205.77	2298.55
205.84	2539.59
205.91	2763.35
205.99	2958.38
206.06	3118.14
206.14	3264.26
206.21	3401.59
206.28	3508.66
206.36	3585.33
206.43	3594.70
206.50	3521.69
206.58	3340.24
206.65	3057.29
206.72	2678.12
206.80	2291.11
206.87	1963.25
206.95	1758.84
207.02	1713.88
207.09	1833.54
207.17	2070.77
207.24	2362.94
207.31	2673.13
207.39	2981.04
207.46	3283.00
207.53	3568.68
207.61	3839.36
207.68	4085.95
207.75	4312.78
207.83	4499.21
207.90	4626.57
207.98	4680.13
208.05	4649.64
208.12	4510.06
208.20	4262.68
208.27	3911.46
208.34	3467.50
208.42	3005.28
208.49	2632.18
208.56	2385.32
208.64	2305.24
208.71	2400.02
208.78	2614.89
208.86	2893.55
208.93	3208.80
209.00	3554.59
209.08	3919.25
209.15	4298.49
209.22	4659.54
209.30	5001.29
209.37	5310.20
209.44	5582.28
209.52	5806.30
209.59	5965.72
209.67	6054.31
209.74	6035.03
209.81	5899.80
209.89	5611.33
209.96	5174.89
210.03	4625.64
210.11	4093.49
210.18	3622.36
210.25	3295.92
210.33	3184.27
210.40	3291.26
210.47	3545.16
210.55	3914.99
210.62	4358.12
210.69	4811.10
210.77	5272.81
210.84	5701.63
210.91	6110.12
210.99	6487.90
211.06	6863.51
211.13	7207.24
211.21	7527.20
211.28	7780.21
211.35	7958.12
211.42	7990.91
211.50	7862.37
211.57	7545.26
211.64	7052.08
211.72	6394.73
211.79	5689.37
211.86	5111.42
211.94	4777.45
212.01	4714.06
212.08	4927.92
212.16	5343.80
212.23	5810.77
212.30	6252.21
212.38	6656.10
212.45	7036.68
212.52	7384.82
212.60	7721.86
212.67	8076.73
212.74	8451.23
212.82	8834.28
212.89	9221.33
212.96	9558.07
213.03	9783.92
213.11	9877.57
213.18	9782.14
213.25	9507.58
213.33	9030.52
213.40	8401.32
213.47	7765.20
213.55	7246.46
213.62	6894.53
213.69	6804.88
213.77	6995.73
213.84	7351.31
213.91	7803.88
213.98	8285.05
214.06	8745.59
214.13	9144.24
214.20	9492.06
214.28	9836.99
214.35	10224.83
214.42	10662.25
214.50	11146.40
214.57	11644.52
214.64	12091.11
214.72	12437.54
214.79	12662.63
214.86	12738.54
214.93	12633.22
215.01	12342.19
215.08	11843.15
215.15	11145.96
215.23	10354.53
215.30	9696.15
215.37	9314.20
215.44	9309.69
215.52	9665.10
215.59	10302.98
215.66	11021.24
215.74	11687.15
215.81	12250.21
215.88	12778.98
215.95	13276.23
216.03	13766.92
216.10	14248.44
216.17	14701.78
216.25	15077.12
216.32	15371.79
216.39	15567.14
216.46	15694.72
216.54	15756.90
216.61	15743.43
216.68	15599.67
216.76	15309.41
216.83	14815.26
216.90	14128.22
216.97	13405.10
217.05	12842.51
217.12	12556.11
217.19	12620.38
217.27	13057.88
217.34	13741.46
217.41	14539.42
217.48	15344.60
217.56	16104.89
217.63	16787.24
217.70	17358.56
217.78	17819.32
217.85	18188.66
217.92	18492.22
217.99	18752.77
218.07	18973.64
218.14	19174.87
218.21	19392.79
218.28	19606.12
218.36	19779.39
218.43	19869.53
218.50	19806.39
218.57	19497.94
218.65	18926.63
218.72	18116.78
218.79	17288.28
218.87	16621.52
218.94	16293.27
219.01	16382.20
219.08	16905.77
219.16	17685.85
219.23	18561.20
219.30	19388.35
219.37	20120.93
219.45	20744.95
219.52	21305.08
219.59	21805.59
219.66	22276.55
219.74	22712.88
219.81	23131.07
219.88	23498.90
219.95	23831.93
220.03	24147.06
220.10	24413.84
220.17	24578.88
220.24	24602.57
220.32	24443.38
220.39	24049.49
220.46	23424.76
220.53	22644.38
220.61	21863.83
220.68	21291.95
220.75	21057.94
220.82	21198.64
220.90	21664.82
220.97	22325.29
221.04	23003.47
221.11	23611.88
221.19	24152.35
221.26	24659.68
221.33	25157.29
221.40	25649.25
221.48	26136.71
221.55	26617.63
221.62	27063.12
221.69	27478.20
221.77	27859.78
221.84	28189.98
221.91	28421.14
221.98	28576.70
222.06	28610.31
222.13	28523.37
222.20	28306.70
222.27	27995.07
222.35	27576.98
222.42	27175.56
222.49	26872.09
222.56	26716.59
222.63	26737.28
222.71	26916.68
222.78	27181.98
222.85	27475.44
222.92	27777.85
223.00	28095.74
223.07	28464.82
223.14	28861.61
223.21	29275.79
223.29	29717.89
223.36	30160.23
223.43	30591.15
223.50	30995.12
223.57	31383.37
223.65	31702.07
223.72	31931.10
223.79	32055.93
223.86	32092.83
223.94	32035.35
224.01	31940.38
224.08	31830.17
224.15	31713.44
224.22	31601.21
224.30	31504.87
224.37	31449.51
224.44	31464.39
224.51	31545.12
224.59	31699.50
224.66	31926.26
224.73	32188.88
224.80	32453.50
224.87	32738.72
224.95	33057.82
225.02	33383.08
225.09	33709.87
225.16	34034.96
225.23	34349.86
225.31	34626.12
225.38	34858.40
225.45	35043.99
225.52	35161.68
225.60	35199.14
225.67	35160.02
225.74	35047.90
225.81	34871.59
225.88	34731.39
225.96	34666.84
226.03	34686.53
226.10	34799.98
226.17	35007.50
226.24	35229.49
226.32	35463.13
226.39	35700.11
226.46	35943.67
226.53	36195.36
226.60	36455.49
226.68	36694.45
226.75	36924.93
226.82	37144.81
226.89	37324.62
226.96	37494.13
227.04	37623.10
227.11	37735.10
227.18	37834.58
227.25	37919.56
227.32	37999.27
227.40	38084.79
227.47	38115.66
227.54	38106.52
227.61	38055.13
227.68	37918.54
227.76	37757.93
227.83	37660.22
227.90	37640.35
227.97	37713.76
228.04	37894.17
228.11	38143.11
228.19	38390.25
228.26	38611.73
228.33	38819.94
228.40	39018.89
228.47	39201.21
228.55	39372.76
228.62	39541.69
228.69	39698.87
228.76	39813.11
228.83	39906.53
228.90	40006.90
228.98	40114.23
229.05	40219.82
229.12	40365.62
229.19	40515.13
229.26	40655.23
229.34	40762.17
229.41	40844.65
229.48	40875.57
229.55	40880.80
229.62	40853.10
229.69	40790.92
229.77	40713.27
229.84	40657.81
229.91	40631.59
229.98	40646.50
230.05	40732.49
230.12	40858.46
230.20	41015.14
230.27	41175.60
230.34	41335.93
230.41	41477.42
230.48	41613.36
230.55	41722.50
230.63	41821.80
230.70	41916.62
230.77	41979.68
230.84	42026.59
230.91	42069.78
230.98	42117.19
231.06	42172.51
231.13	42269.97
231.20	42397.26
231.27	42533.94
231.34	42660.21
231.41	42768.28
231.49	42849.71
231.56	42906.92
231.63	42957.92
231.70	43000.69
231.77	43030.21
231.84	43043.36
231.92	43055.36
231.99	43061.59
232.06	43081.79
232.13	43120.38
232.20	43196.88
232.27	43274.60
232.34	43352.08
232.42	43397.76
232.49	43440.40
232.56	43468.15
232.63	43501.76
232.70	43533.91
232.77	43603.32
232.85	43658.90
232.92	43717.25
232.99	43764.28
233.06	43824.74
233.13	43888.32
233.20	43951.50
233.27	44006.57
233.35	44065.12
233.42	44107.65
233.49	44138.79
233.56	44199.68
233.63	44252.56
233.70	44304.62
233.77	44363.11
233.85	44413.85
233.92	44451.06
233.99	44490.73
234.06	44537.38
234.13	44575.49
234.20	44624.61
234.27	44659.34
234.35	44694.36
234.42	44716.85
234.49	44733.09
234.56	44741.77
234.63	44742.38
234.70	44742.90
234.77	44731.34
234.84	44718.91
234.92	44691.64
234.99	44695.59
235.06	44707.26
235.13	44744.76
235.20	44783.73
235.27	44845.22
235.34	44882.38
235.41	44927.76
235.49	44961.71
235.56	45015.31
235.63	45057.08
235.70	45097.26
235.77	45112.14
235.84	45132.21
235.91	45120.88
235.98	45116.65
236.06	45111.23
236.13	45117.14
236.20	45110.73
236.27	45119.58
236.34	45140.13
236.41	45157.54
236.48	45162.88
236.55	45181.92
236.63	45191.20
236.70	45176.39
236.77	45184.28
236.84	45211.90
236.91	45240.59
236.98	45259.25
237.05	45274.25
237.12	45273.86
237.19	45268.49
237.27	45267.42
237.34	45278.12
237.41	45300.84
237.48	45313.37
237.55	45317.70
237.62	45308.88
237.69	45312.18
237.76	45316.57
237.83	45347.42
237.91	45374.10
237.98	45399.13
238.05	45422.51
238.12	45435.20
238.19	45430.99
238.26	45452.50
238.33	45478.46
238.40	45484.91
238.47	45490.98
238.54	45495.79
238.62	45471.53
238.69	45448.22
238.76	45430.88
238.83	45420.04
238.90	45422.85
238.97	45452.02
239.04	45471.50
239.11	45501.87
239.18	45526.21
239.25	45539.59
239.33	45523.01
239.40	45516.95
239.47	45507.35
239.54	45474.99
239.61	45435.39
239.68	45409.08
239.75	45384.60
239.82	45366.65
239.89	45368.44
239.96	45380.25
240.03	45390.48
240.11	45400.15
240.18	45409.60
240.25	45420.34
240.32	45429.44
240.39	45446.16
240.46	45472.18
240.53	45507.49
240.60	45550.47
240.67	45596.74
240.74	45641.78
240.81	45663.75
240.88	45669.17
240.96	45662.25
241.03	45665.73
241.10	45670.41
241.17	45673.90
241.24	45688.45
241.31	45714.38
241.38	45708.80
241.45	45695.52
241.52	45691.03
241.59	45682.94
241.66	45674.16
241.73	45685.71
241.80	45708.53
241.88	45733.35
241.95	45743.19
242.02	45759.03
242.09	45767.78
242.16	45751.07
242.23	45747.07
242.30	45753.24
242.37	45757.65
242.44	45777.28
242.51	45794.47
242.58	45802.85
242.65	45816.07
242.72	45828.51
242.79	45835.55
242.87	45863.64
242.94	45877.15
243.01	45898.32
243.08	45934.00
243.15	45956.42
243.22	45978.94
243.29	46021.55
243.36	46057.61
243.43	46084.57
243.50	46120.23
243.57	46152.77
243.64	46177.00
243.71	46196.78
243.78	46210.87
243.85	46220.81
243.92	46240.26
243.99	46248.42
244.07	46256.12
244.14	46252.39
244.21	46261.09
244.28	46267.43
244.35	46284.70
244.42	46298.89
244.49	46326.38
244.56	46349.86
244.63	46364.42
244.70	46373.42
244.77	46386.46
244.84	46405.84
244.91	46429.98
244.98	46465.60
245.05	46505.47
245.12	46558.53
245.19	46607.37
245.26	46644.11
245.33	46674.60
245.40	46701.08
245.47	46729.53
245.55	46756.03
245.62	46783.99
245.69	46809.59
245.76	46866.98
245.83	46915.15
245.90	46974.62
245.97	47041.28
246.04	47108.54
246.11	47148.22
246.18	47175.20
246.25	47176.15
246.32	47162.46
246.39	47162.85
246.46	47185.07
246.53	47230.16
246.60	47291.41
246.67	47362.94
246.74	47439.23
246.81	47501.45
246.88	47554.95
246.95	47599.31
247.02	47634.17
247.09	47659.26
247.16	47664.52
247.23	47666.82
247.30	47670.88
247.37	47685.04
247.44	47713.14
247.51	47749.04
247.58	47789.03
247.66	47843.42
247.73	47907.66
247.80	47953.26
247.87	48009.31
247.94	48073.64
248.01	48145.84
248.08	48209.69
248.15	48260.76
248.22	48306.20
248.29	48347.35
248.36	48381.98
248.43	48414.04
248.50	48472.16
248.57	48534.50
248.64	48597.74
248.71	48667.62
248.78	48744.48
248.85	48806.47
248.92	48872.16
248.99	48921.09
249.06	48942.49
249.13	48954.03
249.20	48970.83
249.27	48982.08
249.34	48991.91
249.41	49022.49
249.48	49051.20
249.55	49056.85
249.62	49066.70
249.69	49082.57
249.76	49092.28
249.83	49119.69
249.90	49187.17
249.97	49257.17
250.04	49356.91
250.11	49463.53
250.18	49549.81
250.25	49614.69
250.32	49665.09
250.39	49688.60
250.46	49715.41
250.53	49761.35
250.60	49822.23
250.67	49910.34
250.74	49998.82
250.81	50060.15
250.88	50103.71
250.95	50140.57
251.02	50156.94
251.09	50162.44
251.16	50172.89
251.23	50188.50
251.30	50199.19
251.37	50220.36
251.44	50253.78
251.51	50301.08
251.58	50371.42
251.65	50443.87
251.72	50512.92
251.79	50585.97
251.86	50654.46
251.93	50695.96
252.00	50730.29
252.07	50751.23
252.14	50777.00
252.21	50796.65
252.28	50817.52
252.35	50845.99
252.42	50902.41
252.49	50949.62
252.56	51011.79
252.63	51071.27
252.70	51137.20
252.77	51189.50
252.84	51250.03
252.91	51297.59
252.98	51347.39
253.05	51378.50
253.12	51401.44
253.19	51418.75
253.25	51436.26
253.32	51464.12
253.39	51507.88
253.46	51533.91
253.53	51556.87
253.60	51571.95
253.67	51580.16
253.74	51584.91
253.81	51623.27
253.88	51656.10
253.95	51698.70
254.02	51742.26
254.09	51779.46
254.16	51812.26
254.23	51850.49
254.30	51885.03
254.37	51923.90
254.44	51962.77
254.51	51994.82
254.58	52015.13
254.65	52046.67
254.72	52079.24
254.79	52095.66
254.86	52116.75
254.93	52142.96
255.00	52166.41
255.07	52191.35
255.14	52243.92
255.21	52267.33
255.28	52266.95
255.34	52231.60
255.41	52185.34
255.48	52126.38
255.55	52097.90
255.62	52103.49
255.69	52138.78
255.76	52161.24
255.83	52200.14
255.90	52235.69
255.97	52284.48
256.04	52326.28
256.11	52410.41
256.18	52479.99
256.25	52558.26
256.32	52623.01
256.39	52698.16
256.46	52748.96
256.53	52806.17
256.60	52864.42
256.67	52909.72
256.74	52931.82
256.80	52950.18
256.87	52933.43
256.94	52888.88
257.01	52859.38
257.08	52858.99
257.15	52855.17
257.22	52863.06
257.29	52841.79
257.36	52793.92
257.43	52699.50
257.50	52617.12
257.57	52535.88
257.64	52523.02
257.71	52547.67
257.78	52626.56
257.85	52702.50
257.92	52811.70
257.98	52902.48
258.05	52956.03
258.12	52958.34
258.19	52924.07
258.26	52843.74
258.33	52739.68
258.40	52657.35
258.47	52605.08
258.54	52600.99
258.61	52642.47
258.68	52705.17
258.75	52776.14
258.82	52867.92
258.89	52931.16
258.95	52963.50
259.02	52958.25
259.09	52928.65
259.16	52877.59
259.23	52821.22
259.30	52778.75
259.37	52774.05
259.44	52778.20
259.51	52783.43
259.58	52799.88
259.65	52802.30
259.72	52784.66
259.79	52754.10
259.85	52709.58
259.92	52660.83
259.99	52641.54
260.06	52650.00
260.13	52656.96
260.20	52666.02
260.27	52678.79
260.34	52658.70
260.41	52626.33
260.48	52607.43
260.55	52594.43
260.62	52573.49
260.68	52541.82
260.75	52496.15
260.82	52466.56
260.89	52458.74
260.96	52458.87
261.03	52467.86
261.10	52468.12
261.17	52441.14
261.24	52361.96
261.31	52252.24
261.38	52153.17
261.44	52060.61
261.51	51978.98
261.58	51952.79
261.65	51982.13
261.72	52013.54
261.79	52054.84
261.86	52080.98
261.93	52077.33
262.00	52023.43
262.07	51956.74
262.13	51888.54
262.20	51838.65
262.27	51801.11
262.34	51815.30
262.41	51851.37
262.48	51889.42
262.55	51934.87
262.62	51971.95
262.69	51970.27
262.76	51949.15
262.82	51906.36
262.89	51874.06
262.96	51855.66
263.03	51852.75
263.10	51853.73
263.17	51854.98
263.24	51832.90
263.31	51819.63
263.38	51818.51
263.44	51852.87
263.51	51895.44
263.58	51925.76
263.65	51895.08
263.72	51793.61
263.79	51640.69
263.86	51503.61
263.93	51389.20
264.00	51334.00
264.06	51336.27
264.13	51353.80
264.20	51342.11
264.27	51291.11
264.34	51202.98
264.41	51103.37
264.48	51000.67
264.55	50893.20
264.61	50790.15
264.68	50670.91
264.75	50566.61
264.82	50478.95
264.89	50438.71
264.96	50442.89
265.03	50484.12
265.10	50533.14
265.16	50556.48
265.23	50542.35
265.30	50497.75
265.37	50433.33
265.44	50352.39
265.51	50318.41
265.58	50317.82
265.65	50351.07
265.71	50415.44
265.78	50487.74
265.85	50504.88
265.92	50466.88
265.99	50354.67
266.06	50219.71
266.13	50056.53
266.20	49907.66
266.26	49815.82
266.33	49762.99
266.40	49717.91
266.47	49687.33
266.54	49658.00
266.61	49637.13
266.68	49636.97
266.74	49633.94
266.81	49598.72
266.88	49522.78
266.95	49373.87
267.02	49229.74
267.09	49117.65
267.16	49069.28
267.22	49090.93
267.29	49186.02
267.36	49276.81
267.43	49346.87
267.50	49387.69
267.57	49386.79
267.64	49327.43
267.70	49233.13
267.77	49130.71
267.84	49055.86
267.91	49014.22
267.98	49017.42
268.05	49065.93
268.11	49116.71
268.18	49120.55
268.25	49063.60
268.32	48933.81
268.39	48735.53
268.46	48479.93
268.53	48210.61
268.59	47968.65
268.66	47792.84
268.73	47698.11
268.80	47698.22
268.87	47785.62
268.94	47935.54
269.00	48100.78
269.07	48245.98
269.14	48347.54
269.21	48366.66
269.28	48314.86
269.35	48211.92
269.41	48118.47
269.48	48050.66
269.55	48035.41
269.62	48065.22
269.69	48129.90
269.76	48152.12
269.82	48129.66
269.89	48079.28
269.96	47993.85
270.03	47875.92
270.10	47747.61
270.17	47622.85
270.23	47512.31
270.30	47434.10
270.37	47419.08
270.44	47447.59
270.51	47493.35
270.58	47522.61
270.64	47527.81
270.71	47498.44
270.78	47492.06
270.85	47510.90
270.92	47541.41
270.99	47560.72
271.05	47544.45
271.12	47462.12
271.19	47328.34
271.26	47174.77
271.33	47055.63
271.39	46969.50
271.46	46889.56
271.53	46836.60
271.60	46789.28
271.67	46731.47
271.74	46659.64
271.80	46613.65
271.87	46566.06
271.94	46518.39
272.01	46464.98
272.08	46433.49
272.14	46390.62
272.21	46350.42
272.28	46321.16
272.35	46294.18
272.42	46263.90
272.48	46266.26
272.55	46267.76
272.62	46268.11
272.69	46253.12
272.76	46236.10
272.83	46197.81
272.89	46155.76
272.96	46130.63
273.03	46128.60
273.10	46128.13
273.17	46121.23
273.23	46098.89
273.30	46023.99
273.37	45890.23
273.44	45702.17
273.51	45522.55
273.57	45384.38
273.64	45297.13
273.71	45288.66
273.78	45337.52
273.85	45409.67
273.91	45486.31
273.98	45606.83
274.05	45749.20
274.12	45934.84
274.19	46116.45
274.25	46273.71
274.32	46360.96
274.39	46368.92
274.46	46280.82
274.53	46137.38
274.59	45937.67
274.66	45740.49
274.73	45560.29
274.80	45404.52
274.86	45281.15
274.93	45230.19
275.00	45191.39
275.07	45169.08
275.14	45154.35
275.20	45144.43
275.27	45117.59
275.34	45103.51
275.41	45081.44
275.48	45085.81
275.54	45102.30
275.61	45148.53
275.68	45194.04
275.75	45223.36
275.81	45239.44
275.88	45249.70
275.95	45254.08
276.02	45266.59
276.09	45312.49
276.15	45341.19
276.22	45354.86
276.29	45318.97
276.36	45186.29
276.42	45002.61
276.49	44802.69
276.56	44606.73
276.63	44441.81
276.70	44366.95
276.76	44373.09
276.83	44436.45
276.90	44527.84
276.97	44623.50
277.03	44692.33
277.10	44665.83
277.17	44583.19
277.24	44469.17
277.30	44376.01
277.37	44325.69
277.44	44367.58
277.51	44458.64
277.58	44556.98
277.64	44612.65
277.71	44597.43
277.78	44497.43
277.85	44322.43
277.91	44113.70
277.98	43903.16
278.05	43729.11
278.12	43613.61
278.18	43573.27
278.25	43602.65
278.32	43692.72
278.39	43835.46
278.45	44003.99
278.52	44201.85
278.59	44383.32
278.66	44532.99
278.72	44606.46
278.79	44575.42
278.86	44419.39
278.93	44165.65
278.99	43842.30
279.06	43546.07
279.13	43355.87
279.20	43315.79
279.26	43407.32
279.33	43614.23
279.40	43858.03
279.47	44100.98
279.53	44249.04
279.60	44269.43
279.67	44103.87
279.74	43775.16
279.80	43354.94
279.87	42951.46
279.94	42661.58
280.01	42540.49
280.07	42573.38
280.14	42674.00
280.21	42799.95
280.28	42904.73
280.34	42995.86
280.41	43082.41
280.48	43173.31
280.55	43260.38
280.61	43330.32
280.68	43378.61
280.75	43421.34
280.82	43463.59
280.88	43519.68
280.95	43549.87
281.02	43546.28
281.08	43472.27
281.15	43348.01
281.22	43183.58
281.29	43012.92
281.35	42814.20
281.42	42617.19
281.49	42399.14
281.56	42176.34
281.62	41990.63
281.69	41850.96
281.76	41760.23
281.82	41712.47
281.89	41699.26
281.96	41695.48
282.03	41741.42
282.09	41814.14
282.16	41921.99
282.23	42062.63
282.30	42225.40
282.36	42385.99
282.43	42546.85
282.50	42697.25
282.56	42792.19
282.63	42851.05
282.70	42892.32
282.77	42937.18
282.83	42990.70
282.90	43052.62
282.97	43091.32
283.03	43016.43
283.10	42791.25
283.17	42451.39
283.24	42042.03
283.30	41631.57
283.37	41329.54
283.44	41176.78
283.50	41142.55
283.57	41202.73
283.64	41290.47
283.71	41392.37
283.77	41493.33
283.84	41589.74
283.91	41688.88
283.97	41812.00
284.04	41940.84
284.11	42066.21
284.18	42180.18
284.24	42249.05
284.31	42267.92
284.38	42238.32
284.44	42172.30
284.51	42116.28
284.58	42087.43
284.64	42067.47
284.71	42032.55
284.78	41959.94
284.85	41843.55
284.91	41708.89
284.98	41572.40
285.05	41420.45
285.11	41251.13
285.18	41040.13
285.25	40800.05
285.31	40560.83
285.38	40399.16
285.45	40353.45
285.52	40420.89
285.58	40571.58
285.65	40778.66
285.72	40983.57
285.78	41166.70
285.85	41328.22
285.92	41474.87
285.98	41617.56
286.05	41767.06
286.12	41917.10
286.18	42056.63
286.25	42193.78
286.32	42297.26
286.39	42369.84
286.45	42396.77
286.52	42325.67
286.59	42121.56
286.65	41809.21
286.72	41416.07
286.79	40995.17
286.85	40649.66
286.92	40405.48
286.99	40290.33
287.05	40250.54
287.12	40302.05
287.19	40399.57
287.25	40546.88
287.32	40697.82
287.39	40855.06
287.45	40987.92
287.52	41093.82
287.59	41181.88
287.65	41270.17
287.72	41372.65
287.79	41482.12
287.86	41596.80
287.92	41700.91
287.99	41791.75
288.06	41879.30
288.12	41948.40
288.19	42022.41
288.26	42081.90
288.32	42130.34
288.39	42132.28
288.46	42098.78
288.52	42003.29
288.59	41832.47
288.66	41573.40
288.72	41252.79
288.79	40906.40
288.86	40588.11
288.92	40363.25
288.99	40261.33
289.06	40298.90
289.12	40447.36
289.19	40668.39
289.26	40933.83
289.32	41234.27
289.39	41522.95
289.45	41802.07
289.52	42025.07
289.59	42192.33
289.65	42260.05
289.72	42260.98
289.79	42223.55
289.85	42165.88
289.92	42081.01
289.99	41986.35
290.05	41860.40
290.12	41692.70
290.19	41540.97
290.25	41417.14
290.32	41357.06
290.39	41372.58
290.45	41403.72
290.52	41410.54
290.59	41350.64
290.65	41183.33
290.72	40949.46
290.79	40739.10
290.85	40625.17
290.92	40644.47
290.98	40810.48
291.05	41073.60
291.12	41377.11
291.18	41661.09
291.25	41917.78
291.32	42142.91
291.38	42347.20
291.45	42545.88
291.52	42724.89
291.58	42850.57
291.65	42914.17
291.72	42909.45
291.78	42808.63
291.85	42599.67
291.91	42368.80
291.98	42167.39
292.05	41976.72
292.11	41809.32
292.18	41645.91
292.25	41462.44
292.31	41246.08
292.38	41057.27
292.45	40913.53
292.51	40848.47
292.58	40859.55
292.64	40939.68
292.71	41065.82
292.78	41241.67
292.84	41463.65
292.91	41709.93
292.98	41959.10
293.04	42214.61
293.11	42456.03
293.17	42687.38
293.24	42914.89
293.31	43127.12
293.37	43319.67
293.44	43454.93
293.51	43533.19
293.57	43531.06
293.64	43466.49
293.70	43300.03
293.77	43021.95
293.84	42635.67
293.90	42197.28
293.97	41771.51
294.04	41439.45
294.10	41247.64
294.17	41220.28
294.23	41290.17
294.30	41364.04
294.37	41399.80
294.43	41390.70
294.50	41335.38
294.56	41280.66
294.63	41280.69
294.70	41381.74
294.76	41600.46
294.83	41916.47
294.90	42274.42
294.96	42648.98
295.03	42996.06
295.09	43304.95
295.16	43561.05
295.23	43804.29
295.29	44023.56
295.36	44203.24
295.42	44328.89
295.49	44409.36
295.56	44432.58
295.62	44390.23
295.69	44257.80
295.75	44048.04
295.82	43746.93
295.89	43338.20
295.95	42852.65
296.02	42386.27
296.08	41950.42
296.15	41565.05
296.22	41282.97
296.28	41142.35
296.35	41124.82
296.41	41250.58
296.48	41512.40
296.55	41894.12
296.61	42324.30
296.68	42758.78
296.74	43158.93
296.81	43519.64
296.88	43805.60
296.94	44022.79
297.01	44211.53
297.07	44383.56
297.14	44566.38
297.20	44778.93
297.27	45007.26
297.34	45226.32
297.40	45429.51
297.47	45561.60
297.53	45604.77
297.60	45581.72
297.67	45461.68
297.73	45229.85
297.80	44865.61
297.86	44359.60
297.93	43745.45
298.00	43099.51
298.06	42516.69
298.13	42107.88
298.19	41892.75
298.26	41877.58
298.32	41993.04
298.39	42157.49
298.46	42328.24
298.52	42558.13
298.59	42810.52
298.65	43111.12
298.72	43458.71
298.78	43838.50
298.85	44199.28
298.92	44541.04
298.98	44840.26
299.05	45117.82
299.11	45371.03
299.18	45590.38
299.24	45784.08
299.31	45960.37
299.38	46098.40
299.44	46194.14
299.51	46274.07
299.57	46311.33
299.64	46316.12
299.70	46289.33
299.77	46194.41
299.84	45943.04
299.90	45506.57
299.97	44814.77
300.03	43925.23
300.10	43012.62
300.16	42280.46
300.23	41843.52
300.30	41771.32
300.36	42008.69
300.43	42424.84
300.49	42898.86
300.56	43361.09
300.62	43807.04
300.69	44228.84
300.75	44624.71
300.82	44990.08
300.89	45308.75
300.95	45586.90
301.02	45819.36
301.08	46024.91
301.15	46204.21
301.21	46383.13
301.28	46535.12
301.34	46688.73
301.41	46822.94
301.48	46921.76
301.54	46989.60
301.61	47039.39
301.67	47000.37
301.74	46892.73
301.80	46686.49
301.87	46344.47
301.93	45851.93
302.00	45277.06
302.06	44630.97
302.13	44012.79
302.20	43500.81
302.26	43153.27
302.33	43004.55
302.39	43036.87
302.46	43198.82
302.52	43455.74
302.59	43784.05
302.65	44142.24
302.72	44513.70
302.78	44896.91
302.85	45246.91
302.91	45558.22
302.98	45833.23
303.05	46069.39
303.11	46269.21
303.18	46457.40
303.24	46625.11
303.31	46757.85
303.37	46879.58
303.44	46978.83
303.50	47032.05
303.57	47053.64
303.63	47057.65
303.70	47028.93
303.76	46959.38
303.83	46898.41
303.89	46792.43
303.96	46608.97
304.03	46329.07
304.09	45947.19
304.16	45380.54
304.22	44715.65
304.29	44098.11
304.35	43622.85
304.42	43348.75
304.48	43323.45
304.55	43510.72
304.61	43800.71
304.68	44121.22
304.74	44433.52
304.81	44755.15
304.87	45044.70
304.94	45325.56
305.00	45573.22
305.07	45773.59
305.13	45938.15
305.20	46085.29
305.26	46203.21
305.33	46315.96
305.39	46414.93
305.46	46487.14
305.52	46563.00
305.59	46602.82
305.66	46617.17
305.72	46614.64
305.79	46590.31
305.85	46517.43
305.92	46376.51
305.98	46164.05
306.05	45864.14
306.11	45508.79
306.18	45109.09
306.24	44733.30
306.31	44341.19
306.37	43967.46
306.44	43606.07
306.50	43292.20
306.57	43063.57
306.63	42993.73
306.70	43089.91
306.76	43307.97
306.83	43614.23
306.89	43936.37
306.96	44231.18
307.02	44472.50
307.09	44695.44
307.15	44865.63
307.22	45009.19
307.28	45115.63
307.35	45201.49
307.41	45266.28
307.48	45318.97
307.54	45353.99
307.61	45369.57
307.67	45364.07
307.74	45338.65
307.80	45312.95
307.87	45266.68
307.93	45229.05
308.00	45186.93
308.06	45130.53
308.13	45032.96
308.19	44908.20
308.26	44751.50
308.32	44582.96
308.38	44392.22
308.45	44176.75
308.51	43932.27
308.58	43630.98
308.64	43289.80
308.71	42986.14
308.77	42794.48
308.84	42694.80
308.90	42731.38
308.97	42876.72
309.03	43060.37
309.10	43228.68
309.16	43402.27
309.23	43549.83
309.29	43669.62
309.36	43757.39
309.42	43823.74
309.49	43875.21
309.55	43908.27
309.62	43907.14
309.68	43911.64
309.75	43878.50
309.81	43820.74
309.88	43758.19
309.94	43710.14
310.00	43628.49
310.07	43561.81
310.13	43498.73
310.20	43416.80
310.26	43328.36
310.33	43247.25
310.39	43178.09
310.46	43086.15
310.52	42968.45
310.59	42806.03
310.65	42610.16
310.72	42373.28
310.78	42161.30
310.85	41998.75
310.91	41915.38
310.97	41904.00
311.04	41946.62
311.10	41994.61
311.17	42045.22
311.23	42081.29
311.30	42096.48
311.36	42123.07
311.43	42168.00
311.49	42212.13
311.56	42254.21
311.62	42306.16
311.69	42348.98
311.75	42377.85
311.81	42384.44
311.88	42371.52
311.94	42336.40
312.01	42286.12
312.07	42215.12
312.14	42157.16
312.20	42106.22
312.27	42054.24
312.33	41998.88
312.40	41950.04
312.46	41887.31
312.52	41819.47
312.59	41741.18
312.65	41656.83
312.72	41561.91
312.78	41463.28
312.85	41339.66
312.91	41217.70
312.98	41083.83
313.04	40937.23
313.10	40792.50
313.17	40677.81
313.23	40590.47
313.30	40532.04
313.36	40509.36
313.43	40516.55
313.49	40544.56
313.56	40565.59
313.62	40597.53
313.68	40621.62
313.75	40648.82
313.81	40642.97
313.88	40630.50
313.94	40608.07
314.01	40589.04
314.07	40565.21
314.13	40552.85
314.20	40545.32
314.26	40519.43
314.33	40488.05
314.39	40445.49
314.46	40389.88
314.52	40323.11
314.58	40254.56
314.65	40171.92
314.71	40066.85
314.78	39978.77
314.84	39895.91
314.91	39823.59
314.97	39763.26
315.03	39736.60
315.10	39696.52
315.16	39640.64
315.23	39570.82
315.29	39509.49
315.36	39430.81
315.42	39357.39
315.48	39297.89
315.55	39255.15
315.61	39184.46
315.68	39131.01
315.74	39076.23
315.81	39011.63
315.87	38962.61
315.93	38954.42
316.00	38965.99
316.06	38966.32
316.13	38987.82
316.19	38987.84
316.25	38935.90
316.32	38826.57
316.38	38694.99
316.45	38509.28
316.51	38292.31
316.58	38063.00
316.64	37810.12
316.70	37563.37
316.77	37313.36
316.83	37050.24
316.90	36783.99
316.96	36522.17
317.02	36258.63
317.09	36001.24
317.15	35744.35
317.22	35487.01
317.28	35235.50
317.34	34978.80
317.41	34727.56
317.47	34489.35
317.54	34257.13
317.60	34014.58
317.66	33766.58
317.73	33510.65
317.79	33240.39
317.86	32970.30
317.92	32702.13
317.98	32421.01
318.05	32136.22
318.11	31861.79
318.18	31585.49
318.24	31299.49
318.30	31028.59
318.37	30758.37
318.43	30473.99
318.50	30206.89
318.56	29941.94
318.62	29678.88
318.69	29418.32
318.75	29168.73
318.82	28893.03
318.88	28636.44
318.94	28361.84
319.01	28091.87
319.07	27820.84
319.13	27548.85
319.20	27264.48
319.26	26983.39
319.33	26697.38
319.39	26392.56
319.45	26099.44
319.52	25815.45
319.58	25530.37
319.65	25238.29
319.71	24949.62
319.77	24659.29
319.84	24357.53
319.90	24073.69
319.96	23789.74
320.03	23512.67
320.09	23241.35
320.16	22965.36
320.22	22685.47
320.28	22396.44
320.35	22112.22
320.41	21825.60
320.47	21547.07
320.54	21269.07
320.60	21005.44
320.67	20736.62
320.73	20460.35
320.79	20175.44
320.86	19886.61
320.92	19585.28
320.98	19293.12
321.05	18996.68
321.11	18706.72
321.18	18409.02
321.24	18124.47
321.30	17838.83
321.37	17563.64
321.43	17294.13
321.49	17023.53
321.56	16748.71
321.62	16476.48
321.68	16198.86
321.75	15914.76
321.81	15637.62
321.88	15359.25
321.94	15076.60
322.00	14789.68
322.07	14503.48
322.13	14222.16
322.19	13935.64
322.26	13648.21
322.32	13369.46
322.38	13094.48
322.45	12817.18
322.51	12544.34
322.58	12283.23
322.64	12011.47
322.70	11734.92
322.77	11467.63
322.83	11198.93
322.89	10920.53
322.96	10643.26
323.02	10381.99
323.08	10104.97
323.15	9844.33
323.21	9577.86
323.27	9326.99
323.34	9067.69
323.40	8813.90
323.46	8555.92
323.53	8197.08
323.59	7075.21
323.65	5471.75
323.72	3794.70
323.78	2169.18
323.85	701.31
323.91	43.25
323.97	-81.38
324.04	-81.78
