180.21	3368.00
180.28	-116.86
180.36	625.33
180.44	-41.69
180.51	-12.25
180.59	8.97
180.66	36.11
180.74	31.82
180.81	29.41
180.89	30.55
180.97	32.49
181.04	30.15
181.12	29.38
181.19	30.50
181.27	31.47
181.34	49.18
181.42	55.34
181.50	63.58
181.57	74.71
181.65	80.86
181.72	74.43
181.80	69.91
181.87	70.36
181.95	70.52
182.03	68.60
182.10	69.75
182.18	71.38
182.25	76.08
182.33	75.76
182.40	83.29
182.48	79.08
182.55	91.04
182.63	94.98
182.71	97.35
182.78	99.05
182.86	105.91
182.93	103.06
183.01	106.03
183.08	106.51
183.16	110.80
183.23	106.94
183.31	112.88
183.39	111.20
183.46	120.50
183.54	115.39
183.61	122.63
183.69	124.31
183.76	134.26
183.84	133.79
183.91	136.48
183.99	146.50
184.06	148.43
184.14	150.87
184.22	154.94
184.29	157.72
184.37	154.91
184.44	148.58
184.52	137.67
184.59	133.53
184.67	137.12
184.74	131.22
184.82	143.33
184.89	155.28
184.97	163.85
185.04	170.45
185.12	178.28
185.20	184.88
185.27	192.34
185.35	201.50
185.42	200.46
185.50	212.53
185.57	213.26
185.65	217.86
185.72	216.72
185.80	225.14
185.87	220.78
185.95	217.52
186.02	216.87
186.10	214.37
186.17	213.08
186.25	214.06
186.33	207.53
186.40	201.42
186.48	203.51
186.55	207.02
186.63	208.42
186.70	234.00
186.78	248.08
186.85	263.69
186.93	272.54
187.00	285.85
187.08	279.89
187.15	285.34
187.23	285.86
187.30	289.41
187.38	296.92
187.45	311.07
187.53	323.32
187.60	328.13
187.68	336.64
187.75	346.53
187.83	354.74
187.90	351.30
187.98	353.25
188.05	356.93
188.13	343.89
188.21	323.91
188.28	323.85
188.36	319.36
188.43	315.70
188.51	326.75
188.58	348.95
188.66	348.09
188.73	358.98
188.81	377.69
188.88	384.74
188.96	391.89
189.03	415.99
189.11	437.25
189.18	448.24
189.26	465.18
189.33	489.31
189.41	516.04
189.48	534.76
189.56	553.62
189.63	571.92
189.71	568.38
189.78	544.42
189.86	518.63
189.93	495.05
190.01	465.69
190.08	448.25
190.16	436.40
190.23	424.92
190.31	422.62
190.38	420.28
190.46	425.82
190.53	445.35
190.61	483.60
190.68	505.68
190.76	548.94
190.83	582.74
190.91	606.62
190.98	615.41
191.06	636.74
191.13	642.50
191.21	644.22
191.28	638.96
191.35	632.44
191.43	617.03
191.50	596.54
191.58	589.19
191.65	594.33
191.73	600.19
191.80	611.60
191.88	618.77
191.95	622.21
192.03	626.75
192.10	637.89
192.18	652.10
192.25	678.15
192.33	695.35
192.40	701.95
192.48	701.64
192.55	694.40
192.63	675.09
192.70	666.38
192.78	664.32
192.85	672.85
192.93	676.35
193.00	671.35
193.08	652.27
193.15	633.06
193.22	614.83
193.30	610.71
193.37	645.18
193.45	682.53
193.52	732.57
193.60	788.67
193.67	834.69
193.75	860.58
193.82	892.79
193.90	906.91
193.97	906.41
194.05	895.71
194.12	872.39
194.20	846.20
194.27	813.85
194.34	768.80
194.42	728.63
194.49	709.34
194.57	689.88
194.64	673.14
194.72	669.15
194.79	676.31
194.87	687.69
194.94	722.54
195.02	782.10
195.09	851.49
195.17	925.26
195.24	990.52
195.31	1042.14
195.39	1074.96
195.46	1092.57
195.54	1104.41
195.61	1105.91
195.69	1085.31
195.76	1051.18
195.84	1003.62
195.91	917.25
195.99	816.55
196.06	729.14
196.13	671.59
196.21	646.79
196.28	669.69
196.36	733.81
196.43	816.15
196.51	901.48
196.58	985.68
196.66	1061.77
196.73	1117.20
196.80	1153.55
196.88	1173.29
196.95	1187.19
197.03	1188.43
197.10	1172.06
197.18	1140.50
197.25	1081.73
197.33	992.73
197.40	897.25
197.47	799.63
197.55	726.51
197.62	683.86
197.70	680.40
197.77	706.60
197.85	768.64
197.92	840.34
197.99	932.16
198.07	1032.11
198.14	1126.01
198.22	1222.51
198.29	1299.98
198.37	1356.63
198.44	1395.77
198.51	1414.05
198.59	1401.01
198.66	1379.16
198.74	1321.76
198.81	1221.84
198.89	1096.78
198.96	977.71
199.03	859.90
199.11	780.63
199.18	751.72
199.26	772.28
199.33	829.14
199.41	921.40
199.48	1022.06
199.55	1131.34
199.63	1230.59
199.70	1325.71
199.78	1404.18
199.85	1480.85
199.93	1545.35
200.00	1605.86
200.07	1630.81
200.15	1632.78
200.22	1596.69
200.30	1507.74
200.37	1370.26
200.44	1193.61
200.52	1022.99
200.59	894.46
200.67	820.17
200.74	812.14
200.81	873.45
200.89	963.27
200.96	1064.96
201.04	1172.48
201.11	1291.98
201.19	1413.34
201.26	1528.30
201.33	1621.70
201.41	1703.30
201.48	1755.52
201.56	1775.66
201.63	1777.97
201.70	1739.06
201.78	1651.81
201.85	1519.76
201.93	1365.11
202.00	1208.20
202.07	1083.97
202.15	989.96
202.22	949.20
202.30	968.96
202.37	1024.44
202.44	1115.06
202.52	1251.31
202.59	1407.14
202.67	1553.82
202.74	1693.18
202.81	1820.04
202.89	1934.89
202.96	2048.91
203.04	2158.99
203.11	2235.77
203.18	2286.18
203.26	2285.10
203.33	2215.79
203.41	2081.25
203.48	1896.13
203.55	1637.18
203.63	1390.19
203.70	1207.46
203.77	1105.99
203.85	1100.85
203.92	1206.04
204.00	1378.42
204.07	1557.65
204.14	1740.77
204.22	1919.47
204.29	2106.80
204.37	2265.62
204.44	2409.87
204.51	2532.16
204.59	2614.87
204.66	2642.82
204.73	2635.02
204.81	2580.69
204.88	2469.01
204.96	2294.26
205.03	2052.66
205.10	1794.20
205.18	1567.18
205.25	1389.07
205.32	1294.15
205.40	1306.92
205.47	1399.68
205.55	1542.33
205.62	1734.86
205.69	1972.98
205.77	2221.25
205.84	2462.68
205.91	2688.27
205.99	2884.17
206.06	3045.42
206.14	3197.86
206.21	3342.00
206.28	3451.91
206.36	3534.55
206.43	3547.99
206.50	3479.73
206.58	3302.28
206.65	3022.08
206.72	2636.06
206.80	2241.17
206.87	1904.45
206.95	1690.81
207.02	1638.26
207.09	1756.76
207.17	1993.08
207.24	2284.55
207.31	2591.69
207.39	2896.31
207.46	3194.71
207.53	3479.44
207.61	3756.69
207.68	4012.65
207.75	4248.89
207.83	4446.09
207.90	4586.34
207.98	4642.81
208.05	4616.91
208.12	4476.61
208.20	4225.48
208.27	3865.31
208.34	3409.34
208.42	2931.69
208.49	2546.14
208.56	2289.86
208.64	2201.92
208.71	2290.94
208.78	2499.67
208.86	2778.05
208.93	3093.14
209.00	3440.55
209.08	3812.14
209.15	4199.46
209.22	4574.93
209.30	4926.44
209.37	5242.84
209.44	5520.60
209.52	5753.83
209.59	5915.70
209.67	6006.95
209.74	5989.04
209.81	5857.32
209.89	5566.46
209.96	5115.97
210.03	4556.17
210.11	4010.80
210.18	3524.28
210.25	3183.86
210.33	3065.00
210.40	3164.39
210.47	3415.45
210.55	3787.22
210.62	4229.90
210.69	4692.08
210.77	5160.66
210.84	5598.97
210.91	6015.68
210.99	6401.83
211.06	6781.21
211.13	7134.10
211.21	7464.16
211.28	7724.16
211.35	7914.09
211.42	7959.95
211.50	7835.66
211.57	7512.29
211.64	7011.15
211.72	6333.26
211.79	5601.42
211.86	4994.97
211.94	4641.58
212.01	4556.57
212.08	4765.28
212.16	5176.22
212.23	5650.24
212.30	6097.47
212.38	6512.27
212.45	6899.65
212.52	7256.79
212.60	7599.32
212.67	7959.96
212.74	8344.10
212.82	8737.19
212.89	9139.59
212.96	9486.82
213.03	9724.25
213.11	9815.01
213.18	9712.60
213.25	9425.23
213.33	8932.17
213.40	8276.96
213.47	7621.65
213.55	7087.50
213.62	6716.40
213.69	6620.86
213.77	6811.20
213.84	7170.55
213.91	7620.33
213.98	8113.83
214.06	8574.20
214.13	8973.80
214.20	9326.16
214.28	9688.14
214.35	10083.93
214.42	10541.85
214.50	11046.28
214.57	11560.56
214.64	12021.54
214.72	12385.54
214.79	12620.58
214.86	12696.75
214.93	12590.17
215.01	12287.26
215.08	11765.59
215.15	11037.10
215.23	10218.81
215.30	9531.81
215.37	9128.22
215.44	9107.00
215.52	9471.56
215.59	10116.76
215.66	10847.19
215.74	11535.11
215.81	12124.01
215.88	12657.79
215.95	13171.07
216.03	13673.81
216.10	14155.84
216.17	14616.99
216.25	15003.88
216.32	15306.80
216.39	15518.00
216.46	15655.81
216.54	15714.96
216.61	15697.85
216.68	15551.11
216.76	15245.33
216.83	14729.29
216.90	14019.46
216.97	13268.15
217.05	12674.97
217.12	12364.00
217.19	12412.88
217.27	12842.16
217.34	13538.72
217.41	14345.84
217.48	15171.45
217.56	15954.98
217.63	16664.04
217.70	17258.72
217.78	17739.91
217.85	18127.73
217.92	18449.88
217.99	18719.72
218.07	18943.10
218.14	19156.59
218.21	19374.62
218.28	19588.46
218.36	19761.07
218.43	19853.74
218.50	19785.65
218.57	19470.62
218.65	18874.04
218.72	18038.80
218.79	17160.47
218.87	16453.00
218.94	16090.80
219.01	16172.47
219.08	16692.89
219.16	17505.21
219.23	18415.43
219.30	19284.07
219.37	20043.91
219.45	20702.31
219.52	21273.35
219.59	21783.18
219.66	22257.31
219.74	22719.93
219.81	23151.59
219.88	23537.66
219.95	23900.43
220.03	24223.33
220.10	24487.19
220.17	24648.50
220.24	24663.54
220.32	24474.76
220.39	24063.34
220.46	23403.74
220.53	22578.16
220.61	21766.33
220.68	21162.88
220.75	20910.84
220.82	21056.32
220.90	21536.37
220.97	22201.36
221.04	22891.16
221.11	23510.93
221.19	24059.98
221.26	24585.08
221.33	25109.56
221.40	25641.78
221.48	26161.78
221.55	26657.56
221.62	27118.00
221.69	27544.43
221.77	27923.27
221.84	28250.75
221.91	28503.00
221.98	28666.52
222.06	28699.12
222.13	28607.74
222.20	28395.21
222.27	28066.11
222.35	27630.45
222.42	27197.92
222.49	26878.28
222.56	26704.66
222.63	26698.25
222.71	26866.00
222.78	27144.15
222.85	27435.26
222.92	27738.31
223.00	28067.36
223.07	28438.33
223.14	28843.35
223.21	29273.20
223.29	29731.24
223.36	30201.24
223.43	30667.86
223.50	31109.93
223.57	31516.68
223.65	31850.56
223.72	32088.01
223.79	32211.84
223.86	32233.21
223.94	32178.79
224.01	32070.60
224.08	31942.05
224.15	31815.59
224.22	31686.32
224.30	31565.25
224.37	31502.67
224.44	31510.79
224.51	31580.04
224.59	31735.94
224.66	31977.74
224.73	32236.22
224.80	32516.92
224.87	32821.31
224.95	33144.22
225.02	33469.60
225.09	33811.12
225.16	34143.21
225.23	34470.09
225.31	34758.16
225.38	35001.92
225.45	35197.53
225.52	35324.85
225.60	35361.37
225.67	35324.66
225.74	35204.68
225.81	35022.96
225.88	34867.90
225.96	34795.23
226.03	34813.64
226.10	34922.57
226.17	35132.68
226.24	35366.64
226.32	35608.11
226.39	35847.09
226.46	36105.90
226.53	36362.58
226.60	36632.38
226.68	36878.70
226.75	37116.34
226.82	37344.06
226.89	37531.75
226.96	37692.32
227.04	37825.55
227.11	37933.77
227.18	38028.00
227.25	38113.76
227.32	38188.14
227.40	38263.34
227.47	38305.49
227.54	38287.81
227.61	38222.65
227.68	38101.17
227.76	37934.29
227.83	37821.11
227.90	37804.92
227.97	37880.39
228.04	38060.52
228.11	38309.36
228.19	38562.57
228.26	38793.99
228.33	39015.39
228.40	39207.73
228.47	39395.89
228.55	39570.43
228.62	39737.64
228.69	39879.20
228.76	39991.69
228.83	40100.12
228.90	40216.55
228.98	40325.26
229.05	40445.34
229.12	40597.67
229.19	40755.57
229.26	40900.37
229.34	41015.65
229.41	41115.17
229.48	41160.75
229.55	41159.82
229.62	41126.34
229.69	41052.99
229.77	40956.44
229.84	40878.18
229.91	40847.80
229.98	40867.14
230.05	40953.72
230.12	41099.41
230.20	41265.82
230.27	41440.49
230.34	41597.41
230.41	41753.93
230.48	41877.20
230.55	41997.85
230.63	42087.60
230.70	42176.44
230.77	42244.76
230.84	42303.90
230.91	42345.40
230.98	42397.94
231.06	42463.06
231.13	42562.29
231.20	42690.52
231.27	42831.46
231.34	42949.17
231.41	43058.65
231.49	43130.33
231.56	43193.28
231.63	43245.86
231.70	43292.77
231.77	43314.58
231.84	43328.36
231.92	43331.65
231.99	43329.96
232.06	43358.60
232.13	43412.57
232.20	43491.25
232.27	43575.63
232.34	43662.78
232.42	43711.00
232.49	43752.45
232.56	43784.96
232.63	43811.97
232.70	43843.80
232.77	43898.01
232.85	43953.56
232.92	44015.83
232.99	44075.04
233.06	44149.93
233.13	44225.33
233.20	44289.96
233.27	44340.05
233.35	44386.63
233.42	44418.05
233.49	44457.53
233.56	44505.44
233.63	44558.12
233.70	44614.42
233.77	44664.14
233.85	44697.23
233.92	44746.21
233.99	44791.35
234.06	44837.24
234.13	44884.35
234.20	44953.40
234.27	44985.58
234.35	45017.17
234.42	45038.09
234.49	45053.02
234.56	45053.38
234.63	45056.28
234.70	45054.58
234.77	45045.44
234.84	45032.09
234.92	45014.66
234.99	45019.52
235.06	45036.13
235.13	45066.91
235.20	45111.95
235.27	45170.21
235.34	45224.51
235.41	45276.41
235.49	45313.89
235.56	45361.31
235.63	45398.51
235.70	45422.35
235.77	45448.19
235.84	45473.35
235.91	45467.97
235.98	45466.30
236.06	45456.49
236.13	45445.19
236.20	45450.55
236.27	45456.91
236.34	45466.40
236.41	45484.35
236.48	45496.21
236.55	45502.09
236.63	45513.12
236.70	45515.23
236.77	45527.02
236.84	45550.89
236.91	45579.35
236.98	45606.93
237.05	45631.66
237.12	45646.46
237.19	45650.14
237.27	45640.71
237.34	45642.84
237.41	45646.75
237.48	45643.44
237.55	45641.50
237.62	45653.44
237.69	45672.28
237.76	45689.68
237.83	45724.24
237.91	45750.98
237.98	45771.62
238.05	45781.83
238.12	45798.20
238.19	45796.67
238.26	45809.96
238.33	45819.08
238.40	45812.10
238.47	45799.40
238.54	45796.74
238.62	45785.05
238.69	45783.96
238.76	45765.41
238.83	45754.12
238.90	45758.27
238.97	45777.92
239.04	45792.43
239.11	45833.02
239.18	45866.74
239.25	45883.26
239.33	45870.99
239.40	45857.28
239.47	45835.87
239.54	45805.48
239.61	45769.36
239.68	45747.46
239.75	45735.75
239.82	45735.43
239.89	45736.13
239.96	45751.79
240.03	45763.87
240.11	45755.00
240.18	45754.16
240.25	45765.56
240.32	45776.51
240.39	45797.42
240.46	45836.37
240.53	45883.78
240.60	45930.61
240.67	45967.82
240.74	46001.15
240.81	46025.49
240.88	46028.97
240.96	46023.24
241.03	46015.55
241.10	46004.60
241.17	46002.25
241.24	46008.40
241.31	46021.27
241.38	46032.68
241.45	46032.94
241.52	46029.68
241.59	46029.92
241.66	46029.36
241.73	46042.35
241.80	46078.21
241.88	46101.45
241.95	46117.40
242.02	46123.99
242.09	46120.14
242.16	46104.78
242.23	46109.18
242.30	46118.98
242.37	46130.22
242.44	46143.18
242.51	46148.63
242.58	46152.03
242.65	46145.40
242.72	46159.03
242.79	46167.80
242.87	46198.44
242.94	46214.55
243.01	46251.13
243.08	46278.89
243.15	46313.20
243.22	46335.53
243.29	46375.33
243.36	46395.71
243.43	46418.63
243.50	46453.45
243.57	46494.05
243.64	46506.88
243.71	46540.89
243.78	46567.65
243.85	46575.97
243.92	46568.90
243.99	46585.44
244.07	46592.13
244.14	46599.96
244.21	46619.28
244.28	46645.07
244.35	46671.18
244.42	46682.24
244.49	46693.45
244.56	46704.43
244.63	46720.92
244.70	46717.75
244.77	46725.54
244.84	46737.82
244.91	46758.40
244.98	46786.07
245.05	46835.76
245.12	46885.95
245.19	46941.21
245.26	46976.53
245.33	47005.12
245.40	47031.75
245.47	47056.35
245.55	47085.16
245.62	47117.32
245.69	47155.52
245.76	47217.89
245.83	47282.23
245.90	47335.39
245.97	47394.18
246.04	47460.49
246.11	47500.01
246.18	47511.70
246.25	47518.66
246.32	47516.61
246.39	47510.94
246.46	47514.60
246.53	47563.41
246.60	47624.76
246.67	47706.32
246.74	47785.18
246.81	47847.75
246.88	47894.36
246.95	47941.35
247.02	47969.34
247.09	47990.84
247.16	48012.48
247.23	48032.65
247.30	48037.56
247.37	48056.87
247.44	48090.36
247.51	48125.55
247.58	48162.28
247.66	48216.10
247.73	48272.52
247.80	48312.50
247.87	48363.80
247.94	48428.64
248.01	48484.04
248.08	48538.68
248.15	48590.85
248.22	48642.39
248.29	48687.63
248.36	48742.47
248.43	48788.23
248.50	48847.58
248.57	48897.96
248.64	48949.00
248.71	49010.35
248.78	49082.03
248.85	49148.71
248.92	49220.81
248.99	49270.46
249.06	49298.73
249.13	49311.35
249.20	49324.20
249.27	49338.15
249.34	49367.37
249.41	49400.25
249.48	49422.76
249.55	49438.37
249.62	49445.74
249.69	49446.01
249.76	49447.17
249.83	49471.09
249.90	49532.05
249.97	49611.48
250.04	49712.99
250.11	49826.77
250.18	49927.48
250.25	49987.92
250.32	50019.18
250.39	50045.88
250.46	50076.89
250.53	50121.11
250.60	50189.95
250.67	50278.41
250.74	50352.49
250.81	50414.92
250.88	50470.21
250.95	50497.76
251.02	50530.18
251.09	50542.07
251.16	50544.31
251.23	50537.27
251.30	50544.48
251.37	50552.53
251.44	50595.04
251.51	50657.94
251.58	50744.31
251.65	50822.04
251.72	50887.18
251.79	50952.64
251.86	51005.36
251.93	51046.18
252.00	51082.22
252.07	51114.50
252.14	51135.08
252.21	51153.38
252.28	51173.33
252.35	51202.44
252.42	51263.27
252.49	51331.15
252.56	51385.00
252.63	51443.24
252.70	51503.83
252.77	51552.39
252.84	51602.47
252.91	51655.75
252.98	51707.26
253.05	51751.40
253.12	51765.64
253.19	51778.67
253.25	51807.20
253.32	51821.63
253.39	51841.90
253.46	51872.12
253.53	51891.81
253.60	51886.47
253.67	51883.07
253.74	51903.45
253.81	51932.46
253.88	51964.18
253.95	52019.42
254.02	52078.27
254.09	52115.06
254.16	52154.24
254.23	52181.77
254.30	52210.80
254.37	52244.89
254.44	52281.13
254.51	52307.77
254.58	52342.92
254.65	52379.69
254.72	52410.36
254.79	52436.42
254.86	52460.50
254.93	52481.96
255.00	52501.14
255.07	52526.19
255.14	52561.86
255.21	52595.17
255.28	52599.50
255.34	52561.89
255.41	52520.90
255.48	52466.75
255.55	52421.03
255.62	52421.06
255.69	52448.32
255.76	52484.16
255.83	52528.30
255.90	52568.51
255.97	52617.04
256.04	52676.55
256.11	52744.68
256.18	52819.93
256.25	52908.30
256.32	52988.10
256.39	53052.82
256.46	53115.78
256.53	53168.33
256.60	53223.58
256.67	53258.94
256.74	53287.40
256.80	53283.11
256.87	53268.40
256.94	53226.24
257.01	53194.89
257.08	53183.47
257.15	53198.75
257.22	53211.85
257.29	53194.67
257.36	53142.02
257.43	53052.64
257.50	52959.13
257.57	52866.78
257.64	52837.45
257.71	52857.91
257.78	52942.07
257.85	53029.09
257.92	53141.75
257.98	53237.54
258.05	53308.19
258.12	53311.74
258.19	53269.51
258.26	53180.55
258.33	53067.93
258.40	52967.34
258.47	52909.64
258.54	52904.97
258.61	52937.04
258.68	53011.52
258.75	53093.74
258.82	53183.44
258.89	53256.13
258.95	53301.93
259.02	53309.72
259.09	53285.06
259.16	53230.43
259.23	53162.91
259.30	53102.34
259.37	53066.96
259.44	53045.66
259.51	53052.04
259.58	53068.27
259.65	53088.66
259.72	53088.00
259.79	53073.65
259.85	53028.72
259.92	52976.14
259.99	52956.06
260.06	52962.33
260.13	52977.89
260.20	53005.00
260.27	53020.75
260.34	52995.31
260.41	52956.64
260.48	52926.51
260.55	52907.15
260.62	52885.85
260.68	52846.46
260.75	52801.40
260.82	52769.82
260.89	52744.79
260.96	52740.86
261.03	52772.16
261.10	52781.48
261.17	52736.35
261.24	52649.87
261.31	52539.90
261.38	52419.91
261.44	52311.86
261.51	52247.50
261.58	52228.17
261.65	52253.29
261.72	52290.72
261.79	52334.31
261.86	52359.73
261.93	52353.34
262.00	52299.60
262.07	52227.68
262.13	52156.35
262.20	52104.75
262.27	52065.69
262.34	52084.77
262.41	52117.08
262.48	52157.87
262.55	52197.63
262.62	52235.19
262.69	52229.00
262.76	52223.47
262.82	52204.45
262.89	52187.69
262.96	52176.08
263.03	52178.72
263.10	52166.55
263.17	52144.52
263.24	52112.28
263.31	52094.83
263.38	52098.48
263.44	52129.71
263.51	52185.81
263.58	52218.55
263.65	52184.38
263.72	52068.64
263.79	51912.16
263.86	51748.27
263.93	51636.67
264.00	51593.24
264.06	51609.39
264.13	51623.83
264.20	51631.18
264.27	51569.70
264.34	51466.17
264.41	51350.86
264.48	51253.26
264.55	51138.97
264.61	51026.95
264.68	50916.68
264.75	50819.22
264.82	50721.20
264.89	50674.16
264.96	50687.21
265.03	50722.87
265.10	50765.57
265.16	50808.56
265.23	50790.76
265.30	50732.11
265.37	50664.91
265.44	50592.95
265.51	50544.29
265.58	50561.14
265.65	50610.35
265.71	50682.37
265.78	50758.94
265.85	50779.35
265.92	50723.23
265.99	50613.49
266.06	50461.00
266.13	50279.77
266.20	50135.81
266.26	50040.50
266.33	49961.61
266.40	49903.08
266.47	49880.59
266.54	49853.13
266.61	49835.32
266.68	49856.06
266.74	49876.33
266.81	49834.30
266.88	49741.59
266.95	49605.06
267.02	49463.81
267.09	49344.48
267.16	49298.86
267.22	49331.97
267.29	49405.67
267.36	49489.77
267.43	49574.08
267.50	49620.62
267.57	49613.38
267.64	49545.92
267.70	49439.42
267.77	49308.68
267.84	49208.32
267.91	49165.89
267.98	49187.76
268.05	49249.66
268.11	49321.50
268.18	49340.18
268.25	49288.30
268.32	49160.37
268.39	48944.64
268.46	48684.58
268.53	48407.73
268.59	48151.78
268.66	47960.20
268.73	47863.81
268.80	47863.06
268.87	47953.84
268.94	48112.53
269.00	48290.76
269.07	48444.28
269.14	48541.33
269.21	48561.67
269.28	48501.18
269.35	48396.97
269.41	48299.80
269.48	48221.52
269.55	48201.42
269.62	48238.88
269.69	48304.71
269.76	48333.97
269.82	48327.83
269.89	48283.92
269.96	48194.46
270.03	48067.05
270.10	47937.93
270.17	47800.71
270.23	47673.76
270.30	47587.61
270.37	47573.87
270.44	47598.72
270.51	47641.33
270.58	47685.92
270.64	47705.06
270.71	47691.76
270.78	47691.32
270.85	47708.64
270.92	47734.05
270.99	47743.25
271.05	47713.03
271.12	47620.77
271.19	47499.27
271.26	47337.49
271.33	47213.27
271.39	47123.99
271.46	47042.96
271.53	46981.74
271.60	46942.95
271.67	46888.05
271.74	46822.09
271.80	46772.68
271.87	46722.24
271.94	46671.98
272.01	46616.16
272.08	46569.88
272.14	46522.41
272.21	46489.16
272.28	46462.15
272.35	46437.02
272.42	46418.38
272.48	46427.93
272.55	46424.64
272.62	46413.45
272.69	46394.04
272.76	46375.67
272.83	46339.32
272.89	46291.85
272.96	46271.19
273.03	46271.34
273.10	46262.74
273.17	46251.57
273.23	46236.66
273.30	46155.31
273.37	46018.99
273.44	45831.72
273.51	45646.83
273.57	45496.55
273.64	45411.78
273.71	45401.10
273.78	45451.37
273.85	45535.69
273.91	45619.18
273.98	45743.67
274.05	45884.33
274.12	46052.92
274.19	46231.10
274.25	46400.82
274.32	46501.56
274.39	46517.51
274.46	46458.35
274.53	46306.32
274.59	46101.20
274.66	45885.29
274.73	45686.85
274.80	45512.06
274.86	45395.32
274.93	45336.60
275.00	45308.68
275.07	45297.36
275.14	45283.95
275.20	45259.79
275.27	45233.53
275.34	45194.95
275.41	45165.20
275.48	45168.27
275.54	45204.30
275.61	45244.79
275.68	45298.86
275.75	45338.60
275.81	45357.56
275.88	45356.60
275.95	45357.95
276.02	45371.84
276.09	45411.97
276.15	45444.95
276.22	45465.06
276.29	45434.68
276.36	45309.80
276.42	45133.86
276.49	44925.44
276.56	44720.38
276.63	44557.93
276.70	44478.28
276.76	44463.94
276.83	44527.97
276.90	44618.13
276.97	44708.74
277.03	44766.33
277.10	44759.63
277.17	44676.94
277.24	44559.74
277.30	44461.20
277.37	44430.24
277.44	44463.53
277.51	44559.64
277.58	44667.93
277.64	44739.39
277.71	44717.27
277.78	44616.08
277.85	44436.18
277.91	44202.86
277.98	43974.27
278.05	43790.05
278.12	43670.08
278.18	43620.97
278.25	43657.29
278.32	43743.04
278.39	43884.38
278.45	44066.99
278.52	44268.86
278.59	44466.32
278.66	44624.62
278.72	44705.91
278.79	44666.59
278.86	44507.78
278.93	44233.40
278.99	43900.68
279.06	43591.28
279.13	43385.12
279.20	43339.18
279.26	43445.25
279.33	43663.95
279.40	43929.15
279.47	44189.76
279.53	44350.56
279.60	44356.09
279.67	44166.90
279.74	43822.87
279.80	43393.29
279.87	42976.21
279.94	42692.66
280.01	42577.89
280.07	42605.47
280.14	42711.13
280.21	42837.00
280.28	42943.75
280.34	43042.56
280.41	43129.85
280.48	43216.63
280.55	43303.98
280.61	43374.55
280.68	43426.65
280.75	43469.96
280.82	43519.61
280.88	43577.37
280.95	43616.71
281.02	43610.96
281.08	43541.25
281.15	43416.09
281.22	43254.96
281.29	43071.58
281.35	42872.69
281.42	42663.67
281.49	42445.88
281.56	42219.47
281.62	42032.60
281.69	41891.24
281.76	41811.09
281.82	41753.90
281.89	41735.06
281.96	41739.50
282.03	41778.97
282.09	41845.31
282.16	41957.96
282.23	42091.68
282.30	42236.33
282.36	42409.33
282.43	42579.75
282.50	42738.93
282.56	42865.19
282.63	42959.03
282.70	43008.71
282.77	43057.56
282.83	43106.59
282.90	43158.72
282.97	43171.23
283.03	43078.76
283.10	42842.34
283.17	42489.29
283.24	42062.91
283.30	41652.66
283.37	41351.29
283.44	41191.41
283.50	41146.69
283.57	41205.76
283.64	41301.14
283.71	41405.61
283.77	41520.55
283.84	41636.19
283.91	41736.31
283.97	41857.64
284.04	41994.48
284.11	42116.98
284.18	42236.91
284.24	42330.63
284.31	42359.81
284.38	42325.80
284.44	42261.05
284.51	42187.33
284.58	42145.20
284.64	42110.81
284.71	42064.96
284.78	42005.11
284.85	41909.80
284.91	41758.30
284.98	41620.49
285.05	41473.52
285.11	41286.97
285.18	41046.14
285.25	40794.93
285.31	40542.60
285.38	40364.46
285.45	40304.92
285.52	40390.07
285.58	40561.48
285.65	40779.63
285.72	41002.07
285.78	41196.86
285.85	41356.41
285.92	41506.14
285.98	41649.72
286.05	41799.52
286.12	41947.82
286.18	42105.31
286.25	42249.84
286.32	42371.58
286.39	42461.67
286.45	42495.75
286.52	42410.10
286.59	42188.55
286.65	41853.51
286.72	41425.38
286.79	40999.10
286.85	40640.31
286.92	40397.71
286.99	40274.13
287.05	40242.65
287.12	40287.28
287.19	40382.06
287.25	40533.15
287.32	40691.42
287.39	40860.57
287.45	40989.67
287.52	41102.29
287.59	41202.57
287.65	41299.46
287.72	41404.19
287.79	41528.78
287.86	41642.41
287.92	41743.97
287.99	41838.27
288.06	41929.12
288.12	41990.30
288.19	42060.25
288.26	42114.32
288.32	42159.62
288.39	42164.86
288.46	42142.61
288.52	42068.00
288.59	41896.12
288.66	41620.20
288.72	41284.11
288.79	40922.49
288.86	40578.36
288.92	40322.86
288.99	40222.82
289.06	40261.48
289.12	40410.73
289.19	40642.55
289.26	40938.23
289.32	41250.27
289.39	41554.26
289.45	41842.84
289.52	42079.60
289.59	42246.06
289.65	42326.98
289.72	42332.80
289.79	42302.11
289.85	42240.62
289.92	42165.14
289.99	42058.03
290.05	41914.35
290.12	41725.78
290.19	41573.85
290.25	41441.77
290.32	41385.28
290.39	41394.71
290.45	41432.37
290.52	41422.38
290.59	41356.27
290.65	41181.15
290.72	40928.47
290.79	40714.85
290.85	40600.07
290.92	40620.29
290.98	40787.57
291.05	41082.84
291.12	41394.67
291.18	41689.24
291.25	41949.74
291.32	42178.17
291.38	42382.98
291.45	42586.16
291.52	42770.30
291.58	42907.63
291.65	42976.48
291.72	42965.73
291.78	42864.20
291.85	42659.96
291.91	42427.43
291.98	42225.58
292.05	42038.76
292.11	41861.13
292.18	41692.07
292.25	41484.13
292.31	41254.66
292.38	41055.27
292.45	40901.67
292.51	40826.77
292.58	40848.49
292.64	40927.24
292.71	41046.91
292.78	41230.70
292.84	41458.29
292.91	41717.56
292.98	41977.61
293.04	42249.62
293.11	42506.47
293.17	42753.31
293.24	42989.99
293.31	43221.72
293.37	43421.51
293.44	43568.76
293.51	43652.07
293.57	43649.47
293.64	43576.67
293.70	43406.80
293.77	43098.59
293.84	42679.99
293.90	42224.94
293.97	41765.28
294.04	41406.46
294.10	41212.19
294.17	41183.94
294.23	41236.04
294.30	41331.39
294.37	41375.25
294.43	41363.48
294.50	41300.71
294.56	41251.74
294.63	41259.71
294.70	41368.95
294.76	41615.74
294.83	41949.28
294.90	42333.56
294.96	42711.27
295.03	43065.95
295.09	43369.81
295.16	43649.02
295.23	43889.34
295.29	44107.59
295.36	44291.72
295.42	44434.23
295.49	44512.47
295.56	44551.54
295.62	44518.64
295.69	44389.40
295.75	44167.70
295.82	43841.24
295.89	43397.61
295.95	42897.24
296.02	42407.22
296.08	41945.74
296.15	41549.70
296.22	41255.10
296.28	41091.83
296.35	41075.59
296.41	41199.60
296.48	41469.17
296.55	41864.08
296.61	42303.96
296.68	42744.15
296.74	43163.35
296.81	43530.30
296.88	43820.28
296.94	44061.60
297.01	44263.65
297.07	44454.00
297.14	44670.14
297.20	44909.68
297.27	45157.90
297.34	45391.39
297.40	45591.47
297.47	45713.85
297.53	45758.57
297.60	45732.04
297.67	45610.90
297.73	45379.06
297.80	45000.98
297.86	44462.52
297.93	43809.23
298.00	43130.19
298.06	42508.32
298.13	42065.21
298.19	41848.81
298.26	41816.75
298.32	41928.28
298.39	42104.09
298.46	42309.08
298.52	42536.20
298.59	42810.26
298.65	43124.84
298.72	43495.35
298.78	43880.87
298.85	44265.62
298.92	44620.05
298.98	44945.78
299.05	45232.80
299.11	45487.81
299.18	45716.05
299.24	45928.87
299.31	46098.10
299.38	46245.54
299.44	46348.29
299.51	46429.62
299.57	46460.21
299.64	46464.45
299.70	46421.69
299.77	46323.23
299.84	46064.53
299.90	45613.49
299.97	44892.60
300.03	43963.10
300.10	43015.97
300.16	42251.05
300.23	41789.84
300.30	41704.50
300.36	41955.65
300.43	42389.55
300.49	42873.21
300.56	43347.78
300.62	43824.83
300.69	44267.79
300.75	44677.57
300.82	45064.38
300.89	45405.37
300.95	45698.29
301.02	45938.32
301.08	46151.22
301.15	46344.83
301.21	46532.27
301.28	46704.96
301.34	46881.72
301.41	47029.40
301.48	47138.82
301.54	47201.02
301.61	47223.26
301.67	47179.12
301.74	47060.80
301.80	46844.63
301.87	46498.89
301.93	46002.57
302.00	45382.09
302.06	44690.85
302.13	44025.50
302.20	43481.00
302.26	43115.86
302.33	42969.91
302.39	43012.67
302.46	43179.51
302.52	43448.46
302.59	43786.40
302.65	44155.44
302.72	44540.56
302.78	44938.32
302.85	45314.18
302.91	45646.27
302.98	45939.23
303.05	46196.19
303.11	46427.03
303.18	46617.75
303.24	46788.89
303.31	46932.58
303.37	47066.60
303.44	47164.21
303.50	47234.15
303.57	47263.68
303.63	47268.09
303.70	47237.92
303.76	47171.90
303.83	47089.03
303.89	46970.00
303.96	46781.88
304.03	46490.01
304.09	46092.91
304.16	45508.48
304.22	44812.22
304.29	44157.49
304.35	43661.32
304.42	43365.47
304.48	43337.03
304.55	43528.27
304.61	43828.92
304.68	44156.48
304.74	44499.31
304.81	44838.06
304.87	45150.64
304.94	45441.03
305.00	45703.88
305.07	45901.24
305.13	46073.09
305.20	46233.72
305.26	46371.65
305.33	46490.20
305.39	46606.93
305.46	46687.43
305.52	46761.95
305.59	46804.63
305.66	46815.22
305.72	46799.68
305.79	46766.26
305.85	46686.89
305.92	46544.10
305.98	46320.50
306.05	46004.93
306.11	45630.88
306.18	45219.36
306.24	44808.66
306.31	44410.99
306.37	44029.25
306.44	43667.72
306.50	43334.37
306.57	43107.21
306.63	43039.51
306.70	43141.81
306.76	43369.65
306.83	43701.69
306.89	44044.56
306.96	44345.40
307.02	44591.22
307.09	44818.13
307.15	44996.01
307.22	45141.23
307.28	45263.53
307.35	45369.17
307.41	45438.79
307.48	45492.63
307.54	45536.32
307.61	45548.15
307.67	45540.50
307.74	45520.36
307.80	45490.20
307.87	45446.07
307.93	45410.75
308.00	45363.07
308.06	45301.07
308.13	45204.78
308.19	45076.70
308.26	44919.66
308.32	44765.75
308.38	44583.73
308.45	44372.82
308.51	44120.06
308.58	43798.98
308.64	43435.22
308.71	43105.81
308.77	42880.61
308.84	42758.98
308.90	42798.27
308.97	42939.74
309.03	43141.30
309.10	43341.57
309.16	43540.43
309.23	43693.09
309.29	43819.84
309.36	43907.01
309.42	43979.42
309.49	44037.02
309.55	44079.81
309.62	44096.88
309.68	44106.70
309.75	44073.03
309.81	44023.61
309.88	43976.41
309.94	43915.37
310.00	43846.01
310.07	43781.47
310.13	43719.68
310.20	43624.71
310.26	43531.16
310.33	43437.36
310.39	43351.72
310.46	43242.04
310.52	43114.70
310.59	42962.25
310.65	42756.15
310.72	42515.67
310.78	42293.06
310.85	42119.72
310.91	42028.38
310.97	42023.66
311.04	42068.45
311.10	42132.76
311.17	42207.73
311.23	42248.91
311.30	42267.74
311.36	42302.12
311.43	42343.39
311.49	42384.09
311.56	42427.56
311.62	42482.94
311.69	42529.88
311.75	42569.47
311.81	42575.30
311.88	42556.39
311.94	42521.81
312.01	42469.55
312.07	42392.42
312.14	42335.53
312.20	42285.73
312.27	42237.71
312.33	42184.68
312.40	42133.18
312.46	42065.64
312.52	41992.13
312.59	41902.18
312.65	41814.81
312.72	41720.74
312.78	41626.49
312.85	41524.16
312.91	41411.85
312.98	41271.48
313.04	41120.40
313.10	40971.94
313.17	40835.53
313.23	40740.34
313.30	40686.21
313.36	40670.73
313.43	40688.00
313.49	40723.02
313.56	40747.92
313.62	40776.17
313.68	40802.56
313.75	40821.86
313.81	40825.66
313.88	40811.96
313.94	40799.84
314.01	40785.31
314.07	40757.12
314.13	40738.61
314.20	40736.73
314.26	40716.63
314.33	40686.17
314.39	40656.45
314.46	40595.30
314.52	40522.62
314.58	40443.65
314.65	40352.80
314.71	40244.31
314.78	40157.42
314.84	40075.13
314.91	40009.08
314.97	39959.98
315.03	39920.78
315.10	39884.12
315.16	39826.59
315.23	39750.44
315.29	39665.85
315.36	39577.59
315.42	39511.42
315.48	39453.77
315.55	39412.51
315.61	39370.71
315.68	39339.64
315.74	39270.25
315.81	39216.32
315.87	39168.49
315.93	39150.00
316.00	39149.87
316.06	39171.47
316.13	39191.65
316.19	39188.42
316.25	39125.54
316.32	39020.91
316.38	38880.92
316.45	38698.65
316.51	38482.71
316.58	38249.73
316.64	37994.11
316.70	37736.23
316.77	37466.82
316.83	37205.55
316.90	36954.25
316.96	36705.22
317.02	36444.24
317.09	36195.35
317.15	35936.44
317.22	35670.74
317.28	35401.28
317.34	35135.14
317.41	34874.15
317.47	34629.04
317.54	34391.67
317.60	34161.64
317.66	33923.07
317.73	33668.81
317.79	33409.59
317.86	33144.00
317.92	32878.03
317.98	32600.33
318.05	32314.57
318.11	32027.87
318.18	31747.15
318.24	31459.91
318.30	31189.07
318.37	30923.68
318.43	30645.64
318.50	30369.44
318.56	30091.47
318.62	29824.33
318.69	29558.58
318.75	29301.71
318.82	29044.29
318.88	28781.36
318.94	28501.71
319.01	28229.89
319.07	27960.82
319.13	27681.99
319.20	27403.23
319.26	27132.08
319.33	26848.54
319.39	26541.23
319.45	26250.08
319.52	25961.14
319.58	25663.78
319.65	25367.44
319.71	25085.89
319.77	24790.25
319.84	24504.73
319.90	24221.57
319.96	23938.19
320.03	23650.38
320.09	23373.36
320.16	23079.37
320.22	22798.36
320.28	22517.76
320.35	22240.46
320.41	21955.29
320.47	21682.56
320.54	21395.18
320.60	21118.20
320.67	20844.79
320.73	20566.97
320.79	20277.55
320.86	19999.56
320.92	19703.11
320.98	19406.24
321.05	19104.20
321.11	18803.65
321.18	18500.66
321.24	18212.50
321.30	17927.48
321.37	17647.05
321.43	17387.32
321.49	17118.40
321.56	16852.33
321.62	16586.40
321.68	16315.81
321.75	16027.39
321.81	15746.39
321.88	15460.72
321.94	15167.08
322.00	14877.52
322.07	14587.19
322.13	14297.37
322.19	13999.47
322.26	13715.14
322.32	13434.99
322.38	13160.43
322.45	12885.70
322.51	12616.61
322.58	12350.85
322.64	12066.17
322.70	11800.41
322.77	11526.62
322.83	11259.93
322.89	10977.46
322.96	10713.84
323.02	10438.94
323.08	10168.25
323.15	9895.00
323.21	9634.13
323.27	9369.61
323.34	9111.48
323.40	8862.94
323.46	8608.11
323.53	8243.61
323.59	7127.19
323.65	5513.85
323.72	3818.89
323.78	2185.62
323.85	709.07
323.91	43.50
323.97	-81.91
324.04	-81.96
