180.21	3368.05
180.28	-115.17
180.36	625.34
180.44	-41.98
180.51	-12.45
180.59	9.62
180.66	36.31
180.74	32.92
180.81	31.11
180.89	32.59
180.97	33.35
181.04	31.33
181.12	30.08
181.19	30.72
181.27	30.80
181.34	48.51
181.42	55.70
181.50	63.65
181.57	75.13
181.65	80.60
181.72	74.10
181.80	68.40
181.87	68.60
181.95	68.67
182.03	67.87
182.10	70.29
182.18	72.76
182.25	77.48
182.33	77.02
182.40	84.13
182.48	79.10
182.55	90.31
182.63	94.16
182.71	96.40
182.78	98.18
182.86	105.53
182.93	102.69
183.01	105.74
183.08	106.79
183.16	111.76
183.23	107.47
183.31	113.94
183.39	111.69
183.46	120.47
183.54	115.81
183.61	123.61
183.69	124.77
183.76	135.51
183.84	135.85
183.91	137.67
183.99	147.47
184.06	149.16
184.14	152.25
184.22	155.85
184.29	158.97
184.37	155.89
184.44	150.48
184.52	138.46
184.59	134.17
184.67	138.04
184.74	131.76
184.82	143.72
184.89	155.40
184.97	164.07
185.04	170.62
185.12	179.47
185.20	186.72
185.27	195.65
185.35	205.12
185.42	203.41
185.50	215.30
185.57	214.17
185.65	217.92
185.72	215.21
185.80	223.57
185.87	219.74
185.95	217.52
186.02	217.39
186.10	216.42
186.17	214.11
186.25	214.04
186.33	207.31
186.40	200.26
186.48	201.93
186.55	206.46
186.63	209.16
186.70	235.40
186.78	251.15
186.85	266.04
186.93	274.65
187.00	285.99
187.08	279.08
187.15	283.66
187.23	285.08
187.30	288.34
187.38	296.92
187.45	309.90
187.53	321.34
187.60	327.20
187.68	336.89
187.75	347.97
187.83	357.26
187.90	356.24
187.98	357.83
188.05	361.06
188.13	347.16
188.21	328.15
188.28	325.32
188.36	320.15
188.43	315.73
188.51	326.04
188.58	347.35
188.66	347.85
188.73	358.15
188.81	375.44
188.88	382.38
188.96	391.08
189.03	416.57
189.11	438.20
189.18	448.32
189.26	464.92
189.33	487.69
189.41	511.75
189.48	531.27
189.56	554.08
189.63	573.16
189.71	569.65
189.78	545.02
189.86	519.71
189.93	495.76
190.01	465.81
190.08	448.29
190.16	439.41
190.23	425.62
190.31	421.01
190.38	419.07
190.46	424.70
190.53	443.85
190.61	484.16
190.68	507.29
190.76	551.12
190.83	584.54
190.91	609.16
190.98	617.41
191.06	636.74
191.13	641.74
191.21	645.10
191.28	638.07
191.35	631.47
191.43	617.59
191.50	599.18
191.58	590.15
191.65	594.49
191.73	602.01
191.80	613.48
191.88	618.61
191.95	621.97
192.03	626.85
192.10	636.75
192.18	651.81
192.25	677.33
192.33	695.95
192.40	701.97
192.48	700.46
192.55	693.63
192.63	676.69
192.70	666.68
192.78	664.76
192.85	674.34
192.93	677.89
193.00	670.37
193.08	650.13
193.15	630.81
193.22	612.72
193.30	608.39
193.37	641.51
193.45	679.81
193.52	729.73
193.60	783.54
193.67	828.25
193.75	856.62
193.82	888.93
193.90	903.23
193.97	903.28
194.05	895.04
194.12	873.42
194.20	845.16
194.27	812.90
194.34	768.30
194.42	726.14
194.49	702.20
194.57	686.61
194.64	670.76
194.72	666.22
194.79	673.25
194.87	687.54
194.94	721.92
195.02	778.30
195.09	847.59
195.17	922.24
195.24	987.29
195.31	1036.92
195.39	1070.88
195.46	1088.90
195.54	1100.85
195.61	1100.09
195.69	1081.16
195.76	1048.36
195.84	999.98
195.91	912.20
195.99	813.64
196.06	725.40
196.13	667.35
196.21	644.29
196.28	670.32
196.36	735.60
196.43	816.66
196.51	901.71
196.58	985.59
196.66	1059.59
196.73	1114.27
196.80	1153.26
196.88	1174.96
196.95	1188.52
197.03	1190.22
197.10	1171.84
197.18	1140.64
197.25	1081.92
197.33	993.02
197.40	896.46
197.47	802.48
197.55	729.31
197.62	686.03
197.70	682.10
197.77	708.20
197.85	769.50
197.92	841.13
197.99	930.25
198.07	1030.18
198.14	1124.97
198.22	1219.48
198.29	1296.14
198.37	1358.02
198.44	1395.80
198.51	1415.34
198.59	1402.48
198.66	1378.36
198.74	1317.67
198.81	1218.15
198.89	1091.00
198.96	970.49
199.03	853.76
199.11	776.80
199.18	747.42
199.26	770.69
199.33	830.13
199.41	923.32
199.48	1023.64
199.55	1135.67
199.63	1233.40
199.70	1329.36
199.78	1404.63
199.85	1480.83
199.93	1545.04
200.00	1607.41
200.07	1631.80
200.15	1634.52
200.22	1595.80
200.30	1506.56
200.37	1366.41
200.44	1188.37
200.52	1019.94
200.59	893.77
200.67	821.85
200.74	815.05
200.81	877.08
200.89	966.13
200.96	1068.23
201.04	1171.54
201.11	1292.80
201.19	1414.16
201.26	1528.28
201.33	1621.97
201.41	1703.99
201.48	1750.42
201.56	1772.76
201.63	1775.40
201.70	1735.07
201.78	1649.71
201.85	1522.72
201.93	1365.74
202.00	1211.03
202.07	1086.60
202.15	991.12
202.22	946.92
202.30	966.27
202.37	1019.79
202.44	1110.83
202.52	1246.02
202.59	1404.18
202.67	1551.29
202.74	1693.06
202.81	1819.67
202.89	1932.90
202.96	2044.30
203.04	2151.63
203.11	2228.71
203.18	2279.62
203.26	2284.14
203.33	2219.84
203.41	2088.08
203.48	1900.90
203.55	1641.39
203.63	1394.10
203.70	1207.86
203.77	1105.29
203.85	1099.63
203.92	1205.82
204.00	1376.89
204.07	1557.03
204.14	1741.96
204.22	1921.62
204.29	2106.13
204.37	2268.01
204.44	2415.17
204.51	2537.08
204.59	2615.24
204.66	2641.82
204.73	2629.30
204.81	2569.28
204.88	2455.28
204.96	2283.67
205.03	2048.80
205.10	1791.89
205.18	1569.83
205.25	1390.53
205.32	1297.94
205.40	1307.16
205.47	1400.86
205.55	1541.50
205.62	1735.98
205.69	1973.34
205.77	2222.75
205.84	2464.77
205.91	2691.28
205.99	2891.56
206.06	3053.16
206.14	3206.04
206.21	3350.91
206.28	3460.74
206.36	3541.34
206.43	3554.12
206.50	3482.85
206.58	3301.89
206.65	3020.89
206.72	2634.07
206.80	2239.17
206.87	1903.97
206.95	1691.51
207.02	1639.11
207.09	1754.65
207.17	1989.62
207.24	2278.63
207.31	2587.06
207.39	2892.89
207.46	3195.90
207.53	3480.96
207.61	3762.75
207.68	4015.00
207.75	4251.27
207.83	4444.22
207.90	4584.22
207.98	4634.80
208.05	4609.25
208.12	4465.62
208.20	4219.91
208.27	3861.28
208.34	3408.53
208.42	2933.27
208.49	2547.22
208.56	2285.03
208.64	2196.05
208.71	2286.76
208.78	2499.72
208.86	2781.40
208.93	3101.37
209.00	3447.36
209.08	3818.21
209.15	4205.46
209.22	4579.96
209.30	4929.40
209.37	5245.75
209.44	5527.96
209.52	5754.21
209.59	5909.02
209.67	5999.81
209.74	5984.48
209.81	5844.97
209.89	5554.57
209.96	5108.62
210.03	4549.56
210.11	4000.86
210.18	3515.87
210.25	3174.05
210.33	3056.02
210.40	3157.91
210.47	3413.16
210.55	3782.04
210.62	4227.88
210.69	4691.17
210.77	5159.26
210.84	5595.52
210.91	6016.17
210.99	6404.33
211.06	6783.96
211.13	7137.71
211.21	7469.86
211.28	7735.32
211.35	7920.33
211.42	7960.09
211.50	7830.28
211.57	7501.45
211.64	6991.22
211.72	6316.89
211.79	5591.04
211.86	4988.47
211.94	4641.18
212.01	4562.16
212.08	4772.27
212.16	5186.81
212.23	5651.89
212.30	6095.84
212.38	6509.23
212.45	6891.87
212.52	7249.91
212.60	7603.75
212.67	7970.40
212.74	8356.01
212.82	8754.11
212.89	9152.73
212.96	9502.20
213.03	9736.07
213.11	9820.88
213.18	9722.21
213.25	9434.64
213.33	8939.09
213.40	8278.13
213.47	7625.42
213.55	7087.00
213.62	6719.39
213.69	6618.95
213.77	6810.75
213.84	7167.69
213.91	7613.22
213.98	8103.72
214.06	8571.29
214.13	8981.62
214.20	9338.18
214.28	9705.16
214.35	10100.42
214.42	10545.02
214.50	11042.74
214.57	11559.51
214.64	12011.52
214.72	12372.81
214.79	12611.68
214.86	12691.10
214.93	12587.67
215.01	12291.84
215.08	11771.30
215.15	11043.44
215.23	10218.42
215.30	9519.20
215.37	9108.35
215.44	9088.02
215.52	9448.84
215.59	10097.38
215.66	10834.23
215.74	11525.12
215.81	12114.82
215.88	12655.12
215.95	13163.31
216.03	13666.75
216.10	14155.82
216.17	14620.89
216.25	15008.25
216.32	15311.42
216.39	15513.73
216.46	15655.40
216.54	15713.49
216.61	15695.07
216.68	15548.78
216.76	15248.24
216.83	14718.42
216.90	14001.32
216.97	13248.71
217.05	12655.01
217.12	12346.99
217.19	12408.41
217.27	12848.82
217.34	13553.44
217.41	14367.96
217.48	15196.55
217.56	15970.94
217.63	16682.13
217.70	17273.87
217.78	17758.35
217.85	18144.40
217.92	18474.43
217.99	18736.20
218.07	18956.09
218.14	19156.71
218.21	19374.80
218.28	19588.20
218.36	19764.43
218.43	19861.45
218.50	19792.48
218.57	19477.46
218.65	18875.53
218.72	18024.12
218.79	17142.52
218.87	16446.10
218.94	16088.03
219.01	16178.90
219.08	16722.96
219.16	17530.88
219.23	18430.64
219.30	19290.17
219.37	20036.79
219.45	20675.49
219.52	21249.18
219.59	21770.35
219.66	22247.08
219.74	22702.00
219.81	23142.51
219.88	23522.26
219.95	23875.32
220.03	24194.41
220.10	24466.50
220.17	24628.90
220.24	24659.85
220.32	24472.81
220.39	24064.80
220.46	23410.72
220.53	22582.79
220.61	21762.37
220.68	21165.50
220.75	20912.95
220.82	21055.82
220.90	21538.68
220.97	22211.18
221.04	22906.45
221.11	23528.37
221.19	24076.62
221.26	24595.50
221.33	25106.22
221.40	25618.54
221.48	26142.37
221.55	26648.07
221.62	27106.71
221.69	27542.88
221.77	27928.70
221.84	28250.92
221.91	28490.14
221.98	28652.57
222.06	28685.47
222.13	28604.73
222.20	28379.80
222.27	28054.38
222.35	27623.56
222.42	27185.57
222.49	26848.44
222.56	26680.83
222.63	26683.87
222.71	26855.45
222.78	27133.37
222.85	27426.10
222.92	27745.01
223.00	28066.47
223.07	28440.45
223.14	28848.88
223.21	29292.47
223.29	29733.11
223.36	30211.35
223.43	30677.28
223.50	31114.24
223.57	31517.46
223.65	31869.10
223.72	32088.80
223.79	32207.18
223.86	32224.82
223.94	32157.45
224.01	32040.04
224.08	31922.63
224.15	31789.28
224.22	31661.91
224.30	31545.72
224.37	31476.86
224.44	31481.37
224.51	31569.69
224.59	31729.39
224.66	31966.98
224.73	32236.58
224.80	32510.56
224.87	32800.49
224.95	33130.38
225.02	33478.69
225.09	33818.73
225.16	34158.12
225.23	34480.65
225.31	34775.51
225.38	35005.22
225.45	35200.40
225.52	35334.12
225.60	35378.29
225.67	35327.76
225.74	35212.53
225.81	35030.13
225.88	34857.53
225.96	34783.60
226.03	34800.64
226.10	34912.74
226.17	35108.55
226.24	35349.37
226.32	35572.19
226.39	35808.00
226.46	36057.80
226.53	36326.77
226.60	36599.19
226.68	36876.17
226.75	37125.73
226.82	37353.91
226.89	37556.02
226.96	37725.44
227.04	37848.20
227.11	37965.00
227.18	38071.13
227.25	38152.66
227.32	38216.71
227.40	38284.91
227.47	38314.20
227.54	38295.98
227.61	38221.33
227.68	38100.57
227.76	37941.98
227.83	37828.16
227.90	37804.12
227.97	37882.99
228.04	38065.48
228.11	38316.45
228.19	38567.81
228.26	38806.68
228.33	39029.06
228.40	39210.01
228.47	39397.88
228.55	39585.49
228.62	39756.77
228.69	39903.01
228.76	40039.22
228.83	40142.58
228.90	40242.82
228.98	40345.82
229.05	40471.13
229.12	40620.95
229.19	40771.84
229.26	40916.77
229.34	41019.19
229.41	41088.55
229.48	41122.26
229.55	41123.29
229.62	41077.98
229.69	41018.59
229.77	40935.06
229.84	40871.95
229.91	40850.20
229.98	40879.22
230.05	40959.07
230.12	41092.71
230.20	41247.24
230.27	41410.54
230.34	41574.63
230.41	41731.71
230.48	41870.24
230.55	41983.00
230.63	42077.85
230.70	42171.81
230.77	42241.20
230.84	42294.26
230.91	42343.78
230.98	42395.21
231.06	42441.95
231.13	42528.75
231.20	42653.61
231.27	42789.13
231.34	42921.16
231.41	43038.24
231.49	43124.43
231.56	43190.62
231.63	43233.49
231.70	43265.59
231.77	43289.24
231.84	43298.01
231.92	43292.39
231.99	43313.80
232.06	43346.58
232.13	43400.08
232.20	43480.18
232.27	43571.01
232.34	43640.58
232.42	43693.91
232.49	43739.37
232.56	43770.09
232.63	43812.84
232.70	43858.20
232.77	43912.27
232.85	43967.10
232.92	44033.25
232.99	44092.43
233.06	44153.64
233.13	44216.33
233.20	44284.61
233.27	44335.95
233.35	44378.24
233.42	44415.55
233.49	44455.40
233.56	44495.77
233.63	44551.29
233.70	44599.62
233.77	44647.39
233.85	44700.29
233.92	44752.63
233.99	44800.25
234.06	44855.06
234.13	44901.54
234.20	44953.24
234.27	44988.32
234.35	45009.41
234.42	45021.27
234.49	45039.05
234.56	45040.12
234.63	45036.74
234.70	45033.46
234.77	45025.77
234.84	45009.09
234.92	44990.19
234.99	44991.26
235.06	45006.64
235.13	45039.18
235.20	45093.68
235.27	45150.34
235.34	45191.48
235.41	45239.52
235.49	45280.04
235.56	45312.84
235.63	45341.08
235.70	45373.49
235.77	45397.80
235.84	45426.55
235.91	45438.88
235.98	45446.24
236.06	45447.88
236.13	45445.44
236.20	45444.34
236.27	45445.09
236.34	45457.52
236.41	45468.15
236.48	45476.49
236.55	45482.69
236.63	45490.69
236.70	45494.99
236.77	45510.31
236.84	45534.34
236.91	45552.74
236.98	45575.35
237.05	45597.45
237.12	45620.75
237.19	45626.58
237.27	45631.47
237.34	45628.15
237.41	45633.87
237.48	45626.83
237.55	45626.86
237.62	45637.93
237.69	45667.20
237.76	45694.58
237.83	45725.41
237.91	45745.19
237.98	45754.34
238.05	45756.42
238.12	45751.50
238.19	45755.89
238.26	45778.26
238.33	45803.23
238.40	45803.88
238.47	45811.31
238.54	45813.92
238.62	45813.63
238.69	45794.36
238.76	45799.60
238.83	45786.20
238.90	45783.80
238.97	45783.69
239.04	45801.28
239.11	45820.62
239.18	45853.21
239.25	45855.74
239.33	45853.83
239.40	45852.48
239.47	45830.70
239.54	45794.27
239.61	45772.85
239.68	45750.31
239.75	45738.65
239.82	45738.33
239.89	45743.97
239.96	45754.05
240.03	45763.46
240.11	45753.73
240.18	45757.61
240.25	45766.18
240.32	45780.58
240.39	45800.66
240.46	45821.38
240.53	45849.84
240.60	45886.85
240.67	45915.57
240.74	45941.51
240.81	45976.22
240.88	45980.26
240.96	45982.23
241.03	45989.53
241.10	46003.72
241.17	46005.88
241.24	46033.53
241.31	46053.61
241.38	46051.71
241.45	46027.24
241.52	46020.55
241.59	46007.56
241.66	46011.50
241.73	46034.53
241.80	46076.71
241.88	46104.50
241.95	46118.16
242.02	46123.48
242.09	46121.38
242.16	46112.14
242.23	46110.16
242.30	46124.24
242.37	46127.98
242.44	46145.49
242.51	46156.84
242.58	46161.36
242.65	46159.57
242.72	46163.96
242.79	46158.73
242.87	46171.06
242.94	46185.26
243.01	46208.30
243.08	46253.11
243.15	46294.57
243.22	46325.98
243.29	46368.29
243.36	46396.14
243.43	46412.14
243.50	46447.32
243.57	46486.81
243.64	46498.70
243.71	46528.82
243.78	46549.42
243.85	46555.23
243.92	46552.05
243.99	46581.87
244.07	46600.19
244.14	46605.10
244.21	46608.82
244.28	46622.21
244.35	46632.27
244.42	46650.05
244.49	46671.42
244.56	46693.07
244.63	46717.64
244.70	46720.44
244.77	46715.91
244.84	46734.53
244.91	46761.10
244.98	46784.46
245.05	46829.83
245.12	46875.46
245.19	46920.29
245.26	46952.98
245.33	46984.55
245.40	47019.89
245.47	47057.92
245.55	47087.17
245.62	47123.08
245.69	47162.20
245.76	47209.06
245.83	47267.79
245.90	47322.28
245.97	47381.27
246.04	47444.38
246.11	47487.21
246.18	47505.18
246.25	47517.55
246.32	47519.78
246.39	47518.29
246.46	47533.47
246.53	47571.39
246.60	47626.73
246.67	47697.01
246.74	47767.33
246.81	47817.04
246.88	47868.78
246.95	47912.39
247.02	47937.39
247.09	47953.97
247.16	47981.64
247.23	48000.23
247.30	48010.15
247.37	48029.45
247.44	48070.28
247.51	48102.34
247.58	48133.26
247.66	48182.39
247.73	48242.78
247.80	48286.71
247.87	48339.89
247.94	48406.48
248.01	48470.98
248.08	48538.19
248.15	48599.97
248.22	48655.42
248.29	48708.61
248.36	48750.98
248.43	48782.29
248.50	48826.75
248.57	48873.74
248.64	48920.59
248.71	48985.23
248.78	49064.63
248.85	49135.95
248.92	49208.87
248.99	49259.53
249.06	49285.36
249.13	49287.08
249.20	49299.45
249.27	49309.51
249.34	49323.59
249.41	49361.96
249.48	49397.74
249.55	49404.07
249.62	49420.32
249.69	49433.09
249.76	49428.87
249.83	49442.79
249.90	49508.03
249.97	49573.48
250.04	49671.71
250.11	49789.15
250.18	49895.41
250.25	49966.51
250.32	50025.86
250.39	50066.64
250.46	50094.43
250.53	50136.28
250.60	50188.86
250.67	50264.18
250.74	50339.64
250.81	50398.46
250.88	50451.12
250.95	50492.06
251.02	50517.41
251.09	50514.39
251.16	50532.56
251.23	50535.86
251.30	50542.24
251.37	50548.67
251.44	50589.62
251.51	50640.48
251.58	50717.83
251.65	50790.95
251.72	50853.33
251.79	50922.52
251.86	50980.81
251.93	51015.68
252.00	51058.51
252.07	51095.51
252.14	51127.15
252.21	51147.99
252.28	51169.28
252.35	51190.57
252.42	51239.26
252.49	51285.53
252.56	51337.13
252.63	51401.41
252.70	51468.62
252.77	51533.21
252.84	51591.76
252.91	51637.51
252.98	51680.54
253.05	51712.82
253.12	51728.05
253.19	51741.34
253.25	51769.80
253.32	51792.00
253.39	51830.68
253.46	51864.59
253.53	51887.59
253.60	51896.25
253.67	51900.54
253.74	51903.78
253.81	51920.72
253.88	51958.79
253.95	52007.55
254.02	52056.54
254.09	52105.12
254.16	52154.60
254.23	52181.45
254.30	52211.87
254.37	52253.51
254.44	52275.71
254.51	52300.38
254.58	52330.79
254.65	52369.53
254.72	52400.13
254.79	52427.40
254.86	52450.65
254.93	52474.02
255.00	52490.25
255.07	52510.12
255.14	52561.59
255.21	52581.48
255.28	52574.26
255.34	52525.61
255.41	52481.91
255.48	52413.79
255.55	52373.23
255.62	52376.49
255.69	52414.22
255.76	52434.35
255.83	52476.96
255.90	52530.68
255.97	52583.87
256.04	52637.12
256.11	52722.20
256.18	52794.19
256.25	52874.67
256.32	52950.10
256.39	53022.34
256.46	53078.70
256.53	53137.73
256.60	53186.27
256.67	53221.07
256.74	53247.24
256.80	53259.97
256.87	53245.60
256.94	53209.02
257.01	53190.33
257.08	53199.66
257.15	53211.27
257.22	53225.74
257.29	53206.27
257.36	53143.60
257.43	53028.87
257.50	52920.39
257.57	52828.18
257.64	52800.20
257.71	52824.58
257.78	52901.49
257.85	52996.47
257.92	53105.91
257.98	53198.21
258.05	53268.14
258.12	53273.42
258.19	53232.65
258.26	53153.01
258.33	53057.21
258.40	52965.03
258.47	52911.08
258.54	52906.52
258.61	52950.83
258.68	53019.99
258.75	53091.87
258.82	53190.79
258.89	53260.51
258.95	53290.54
259.02	53295.78
259.09	53268.37
259.16	53213.10
259.23	53153.63
259.30	53105.75
259.37	53076.10
259.44	53067.94
259.51	53068.90
259.58	53081.40
259.65	53082.91
259.72	53074.55
259.79	53047.23
259.85	53007.94
259.92	52949.75
259.99	52930.62
260.06	52927.05
260.13	52950.82
260.20	52965.69
260.27	52973.40
260.34	52944.17
260.41	52907.88
260.48	52875.14
260.55	52869.83
260.62	52868.33
260.68	52854.31
260.75	52809.93
260.82	52783.76
260.89	52759.69
260.96	52758.62
261.03	52767.34
261.10	52770.72
261.17	52728.43
261.24	52643.89
261.31	52530.09
261.38	52415.64
261.44	52329.13
261.51	52251.37
261.58	52237.11
261.65	52257.46
261.72	52287.14
261.79	52319.03
261.86	52342.73
261.93	52326.09
262.00	52277.12
262.07	52215.51
262.13	52150.39
262.20	52103.75
262.27	52068.52
262.34	52076.07
262.41	52115.11
262.48	52157.76
262.55	52203.60
262.62	52242.22
262.69	52241.30
262.76	52221.46
262.82	52184.85
262.89	52154.93
262.96	52133.38
263.03	52129.36
263.10	52115.75
263.17	52101.04
263.24	52081.99
263.31	52066.79
263.38	52074.97
263.44	52119.31
263.51	52167.81
263.58	52191.01
263.65	52164.82
263.72	52055.99
263.79	51899.08
263.86	51753.02
263.93	51645.97
264.00	51590.36
264.06	51601.83
264.13	51624.73
264.20	51633.51
264.27	51573.90
264.34	51479.50
264.41	51370.51
264.48	51255.99
264.55	51132.80
264.61	51018.60
264.68	50907.68
264.75	50804.90
264.82	50726.48
264.89	50677.34
264.96	50681.45
265.03	50722.10
265.10	50754.10
265.16	50772.84
265.23	50768.60
265.30	50723.12
265.37	50645.61
265.44	50580.68
265.51	50555.86
265.58	50567.56
265.65	50621.37
265.71	50698.66
265.78	50777.26
265.85	50784.62
265.92	50728.82
265.99	50607.56
266.06	50450.93
266.13	50277.66
266.20	50132.48
266.26	50034.82
266.33	49972.07
266.40	49931.43
266.47	49888.45
266.54	49858.89
266.61	49839.33
266.68	49850.87
266.74	49852.32
266.81	49826.71
266.88	49742.40
266.95	49603.82
267.02	49453.87
267.09	49333.78
267.16	49291.38
267.22	49316.06
267.29	49392.57
267.36	49483.44
267.43	49577.16
267.50	49623.22
267.57	49623.17
267.64	49563.08
267.70	49462.07
267.77	49328.18
267.84	49227.56
267.91	49175.27
267.98	49184.46
268.05	49238.45
268.11	49304.12
268.18	49321.76
268.25	49263.72
268.32	49138.99
268.39	48930.96
268.46	48669.53
268.53	48388.14
268.59	48144.42
268.66	47960.56
268.73	47869.18
268.80	47877.64
268.87	47969.06
268.94	48123.55
269.00	48308.42
269.07	48465.27
269.14	48564.90
269.21	48588.56
269.28	48519.50
269.35	48408.69
269.41	48292.33
269.48	48211.83
269.55	48192.74
269.62	48240.97
269.69	48298.54
269.76	48325.71
269.82	48315.65
269.89	48266.19
269.96	48183.43
270.03	48064.72
270.10	47936.48
270.17	47793.36
270.23	47678.08
270.30	47593.16
270.37	47565.11
270.44	47602.51
270.51	47653.57
270.58	47677.55
270.64	47686.89
270.71	47676.00
270.78	47661.74
270.85	47682.92
270.92	47722.18
270.99	47732.93
271.05	47706.30
271.12	47623.94
271.19	47491.09
271.26	47327.54
271.33	47197.44
271.39	47113.06
271.46	47026.95
271.53	46971.12
271.60	46934.40
271.67	46886.03
271.74	46817.18
271.80	46764.52
271.87	46701.89
271.94	46648.04
272.01	46600.40
272.08	46555.78
272.14	46524.77
272.21	46495.36
272.28	46452.12
272.35	46419.84
272.42	46403.76
272.48	46397.91
272.55	46404.09
272.62	46410.23
272.69	46385.14
272.76	46361.41
272.83	46327.54
272.89	46292.41
272.96	46269.56
273.03	46276.71
273.10	46271.21
273.17	46255.59
273.23	46212.92
273.30	46127.27
273.37	45984.49
273.44	45799.26
273.51	45623.14
273.57	45486.25
273.64	45414.32
273.71	45413.09
273.78	45454.48
273.85	45527.89
273.91	45611.43
273.98	45731.36
274.05	45876.65
274.12	46063.29
274.19	46255.73
274.25	46427.64
274.32	46520.01
274.39	46529.36
274.46	46450.74
274.53	46294.73
274.59	46089.87
274.66	45876.16
274.73	45683.96
274.80	45524.36
274.86	45408.09
274.93	45344.80
275.00	45315.18
275.07	45295.09
275.14	45276.01
275.20	45250.51
275.27	45235.08
275.34	45220.14
275.41	45207.40
275.48	45210.19
275.54	45228.69
275.61	45259.10
275.68	45295.92
275.75	45324.23
275.81	45339.15
275.88	45352.39
275.95	45366.46
276.02	45374.78
276.09	45410.40
276.15	45452.13
276.22	45475.23
276.29	45429.84
276.36	45317.34
276.42	45136.82
276.49	44926.46
276.56	44709.56
276.63	44554.45
276.70	44473.64
276.76	44471.54
276.83	44536.06
276.90	44636.42
276.97	44714.38
277.03	44765.17
277.10	44751.54
277.17	44661.10
277.24	44547.55
277.30	44457.86
277.37	44415.57
277.44	44433.46
277.51	44529.89
277.58	44642.68
277.64	44709.70
277.71	44707.69
277.78	44612.27
277.85	44433.26
277.91	44202.41
277.98	43979.64
278.05	43789.43
278.12	43684.36
278.18	43639.71
278.25	43668.92
278.32	43760.85
278.39	43913.92
278.45	44092.16
278.52	44289.33
278.59	44476.53
278.66	44632.53
278.72	44707.75
278.79	44673.53
278.86	44516.20
278.93	44259.64
278.99	43920.33
279.06	43601.86
279.13	43393.51
279.20	43345.47
279.26	43440.83
279.33	43657.69
279.40	43921.02
279.47	44169.86
279.53	44336.30
279.60	44354.75
279.67	44178.93
279.74	43828.70
279.80	43401.31
279.87	42987.48
279.94	42675.50
280.01	42549.05
280.07	42596.76
280.14	42713.56
280.21	42843.18
280.28	42975.71
280.34	43085.41
280.41	43169.39
280.48	43234.02
280.55	43307.67
280.61	43373.92
280.68	43424.20
280.75	43460.88
280.82	43522.99
280.88	43582.20
280.95	43613.26
281.02	43615.46
281.08	43545.03
281.15	43417.22
281.22	43256.17
281.29	43078.52
281.35	42870.70
281.42	42675.12
281.49	42447.61
281.56	42204.69
281.62	42001.04
281.69	41846.51
281.76	41747.30
281.82	41702.32
281.89	41704.34
281.96	41723.95
282.03	41768.71
282.09	41838.52
282.16	41959.39
282.23	42092.37
282.30	42252.60
282.36	42424.25
282.43	42598.71
282.50	42758.16
282.56	42868.11
282.63	42944.27
282.70	43001.42
282.77	43055.32
282.83	43108.56
282.90	43177.50
282.97	43197.79
283.03	43100.44
283.10	42849.55
283.17	42476.09
283.24	42045.05
283.30	41623.31
283.37	41324.58
283.44	41184.46
283.50	41171.68
283.57	41242.74
283.64	41336.03
283.71	41447.46
283.77	41537.26
283.84	41630.48
283.91	41727.13
283.97	41856.82
284.04	41982.89
284.11	42110.78
284.18	42220.87
284.24	42298.07
284.31	42321.01
284.38	42281.64
284.44	42236.72
284.51	42189.21
284.58	42155.32
284.64	42132.86
284.71	42099.65
284.78	42015.34
284.85	41894.21
284.91	41753.33
284.98	41605.65
285.05	41455.31
285.11	41281.59
285.18	41062.69
285.25	40807.94
285.31	40555.75
285.38	40370.38
285.45	40315.21
285.52	40390.05
285.58	40566.18
285.65	40790.61
285.72	41022.44
285.78	41225.15
285.85	41386.94
285.92	41529.19
285.98	41675.23
286.05	41823.29
286.12	41957.97
286.18	42100.08
286.25	42243.09
286.32	42356.24
286.39	42444.54
286.45	42466.13
286.52	42392.69
286.59	42179.66
286.65	41847.62
286.72	41424.39
286.79	41009.92
286.85	40645.71
286.92	40391.57
286.99	40275.09
287.05	40238.87
287.12	40282.93
287.19	40379.78
287.25	40531.81
287.32	40683.59
287.39	40851.41
287.45	40987.30
287.52	41115.09
287.59	41221.82
287.65	41332.25
287.72	41445.94
287.79	41562.87
287.86	41666.60
287.92	41759.23
287.99	41832.37
288.06	41906.21
288.12	41983.48
288.19	42062.35
288.26	42124.38
288.32	42185.89
288.39	42191.34
288.46	42156.49
288.52	42068.32
288.59	41896.63
288.66	41618.83
288.72	41281.59
288.79	40918.12
288.86	40573.62
288.92	40327.38
288.99	40224.90
289.06	40274.65
289.12	40424.36
289.19	40654.76
289.26	40940.62
289.32	41253.45
289.39	41566.54
289.45	41870.02
289.52	42114.44
289.59	42283.72
289.65	42357.65
289.72	42343.97
289.79	42291.50
289.85	42231.22
289.92	42146.43
289.99	42042.24
290.05	41898.54
290.12	41717.63
290.19	41545.97
290.25	41413.86
290.32	41353.50
290.39	41373.17
290.45	41419.73
290.52	41419.96
290.59	41351.75
290.65	41171.06
290.72	40907.82
290.79	40683.10
290.85	40581.02
290.92	40606.90
290.98	40777.53
291.05	41071.62
291.12	41386.67
291.18	41683.52
291.25	41950.42
291.32	42187.19
291.38	42402.40
291.45	42612.41
291.52	42786.28
291.58	42916.04
291.65	42989.27
291.72	42977.04
291.78	42860.18
291.85	42652.79
291.91	42410.99
291.98	42202.52
292.05	42015.39
292.11	41843.67
292.18	41672.70
292.25	41475.37
292.31	41242.93
292.38	41038.76
292.45	40890.95
292.51	40827.29
292.58	40842.42
292.64	40930.10
292.71	41061.42
292.78	41246.41
292.84	41465.67
292.91	41727.54
292.98	41990.59
293.04	42270.41
293.11	42528.65
293.17	42777.46
293.24	43016.97
293.31	43240.01
293.37	43415.23
293.44	43554.01
293.51	43646.90
293.57	43656.99
293.64	43582.33
293.70	43423.43
293.77	43128.89
293.84	42707.10
293.90	42237.52
293.97	41795.04
294.04	41437.38
294.10	41240.17
294.17	41201.62
294.23	41265.94
294.30	41335.46
294.37	41380.54
294.43	41379.55
294.50	41333.16
294.56	41272.58
294.63	41284.92
294.70	41390.04
294.76	41614.15
294.83	41944.82
294.90	42331.71
294.96	42711.68
295.03	43069.54
295.09	43385.79
295.16	43654.42
295.23	43897.40
295.29	44128.48
295.36	44315.72
295.42	44454.96
295.49	44543.47
295.56	44579.33
295.62	44535.60
295.69	44415.79
295.75	44191.72
295.82	43867.29
295.89	43426.92
295.95	42926.18
296.02	42428.31
296.08	41964.99
296.15	41560.92
296.22	41265.49
296.28	41109.66
296.35	41090.97
296.41	41211.10
296.48	41491.66
296.55	41893.30
296.61	42336.73
296.68	42777.49
296.74	43200.23
296.81	43563.93
296.88	43849.13
296.94	44083.52
297.01	44281.39
297.07	44477.69
297.14	44681.02
297.20	44915.51
297.27	45150.25
297.34	45388.60
297.40	45591.34
297.47	45726.22
297.53	45772.59
297.60	45757.43
297.67	45634.25
297.73	45394.86
297.80	45006.32
297.86	44483.55
297.93	43831.07
298.00	43156.95
298.06	42534.50
298.13	42101.15
298.19	41867.12
298.26	41842.09
298.32	41941.41
298.39	42126.32
298.46	42321.70
298.52	42553.49
298.59	42818.14
298.65	43136.31
298.72	43494.92
298.78	43888.49
298.85	44277.74
298.92	44633.71
298.98	44963.15
299.05	45254.74
299.11	45511.20
299.18	45736.20
299.24	45943.95
299.31	46112.88
299.38	46250.39
299.44	46347.78
299.51	46418.95
299.57	46468.95
299.64	46468.99
299.70	46442.97
299.77	46342.66
299.84	46097.80
299.90	45628.01
299.97	44919.79
300.03	43985.68
300.10	43045.07
300.16	42278.58
300.23	41821.03
300.30	41736.93
300.36	41983.56
300.43	42422.59
300.49	42905.48
300.56	43393.77
300.62	43857.36
300.69	44297.94
300.75	44685.64
300.82	45068.46
300.89	45396.10
300.95	45692.11
301.02	45936.44
301.08	46168.31
301.15	46354.88
301.21	46540.51
301.28	46709.61
301.34	46881.74
301.41	47019.93
301.48	47135.54
301.54	47202.94
301.61	47230.89
301.67	47182.08
301.74	47066.10
301.80	46841.90
301.87	46491.99
301.93	45990.84
302.00	45387.40
302.06	44710.52
302.13	44051.08
302.20	43506.57
302.26	43139.54
302.33	42982.32
302.39	43002.99
302.46	43177.90
302.52	43454.31
302.59	43788.44
302.65	44169.63
302.72	44578.27
302.78	44970.10
302.85	45345.82
302.91	45682.38
302.98	45964.77
303.05	46209.85
303.11	46439.90
303.18	46618.45
303.24	46791.27
303.31	46939.76
303.37	47067.89
303.44	47156.42
303.50	47223.92
303.57	47251.25
303.63	47242.85
303.70	47200.47
303.76	47147.48
303.83	47073.07
303.89	46953.71
303.96	46760.10
304.03	46487.35
304.09	46082.61
304.16	45498.47
304.22	44806.91
304.29	44169.14
304.35	43661.06
304.42	43374.80
304.48	43356.81
304.55	43562.64
304.61	43854.12
304.68	44193.34
304.74	44524.43
304.81	44860.47
304.87	45164.76
304.94	45467.20
305.00	45726.95
305.07	45938.81
305.13	46092.25
305.20	46250.82
305.26	46379.25
305.33	46489.59
305.39	46598.75
305.46	46701.58
305.52	46774.83
305.59	46827.85
305.66	46851.04
305.72	46841.45
305.79	46801.02
305.85	46723.91
305.92	46576.32
305.98	46350.12
306.05	46037.13
306.11	45671.76
306.18	45256.41
306.24	44845.66
306.31	44434.46
306.37	44042.60
306.44	43679.51
306.50	43354.09
306.57	43127.35
306.63	43068.07
306.70	43169.52
306.76	43390.25
306.83	43716.94
306.89	44049.01
306.96	44342.36
307.02	44596.78
307.09	44818.49
307.15	44994.86
307.22	45156.65
307.28	45284.46
307.35	45376.87
307.41	45448.74
307.48	45507.97
307.54	45543.76
307.61	45561.85
307.67	45559.26
307.74	45546.01
307.80	45517.75
307.87	45479.40
307.93	45443.01
308.00	45416.99
308.06	45354.54
308.13	45257.25
308.19	45115.35
308.26	44956.98
308.32	44774.64
308.38	44576.64
308.45	44350.76
308.51	44094.62
308.58	43765.23
308.64	43397.44
308.71	43082.18
308.77	42861.62
308.84	42776.14
308.90	42831.09
308.97	42982.12
309.03	43175.44
309.10	43381.12
309.16	43550.17
309.23	43695.46
309.29	43826.76
309.36	43914.25
309.42	43981.89
309.49	44044.16
309.55	44087.89
309.62	44103.47
309.68	44117.41
309.75	44096.06
309.81	44043.76
309.88	43989.66
309.94	43929.09
310.00	43852.05
310.07	43771.23
310.13	43700.82
310.20	43612.17
310.26	43521.75
310.33	43434.43
310.39	43359.37
310.46	43267.15
310.52	43145.93
310.59	42978.83
310.65	42774.22
310.72	42535.58
310.78	42308.01
310.85	42133.89
310.91	42047.57
310.97	42038.11
311.04	42080.66
311.10	42138.46
311.17	42204.50
311.23	42247.34
311.30	42272.63
311.36	42306.28
311.43	42362.52
311.49	42420.40
311.56	42479.60
311.62	42536.64
311.69	42578.54
311.75	42603.79
311.81	42603.14
311.88	42585.02
311.94	42540.95
312.01	42488.84
312.07	42421.61
312.14	42358.24
312.20	42300.97
312.27	42255.48
312.33	42209.86
312.40	42162.30
312.46	42104.27
312.52	42034.63
312.59	41949.31
312.65	41863.29
312.72	41767.79
312.78	41661.29
312.85	41548.74
312.91	41423.02
312.98	41275.30
313.04	41120.11
313.10	40964.48
313.17	40824.68
313.23	40734.07
313.30	40677.00
313.36	40652.06
313.43	40668.98
313.49	40710.45
313.56	40742.34
313.62	40784.72
313.68	40822.52
313.75	40843.81
313.81	40838.07
313.88	40832.01
313.94	40810.67
314.01	40786.93
314.07	40759.67
314.13	40755.27
314.20	40738.87
314.26	40714.96
314.33	40691.78
314.39	40658.00
314.46	40599.36
314.52	40540.41
314.58	40462.16
314.65	40370.57
314.71	40276.47
314.78	40192.63
314.84	40110.21
314.91	40051.29
314.97	40001.02
315.03	39958.75
315.10	39896.93
315.16	39828.83
315.23	39749.28
315.29	39661.98
315.36	39580.68
315.42	39524.38
315.48	39474.76
315.55	39437.69
315.61	39395.31
315.68	39346.83
315.74	39278.83
315.81	39215.04
315.87	39152.65
315.93	39135.28
316.00	39144.92
316.06	39161.04
316.13	39191.11
316.19	39190.35
316.25	39138.64
316.32	39029.53
316.38	38900.01
316.45	38716.76
316.51	38510.30
316.58	38273.37
316.64	38027.30
316.70	37771.38
316.77	37490.37
316.83	37229.36
316.90	36968.72
316.96	36717.32
317.02	36458.55
317.09	36219.61
317.15	35957.89
317.22	35696.98
317.28	35426.04
317.34	35157.89
317.41	34895.29
317.47	34649.66
317.54	34407.78
317.60	34170.07
317.66	33930.76
317.73	33673.07
317.79	33408.65
317.86	33142.23
317.92	32876.59
317.98	32593.61
318.05	32306.43
318.11	32030.62
318.18	31760.10
318.24	31470.14
318.30	31194.00
318.37	30929.14
318.43	30654.35
318.50	30368.43
318.56	30095.60
318.62	29834.97
318.69	29582.53
318.75	29310.84
318.82	29048.25
318.88	28790.24
318.94	28511.06
319.01	28237.32
319.07	27978.30
319.13	27705.61
319.20	27425.35
319.26	27143.59
319.33	26854.46
319.39	26546.63
319.45	26250.71
319.52	25948.22
319.58	25659.31
319.65	25355.66
319.71	25070.27
319.77	24782.89
319.84	24508.17
319.90	24223.04
319.96	23954.95
320.03	23673.36
320.09	23391.72
320.16	23102.33
320.22	22819.07
320.28	22521.79
320.35	22238.31
320.41	21960.39
320.47	21681.96
320.54	21397.53
320.60	21123.70
320.67	20849.36
320.73	20562.40
320.79	20281.36
320.86	19997.81
320.92	19704.13
320.98	19406.49
321.05	19107.12
321.11	18804.13
321.18	18510.33
321.24	18219.56
321.30	17933.51
321.37	17663.53
321.43	17396.72
321.49	17118.46
321.56	16854.38
321.62	16590.50
321.68	16315.63
321.75	16031.19
321.81	15759.31
321.88	15469.08
321.94	15177.91
322.00	14887.62
322.07	14598.99
322.13	14309.62
322.19	14023.00
322.26	13733.97
322.32	13457.15
322.38	13186.86
322.45	12914.90
322.51	12640.15
322.58	12370.89
322.64	12088.83
322.70	11809.65
322.77	11531.27
322.83	11257.47
322.89	10975.69
322.96	10699.51
323.02	10426.62
323.08	10155.81
323.15	9888.16
323.21	9625.33
323.27	9369.16
323.34	9116.94
323.40	8866.98
323.46	8613.33
323.53	8258.58
323.59	7131.14
323.65	5516.15
323.72	3821.99
323.78	2186.97
323.85	705.49
323.91	44.55
323.97	-82.12
324.04	-81.47
