180.21	3367.85
180.28	-116.60
180.36	625.61
180.44	-41.57
180.51	-11.98
180.59	10.53
180.66	36.73
180.74	33.38
180.81	31.32
180.89	32.94
180.97	33.41
181.04	31.93
181.12	30.73
181.19	31.21
181.27	31.34
181.34	49.17
181.42	56.08
181.50	62.89
181.57	74.74
181.65	80.58
181.72	73.53
181.80	67.95
181.87	68.19
181.95	68.42
182.03	66.97
182.10	69.96
182.18	72.26
182.25	77.73
182.33	77.44
182.40	84.77
182.48	80.52
182.55	91.37
182.63	95.43
182.71	97.80
182.78	99.26
182.86	105.17
182.93	102.29
183.01	104.03
183.08	104.26
183.16	108.89
183.23	104.44
183.31	111.16
183.39	111.07
183.46	120.96
183.54	116.65
183.61	125.90
183.69	127.91
183.76	137.56
183.84	136.09
183.91	137.86
183.99	146.02
184.06	147.42
184.14	150.65
184.22	155.32
184.29	158.54
184.37	156.89
184.44	150.63
184.52	138.75
184.59	134.42
184.67	138.00
184.74	130.81
184.82	142.47
184.89	154.75
184.97	163.74
185.04	170.24
185.12	178.76
185.20	185.23
185.27	191.86
185.35	200.84
185.42	199.51
185.50	211.23
185.57	212.22
185.65	217.32
185.72	215.52
185.80	222.69
185.87	220.49
185.95	217.84
186.02	218.10
186.10	216.26
186.17	216.37
186.25	215.62
186.33	209.57
186.40	202.12
186.48	203.61
186.55	207.45
186.63	209.07
186.70	234.62
186.78	250.21
186.85	266.10
186.93	275.69
187.00	288.86
187.08	282.47
187.15	286.44
187.23	287.17
187.30	290.75
187.38	298.84
187.45	312.79
187.53	326.33
187.60	332.30
187.68	340.78
187.75	351.72
187.83	359.89
187.90	357.13
187.98	358.32
188.05	362.61
188.13	349.04
188.21	329.54
188.28	328.51
188.36	324.85
188.43	320.77
188.51	331.70
188.58	353.64
188.66	354.34
188.73	364.34
188.81	382.33
188.88	389.26
188.96	398.65
189.03	423.39
189.11	445.03
189.18	456.38
189.26	475.00
189.33	499.80
189.41	523.81
189.48	544.03
189.56	562.20
189.63	577.77
189.71	572.77
189.78	549.24
189.86	523.07
189.93	502.95
190.01	476.28
190.08	459.00
190.16	450.26
190.23	437.99
190.31	433.75
190.38	430.45
190.46	434.84
190.53	452.66
190.61	491.34
190.68	513.90
190.76	557.33
190.83	593.06
190.91	618.65
190.98	627.89
191.06	647.69
191.13	653.99
191.21	654.03
191.28	647.34
191.35	644.38
191.43	630.64
191.50	611.94
191.58	606.00
191.65	611.57
191.73	616.01
191.80	627.83
191.88	633.99
191.95	636.85
192.03	641.85
192.10	651.31
192.18	664.40
192.25	686.78
192.33	703.12
192.40	707.86
192.48	706.59
192.55	700.70
192.63	686.23
192.70	678.97
192.78	679.93
192.85	689.82
192.93	693.14
193.00	687.33
193.08	667.94
193.15	646.59
193.22	628.80
193.30	625.86
193.37	659.16
193.45	697.92
193.52	748.69
193.60	802.77
193.67	846.90
193.75	874.84
193.82	906.81
193.90	921.31
193.97	922.66
194.05	913.37
194.12	890.27
194.20	864.59
194.27	831.76
194.34	787.48
194.42	747.64
194.49	724.15
194.57	704.08
194.64	687.60
194.72	682.49
194.79	689.01
194.87	704.15
194.94	739.67
195.02	797.70
195.09	867.30
195.17	941.19
195.24	1006.39
195.31	1055.85
195.39	1090.07
195.46	1106.70
195.54	1119.10
195.61	1118.51
195.69	1099.70
195.76	1065.24
195.84	1018.54
195.91	932.17
195.99	834.37
196.06	748.91
196.13	692.99
196.21	669.31
196.28	694.45
196.36	759.73
196.43	840.16
196.51	925.36
196.58	1009.52
196.66	1084.23
196.73	1139.16
196.80	1177.63
196.88	1196.50
196.95	1209.23
197.03	1208.37
197.10	1188.48
197.18	1156.15
197.25	1098.95
197.33	1011.41
197.40	919.30
197.47	826.01
197.55	751.87
197.62	709.53
197.70	705.60
197.77	730.99
197.85	792.17
197.92	866.21
197.99	957.45
198.07	1056.42
198.14	1152.46
198.22	1247.85
198.29	1324.62
198.37	1381.97
198.44	1421.34
198.51	1437.06
198.59	1423.34
198.66	1397.23
198.74	1339.10
198.81	1240.21
198.89	1116.03
198.96	998.04
199.03	884.20
199.11	805.24
199.18	774.62
199.26	796.10
199.33	852.56
199.41	944.57
199.48	1046.23
199.55	1159.49
199.63	1257.56
199.70	1354.05
199.78	1433.13
199.85	1508.44
199.93	1568.95
200.00	1629.58
200.07	1654.28
200.15	1655.27
200.22	1617.88
200.30	1529.59
200.37	1391.10
200.44	1212.53
200.52	1044.06
200.59	918.31
200.67	847.84
200.74	840.91
200.81	903.70
200.89	993.05
200.96	1096.07
201.04	1202.79
201.11	1324.49
201.19	1445.98
201.26	1558.23
201.33	1651.65
201.41	1731.26
201.48	1780.25
201.56	1802.99
201.63	1803.75
201.70	1760.55
201.78	1673.17
201.85	1543.13
201.93	1384.75
202.00	1232.11
202.07	1110.67
202.15	1019.08
202.22	978.39
202.30	1001.00
202.37	1056.59
202.44	1149.40
202.52	1283.40
202.59	1437.44
202.67	1581.17
202.74	1721.35
202.81	1846.78
202.89	1960.84
202.96	2074.88
203.04	2183.02
203.11	2254.93
203.18	2298.28
203.26	2296.71
203.33	2229.42
203.41	2096.38
203.48	1913.41
203.55	1662.27
203.63	1419.96
203.70	1238.35
203.77	1139.60
203.85	1138.57
203.92	1242.53
204.00	1414.75
204.07	1596.33
204.14	1779.40
204.22	1958.02
204.29	2143.41
204.37	2301.36
204.44	2446.68
204.51	2566.36
204.59	2643.02
204.66	2667.92
204.73	2658.11
204.81	2594.89
204.88	2483.34
204.96	2311.08
205.03	2078.13
205.10	1824.00
205.18	1602.93
205.25	1428.61
205.32	1338.70
205.40	1352.45
205.47	1444.32
205.55	1586.67
205.62	1783.02
205.69	2017.98
205.77	2263.38
205.84	2506.97
205.91	2729.53
205.99	2920.79
206.06	3083.44
206.14	3235.60
206.21	3380.16
206.28	3488.16
206.36	3565.54
206.43	3574.21
206.50	3506.53
206.58	3323.98
206.65	3048.53
206.72	2669.27
206.80	2280.38
206.87	1943.52
206.95	1734.31
207.02	1685.26
207.09	1804.20
207.17	2040.91
207.24	2330.90
207.31	2636.63
207.39	2939.00
207.46	3242.10
207.53	3524.71
207.61	3804.12
207.68	4054.27
207.75	4283.31
207.83	4473.95
207.90	4608.92
207.98	4658.12
208.05	4628.60
208.12	4493.59
208.20	4243.01
208.27	3885.74
208.34	3437.59
208.42	2973.43
208.49	2594.16
208.56	2340.83
208.64	2260.67
208.71	2355.83
208.78	2567.96
208.86	2846.71
208.93	3164.35
209.00	3509.91
209.08	3874.61
209.15	4255.85
209.22	4621.26
209.30	4968.25
209.37	5279.77
209.44	5553.38
209.52	5777.84
209.59	5933.77
209.67	6019.55
209.74	5994.52
209.81	5861.30
209.89	5576.92
209.96	5138.83
210.03	4588.27
210.11	4058.01
210.18	3583.50
210.25	3254.68
210.33	3146.65
210.40	3252.36
210.47	3506.80
210.55	3876.14
210.62	4311.53
210.69	4761.70
210.77	5221.79
210.84	5645.45
210.91	6058.04
210.99	6442.93
211.06	6816.24
211.13	7162.36
211.21	7488.99
211.28	7746.09
211.35	7920.47
211.42	7958.84
211.50	7829.05
211.57	7513.76
211.64	7014.01
211.72	6360.62
211.79	5650.89
211.86	5064.43
211.94	4721.61
212.01	4653.24
212.08	4864.14
212.16	5277.48
212.23	5752.71
212.30	6197.10
212.38	6600.24
212.45	6975.45
212.52	7326.41
212.60	7665.37
212.67	8017.61
212.74	8400.82
212.82	8789.24
212.89	9182.17
212.96	9512.96
213.03	9750.66
213.11	9835.58
213.18	9739.94
213.25	9459.05
213.33	8984.43
213.40	8344.39
213.47	7708.66
213.55	7188.61
213.62	6830.83
213.69	6739.26
213.77	6926.71
213.84	7276.03
213.91	7717.63
213.98	8204.41
214.06	8667.59
214.13	9064.53
214.20	9415.78
214.28	9775.00
214.35	10160.03
214.42	10600.28
214.50	11100.26
214.57	11609.66
214.64	12058.73
214.72	12416.17
214.79	12645.03
214.86	12711.47
214.93	12601.40
215.01	12298.37
215.08	11789.53
215.15	11081.20
215.23	10280.79
215.30	9612.97
215.37	9227.18
215.44	9218.24
215.52	9578.08
215.59	10219.27
215.66	10938.79
215.74	11611.48
215.81	12182.44
215.88	12715.59
215.95	13214.78
216.03	13707.63
216.10	14189.59
216.17	14640.53
216.25	15018.88
216.32	15322.17
216.39	15530.28
216.46	15661.40
216.54	15731.13
216.61	15716.76
216.68	15568.59
216.76	15271.23
216.83	14764.96
216.90	14061.66
216.97	13320.64
217.05	12752.06
217.12	12451.02
217.19	12517.82
217.27	12957.79
217.34	13651.73
217.41	14445.79
217.48	15257.68
217.56	16016.24
217.63	16699.55
217.70	17280.14
217.78	17753.30
217.85	18130.00
217.92	18449.24
217.99	18709.75
218.07	18925.36
218.14	19124.44
218.21	19343.17
218.28	19558.37
218.36	19742.47
218.43	19831.77
218.50	19767.90
218.57	19461.96
218.65	18884.25
218.72	18073.82
218.79	17231.48
218.87	16559.22
218.94	16216.66
219.01	16304.90
219.08	16822.87
219.16	17613.62
219.23	18490.91
219.30	19328.25
219.37	20051.13
219.45	20678.95
219.52	21238.17
219.59	21749.67
219.66	22220.18
219.74	22674.01
219.81	23099.80
219.88	23474.43
219.95	23814.37
220.03	24139.97
220.10	24408.93
220.17	24565.47
220.24	24583.72
220.32	24409.31
220.39	24000.23
220.46	23356.26
220.53	22570.43
220.61	21782.60
220.68	21206.15
220.75	20974.36
220.82	21124.49
220.90	21591.28
220.97	22248.57
221.04	22919.94
221.11	23527.73
221.19	24072.55
221.26	24574.43
221.33	25074.64
221.40	25580.43
221.48	26078.84
221.55	26559.02
221.62	27021.06
221.69	27446.81
221.77	27827.31
221.84	28147.12
221.91	28383.53
221.98	28535.23
222.06	28570.61
222.13	28486.59
222.20	28283.71
222.27	27970.30
222.35	27556.90
222.42	27146.05
222.49	26832.48
222.56	26667.65
222.63	26669.21
222.71	26835.21
222.78	27103.29
222.85	27394.02
222.92	27701.56
223.00	28030.07
223.07	28400.60
223.14	28795.51
223.21	29219.83
223.29	29655.80
223.36	30109.21
223.43	30545.28
223.50	30968.29
223.57	31355.03
223.65	31686.00
223.72	31915.66
223.79	32049.02
223.86	32076.06
223.94	32025.03
224.01	31918.30
224.08	31805.09
224.15	31679.81
224.22	31559.39
224.30	31452.62
224.37	31400.84
224.44	31411.96
224.51	31494.34
224.59	31646.57
224.66	31874.64
224.73	32136.14
224.80	32400.55
224.87	32684.28
224.95	33009.50
225.02	33351.93
225.09	33685.11
225.16	34016.76
225.23	34330.85
225.31	34606.98
225.38	34823.60
225.45	35007.28
225.52	35120.86
225.60	35169.92
225.67	35134.81
225.74	35032.87
225.81	34861.82
225.88	34720.60
225.96	34645.79
226.03	34658.12
226.10	34764.06
226.17	34956.20
226.24	35182.99
226.32	35407.09
226.39	35642.14
226.46	35882.49
226.53	36137.45
226.60	36405.29
226.68	36655.82
226.75	36900.77
226.82	37126.15
226.89	37322.14
226.96	37467.02
227.04	37601.70
227.11	37706.88
227.18	37812.66
227.25	37892.31
227.32	37978.65
227.40	38048.96
227.47	38078.67
227.54	38063.63
227.61	38001.28
227.68	37875.95
227.76	37728.00
227.83	37622.77
227.90	37590.40
227.97	37671.99
228.04	37853.07
228.11	38093.95
228.19	38353.08
228.26	38595.10
228.33	38809.26
228.40	39002.13
228.47	39179.40
228.55	39346.67
228.62	39509.12
228.69	39649.07
228.76	39760.27
228.83	39857.62
228.90	39959.39
228.98	40057.02
229.05	40174.95
229.12	40321.40
229.19	40473.08
229.26	40617.99
229.34	40736.39
229.41	40816.29
229.48	40858.75
229.55	40873.84
229.62	40854.89
229.69	40798.88
229.77	40721.78
229.84	40662.44
229.91	40624.42
229.98	40630.99
230.05	40709.54
230.12	40839.22
230.20	40996.39
230.27	41163.13
230.34	41323.05
230.41	41459.22
230.48	41586.51
230.55	41692.56
230.63	41799.63
230.70	41895.27
230.77	41972.40
230.84	42030.18
230.91	42073.90
230.98	42116.24
231.06	42168.71
231.13	42273.58
231.20	42388.11
231.27	42518.72
231.34	42639.91
231.41	42746.86
231.49	42813.58
231.56	42878.24
231.63	42932.44
231.70	42970.98
231.77	42997.38
231.84	43002.50
231.92	43001.06
231.99	43005.24
232.06	43029.51
232.13	43084.20
232.20	43183.97
232.27	43287.03
232.34	43364.60
232.42	43421.99
232.49	43458.55
232.56	43472.22
232.63	43502.78
232.70	43544.05
232.77	43595.87
232.85	43647.03
232.92	43704.35
232.99	43756.61
233.06	43820.78
233.13	43895.11
233.20	43961.50
233.27	44025.59
233.35	44069.37
233.42	44103.80
233.49	44138.30
233.56	44183.64
233.63	44216.95
233.70	44251.70
233.77	44299.19
233.85	44346.22
233.92	44408.48
233.99	44460.63
234.06	44509.46
234.13	44563.13
234.20	44611.86
234.27	44640.60
234.35	44678.04
234.42	44718.70
234.49	44733.71
234.56	44744.40
234.63	44738.06
234.70	44732.97
234.77	44722.52
234.84	44716.60
234.92	44694.55
234.99	44699.98
235.06	44717.52
235.13	44746.09
235.20	44780.60
235.27	44839.10
235.34	44882.81
235.41	44927.19
235.49	44967.21
235.56	45008.62
235.63	45040.89
235.70	45072.04
235.77	45083.50
235.84	45097.21
235.91	45098.17
235.98	45089.83
236.06	45078.57
236.13	45089.47
236.20	45104.61
236.27	45106.50
236.34	45116.25
236.41	45139.91
236.48	45145.75
236.55	45146.61
236.63	45156.74
236.70	45162.00
236.77	45172.93
236.84	45198.30
236.91	45217.32
236.98	45244.56
237.05	45270.55
237.12	45270.13
237.19	45266.41
237.27	45270.46
237.34	45279.08
237.41	45278.59
237.48	45287.51
237.55	45302.27
237.62	45313.38
237.69	45327.06
237.76	45355.40
237.83	45385.34
237.91	45389.59
237.98	45402.26
238.05	45405.18
238.12	45405.75
238.19	45394.41
238.26	45416.74
238.33	45430.69
238.40	45445.48
238.47	45452.91
238.54	45472.45
238.62	45459.39
238.69	45444.91
238.76	45426.50
238.83	45417.27
238.90	45419.51
238.97	45431.90
239.04	45456.71
239.11	45483.98
239.18	45518.58
239.25	45528.77
239.33	45534.88
239.40	45519.91
239.47	45496.72
239.54	45459.23
239.61	45429.72
239.68	45404.67
239.75	45391.39
239.82	45385.92
239.89	45382.49
239.96	45386.34
240.03	45387.38
240.11	45386.09
240.18	45383.44
240.25	45390.12
240.32	45409.97
240.39	45426.60
240.46	45455.18
240.53	45502.61
240.60	45554.09
240.67	45585.98
240.74	45622.80
240.81	45648.36
240.88	45659.43
240.96	45660.27
241.03	45661.57
241.10	45654.60
241.17	45650.59
241.24	45659.65
241.31	45677.28
241.38	45676.79
241.45	45687.69
241.52	45681.03
241.59	45673.43
241.66	45671.77
241.73	45690.09
241.80	45699.93
241.88	45726.60
241.95	45736.81
242.02	45740.00
242.09	45735.36
242.16	45743.16
242.23	45753.63
242.30	45767.08
242.37	45768.39
242.44	45789.42
242.51	45780.83
242.58	45776.71
242.65	45767.91
242.72	45780.77
242.79	45775.56
242.87	45801.43
242.94	45823.21
243.01	45858.25
243.08	45886.58
243.15	45921.90
243.22	45952.14
243.29	45988.78
243.36	46018.57
243.43	46044.14
243.50	46079.25
243.57	46120.27
243.64	46139.67
243.71	46165.02
243.78	46190.06
243.85	46205.96
243.92	46211.05
243.99	46225.87
244.07	46238.14
244.14	46237.76
244.21	46244.63
244.28	46264.23
244.35	46275.72
244.42	46293.47
244.49	46322.00
244.56	46344.01
244.63	46359.10
244.70	46373.66
244.77	46378.80
244.84	46389.15
244.91	46408.31
244.98	46436.08
245.05	46481.11
245.12	46533.39
245.19	46578.88
245.26	46604.87
245.33	46629.87
245.40	46657.89
245.47	46693.55
245.55	46729.91
245.62	46770.08
245.69	46806.94
245.76	46854.03
245.83	46901.12
245.90	46958.27
245.97	47015.26
246.04	47084.67
246.11	47125.73
246.18	47142.39
246.25	47146.33
246.32	47147.63
246.39	47139.45
246.46	47144.04
246.53	47180.93
246.60	47230.70
246.67	47293.85
246.74	47361.79
246.81	47440.18
246.88	47498.23
246.95	47545.76
247.02	47582.88
247.09	47612.19
247.16	47622.33
247.23	47631.25
247.30	47646.05
247.37	47659.60
247.44	47679.41
247.51	47714.67
247.58	47753.69
247.66	47800.66
247.73	47863.18
247.80	47913.99
247.87	47964.42
247.94	48037.50
248.01	48099.61
248.08	48159.28
248.15	48222.19
248.22	48270.33
248.29	48311.86
248.36	48347.55
248.43	48385.22
248.50	48433.10
248.57	48503.02
248.64	48557.42
248.71	48639.33
248.78	48725.04
248.85	48781.81
248.92	48843.96
248.99	48893.29
249.06	48916.91
249.13	48911.23
249.20	48947.67
249.27	48954.18
249.34	48970.55
249.41	48987.54
249.48	49023.43
249.55	49031.42
249.62	49048.12
249.69	49048.79
249.76	49063.49
249.83	49086.54
249.90	49132.19
249.97	49198.09
250.04	49308.42
250.11	49419.37
250.18	49517.97
250.25	49591.78
250.32	49639.28
250.39	49675.30
250.46	49709.98
250.53	49766.47
250.60	49831.56
250.67	49902.99
250.74	49967.41
250.81	50020.32
250.88	50053.82
250.95	50090.59
251.02	50120.28
251.09	50130.92
251.16	50145.97
251.23	50158.53
251.30	50167.60
251.37	50190.18
251.44	50228.95
251.51	50285.01
251.58	50360.52
251.65	50426.50
251.72	50491.09
251.79	50572.84
251.86	50635.09
251.93	50678.96
252.00	50718.48
252.07	50749.96
252.14	50762.94
252.21	50773.03
252.28	50788.54
252.35	50812.80
252.42	50857.99
252.49	50914.33
252.56	50972.89
252.63	51037.78
252.70	51103.85
252.77	51168.34
252.84	51216.47
252.91	51262.96
252.98	51298.42
253.05	51327.07
253.12	51337.60
253.19	51355.17
253.25	51380.20
253.32	51406.06
253.39	51444.28
253.46	51488.23
253.53	51522.37
253.60	51528.08
253.67	51534.77
253.74	51558.80
253.81	51580.79
253.88	51600.25
253.95	51649.84
254.02	51695.81
254.09	51734.01
254.16	51776.90
254.23	51820.56
254.30	51854.46
254.37	51904.13
254.44	51930.79
254.51	51952.25
254.58	51970.27
254.65	52007.38
254.72	52039.28
254.79	52060.54
254.86	52085.51
254.93	52112.57
255.00	52128.29
255.07	52141.43
255.14	52184.33
255.21	52211.91
255.28	52213.59
255.34	52173.70
255.41	52128.91
255.48	52080.49
255.55	52040.81
255.62	52034.14
255.69	52067.53
255.76	52099.32
255.83	52140.82
255.90	52184.69
255.97	52240.16
256.04	52289.90
256.11	52366.24
256.18	52436.65
256.25	52509.41
256.32	52585.76
256.39	52654.33
256.46	52704.09
256.53	52754.36
256.60	52804.78
256.67	52839.45
256.74	52865.23
256.80	52877.63
256.87	52860.12
256.94	52832.58
257.01	52808.22
257.08	52814.79
257.15	52824.49
257.22	52845.99
257.29	52827.62
257.36	52777.44
257.43	52677.93
257.50	52581.74
257.57	52477.67
257.64	52445.70
257.71	52459.59
257.78	52541.75
257.85	52633.98
257.92	52766.09
257.98	52866.19
258.05	52932.90
258.12	52931.87
258.19	52890.81
258.26	52796.20
258.33	52692.15
258.40	52600.26
258.47	52546.21
258.54	52529.19
258.61	52564.23
258.68	52624.16
258.75	52701.55
258.82	52792.36
258.89	52857.29
258.95	52892.66
259.02	52906.89
259.09	52886.76
259.16	52829.91
259.23	52781.44
259.30	52742.27
259.37	52712.57
259.44	52697.40
259.51	52712.29
259.58	52733.12
259.65	52735.32
259.72	52731.90
259.79	52716.42
259.85	52666.47
259.92	52612.58
259.99	52589.29
260.06	52600.20
260.13	52604.70
260.20	52629.92
260.27	52639.94
260.34	52623.89
260.41	52573.63
260.48	52554.58
260.55	52542.36
260.62	52526.19
260.68	52499.24
260.75	52459.80
260.82	52431.23
260.89	52395.10
260.96	52395.28
261.03	52408.52
261.10	52423.90
261.17	52386.40
261.24	52309.68
261.31	52197.06
261.38	52087.47
261.44	51984.08
261.51	51917.99
261.58	51906.57
261.65	51941.01
261.72	51971.45
261.79	52015.47
261.86	52038.70
261.93	52029.64
262.00	51976.25
262.07	51909.97
262.13	51837.94
262.20	51785.92
262.27	51747.49
262.34	51750.25
262.41	51779.63
262.48	51824.87
262.55	51869.81
262.62	51902.60
262.69	51904.48
262.76	51881.80
262.82	51837.14
262.89	51807.35
262.96	51792.11
263.03	51790.58
263.10	51796.86
263.17	51786.85
263.24	51756.36
263.31	51743.47
263.38	51755.84
263.44	51784.41
263.51	51833.87
263.58	51855.79
263.65	51823.13
263.72	51709.12
263.79	51561.40
263.86	51426.31
263.93	51324.59
264.00	51280.44
264.06	51294.93
264.13	51319.85
264.20	51315.13
264.27	51258.79
264.34	51160.99
264.41	51038.97
264.48	50928.53
264.55	50810.45
264.61	50712.80
264.68	50611.99
264.75	50526.34
264.82	50446.93
264.89	50399.60
264.96	50394.73
265.03	50419.48
265.10	50454.48
265.16	50475.32
265.23	50463.32
265.30	50423.01
265.37	50360.86
265.44	50283.44
265.51	50238.45
265.58	50246.80
265.65	50289.62
265.71	50358.95
265.78	50441.99
265.85	50462.80
265.92	50407.70
265.99	50288.39
266.06	50139.52
266.13	49976.14
266.20	49838.43
266.26	49752.38
266.33	49690.80
266.40	49653.67
266.47	49611.22
266.54	49578.07
266.61	49567.57
266.68	49574.80
266.74	49571.18
266.81	49539.93
266.88	49465.33
266.95	49321.64
267.02	49189.52
267.09	49084.91
267.16	49034.41
267.22	49065.75
267.29	49145.75
267.36	49236.06
267.43	49314.77
267.50	49360.26
267.57	49345.52
267.64	49277.12
267.70	49167.18
267.77	49035.49
267.84	48947.58
267.91	48898.85
267.98	48910.55
268.05	48970.51
268.11	49035.74
268.18	49048.05
268.25	48992.47
268.32	48869.26
268.39	48653.81
268.46	48401.44
268.53	48134.87
268.59	47896.92
268.66	47721.44
268.73	47645.24
268.80	47652.23
268.87	47731.28
268.94	47881.64
269.00	48046.62
269.07	48184.73
269.14	48279.08
269.21	48309.87
269.28	48261.38
269.35	48156.39
269.41	48053.25
269.48	47978.72
269.55	47954.80
269.62	47981.16
269.69	48041.17
269.76	48064.55
269.82	48038.52
269.89	47981.59
269.96	47899.85
270.03	47789.08
270.10	47666.63
270.17	47540.86
270.23	47438.21
270.30	47349.85
270.37	47322.67
270.44	47353.32
270.51	47398.26
270.58	47425.74
270.64	47443.05
270.71	47437.44
270.78	47424.66
270.85	47438.19
270.92	47472.84
270.99	47486.35
271.05	47454.31
271.12	47366.02
271.19	47238.63
271.26	47083.15
271.33	46963.14
271.39	46876.56
271.46	46796.49
271.53	46742.45
271.60	46696.48
271.67	46638.36
271.74	46574.02
271.80	46530.22
271.87	46487.26
271.94	46438.77
272.01	46380.99
272.08	46337.99
272.14	46311.57
272.21	46284.26
272.28	46255.35
272.35	46229.03
272.42	46216.05
272.48	46209.05
272.55	46202.78
272.62	46200.59
272.69	46190.93
272.76	46166.34
272.83	46135.85
272.89	46096.00
272.96	46060.56
273.03	46050.17
273.10	46051.22
273.17	46041.69
273.23	46010.30
273.30	45942.04
273.37	45804.17
273.44	45623.04
273.51	45435.01
273.57	45297.35
273.64	45211.52
273.71	45212.28
273.78	45252.70
273.85	45329.15
273.91	45408.46
273.98	45522.62
274.05	45669.15
274.12	45835.77
274.19	46024.11
274.25	46179.40
274.32	46275.24
274.39	46281.09
274.46	46212.50
274.53	46054.88
274.59	45860.98
274.66	45654.26
274.73	45473.28
274.80	45328.88
274.86	45213.12
274.93	45156.59
275.00	45140.77
275.07	45126.51
275.14	45102.05
275.20	45083.86
275.27	45056.59
275.34	45020.26
275.41	44992.66
275.48	44986.13
275.54	45012.65
275.61	45059.40
275.68	45112.62
275.75	45145.56
275.81	45161.81
275.88	45169.39
275.95	45171.58
276.02	45169.38
276.09	45189.83
276.15	45222.10
276.22	45231.22
276.29	45201.32
276.36	45091.83
276.42	44927.40
276.49	44733.76
276.56	44541.95
276.63	44376.09
276.70	44297.26
276.76	44301.25
276.83	44355.58
276.90	44446.13
276.97	44537.44
277.03	44594.09
277.10	44560.92
277.17	44473.54
277.24	44366.06
277.30	44277.85
277.37	44243.96
277.44	44290.77
277.51	44393.52
277.58	44490.79
277.64	44550.50
277.71	44522.06
277.78	44421.81
277.85	44244.98
277.91	44025.42
277.98	43807.27
278.05	43637.05
278.12	43519.25
278.18	43472.84
278.25	43504.93
278.32	43591.88
278.39	43738.76
278.45	43921.26
278.52	44125.88
278.59	44319.72
278.66	44464.15
278.72	44532.10
278.79	44492.78
278.86	44334.91
278.93	44072.70
278.99	43760.92
279.06	43466.85
279.13	43273.44
279.20	43225.85
279.26	43311.32
279.33	43513.42
279.40	43765.28
279.47	44012.19
279.53	44168.60
279.60	44190.82
279.67	44023.14
279.74	43682.03
279.80	43258.96
279.87	42850.86
279.94	42555.46
280.01	42430.22
280.07	42468.31
280.14	42578.21
280.21	42705.90
280.28	42827.31
280.34	42938.98
280.41	43028.97
280.48	43117.85
280.55	43191.91
280.61	43248.18
280.68	43281.70
280.75	43310.05
280.82	43347.72
280.88	43411.50
280.95	43445.39
281.02	43443.88
281.08	43380.69
281.15	43251.62
281.22	43089.07
281.29	42918.71
281.35	42721.17
281.42	42530.87
281.49	42326.04
281.56	42102.41
281.62	41914.09
281.69	41779.17
281.76	41674.89
281.82	41611.10
281.89	41606.74
281.96	41619.49
282.03	41663.43
282.09	41748.84
282.16	41868.16
282.23	41994.45
282.30	42139.84
282.36	42288.91
282.43	42436.76
282.50	42593.46
282.56	42708.32
282.63	42785.55
282.70	42843.45
282.77	42895.88
282.83	42930.46
282.90	42989.89
282.97	43010.78
283.03	42918.28
283.10	42692.91
283.17	42346.52
283.24	41914.55
283.30	41500.19
283.37	41210.38
283.44	41066.61
283.50	41046.14
283.57	41111.50
283.64	41209.04
283.71	41314.03
283.77	41416.06
283.84	41526.21
283.91	41629.95
283.97	41753.18
284.04	41880.04
284.11	41990.81
284.18	42099.80
284.24	42187.23
284.31	42208.89
284.38	42173.03
284.44	42112.88
284.51	42045.94
284.58	41997.77
284.64	41972.74
284.71	41930.76
284.78	41864.95
284.85	41752.51
284.91	41622.17
284.98	41484.93
285.05	41350.17
285.11	41180.16
285.18	40959.32
285.25	40714.99
285.31	40477.44
285.38	40302.47
285.45	40248.22
285.52	40334.41
285.58	40495.33
285.65	40702.45
285.72	40916.40
285.78	41105.84
285.85	41250.58
285.92	41396.09
285.98	41536.29
286.05	41679.37
286.12	41829.72
286.18	41983.02
286.25	42115.79
286.32	42225.10
286.39	42305.57
286.45	42319.91
286.52	42243.32
286.59	42037.52
286.65	41717.79
286.72	41319.56
286.79	40903.49
286.85	40547.88
286.92	40309.19
286.99	40191.17
287.05	40152.14
287.12	40188.67
287.19	40292.49
287.25	40438.08
287.32	40599.24
287.39	40765.08
287.45	40917.03
287.52	41027.50
287.59	41122.37
287.65	41217.60
287.72	41312.72
287.79	41416.83
287.86	41526.92
287.92	41624.64
287.99	41706.11
288.06	41784.17
288.12	41856.25
288.19	41926.25
288.26	41978.66
288.32	42028.46
288.39	42044.29
288.46	42015.32
288.52	41928.50
288.59	41768.20
288.66	41500.44
288.72	41170.26
288.79	40820.65
288.86	40491.71
288.92	40252.51
288.99	40155.12
289.06	40205.09
289.12	40352.97
289.19	40579.11
289.26	40858.42
289.32	41155.68
289.39	41447.27
289.45	41731.33
289.52	41971.44
289.59	42145.62
289.65	42232.83
289.72	42233.92
289.79	42191.47
289.85	42121.56
289.92	42036.22
289.99	41922.53
290.05	41778.87
290.12	41601.35
290.19	41440.36
290.25	41315.15
290.32	41253.46
290.39	41270.30
290.45	41313.57
290.52	41314.23
290.59	41244.79
290.65	41069.80
290.72	40818.41
290.79	40603.41
290.85	40496.62
290.92	40515.26
290.98	40684.10
291.05	40968.63
291.12	41272.95
291.18	41565.71
291.25	41818.98
291.32	42046.06
291.38	42247.12
291.45	42443.56
291.52	42618.79
291.58	42745.83
291.65	42813.95
291.72	42808.27
291.78	42697.27
291.85	42494.65
291.91	42275.79
291.98	42080.46
292.05	41893.88
292.11	41733.67
292.18	41574.96
292.25	41370.75
292.31	41146.98
292.38	40961.42
292.45	40818.93
292.51	40747.72
292.58	40769.36
292.64	40859.35
292.71	40984.96
292.78	41160.39
292.84	41371.77
292.91	41611.85
292.98	41857.25
293.04	42119.65
293.11	42372.19
293.17	42631.75
293.24	42873.04
293.31	43098.88
293.37	43279.57
293.44	43409.41
293.51	43478.20
293.57	43480.91
293.64	43406.19
293.70	43250.77
293.77	42971.33
293.84	42582.92
293.90	42140.20
293.97	41712.80
294.04	41361.49
294.10	41177.27
294.17	41141.34
294.23	41195.22
294.30	41267.61
294.37	41311.96
294.43	41302.82
294.50	41252.65
294.56	41196.83
294.63	41206.66
294.70	41314.76
294.76	41535.40
294.83	41852.37
294.90	42223.16
294.96	42589.98
295.03	42926.56
295.09	43232.59
295.16	43500.92
295.23	43745.80
295.29	43959.97
295.36	44148.85
295.42	44279.32
295.49	44353.19
295.56	44378.93
295.62	44343.18
295.69	44219.12
295.75	43997.12
295.82	43674.48
295.89	43263.10
295.95	42779.46
296.02	42287.17
296.08	41844.17
296.15	41459.55
296.22	41167.47
296.28	41020.10
296.35	41024.22
296.41	41151.62
296.48	41425.00
296.55	41817.68
296.61	42249.06
296.68	42687.32
296.74	43105.43
296.81	43468.24
296.88	43737.88
296.94	43964.20
297.01	44143.76
297.07	44317.25
297.14	44515.26
297.20	44737.97
297.27	44973.06
297.34	45206.47
297.40	45398.83
297.47	45511.07
297.53	45567.74
297.60	45535.14
297.67	45415.87
297.73	45200.43
297.80	44844.40
297.86	44325.51
297.93	43710.98
298.00	43049.28
298.06	42441.20
298.13	42019.04
298.19	41802.52
298.26	41776.09
298.32	41887.23
298.39	42062.52
298.46	42245.77
298.52	42484.65
298.59	42739.60
298.65	43033.60
298.72	43381.34
298.78	43762.45
298.85	44117.54
298.92	44463.72
298.98	44790.76
299.05	45070.54
299.11	45317.71
299.18	45549.66
299.24	45745.91
299.31	45915.18
299.38	46060.03
299.44	46146.97
299.51	46207.50
299.57	46248.56
299.64	46255.66
299.70	46216.79
299.77	46126.49
299.84	45893.12
299.90	45449.80
299.97	44743.39
300.03	43856.90
300.10	42947.07
300.16	42201.53
300.23	41760.39
300.30	41685.89
300.36	41917.97
300.43	42345.98
300.49	42822.64
300.56	43284.36
300.62	43737.07
300.69	44168.04
300.75	44555.57
300.82	44922.98
300.89	45253.45
300.95	45531.17
301.02	45763.44
301.08	45964.19
301.15	46150.13
301.21	46329.27
301.28	46492.77
301.34	46651.45
301.41	46798.52
301.48	46904.52
301.54	46966.62
301.61	46990.77
301.67	46958.02
301.74	46838.14
301.80	46618.29
301.87	46285.48
301.93	45807.64
302.00	45208.74
302.06	44565.21
302.13	43933.56
302.20	43405.41
302.26	43060.02
302.33	42912.57
302.39	42935.87
302.46	43104.68
302.52	43365.42
302.59	43700.17
302.65	44068.17
302.72	44443.43
302.78	44823.54
302.85	45182.80
302.91	45490.19
302.98	45769.61
303.05	46019.26
303.11	46235.37
303.18	46427.41
303.24	46598.24
303.31	46743.41
303.37	46870.27
303.44	46971.22
303.50	47027.84
303.57	47053.18
303.63	47041.17
303.70	47011.16
303.76	46952.94
303.83	46871.45
303.89	46753.65
303.96	46569.65
304.03	46292.23
304.09	45894.83
304.16	45326.62
304.22	44664.92
304.29	44043.10
304.35	43542.87
304.42	43256.17
304.48	43238.39
304.55	43425.52
304.61	43712.81
304.68	44043.89
304.74	44369.40
304.81	44701.90
304.87	45000.53
304.94	45297.75
305.00	45548.46
305.07	45757.98
305.13	45903.50
305.20	46049.60
305.26	46163.90
305.33	46285.72
305.39	46392.65
305.46	46487.88
305.52	46559.97
305.59	46607.86
305.66	46613.81
305.72	46585.70
305.79	46548.61
305.85	46474.37
305.92	46340.00
305.98	46123.03
306.05	45833.09
306.11	45476.43
306.18	45066.66
306.24	44655.19
306.31	44267.48
306.37	43891.40
306.44	43537.36
306.50	43233.72
306.57	43009.30
306.63	42935.50
306.70	43028.29
306.76	43240.13
306.83	43549.72
306.89	43881.45
306.96	44178.75
307.02	44428.42
307.09	44643.95
307.15	44815.94
307.22	44966.92
307.28	45078.52
307.35	45163.68
307.41	45242.93
307.48	45303.55
307.54	45335.11
307.61	45365.69
307.67	45365.41
307.74	45332.59
307.80	45290.87
307.87	45255.70
307.93	45200.06
308.00	45152.32
308.06	45099.83
308.13	45005.74
308.19	44871.49
308.26	44730.75
308.32	44561.22
308.38	44367.08
308.45	44146.08
308.51	43897.38
308.58	43567.20
308.64	43224.20
308.71	42927.21
308.77	42731.18
308.84	42621.74
308.90	42672.28
308.97	42817.18
309.03	42992.43
309.10	43165.71
309.16	43352.12
309.23	43493.86
309.29	43618.19
309.36	43712.32
309.42	43793.98
309.49	43855.56
309.55	43896.34
309.62	43901.66
309.68	43909.03
309.75	43872.58
309.81	43817.75
309.88	43770.14
309.94	43707.31
310.00	43630.51
310.07	43563.11
310.13	43499.87
310.20	43405.46
310.26	43320.59
310.33	43229.39
310.39	43139.67
310.46	43033.98
310.52	42913.83
310.59	42760.19
310.65	42567.82
310.72	42345.94
310.78	42125.22
310.85	41955.10
310.91	41866.09
310.97	41845.38
311.04	41886.74
311.10	41947.33
311.17	42013.67
311.23	42053.96
311.30	42085.98
311.36	42120.87
311.43	42168.07
311.49	42211.78
311.56	42255.97
311.62	42307.02
311.69	42350.71
311.75	42380.26
311.81	42376.84
311.88	42364.12
311.94	42334.38
312.01	42281.75
312.07	42219.56
312.14	42172.91
312.20	42125.63
312.27	42075.63
312.33	42024.88
312.40	41966.36
312.46	41889.63
312.52	41809.58
312.59	41714.13
312.65	41631.74
312.72	41540.66
312.78	41457.81
312.85	41344.35
312.91	41228.72
312.98	41080.21
313.04	40927.95
313.10	40770.32
313.17	40653.24
313.23	40558.81
313.30	40495.21
313.36	40477.09
313.43	40496.02
313.49	40526.15
313.56	40563.42
313.62	40611.35
313.68	40639.40
313.75	40655.15
313.81	40645.45
313.88	40622.55
313.94	40591.76
314.01	40564.43
314.07	40540.13
314.13	40526.16
314.20	40521.57
314.26	40496.25
314.33	40466.03
314.39	40435.55
314.46	40379.05
314.52	40311.34
314.58	40247.61
314.65	40166.68
314.71	40066.79
314.78	39979.66
314.84	39896.64
314.91	39826.06
314.97	39770.05
315.03	39723.69
315.10	39684.45
315.16	39628.96
315.23	39554.92
315.29	39474.81
315.36	39397.16
315.42	39317.50
315.48	39256.12
315.55	39201.99
315.61	39153.24
315.68	39104.52
315.74	39053.82
315.81	38992.54
315.87	38953.06
315.93	38940.14
316.00	38946.26
316.06	38959.30
316.13	38985.95
316.19	38983.46
316.25	38930.38
316.32	38831.66
316.38	38690.57
316.45	38506.67
316.51	38296.49
316.58	38060.07
316.64	37792.63
316.70	37541.60
316.77	37273.40
316.83	37002.04
316.90	36748.23
316.96	36507.52
317.02	36262.54
317.09	36029.40
317.15	35784.61
317.22	35525.74
317.28	35257.39
317.34	34979.08
317.41	34716.04
317.47	34458.90
317.54	34207.69
317.60	33972.07
317.66	33727.79
317.73	33461.71
317.79	33207.56
317.86	32950.87
317.92	32683.78
317.98	32411.62
318.05	32134.92
318.11	31850.90
318.18	31571.04
318.24	31287.29
318.30	31008.68
318.37	30743.77
318.43	30471.97
318.50	30201.45
318.56	29930.09
318.62	29661.05
318.69	29398.32
318.75	29147.27
318.82	28885.30
318.88	28637.04
318.94	28375.94
319.01	28103.67
319.07	27829.04
319.13	27550.87
319.20	27263.73
319.26	26974.39
319.33	26688.85
319.39	26394.20
319.45	26110.01
319.52	25822.35
319.58	25530.79
319.65	25233.14
319.71	24941.75
319.77	24643.24
319.84	24357.27
319.90	24084.47
319.96	23807.58
320.03	23525.03
320.09	23259.99
320.16	22965.20
320.22	22683.09
320.28	22403.33
320.35	22123.51
320.41	21836.26
320.47	21567.59
320.54	21287.86
320.60	21013.54
320.67	20737.94
320.73	20464.18
320.79	20179.21
320.86	19899.33
320.92	19606.50
320.98	19309.94
321.05	19004.30
321.11	18703.47
321.18	18404.20
321.24	18115.09
321.30	17835.44
321.37	17559.73
321.43	17294.94
321.49	17024.67
321.56	16752.25
321.62	16488.46
321.68	16214.01
321.75	15933.31
321.81	15650.93
321.88	15368.16
321.94	15076.80
322.00	14796.64
322.07	14507.85
322.13	14218.12
322.19	13931.62
322.26	13643.93
322.32	13359.01
322.38	13088.12
322.45	12819.48
322.51	12544.28
322.58	12278.03
322.64	12004.68
322.70	11726.29
322.77	11456.65
322.83	11193.37
322.89	10919.36
322.96	10644.53
323.02	10380.56
323.08	10106.66
323.15	9839.59
323.21	9576.22
323.27	9321.46
323.34	9063.02
323.40	8812.34
323.46	8554.89
323.53	8196.03
323.59	7076.52
323.65	5476.21
323.72	3796.54
323.78	2171.77
323.85	702.48
323.91	43.98
323.97	-79.50
324.04	-82.80
