180.21	3368.45
180.28	-115.98
180.36	626.24
180.44	-40.88
180.51	-11.29
180.59	11.23
180.66	38.49
180.74	34.93
180.81	32.81
180.89	33.87
180.97	34.10
181.04	31.58
181.12	30.12
181.19	30.13
181.27	30.84
181.34	49.03
181.42	56.94
181.50	64.58
181.57	76.51
181.65	82.58
181.72	76.24
181.80	69.97
181.87	69.73
181.95	69.74
182.03	68.44
182.10	69.75
182.18	71.47
182.25	76.59
182.33	76.70
182.40	84.22
182.48	80.69
182.55	92.40
182.63	96.72
182.71	98.05
182.78	98.83
182.86	104.85
182.93	102.02
183.01	104.43
183.08	105.36
183.16	110.79
183.23	107.11
183.31	113.15
183.39	111.95
183.46	122.08
183.54	116.72
183.61	124.15
183.69	125.05
183.76	134.49
183.84	133.57
183.91	134.87
183.99	143.81
184.06	145.50
184.14	148.32
184.22	151.74
184.29	155.61
184.37	153.41
184.44	147.72
184.52	136.26
184.59	132.78
184.67	136.36
184.74	130.26
184.82	142.62
184.89	154.85
184.97	163.50
185.04	170.25
185.12	178.53
185.20	185.13
185.27	192.77
185.35	200.39
185.42	198.01
185.50	210.35
185.57	210.42
185.65	214.06
185.72	213.55
185.80	222.36
185.87	217.83
185.95	215.04
186.02	216.01
186.10	214.56
186.17	213.74
186.25	213.87
186.33	207.33
186.40	199.97
186.48	202.18
186.55	205.35
186.63	208.20
186.70	233.77
186.78	248.99
186.85	263.51
186.93	273.42
187.00	285.60
187.08	279.22
187.15	283.45
187.23	284.15
187.30	286.33
187.38	294.26
187.45	309.11
187.53	320.60
187.60	326.69
187.68	336.53
187.75	347.12
187.83	354.69
187.90	352.63
187.98	354.41
188.05	356.50
188.13	343.43
188.21	324.66
188.28	324.56
188.36	321.10
188.43	319.49
188.51	329.41
188.58	350.88
188.66	350.94
188.73	359.32
188.81	375.78
188.88	383.44
188.96	392.38
189.03	417.36
189.11	439.00
189.18	450.15
189.26	466.37
189.33	489.26
189.41	512.94
189.48	532.92
189.56	551.76
189.63	569.56
189.71	565.63
189.78	542.37
189.86	516.10
189.93	495.04
190.01	466.89
190.08	450.08
190.16	441.12
190.23	428.82
190.31	424.77
190.38	422.34
190.46	426.07
190.53	443.68
190.61	482.17
190.68	504.47
190.76	547.72
190.83	582.28
190.91	604.20
190.98	614.19
191.06	633.84
191.13	638.97
191.21	642.43
191.28	637.83
191.35	630.64
191.43	618.21
191.50	600.03
191.58	589.76
191.65	595.14
191.73	604.76
191.80	615.28
191.88	620.81
191.95	624.66
192.03	629.19
192.10	637.20
192.18	650.27
192.25	676.03
192.33	692.99
192.40	700.08
192.48	696.39
192.55	688.73
192.63	670.77
192.70	662.94
192.78	661.99
192.85	670.99
192.93	673.10
193.00	667.86
193.08	648.76
193.15	627.49
193.22	611.06
193.30	608.24
193.37	638.07
193.45	676.69
193.52	726.03
193.60	779.55
193.67	827.33
193.75	856.31
193.82	886.18
193.90	901.30
193.97	904.40
194.05	895.02
194.12	873.49
194.20	847.88
194.27	815.63
194.34	767.79
194.42	726.10
194.49	703.70
194.57	686.23
194.64	670.11
194.72	667.89
194.79	673.19
194.87	687.33
194.94	723.93
195.02	781.10
195.09	851.22
195.17	924.86
195.24	990.20
195.31	1036.67
195.39	1068.83
195.46	1084.71
195.54	1098.56
195.61	1097.83
195.69	1080.23
195.76	1050.87
195.84	1005.55
195.91	917.92
195.99	819.33
196.06	731.30
196.13	672.74
196.21	647.28
196.28	672.68
196.36	737.55
196.43	817.73
196.51	901.43
196.58	985.57
196.66	1059.75
196.73	1114.43
196.80	1153.26
196.88	1174.76
196.95	1188.55
197.03	1186.45
197.10	1170.57
197.18	1139.25
197.25	1079.95
197.33	990.59
197.40	899.42
197.47	802.01
197.55	729.75
197.62	686.89
197.70	681.63
197.77	706.16
197.85	765.36
197.92	835.10
197.99	926.89
198.07	1028.98
198.14	1122.99
198.22	1219.41
198.29	1296.39
198.37	1352.34
198.44	1391.28
198.51	1410.04
198.59	1394.33
198.66	1369.67
198.74	1313.40
198.81	1213.77
198.89	1090.16
198.96	972.92
199.03	859.54
199.11	780.73
199.18	749.63
199.26	771.83
199.33	829.99
199.41	919.21
199.48	1020.18
199.55	1133.02
199.63	1230.74
199.70	1325.58
199.78	1404.78
199.85	1479.14
199.93	1539.12
200.00	1599.27
200.07	1623.95
200.15	1626.15
200.22	1588.83
200.30	1499.50
200.37	1359.75
200.44	1183.69
200.52	1015.23
200.59	890.12
200.67	819.09
200.74	812.42
200.81	875.53
200.89	963.14
200.96	1064.01
201.04	1171.62
201.11	1291.04
201.19	1410.90
201.26	1522.18
201.33	1615.32
201.41	1694.54
201.48	1745.25
201.56	1767.47
201.63	1774.17
201.70	1730.91
201.78	1646.43
201.85	1516.04
201.93	1360.06
202.00	1203.30
202.07	1081.46
202.15	985.70
202.22	942.07
202.30	961.89
202.37	1016.88
202.44	1108.88
202.52	1245.28
202.59	1403.92
202.67	1549.17
202.74	1690.20
202.81	1816.99
202.89	1929.99
202.96	2044.15
203.04	2149.66
203.11	2225.61
203.18	2272.12
203.26	2272.52
203.33	2205.17
203.41	2075.06
203.48	1888.83
203.55	1634.53
203.63	1388.97
203.70	1205.49
203.77	1104.47
203.85	1100.76
203.92	1204.78
204.00	1376.17
204.07	1555.24
204.14	1738.19
204.22	1916.61
204.29	2103.85
204.37	2264.88
204.44	2412.14
204.51	2534.62
204.59	2615.03
204.66	2639.54
204.73	2628.90
204.81	2566.14
204.88	2455.38
204.96	2282.95
205.03	2046.86
205.10	1790.01
205.18	1567.91
205.25	1387.83
205.32	1294.02
205.40	1306.85
205.47	1399.43
205.55	1540.80
205.62	1735.16
205.69	1972.53
205.77	2222.49
205.84	2467.71
205.91	2693.82
205.99	2889.43
206.06	3050.02
206.14	3199.62
206.21	3342.69
206.28	3452.00
206.36	3529.70
206.43	3543.91
206.50	3474.50
206.58	3292.15
206.65	3011.24
206.72	2630.20
206.80	2235.20
206.87	1897.91
206.95	1684.99
207.02	1633.89
207.09	1750.79
207.17	1986.50
207.24	2277.78
207.31	2584.18
207.39	2889.17
207.46	3190.31
207.53	3475.87
207.61	3754.60
207.68	4009.90
207.75	4245.97
207.83	4440.05
207.90	4575.74
207.98	4625.55
208.05	4597.75
208.12	4454.76
208.20	4206.32
208.27	3846.27
208.34	3394.46
208.42	2922.28
208.49	2541.19
208.56	2285.46
208.64	2201.07
208.71	2291.83
208.78	2505.21
208.86	2783.73
208.93	3099.55
209.00	3443.76
209.08	3812.13
209.15	4195.46
209.22	4563.95
209.30	4910.12
209.37	5227.45
209.44	5509.10
209.52	5736.43
209.59	5898.95
209.67	5991.92
209.74	5973.85
209.81	5840.53
209.89	5551.41
209.96	5108.99
210.03	4551.72
210.11	4007.17
210.18	3521.24
210.25	3181.57
210.33	3062.73
210.40	3162.71
210.47	3413.88
210.55	3783.69
210.62	4223.47
210.69	4678.47
210.77	5138.77
210.84	5570.21
210.91	5986.22
210.99	6373.07
211.06	6748.68
211.13	7103.20
211.21	7439.92
211.28	7703.61
211.35	7889.73
211.42	7937.34
211.50	7810.50
211.57	7487.84
211.64	6982.20
211.72	6308.92
211.79	5583.45
211.86	4982.92
211.94	4626.44
212.01	4545.33
212.08	4757.31
212.16	5168.41
212.23	5644.32
212.30	6092.28
212.38	6505.52
212.45	6885.83
212.52	7240.04
212.60	7582.89
212.67	7941.03
212.74	8327.30
212.82	8722.21
212.89	9118.89
212.96	9461.55
213.03	9703.81
213.11	9791.07
213.18	9694.00
213.25	9410.70
213.33	8926.66
213.40	8271.15
213.47	7619.32
213.55	7082.14
213.62	6713.11
213.69	6611.30
213.77	6795.26
213.84	7147.46
213.91	7597.50
213.98	8085.71
214.06	8552.09
214.13	8959.67
214.20	9311.60
214.28	9674.79
214.35	10071.32
214.42	10521.21
214.50	11024.53
214.57	11547.40
214.64	12000.81
214.72	12361.93
214.79	12591.93
214.86	12662.98
214.93	12554.52
215.01	12259.10
215.08	11738.57
215.15	11018.10
215.23	10201.99
215.30	9513.21
215.37	9105.73
215.44	9086.03
215.52	9447.82
215.59	10084.22
215.66	10807.29
215.74	11490.01
215.81	12075.91
215.88	12599.37
215.95	13117.41
216.03	13624.47
216.10	14106.04
216.17	14568.54
216.25	14968.13
216.32	15266.86
216.39	15477.86
216.46	15615.21
216.54	15672.58
216.61	15643.34
216.68	15490.83
216.76	15172.65
216.83	14657.30
216.90	13940.81
216.97	13186.27
217.05	12606.96
217.12	12310.97
217.19	12369.27
217.27	12812.45
217.34	13518.91
217.41	14326.64
217.48	15152.30
217.56	15932.19
217.63	16636.48
217.70	17236.17
217.78	17714.99
217.85	18099.69
217.92	18424.02
217.99	18691.11
218.07	18905.39
218.14	19109.41
218.21	19318.68
218.28	19524.80
218.36	19700.67
218.43	19786.94
218.50	19714.16
218.57	19404.03
218.65	18814.13
218.72	17982.77
218.79	17119.26
218.87	16429.49
218.94	16078.16
219.01	16159.03
219.08	16672.28
219.16	17472.56
219.23	18368.12
219.30	19224.69
219.37	19976.63
219.45	20625.60
219.52	21205.54
219.59	21724.88
219.66	22203.23
219.74	22657.41
219.81	23093.21
219.88	23468.34
219.95	23821.28
220.03	24140.75
220.10	24411.19
220.17	24575.22
220.24	24599.44
220.32	24417.59
220.39	24001.58
220.46	23346.16
220.53	22525.37
220.61	21704.39
220.68	21100.77
220.75	20858.49
220.82	21003.98
220.90	21480.24
220.97	22159.22
221.04	22852.21
221.11	23472.10
221.19	24021.67
221.26	24551.86
221.33	25064.41
221.40	25579.85
221.48	26087.60
221.55	26576.79
221.62	27040.40
221.69	27471.27
221.77	27856.31
221.84	28181.77
221.91	28435.73
221.98	28583.27
222.06	28615.75
222.13	28534.19
222.20	28312.17
222.27	27975.84
222.35	27540.83
222.42	27112.09
222.49	26777.88
222.56	26609.71
222.63	26616.54
222.71	26796.86
222.78	27058.58
222.85	27347.48
222.92	27665.52
223.00	27996.71
223.07	28369.18
223.14	28785.18
223.21	29228.52
223.29	29670.65
223.36	30134.26
223.43	30579.39
223.50	30999.02
223.57	31392.07
223.65	31729.64
223.72	31951.31
223.79	32080.32
223.86	32110.03
223.94	32050.85
224.01	31946.76
224.08	31828.88
224.15	31704.03
224.22	31582.44
224.30	31467.95
224.37	31400.52
224.44	31413.38
224.51	31487.50
224.59	31644.69
224.66	31879.96
224.73	32152.88
224.80	32423.14
224.87	32721.54
224.95	33048.31
225.02	33385.34
225.09	33717.12
225.16	34053.49
225.23	34371.24
225.31	34645.71
225.38	34881.92
225.45	35078.40
225.52	35213.37
225.60	35264.26
225.67	35236.69
225.74	35116.68
225.81	34930.98
225.88	34756.35
225.96	34672.52
226.03	34676.65
226.10	34794.38
226.17	34991.67
226.24	35216.55
226.32	35450.19
226.39	35693.65
226.46	35940.58
226.53	36200.57
226.60	36480.48
226.68	36735.98
226.75	36974.30
226.82	37199.08
226.89	37401.50
226.96	37570.84
227.04	37701.26
227.11	37820.13
227.18	37931.25
227.25	38019.51
227.32	38091.64
227.40	38165.40
227.47	38196.74
227.54	38172.85
227.61	38101.18
227.68	37969.99
227.76	37815.95
227.83	37704.22
227.90	37689.99
227.97	37766.77
228.04	37957.57
228.11	38197.57
228.19	38447.37
228.26	38676.08
228.33	38884.59
228.40	39072.88
228.47	39262.89
228.55	39437.30
228.62	39602.54
228.69	39765.40
228.76	39890.14
228.83	39984.60
228.90	40090.29
228.98	40194.35
229.05	40305.87
229.12	40448.40
229.19	40605.88
229.26	40753.88
229.34	40873.10
229.41	40956.54
229.48	40994.57
229.55	41013.66
229.62	40981.23
229.69	40913.56
229.77	40821.56
229.84	40747.98
229.91	40701.65
229.98	40714.14
230.05	40802.57
230.12	40943.32
230.20	41106.21
230.27	41269.22
230.34	41446.45
230.41	41588.30
230.48	41714.78
230.55	41832.27
230.63	41938.58
230.70	42021.49
230.77	42094.46
230.84	42156.54
230.91	42197.30
230.98	42244.68
231.06	42304.56
231.13	42386.32
231.20	42496.70
231.27	42629.82
231.34	42751.98
231.41	42868.00
231.49	42960.73
231.56	43036.80
231.63	43087.45
231.70	43122.40
231.77	43129.01
231.84	43132.25
231.92	43140.68
231.99	43159.89
232.06	43202.66
232.13	43264.44
232.20	43347.69
232.27	43422.64
232.34	43492.17
232.42	43534.63
232.49	43560.85
232.56	43586.47
232.63	43630.86
232.70	43680.04
232.77	43747.04
232.85	43810.44
232.92	43867.99
232.99	43910.92
233.06	43961.05
233.13	44017.51
233.20	44090.17
233.27	44147.24
233.35	44205.70
233.42	44247.51
233.49	44294.73
233.56	44351.03
233.63	44408.55
233.70	44445.37
233.77	44496.28
233.85	44539.74
233.92	44583.73
233.99	44630.10
234.06	44680.88
234.13	44724.94
234.20	44765.74
234.27	44785.25
234.35	44806.12
234.42	44826.12
234.49	44847.66
234.56	44853.98
234.63	44862.55
234.70	44870.21
234.77	44872.57
234.84	44866.08
234.92	44854.70
234.99	44862.32
235.06	44871.53
235.13	44894.99
235.20	44928.09
235.27	44993.50
235.34	45023.51
235.41	45067.08
235.49	45111.78
235.56	45153.61
235.63	45179.10
235.70	45217.52
235.77	45248.65
235.84	45270.31
235.91	45279.44
235.98	45278.75
236.06	45280.03
236.13	45278.47
236.20	45282.05
236.27	45287.81
236.34	45296.18
236.41	45310.69
236.48	45313.18
236.55	45319.65
236.63	45328.23
236.70	45331.34
236.77	45334.61
236.84	45360.60
236.91	45383.92
236.98	45408.42
237.05	45442.20
237.12	45457.81
237.19	45460.47
237.27	45453.42
237.34	45444.05
237.41	45434.19
237.48	45432.18
237.55	45435.98
237.62	45451.90
237.69	45481.96
237.76	45506.59
237.83	45535.69
237.91	45554.88
237.98	45569.91
238.05	45566.97
238.12	45577.13
238.19	45586.75
238.26	45609.63
238.33	45626.74
238.40	45641.03
238.47	45629.88
238.54	45645.18
238.62	45629.22
238.69	45612.78
238.76	45605.76
238.83	45600.39
238.90	45589.22
238.97	45609.26
239.04	45625.57
239.11	45651.77
239.18	45694.13
239.25	45702.73
239.33	45685.51
239.40	45682.82
239.47	45667.09
239.54	45627.52
239.61	45607.61
239.68	45580.90
239.75	45560.01
239.82	45535.80
239.89	45535.10
239.96	45531.24
240.03	45558.91
240.11	45570.45
240.18	45586.36
240.25	45601.23
240.32	45618.44
240.39	45634.93
240.46	45649.90
240.53	45688.48
240.60	45729.33
240.67	45763.65
240.74	45782.61
240.81	45812.39
240.88	45824.68
240.96	45824.60
241.03	45830.81
241.10	45838.89
241.17	45844.42
241.24	45852.76
241.31	45872.17
241.38	45876.39
241.45	45864.12
241.52	45851.70
241.59	45842.42
241.66	45843.91
241.73	45853.55
241.80	45880.86
241.88	45902.35
241.95	45909.56
242.02	45915.16
242.09	45913.39
242.16	45912.91
242.23	45928.74
242.30	45951.33
242.37	45953.85
242.44	45966.21
242.51	45968.49
242.58	45960.05
242.65	45947.44
242.72	45968.64
242.79	45979.56
242.87	46012.74
242.94	46044.90
243.01	46087.20
243.08	46115.30
243.15	46149.48
243.22	46174.63
243.29	46209.69
243.36	46222.07
243.43	46242.62
243.50	46274.46
243.57	46311.57
243.64	46320.54
243.71	46353.74
243.78	46375.29
243.85	46391.44
243.92	46400.25
243.99	46420.07
244.07	46426.56
244.14	46416.97
244.21	46419.05
244.28	46423.14
244.35	46444.41
244.42	46467.91
244.49	46494.76
244.56	46522.02
244.63	46548.41
244.70	46542.24
244.77	46549.12
244.84	46572.85
244.91	46590.39
244.98	46610.10
245.05	46654.31
245.12	46703.77
245.19	46745.66
245.26	46776.12
245.33	46803.69
245.40	46840.14
245.47	46866.92
245.55	46903.43
245.62	46938.53
245.69	46975.27
245.76	47022.40
245.83	47084.35
245.90	47143.91
245.97	47193.89
246.04	47261.47
246.11	47311.26
246.18	47330.62
246.25	47330.85
246.32	47344.23
246.39	47355.90
246.46	47370.35
246.53	47398.60
246.60	47447.35
246.67	47512.51
246.74	47562.67
246.81	47629.55
246.88	47682.45
246.95	47725.19
247.02	47762.18
247.09	47795.29
247.16	47803.17
247.23	47818.62
247.30	47838.35
247.37	47848.80
247.44	47871.49
247.51	47905.65
247.58	47941.58
247.66	47985.20
247.73	48041.35
247.80	48094.19
247.87	48149.13
247.94	48216.28
248.01	48285.48
248.08	48343.92
248.15	48408.12
248.22	48461.45
248.29	48510.66
248.36	48552.29
248.43	48603.72
248.50	48645.16
248.57	48694.52
248.64	48759.13
248.71	48825.79
248.78	48898.20
248.85	48960.27
248.92	49020.78
248.99	49064.87
249.06	49101.44
249.13	49114.91
249.20	49144.55
249.27	49168.31
249.34	49192.52
249.41	49222.92
249.48	49254.12
249.55	49260.55
249.62	49274.23
249.69	49280.68
249.76	49282.24
249.83	49310.94
249.90	49376.61
249.97	49440.63
250.04	49535.07
250.11	49646.43
250.18	49735.48
250.25	49791.02
250.32	49838.31
250.39	49864.09
250.46	49890.38
250.53	49934.20
250.60	49998.45
250.67	50085.32
250.74	50160.25
250.81	50213.89
250.88	50259.20
250.95	50301.33
251.02	50323.05
251.09	50331.77
251.16	50343.94
251.23	50347.31
251.30	50350.26
251.37	50357.16
251.44	50404.04
251.51	50469.34
251.58	50552.00
251.65	50633.12
251.72	50715.76
251.79	50784.50
251.86	50833.35
251.93	50869.02
252.00	50904.92
252.07	50917.21
252.14	50943.70
252.21	50970.22
252.28	50992.29
252.35	51010.86
252.42	51066.67
252.49	51116.04
252.56	51175.20
252.63	51238.84
252.70	51302.65
252.77	51361.12
252.84	51414.19
252.91	51454.42
252.98	51495.13
253.05	51528.08
253.12	51548.22
253.19	51554.35
253.25	51577.49
253.32	51596.41
253.39	51631.40
253.46	51657.03
253.53	51688.05
253.60	51703.53
253.67	51704.74
253.74	51722.70
253.81	51757.00
253.88	51792.07
253.95	51829.06
254.02	51888.11
254.09	51938.31
254.16	51984.54
254.23	52027.11
254.30	52057.13
254.37	52094.03
254.44	52119.29
254.51	52147.53
254.58	52176.72
254.65	52222.19
254.72	52258.10
254.79	52272.70
254.86	52292.07
254.93	52302.11
255.00	52314.44
255.07	52334.10
255.14	52383.49
255.21	52404.75
255.28	52400.02
255.34	52368.74
255.41	52320.06
255.48	52257.83
255.55	52219.06
255.62	52224.39
255.69	52248.54
255.76	52279.05
255.83	52324.21
255.90	52364.11
255.97	52414.63
256.04	52466.02
256.11	52543.43
256.18	52616.97
256.25	52701.14
256.32	52774.50
256.39	52854.31
256.46	52911.61
256.53	52969.19
256.60	53014.58
256.67	53063.94
256.74	53082.99
256.80	53100.95
256.87	53088.58
256.94	53059.36
257.01	53026.35
257.08	53028.71
257.15	53025.28
257.22	53040.73
257.29	53019.13
257.36	52958.12
257.43	52852.36
257.50	52753.76
257.57	52659.10
257.64	52632.10
257.71	52643.36
257.78	52730.06
257.85	52835.35
257.92	52948.31
257.98	53047.17
258.05	53128.79
258.12	53126.89
258.19	53082.94
258.26	52995.41
258.33	52888.55
258.40	52793.96
258.47	52740.88
258.54	52723.94
258.61	52754.25
258.68	52823.62
258.75	52908.26
258.82	52996.70
258.89	53064.51
258.95	53098.44
259.02	53098.90
259.09	53060.92
259.16	52997.46
259.23	52929.46
259.30	52891.69
259.37	52873.86
259.44	52874.54
259.51	52892.86
259.58	52918.80
259.65	52917.93
259.72	52908.08
259.79	52870.65
259.85	52829.97
259.92	52776.18
259.99	52764.99
260.06	52761.73
260.13	52777.57
260.20	52790.44
260.27	52805.03
260.34	52778.89
260.41	52741.19
260.48	52725.85
260.55	52722.91
260.62	52706.61
260.68	52673.67
260.75	52627.39
260.82	52595.74
260.89	52556.44
260.96	52562.28
261.03	52582.65
261.10	52598.66
261.17	52563.12
261.24	52496.15
261.31	52383.02
261.38	52280.89
261.44	52177.62
261.51	52101.17
261.58	52080.31
261.65	52100.39
261.72	52129.67
261.79	52171.97
261.86	52194.03
261.93	52177.08
262.00	52118.41
262.07	52044.80
262.13	51977.39
262.20	51928.25
262.27	51892.27
262.34	51898.96
262.41	51926.95
262.48	51963.07
262.55	52001.78
262.62	52035.54
262.69	52040.14
262.76	52024.98
262.82	52005.88
262.89	51983.42
262.96	51973.52
263.03	51974.73
263.10	51972.29
263.17	51957.73
263.24	51933.23
263.31	51920.48
263.38	51925.71
263.44	51964.67
263.51	52005.53
263.58	52034.28
263.65	52000.52
263.72	51888.64
263.79	51731.13
263.86	51591.12
263.93	51484.77
264.00	51429.93
264.06	51433.73
264.13	51453.13
264.20	51447.11
264.27	51377.87
264.34	51284.49
264.41	51176.09
264.48	51071.75
264.55	50959.14
264.61	50858.47
264.68	50752.35
264.75	50663.08
264.82	50575.35
264.89	50528.11
264.96	50535.44
265.03	50571.56
265.10	50617.14
265.16	50644.09
265.23	50640.73
265.30	50593.07
265.37	50515.74
265.44	50424.10
265.51	50383.60
265.58	50380.07
265.65	50417.99
265.71	50502.29
265.78	50590.69
265.85	50609.98
265.92	50561.43
265.99	50449.23
266.06	50286.57
266.13	50100.49
266.20	49962.62
266.26	49860.69
266.33	49792.38
266.40	49737.53
266.47	49703.17
266.54	49664.26
266.61	49664.72
266.68	49683.30
266.74	49699.44
266.81	49677.17
266.88	49600.57
266.95	49445.86
267.02	49294.03
267.09	49180.87
267.16	49124.98
267.22	49137.63
267.29	49223.22
267.36	49323.27
267.43	49408.14
267.50	49457.93
267.57	49458.28
267.64	49387.96
267.70	49276.23
267.77	49151.65
267.84	49067.56
267.91	49021.15
267.98	49039.09
268.05	49095.14
268.11	49153.80
268.18	49161.10
268.25	49111.47
268.32	48978.10
268.39	48768.31
268.46	48510.15
268.53	48230.83
268.59	47982.48
268.66	47795.15
268.73	47705.11
268.80	47707.11
268.87	47799.67
268.94	47955.94
269.00	48134.95
269.07	48276.83
269.14	48379.14
269.21	48410.88
269.28	48353.17
269.35	48254.31
269.41	48161.52
269.48	48090.54
269.55	48064.90
269.62	48101.99
269.69	48159.65
269.76	48183.39
269.82	48158.20
269.89	48097.05
269.96	48004.57
270.03	47883.46
270.10	47754.17
270.17	47624.60
270.23	47507.62
270.30	47418.04
270.37	47388.56
270.44	47415.66
270.51	47459.87
270.58	47503.67
270.64	47530.56
270.71	47522.08
270.78	47516.29
270.85	47533.94
270.92	47561.22
270.99	47566.10
271.05	47546.78
271.12	47465.56
271.19	47337.15
271.26	47186.04
271.33	47062.25
271.39	46972.08
271.46	46888.36
271.53	46836.43
271.60	46787.47
271.67	46732.25
271.74	46657.63
271.80	46604.61
271.87	46556.57
271.94	46509.31
272.01	46457.84
272.08	46426.39
272.14	46387.99
272.21	46348.03
272.28	46317.31
272.35	46282.17
272.42	46248.31
272.48	46240.95
272.55	46248.99
272.62	46241.50
272.69	46240.08
272.76	46230.81
272.83	46204.38
272.89	46162.45
272.96	46140.77
273.03	46131.29
273.10	46128.01
273.17	46115.55
273.23	46079.77
273.30	46005.57
273.37	45863.56
273.44	45665.45
273.51	45477.49
273.57	45327.09
273.64	45244.12
273.71	45236.53
273.78	45285.05
273.85	45368.64
273.91	45462.46
273.98	45572.01
274.05	45714.98
274.12	45897.89
274.19	46083.42
274.25	46246.23
274.32	46342.34
274.39	46358.80
274.46	46286.36
274.53	46132.24
274.59	45921.36
274.66	45719.81
274.73	45535.24
274.80	45380.43
274.86	45262.39
274.93	45206.74
275.00	45173.73
275.07	45151.39
275.14	45130.38
275.20	45111.61
275.27	45091.07
275.34	45067.00
275.41	45039.59
275.48	45024.89
275.54	45047.13
275.61	45082.20
275.68	45133.89
275.75	45171.22
275.81	45194.25
275.88	45206.44
275.95	45220.55
276.02	45226.93
276.09	45257.04
276.15	45288.87
276.22	45293.11
276.29	45251.36
276.36	45129.75
276.42	44951.18
276.49	44759.91
276.56	44561.44
276.63	44393.59
276.70	44313.87
276.76	44312.06
276.83	44368.92
276.90	44464.84
276.97	44573.77
277.03	44635.46
277.10	44617.33
277.17	44531.17
277.24	44417.30
277.30	44306.55
277.37	44259.66
277.44	44309.44
277.51	44403.65
277.58	44500.19
277.64	44570.92
277.71	44550.12
277.78	44427.25
277.85	44251.48
277.91	44033.42
277.98	43808.71
278.05	43632.93
278.12	43530.69
278.18	43479.37
278.25	43512.53
278.32	43606.62
278.39	43754.00
278.45	43926.71
278.52	44133.53
278.59	44329.72
278.66	44478.68
278.72	44549.49
278.79	44526.24
278.86	44357.07
278.93	44088.48
278.99	43759.85
279.06	43457.86
279.13	43244.81
279.20	43206.51
279.26	43311.87
279.33	43524.07
279.40	43788.63
279.47	44042.25
279.53	44204.55
279.60	44216.38
279.67	44043.30
279.74	43696.63
279.80	43256.72
279.87	42841.54
279.94	42531.70
280.01	42412.36
280.07	42433.98
280.14	42552.42
280.21	42682.12
280.28	42807.98
280.34	42903.00
280.41	43008.78
280.48	43093.91
280.55	43170.77
280.61	43234.41
280.68	43279.16
280.75	43309.29
280.82	43365.69
280.88	43425.81
280.95	43462.40
281.02	43462.79
281.08	43400.81
281.15	43272.10
281.22	43110.25
281.29	42938.04
281.35	42737.94
281.42	42529.15
281.49	42303.43
281.56	42073.74
281.62	41873.67
281.69	41732.26
281.76	41644.80
281.82	41592.57
281.89	41584.41
281.96	41589.89
282.03	41631.39
282.09	41697.70
282.16	41811.63
282.23	41944.31
282.30	42105.78
282.36	42272.61
282.43	42444.04
282.50	42607.45
282.56	42723.61
282.63	42797.97
282.70	42848.23
282.77	42898.70
282.83	42951.31
282.90	43013.40
282.97	43044.15
283.03	42953.38
283.10	42712.05
283.17	42348.77
283.24	41921.38
283.30	41499.59
283.37	41202.50
283.44	41055.84
283.50	41022.46
283.57	41076.84
283.64	41181.77
283.71	41279.22
283.77	41379.22
283.84	41497.22
283.91	41594.35
283.97	41715.02
284.04	41863.19
284.11	41995.64
284.18	42103.62
284.24	42194.91
284.31	42219.25
284.38	42173.07
284.44	42110.34
284.51	42049.29
284.58	42013.60
284.64	41987.48
284.71	41959.77
284.78	41892.34
284.85	41783.71
284.91	41646.48
284.98	41513.46
285.05	41356.54
285.11	41172.89
285.18	40949.72
285.25	40688.22
285.31	40424.20
285.38	40245.07
285.45	40188.52
285.52	40253.92
285.58	40418.72
285.65	40646.81
285.72	40874.16
285.78	41069.12
285.85	41234.26
285.92	41389.32
285.98	41526.45
286.05	41663.79
286.12	41804.96
286.18	41951.05
286.25	42092.08
286.32	42205.73
286.39	42297.92
286.45	42326.80
286.52	42248.65
286.59	42033.95
286.65	41697.94
286.72	41281.93
286.79	40853.72
286.85	40494.37
286.92	40257.20
286.99	40147.96
287.05	40110.48
287.12	40161.88
287.19	40262.63
287.25	40408.67
287.32	40564.80
287.39	40731.97
287.45	40873.08
287.52	40986.19
287.59	41078.42
287.65	41172.30
287.72	41287.14
287.79	41399.11
287.86	41515.64
287.92	41615.11
287.99	41709.60
288.06	41791.23
288.12	41862.62
288.19	41938.79
288.26	42001.26
288.32	42040.55
288.39	42041.50
288.46	41999.60
288.52	41905.53
288.59	41735.10
288.66	41469.32
288.72	41133.21
288.79	40775.88
288.86	40439.31
288.92	40202.54
288.99	40099.36
289.06	40136.59
289.12	40302.72
289.19	40538.58
289.26	40818.74
289.32	41122.23
289.39	41425.95
289.45	41716.38
289.52	41951.54
289.59	42114.12
289.65	42189.29
289.72	42193.65
289.79	42152.15
289.85	42088.29
289.92	41996.54
289.99	41897.06
290.05	41744.21
290.12	41556.64
290.19	41392.74
290.25	41270.29
290.32	41213.05
290.39	41240.88
290.45	41285.86
290.52	41298.05
290.59	41237.47
290.65	41059.45
290.72	40808.65
290.79	40575.96
290.85	40457.03
290.92	40475.31
290.98	40644.48
291.05	40928.03
291.12	41252.07
291.18	41545.29
291.25	41813.74
291.32	42046.28
291.38	42259.55
291.45	42464.87
291.52	42647.65
291.58	42777.23
291.65	42856.41
291.72	42853.07
291.78	42745.17
291.85	42539.83
291.91	42302.53
291.98	42086.55
292.05	41887.88
292.11	41719.48
292.18	41556.15
292.25	41363.55
292.31	41137.26
292.38	40938.95
292.45	40792.66
292.51	40720.19
292.58	40730.53
292.64	40815.96
292.71	40948.88
292.78	41125.20
292.84	41340.82
292.91	41595.48
292.98	41851.95
293.04	42113.76
293.11	42367.53
293.17	42626.87
293.24	42867.05
293.31	43093.02
293.37	43281.46
293.44	43424.88
293.51	43497.32
293.57	43494.80
293.64	43419.83
293.70	43250.40
293.77	42945.31
293.84	42536.53
293.90	42082.57
293.97	41636.78
294.04	41291.32
294.10	41103.45
294.17	41068.81
294.23	41124.37
294.30	41201.77
294.37	41241.33
294.43	41242.71
294.50	41194.71
294.56	41146.47
294.63	41159.61
294.70	41279.43
294.76	41504.52
294.83	41835.25
294.90	42217.57
294.96	42599.48
295.03	42946.83
295.09	43256.25
295.16	43526.18
295.23	43762.66
295.29	43988.45
295.36	44176.25
295.42	44304.94
295.49	44380.58
295.56	44415.58
295.62	44369.14
295.69	44233.51
295.75	44014.76
295.82	43690.55
295.89	43253.38
295.95	42751.36
296.02	42259.19
296.08	41815.45
296.15	41419.85
296.22	41136.11
296.28	40989.16
296.35	40977.48
296.41	41092.90
296.48	41376.91
296.55	41762.39
296.61	42205.92
296.68	42655.05
296.74	43076.65
296.81	43438.93
296.88	43723.59
296.94	43949.06
297.01	44155.60
297.07	44344.57
297.14	44542.37
297.20	44776.44
297.27	45021.80
297.34	45233.99
297.40	45424.56
297.47	45553.38
297.53	45608.65
297.60	45576.20
297.67	45451.96
297.73	45226.75
297.80	44846.68
297.86	44316.89
297.93	43674.73
298.00	43009.57
298.06	42395.63
298.13	41959.67
298.19	41731.72
298.26	41708.25
298.32	41819.43
298.39	41985.83
298.46	42180.66
298.52	42413.58
298.59	42686.11
298.65	43001.14
298.72	43374.70
298.78	43764.46
298.85	44142.49
298.92	44491.29
298.98	44819.25
299.05	45104.14
299.11	45360.86
299.18	45591.82
299.24	45808.85
299.31	45974.09
299.38	46115.69
299.44	46215.90
299.51	46291.46
299.57	46322.10
299.64	46327.84
299.70	46289.44
299.77	46177.00
299.84	45922.63
299.90	45460.61
299.97	44737.86
300.03	43810.08
300.10	42883.26
300.16	42120.41
300.23	41666.94
300.30	41594.40
300.36	41842.86
300.43	42276.38
300.49	42767.92
300.56	43245.69
300.62	43701.17
300.69	44140.31
300.75	44546.54
300.82	44928.96
300.89	45262.28
300.95	45553.73
301.02	45810.05
301.08	46031.47
301.15	46214.27
301.21	46407.46
301.28	46590.02
301.34	46747.34
301.41	46872.93
301.48	46983.83
301.54	47044.87
301.61	47054.99
301.67	47018.18
301.74	46913.75
301.80	46683.88
301.87	46328.39
301.93	45838.55
302.00	45234.07
302.06	44555.04
302.13	43906.54
302.20	43370.54
302.26	43008.09
302.33	42845.97
302.39	42871.29
302.46	43042.55
302.52	43314.90
302.59	43652.86
302.65	44032.43
302.72	44429.26
302.78	44823.45
302.85	45193.02
302.91	45521.49
302.98	45808.77
303.05	46059.59
303.11	46283.16
303.18	46475.97
303.24	46653.80
303.31	46803.44
303.37	46931.63
303.44	47033.96
303.50	47104.05
303.57	47131.52
303.63	47117.58
303.70	47081.15
303.76	47019.49
303.83	46934.83
303.89	46813.09
303.96	46632.92
304.03	46348.95
304.09	45945.43
304.16	45362.33
304.22	44679.48
304.29	44031.38
304.35	43534.34
304.42	43253.26
304.48	43233.44
304.55	43427.98
304.61	43720.21
304.68	44049.00
304.74	44375.65
304.81	44703.43
304.87	45008.60
304.94	45313.59
305.00	45571.68
305.07	45774.21
305.13	45940.07
305.20	46085.76
305.26	46216.95
305.33	46344.19
305.39	46467.01
305.46	46558.66
305.52	46634.90
305.59	46674.28
305.66	46680.44
305.72	46658.78
305.79	46620.45
305.85	46546.26
305.92	46401.90
305.98	46180.83
306.05	45875.31
306.11	45507.47
306.18	45098.44
306.24	44693.83
306.31	44295.72
306.37	43907.67
306.44	43546.68
306.50	43219.10
306.57	42983.93
306.63	42911.00
306.70	43009.16
306.76	43232.83
306.83	43559.42
306.89	43896.35
306.96	44197.69
307.02	44449.80
307.09	44678.83
307.15	44856.46
307.22	45012.21
307.28	45134.26
307.35	45222.45
307.41	45289.08
307.48	45350.53
307.54	45392.60
307.61	45414.24
307.67	45423.13
307.74	45403.19
307.80	45368.88
307.87	45314.39
307.93	45270.59
308.00	45217.13
308.06	45158.42
308.13	45061.01
308.19	44948.41
308.26	44797.57
308.32	44629.36
308.38	44445.15
308.45	44228.03
308.51	43952.85
308.58	43624.10
308.64	43286.85
308.71	42973.15
308.77	42755.23
308.84	42663.40
308.90	42717.07
308.97	42851.74
309.03	43041.12
309.10	43240.04
309.16	43429.85
309.23	43565.11
309.29	43693.76
309.36	43776.94
309.42	43845.92
309.49	43901.01
309.55	43954.17
309.62	43973.01
309.68	43987.29
309.75	43955.64
309.81	43908.22
309.88	43845.09
309.94	43775.22
310.00	43697.10
310.07	43623.11
310.13	43557.86
310.20	43486.37
310.26	43401.48
310.33	43300.74
310.39	43225.00
310.46	43123.06
310.52	42995.50
310.59	42829.24
310.65	42643.13
310.72	42415.41
310.78	42183.14
310.85	42015.85
310.91	41927.72
310.97	41907.45
311.04	41941.08
311.10	42005.69
311.17	42063.14
311.23	42110.93
311.30	42142.66
311.36	42184.97
311.43	42241.58
311.49	42291.85
311.56	42333.45
311.62	42392.46
311.69	42426.56
311.75	42457.39
311.81	42451.52
311.88	42443.89
311.94	42398.76
312.01	42349.72
312.07	42279.18
312.14	42234.18
312.20	42184.85
312.27	42135.57
312.33	42089.22
312.40	42038.96
312.46	41969.50
312.52	41896.52
312.59	41822.57
312.65	41729.31
312.72	41628.32
312.78	41529.95
312.85	41422.18
312.91	41297.09
312.98	41158.74
313.04	41008.66
313.10	40844.97
313.17	40711.14
313.23	40616.57
313.30	40557.81
313.36	40540.79
313.43	40569.67
313.49	40610.59
313.56	40642.52
313.62	40677.79
313.68	40710.06
313.75	40729.05
313.81	40716.13
313.88	40702.70
313.94	40687.28
314.01	40657.41
314.07	40631.64
314.13	40619.80
314.20	40610.03
314.26	40591.56
314.33	40568.69
314.39	40537.14
314.46	40474.40
314.52	40402.65
314.58	40316.63
314.65	40227.00
314.71	40119.51
314.78	40046.56
314.84	39969.18
314.91	39909.94
314.97	39856.70
315.03	39817.36
315.10	39771.19
315.16	39707.53
315.23	39633.31
315.29	39558.18
315.36	39488.08
315.42	39413.48
315.48	39375.09
315.55	39340.82
315.61	39289.30
315.68	39227.94
315.74	39169.43
315.81	39095.27
315.87	39036.45
315.93	39014.45
316.00	39033.06
316.06	39048.25
316.13	39075.37
316.19	39074.10
316.25	39032.18
316.32	38922.23
316.38	38769.73
316.45	38575.70
316.51	38357.62
316.58	38120.77
316.64	37868.15
316.70	37626.69
316.77	37364.46
316.83	37105.43
316.90	36844.32
316.96	36593.61
317.02	36337.12
317.09	36090.77
317.15	35842.83
317.22	35582.95
317.28	35315.52
317.34	35046.01
317.41	34794.45
317.47	34538.64
317.54	34287.19
317.60	34045.03
317.66	33808.32
317.73	33544.67
317.79	33275.58
317.86	33021.81
317.92	32764.28
317.98	32486.97
318.05	32209.66
318.11	31939.92
318.18	31656.18
318.24	31370.65
318.30	31091.73
318.37	30832.27
318.43	30559.82
318.50	30290.40
318.56	30021.52
318.62	29757.08
318.69	29478.74
318.75	29209.86
318.82	28947.86
318.88	28685.46
318.94	28412.16
319.01	28139.62
319.07	27880.74
319.13	27607.12
319.20	27331.30
319.26	27055.03
319.33	26768.48
319.39	26464.28
319.45	26165.07
319.52	25867.84
319.58	25569.22
319.65	25285.98
319.71	24999.65
319.77	24714.55
319.84	24432.83
319.90	24157.81
319.96	23871.77
320.03	23584.81
320.09	23302.99
320.16	23017.77
320.22	22730.56
320.28	22447.84
320.35	22169.38
320.41	21889.77
320.47	21608.24
320.54	21322.87
320.60	21037.12
320.67	20763.18
320.73	20489.42
320.79	20205.77
320.86	19932.08
320.92	19647.18
320.98	19344.51
321.05	19035.74
321.11	18738.71
321.18	18441.91
321.24	18156.23
321.30	17873.06
321.37	17609.32
321.43	17345.50
321.49	17070.05
321.56	16801.49
321.62	16540.20
321.68	16254.57
321.75	15972.87
321.81	15690.62
321.88	15402.84
321.94	15116.35
322.00	14835.92
322.07	14542.29
322.13	14259.00
322.19	13976.35
322.26	13688.89
322.32	13403.60
322.38	13133.82
322.45	12861.54
322.51	12589.66
322.58	12328.04
322.64	12050.46
322.70	11778.13
322.77	11496.51
322.83	11226.28
322.89	10945.33
322.96	10673.72
323.02	10394.53
323.08	10131.26
323.15	9863.59
323.21	9599.77
323.27	9343.57
323.34	9090.39
323.40	8838.57
323.46	8580.39
323.53	8212.68
323.59	7091.61
323.65	5486.60
323.72	3800.19
323.78	2170.56
323.85	703.21
323.91	43.45
323.97	-81.58
324.04	-83.08
