180.21	3368.55
180.28	-118.90
180.36	625.92
180.44	-41.92
180.51	-12.60
180.59	9.05
180.66	35.68
180.74	32.04
180.81	31.07
180.89	33.44
180.97	34.41
181.04	31.63
181.12	30.39
181.19	30.42
181.27	31.02
181.34	48.51
181.42	55.47
181.50	63.12
181.57	75.64
181.65	81.08
181.72	74.41
181.80	68.24
181.87	69.01
181.95	68.50
182.03	67.47
182.10	70.50
182.18	72.10
182.25	77.27
182.33	76.97
182.40	84.11
182.48	80.57
182.55	91.75
182.63	95.04
182.71	97.63
182.78	98.83
182.86	104.58
182.93	101.81
183.01	103.92
183.08	104.28
183.16	109.44
183.23	106.14
183.31	112.73
183.39	111.16
183.46	121.08
183.54	116.51
183.61	124.06
183.69	125.19
183.76	135.23
183.84	134.01
183.91	135.37
183.99	144.61
184.06	147.54
184.14	149.86
184.22	153.33
184.29	157.19
184.37	154.16
184.44	147.85
184.52	135.34
184.59	132.60
184.67	135.98
184.74	130.10
184.82	142.70
184.89	154.34
184.97	161.99
185.04	168.29
185.12	176.88
185.20	183.29
185.27	192.45
185.35	200.56
185.42	199.45
185.50	211.52
185.57	211.53
185.65	215.60
185.72	214.22
185.80	222.48
185.87	218.12
185.95	215.20
186.02	215.15
186.10	212.43
186.17	210.31
186.25	210.79
186.33	205.12
186.40	199.77
186.48	202.02
186.55	207.12
186.63	210.03
186.70	235.84
186.78	249.45
186.85	263.96
186.93	272.18
187.00	284.59
187.08	276.76
187.15	282.26
187.23	283.82
187.30	286.31
187.38	294.62
187.45	309.55
187.53	321.99
187.60	327.75
187.68	337.14
187.75	346.06
187.83	355.41
187.90	352.58
187.98	353.92
188.05	357.21
188.13	343.71
188.21	323.25
188.28	321.93
188.36	317.92
188.43	313.91
188.51	325.14
188.58	347.29
188.66	348.49
188.73	359.61
188.81	376.82
188.88	382.62
188.96	391.13
189.03	415.36
189.11	436.79
189.18	448.96
189.26	467.44
189.33	491.19
189.41	515.23
189.48	533.96
189.56	552.94
189.63	570.96
189.71	566.92
189.78	545.02
189.86	519.53
189.93	497.55
190.01	467.12
190.08	449.67
190.16	438.24
190.23	426.15
190.31	422.53
190.38	420.84
190.46	424.64
190.53	444.35
190.61	482.41
190.68	503.89
190.76	546.63
190.83	582.02
190.91	605.93
190.98	617.22
191.06	637.20
191.13	642.96
191.21	645.24
191.28	638.37
191.35	630.63
191.43	616.36
191.50	597.06
191.58	586.35
191.65	590.47
191.73	598.00
191.80	610.15
191.88	617.50
191.95	620.34
192.03	625.97
192.10	636.45
192.18	651.88
192.25	677.21
192.33	696.52
192.40	702.36
192.48	699.93
192.55	690.84
192.63	673.43
192.70	664.03
192.78	661.46
192.85	670.83
192.93	675.49
193.00	669.41
193.08	651.02
193.15	629.92
193.22	611.95
193.30	608.78
193.37	640.39
193.45	677.06
193.52	729.16
193.60	782.85
193.67	829.85
193.75	859.59
193.82	894.33
193.90	907.35
193.97	909.72
194.05	899.67
194.12	876.52
194.20	847.79
194.27	815.85
194.34	768.60
194.42	727.72
194.49	704.56
194.57	688.55
194.64	673.02
194.72	669.06
194.79	674.79
194.87	688.16
194.94	722.53
195.02	777.69
195.09	845.77
195.17	920.11
195.24	987.73
195.31	1037.71
195.39	1071.76
195.46	1090.54
195.54	1100.45
195.61	1098.27
195.69	1078.76
195.76	1047.11
195.84	997.98
195.91	913.84
195.99	816.16
196.06	728.67
196.13	671.16
196.21	646.83
196.28	668.85
196.36	733.50
196.43	816.47
196.51	902.54
196.58	987.73
196.66	1061.53
196.73	1116.72
196.80	1151.45
196.88	1173.06
196.95	1186.86
197.03	1187.47
197.10	1168.89
197.18	1139.10
197.25	1078.54
197.33	988.57
197.40	893.66
197.47	797.23
197.55	722.81
197.62	682.06
197.70	679.60
197.77	706.27
197.85	768.38
197.92	841.12
197.99	932.13
198.07	1031.29
198.14	1127.39
198.22	1221.21
198.29	1298.41
198.37	1355.14
198.44	1395.99
198.51	1412.07
198.59	1398.55
198.66	1373.51
198.74	1316.07
198.81	1215.93
198.89	1090.73
198.96	970.48
199.03	856.07
199.11	777.18
199.18	746.15
199.26	770.61
199.33	829.03
199.41	919.59
199.48	1020.61
199.55	1132.28
199.63	1228.88
199.70	1324.39
199.78	1404.86
199.85	1482.81
199.93	1544.14
200.00	1603.92
200.07	1631.05
200.15	1631.16
200.22	1590.19
200.30	1504.15
200.37	1366.70
200.44	1187.60
200.52	1016.62
200.59	889.96
200.67	815.69
200.74	809.29
200.81	870.63
200.89	960.81
200.96	1062.77
201.04	1169.95
201.11	1290.16
201.19	1412.50
201.26	1520.96
201.33	1613.46
201.41	1695.64
201.48	1743.43
201.56	1763.69
201.63	1768.38
201.70	1730.69
201.78	1644.20
201.85	1516.37
201.93	1362.81
202.00	1207.68
202.07	1081.52
202.15	987.35
202.22	945.85
202.30	965.80
202.37	1021.50
202.44	1114.07
202.52	1246.83
202.59	1403.10
202.67	1549.43
202.74	1690.28
202.81	1814.38
202.89	1932.10
202.96	2044.74
203.04	2150.84
203.11	2227.73
203.18	2277.06
203.26	2276.15
203.33	2210.69
203.41	2079.33
203.48	1893.74
203.55	1637.37
203.63	1393.23
203.70	1209.20
203.77	1106.95
203.85	1102.33
203.92	1206.19
204.00	1372.95
204.07	1551.98
204.14	1736.05
204.22	1915.21
204.29	2098.27
204.37	2259.48
204.44	2404.92
204.51	2525.60
204.59	2606.83
204.66	2638.39
204.73	2627.86
204.81	2566.98
204.88	2456.76
204.96	2283.85
205.03	2046.70
205.10	1789.99
205.18	1567.05
205.25	1388.13
205.32	1293.94
205.40	1306.98
205.47	1398.66
205.55	1540.43
205.62	1734.03
205.69	1969.39
205.77	2217.63
205.84	2462.77
205.91	2689.44
205.99	2891.18
206.06	3060.68
206.14	3212.35
206.21	3355.54
206.28	3463.29
206.36	3539.99
206.43	3546.01
206.50	3476.64
206.58	3298.65
206.65	3017.14
206.72	2632.91
206.80	2239.46
206.87	1903.78
206.95	1690.77
207.02	1639.81
207.09	1754.66
207.17	1989.92
207.24	2279.42
207.31	2584.26
207.39	2888.08
207.46	3190.68
207.53	3476.00
207.61	3753.01
207.68	4005.50
207.75	4241.01
207.83	4434.02
207.90	4569.42
207.98	4622.19
208.05	4597.46
208.12	4457.27
208.20	4206.41
208.27	3850.44
208.34	3400.18
208.42	2927.30
208.49	2543.57
208.56	2283.92
208.64	2197.12
208.71	2289.22
208.78	2497.06
208.86	2773.90
208.93	3094.76
209.00	3439.32
209.08	3805.73
209.15	4191.87
209.22	4567.02
209.30	4914.43
209.37	5233.10
209.44	5511.80
209.52	5745.47
209.59	5905.21
209.67	5996.72
209.74	5974.66
209.81	5839.60
209.89	5546.28
209.96	5100.53
210.03	4540.14
210.11	3994.87
210.18	3511.52
210.25	3174.37
210.33	3052.89
210.40	3156.54
210.47	3408.79
210.55	3777.77
210.62	4220.34
210.69	4682.00
210.77	5142.58
210.84	5578.07
210.91	5995.56
210.99	6381.68
211.06	6764.04
211.13	7121.07
211.21	7448.80
211.28	7709.52
211.35	7888.58
211.42	7928.38
211.50	7797.49
211.57	7478.13
211.64	6974.17
211.72	6306.64
211.79	5583.38
211.86	4986.26
211.94	4632.01
212.01	4555.07
212.08	4765.57
212.16	5171.61
212.23	5641.82
212.30	6087.29
212.38	6491.99
212.45	6874.09
212.52	7236.02
212.60	7582.01
212.67	7946.40
212.74	8335.87
212.82	8727.81
212.89	9128.04
212.96	9478.90
213.03	9716.79
213.11	9804.59
213.18	9712.09
213.25	9424.64
213.33	8926.11
213.40	8267.46
213.47	7613.96
213.55	7074.37
213.62	6701.71
213.69	6605.55
213.77	6797.38
213.84	7158.70
213.91	7612.37
213.98	8108.56
214.06	8576.58
214.13	8979.86
214.20	9327.79
214.28	9684.91
214.35	10080.06
214.42	10532.44
214.50	11035.91
214.57	11556.66
214.64	12008.19
214.72	12367.73
214.79	12598.05
214.86	12678.03
214.93	12567.64
215.01	12269.62
215.08	11744.56
215.15	11015.62
215.23	10187.47
215.30	9500.60
215.37	9094.58
215.44	9076.12
215.52	9440.81
215.59	10083.91
215.66	10805.93
215.74	11495.89
215.81	12082.52
215.88	12618.50
215.95	13126.59
216.03	13633.89
216.10	14114.04
216.17	14569.47
216.25	14961.13
216.32	15280.26
216.39	15491.63
216.46	15634.78
216.54	15701.40
216.61	15680.45
216.68	15521.17
216.76	15210.77
216.83	14685.56
216.90	13966.09
216.97	13205.77
217.05	12620.33
217.12	12313.09
217.19	12377.03
217.27	12825.38
217.34	13525.84
217.41	14334.94
217.48	15170.37
217.56	15950.61
217.63	16653.95
217.70	17252.33
217.78	17734.96
217.85	18116.19
217.92	18427.74
217.99	18692.50
218.07	18914.13
218.14	19111.76
218.21	19328.38
218.28	19540.73
218.36	19722.84
218.43	19807.69
218.50	19742.05
218.57	19422.14
218.65	18831.32
218.72	17977.85
218.79	17111.73
218.87	16419.58
218.94	16076.39
219.01	16163.12
219.08	16696.76
219.16	17498.75
219.23	18392.09
219.30	19249.64
219.37	19998.18
219.45	20640.56
219.52	21220.65
219.59	21733.51
219.66	22204.71
219.74	22666.18
219.81	23103.33
219.88	23485.05
219.95	23839.50
220.03	24156.98
220.10	24416.11
220.17	24587.74
220.24	24603.04
220.32	24426.66
220.39	24013.83
220.46	23367.35
220.53	22535.76
220.61	21723.42
220.68	21121.71
220.75	20876.91
220.82	21019.29
220.90	21501.35
220.97	22168.76
221.04	22858.14
221.11	23476.05
221.19	24023.26
221.26	24548.19
221.33	25065.19
221.40	25587.96
221.48	26104.11
221.55	26606.35
221.62	27065.41
221.69	27499.25
221.77	27881.31
221.84	28203.33
221.91	28441.19
221.98	28609.57
222.06	28646.44
222.13	28556.46
222.20	28333.67
222.27	28005.76
222.35	27559.27
222.42	27119.95
222.49	26804.87
222.56	26646.00
222.63	26651.09
222.71	26828.08
222.78	27111.44
222.85	27394.68
222.92	27701.30
223.00	28026.14
223.07	28395.22
223.14	28792.73
223.21	29237.18
223.29	29688.85
223.36	30158.48
223.43	30618.83
223.50	31052.90
223.57	31444.42
223.65	31778.92
223.72	32005.37
223.79	32133.93
223.86	32161.32
223.94	32105.92
224.01	31999.52
224.08	31887.70
224.15	31753.58
224.22	31621.37
224.30	31508.47
224.37	31450.81
224.44	31456.90
224.51	31532.58
224.59	31692.43
224.66	31920.96
224.73	32184.42
224.80	32459.96
224.87	32754.77
224.95	33076.33
225.02	33422.73
225.09	33760.51
225.16	34084.26
225.23	34404.94
225.31	34695.63
225.38	34930.75
225.45	35114.42
225.52	35242.02
225.60	35280.37
225.67	35233.44
225.74	35104.39
225.81	34922.85
225.88	34756.86
225.96	34683.62
226.03	34708.07
226.10	34828.97
226.17	35038.37
226.24	35286.14
226.32	35524.77
226.39	35754.54
226.46	35996.97
226.53	36260.53
226.60	36530.35
226.68	36785.12
226.75	37033.14
226.82	37269.37
226.89	37458.82
226.96	37630.13
227.04	37762.10
227.11	37876.40
227.18	37968.48
227.25	38055.76
227.32	38126.30
227.40	38208.50
227.47	38240.54
227.54	38225.81
227.61	38155.64
227.68	38029.43
227.76	37860.51
227.83	37749.42
227.90	37728.67
227.97	37802.40
228.04	37972.94
228.11	38220.03
228.19	38474.17
228.26	38712.25
228.33	38931.54
228.40	39136.06
228.47	39323.17
228.55	39498.72
228.62	39661.10
228.69	39813.06
228.76	39928.16
228.83	40033.43
228.90	40132.63
228.98	40234.70
229.05	40345.34
229.12	40489.17
229.19	40642.90
229.26	40789.39
229.34	40906.42
229.41	40993.88
229.48	41037.68
229.55	41045.43
229.62	41009.68
229.69	40942.25
229.77	40857.93
229.84	40793.01
229.91	40766.40
229.98	40788.38
230.05	40874.15
230.12	41002.96
230.20	41161.72
230.27	41316.58
230.34	41478.14
230.41	41632.94
230.48	41773.53
230.55	41886.72
230.63	41999.92
230.70	42108.54
230.77	42173.80
230.84	42229.26
230.91	42268.86
230.98	42310.81
231.06	42360.29
231.13	42460.33
231.20	42574.42
231.27	42714.27
231.34	42834.57
231.41	42946.00
231.49	43017.80
231.56	43085.53
231.63	43127.39
231.70	43169.44
231.77	43186.48
231.84	43193.33
231.92	43192.89
231.99	43204.58
232.06	43230.18
232.13	43282.68
232.20	43371.09
232.27	43465.10
232.34	43550.25
232.42	43605.39
232.49	43651.34
232.56	43683.48
232.63	43726.59
232.70	43758.32
232.77	43815.89
232.85	43863.59
232.92	43916.90
232.99	43963.85
233.06	44022.81
233.13	44082.79
233.20	44152.84
233.27	44212.91
233.35	44265.15
233.42	44311.00
233.49	44360.61
233.56	44417.84
233.63	44465.77
233.70	44507.84
233.77	44567.14
233.85	44611.79
233.92	44654.35
233.99	44698.83
234.06	44749.54
234.13	44785.29
234.20	44825.33
234.27	44857.04
234.35	44887.76
234.42	44913.41
234.49	44927.34
234.56	44942.03
234.63	44934.24
234.70	44926.03
234.77	44924.94
234.84	44929.51
234.92	44911.22
234.99	44923.96
235.06	44948.01
235.13	44962.81
235.20	45006.14
235.27	45059.49
235.34	45097.14
235.41	45148.33
235.49	45193.84
235.56	45227.39
235.63	45266.67
235.70	45301.11
235.77	45312.16
235.84	45333.91
235.91	45339.15
235.98	45333.77
236.06	45332.11
236.13	45334.82
236.20	45342.26
236.27	45336.56
236.34	45351.19
236.41	45372.90
236.48	45392.04
236.55	45398.98
236.63	45426.67
236.70	45435.30
236.77	45444.04
236.84	45472.07
236.91	45494.42
236.98	45506.05
237.05	45519.11
237.12	45525.41
237.19	45516.03
237.27	45513.82
237.34	45521.04
237.41	45534.61
237.48	45541.19
237.55	45543.67
237.62	45544.32
237.69	45556.27
237.76	45565.95
237.83	45586.12
237.91	45611.35
237.98	45617.99
238.05	45620.56
238.12	45631.30
238.19	45634.45
238.26	45651.54
238.33	45674.51
238.40	45689.37
238.47	45698.38
238.54	45710.66
238.62	45696.21
238.69	45680.33
238.76	45662.87
238.83	45639.78
238.90	45644.21
238.97	45652.04
239.04	45681.22
239.11	45716.47
239.18	45746.66
239.25	45749.61
239.33	45753.35
239.40	45750.42
239.47	45724.21
239.54	45704.68
239.61	45677.24
239.68	45655.69
239.75	45634.18
239.82	45624.89
239.89	45614.32
239.96	45615.72
240.03	45612.64
240.11	45619.36
240.18	45633.98
240.25	45647.36
240.32	45663.04
240.39	45687.48
240.46	45708.16
240.53	45742.87
240.60	45785.77
240.67	45823.57
240.74	45856.59
240.81	45885.05
240.88	45885.12
240.96	45885.97
241.03	45891.96
241.10	45895.76
241.17	45896.19
241.24	45914.64
241.31	45932.52
241.38	45930.28
241.45	45910.77
241.52	45910.33
241.59	45905.57
241.66	45901.46
241.73	45923.19
241.80	45962.12
241.88	45978.78
241.95	45988.88
242.02	45999.73
242.09	45986.43
242.16	45971.34
242.23	45974.83
242.30	45996.28
242.37	45999.41
242.44	46023.72
242.51	46034.16
242.58	46041.47
242.65	46038.53
242.72	46056.96
242.79	46064.76
242.87	46097.26
242.94	46114.81
243.01	46136.05
243.08	46158.71
243.15	46178.20
243.22	46183.39
243.29	46210.64
243.36	46231.01
243.43	46251.59
243.50	46287.39
243.57	46339.63
243.64	46371.54
243.71	46407.00
243.78	46433.72
243.85	46449.55
243.92	46458.52
243.99	46471.43
244.07	46483.95
244.14	46481.90
244.21	46485.11
244.28	46497.33
244.35	46514.63
244.42	46525.01
244.49	46554.40
244.56	46586.76
244.63	46603.45
244.70	46604.73
244.77	46615.85
244.84	46635.56
244.91	46653.62
244.98	46684.29
245.05	46719.96
245.12	46769.30
245.19	46808.60
245.26	46835.79
245.33	46860.92
245.40	46896.65
245.47	46925.70
245.55	46951.80
245.62	46977.69
245.69	47006.26
245.76	47061.75
245.83	47114.52
245.90	47177.89
245.97	47246.40
246.04	47317.71
246.11	47359.13
246.18	47391.79
246.25	47402.25
246.32	47405.01
246.39	47410.49
246.46	47417.46
246.53	47448.67
246.60	47506.08
246.67	47576.00
246.74	47646.01
246.81	47724.04
246.88	47767.38
246.95	47802.48
247.02	47837.14
247.09	47859.52
247.16	47863.01
247.23	47881.90
247.30	47897.83
247.37	47903.90
247.44	47928.49
247.51	47970.94
247.58	48008.69
247.66	48052.93
247.73	48114.72
247.80	48157.87
247.87	48202.09
247.94	48260.97
248.01	48320.54
248.08	48374.76
248.15	48440.30
248.22	48494.79
248.29	48553.87
248.36	48607.06
248.43	48666.71
248.50	48721.65
248.57	48778.89
248.64	48836.25
248.71	48898.82
248.78	48959.92
248.85	49028.78
248.92	49091.31
248.99	49137.59
249.06	49170.16
249.13	49187.06
249.20	49200.56
249.27	49220.32
249.34	49230.19
249.41	49257.21
249.48	49283.77
249.55	49286.65
249.62	49288.22
249.69	49284.36
249.76	49284.21
249.83	49304.71
249.90	49369.32
249.97	49458.33
250.04	49577.99
250.11	49688.80
250.18	49781.29
250.25	49842.61
250.32	49883.98
250.39	49916.33
250.46	49946.54
250.53	50011.52
250.60	50077.16
250.67	50154.84
250.74	50218.74
250.81	50265.69
250.88	50293.47
250.95	50327.60
251.02	50342.87
251.09	50348.40
251.16	50378.40
251.23	50396.56
251.30	50400.62
251.37	50419.62
251.44	50466.81
251.51	50515.83
251.58	50581.27
251.65	50660.46
251.72	50732.73
251.79	50792.97
251.86	50846.34
251.93	50888.84
252.00	50916.72
252.07	50943.71
252.14	50975.27
252.21	51005.17
252.28	51025.09
252.35	51059.02
252.42	51110.84
252.49	51158.82
252.56	51206.95
252.63	51274.77
252.70	51341.92
252.77	51393.43
252.84	51461.53
252.91	51504.51
252.98	51528.37
253.05	51551.72
253.12	51568.60
253.19	51575.92
253.25	51605.87
253.32	51647.13
253.39	51695.32
253.46	51735.98
253.53	51763.79
253.60	51783.31
253.67	51778.91
253.74	51776.88
253.81	51807.42
253.88	51849.16
253.95	51891.76
254.02	51949.63
254.09	52006.47
254.16	52038.48
254.23	52068.07
254.30	52101.94
254.37	52142.40
254.44	52175.48
254.51	52203.24
254.58	52221.63
254.65	52251.93
254.72	52272.09
254.79	52277.62
254.86	52310.69
254.93	52333.62
255.00	52351.99
255.07	52380.44
255.14	52423.91
255.21	52444.25
255.28	52448.51
255.34	52416.74
255.41	52378.15
255.48	52322.55
255.55	52264.59
255.62	52255.40
255.69	52276.13
255.76	52309.20
255.83	52354.67
255.90	52410.20
255.97	52475.98
256.04	52530.51
256.11	52600.39
256.18	52673.73
256.25	52758.03
256.32	52818.64
256.39	52889.08
256.46	52941.69
256.53	52997.75
256.60	53054.11
256.67	53094.73
256.74	53119.65
256.80	53115.39
256.87	53089.23
256.94	53041.33
257.01	53009.34
257.08	53017.38
257.15	53039.59
257.22	53057.10
257.29	53038.22
257.36	52976.21
257.43	52868.20
257.50	52781.85
257.57	52707.59
257.64	52694.62
257.71	52725.81
257.78	52811.36
257.85	52904.34
257.92	53014.64
257.98	53100.89
258.05	53155.46
258.12	53161.14
258.19	53116.14
258.26	53024.12
258.33	52923.56
258.40	52847.93
258.47	52778.21
258.54	52756.83
258.61	52782.31
258.68	52845.85
258.75	52923.76
258.82	53027.30
258.89	53108.98
258.95	53157.78
259.02	53154.08
259.09	53125.94
259.16	53068.93
259.23	52999.67
259.30	52958.65
259.37	52948.85
259.44	52950.39
259.51	52955.26
259.58	52982.29
259.65	52989.85
259.72	52988.91
259.79	52951.61
259.85	52904.55
259.92	52842.99
259.99	52819.01
260.06	52815.66
260.13	52837.77
260.20	52861.27
260.27	52868.11
260.34	52849.36
260.41	52812.88
260.48	52776.23
260.55	52767.54
260.62	52761.90
260.68	52723.86
260.75	52675.27
260.82	52650.43
260.89	52624.31
260.96	52617.47
261.03	52636.61
261.10	52646.38
261.17	52606.64
261.24	52515.85
261.31	52416.02
261.38	52302.48
261.44	52204.58
261.51	52128.74
261.58	52112.17
261.65	52112.16
261.72	52149.59
261.79	52176.86
261.86	52202.37
261.93	52192.03
262.00	52151.57
262.07	52060.95
262.13	51997.95
262.20	51953.46
262.27	51920.39
262.34	51921.84
262.41	51966.68
262.48	52006.22
262.55	52055.25
262.62	52093.98
262.69	52107.04
262.76	52094.59
262.82	52065.09
262.89	52033.56
262.96	52022.28
263.03	52016.85
263.10	52014.24
263.17	51988.18
263.24	51952.15
263.31	51932.87
263.38	51941.27
263.44	51980.65
263.51	52043.59
263.58	52069.80
263.65	52036.01
263.72	51920.42
263.79	51763.22
263.86	51609.04
263.93	51510.32
264.00	51457.54
264.06	51476.07
264.13	51491.10
264.20	51483.32
264.27	51425.07
264.34	51329.55
264.41	51214.91
264.48	51115.84
264.55	51016.10
264.61	50915.65
264.68	50813.57
264.75	50717.39
264.82	50623.23
264.89	50558.74
264.96	50553.38
265.03	50588.12
265.10	50633.63
265.16	50674.46
265.23	50677.30
265.30	50617.35
265.37	50538.56
265.44	50452.77
265.51	50404.04
265.58	50405.54
265.65	50457.22
265.71	50531.29
265.78	50611.36
265.85	50626.11
265.92	50567.71
265.99	50454.64
266.06	50312.25
266.13	50135.71
266.20	49999.84
266.26	49906.73
266.33	49846.08
266.40	49789.56
266.47	49758.41
266.54	49723.05
266.61	49723.42
266.68	49728.82
266.74	49727.01
266.81	49692.44
266.88	49604.48
266.95	49457.66
267.02	49312.34
267.09	49200.57
267.16	49150.75
267.22	49181.42
267.29	49270.25
267.36	49363.18
267.43	49454.01
267.50	49499.76
267.57	49500.68
267.64	49428.76
267.70	49327.53
267.77	49204.84
267.84	49116.93
267.91	49068.03
267.98	49082.38
268.05	49134.69
268.11	49192.93
268.18	49200.30
268.25	49140.51
268.32	49000.77
268.39	48790.49
268.46	48529.60
268.53	48244.31
268.59	47997.35
268.66	47815.64
268.73	47726.69
268.80	47737.52
268.87	47833.50
268.94	47985.76
269.00	48170.95
269.07	48316.03
269.14	48408.35
269.21	48438.83
269.28	48381.29
269.35	48269.33
269.41	48174.42
269.48	48108.30
269.55	48086.12
269.62	48125.18
269.69	48185.40
269.76	48205.24
269.82	48186.07
269.89	48135.89
269.96	48051.74
270.03	47934.98
270.10	47817.50
270.17	47685.88
270.23	47565.20
270.30	47472.88
270.37	47443.93
270.44	47471.62
270.51	47519.11
270.58	47553.86
270.64	47579.24
270.71	47574.39
270.78	47568.69
270.85	47583.62
270.92	47618.12
270.99	47629.92
271.05	47599.34
271.12	47503.51
271.19	47374.15
271.26	47220.94
271.33	47092.18
271.39	46998.39
271.46	46921.88
271.53	46855.54
271.60	46816.26
271.67	46759.44
271.74	46696.19
271.80	46629.95
271.87	46580.93
271.94	46513.07
272.01	46462.11
272.08	46435.76
272.14	46418.38
272.21	46395.76
272.28	46367.99
272.35	46336.73
272.42	46303.53
272.48	46300.69
272.55	46297.82
272.62	46291.73
272.69	46280.71
272.76	46264.61
272.83	46218.95
272.89	46176.81
272.96	46153.58
273.03	46144.33
273.10	46143.33
273.17	46138.70
273.23	46109.76
273.30	46047.14
273.37	45908.86
273.44	45713.07
273.51	45522.20
273.57	45370.94
273.64	45271.35
273.71	45262.29
273.78	45315.79
273.85	45393.09
273.91	45493.59
273.98	45623.52
274.05	45778.61
274.12	45960.36
274.19	46145.76
274.25	46296.92
274.32	46391.04
274.39	46400.76
274.46	46322.12
274.53	46171.07
274.59	45970.67
274.66	45766.01
274.73	45573.85
274.80	45416.15
274.86	45302.92
274.93	45245.73
275.00	45210.62
275.07	45191.29
275.14	45166.69
275.20	45151.67
275.27	45130.53
275.34	45105.51
275.41	45085.09
275.48	45097.57
275.54	45118.63
275.61	45157.25
275.68	45213.45
275.75	45248.58
275.81	45255.26
275.88	45263.70
275.95	45268.88
276.02	45269.83
276.09	45297.89
276.15	45336.97
276.22	45347.20
276.29	45309.50
276.36	45186.15
276.42	45007.70
276.49	44799.19
276.56	44596.24
276.63	44429.85
276.70	44355.22
276.76	44363.06
276.83	44424.39
276.90	44517.10
276.97	44612.29
277.03	44659.91
277.10	44633.41
277.17	44545.53
277.24	44436.10
277.30	44340.97
277.37	44308.33
277.44	44352.18
277.51	44443.46
277.58	44550.02
277.64	44612.06
277.71	44595.85
277.78	44486.44
277.85	44316.04
277.91	44094.92
277.98	43869.40
278.05	43672.02
278.12	43565.17
278.18	43516.56
278.25	43545.25
278.32	43636.43
278.39	43800.47
278.45	43983.38
278.52	44186.30
278.59	44378.21
278.66	44541.01
278.72	44614.97
278.79	44576.63
278.86	44414.52
278.93	44148.59
278.99	43820.90
279.06	43520.88
279.13	43305.70
279.20	43264.25
279.26	43368.82
279.33	43578.69
279.40	43833.21
279.47	44084.40
279.53	44246.45
279.60	44258.94
279.67	44081.07
279.74	43737.25
279.80	43309.11
279.87	42892.15
279.94	42587.71
280.01	42460.87
280.07	42489.46
280.14	42605.43
280.21	42732.18
280.28	42854.10
280.34	42960.30
280.41	43067.42
280.48	43160.36
280.55	43247.40
280.61	43308.19
280.68	43357.61
280.75	43388.74
280.82	43423.05
280.88	43472.00
280.95	43508.18
281.02	43501.69
281.08	43434.79
281.15	43318.88
281.22	43163.13
281.29	42977.90
281.35	42778.16
281.42	42562.41
281.49	42333.76
281.56	42105.55
281.62	41924.83
281.69	41789.81
281.76	41703.07
281.82	41643.84
281.89	41633.27
281.96	41647.99
282.03	41675.01
282.09	41738.93
282.16	41855.81
282.23	41981.42
282.30	42122.18
282.36	42300.73
282.43	42485.67
282.50	42652.20
282.56	42776.57
282.63	42862.14
282.70	42911.23
282.77	42957.13
282.83	43002.21
282.90	43065.20
282.97	43090.61
283.03	42993.00
283.10	42755.97
283.17	42403.09
283.24	41968.83
283.30	41550.38
283.37	41255.25
283.44	41107.85
283.50	41081.17
283.57	41144.62
283.64	41239.25
283.71	41348.41
283.77	41443.77
283.84	41545.62
283.91	41649.24
283.97	41772.15
284.04	41893.45
284.11	42022.93
284.18	42141.15
284.24	42228.61
284.31	42256.03
284.38	42229.80
284.44	42173.68
284.51	42118.40
284.58	42079.44
284.64	42051.17
284.71	42005.63
284.78	41932.41
284.85	41807.13
284.91	41666.91
284.98	41517.88
285.05	41365.47
285.11	41185.22
285.18	40968.80
285.25	40709.64
285.31	40462.73
285.38	40281.10
285.45	40220.03
285.52	40286.51
285.58	40447.52
285.65	40666.40
285.72	40894.07
285.78	41085.41
285.85	41248.30
285.92	41399.68
285.98	41541.84
286.05	41697.36
286.12	41856.18
286.18	42015.07
286.25	42160.54
286.32	42287.12
286.39	42375.80
286.45	42395.41
286.52	42305.51
286.59	42088.79
286.65	41742.16
286.72	41313.66
286.79	40886.69
286.85	40534.89
286.92	40288.91
286.99	40174.67
287.05	40145.05
287.12	40198.83
287.19	40308.95
287.25	40469.20
287.32	40639.24
287.39	40810.72
287.45	40943.10
287.52	41044.69
287.59	41132.75
287.65	41227.62
287.72	41338.28
287.79	41456.06
287.86	41564.14
287.92	41657.68
287.99	41750.35
288.06	41825.50
288.12	41897.25
288.19	41977.71
288.26	42045.73
288.32	42096.84
288.39	42102.14
288.46	42068.21
288.52	41975.48
288.59	41803.02
288.66	41527.09
288.72	41192.98
288.79	40832.37
288.86	40492.36
288.92	40249.74
288.99	40143.71
289.06	40191.31
289.12	40343.82
289.19	40583.68
289.26	40864.28
289.32	41168.67
289.39	41478.24
289.45	41772.16
289.52	42007.15
289.59	42168.10
289.65	42248.18
289.72	42240.42
289.79	42198.71
289.85	42132.36
289.92	42062.64
289.99	41955.43
290.05	41817.82
290.12	41628.17
290.19	41464.09
290.25	41335.50
290.32	41279.16
290.39	41286.23
290.45	41344.00
290.52	41354.15
290.59	41286.12
290.65	41105.79
290.72	40855.57
290.79	40623.20
290.85	40502.99
290.92	40523.93
290.98	40696.40
291.05	40981.75
291.12	41303.57
291.18	41607.10
291.25	41862.80
291.32	42093.98
291.38	42316.47
291.45	42523.48
291.52	42703.14
291.58	42842.03
291.65	42910.39
291.72	42889.65
291.78	42761.81
291.85	42549.61
291.91	42314.96
291.98	42113.83
292.05	41918.22
292.11	41751.62
292.18	41582.31
292.25	41377.45
292.31	41138.70
292.38	40936.63
292.45	40783.80
292.51	40717.56
292.58	40745.51
292.64	40832.31
292.71	40977.25
292.78	41165.65
292.84	41387.73
292.91	41631.95
292.98	41893.63
293.04	42161.24
293.11	42420.60
293.17	42675.57
293.24	42922.27
293.31	43157.12
293.37	43349.64
293.44	43481.79
293.51	43565.46
293.57	43557.71
293.64	43475.97
293.70	43299.81
293.77	43012.84
293.84	42595.26
293.90	42147.21
293.97	41706.84
294.04	41349.75
294.10	41153.92
294.17	41124.13
294.23	41184.20
294.30	41255.45
294.37	41301.61
294.43	41292.20
294.50	41233.77
294.56	41171.61
294.63	41178.74
294.70	41296.92
294.76	41538.84
294.83	41866.88
294.90	42256.51
294.96	42648.39
295.03	42994.04
295.09	43299.18
295.16	43578.27
295.23	43822.04
295.29	44045.33
295.36	44233.00
295.42	44370.50
295.49	44448.38
295.56	44475.68
295.62	44427.80
295.69	44296.54
295.75	44065.79
295.82	43738.02
295.89	43302.37
295.95	42802.12
296.02	42305.08
296.08	41839.44
296.15	41442.73
296.22	41146.81
296.28	40995.42
296.35	40981.52
296.41	41121.68
296.48	41397.04
296.55	41796.31
296.61	42243.74
296.68	42688.78
296.74	43111.94
296.81	43478.87
296.88	43773.76
296.94	44002.15
297.01	44206.86
297.07	44396.36
297.14	44595.47
297.20	44812.23
297.27	45057.38
297.34	45291.51
297.40	45475.89
297.47	45604.97
297.53	45655.40
297.60	45632.47
297.67	45504.54
297.73	45271.85
297.80	44894.64
297.86	44379.34
297.93	43735.98
298.00	43057.79
298.06	42443.75
298.13	42003.75
298.19	41764.85
298.26	41722.41
298.32	41831.35
298.39	42014.77
298.46	42210.20
298.52	42448.19
298.59	42728.10
298.65	43049.02
298.72	43415.10
298.78	43807.35
298.85	44195.93
298.92	44551.46
298.98	44883.27
299.05	45164.20
299.11	45416.68
299.18	45640.15
299.24	45841.30
299.31	46008.89
299.38	46161.00
299.44	46271.50
299.51	46351.07
299.57	46391.75
299.64	46388.33
299.70	46335.89
299.77	46231.49
299.84	45973.71
299.90	45511.46
299.97	44795.47
300.03	43883.42
300.10	42946.32
300.16	42176.01
300.23	41715.44
300.30	41632.68
300.36	41870.34
300.43	42308.20
300.49	42802.30
300.56	43286.28
300.62	43755.40
300.69	44207.31
300.75	44607.77
300.82	44984.12
300.89	45320.31
300.95	45603.65
301.02	45842.55
301.08	46059.91
301.15	46253.97
301.21	46437.79
301.28	46614.24
301.34	46781.57
301.41	46910.34
301.48	47019.25
301.54	47097.33
301.61	47128.07
301.67	47088.54
301.74	46991.27
301.80	46769.87
301.87	46409.30
301.93	45917.08
302.00	45306.97
302.06	44615.67
302.13	43960.98
302.20	43430.14
302.26	43065.71
302.33	42909.78
302.39	42946.56
302.46	43119.82
302.52	43384.90
302.59	43718.92
302.65	44087.89
302.72	44487.23
302.78	44881.68
302.85	45256.08
302.91	45581.88
302.98	45885.76
303.05	46128.99
303.11	46354.71
303.18	46546.59
303.24	46729.01
303.31	46861.87
303.37	46984.32
303.44	47082.10
303.50	47139.53
303.57	47163.99
303.63	47165.91
303.70	47127.23
303.76	47056.00
303.83	46974.96
303.89	46847.99
303.96	46658.19
304.03	46382.05
304.09	45984.18
304.16	45407.00
304.22	44719.89
304.29	44073.50
304.35	43572.06
304.42	43282.91
304.48	43263.00
304.55	43463.80
304.61	43766.95
304.68	44102.73
304.74	44443.04
304.81	44776.08
304.87	45084.03
304.94	45381.22
305.00	45639.70
305.07	45856.54
305.13	46019.55
305.20	46177.68
305.26	46310.39
305.33	46427.43
305.39	46535.21
305.46	46624.87
305.52	46696.47
305.59	46733.02
305.66	46747.35
305.72	46721.70
305.79	46681.99
305.85	46603.51
305.92	46468.13
305.98	46245.27
306.05	45932.78
306.11	45561.54
306.18	45142.04
306.24	44729.59
306.31	44331.13
306.37	43957.47
306.44	43597.46
306.50	43276.65
306.57	43044.57
306.63	42971.36
306.70	43054.73
306.76	43281.44
306.83	43613.57
306.89	43952.88
306.96	44267.83
307.02	44529.54
307.09	44755.75
307.15	44926.29
307.22	45079.54
307.28	45194.25
307.35	45289.82
307.41	45355.19
307.48	45423.51
307.54	45456.58
307.61	45468.74
307.67	45459.91
307.74	45443.27
307.80	45398.03
307.87	45363.16
307.93	45326.50
308.00	45293.88
308.06	45233.30
308.13	45135.87
308.19	44999.00
308.26	44840.35
308.32	44661.60
308.38	44465.87
308.45	44249.00
308.51	43994.22
308.58	43678.01
308.64	43325.37
308.71	43015.53
308.77	42800.47
308.84	42697.39
308.90	42742.91
308.97	42888.36
309.03	43077.68
309.10	43277.51
309.16	43464.27
309.23	43616.28
309.29	43751.91
309.36	43846.10
309.42	43919.97
309.49	43984.16
309.55	44022.09
309.62	44029.23
309.68	44036.57
309.75	43998.44
309.81	43937.02
309.88	43885.51
309.94	43823.57
310.00	43745.45
310.07	43678.32
310.13	43618.41
310.20	43525.80
310.26	43442.42
310.33	43347.65
310.39	43257.83
310.46	43153.34
310.52	43025.72
310.59	42855.00
310.65	42663.22
310.72	42436.15
310.78	42204.27
310.85	42039.67
310.91	41959.24
310.97	41940.87
311.04	41985.17
311.10	42051.85
311.17	42119.76
311.23	42153.67
311.30	42183.21
311.36	42217.95
311.43	42284.31
311.49	42335.85
311.56	42385.66
311.62	42444.50
311.69	42491.44
311.75	42521.50
311.81	42519.75
311.88	42507.10
311.94	42471.28
312.01	42420.99
312.07	42336.56
312.14	42285.38
312.20	42246.81
312.27	42196.41
312.33	42149.46
312.40	42104.42
312.46	42029.77
312.52	41947.14
312.59	41863.18
312.65	41771.39
312.72	41678.90
312.78	41569.72
312.85	41460.90
312.91	41334.50
312.98	41183.17
313.04	41025.76
313.10	40891.85
313.17	40760.38
313.23	40667.92
313.30	40611.69
313.36	40592.55
313.43	40599.79
313.49	40641.79
313.56	40673.60
313.62	40720.03
313.68	40752.59
313.75	40778.83
313.81	40771.03
313.88	40755.43
313.94	40726.58
314.01	40701.01
314.07	40671.23
314.13	40652.62
314.20	40643.36
314.26	40628.48
314.33	40605.33
314.39	40582.06
314.46	40524.83
314.52	40462.25
314.58	40386.06
314.65	40300.84
314.71	40198.65
314.78	40121.57
314.84	40045.36
314.91	39976.64
314.97	39919.20
315.03	39876.41
315.10	39827.57
315.16	39755.69
315.23	39689.08
315.29	39611.53
315.36	39536.72
315.42	39470.39
315.48	39411.70
315.55	39349.30
315.61	39300.23
315.68	39239.53
315.74	39172.61
315.81	39117.64
315.87	39082.47
315.93	39064.89
316.00	39079.02
316.06	39097.33
316.13	39127.66
316.19	39122.06
316.25	39064.98
316.32	38950.61
316.38	38807.87
316.45	38626.12
316.51	38416.86
316.58	38184.82
316.64	37940.97
316.70	37687.87
316.77	37419.22
316.83	37146.97
316.90	36884.80
316.96	36625.74
317.02	36372.19
317.09	36129.93
317.15	35872.51
317.22	35613.69
317.28	35355.54
317.34	35087.74
317.41	34829.26
317.47	34597.53
317.54	34356.43
317.60	34118.99
317.66	33877.64
317.73	33607.23
317.79	33334.66
317.86	33068.33
317.92	32796.32
317.98	32513.02
318.05	32232.66
318.11	31952.02
318.18	31679.17
318.24	31394.56
318.30	31124.21
318.37	30866.81
318.43	30598.93
318.50	30322.14
318.56	30047.32
318.62	29784.90
318.69	29516.40
318.75	29257.36
318.82	28988.71
318.88	28725.83
318.94	28452.49
319.01	28177.27
319.07	27897.15
319.13	27628.20
319.20	27354.16
319.26	27072.11
319.33	26790.18
319.39	26501.04
319.45	26209.99
319.52	25924.19
319.58	25625.98
319.65	25330.82
319.71	25035.37
319.77	24737.66
319.84	24445.12
319.90	24169.39
319.96	23878.31
320.03	23601.00
320.09	23332.86
320.16	23042.39
320.22	22756.49
320.28	22475.81
320.35	22181.37
320.41	21889.42
320.47	21618.43
320.54	21341.92
320.60	21070.82
320.67	20810.94
320.73	20539.54
320.79	20251.47
320.86	19961.92
320.92	19670.61
320.98	19362.74
321.05	19060.26
321.11	18763.04
321.18	18468.39
321.24	18180.61
321.30	17901.35
321.37	17626.70
321.43	17361.57
321.49	17085.66
321.56	16809.68
321.62	16537.26
321.68	16256.42
321.75	15976.00
321.81	15696.33
321.88	15411.87
321.94	15133.18
322.00	14851.96
322.07	14559.30
322.13	14274.19
322.19	13986.67
322.26	13694.02
322.32	13408.49
322.38	13133.11
322.45	12859.51
322.51	12590.66
322.58	12326.58
322.64	12058.54
322.70	11789.44
322.77	11508.71
322.83	11240.57
322.89	10958.63
322.96	10685.88
323.02	10411.30
323.08	10149.01
323.15	9875.74
323.21	9615.49
323.27	9356.62
323.34	9097.23
323.40	8842.65
323.46	8590.63
323.53	8230.52
323.59	7101.70
323.65	5495.23
323.72	3808.80
323.78	2175.91
323.85	701.37
323.91	42.57
323.97	-81.75
324.04	-81.50
