180.25	3519.13
180.33	-133.65
180.40	658.43
180.48	-29.76
180.56	14.60
180.63	50.69
180.71	93.39
180.78	91.33
180.86	91.96
180.93	96.06
181.01	98.76
181.08	96.68
181.16	95.39
181.23	96.75
181.31	97.17
181.39	121.57
181.46	130.49
181.54	141.67
181.61	158.11
181.69	167.62
181.76	159.73
181.84	153.62
181.91	154.32
181.99	155.73
182.06	153.88
182.14	158.32
182.22	162.92
182.29	172.30
182.37	173.94
182.44	185.81
182.52	181.17
182.59	198.45
182.67	205.25
182.74	210.68
182.82	215.54
182.89	226.65
182.97	227.55
183.04	238.70
183.12	248.03
183.20	267.98
183.27	279.76
183.35	308.91
183.42	330.56
183.50	371.23
183.57	393.14
183.65	438.22
183.72	477.00
183.80	530.57
183.87	572.00
183.95	615.60
184.02	660.62
184.10	690.72
184.17	706.70
184.25	706.01
184.32	698.02
184.40	669.90
184.47	624.36
184.55	582.75
184.62	579.88
184.70	606.87
184.78	654.22
184.85	754.66
184.93	873.02
185.00	987.68
185.08	1102.75
185.15	1217.98
185.23	1335.13
185.30	1447.13
185.38	1550.33
185.45	1648.39
185.53	1754.97
185.60	1848.27
185.68	1951.72
185.75	2029.53
185.83	2090.41
185.90	2119.03
185.98	2085.99
186.05	2000.98
186.13	1893.68
186.20	1756.30
186.28	1642.55
186.35	1611.34
186.43	1663.72
186.50	1798.69
186.58	1999.63
186.65	2210.38
186.73	2412.89
186.80	2571.24
186.88	2696.81
186.95	2794.85
187.03	2866.52
187.10	2900.18
187.18	2952.60
187.25	2991.67
187.33	3043.74
187.40	3132.70
187.48	3255.91
187.55	3414.13
187.63	3587.24
187.70	3718.68
187.78	3807.60
187.85	3852.80
187.93	3795.00
188.00	3666.40
188.08	3517.31
188.15	3392.04
188.23	3338.26
188.30	3389.18
188.38	3548.24
188.45	3788.78
188.53	4042.40
188.60	4278.96
188.68	4488.21
188.75	4687.26
188.83	4914.00
188.90	5135.30
188.98	5360.07
189.05	5607.24
189.13	5830.64
189.20	6034.45
189.28	6247.20
189.35	6448.20
189.43	6622.78
189.50	6776.51
189.58	6835.84
189.65	6793.33
189.73	6674.10
189.80	6465.92
189.87	6194.30
189.95	5889.91
190.02	5530.09
190.10	5129.85
190.17	4784.68
190.25	4552.78
190.32	4461.09
190.40	4514.82
190.47	4687.12
190.55	4898.90
190.62	5096.08
190.70	5262.39
190.77	5453.82
190.85	5685.72
190.92	5949.08
191.00	6219.04
191.07	6469.22
191.15	6659.40
191.22	6809.52
191.29	6930.30
191.37	7045.68
191.44	7208.58
191.52	7414.57
191.59	7603.82
191.67	7736.60
191.74	7797.87
191.82	7787.31
191.89	7767.32
191.97	7777.81
192.04	7814.03
192.12	7855.38
192.19	7846.92
192.27	7747.26
192.34	7599.72
192.41	7488.66
192.49	7460.37
192.56	7547.92
192.64	7729.21
192.71	7935.24
192.79	8077.69
192.86	8129.01
192.94	8055.77
193.01	7940.23
193.09	7872.39
193.16	7923.95
193.23	8098.10
193.31	8393.42
193.38	8775.64
193.46	9121.70
193.53	9406.84
193.61	9640.22
193.68	9825.50
193.76	9929.16
193.83	9990.04
193.91	9999.52
193.98	9968.74
194.05	9899.89
194.13	9781.21
194.20	9612.82
194.28	9428.86
194.35	9235.19
194.43	9023.80
194.50	8788.90
194.58	8549.81
194.65	8359.95
194.72	8298.99
194.80	8419.47
194.87	8728.16
194.95	9172.66
195.02	9621.64
195.10	9983.50
195.17	10255.01
195.25	10440.56
195.32	10576.12
195.39	10696.16
195.47	10806.93
195.54	10879.64
195.62	10860.84
195.69	10681.61
195.77	10315.66
195.84	9801.18
195.91	9248.71
195.99	8852.39
196.06	8713.68
196.14	8853.57
196.21	9224.20
196.29	9738.12
196.36	10255.52
196.43	10712.75
196.51	11108.19
196.58	11422.16
196.66	11654.14
196.73	11833.86
196.81	11967.06
196.88	12042.66
196.95	12067.60
197.03	11980.36
197.10	11715.20
197.18	11299.72
197.25	10806.66
197.33	10313.78
197.40	9885.69
197.47	9600.74
197.55	9510.56
197.62	9579.53
197.70	9791.96
197.77	10152.18
197.84	10604.14
197.92	11084.11
197.99	11581.84
198.07	12042.80
198.14	12426.01
198.22	12753.88
198.29	13007.66
198.36	13182.02
198.44	13291.42
198.51	13297.10
198.59	13129.53
198.66	12772.56
198.73	12252.89
198.81	11615.14
198.88	10911.70
198.96	10293.21
199.03	9941.75
199.10	9912.42
199.18	10153.07
199.25	10647.30
199.33	11314.98
199.40	11971.26
199.48	12490.09
199.55	12899.36
199.62	13227.70
199.70	13536.20
199.77	13832.00
199.85	14139.70
199.92	14385.10
199.99	14536.10
200.07	14485.11
200.14	14184.58
200.22	13543.22
200.29	12645.88
200.36	11739.82
200.44	11019.34
200.51	10609.57
200.59	10610.84
200.66	10957.71
200.73	11456.60
200.81	11974.44
200.88	12466.54
200.95	12969.73
201.03	13483.60
201.10	13989.68
201.18	14455.65
201.25	14858.08
201.32	15151.28
201.40	15365.76
201.47	15496.99
201.55	15487.66
201.62	15274.00
201.69	14809.58
201.77	14190.84
201.84	13525.36
201.92	12817.24
201.99	12150.66
202.06	11725.60
202.14	11593.26
202.21	11694.86
202.28	12096.22
202.36	12759.60
202.43	13527.98
202.51	14228.54
202.58	14804.08
202.65	15261.46
202.73	15672.70
202.80	16060.42
202.87	16442.96
202.95	16820.45
203.02	17107.14
203.10	17229.71
203.17	17167.71
203.24	16827.49
203.32	16069.96
203.39	14947.36
203.46	13753.56
203.54	12761.22
203.61	12164.86
203.69	12093.28
203.76	12545.85
203.83	13265.41
203.91	13982.64
203.98	14632.53
204.05	15219.45
204.13	15742.86
204.20	16180.25
204.28	16544.33
204.35	16770.44
204.42	16876.74
204.50	16934.93
204.57	17008.84
204.64	17088.36
204.72	17111.36
204.79	16888.80
204.86	16349.56
204.94	15599.06
205.01	14765.52
205.09	13955.86
205.16	13395.27
205.23	13231.46
205.31	13426.83
205.38	13885.44
205.45	14593.77
205.53	15482.82
205.60	16406.75
205.67	17249.36
205.75	17952.81
205.82	18501.30
205.89	18939.13
205.97	19318.11
206.04	19664.10
206.12	20002.00
206.19	20329.96
206.26	20550.65
206.34	20598.86
206.41	20352.22
206.48	19715.60
206.56	18599.64
206.63	17197.86
206.70	15816.07
206.78	14773.90
206.85	14289.86
206.92	14489.79
207.00	15222.14
207.07	16195.18
207.14	17191.10
207.22	18091.26
207.29	18885.17
207.36	19594.98
207.44	20239.31
207.51	20813.99
207.58	21339.30
207.66	21789.92
207.73	22170.29
207.80	22452.29
207.88	22568.40
207.95	22493.91
208.02	22188.56
208.10	21488.68
208.17	20359.11
208.25	19077.00
208.32	17885.93
208.39	16955.28
208.47	16506.79
208.54	16595.01
208.61	17057.58
208.69	17672.81
208.76	18352.04
208.83	19080.68
208.90	19871.71
208.98	20656.07
209.05	21396.23
209.12	22082.08
209.20	22679.46
209.27	23170.78
209.34	23591.72
209.42	23970.50
209.49	24260.24
209.56	24411.79
209.64	24431.45
209.71	24180.65
209.78	23529.09
209.86	22546.78
209.93	21434.44
210.00	20223.46
210.08	19147.18
210.15	18518.26
210.22	18401.44
210.30	18678.67
210.37	19317.88
210.44	20184.82
210.52	21092.65
210.59	21937.84
210.66	22674.78
210.74	23312.64
210.81	23866.06
210.88	24388.66
210.96	24867.65
211.03	25325.60
211.10	25759.95
211.17	26160.98
211.25	26403.49
211.32	26460.29
211.39	26281.76
211.47	25761.09
211.54	24770.04
211.61	23456.50
211.69	22187.79
211.76	21235.21
211.83	20765.31
211.91	20925.42
211.98	21581.01
212.05	22404.02
212.12	23156.10
212.20	23805.94
212.27	24327.05
212.34	24754.80
212.42	25136.57
212.49	25508.51
212.56	25873.43
212.64	26274.79
212.71	26729.61
212.78	27179.10
212.85	27564.58
212.93	27822.52
213.00	27936.56
213.07	27852.01
213.15	27447.35
213.22	26732.72
213.29	25907.11
213.37	25056.48
213.44	24301.40
213.51	23859.16
213.58	23824.46
213.66	24065.40
213.73	24500.94
213.80	25053.12
213.88	25608.35
213.95	26017.18
214.02	26288.15
214.09	26466.27
214.17	26602.92
214.24	26741.59
214.31	26926.20
214.39	27099.06
214.46	27217.33
214.53	27215.84
214.60	27114.52
214.68	27054.22
214.75	27125.28
214.82	27258.92
214.90	27356.25
214.97	27216.44
215.04	26666.40
215.11	25874.65
215.19	25134.88
215.26	24749.45
215.33	24892.60
215.41	25598.97
215.48	26576.57
215.55	27538.02
215.62	28290.44
215.70	28866.44
215.77	29304.63
215.84	29697.75
215.91	30070.24
215.99	30447.25
216.06	30792.48
216.13	31079.38
216.21	31259.37
216.28	31388.77
216.35	31498.24
216.42	31563.60
216.50	31580.25
216.57	31544.14
216.64	31329.36
216.71	30815.96
216.79	30128.74
216.86	29444.89
216.93	28886.92
217.01	28603.87
217.08	28708.67
217.15	29116.14
217.22	29666.88
217.30	30255.28
217.37	30825.58
217.44	31333.77
217.51	31771.48
217.59	32129.38
217.66	32420.56
217.73	32661.82
217.80	32862.32
217.88	33009.78
217.95	33142.46
218.02	33252.72
218.09	33363.02
218.17	33497.28
218.24	33651.72
218.31	33753.20
218.38	33770.47
218.46	33623.46
218.53	33196.48
218.60	32556.46
218.67	31880.24
218.75	31325.56
218.82	31019.48
218.89	31095.42
218.96	31480.80
219.04	32033.29
219.11	32615.66
219.18	33114.98
219.25	33517.44
219.33	33865.27
219.40	34168.75
219.47	34444.60
219.54	34710.97
219.62	34951.90
219.69	35167.38
219.76	35375.94
219.83	35558.87
219.91	35737.80
219.98	35910.15
220.05	36027.08
220.12	36061.77
220.20	36003.24
220.27	35807.67
220.34	35411.96
220.41	34885.36
220.49	34368.44
220.56	33978.79
220.63	33804.88
220.70	33904.27
220.78	34236.04
220.85	34628.11
220.92	34989.92
220.99	35290.26
221.06	35550.58
221.14	35778.88
221.21	36008.17
221.28	36256.06
221.35	36504.72
221.43	36736.55
221.50	36957.07
221.57	37156.78
221.64	37344.78
221.72	37507.37
221.79	37654.41
221.86	37737.10
221.93	37781.92
222.00	37768.74
222.08	37707.14
222.15	37532.26
222.22	37314.54
222.29	37104.43
222.37	36944.55
222.44	36841.46
222.51	36865.36
222.58	36967.13
222.65	37096.36
222.73	37226.28
222.80	37369.12
222.87	37521.78
222.94	37688.38
223.02	37877.13
223.09	38063.55
223.16	38252.26
223.23	38442.80
223.30	38657.32
223.38	38870.70
223.45	39072.24
223.52	39251.72
223.59	39402.84
223.66	39485.09
223.74	39500.18
223.81	39484.34
223.88	39456.14
223.95	39414.17
224.03	39353.88
224.10	39296.98
224.17	39253.55
224.24	39212.78
224.31	39192.91
224.39	39235.42
224.46	39336.28
224.53	39449.72
224.60	39575.86
224.67	39714.32
224.75	39851.55
224.82	39983.17
224.89	40128.46
224.96	40286.60
225.03	40425.49
225.11	40555.27
225.18	40674.45
225.25	40772.43
225.32	40815.06
225.39	40838.20
225.47	40818.98
225.54	40740.43
225.61	40584.16
225.68	40363.16
225.75	40097.54
225.83	39814.84
225.90	39543.58
225.97	39312.35
226.04	39173.46
226.11	39210.38
226.19	39413.00
226.26	39781.02
226.33	40230.98
226.40	40667.06
226.47	40985.39
226.54	41189.04
226.62	41264.02
226.69	41314.25
226.76	41462.32
226.83	41684.62
226.90	41963.75
226.98	42264.55
227.05	42541.23
227.12	42741.94
227.19	42865.10
227.26	42939.19
227.34	43002.35
227.41	43056.60
227.48	43088.83
227.55	43090.69
227.62	43069.16
227.69	43061.89
227.77	43083.34
227.84	43144.54
227.91	43248.04
227.98	43373.05
228.05	43475.42
228.12	43582.21
228.20	43680.88
228.27	43781.30
228.34	43892.65
228.41	44024.85
228.48	44140.50
228.56	44253.14
228.63	44359.34
228.70	44445.39
228.77	44522.67
228.84	44608.05
228.91	44690.16
228.99	44790.00
229.06	44917.60
229.13	45031.27
229.20	45137.06
229.27	45227.62
229.34	45297.40
229.42	45337.73
229.49	45372.78
229.56	45400.84
229.63	45423.64
229.70	45433.79
229.77	45452.38
229.85	45493.75
229.92	45543.99
229.99	45607.21
230.06	45693.39
230.13	45802.12
230.20	45914.74
230.27	46045.01
230.35	46178.11
230.42	46296.56
230.49	46403.45
230.56	46504.30
230.63	46591.58
230.70	46652.31
230.78	46720.66
230.85	46776.41
230.92	46831.81
230.99	46902.35
231.06	47015.14
231.13	47133.01
231.20	47254.30
231.28	47366.62
231.35	47464.03
231.42	47548.68
231.49	47621.00
231.56	47701.26
231.63	47770.88
231.71	47831.42
231.78	47881.21
231.85	47923.06
231.92	47969.82
231.99	48028.14
232.06	48098.48
232.13	48187.60
232.21	48293.67
232.28	48385.30
232.35	48465.23
232.42	48529.10
232.49	48602.22
232.56	48692.80
232.63	48778.79
232.71	48881.41
232.78	48982.24
232.85	49070.21
232.92	49144.22
232.99	49220.98
233.06	49292.52
233.13	49376.51
233.20	49440.06
233.28	49480.31
233.35	49528.26
233.42	49589.51
233.49	49656.38
233.56	49733.79
233.63	49832.89
233.70	49936.90
233.78	50022.84
233.85	50118.68
233.92	50205.16
233.99	50290.69
234.06	50369.79
234.13	50454.82
234.20	50527.20
234.27	50598.90
234.35	50649.98
234.42	50699.94
234.49	50752.33
234.56	50786.68
234.63	50827.44
234.70	50876.04
234.77	50913.80
234.84	50946.57
234.92	50999.72
234.99	51059.62
235.06	51134.65
235.13	51215.34
235.20	51311.43
235.27	51388.74
235.34	51476.74
235.41	51556.36
235.48	51641.51
235.56	51714.38
235.63	51792.26
235.70	51836.27
235.77	51879.61
235.84	51904.63
235.91	51922.35
235.98	51941.19
236.05	51971.63
236.12	52008.65
236.20	52039.72
236.27	52085.72
236.34	52133.45
236.41	52179.34
236.48	52224.23
236.55	52280.29
236.62	52331.54
236.69	52381.19
236.76	52447.28
236.84	52511.47
236.91	52566.76
236.98	52625.94
237.05	52685.42
237.12	52720.66
237.19	52755.18
237.26	52805.20
237.33	52844.11
237.40	52875.64
237.47	52919.57
237.55	52970.99
237.62	53025.61
237.69	53078.55
237.76	53144.99
237.83	53204.50
237.90	53246.79
237.97	53285.86
238.04	53336.68
238.11	53371.27
238.18	53426.19
238.26	53470.57
238.33	53499.36
238.40	53516.20
238.47	53549.26
238.54	53561.82
238.61	53583.02
238.68	53598.03
238.75	53616.58
238.82	53639.07
238.89	53680.54
238.96	53731.24
239.04	53791.68
239.11	53849.92
239.18	53900.09
239.25	53919.25
239.32	53934.30
239.39	53944.12
239.46	53940.68
239.53	53922.20
239.60	53918.87
239.67	53921.10
239.74	53934.02
239.81	53953.36
239.89	53981.56
239.96	54018.00
240.03	54052.97
240.10	54076.01
240.17	54101.43
240.24	54119.66
240.31	54147.42
240.38	54176.60
240.45	54241.80
240.52	54302.68
240.59	54375.52
240.66	54425.27
240.73	54460.92
240.80	54473.54
240.88	54490.55
240.95	54498.02
241.02	54515.04
241.09	54528.18
241.16	54545.90
241.23	54564.29
241.30	54551.62
241.37	54514.76
241.44	54501.15
241.51	54495.86
241.58	54488.40
241.65	54527.50
241.72	54578.88
241.79	54608.35
241.86	54612.98
241.94	54623.27
242.01	54607.09
242.08	54583.56
242.15	54579.08
242.22	54588.96
242.29	54577.11
242.36	54579.42
242.43	54579.98
242.50	54573.10
242.57	54551.75
242.64	54555.21
242.71	54562.89
242.78	54580.73
242.85	54591.77
242.92	54611.66
242.99	54623.94
243.06	54626.19
243.14	54625.05
243.21	54639.37
243.28	54644.83
243.35	54660.64
243.42	54685.98
243.49	54719.19
243.56	54737.87
243.63	54757.48
243.70	54765.83
243.77	54754.30
243.84	54738.66
243.91	54714.64
243.98	54692.79
244.05	54655.62
244.12	54628.05
244.19	54602.38
244.26	54579.62
244.33	54553.94
244.40	54534.98
244.47	54529.01
244.54	54515.78
244.62	54492.00
244.69	54469.64
244.76	54462.28
244.83	54454.34
244.90	54458.72
244.97	54471.00
245.04	54485.15
245.11	54489.73
245.18	54476.14
245.25	54471.04
245.32	54477.78
245.39	54495.70
245.46	54515.32
245.53	54521.52
245.60	54507.90
245.67	54491.94
245.74	54477.22
245.81	54458.91
245.88	54447.62
245.95	54443.20
246.02	54416.90
246.09	54369.19
246.16	54316.18
246.23	54269.55
246.30	54231.25
246.37	54225.96
246.44	54246.05
246.51	54277.59
246.58	54311.59
246.65	54334.28
246.72	54341.78
246.79	54332.98
246.87	54314.88
246.94	54301.81
247.01	54278.28
247.08	54237.07
247.15	54188.36
247.22	54138.35
247.29	54077.81
247.36	54040.25
247.43	54016.70
247.50	53998.43
247.57	53991.77
247.64	54007.53
247.71	54016.95
247.78	54030.81
247.85	54055.14
247.92	54068.92
247.99	54062.00
248.06	54038.33
248.13	54016.90
248.20	54001.94
248.27	53968.55
248.34	53949.00
248.41	53937.18
248.48	53932.60
248.55	53907.64
248.62	53917.75
248.69	53919.22
248.76	53914.77
248.83	53894.87
248.90	53866.60
248.97	53819.64
249.04	53770.92
249.11	53730.84
249.18	53698.82
249.25	53671.73
249.32	53631.94
249.39	53579.32
249.46	53526.79
249.53	53468.86
249.60	53414.20
249.67	53389.30
249.74	53378.66
249.81	53381.86
249.88	53399.18
249.95	53430.66
250.02	53458.78
250.09	53476.18
250.16	53482.14
250.23	53467.36
250.30	53447.10
250.37	53422.22
250.44	53415.87
250.51	53409.04
250.58	53418.90
250.65	53418.48
250.72	53390.26
250.79	53357.16
250.86	53318.65
250.93	53272.04
251.00	53218.20
251.07	53193.44
251.14	53161.33
251.21	53137.19
251.28	53101.19
251.35	53084.25
251.42	53074.93
251.49	53059.39
251.56	53038.96
251.63	53029.12
251.70	53021.94
251.77	52992.29
251.84	52964.94
251.91	52926.08
251.98	52871.96
252.05	52814.17
252.12	52762.41
252.18	52720.28
252.25	52685.75
252.32	52690.07
252.39	52689.12
252.46	52684.50
252.53	52674.44
252.60	52654.02
252.67	52618.90
252.74	52586.72
252.81	52555.63
252.88	52520.42
252.95	52489.38
253.02	52453.82
253.09	52422.74
253.16	52403.83
253.23	52395.68
253.30	52396.62
253.37	52377.21
253.44	52358.14
253.51	52319.41
253.58	52284.36
253.65	52251.54
253.72	52255.22
253.79	52239.78
253.86	52234.18
253.93	52216.96
254.00	52193.26
254.07	52150.16
254.14	52108.19
254.21	52070.66
254.28	52041.44
254.35	52024.38
254.41	52002.43
254.48	51989.02
254.55	51972.24
254.62	51950.06
254.69	51894.94
254.76	51852.91
254.83	51804.25
254.90	51769.42
254.97	51751.77
255.04	51760.68
255.11	51741.02
255.18	51713.24
255.25	51663.78
255.32	51603.66
255.39	51542.57
255.46	51499.14
255.53	51482.66
255.60	51468.62
255.67	51454.96
255.74	51443.51
255.81	51434.32
255.87	51431.80
255.94	51413.92
256.01	51397.52
256.08	51379.44
256.15	51360.58
256.22	51325.34
256.29	51304.40
256.36	51275.75
256.43	51254.82
256.50	51246.40
256.57	51228.76
256.64	51207.14
256.71	51195.40
256.78	51171.78
256.85	51129.57
256.92	51099.11
256.99	51086.82
257.05	51058.36
257.12	51026.75
257.19	50981.32
257.26	50915.98
257.33	50840.32
257.40	50771.71
257.47	50701.65
257.54	50674.29
257.61	50663.72
257.68	50656.48
257.75	50653.12
257.82	50674.34
257.89	50673.53
257.96	50657.81
258.03	50619.15
258.09	50571.28
258.16	50490.46
258.23	50400.02
258.30	50327.88
258.37	50277.62
258.44	50241.84
258.51	50223.14
258.58	50230.51
258.65	50229.18
258.72	50232.63
258.79	50210.06
258.86	50185.81
258.93	50151.03
258.99	50117.87
259.06	50068.10
259.13	50031.48
259.20	49988.48
259.27	49939.72
259.34	49903.00
259.41	49883.66
259.48	49879.07
259.55	49869.02
259.62	49856.10
259.69	49818.69
259.76	49766.00
259.82	49695.22
259.89	49656.62
259.96	49622.96
260.03	49591.98
260.10	49562.58
260.17	49522.90
260.24	49455.95
260.31	49396.74
260.38	49357.08
260.45	49339.93
260.52	49329.55
260.59	49309.74
260.65	49282.12
260.72	49258.72
260.79	49217.19
260.86	49184.60
260.93	49157.08
261.00	49113.55
261.07	49052.56
261.14	48974.15
261.21	48891.60
261.28	48821.11
261.34	48747.24
261.41	48673.86
261.48	48637.18
261.55	48605.86
261.62	48574.96
261.69	48558.84
261.76	48546.26
261.83	48510.90
261.90	48476.66
261.97	48424.92
262.03	48373.48
262.10	48334.60
262.17	48292.06
262.24	48270.23
262.31	48254.06
262.38	48246.40
262.45	48220.72
262.52	48207.08
262.59	48156.77
262.65	48131.00
262.72	48084.12
262.79	48047.70
262.86	48003.92
262.93	47977.87
263.00	47934.19
263.07	47899.94
263.14	47859.41
263.21	47837.88
263.27	47821.19
263.34	47809.46
263.41	47785.14
263.48	47740.42
263.55	47682.02
263.62	47588.90
263.69	47493.96
263.76	47413.74
263.82	47365.78
263.89	47324.82
263.96	47309.92
264.03	47286.98
264.10	47259.95
264.17	47204.02
264.24	47132.42
264.31	47061.85
264.38	46995.91
264.44	46919.39
264.51	46848.81
264.58	46798.43
264.65	46747.52
264.72	46684.50
264.79	46655.01
264.86	46642.28
264.92	46610.06
264.99	46589.86
265.06	46578.12
265.13	46538.45
265.20	46500.41
265.27	46460.87
265.34	46405.56
265.41	46375.99
265.47	46364.72
265.54	46343.36
265.61	46336.46
265.68	46344.12
265.75	46309.72
265.82	46250.74
265.89	46182.84
265.95	46108.12
266.02	46013.82
266.09	45942.96
266.16	45882.74
266.23	45839.48
266.30	45796.04
266.37	45746.18
266.44	45682.02
266.50	45637.18
266.57	45583.83
266.64	45530.30
266.71	45466.34
266.78	45406.30
266.85	45317.78
266.91	45246.37
266.98	45182.67
267.05	45153.03
267.12	45130.82
267.19	45126.82
267.26	45122.24
267.33	45118.06
267.39	45103.62
267.46	45083.48
267.53	45053.46
267.60	45002.21
267.67	44948.24
267.74	44900.16
267.81	44856.31
267.87	44819.32
267.94	44806.05
268.01	44788.98
268.08	44751.66
268.15	44699.12
268.22	44633.88
268.28	44540.80
268.35	44435.84
268.42	44337.76
268.49	44263.21
268.56	44199.41
268.63	44156.71
268.69	44131.52
268.76	44122.04
268.83	44120.84
268.90	44132.35
268.97	44140.58
269.04	44140.17
269.11	44113.70
269.17	44071.92
269.24	44020.85
269.31	43972.71
269.38	43928.90
269.45	43906.64
269.52	43881.36
269.58	43859.83
269.65	43823.04
269.72	43774.22
269.79	43724.18
269.86	43684.09
269.92	43622.67
269.99	43563.30
270.06	43508.65
270.13	43453.64
270.20	43397.82
270.27	43364.56
270.33	43342.28
270.40	43320.88
270.47	43297.88
270.54	43277.50
270.61	43254.96
270.68	43256.40
270.74	43258.05
270.81	43259.10
270.88	43240.27
270.95	43201.90
271.02	43122.28
271.08	43054.88
271.15	42970.29
271.22	42902.90
271.29	42859.52
271.36	42811.39
271.43	42760.80
271.49	42732.06
271.56	42704.40
271.63	42660.54
271.70	42635.84
271.77	42618.00
271.83	42590.98
271.90	42548.80
271.97	42518.30
272.04	42475.70
272.11	42431.55
272.17	42399.40
272.24	42376.36
272.31	42343.94
272.38	42330.74
272.45	42295.28
272.52	42264.49
272.58	42239.17
272.65	42230.69
272.72	42205.42
272.79	42183.38
272.86	42141.86
272.92	42103.03
272.99	42049.30
273.06	42003.54
273.13	41957.30
273.20	41916.13
273.26	41851.48
273.33	41786.76
273.40	41729.12
273.47	41686.68
273.54	41659.80
273.60	41650.18
273.67	41641.06
273.74	41643.99
273.81	41650.18
273.88	41662.66
273.94	41689.53
274.01	41731.85
274.08	41758.78
274.15	41765.49
274.21	41745.14
274.28	41699.02
274.35	41623.68
274.42	41526.78
274.49	41435.68
274.55	41360.84
274.62	41301.54
274.69	41253.76
274.76	41217.88
274.83	41192.30
274.89	41161.47
274.96	41127.06
275.03	41097.64
275.10	41064.96
275.17	41034.77
275.23	41000.16
275.30	40964.96
275.37	40940.83
275.44	40934.71
275.50	40913.24
275.57	40887.33
275.64	40861.98
275.71	40821.20
275.78	40784.63
275.84	40757.16
275.91	40736.24
275.98	40715.33
276.05	40699.86
276.11	40666.71
276.18	40620.04
276.25	40551.56
276.32	40479.05
276.39	40396.39
276.45	40306.63
276.52	40233.64
276.59	40193.41
276.66	40173.75
276.72	40170.87
276.79	40180.82
276.86	40189.27
276.93	40181.80
276.99	40132.58
277.06	40077.70
277.13	40040.06
277.20	40001.08
277.26	39970.63
277.33	39974.53
277.40	39979.34
277.47	39965.80
277.54	39948.11
277.60	39913.92
277.67	39851.94
277.74	39763.88
277.81	39669.29
277.87	39586.96
277.94	39512.56
278.01	39463.92
278.08	39437.32
278.14	39431.86
278.21	39429.33
278.28	39447.78
278.35	39475.52
278.41	39507.49
278.48	39529.72
278.55	39541.33
278.62	39522.28
278.68	39474.54
278.75	39389.80
278.82	39291.60
278.89	39189.12
278.95	39104.79
279.02	39035.54
279.09	39022.50
279.16	39037.34
279.22	39062.90
279.29	39098.82
279.36	39120.32
279.43	39104.30
279.49	39041.17
279.56	38930.20
279.63	38783.34
279.70	38641.09
279.76	38524.73
279.83	38441.20
279.90	38410.98
279.97	38404.00
280.03	38420.92
280.10	38417.26
280.17	38426.45
280.24	38425.43
280.30	38428.30
280.37	38408.62
280.44	38402.64
280.51	38388.66
280.57	38378.26
280.64	38354.23
280.71	38336.38
280.77	38309.50
280.84	38240.32
280.91	38161.62
280.98	38071.92
281.04	37973.46
281.11	37874.80
281.18	37797.36
281.25	37700.22
281.31	37606.54
281.38	37510.28
281.45	37410.13
281.52	37324.98
281.58	37248.53
281.65	37192.86
281.72	37147.80
281.78	37123.04
281.85	37101.72
281.92	37103.39
281.99	37100.66
282.05	37107.46
282.12	37104.76
282.19	37116.79
282.26	37123.34
282.32	37130.98
282.39	37148.34
282.46	37145.88
282.52	37135.10
282.59	37124.76
282.66	37127.66
282.73	37109.75
282.79	37095.90
282.86	37048.36
282.93	36969.58
282.99	36855.90
283.06	36717.74
283.13	36580.43
283.20	36449.04
283.26	36338.40
283.33	36250.06
283.40	36193.24
283.46	36164.05
283.53	36151.00
283.60	36154.74
283.67	36164.48
283.73	36182.80
283.80	36186.63
283.87	36203.22
283.93	36231.57
284.00	36239.06
284.07	36246.43
284.13	36244.30
284.20	36222.10
284.27	36178.64
284.34	36150.06
284.40	36109.05
284.47	36086.58
284.54	36064.62
284.60	36044.06
284.67	35999.57
284.74	35954.11
284.81	35899.42
284.87	35849.35
284.94	35763.06
285.01	35681.29
285.07	35582.76
285.14	35485.66
285.21	35395.25
285.27	35338.76
285.34	35311.47
285.41	35312.15
285.47	35324.03
285.54	35348.06
285.61	35366.69
285.68	35384.88
285.74	35406.86
285.81	35421.78
285.88	35428.47
285.94	35451.23
286.01	35477.87
286.08	35498.50
286.14	35522.97
286.21	35533.42
286.28	35545.78
286.34	35517.10
286.41	35456.24
286.48	35357.78
286.55	35250.14
286.61	35122.50
286.68	35010.60
286.75	34909.15
286.81	34836.01
286.88	34776.40
286.95	34721.57
287.01	34702.38
287.08	34705.13
287.15	34717.81
287.21	34743.04
287.28	34769.61
287.35	34779.26
287.41	34789.31
287.48	34790.76
287.55	34790.68
287.61	34799.65
287.68	34801.39
287.75	34792.84
287.81	34788.23
287.88	34781.55
287.95	34778.64
288.01	34778.80
288.08	34778.43
288.15	34765.32
288.21	34747.28
288.28	34719.27
288.35	34684.97
288.41	34640.03
288.48	34578.70
288.55	34500.57
288.61	34402.53
288.68	34299.60
288.75	34208.23
288.81	34143.38
288.88	34098.46
288.95	34089.23
289.01	34105.14
289.08	34144.06
289.15	34187.48
289.21	34249.78
289.28	34309.27
289.35	34353.73
289.41	34377.98
289.48	34401.46
289.55	34400.90
289.61	34394.45
289.68	34382.54
289.75	34357.38
289.81	34321.02
289.88	34280.28
289.95	34206.98
290.01	34138.24
290.08	34085.62
290.15	34033.93
290.21	33992.10
290.28	33980.02
290.35	33957.30
290.41	33936.95
290.48	33904.43
290.55	33838.20
290.61	33757.08
290.68	33697.35
290.74	33652.86
290.81	33645.72
290.88	33674.16
290.94	33732.98
291.01	33790.77
291.08	33840.82
291.14	33890.44
291.21	33940.10
291.28	33975.58
291.34	34013.51
291.41	34037.69
291.48	34036.09
291.54	34031.21
291.61	34012.97
291.68	33968.26
291.74	33906.62
291.81	33855.06
291.87	33798.15
291.94	33736.01
292.01	33670.14
292.07	33616.29
292.14	33539.47
292.21	33452.16
292.27	33384.16
292.34	33329.23
292.41	33288.46
292.47	33264.97
292.54	33268.34
292.60	33284.09
292.67	33319.47
292.74	33355.15
292.80	33413.94
292.87	33476.11
292.94	33527.18
293.00	33577.44
293.07	33623.56
293.13	33661.27
293.20	33693.10
293.27	33729.68
293.33	33750.52
293.40	33758.56
293.47	33745.30
293.53	33713.26
293.60	33647.14
293.66	33547.18
293.73	33436.52
293.80	33326.72
293.86	33215.04
293.93	33121.00
294.00	33063.74
294.06	33027.42
294.13	33007.45
294.19	33002.44
294.26	33001.44
294.33	33000.80
294.39	32986.58
294.46	32979.32
294.52	32979.19
294.59	32991.82
294.66	33023.84
294.72	33080.24
294.79	33143.34
294.86	33201.44
294.92	33269.12
294.99	33340.82
295.05	33401.78
295.12	33452.49
295.19	33503.00
295.25	33540.67
295.32	33549.34
295.38	33544.04
295.45	33547.57
295.52	33525.79
295.58	33466.62
295.65	33401.95
295.71	33321.46
295.78	33192.46
295.85	33064.74
295.91	32948.34
295.98	32822.10
296.04	32701.71
296.11	32617.11
296.18	32569.03
296.24	32550.94
296.31	32564.82
296.37	32631.06
296.44	32719.35
296.51	32803.88
296.57	32891.52
296.64	32987.46
296.70	33067.26
296.77	33119.24
296.84	33160.23
296.90	33199.07
296.97	33227.53
297.03	33255.36
297.10	33295.14
297.17	33341.19
297.23	33382.88
297.30	33418.22
297.36	33434.87
297.43	33438.64
297.50	33419.70
297.56	33376.34
297.63	33305.71
297.69	33205.92
297.76	33056.75
297.82	32904.22
297.89	32750.42
297.96	32605.50
298.02	32506.47
298.09	32446.06
298.15	32416.48
298.22	32412.66
298.29	32427.91
298.35	32444.23
298.42	32484.27
298.48	32537.16
298.55	32590.09
298.61	32667.92
298.68	32747.61
298.75	32834.42
298.81	32901.00
298.88	32971.72
298.94	33032.01
299.01	33085.95
299.08	33128.44
299.14	33172.55
299.21	33212.09
299.27	33236.26
299.34	33243.87
299.40	33255.64
299.47	33245.51
299.54	33228.86
299.60	33202.39
299.67	33157.98
299.73	33069.17
299.80	32932.12
299.86	32738.02
299.93	32513.58
299.99	32321.60
300.06	32158.21
300.13	32058.61
300.19	32036.72
300.26	32055.82
300.32	32095.90
300.39	32156.10
300.45	32247.72
300.52	32338.82
300.59	32446.17
300.65	32541.73
300.72	32641.25
300.78	32710.80
300.85	32772.88
300.91	32820.50
300.98	32854.77
301.04	32873.22
301.11	32902.59
301.18	32916.45
301.24	32938.62
301.31	32948.88
301.37	32954.78
301.44	32938.62
301.50	32925.72
301.57	32889.88
301.63	32862.27
301.70	32798.47
301.77	32710.54
301.83	32577.72
301.90	32427.82
301.96	32253.66
302.03	32092.96
302.09	31960.47
302.16	31871.95
302.22	31815.78
302.29	31782.88
302.36	31787.11
302.42	31803.52
302.49	31843.39
302.55	31897.42
302.62	31966.10
302.68	32031.04
302.75	32100.16
302.81	32153.70
302.88	32194.23
302.94	32225.74
303.01	32256.54
303.07	32279.03
303.14	32308.40
303.21	32327.50
303.27	32343.60
303.34	32350.52
303.40	32345.64
303.47	32315.44
303.53	32289.77
303.60	32258.49
303.66	32223.90
303.73	32187.34
303.79	32150.54
303.86	32080.78
303.92	31998.46
303.99	31887.34
304.05	31725.60
304.12	31557.29
304.19	31417.88
304.25	31296.78
304.32	31202.23
304.38	31166.35
304.45	31157.28
304.51	31170.89
304.58	31194.58
304.64	31235.02
304.71	31287.55
304.77	31327.23
304.84	31353.21
304.90	31382.24
304.97	31399.41
305.03	31397.70
305.10	31402.45
305.16	31420.62
305.23	31428.84
305.29	31425.90
305.36	31416.20
305.42	31412.78
305.49	31389.52
305.56	31347.61
305.62	31319.03
305.69	31290.10
305.75	31239.84
305.82	31159.49
305.88	31050.14
305.95	30900.08
306.01	30736.50
306.08	30576.43
306.14	30434.74
306.21	30316.64
306.27	30218.52
306.34	30139.18
306.40	30053.12
306.47	29998.13
306.53	29978.94
306.60	29990.40
306.66	30016.76
306.73	30061.96
306.79	30089.35
306.86	30110.79
306.92	30111.56
306.99	30122.72
307.05	30130.24
307.12	30142.69
307.18	30141.64
307.25	30139.79
307.31	30120.16
307.38	30102.50
307.44	30077.44
307.51	30045.72
307.57	30006.10
307.64	29964.77
307.70	29922.31
307.77	29877.02
307.83	29831.53
307.90	29789.70
307.96	29749.41
308.03	29690.40
308.09	29618.54
308.16	29551.65
308.22	29486.86
308.29	29402.44
308.35	29319.79
308.42	29241.92
308.48	29139.78
308.55	29034.60
308.61	28946.91
308.68	28872.30
308.74	28802.16
308.81	28776.61
308.87	28759.59
308.94	28755.50
309.00	28751.64
309.07	28750.92
309.13	28745.18
309.20	28745.56
309.26	28723.08
309.33	28693.18
309.39	28672.58
309.45	28641.40
309.52	28594.20
309.58	28560.06
309.65	28515.26
309.71	28463.20
309.78	28415.34
309.84	28362.48
309.91	28305.00
309.97	28250.82
310.04	28204.50
310.10	28150.89
310.17	28099.82
310.23	28043.58
310.30	28004.25
310.36	27948.73
310.43	27883.69
310.49	27809.66
310.56	27740.36
310.62	27656.03
310.69	27575.06
310.75	27497.11
310.81	27440.19
310.88	27392.73
310.94	27355.36
311.01	27314.05
311.07	27287.40
311.14	27259.15
311.20	27221.10
311.27	27186.23
311.33	27164.08
311.40	27135.46
311.46	27107.22
311.53	27085.90
311.59	27068.48
311.66	27046.61
311.72	27013.69
311.78	26974.62
311.85	26936.28
311.91	26898.03
311.98	26848.55
312.04	26808.79
312.11	26777.66
312.17	26738.76
312.24	26686.26
312.30	26643.68
312.37	26582.86
312.43	26522.75
312.50	26468.27
312.56	26411.62
312.62	26343.78
312.69	26284.62
312.75	26221.62
312.82	26139.39
312.88	26067.41
312.95	26000.72
313.01	25932.55
313.08	25868.10
313.14	25823.85
313.20	25774.84
313.27	25726.62
313.33	25685.31
313.40	25654.98
313.46	25612.70
313.53	25578.49
313.59	25550.54
313.66	25531.30
313.72	25496.52
313.78	25469.84
313.85	25438.22
313.91	25404.54
313.98	25370.09
314.04	25331.44
314.11	25295.40
314.17	25249.89
314.24	25203.54
314.30	25156.73
314.36	25106.74
314.43	25063.36
314.49	25020.54
314.56	24972.82
314.62	24919.90
314.69	24872.81
314.75	24813.65
314.81	24760.67
314.88	24716.52
314.94	24676.34
315.01	24635.48
315.07	24583.48
315.14	24543.41
315.20	24495.00
315.27	24443.20
315.33	24404.78
315.39	24369.61
315.46	24325.42
315.52	24272.44
315.59	24228.91
315.65	24171.88
315.72	24123.52
315.78	24076.28
315.84	24047.11
315.91	24016.79
315.97	24002.30
316.04	24004.70
316.10	23993.84
316.16	23973.68
316.23	23909.68
316.29	23808.98
316.36	23660.22
316.42	23496.00
316.49	23305.21
316.55	23110.92
316.61	22922.26
316.68	22724.66
316.74	22527.19
316.81	22325.66
316.87	22123.07
316.93	21912.97
317.00	21712.24
317.06	21506.17
317.13	21299.02
317.19	21102.30
317.26	20897.65
317.32	20693.08
317.38	20489.77
317.45	20286.73
317.51	20091.81
317.58	19897.29
317.64	19700.52
317.70	19506.27
317.77	19316.83
317.83	19112.50
317.90	18916.44
317.96	18713.99
318.02	18512.38
318.09	18326.86
318.15	18139.36
318.22	17941.52
318.28	17752.20
318.34	17558.70
318.41	17337.76
318.47	17122.95
318.54	16926.43
318.60	16734.66
318.66	16545.04
318.73	16368.14
318.79	16195.32
318.86	16011.02
318.92	15825.38
318.98	15646.78
319.05	15466.87
319.11	15295.87
319.18	15115.79
319.24	14941.64
319.30	14755.34
319.37	14584.36
319.43	14403.64
319.50	14229.80
319.56	14047.96
319.62	13879.56
319.69	13701.88
319.75	13532.45
319.82	13367.94
319.88	13203.04
319.94	13030.46
320.01	12864.22
320.07	12685.40
320.13	12515.68
320.20	12346.00
320.26	12178.53
320.33	12006.43
320.39	11846.04
320.45	11674.02
320.52	11509.38
320.58	11353.94
320.65	11194.32
320.71	11031.93
320.77	10875.37
320.84	10715.04
320.90	10549.55
320.96	10387.56
321.03	10212.78
321.09	10040.39
321.16	9870.88
321.22	9695.20
321.28	9530.85
321.35	9379.29
321.41	9217.75
321.47	9058.13
321.54	8907.76
321.60	8740.69
321.67	8575.54
321.73	8425.10
321.79	8270.44
321.86	8115.59
321.92	7961.28
321.98	7795.22
322.05	7622.22
322.11	7440.12
322.18	7261.04
322.24	7086.37
322.30	6924.57
322.37	6767.30
322.43	6610.60
322.49	6460.06
322.56	6300.45
322.62	6140.64
322.68	5976.88
322.75	5827.62
322.81	5658.70
322.88	5500.84
322.94	5342.85
323.00	5177.60
323.07	5016.85
323.13	4866.76
323.19	4715.49
323.26	4565.21
323.32	4426.03
323.38	4279.18
323.45	4073.12
323.51	3486.50
323.57	2679.60
323.64	1832.34
323.70	1017.00
323.76	289.13
323.83	-25.80
323.89	-90.55
323.96	-90.15
