180.25	3518.60
180.33	-133.38
180.40	657.71
180.48	-29.78
180.56	15.15
180.63	51.30
180.71	94.56
180.78	93.07
180.86	93.31
180.93	97.15
181.01	100.12
181.08	97.62
181.16	96.28
181.23	97.75
181.31	98.08
181.39	122.00
181.46	131.81
181.54	143.00
181.61	159.55
181.69	167.86
181.76	160.44
181.84	154.25
181.91	154.88
181.99	156.08
182.06	156.26
182.14	160.61
182.22	164.34
182.29	173.22
182.37	174.64
182.44	185.27
182.52	180.64
182.59	198.01
182.67	205.82
182.74	211.44
182.82	217.35
182.89	229.41
182.97	229.92
183.04	240.82
183.12	250.82
183.20	270.23
183.27	281.21
183.35	309.28
183.42	330.33
183.50	370.13
183.57	391.62
183.65	435.44
183.72	475.16
183.80	527.74
183.87	567.20
183.95	608.84
184.02	656.72
184.10	688.92
184.17	706.59
184.25	708.75
184.32	701.36
184.40	671.32
184.47	623.05
184.55	580.78
184.62	576.88
184.70	604.54
184.78	651.58
184.85	755.16
184.93	874.67
185.00	989.39
185.08	1105.48
185.15	1219.86
185.23	1336.08
185.30	1445.50
185.38	1549.45
185.45	1647.64
185.53	1757.44
185.60	1850.55
185.68	1957.51
185.75	2035.71
185.83	2095.39
185.90	2123.16
185.98	2088.98
186.05	2000.26
186.13	1890.58
186.20	1753.68
186.28	1641.08
186.35	1612.58
186.43	1667.48
186.50	1805.83
186.58	2006.31
186.65	2215.13
186.73	2412.21
186.80	2569.73
186.88	2695.16
186.95	2795.29
187.03	2864.31
187.10	2897.96
187.18	2950.08
187.25	2987.30
187.33	3039.60
187.40	3129.22
187.48	3255.76
187.55	3412.88
187.63	3585.04
187.70	3713.16
187.78	3803.47
187.85	3847.98
187.93	3793.29
188.00	3666.10
188.08	3519.85
188.15	3394.30
188.23	3345.19
188.30	3395.83
188.38	3555.64
188.45	3793.43
188.53	4049.14
188.60	4278.14
188.68	4484.19
188.75	4678.58
188.83	4904.09
188.90	5121.34
188.98	5353.12
189.05	5601.36
189.13	5829.68
189.20	6039.71
189.28	6255.62
189.35	6455.04
189.43	6629.64
189.50	6781.50
189.58	6832.44
189.65	6788.72
189.73	6660.79
189.80	6452.18
189.87	6180.04
189.95	5878.98
190.02	5517.96
190.10	5123.08
190.17	4779.94
190.25	4546.35
190.32	4455.34
190.40	4508.53
190.47	4681.63
190.55	4890.71
190.62	5088.72
190.70	5250.43
190.77	5444.25
190.85	5676.50
190.92	5937.89
191.00	6206.50
191.07	6462.89
191.15	6652.26
191.22	6807.41
191.29	6930.20
191.37	7049.92
191.44	7211.74
191.52	7416.48
191.59	7599.20
191.67	7735.54
191.74	7793.56
191.82	7790.78
191.89	7774.96
191.97	7787.42
192.04	7826.78
192.12	7870.36
192.19	7855.51
192.27	7756.00
192.34	7607.92
192.41	7490.61
192.49	7465.10
192.56	7555.23
192.64	7738.64
192.71	7951.72
192.79	8095.80
192.86	8142.30
192.94	8064.14
193.01	7948.83
193.09	7874.07
193.16	7924.30
193.23	8100.88
193.31	8396.90
193.38	8774.48
193.46	9121.39
193.53	9404.69
193.61	9636.50
193.68	9823.84
193.76	9929.36
193.83	9993.87
193.91	10011.21
193.98	9985.48
194.05	9919.17
194.13	9797.93
194.20	9625.16
194.28	9437.38
194.35	9238.90
194.43	9025.76
194.50	8790.91
194.58	8549.62
194.65	8360.27
194.72	8302.14
194.80	8418.87
194.87	8728.15
194.95	9169.53
195.02	9619.26
195.10	9977.75
195.17	10252.46
195.25	10440.02
195.32	10580.22
195.39	10698.15
195.47	10812.90
195.54	10884.60
195.62	10864.08
195.69	10687.36
195.77	10318.52
195.84	9802.12
195.91	9253.32
195.99	8859.50
196.06	8723.80
196.14	8873.26
196.21	9245.91
196.29	9758.61
196.36	10274.55
196.43	10725.63
196.51	11112.50
196.58	11426.58
196.66	11659.58
196.73	11840.38
196.81	11978.38
196.88	12057.42
196.95	12075.41
197.03	11983.14
197.10	11720.72
197.18	11301.92
197.25	10812.31
197.33	10321.48
197.40	9891.18
197.47	9597.18
197.55	9508.73
197.62	9570.36
197.70	9781.76
197.77	10145.38
197.84	10604.13
197.92	11086.60
197.99	11590.21
198.07	12056.30
198.14	12445.38
198.22	12771.82
198.29	13020.36
198.36	13194.25
198.44	13305.57
198.51	13303.97
198.59	13129.09
198.66	12769.74
198.73	12241.24
198.81	11596.32
198.88	10892.96
198.96	10280.56
199.03	9933.88
199.10	9911.42
199.18	10149.92
199.25	10651.03
199.33	11319.33
199.40	11975.08
199.48	12490.86
199.55	12906.18
199.62	13233.22
199.70	13535.56
199.77	13831.08
199.85	14149.52
199.92	14398.47
199.99	14547.34
200.07	14501.48
200.14	14197.97
200.22	13550.67
200.29	12649.49
200.36	11741.28
200.44	11023.65
200.51	10617.02
200.59	10619.65
200.66	10970.92
200.73	11468.49
200.81	11984.70
200.88	12480.97
200.95	12986.80
201.03	13496.38
201.10	14003.72
201.18	14467.59
201.25	14862.89
201.32	15149.95
201.40	15365.54
201.47	15488.19
201.55	15477.21
201.62	15262.26
201.69	14788.16
201.77	14172.31
201.84	13518.94
201.92	12818.96
201.99	12155.38
202.06	11734.38
202.14	11598.16
202.21	11702.32
202.28	12098.27
202.36	12760.52
202.43	13537.06
202.51	14235.83
202.58	14809.66
202.65	15271.89
202.73	15683.20
202.80	16062.16
202.87	16450.86
202.95	16816.38
203.02	17102.10
203.10	17223.11
203.17	17166.34
203.24	16822.37
203.32	16067.07
203.39	14939.16
203.46	13754.36
203.54	12768.80
203.61	12172.07
203.69	12109.80
203.76	12569.24
203.83	13284.37
203.91	14002.24
203.98	14652.62
204.05	15235.78
204.13	15752.61
204.20	16190.94
204.28	16540.84
204.35	16769.67
204.42	16878.40
204.50	16933.30
204.57	17003.02
204.64	17087.16
204.72	17104.44
204.79	16873.80
204.86	16338.48
204.94	15582.41
205.01	14751.44
205.09	13949.08
205.16	13388.56
205.23	13220.81
205.31	13424.90
205.38	13887.94
205.45	14589.26
205.53	15480.42
205.60	16420.06
205.67	17262.84
205.75	17956.78
205.82	18504.32
205.89	18935.39
205.97	19305.76
206.04	19656.38
206.12	20009.41
206.19	20346.83
206.26	20574.77
206.34	20619.54
206.41	20367.46
206.48	19721.16
206.56	18597.05
206.63	17206.83
206.70	15825.34
206.78	14784.78
206.85	14304.96
206.92	14501.47
207.00	15232.14
207.07	16215.87
207.14	17204.34
207.22	18103.95
207.29	18898.90
207.36	19594.26
207.44	20232.20
207.51	20816.93
207.58	21340.93
207.66	21796.26
207.73	22186.50
207.80	22464.32
207.88	22590.01
207.95	22511.75
208.02	22198.76
208.10	21496.99
208.17	20368.40
208.25	19072.70
208.32	17888.72
208.39	16969.88
208.47	16520.10
208.54	16615.85
208.61	17082.22
208.69	17697.40
208.76	18373.34
208.83	19109.55
208.90	19889.32
208.98	20666.14
209.05	21403.24
209.12	22085.30
209.20	22665.54
209.27	23164.01
209.34	23593.08
209.42	23973.71
209.49	24269.33
209.56	24434.46
209.64	24454.17
209.71	24200.76
209.78	23542.84
209.86	22552.56
209.93	21429.96
210.00	20216.20
210.08	19142.98
210.15	18516.01
210.22	18407.74
210.30	18694.28
210.37	19331.99
210.44	20197.61
210.52	21103.43
210.59	21949.49
210.66	22676.23
210.74	23306.25
210.81	23864.14
210.88	24394.00
210.96	24874.16
211.03	25344.42
211.10	25794.38
211.17	26189.07
211.25	26433.64
211.32	26482.03
211.39	26290.96
211.47	25757.10
211.54	24754.60
211.61	23427.02
211.69	22158.20
211.76	21217.35
211.83	20758.57
211.91	20925.22
211.98	21591.14
212.05	22422.00
212.12	23177.19
212.20	23813.92
212.27	24329.82
212.34	24753.28
212.42	25132.38
212.49	25493.90
212.56	25868.76
212.64	26275.69
212.71	26733.26
212.78	27182.37
212.85	27580.63
212.93	27841.18
213.00	27950.18
213.07	27865.44
213.15	27456.54
213.22	26734.58
213.29	25901.50
213.37	25058.63
213.44	24301.40
213.51	23865.68
213.58	23832.81
213.66	24079.73
213.73	24517.42
213.80	25068.16
213.88	25622.88
213.95	26036.67
214.02	26305.14
214.09	26486.18
214.17	26628.52
214.24	26768.96
214.31	26947.76
214.39	27119.16
214.46	27221.70
214.53	27217.62
214.60	27116.68
214.68	27055.47
214.75	27120.74
214.82	27268.23
214.90	27371.94
214.97	27214.64
215.04	26662.83
215.11	25879.14
215.19	25135.09
215.26	24738.65
215.33	24893.64
215.41	25596.98
215.48	26572.08
215.55	27536.81
215.62	28296.56
215.70	28862.78
215.77	29302.90
215.84	29697.96
215.91	30069.84
215.99	30446.88
216.06	30809.58
216.13	31094.19
216.21	31269.88
216.28	31407.48
216.35	31513.37
216.42	31578.24
216.50	31594.20
216.57	31560.32
216.64	31327.97
216.71	30810.80
216.79	30119.30
216.86	29441.69
216.93	28890.21
217.01	28617.60
217.08	28735.48
217.15	29139.03
217.22	29687.74
217.30	30273.58
217.37	30843.89
217.44	31354.08
217.51	31795.94
217.59	32159.66
217.66	32448.54
217.73	32684.47
217.80	32876.19
217.88	33023.44
217.95	33153.34
218.02	33262.60
218.09	33386.31
218.17	33524.80
218.24	33674.55
218.31	33773.90
218.38	33785.68
218.46	33618.85
218.53	33177.62
218.60	32532.51
218.67	31852.38
218.75	31305.96
218.82	31011.13
218.89	31099.27
218.96	31498.10
219.04	32062.22
219.11	32635.56
219.18	33130.85
219.25	33535.34
219.33	33878.88
219.40	34177.08
219.47	34458.34
219.54	34724.34
219.62	34957.98
219.69	35173.58
219.76	35384.86
219.83	35569.46
219.91	35754.34
219.98	35931.63
220.05	36050.42
220.12	36079.82
220.20	36023.26
220.27	35825.64
220.34	35427.45
220.41	34899.52
220.49	34377.73
220.56	33982.82
220.63	33803.72
220.70	33906.14
220.78	34229.32
220.85	34627.84
220.92	34998.78
220.99	35307.78
221.06	35567.73
221.14	35801.03
221.21	36037.85
221.28	36275.49
221.35	36515.33
221.43	36745.20
221.50	36959.35
221.57	37162.30
221.64	37358.09
221.72	37522.06
221.79	37656.98
221.86	37745.77
221.93	37789.77
222.00	37784.82
222.08	37723.38
222.15	37561.20
222.22	37344.36
222.29	37128.66
222.37	36957.76
222.44	36863.37
222.51	36877.72
222.58	36977.98
222.65	37105.51
222.73	37233.88
222.80	37363.84
222.87	37515.58
222.94	37688.28
223.02	37874.92
223.09	38067.05
223.16	38266.64
223.23	38469.92
223.30	38687.01
223.38	38901.33
223.45	39103.32
223.52	39274.46
223.59	39421.91
223.66	39498.02
223.74	39517.48
223.81	39491.99
223.88	39469.58
223.95	39425.15
224.03	39362.40
224.10	39302.20
224.17	39265.70
224.24	39216.69
224.31	39200.91
224.39	39244.18
224.46	39335.73
224.53	39449.94
224.60	39578.92
224.67	39706.78
224.75	39842.66
224.82	39985.26
224.89	40133.80
224.96	40295.44
225.03	40441.82
225.11	40574.18
225.18	40692.70
225.25	40789.88
225.32	40836.72
225.39	40863.19
225.47	40846.99
225.54	40765.54
225.61	40593.07
225.68	40364.76
225.75	40099.03
225.83	39819.96
225.90	39558.44
225.97	39344.20
226.04	39214.73
226.11	39256.95
226.19	39468.26
226.26	39838.02
226.33	40287.86
226.40	40721.85
226.47	41027.00
226.54	41212.74
226.62	41270.52
226.69	41319.99
226.76	41459.18
226.83	41689.82
226.90	41970.78
226.98	42265.83
227.05	42539.96
227.12	42750.98
227.19	42872.04
227.26	42950.08
227.34	43029.38
227.41	43087.32
227.48	43115.02
227.55	43108.74
227.62	43078.02
227.69	43062.36
227.77	43082.59
227.84	43140.25
227.91	43251.60
227.98	43397.81
228.05	43514.19
228.12	43613.88
228.20	43718.71
228.27	43817.16
228.34	43909.64
228.41	44032.68
228.48	44150.70
228.56	44250.40
228.63	44356.80
228.70	44441.99
228.77	44511.07
228.84	44594.78
228.91	44686.18
228.99	44790.36
229.06	44912.37
229.13	45032.42
229.20	45139.92
229.27	45234.79
229.34	45302.91
229.42	45343.57
229.49	45384.98
229.56	45412.46
229.63	45438.71
229.70	45454.46
229.77	45487.94
229.85	45530.94
229.92	45593.06
229.99	45655.49
230.06	45740.12
230.13	45849.18
230.20	45954.13
230.27	46065.40
230.35	46185.20
230.42	46296.58
230.49	46407.32
230.56	46503.49
230.63	46597.73
230.70	46669.31
230.78	46733.96
230.85	46781.68
230.92	46841.04
230.99	46902.06
231.06	47001.53
231.13	47119.51
231.20	47248.97
231.28	47361.96
231.35	47477.88
231.42	47566.60
231.49	47650.24
231.56	47719.05
231.63	47792.44
231.71	47844.58
231.78	47893.73
231.85	47941.79
231.92	47993.89
231.99	48052.41
232.06	48123.97
232.13	48232.17
232.21	48331.86
232.28	48420.84
232.35	48500.05
232.42	48578.86
232.49	48632.76
232.56	48718.02
232.63	48801.84
232.71	48893.86
232.78	48987.46
232.85	49087.06
232.92	49156.76
232.99	49236.14
233.06	49315.31
233.13	49383.24
233.20	49440.52
233.28	49491.94
233.35	49542.19
233.42	49599.48
233.49	49680.09
233.56	49771.02
233.63	49860.28
233.70	49959.00
233.78	50054.00
233.85	50147.36
233.92	50229.15
233.99	50317.40
234.06	50400.50
234.13	50489.18
234.20	50549.60
234.27	50612.64
234.35	50670.52
234.42	50730.31
234.49	50777.56
234.56	50817.14
234.63	50859.72
234.70	50897.60
234.77	50926.27
234.84	50956.82
234.92	51007.42
234.99	51068.02
235.06	51138.52
235.13	51222.08
235.20	51311.60
235.27	51395.29
235.34	51488.89
235.41	51577.94
235.48	51659.96
235.56	51730.70
235.63	51809.21
235.70	51848.55
235.77	51888.56
235.84	51915.26
235.91	51942.98
235.98	51965.93
236.05	52005.69
236.12	52055.20
236.20	52094.98
236.27	52140.96
236.34	52188.28
236.41	52224.96
236.48	52259.20
236.55	52301.40
236.62	52346.66
236.69	52385.22
236.76	52448.45
236.84	52504.36
236.91	52570.44
236.98	52630.46
237.05	52689.00
237.12	52727.29
237.19	52765.40
237.26	52795.60
237.33	52839.10
237.40	52875.08
237.47	52910.19
237.55	52957.88
237.62	53018.75
237.69	53077.18
237.76	53146.78
237.83	53223.52
237.90	53282.67
237.97	53340.53
238.04	53381.92
238.11	53424.99
238.18	53467.78
238.26	53513.00
238.33	53528.28
238.40	53551.04
238.47	53576.13
238.54	53595.83
238.61	53604.28
238.68	53629.66
238.75	53642.97
238.82	53668.16
238.89	53698.54
238.96	53750.80
239.04	53799.85
239.11	53862.26
239.18	53903.94
239.25	53927.81
239.32	53946.14
239.39	53962.38
239.46	53964.39
239.53	53953.17
239.60	53942.54
239.67	53944.38
239.74	53959.04
239.81	53969.58
239.89	54011.27
239.96	54049.40
240.03	54086.21
240.10	54099.74
240.17	54128.22
240.24	54135.41
240.31	54164.66
240.38	54191.70
240.45	54249.38
240.52	54323.46
240.59	54394.60
240.66	54456.93
240.73	54502.66
240.80	54523.14
240.88	54527.22
240.95	54539.36
241.02	54548.60
241.09	54559.82
241.16	54574.14
241.23	54590.02
241.30	54576.29
241.37	54543.69
241.44	54527.20
241.51	54531.52
241.58	54535.12
241.65	54574.56
241.72	54629.26
241.79	54666.16
241.86	54668.69
241.94	54666.99
242.01	54644.26
242.08	54614.18
242.15	54609.00
242.22	54614.96
242.29	54614.80
242.36	54629.82
242.43	54628.34
242.50	54614.34
242.57	54600.26
242.64	54600.16
242.71	54587.67
242.78	54605.68
242.85	54607.48
242.92	54616.92
242.99	54632.01
243.06	54646.06
243.14	54658.86
243.21	54680.02
243.28	54691.37
243.35	54696.26
243.42	54719.62
243.49	54735.64
243.56	54745.42
243.63	54768.35
243.70	54771.22
243.77	54760.10
243.84	54745.94
243.91	54721.47
243.98	54687.79
244.05	54659.42
244.12	54638.97
244.19	54620.30
244.26	54612.08
244.33	54607.08
244.40	54598.70
244.47	54589.08
244.54	54575.46
244.62	54540.96
244.69	54500.51
244.76	54480.50
244.83	54464.19
244.90	54467.57
244.97	54484.92
245.04	54513.56
245.11	54522.80
245.18	54519.82
245.25	54506.83
245.32	54519.27
245.39	54528.18
245.46	54542.02
245.53	54546.34
245.60	54536.64
245.67	54523.84
245.74	54516.77
245.81	54503.68
245.88	54491.29
245.95	54495.77
246.02	54471.90
246.09	54419.64
246.16	54366.09
246.23	54313.70
246.30	54274.22
246.37	54261.64
246.44	54275.44
246.51	54304.81
246.58	54339.06
246.65	54358.17
246.72	54375.05
246.79	54381.67
246.87	54368.17
246.94	54358.75
247.01	54340.38
247.08	54296.82
247.15	54231.84
247.22	54165.58
247.29	54103.15
247.36	54052.90
247.43	54015.29
247.50	54001.94
247.57	54007.44
247.64	54020.86
247.71	54040.04
247.78	54050.19
247.85	54089.47
247.92	54108.59
247.99	54106.42
248.06	54086.84
248.13	54064.92
248.20	54021.41
248.27	53993.76
248.34	53973.03
248.41	53947.87
248.48	53934.62
248.55	53922.05
248.62	53912.76
248.69	53919.98
248.76	53926.84
248.83	53927.07
248.90	53903.73
248.97	53864.58
249.04	53810.41
249.11	53767.51
249.18	53730.93
249.25	53697.54
249.32	53667.38
249.39	53622.37
249.46	53562.00
249.53	53508.60
249.60	53455.85
249.67	53417.97
249.74	53404.68
249.81	53421.49
249.88	53433.80
249.95	53466.68
250.02	53497.49
250.09	53514.14
250.16	53505.58
250.23	53484.40
250.30	53467.30
250.37	53447.16
250.44	53441.11
250.51	53449.22
250.58	53461.44
250.65	53462.62
250.72	53431.92
250.79	53391.38
250.86	53336.87
250.93	53285.80
251.00	53231.80
251.07	53204.86
251.14	53172.82
251.21	53150.51
251.28	53123.88
251.35	53091.62
251.42	53073.90
251.49	53068.52
251.56	53043.13
251.63	53031.80
251.70	53027.06
251.77	52998.85
251.84	52959.35
251.91	52933.22
251.98	52885.55
252.05	52831.07
252.12	52777.66
252.18	52733.87
252.25	52700.26
252.32	52696.49
252.39	52708.80
252.46	52701.72
252.53	52693.11
252.60	52676.28
252.67	52652.50
252.74	52612.90
252.81	52590.50
252.88	52568.92
252.95	52538.44
253.02	52501.28
253.09	52464.26
253.16	52443.14
253.23	52415.83
253.30	52408.80
253.37	52387.79
253.44	52368.88
253.51	52336.02
253.58	52301.18
253.65	52273.00
253.72	52259.17
253.79	52248.76
253.86	52236.82
253.93	52231.89
254.00	52216.53
254.07	52192.74
254.14	52162.50
254.21	52127.49
254.28	52088.37
254.35	52054.78
254.41	52029.38
254.48	51992.51
254.55	51982.92
254.62	51969.23
254.69	51925.40
254.76	51889.62
254.83	51859.12
254.90	51822.25
254.97	51794.80
255.04	51797.86
255.11	51769.29
255.18	51733.14
255.25	51675.10
255.32	51617.47
255.39	51557.47
255.46	51517.21
255.53	51485.87
255.60	51474.48
255.67	51457.74
255.74	51440.71
255.81	51430.48
255.87	51440.29
255.94	51421.41
256.01	51421.00
256.08	51408.51
256.15	51400.50
256.22	51371.04
256.29	51366.62
256.36	51333.43
256.43	51308.69
256.50	51294.86
256.57	51275.95
256.64	51247.36
256.71	51223.81
256.78	51192.54
256.85	51138.00
256.92	51114.98
256.99	51094.96
257.05	51082.83
257.12	51064.45
257.19	51019.81
257.26	50950.43
257.33	50879.56
257.40	50811.16
257.47	50736.32
257.54	50714.92
257.61	50690.46
257.68	50691.02
257.75	50692.49
257.82	50706.28
257.89	50690.77
257.96	50680.93
258.03	50635.66
258.09	50566.39
258.16	50488.40
258.23	50399.10
258.30	50329.60
258.37	50268.69
258.44	50241.74
258.51	50221.51
258.58	50232.78
258.65	50237.62
258.72	50245.92
258.79	50217.29
258.86	50198.26
258.93	50172.38
258.99	50118.26
259.06	50065.39
259.13	50022.96
259.20	49974.68
259.27	49932.19
259.34	49910.77
259.41	49897.08
259.48	49906.86
259.55	49903.33
259.62	49880.56
259.69	49839.02
259.76	49778.89
259.82	49710.05
259.89	49668.10
259.96	49633.93
260.03	49602.26
260.10	49573.92
260.17	49525.22
260.24	49460.38
260.31	49401.74
260.38	49370.67
260.45	49352.22
260.52	49338.72
260.59	49317.46
260.65	49290.24
260.72	49258.91
260.79	49225.69
260.86	49199.57
260.93	49170.62
261.00	49118.12
261.07	49056.17
261.14	48976.30
261.21	48892.97
261.28	48821.62
261.34	48752.40
261.41	48682.37
261.48	48641.90
261.55	48613.50
261.62	48592.02
261.69	48580.58
261.76	48568.65
261.83	48538.27
261.90	48497.76
261.97	48439.94
262.03	48392.42
262.10	48349.54
262.17	48306.50
262.24	48293.92
262.31	48287.04
262.38	48264.98
262.45	48247.80
262.52	48238.29
262.59	48185.48
262.65	48140.63
262.72	48100.78
262.79	48061.77
262.86	48016.62
262.93	47990.12
263.00	47954.85
263.07	47916.56
263.14	47872.56
263.21	47851.83
263.27	47825.50
263.34	47813.35
263.41	47786.65
263.48	47748.36
263.55	47683.56
263.62	47602.65
263.69	47510.94
263.76	47441.15
263.82	47388.92
263.89	47338.63
263.96	47318.38
264.03	47289.92
264.10	47261.51
264.17	47204.88
264.24	47144.94
264.31	47074.10
264.38	47011.36
264.44	46941.46
264.51	46880.18
264.58	46823.06
264.65	46775.85
264.72	46714.02
264.79	46662.26
264.86	46634.38
264.92	46610.46
264.99	46587.27
265.06	46575.66
265.13	46552.30
265.20	46515.57
265.27	46476.33
265.34	46427.94
265.41	46395.00
265.47	46365.60
265.54	46350.48
265.61	46340.06
265.68	46329.94
265.75	46296.02
265.82	46254.24
265.89	46174.38
265.95	46096.34
266.02	46001.64
266.09	45938.12
266.16	45887.36
266.23	45854.47
266.30	45818.43
266.37	45784.56
266.44	45717.38
266.50	45662.34
266.57	45613.24
266.64	45553.87
266.71	45492.30
266.78	45430.28
266.85	45346.47
266.91	45276.16
266.98	45217.82
267.05	45174.28
267.12	45165.52
267.19	45165.76
267.26	45162.75
267.33	45161.34
267.39	45151.48
267.46	45125.48
267.53	45083.07
267.60	45030.72
267.67	44975.98
267.74	44933.06
267.81	44886.04
267.87	44857.84
267.94	44849.42
268.01	44828.39
268.08	44787.38
268.15	44726.66
268.22	44664.42
268.28	44563.90
268.35	44453.57
268.42	44355.85
268.49	44269.16
268.56	44191.87
268.63	44138.31
268.69	44112.48
268.76	44091.62
268.83	44102.61
268.90	44113.22
268.97	44123.45
269.04	44126.78
269.11	44116.52
269.17	44080.76
269.24	44029.95
269.31	43996.71
269.38	43956.49
269.45	43923.74
269.52	43894.22
269.58	43879.48
269.65	43827.94
269.72	43779.80
269.79	43737.62
269.86	43694.74
269.92	43633.63
269.99	43585.10
270.06	43526.54
270.13	43471.93
270.20	43416.46
270.27	43391.18
270.33	43369.44
270.40	43351.63
270.47	43329.24
270.54	43312.90
270.61	43286.34
270.68	43275.80
270.74	43262.00
270.81	43254.88
270.88	43231.27
270.95	43190.87
271.02	43115.16
271.08	43050.91
271.15	42968.32
271.22	42906.76
271.29	42855.43
271.36	42808.84
271.43	42757.88
271.49	42729.50
271.56	42691.54
271.63	42654.26
271.70	42632.48
271.77	42619.48
271.83	42591.34
271.90	42556.86
271.97	42514.42
272.04	42465.94
272.11	42424.89
272.17	42401.72
272.24	42381.85
272.31	42356.04
272.38	42345.37
272.45	42321.60
272.52	42276.41
272.58	42240.22
272.65	42234.61
272.72	42202.03
272.79	42173.51
272.86	42148.55
272.92	42118.33
272.99	42070.10
273.06	42030.04
273.13	41975.94
273.20	41923.39
273.26	41860.12
273.33	41780.35
273.40	41711.57
273.47	41673.84
273.54	41643.45
273.60	41629.35
273.67	41630.58
273.74	41640.28
273.81	41640.00
273.88	41651.88
273.94	41672.15
274.01	41711.56
274.08	41744.56
274.15	41756.51
274.21	41752.16
274.28	41713.70
274.35	41636.92
274.42	41547.17
274.49	41453.97
274.55	41381.42
274.62	41330.90
274.69	41288.00
274.76	41240.88
274.83	41219.34
274.89	41188.11
274.96	41149.28
275.03	41115.32
275.10	41087.74
275.17	41056.48
275.23	41009.14
275.30	40964.08
275.37	40944.84
275.44	40932.67
275.50	40909.29
275.57	40893.48
275.64	40876.94
275.71	40833.82
275.78	40793.18
275.84	40762.31
275.91	40740.54
275.98	40722.94
276.05	40702.78
276.11	40675.88
276.18	40642.83
276.25	40571.92
276.32	40497.77
276.39	40426.74
276.45	40353.54
276.52	40283.05
276.59	40243.43
276.66	40219.52
276.72	40212.98
276.79	40215.06
276.86	40212.54
276.93	40203.70
276.99	40165.06
277.06	40110.68
277.13	40063.77
277.20	40019.06
277.26	39982.72
277.33	39981.54
277.40	39988.57
277.47	39972.26
277.54	39951.12
277.60	39914.90
277.67	39851.01
277.74	39764.77
277.81	39671.60
277.87	39589.72
277.94	39514.88
278.01	39460.96
278.08	39432.71
278.14	39434.72
278.21	39445.70
278.28	39474.16
278.35	39496.69
278.41	39521.22
278.48	39536.18
278.55	39530.48
278.62	39510.76
278.68	39459.30
278.75	39377.27
278.82	39284.94
278.89	39187.94
278.95	39098.68
279.02	39043.78
279.09	39032.13
279.16	39048.94
279.22	39076.91
279.29	39103.63
279.36	39129.26
279.43	39115.07
279.49	39040.22
279.56	38934.50
279.63	38796.85
279.70	38649.86
279.76	38527.41
279.83	38451.00
279.90	38424.20
279.97	38414.58
280.03	38418.34
280.10	38417.10
280.17	38421.09
280.24	38410.61
280.30	38413.65
280.37	38405.90
280.44	38404.36
280.51	38396.53
280.57	38377.54
280.64	38353.07
280.71	38334.58
280.77	38296.66
280.84	38237.74
280.91	38174.48
280.98	38089.97
281.04	37991.05
281.11	37896.55
281.18	37806.74
281.25	37701.63
281.31	37609.12
281.38	37499.99
281.45	37400.80
281.52	37321.26
281.58	37252.46
281.65	37193.50
281.72	37155.60
281.78	37127.96
281.85	37105.63
281.92	37099.53
281.99	37096.78
282.05	37106.42
282.12	37116.32
282.19	37120.08
282.26	37138.78
282.32	37152.71
282.39	37170.27
282.46	37163.22
282.52	37155.79
282.59	37140.01
282.66	37136.39
282.73	37120.86
282.79	37106.30
282.86	37067.88
282.93	36994.10
282.99	36881.90
283.06	36745.94
283.13	36608.51
283.20	36462.26
283.26	36343.18
283.33	36249.66
283.40	36187.31
283.46	36154.03
283.53	36145.51
283.60	36148.90
283.67	36157.28
283.73	36180.55
283.80	36189.04
283.87	36211.81
283.93	36244.68
284.00	36267.51
284.07	36276.06
284.13	36265.85
284.20	36244.85
284.27	36198.99
284.34	36149.20
284.40	36100.21
284.47	36075.23
284.54	36047.18
284.60	36018.95
284.67	35985.10
284.74	35941.62
284.81	35887.54
284.87	35827.50
284.94	35746.11
285.01	35664.63
285.07	35565.33
285.14	35465.87
285.21	35389.81
285.27	35338.53
285.34	35313.40
285.41	35326.66
285.47	35351.64
285.54	35368.02
285.61	35393.46
285.68	35416.61
285.74	35428.82
285.81	35439.05
285.88	35454.63
285.94	35470.86
286.01	35491.46
286.08	35510.09
286.14	35529.24
286.21	35540.39
286.28	35550.46
286.34	35526.16
286.41	35471.72
286.48	35379.45
286.55	35261.39
286.61	35127.97
286.68	34999.11
286.75	34892.44
286.81	34815.30
286.88	34758.38
286.95	34718.17
287.01	34714.40
287.08	34718.70
287.15	34731.71
287.21	34757.86
287.28	34768.30
287.35	34778.67
287.41	34795.01
287.48	34808.48
287.55	34813.83
287.61	34831.72
287.68	34830.84
287.75	34818.62
287.81	34807.48
287.88	34798.90
287.95	34795.62
288.01	34785.07
288.08	34784.56
288.15	34774.04
288.21	34754.96
288.28	34715.49
288.35	34686.00
288.41	34640.39
288.48	34579.91
288.55	34502.92
288.61	34418.52
288.68	34318.06
288.75	34223.77
288.81	34149.68
288.88	34109.47
288.95	34095.33
289.01	34117.04
289.08	34155.50
289.15	34209.67
289.21	34266.06
289.28	34320.00
289.35	34369.81
289.41	34403.08
289.48	34424.18
289.55	34426.90
289.61	34408.21
289.68	34378.23
289.75	34344.06
289.81	34296.92
289.88	34246.36
289.95	34199.86
290.01	34136.99
290.08	34088.52
290.15	34041.07
290.21	34010.89
290.28	33991.37
290.35	33976.97
290.41	33947.58
290.48	33910.59
290.55	33835.44
290.61	33756.01
290.68	33692.38
290.74	33667.58
290.81	33670.26
290.88	33707.54
290.94	33775.59
291.01	33835.58
291.08	33875.00
291.14	33920.52
291.21	33961.41
291.28	33980.80
291.34	34016.01
291.41	34033.38
291.48	34033.10
291.54	34029.22
291.61	34009.14
291.68	33965.86
291.74	33915.92
291.81	33857.47
291.87	33808.07
291.94	33741.58
292.01	33682.55
292.07	33618.72
292.14	33545.36
292.21	33457.24
292.27	33402.38
292.34	33338.58
292.41	33305.00
292.47	33289.14
292.54	33290.34
292.60	33303.28
292.67	33341.30
292.74	33379.61
292.80	33433.58
292.87	33490.06
292.94	33537.28
293.00	33582.19
293.07	33619.50
293.13	33663.15
293.20	33701.25
293.27	33741.36
293.33	33758.09
293.40	33773.43
293.47	33760.40
293.53	33728.68
293.60	33674.66
293.66	33586.10
293.73	33469.70
293.80	33346.92
293.86	33231.45
293.93	33128.76
294.00	33073.92
294.06	33044.31
294.13	33024.12
294.19	33010.72
294.26	32998.11
294.33	32983.82
294.39	32965.48
294.46	32961.33
294.52	32960.00
294.59	32983.02
294.66	33017.76
294.72	33064.10
294.79	33123.74
294.86	33197.75
294.92	33259.66
294.99	33328.58
295.05	33397.25
295.12	33448.39
295.19	33499.92
295.25	33538.36
295.32	33557.10
295.38	33569.89
295.45	33571.43
295.52	33537.56
295.58	33479.38
295.65	33404.98
295.71	33304.92
295.78	33174.58
295.85	33045.23
295.91	32927.29
295.98	32808.41
296.04	32686.93
296.11	32614.51
296.18	32571.34
296.24	32561.65
296.31	32575.61
296.37	32632.12
296.44	32713.45
296.51	32805.32
296.57	32894.04
296.64	32991.63
296.70	33084.96
296.77	33138.98
296.84	33170.82
296.90	33204.86
296.97	33222.33
297.03	33246.34
297.10	33290.40
297.17	33331.72
297.23	33372.39
297.30	33414.48
297.36	33432.68
297.43	33434.60
297.50	33425.92
297.56	33390.47
297.63	33326.20
297.69	33232.12
297.76	33096.49
297.82	32930.92
297.89	32763.96
297.96	32617.93
298.02	32506.55
298.09	32426.72
298.15	32396.96
298.22	32404.73
298.29	32418.80
298.35	32436.34
298.42	32483.61
298.48	32542.42
298.55	32593.40
298.61	32670.20
298.68	32759.61
298.75	32835.85
298.81	32905.40
298.88	32983.02
298.94	33037.05
299.01	33087.14
299.08	33132.74
299.14	33176.44
299.21	33198.24
299.27	33223.64
299.34	33227.78
299.40	33238.54
299.47	33233.43
299.54	33221.28
299.60	33197.02
299.67	33152.84
299.73	33061.20
299.80	32924.39
299.86	32734.96
299.93	32512.94
299.99	32318.90
300.06	32169.59
300.13	32072.71
300.19	32036.12
300.26	32050.46
300.32	32096.88
300.39	32157.72
300.45	32237.10
300.52	32344.76
300.59	32454.14
300.65	32542.28
300.72	32631.40
300.78	32706.58
300.85	32769.15
300.91	32812.70
300.98	32851.52
301.04	32874.81
301.11	32900.42
301.18	32913.28
301.24	32938.57
301.31	32958.83
301.37	32962.23
301.44	32953.96
301.50	32930.66
301.57	32893.58
301.63	32852.73
301.70	32793.63
301.77	32700.28
301.83	32579.39
301.90	32436.54
301.96	32263.51
302.03	32091.10
302.09	31966.33
302.16	31869.64
302.22	31807.43
302.29	31778.97
302.36	31795.42
302.42	31809.73
302.49	31859.01
302.55	31916.29
302.62	31989.68
302.68	32048.70
302.75	32116.12
302.81	32161.88
302.88	32206.05
302.94	32241.88
303.01	32279.24
303.07	32297.16
303.14	32327.17
303.21	32337.02
303.27	32344.32
303.34	32350.66
303.40	32350.38
303.47	32324.28
303.53	32297.90
303.60	32272.56
303.66	32232.82
303.73	32198.66
303.79	32153.83
303.86	32091.56
303.92	32002.16
303.99	31890.42
304.05	31730.96
304.12	31562.97
304.19	31421.31
304.25	31291.54
304.32	31200.94
304.38	31152.66
304.45	31144.10
304.51	31153.02
304.58	31184.92
304.64	31218.12
304.71	31280.60
304.77	31321.78
304.84	31356.76
304.90	31385.52
304.97	31400.61
305.03	31401.77
305.10	31415.81
305.16	31424.90
305.23	31431.24
305.29	31433.60
305.36	31412.40
305.42	31398.31
305.49	31372.84
305.56	31337.58
305.62	31305.58
305.69	31275.49
305.75	31228.22
305.82	31146.70
305.88	31030.22
305.95	30889.62
306.01	30735.16
306.08	30572.35
306.14	30432.68
306.21	30305.94
306.27	30203.28
306.34	30119.40
306.40	30042.45
306.47	29988.61
306.53	29984.85
306.60	29999.53
306.66	30026.06
306.73	30066.19
306.79	30095.64
306.86	30111.12
306.92	30117.59
306.99	30131.90
307.05	30137.96
307.12	30150.38
307.18	30147.60
307.25	30143.30
307.31	30117.09
307.38	30089.77
307.44	30059.87
307.51	30038.56
307.57	29992.34
307.64	29960.79
307.70	29928.18
307.77	29887.88
307.83	29837.52
307.90	29809.01
307.96	29764.52
308.03	29706.09
308.09	29642.08
308.16	29574.10
308.22	29501.21
308.29	29416.55
308.35	29338.09
308.42	29253.79
308.48	29154.00
308.55	29047.25
308.61	28958.50
308.68	28879.72
308.74	28815.90
308.81	28786.12
308.87	28766.97
308.94	28765.01
309.00	28758.76
309.07	28759.24
309.13	28751.32
309.20	28755.51
309.26	28731.80
309.33	28707.51
309.39	28676.68
309.45	28646.54
309.52	28596.40
309.58	28561.40
309.65	28518.06
309.71	28465.92
309.78	28415.88
309.84	28362.70
309.91	28310.62
309.97	28252.54
310.04	28211.45
310.10	28161.09
310.17	28119.10
310.23	28055.71
310.30	28013.02
310.36	27958.89
310.43	27896.56
310.49	27820.67
310.56	27746.36
310.62	27654.32
310.69	27563.80
310.75	27486.04
310.81	27428.96
310.88	27389.02
310.94	27356.00
311.01	27321.77
311.07	27292.38
311.14	27255.44
311.20	27218.74
311.27	27186.21
311.33	27168.98
311.40	27136.17
311.46	27111.80
311.53	27090.48
311.59	27071.34
311.66	27040.17
311.72	27011.36
311.78	26980.94
311.85	26944.16
311.91	26909.32
311.98	26866.80
312.04	26830.01
312.11	26784.10
312.17	26740.94
312.24	26691.70
312.30	26636.34
312.37	26571.65
312.43	26515.45
312.50	26457.14
312.56	26401.92
312.62	26345.52
312.69	26294.90
312.75	26227.76
312.82	26153.06
312.88	26073.29
312.95	26005.90
313.01	25942.38
313.08	25878.80
313.14	25832.20
313.20	25791.82
313.27	25747.38
313.33	25702.57
313.40	25676.58
313.46	25631.05
313.53	25597.41
313.59	25560.73
313.66	25530.94
313.72	25500.66
313.78	25466.42
313.85	25437.13
313.91	25404.97
313.98	25374.57
314.04	25333.18
314.11	25306.40
314.17	25257.58
314.24	25215.40
314.30	25163.22
314.36	25109.62
314.43	25070.85
314.49	25023.27
314.56	24975.22
314.62	24921.76
314.69	24873.42
314.75	24807.11
314.81	24753.25
314.88	24707.25
314.94	24666.43
315.01	24625.02
315.07	24576.62
315.14	24534.80
315.20	24484.42
315.27	24438.00
315.33	24398.68
315.39	24359.83
315.46	24323.60
315.52	24278.21
315.59	24237.04
315.65	24189.14
315.72	24146.68
315.78	24094.35
315.84	24057.70
315.91	24024.64
315.97	24001.12
316.04	23995.88
316.10	23988.42
316.16	23965.88
316.23	23910.49
316.29	23816.15
316.36	23676.35
316.42	23514.62
316.49	23328.62
316.55	23131.17
316.61	22941.56
316.68	22740.44
316.74	22540.35
316.81	22336.30
316.87	22131.10
316.93	21917.63
317.00	21716.48
317.06	21507.47
317.13	21302.00
317.19	21098.52
317.26	20893.07
317.32	20687.79
317.38	20485.97
317.45	20279.36
317.51	20093.96
317.58	19899.49
317.64	19702.37
317.70	19500.91
317.77	19317.53
317.83	19114.62
317.90	18921.12
317.96	18720.16
318.02	18534.58
318.09	18347.42
318.15	18146.44
318.22	17942.26
318.28	17748.65
318.34	17544.59
318.41	17325.95
318.47	17122.88
318.54	16935.12
318.60	16741.87
318.66	16555.22
318.73	16371.16
318.79	16196.24
318.86	16007.46
318.92	15830.26
318.98	15657.19
319.05	15478.13
319.11	15298.60
319.18	15122.76
319.24	14949.03
319.30	14756.62
319.37	14586.43
319.43	14410.88
319.50	14234.54
319.56	14058.78
319.62	13888.01
319.69	13710.16
319.75	13539.03
319.82	13376.57
319.88	13197.97
319.94	13028.44
320.01	12869.03
320.07	12696.95
320.13	12523.06
320.20	12356.87
320.26	12188.12
320.33	12018.00
320.39	11857.84
320.45	11692.43
320.52	11526.07
320.58	11366.98
320.65	11201.80
320.71	11030.93
320.77	10865.37
320.84	10703.68
320.90	10541.92
320.96	10376.76
321.03	10206.17
321.09	10040.77
321.16	9874.27
321.22	9700.44
321.28	9535.38
321.35	9386.24
321.41	9224.26
321.47	9068.64
321.54	8916.65
321.60	8753.70
321.67	8590.14
321.73	8436.28
321.79	8275.42
321.86	8116.56
321.92	7960.04
321.98	7789.96
322.05	7616.34
322.11	7443.61
322.18	7263.78
322.24	7089.38
322.30	6925.05
322.37	6768.47
322.43	6608.48
322.49	6462.26
322.56	6303.88
322.62	6148.90
322.68	5980.52
322.75	5829.40
322.81	5658.44
322.88	5497.36
322.94	5334.82
323.00	5176.85
323.07	5018.12
323.13	4868.58
323.19	4726.06
323.26	4577.98
323.32	4434.58
323.38	4285.25
323.45	4079.82
323.51	3489.44
323.57	2682.09
323.64	1836.54
323.70	1020.38
323.76	291.83
323.83	-25.72
323.89	-90.28
323.96	-90.31
