180.21	3356.60
180.28	-115.18
180.36	621.48
180.44	-46.36
180.51	-19.16
180.59	0.73
180.66	25.63
180.74	22.52
180.81	21.62
180.89	23.03
180.97	23.86
181.04	21.71
181.12	20.37
181.19	20.81
181.27	21.27
181.34	36.87
181.42	42.99
181.50	50.30
181.57	60.96
181.65	65.86
181.72	60.55
181.80	55.75
181.87	56.44
181.95	56.47
182.03	55.96
182.10	57.78
182.18	59.77
182.25	64.54
182.33	64.72
182.40	71.58
182.48	67.66
182.55	78.09
182.63	81.05
182.71	83.32
182.78	84.94
182.86	91.30
182.93	88.64
183.01	91.72
183.08	92.45
183.16	96.71
183.23	93.83
183.31	100.69
183.39	100.53
183.46	110.65
183.54	108.08
183.61	116.01
183.69	117.82
183.76	128.23
183.84	128.78
183.91	130.85
183.99	140.04
184.06	143.43
184.14	146.40
184.22	149.63
184.29	153.14
184.37	151.53
184.44	147.32
184.52	137.08
184.59	135.08
184.67	139.60
184.74	135.74
184.82	147.76
184.89	161.51
184.97	172.31
185.04	183.34
185.12	195.36
185.20	205.56
185.27	216.89
185.35	229.22
185.42	230.80
185.50	245.34
185.57	249.59
185.65	258.10
185.72	262.06
185.80	275.10
185.87	276.06
185.95	278.44
186.02	282.36
186.10	283.15
186.17	282.50
186.25	282.39
186.33	272.81
186.40	262.70
186.48	261.81
186.55	265.72
186.63	271.53
186.70	303.48
186.78	327.25
186.85	351.73
186.93	371.39
187.00	395.50
187.08	405.23
187.15	427.40
187.23	446.57
187.30	465.87
187.38	487.53
187.45	512.93
187.53	531.28
187.60	541.17
187.68	553.70
187.75	564.96
187.83	569.44
187.90	564.77
187.98	562.10
188.05	557.84
188.13	535.57
188.21	509.61
188.28	504.94
188.36	502.87
188.43	508.87
188.51	536.25
188.58	580.88
188.66	608.07
188.73	642.88
188.81	683.85
188.88	712.53
188.96	737.82
189.03	773.10
189.11	801.08
189.18	818.96
189.26	838.81
189.33	863.47
189.41	887.87
189.48	910.03
189.56	929.38
189.63	951.16
189.71	953.93
189.78	947.25
189.86	940.30
189.93	934.19
190.01	913.54
190.08	899.42
190.16	881.31
190.23	859.86
190.31	850.34
190.38	853.51
190.46	869.35
190.53	901.83
190.61	950.67
190.68	985.91
190.76	1036.87
190.83	1076.83
190.91	1110.56
190.98	1136.63
191.06	1174.09
191.13	1199.87
191.21	1229.54
191.28	1254.84
191.35	1284.97
191.43	1310.06
191.50	1330.34
191.58	1352.32
191.65	1373.46
191.73	1383.87
191.80	1392.85
191.88	1399.11
191.95	1397.15
192.03	1395.65
192.10	1393.09
192.18	1383.41
192.25	1372.61
192.33	1354.93
192.40	1334.88
192.48	1324.99
192.55	1332.82
192.63	1344.84
192.70	1374.43
192.78	1416.91
192.85	1466.35
192.93	1509.51
193.00	1548.76
193.08	1586.83
193.15	1622.69
193.22	1647.34
193.30	1665.17
193.37	1698.32
193.45	1714.53
193.52	1729.36
193.60	1751.00
193.67	1767.04
193.75	1774.01
193.82	1793.33
193.90	1804.21
193.97	1814.11
194.05	1828.68
194.12	1836.99
194.20	1847.12
194.27	1862.09
194.34	1866.73
194.42	1869.99
194.49	1878.22
194.57	1882.18
194.64	1881.61
194.72	1886.98
194.79	1891.43
194.87	1899.43
194.94	1914.97
195.02	1937.37
195.09	1959.27
195.17	1987.50
195.24	2014.62
195.31	2039.04
195.39	2057.12
195.46	2074.21
195.54	2097.76
195.61	2115.70
195.69	2129.46
195.76	2141.48
195.84	2161.09
195.91	2166.75
195.99	2171.56
196.06	2180.03
196.13	2194.49
196.21	2198.67
196.28	2205.77
196.36	2222.64
196.43	2233.63
196.51	2246.86
196.58	2265.31
196.66	2283.50
196.73	2294.21
196.80	2305.75
196.88	2311.68
196.95	2317.24
197.03	2324.90
197.10	2328.20
197.18	2333.33
197.25	2341.72
197.33	2356.89
197.40	2372.79
197.47	2385.72
197.55	2404.79
197.62	2422.18
197.70	2428.62
197.77	2440.48
197.85	2459.96
197.92	2468.53
197.99	2482.57
198.07	2503.94
198.14	2514.62
198.22	2527.50
198.29	2539.33
198.37	2548.60
198.44	2557.05
198.51	2565.25
198.59	2569.90
198.66	2586.78
198.74	2601.07
198.81	2615.54
198.89	2625.47
198.96	2641.04
199.03	2653.66
199.11	2669.08
199.18	2680.00
199.26	2695.81
199.33	2710.43
199.41	2722.18
199.48	2727.58
199.55	2737.04
199.63	2742.95
199.70	2759.56
199.78	2771.50
199.85	2788.18
199.93	2800.38
200.00	2821.75
200.07	2829.73
200.15	2845.15
200.22	2862.64
200.30	2881.43
200.37	2898.93
200.44	2919.38
200.52	2938.67
200.59	2960.22
200.67	2974.78
200.74	2984.63
200.81	2994.05
200.89	3000.51
200.96	3012.94
201.04	3025.11
201.11	3049.17
201.19	3072.64
201.26	3093.06
201.33	3100.75
201.41	3118.72
201.48	3133.45
201.56	3143.43
201.63	3166.41
201.70	3186.06
201.78	3202.90
201.85	3223.57
201.93	3247.04
202.00	3263.39
202.07	3290.04
202.15	3315.04
202.22	3331.46
202.30	3352.92
202.37	3369.90
202.44	3385.50
202.52	3405.28
202.59	3427.46
202.67	3444.27
202.74	3472.30
202.81	3494.88
202.89	3513.03
202.96	3537.83
203.04	3564.32
203.11	3579.98
203.18	3607.74
203.26	3638.65
203.33	3660.22
203.41	3683.91
203.48	3717.43
203.55	3735.40
203.63	3754.11
203.70	3783.15
203.77	3810.17
203.85	3833.71
203.92	3861.99
204.00	3897.91
204.07	3928.04
204.14	3959.71
204.22	3987.63
204.29	4017.03
204.37	4041.60
204.44	4069.73
204.51	4096.82
204.59	4130.06
204.66	4161.53
204.73	4194.27
204.81	4219.62
204.88	4256.15
204.96	4290.60
205.03	4326.17
205.10	4357.11
205.18	4391.22
205.25	4420.35
205.32	4449.84
205.40	4482.32
205.47	4517.88
205.55	4555.71
205.62	4587.18
205.69	4626.52
205.77	4669.05
205.84	4711.76
205.91	4756.46
205.99	4807.55
206.06	4848.07
206.14	4888.14
206.21	4932.96
206.28	4972.33
206.36	5013.13
206.43	5051.32
206.50	5089.04
206.58	5130.03
206.65	5172.23
206.72	5215.14
206.80	5262.36
206.87	5311.86
206.95	5359.20
207.02	5418.21
207.09	5467.37
207.17	5525.47
207.24	5577.65
207.31	5630.15
207.39	5674.70
207.46	5729.37
207.53	5772.66
207.61	5826.32
207.68	5876.20
207.75	5931.07
207.83	5988.26
207.90	6042.26
207.98	6087.34
208.05	6146.81
208.12	6199.22
208.20	6249.18
208.27	6314.43
208.34	6387.53
208.42	6441.92
208.49	6507.59
208.56	6565.39
208.64	6626.95
208.71	6685.58
208.78	6748.66
208.86	6815.95
208.93	6886.42
209.00	6954.03
209.08	7017.98
209.15	7086.78
209.22	7150.41
209.30	7216.90
209.37	7284.28
209.44	7359.21
209.52	7434.17
209.59	7502.67
209.67	7581.68
209.74	7645.42
209.81	7721.64
209.89	7792.59
209.96	7869.73
210.03	7948.75
210.11	8032.76
210.18	8103.47
210.25	8187.76
210.33	8270.89
210.40	8345.85
210.47	8431.00
210.55	8514.49
210.62	8589.86
210.69	8664.76
210.77	8749.30
210.84	8828.63
210.91	8925.89
210.99	9015.93
211.06	9107.57
211.13	9202.56
211.21	9297.99
211.28	9378.82
211.35	9473.57
211.42	9566.55
211.50	9650.65
211.57	9748.86
211.64	9842.74
211.72	9931.18
211.79	10027.73
211.86	10120.09
211.94	10214.95
212.01	10312.49
212.08	10415.43
212.16	10508.85
212.23	10619.36
212.30	10717.87
212.38	10817.33
212.45	10923.31
212.52	11025.14
212.60	11124.43
212.67	11230.92
212.74	11334.28
212.82	11432.00
212.89	11542.41
212.96	11645.25
213.03	11751.72
213.11	11871.82
213.18	11979.79
213.25	12096.49
213.33	12213.66
213.40	12316.69
213.47	12425.46
213.55	12541.90
213.62	12645.61
213.69	12756.39
213.77	12872.13
213.84	12984.37
213.91	13111.92
213.98	13229.76
214.06	13343.84
214.13	13472.50
214.20	13591.00
214.28	13714.73
214.35	13853.95
214.42	13985.28
214.50	14112.23
214.57	14247.47
214.64	14367.74
214.72	14487.12
214.79	14617.89
214.86	14738.95
214.93	14857.96
215.01	14983.97
215.08	15108.98
215.15	15228.56
215.23	15353.08
215.30	15483.93
215.37	15603.26
215.44	15733.49
215.52	15878.83
215.59	16020.26
215.66	16154.38
215.74	16299.22
215.81	16432.16
215.88	16568.48
215.95	16700.69
216.03	16835.96
216.10	16975.18
216.17	17111.41
216.25	17239.90
216.32	17382.22
216.39	17530.05
216.46	17669.01
216.54	17813.04
216.61	17960.14
216.68	18101.43
216.76	18236.23
216.83	18376.30
216.90	18528.80
216.97	18674.50
217.05	18819.54
217.12	18965.80
217.19	19103.44
217.27	19223.22
217.34	19343.17
217.41	19463.69
217.48	19590.76
217.56	19724.71
217.63	19876.90
217.70	20027.84
217.78	20183.70
217.85	20337.37
217.92	20488.29
217.99	20645.09
218.07	20790.77
218.14	20938.31
218.21	21088.84
218.28	21238.18
218.36	21373.68
218.43	21528.42
218.50	21687.82
218.57	21825.76
218.65	21968.46
218.72	22118.66
218.79	22261.28
218.87	22391.43
218.94	22541.97
219.01	22688.04
219.08	22830.20
219.16	22965.26
219.23	23112.32
219.30	23255.05
219.37	23401.37
219.45	23545.98
219.52	23703.83
219.59	23845.95
219.66	23987.12
219.74	24134.90
219.81	24300.21
219.88	24445.19
219.95	24593.85
220.03	24748.67
220.10	24898.67
220.17	25023.88
220.24	25165.95
220.32	25315.05
220.39	25454.73
220.46	25584.59
220.53	25727.95
220.61	25865.18
220.68	25997.86
220.75	26142.22
220.82	26306.81
220.90	26452.59
220.97	26602.70
221.04	26746.56
221.11	26871.45
221.19	26988.29
221.26	27115.49
221.33	27241.55
221.40	27375.02
221.48	27510.26
221.55	27647.08
221.62	27777.02
221.69	27917.49
221.77	28062.90
221.84	28212.13
221.91	28352.65
221.98	28500.30
222.06	28642.76
222.13	28783.91
222.20	28914.75
222.27	29043.85
222.35	29177.06
222.42	29305.92
222.49	29435.09
222.56	29562.84
222.63	29692.01
222.71	29821.16
222.78	29951.61
222.85	30074.83
222.92	30216.89
223.00	30349.02
223.07	30472.14
223.14	30591.59
223.21	30697.45
223.29	30801.04
223.36	30931.69
223.43	31069.24
223.50	31202.90
223.57	31349.33
223.65	31505.99
223.72	31626.53
223.79	31749.68
223.86	31860.45
223.94	31977.90
224.01	32072.31
224.08	32176.19
224.15	32272.28
224.22	32375.95
224.30	32470.32
224.37	32577.53
224.44	32699.81
224.51	32812.32
224.59	32925.59
224.66	33041.41
224.73	33159.59
224.80	33271.89
224.87	33395.43
224.95	33522.97
225.02	33652.78
225.09	33763.56
225.16	33879.75
225.23	33990.07
225.31	34092.58
225.38	34180.25
225.45	34276.47
225.52	34377.10
225.60	34474.89
225.67	34578.23
225.74	34686.09
225.81	34795.32
225.88	34889.84
225.96	34999.02
226.03	35106.65
226.10	35218.58
226.17	35331.28
226.24	35441.14
226.32	35541.09
226.39	35630.27
226.46	35712.57
226.53	35794.96
226.60	35887.49
226.68	35971.44
226.75	36066.05
226.82	36174.81
226.89	36278.54
226.96	36373.73
227.04	36456.50
227.11	36533.07
227.18	36594.24
227.25	36657.15
227.32	36715.72
227.40	36806.22
227.47	36893.90
227.54	36990.43
227.61	37072.84
227.68	37172.16
227.76	37252.71
227.83	37355.01
227.90	37454.65
227.97	37548.81
228.04	37628.96
228.11	37693.92
228.19	37744.29
228.26	37799.68
228.33	37870.79
228.40	37944.58
228.47	38032.69
228.55	38122.50
228.62	38204.54
228.69	38287.56
228.76	38359.79
228.83	38429.88
228.90	38490.38
228.98	38562.02
229.05	38647.21
229.12	38743.70
229.19	38839.88
229.26	38936.44
229.34	39010.76
229.41	39062.96
229.48	39108.47
229.55	39163.19
229.62	39227.00
229.69	39300.25
229.77	39380.76
229.84	39445.32
229.91	39499.84
229.98	39543.39
230.05	39588.48
230.12	39618.25
230.20	39673.04
230.27	39737.21
230.34	39815.55
230.41	39889.64
230.48	39974.87
230.55	40055.62
230.63	40129.83
230.70	40197.34
230.77	40254.41
230.84	40306.31
230.91	40338.87
230.98	40362.41
231.06	40399.11
231.13	40457.75
231.20	40531.71
231.27	40612.94
231.34	40704.91
231.41	40784.42
231.49	40843.25
231.56	40899.85
231.63	40966.02
231.70	41017.64
231.77	41059.69
231.84	41090.48
231.92	41119.11
231.99	41140.72
232.06	41177.04
232.13	41213.96
232.20	41277.74
232.27	41336.45
232.34	41396.27
232.42	41440.21
232.49	41488.98
232.56	41535.58
232.63	41598.17
232.70	41644.89
232.77	41713.73
232.85	41781.87
232.92	41844.58
232.99	41876.79
233.06	41927.67
233.13	41963.07
233.20	41978.03
233.27	41977.72
233.35	41983.61
233.42	41995.71
233.49	42010.48
233.56	42039.64
233.63	42087.51
233.70	42128.60
233.77	42166.66
233.85	42199.02
233.92	42261.65
233.99	42308.87
234.06	42353.44
234.13	42398.35
234.20	42462.32
234.27	42478.84
234.35	42494.40
234.42	42525.32
234.49	42543.66
234.56	42552.23
234.63	42561.57
234.70	42582.18
234.77	42594.80
234.84	42605.87
234.92	42604.92
234.99	42619.38
235.06	42639.24
235.13	42660.37
235.20	42691.88
235.27	42736.94
235.34	42766.67
235.41	42797.31
235.49	42834.70
235.56	42857.33
235.63	42872.39
235.70	42906.58
235.77	42914.25
235.84	42918.98
235.91	42915.38
235.98	42906.83
236.06	42887.16
236.13	42882.31
236.20	42881.42
236.27	42878.38
236.34	42885.86
236.41	42912.66
236.48	42924.68
236.55	42933.62
236.63	42959.77
236.70	42971.43
236.77	42968.24
236.84	42996.86
236.91	43018.13
236.98	43030.47
237.05	43044.14
237.12	43069.34
237.19	43071.61
237.27	43077.04
237.34	43082.07
237.41	43088.60
237.48	43071.15
237.55	43065.17
237.62	43064.83
237.69	43070.57
237.76	43089.74
237.83	43123.59
237.91	43149.76
237.98	43175.13
238.05	43203.24
238.12	43214.53
238.19	43218.34
238.26	43239.48
238.33	43242.73
238.40	43238.94
238.47	43232.53
238.54	43231.42
238.62	43219.26
238.69	43211.01
238.76	43198.63
238.83	43199.74
238.90	43214.65
238.97	43229.64
239.04	43256.06
239.11	43285.17
239.18	43306.43
239.25	43324.97
239.33	43323.76
239.40	43320.04
239.47	43313.39
239.54	43297.71
239.61	43275.37
239.68	43253.44
239.75	43238.87
239.82	43234.84
239.89	43244.39
239.96	43247.20
240.03	43258.34
240.11	43277.74
240.18	43296.91
240.25	43304.79
240.32	43315.22
240.39	43347.08
240.46	43361.74
240.53	43391.16
240.60	43425.49
240.67	43457.46
240.74	43475.05
240.81	43500.11
240.88	43516.66
240.96	43521.55
241.03	43539.95
241.10	43553.74
241.17	43567.35
241.24	43569.10
241.31	43586.98
241.38	43586.60
241.45	43575.52
241.52	43569.80
241.59	43562.21
241.66	43568.16
241.73	43584.92
241.80	43620.56
241.88	43646.99
241.95	43671.87
242.02	43680.39
242.09	43677.88
242.16	43662.27
242.23	43668.36
242.30	43683.94
242.37	43696.96
242.44	43722.19
242.51	43745.25
242.58	43739.54
242.65	43745.03
242.72	43764.25
242.79	43772.14
242.87	43793.01
242.94	43818.57
243.01	43839.46
243.08	43861.75
243.15	43882.27
243.22	43902.05
243.29	43931.01
243.36	43955.73
243.43	43985.99
243.50	44043.75
243.57	44098.75
243.64	44138.64
243.71	44182.33
243.78	44206.43
243.85	44216.20
243.92	44229.08
243.99	44252.49
244.07	44266.23
244.14	44285.96
244.21	44297.36
244.28	44316.81
244.35	44336.56
244.42	44359.37
244.49	44382.70
244.56	44417.77
244.63	44443.55
244.70	44449.30
244.77	44466.16
244.84	44489.10
244.91	44516.33
244.98	44553.49
245.05	44614.41
245.12	44663.96
245.19	44710.04
245.26	44747.24
245.33	44790.44
245.40	44836.11
245.47	44888.70
245.55	44939.46
245.62	44982.86
245.69	45009.88
245.76	45046.53
245.83	45084.98
245.90	45119.83
245.97	45153.04
246.04	45199.51
246.11	45237.00
246.18	45246.58
246.25	45265.20
246.32	45291.11
246.39	45311.40
246.46	45344.66
246.53	45406.81
246.60	45462.92
246.67	45532.52
246.74	45602.73
246.81	45671.47
246.88	45731.63
246.95	45793.96
247.02	45838.75
247.09	45872.59
247.16	45892.79
247.23	45902.48
247.30	45906.38
247.37	45907.83
247.44	45928.15
247.51	45953.59
247.58	46007.17
247.66	46067.26
247.73	46157.40
247.80	46237.99
247.87	46301.04
247.94	46374.11
248.01	46455.60
248.08	46514.16
248.15	46574.53
248.22	46632.45
248.29	46671.06
248.36	46709.39
248.43	46767.99
248.50	46817.77
248.57	46879.89
248.64	46942.68
248.71	47008.12
248.78	47052.98
248.85	47110.85
248.92	47174.15
248.99	47222.78
249.06	47244.59
249.13	47286.97
249.20	47330.82
249.27	47361.07
249.34	47396.50
249.41	47451.57
249.48	47486.36
249.55	47511.11
249.62	47550.60
249.69	47592.28
249.76	47638.53
249.83	47681.19
249.90	47755.04
249.97	47830.48
250.04	47912.30
250.11	47999.99
250.18	48094.91
250.25	48162.89
250.32	48219.62
250.39	48287.50
250.46	48342.09
250.53	48397.47
250.60	48451.76
250.67	48510.92
250.74	48563.29
250.81	48607.83
250.88	48657.77
250.95	48697.52
251.02	48748.08
251.09	48782.85
251.16	48826.98
251.23	48879.41
251.30	48933.85
251.37	48989.70
251.44	49040.85
251.51	49105.10
251.58	49153.88
251.65	49211.88
251.72	49254.43
251.79	49320.82
251.86	49368.60
251.93	49407.48
252.00	49442.02
252.07	49463.85
252.14	49485.99
252.21	49513.29
252.28	49549.83
252.35	49592.78
252.42	49658.96
252.49	49722.85
252.56	49784.34
252.63	49842.99
252.70	49891.15
252.77	49931.38
252.84	49965.15
252.91	49999.90
252.98	50042.79
253.05	50089.65
253.12	50140.80
253.19	50190.49
253.25	50252.46
253.32	50309.65
253.39	50366.71
253.46	50417.24
253.53	50467.50
253.60	50495.48
253.67	50524.81
253.74	50569.94
253.81	50620.90
253.88	50672.14
253.95	50735.30
254.02	50793.91
254.09	50838.14
254.16	50881.76
254.23	50918.13
254.30	50943.22
254.37	50962.92
254.44	51009.46
254.51	51054.44
254.58	51099.82
254.65	51151.04
254.72	51213.12
254.79	51227.02
254.86	51241.08
254.93	51253.16
255.00	51279.78
255.07	51308.25
255.14	51362.89
255.21	51402.94
255.28	51442.71
255.34	51461.57
255.41	51483.91
255.48	51511.56
255.55	51545.62
255.62	51593.97
255.69	51641.19
255.76	51667.97
255.83	51694.18
255.90	51729.96
255.97	51771.64
256.04	51803.51
256.11	51853.05
256.18	51889.14
256.25	51922.24
256.32	51925.05
256.39	51952.78
256.46	51965.63
256.53	51998.60
256.60	52033.88
256.67	52067.38
256.74	52092.74
256.80	52118.09
256.87	52127.67
256.94	52136.82
257.01	52168.48
257.08	52203.22
257.15	52239.99
257.22	52275.36
257.29	52292.04
257.36	52304.29
257.43	52307.50
257.50	52328.98
257.57	52336.52
257.64	52361.33
257.71	52388.85
257.78	52418.02
257.85	52420.12
257.92	52454.17
257.98	52486.62
258.05	52509.60
258.12	52527.18
258.19	52533.76
258.26	52512.34
258.33	52490.26
258.40	52475.38
258.47	52467.37
258.54	52486.30
258.61	52515.37
258.68	52542.12
258.75	52574.65
258.82	52605.76
258.89	52629.36
258.95	52646.24
259.02	52669.33
259.09	52669.95
259.16	52662.19
259.23	52655.03
259.30	52643.78
259.37	52624.54
259.44	52626.15
259.51	52645.70
259.58	52674.58
259.65	52706.47
259.72	52740.50
259.79	52750.69
259.85	52760.52
259.92	52740.80
259.99	52743.73
260.06	52740.78
260.13	52743.84
260.20	52735.00
260.27	52734.66
260.34	52701.98
260.41	52671.73
260.48	52647.62
260.55	52646.87
260.62	52655.21
260.68	52667.08
260.75	52684.63
260.82	52699.86
260.89	52697.94
260.96	52704.14
261.03	52717.70
261.10	52727.25
261.17	52727.37
261.24	52731.78
261.31	52724.94
261.38	52709.24
261.44	52678.35
261.51	52640.87
261.58	52607.39
261.65	52581.89
261.72	52565.40
261.79	52551.69
261.86	52549.81
261.93	52549.11
262.00	52544.83
262.07	52535.54
262.13	52533.70
262.20	52542.84
262.27	52533.35
262.34	52529.15
262.41	52523.88
262.48	52504.72
262.55	52487.57
262.62	52463.98
262.69	52430.17
262.76	52400.93
262.82	52389.94
262.89	52377.22
262.96	52373.63
263.03	52366.47
263.10	52364.95
263.17	52348.75
263.24	52316.64
263.31	52284.89
263.38	52265.42
263.44	52247.15
263.51	52229.63
263.58	52227.50
263.65	52217.23
263.72	52192.43
263.79	52153.79
263.86	52114.28
263.93	52074.16
264.00	52053.63
264.06	52035.39
264.13	52026.92
264.20	52029.41
264.27	52016.47
264.34	51986.94
264.41	51955.20
264.48	51923.31
264.55	51899.07
264.61	51874.34
264.68	51856.45
264.75	51849.18
264.82	51834.20
264.89	51798.97
264.96	51772.00
265.03	51734.94
265.10	51708.44
265.16	51684.21
265.23	51667.97
265.30	51658.98
265.37	51658.71
265.44	51635.34
265.51	51619.76
265.58	51590.54
265.65	51550.76
265.71	51515.11
265.78	51500.15
265.85	51472.17
265.92	51448.36
265.99	51429.93
266.06	51400.82
266.13	51358.58
266.20	51317.25
266.26	51303.07
266.33	51282.38
266.40	51261.55
266.47	51217.65
266.54	51166.46
266.61	51111.15
266.68	51064.64
266.74	51008.07
266.81	50987.80
266.88	50971.69
266.95	50951.21
267.02	50929.37
267.09	50909.33
267.16	50865.72
267.22	50828.43
267.29	50786.15
267.36	50756.50
267.43	50734.55
267.50	50726.17
267.57	50710.59
267.64	50689.68
267.70	50654.93
267.77	50631.37
267.84	50601.57
267.91	50582.53
267.98	50555.02
268.05	50527.88
268.11	50480.47
268.18	50443.17
268.25	50397.06
268.32	50370.70
268.39	50347.17
268.46	50328.25
268.53	50310.07
268.59	50304.95
268.66	50292.18
268.73	50267.75
268.80	50249.19
268.87	50204.50
268.94	50153.49
269.00	50113.24
269.07	50084.44
269.14	50067.66
269.21	50054.92
269.28	50041.26
269.35	50018.57
269.41	49993.39
269.48	49954.60
269.55	49911.22
269.62	49871.62
269.69	49842.84
269.76	49795.38
269.82	49757.39
269.89	49737.39
269.96	49715.83
270.03	49687.37
270.10	49686.49
270.17	49665.82
270.23	49652.56
270.30	49633.49
270.37	49614.82
270.44	49576.79
270.51	49546.65
270.58	49509.04
270.64	49492.63
270.71	49467.09
270.78	49455.44
270.85	49450.53
270.92	49443.22
270.99	49422.82
271.05	49415.91
271.12	49394.29
271.19	49366.69
271.26	49326.92
271.33	49289.94
271.39	49242.76
271.46	49204.64
271.53	49177.81
271.60	49172.53
271.67	49158.95
271.74	49152.77
271.80	49132.61
271.87	49118.90
271.94	49097.53
272.01	49068.12
272.08	49043.09
272.14	49022.46
272.21	48995.36
272.28	48989.49
272.35	48989.15
272.42	48969.97
272.48	48968.30
272.55	48962.88
272.62	48943.23
272.69	48935.94
272.76	48954.53
272.83	48947.53
272.89	48932.18
272.96	48908.75
273.03	48881.91
273.10	48826.14
273.17	48791.26
273.23	48771.57
273.30	48759.75
273.37	48739.44
273.44	48735.78
273.51	48730.64
273.57	48732.80
273.64	48720.13
273.71	48712.17
273.78	48692.12
273.85	48678.93
273.91	48653.57
273.98	48648.59
274.05	48643.47
274.12	48645.91
274.19	48647.30
274.25	48643.23
274.32	48619.41
274.39	48583.56
274.46	48545.67
274.53	48497.01
274.59	48443.56
274.66	48419.74
274.73	48415.10
274.80	48396.54
274.86	48373.07
274.93	48370.04
275.00	48351.05
275.07	48320.68
275.14	48311.22
275.20	48302.29
275.27	48292.22
275.34	48267.23
275.41	48246.81
275.48	48230.56
275.54	48228.45
275.61	48212.39
275.68	48190.95
275.75	48180.80
275.81	48155.39
275.88	48127.35
275.95	48098.40
276.02	48084.45
276.09	48067.32
276.15	48044.55
276.22	48027.60
276.29	48023.90
276.36	48011.94
276.42	47999.81
276.49	47986.84
276.56	47966.65
276.63	47935.67
276.70	47906.27
276.76	47875.56
276.83	47863.36
276.90	47851.52
276.97	47846.56
277.03	47846.83
277.10	47843.87
277.17	47844.13
277.24	47836.64
277.30	47826.50
277.37	47818.55
277.44	47803.78
277.51	47784.55
277.58	47756.02
277.64	47728.45
277.71	47722.49
277.78	47707.50
277.85	47683.14
277.91	47668.23
277.98	47663.41
278.05	47639.61
278.12	47622.66
278.18	47599.87
278.25	47578.75
278.32	47549.70
278.39	47525.99
278.45	47515.94
278.52	47522.12
278.59	47524.96
278.66	47513.38
278.72	47505.44
278.79	47485.64
278.86	47461.93
278.93	47460.97
278.99	47455.50
279.06	47443.60
279.13	47421.72
279.20	47408.35
279.26	47388.57
279.33	47379.00
279.40	47372.10
279.47	47372.74
279.53	47347.47
279.60	47316.92
279.67	47290.77
279.74	47258.81
279.80	47234.96
279.87	47226.63
279.94	47210.71
280.01	47204.06
280.07	47183.78
280.14	47160.03
280.21	47139.67
280.28	47111.85
280.34	47078.10
280.41	47061.64
280.48	47042.29
280.55	47012.30
280.61	46989.00
280.68	46972.20
280.75	46929.86
280.82	46894.73
280.88	46857.56
280.95	46802.12
281.02	46731.69
281.08	46678.41
281.15	46625.06
281.22	46574.99
281.29	46541.98
281.35	46503.39
281.42	46468.94
281.49	46434.24
281.56	46395.69
281.62	46357.84
281.69	46321.32
281.76	46296.24
281.82	46273.09
281.89	46263.88
281.96	46254.23
282.03	46253.74
282.09	46234.30
282.16	46206.27
282.23	46166.99
282.30	46126.71
282.36	46096.74
282.43	46072.47
282.50	46067.32
282.56	46043.76
282.63	46031.50
282.70	46013.61
282.77	46008.08
282.83	45978.25
282.90	45974.60
282.97	45964.78
283.03	45956.74
283.10	45938.93
283.17	45925.53
283.24	45910.81
283.30	45886.02
283.37	45849.65
283.44	45798.03
283.50	45760.80
283.57	45726.12
283.64	45692.59
283.71	45658.77
283.77	45636.94
283.84	45611.69
283.91	45576.42
283.97	45553.10
284.04	45544.60
284.11	45520.07
284.18	45513.80
284.24	45506.27
284.31	45507.42
284.38	45505.62
284.44	45532.38
284.51	45541.79
284.58	45567.92
284.64	45578.35
284.71	45585.55
284.78	45582.39
284.85	45581.03
284.91	45571.62
284.98	45564.97
285.05	45554.57
285.11	45545.13
285.18	45527.11
285.25	45510.76
285.31	45511.37
285.38	45505.50
285.45	45511.30
285.52	45515.13
285.58	45504.36
285.65	45480.78
285.72	45467.44
285.78	45446.63
285.85	45428.74
285.92	45432.35
285.98	45437.56
286.05	45436.94
286.12	45440.50
286.18	45446.33
286.25	45447.27
286.32	45436.02
286.39	45427.91
286.45	45411.34
286.52	45395.62
286.59	45365.24
286.65	45349.97
286.72	45349.25
286.79	45351.03
286.85	45351.48
286.92	45372.03
286.99	45390.83
287.05	45377.03
287.12	45377.95
287.19	45378.12
287.25	45372.73
287.32	45369.53
287.39	45385.54
287.45	45387.26
287.52	45382.74
287.59	45378.83
287.65	45366.84
287.72	45348.52
287.79	45337.10
287.86	45325.23
287.92	45313.54
287.99	45310.61
288.06	45320.34
288.12	45313.09
288.19	45313.86
288.26	45305.13
288.32	45298.83
288.39	45282.36
288.46	45282.76
288.52	45281.71
288.59	45302.55
288.66	45320.93
288.72	45342.19
288.79	45362.82
288.86	45383.64
288.92	45372.49
288.99	45352.36
289.06	45343.29
289.12	45328.87
289.19	45319.41
289.26	45326.06
289.32	45334.96
289.39	45343.44
289.45	45345.41
289.52	45334.31
289.59	45331.48
289.65	45342.40
289.72	45342.19
289.79	45350.15
289.85	45363.88
289.92	45375.95
289.99	45387.66
290.05	45391.73
290.12	45392.68
290.19	45398.80
290.25	45403.57
290.32	45401.65
290.39	45412.41
290.45	45420.71
290.52	45438.51
290.59	45457.44
290.65	45467.05
290.72	45455.92
290.79	45459.42
290.85	45449.88
290.92	45450.71
290.98	45453.29
291.05	45474.56
291.12	45490.24
291.18	45505.09
291.25	45515.86
291.32	45532.04
291.38	45532.43
291.45	45530.93
291.52	45543.08
291.58	45547.42
291.65	45547.23
291.72	45567.03
291.78	45600.21
291.85	45609.04
291.91	45616.78
291.98	45637.17
292.05	45638.85
292.11	45632.20
292.18	45649.36
292.25	45654.73
292.31	45647.04
292.38	45661.95
292.45	45672.20
292.51	45671.82
292.58	45690.77
292.64	45704.75
292.71	45713.64
292.78	45718.64
292.84	45726.59
292.91	45728.40
292.98	45750.33
293.04	45765.71
293.11	45773.04
293.17	45784.89
293.24	45806.79
293.31	45811.65
293.37	45819.79
293.44	45833.31
293.51	45846.69
293.57	45850.14
293.64	45855.28
293.70	45869.06
293.77	45881.16
293.84	45898.20
293.90	45904.10
293.97	45923.91
294.04	45943.97
294.10	45963.73
294.17	45971.35
294.23	45986.58
294.30	45989.21
294.37	45986.25
294.43	46000.38
294.50	46011.67
294.56	46026.28
294.63	46048.70
294.70	46070.55
294.76	46078.83
294.83	46091.92
294.90	46109.25
294.96	46124.63
295.03	46139.87
295.09	46164.70
295.16	46197.65
295.23	46224.13
295.29	46249.26
295.36	46259.67
295.42	46262.93
295.49	46266.32
295.56	46274.44
295.62	46284.75
295.69	46293.81
295.75	46308.82
295.82	46313.82
295.89	46318.83
295.95	46318.92
296.02	46344.59
296.08	46357.78
296.15	46365.99
296.22	46382.51
296.28	46404.80
296.35	46410.10
296.41	46421.94
296.48	46439.49
296.55	46451.40
296.61	46461.24
296.68	46487.34
296.74	46514.59
296.81	46544.65
296.88	46566.32
296.94	46585.47
297.01	46591.92
297.07	46605.34
297.14	46628.28
297.20	46652.42
297.27	46672.20
297.34	46702.66
297.40	46730.30
297.47	46743.34
297.53	46755.13
297.60	46776.67
297.67	46786.21
297.73	46799.89
297.80	46811.51
297.86	46825.96
297.93	46840.26
298.00	46864.74
298.06	46871.19
298.13	46902.19
298.19	46915.64
298.26	46938.60
298.32	46949.70
298.39	46977.57
298.46	46984.18
298.52	47009.36
298.59	47015.31
298.65	47031.36
298.72	47045.13
298.78	47063.49
298.85	47070.62
298.92	47093.41
298.98	47104.86
299.05	47128.32
299.11	47142.09
299.18	47163.09
299.24	47165.76
299.31	47170.55
299.38	47162.43
299.44	47161.77
299.51	47175.21
299.57	47197.32
299.64	47229.17
299.70	47266.02
299.77	47295.26
299.84	47317.99
299.90	47315.83
299.97	47309.17
300.03	47310.64
300.10	47327.84
300.16	47343.07
300.23	47366.23
300.30	47386.30
300.36	47389.84
300.43	47399.94
300.49	47403.95
300.56	47424.84
300.62	47447.99
300.69	47467.69
300.75	47470.35
300.82	47489.12
300.89	47501.31
300.95	47514.03
301.02	47521.69
301.08	47524.09
301.15	47517.63
301.21	47525.08
301.28	47525.34
301.34	47531.04
301.41	47538.61
301.48	47536.50
301.54	47527.29
301.61	47530.03
301.67	47542.08
301.74	47557.26
301.80	47563.71
301.87	47571.56
301.93	47568.34
302.00	47558.79
302.06	47542.58
302.13	47539.38
302.20	47533.24
302.26	47536.48
302.33	47543.06
302.39	47540.58
302.46	47542.03
302.52	47540.59
302.59	47536.49
302.65	47533.79
302.72	47545.59
302.78	47548.52
302.85	47551.32
302.91	47541.90
302.98	47530.76
303.05	47511.45
303.11	47503.40
303.18	47490.55
303.24	47495.01
303.31	47481.81
303.37	47477.63
303.44	47463.88
303.50	47458.28
303.57	47433.30
303.63	47412.46
303.70	47397.89
303.76	47384.64
303.83	47372.75
303.89	47354.63
303.96	47339.63
304.03	47320.26
304.09	47291.24
304.16	47262.44
304.22	47249.09
304.29	47229.11
304.35	47206.45
304.42	47196.14
304.48	47179.79
304.55	47163.56
304.61	47147.30
304.68	47131.00
304.74	47114.51
304.81	47088.90
304.87	47054.06
304.94	47033.14
305.00	47014.94
305.07	46983.96
305.13	46944.15
305.20	46907.39
305.26	46873.27
305.33	46846.87
305.39	46814.41
305.46	46788.10
305.52	46769.58
305.59	46745.20
305.66	46710.15
305.72	46681.00
305.79	46647.34
305.85	46616.75
305.92	46561.13
305.98	46473.36
306.05	46362.66
306.11	46245.67
306.18	46115.30
306.24	45997.24
306.31	45907.07
306.37	45833.30
306.44	45775.51
306.50	45743.39
306.57	45752.39
306.63	45795.90
306.70	45862.58
306.76	45940.35
306.83	45990.65
306.89	46001.67
306.96	45977.25
307.02	45937.82
307.09	45899.67
307.15	45870.09
307.22	45846.82
307.28	45820.01
307.35	45779.65
307.41	45722.84
307.48	45666.28
307.54	45611.40
307.61	45560.29
307.67	45509.10
307.74	45469.21
307.80	45422.75
307.87	45370.53
307.93	45318.41
308.00	45281.09
308.06	45234.95
308.13	45173.06
308.19	45118.11
308.26	45067.12
308.32	45016.64
308.38	44968.74
308.45	44933.50
308.51	44908.67
308.58	44867.43
308.64	44817.61
308.71	44786.12
308.77	44751.07
308.84	44688.05
308.90	44647.91
308.97	44609.55
309.03	44541.90
309.10	44495.09
309.16	44449.85
309.23	44378.93
309.29	44323.97
309.36	44262.28
309.42	44177.66
309.49	44107.45
309.55	44049.25
309.62	43978.38
309.68	43923.66
309.75	43872.74
309.81	43818.64
309.88	43769.59
309.94	43713.43
310.00	43661.44
310.07	43613.98
310.13	43568.29
310.20	43504.85
310.26	43452.44
310.33	43392.71
310.39	43330.45
310.46	43270.40
310.52	43224.03
310.59	43170.62
310.65	43126.16
310.72	43089.65
310.78	43033.80
310.85	42972.53
310.91	42917.65
310.97	42868.85
311.04	42807.77
311.10	42753.74
311.17	42705.35
311.23	42647.86
311.30	42583.62
311.36	42527.90
311.43	42487.92
311.49	42436.28
311.56	42394.09
311.62	42343.81
311.69	42290.13
311.75	42232.76
311.81	42172.33
311.88	42100.61
311.94	42042.91
312.01	41999.86
312.07	41947.51
312.14	41926.41
312.20	41903.09
312.27	41869.80
312.33	41817.56
312.40	41769.81
312.46	41692.78
312.52	41623.71
312.59	41549.78
312.65	41487.02
312.72	41408.63
312.78	41340.12
312.85	41275.26
312.91	41207.52
312.98	41141.03
313.04	41097.57
313.10	41055.49
313.17	41001.03
313.23	40956.45
313.30	40908.97
313.36	40848.43
313.43	40789.80
313.49	40741.46
313.56	40683.97
313.62	40618.96
313.68	40564.09
313.75	40501.49
313.81	40445.51
313.88	40394.69
313.94	40346.55
314.01	40289.64
314.07	40234.00
314.13	40171.92
314.20	40123.14
314.26	40072.57
314.33	40026.88
314.39	39983.03
314.46	39931.33
314.52	39879.38
314.58	39822.85
314.65	39759.56
314.71	39697.62
314.78	39636.77
314.84	39569.62
314.91	39521.58
314.97	39468.09
315.03	39418.40
315.10	39379.07
315.16	39328.21
315.23	39274.86
315.29	39243.03
315.36	39199.58
315.42	39149.47
315.48	39106.86
315.55	39047.77
315.61	38977.15
315.68	38915.11
315.74	38866.00
315.81	38807.21
315.87	38767.74
315.93	38730.70
316.00	38715.24
316.06	38683.57
316.13	38660.61
316.19	38607.73
316.25	38518.36
316.32	38375.68
316.38	38212.67
316.45	38006.18
316.51	37780.29
316.58	37551.84
316.64	37308.07
316.70	37063.18
316.77	36812.92
316.83	36569.24
316.90	36318.90
316.96	36083.48
317.02	35833.62
317.09	35595.32
317.15	35353.17
317.22	35102.70
317.28	34840.24
317.34	34581.49
317.41	34332.12
317.47	34076.20
317.54	33833.14
317.60	33591.87
317.66	33353.24
317.73	33092.70
317.79	32825.94
317.86	32554.14
317.92	32292.74
317.98	32015.40
318.05	31737.53
318.11	31467.04
318.18	31210.30
318.24	30932.76
318.30	30663.93
318.37	30395.02
318.43	30114.36
318.50	29817.27
318.56	29524.99
318.62	29235.02
318.69	28951.28
318.75	28678.97
318.82	28406.15
318.88	28132.90
318.94	27854.71
319.01	27581.53
319.07	27311.08
319.13	27035.02
319.20	26763.74
319.26	26492.00
319.33	26218.15
319.39	25926.97
319.45	25647.58
319.52	25367.77
319.58	25092.22
319.65	24811.76
319.71	24541.88
319.77	24261.17
319.84	23990.89
319.90	23712.22
319.96	23426.69
320.03	23148.24
320.09	22881.54
320.16	22591.63
320.22	22306.69
320.28	22016.45
320.35	21724.61
320.41	21427.62
320.47	21147.59
320.54	20868.36
320.60	20605.31
320.67	20338.68
320.73	20067.16
320.79	19788.34
320.86	19499.12
320.92	19209.34
320.98	18915.79
321.05	18627.97
321.11	18334.64
321.18	18056.84
321.24	17781.30
321.30	17507.66
321.37	17239.87
321.43	16974.28
321.49	16698.98
321.56	16420.69
321.62	16150.94
321.68	15870.03
321.75	15593.32
321.81	15322.63
321.88	15045.31
321.94	14759.09
322.00	14477.94
322.07	14193.00
322.13	13910.52
322.19	13630.37
322.26	13354.28
322.32	13085.40
322.38	12817.50
322.45	12556.03
322.51	12292.79
322.58	12033.76
322.64	11755.99
322.70	11494.08
322.77	11218.35
322.83	10956.54
322.89	10681.92
322.96	10422.73
323.02	10156.36
323.08	9890.33
323.15	9619.21
323.21	9358.21
323.27	9100.49
323.34	8847.44
323.40	8604.73
323.46	8359.40
323.53	8011.88
323.59	6917.92
323.65	5350.43
323.72	3707.30
323.78	2118.78
323.85	682.32
323.91	39.66
323.97	-80.33
324.04	-81.13
