180.21	3355.40
180.28	-112.73
180.36	621.21
180.44	-45.73
180.51	-19.15
180.59	1.41
180.66	25.69
180.74	22.99
180.81	21.16
180.89	22.56
180.97	22.24
181.04	20.25
181.12	19.26
181.19	19.91
181.27	20.58
181.34	36.68
181.42	43.38
181.50	49.93
181.57	60.48
181.65	64.72
181.72	59.52
181.80	54.69
181.87	55.18
181.95	55.02
182.03	55.30
182.10	57.24
182.18	59.08
182.25	64.28
182.33	64.00
182.40	70.33
182.48	66.03
182.55	76.08
182.63	79.29
182.71	82.36
182.78	83.09
182.86	90.08
182.93	87.54
183.01	90.19
183.08	90.40
183.16	96.32
183.23	91.98
183.31	98.49
183.39	98.80
183.46	108.87
183.54	105.18
183.61	114.01
183.69	116.59
183.76	126.30
183.84	126.92
183.91	129.27
183.99	138.38
184.06	141.48
184.14	144.42
184.22	148.07
184.29	152.43
184.37	151.01
184.44	146.71
184.52	136.72
184.59	134.33
184.67	138.33
184.74	132.93
184.82	144.65
184.89	158.90
184.97	170.65
185.04	180.91
185.12	193.83
185.20	204.50
185.27	216.07
185.35	227.90
185.42	230.37
185.50	244.84
185.57	249.45
185.65	256.84
185.72	260.09
185.80	271.67
185.87	271.51
185.95	273.72
186.02	277.96
186.10	278.91
186.17	278.52
186.25	278.61
186.33	268.52
186.40	257.46
186.48	256.75
186.55	261.65
186.63	268.64
186.70	299.86
186.78	324.42
186.85	348.65
186.93	368.23
187.00	393.45
187.08	403.09
187.15	423.99
187.23	443.03
187.30	462.95
187.38	483.66
187.45	507.01
187.53	526.97
187.60	536.36
187.68	547.95
187.75	559.55
187.83	567.11
187.90	560.71
187.98	558.25
188.05	553.36
188.13	530.77
188.21	502.73
188.28	497.74
188.36	495.80
188.43	503.35
188.51	531.42
188.58	577.40
188.66	605.76
188.73	640.72
188.81	680.36
188.88	707.87
188.96	731.96
189.03	765.45
189.11	794.33
189.18	811.05
189.26	831.76
189.33	858.93
189.41	885.22
189.48	903.93
189.56	923.79
189.63	943.91
189.71	947.09
189.78	940.46
189.86	935.74
189.93	929.58
190.01	910.93
190.08	894.28
190.16	876.25
190.23	851.50
190.31	843.18
190.38	846.72
190.46	862.67
190.53	895.68
190.61	951.18
190.68	985.13
190.76	1034.51
190.83	1076.18
190.91	1107.93
190.98	1132.48
191.06	1170.99
191.13	1199.98
191.21	1229.97
191.28	1258.65
191.35	1286.64
191.43	1311.13
191.50	1327.86
191.58	1349.64
191.65	1371.46
191.73	1384.95
191.80	1394.55
191.88	1401.19
191.95	1400.70
192.03	1397.13
192.10	1391.85
192.18	1380.44
192.25	1368.21
192.33	1348.08
192.40	1326.48
192.48	1316.22
192.55	1322.14
192.63	1335.05
192.70	1365.59
192.78	1409.09
192.85	1459.81
192.93	1502.81
193.00	1541.57
193.08	1579.01
193.15	1612.14
193.22	1637.19
193.30	1657.53
193.37	1687.05
193.45	1701.63
193.52	1719.41
193.60	1739.62
193.67	1757.06
193.75	1768.64
193.82	1790.50
193.90	1802.82
193.97	1814.52
194.05	1828.38
194.12	1836.01
194.20	1844.10
194.27	1855.63
194.34	1858.68
194.42	1859.90
194.49	1866.73
194.57	1871.32
194.64	1872.63
194.72	1872.25
194.79	1878.81
194.87	1885.82
194.94	1898.66
195.02	1919.59
195.09	1944.04
195.17	1972.05
195.24	2001.70
195.31	2027.50
195.39	2047.08
195.46	2068.18
195.54	2091.27
195.61	2108.97
195.69	2121.07
195.76	2130.23
195.84	2147.92
195.91	2151.73
195.99	2159.13
196.06	2168.86
196.13	2185.55
196.21	2191.18
196.28	2203.11
196.36	2218.60
196.43	2233.98
196.51	2247.56
196.58	2264.36
196.66	2280.98
196.73	2290.85
196.80	2298.15
196.88	2303.10
196.95	2311.09
197.03	2317.83
197.10	2323.56
197.18	2330.07
197.25	2339.56
197.33	2353.93
197.40	2370.54
197.47	2381.03
197.55	2400.93
197.62	2417.17
197.70	2425.96
197.77	2437.08
197.85	2457.40
197.92	2466.92
197.99	2480.78
198.07	2496.17
198.14	2506.38
198.22	2520.22
198.29	2529.52
198.37	2538.84
198.44	2550.57
198.51	2560.89
198.59	2568.04
198.66	2586.99
198.74	2602.07
198.81	2611.79
198.89	2621.27
198.96	2634.71
199.03	2643.62
199.11	2663.56
199.18	2679.05
199.26	2698.56
199.33	2712.91
199.41	2731.28
199.48	2733.27
199.55	2742.56
199.63	2744.61
199.70	2758.74
199.78	2768.61
199.85	2785.49
199.93	2796.44
200.00	2816.43
200.07	2827.51
200.15	2843.53
200.22	2860.56
200.30	2877.55
200.37	2902.08
200.44	2924.28
200.52	2940.98
200.59	2960.41
200.67	2973.61
200.74	2977.59
200.81	2984.92
200.89	2996.99
200.96	3010.52
201.04	3027.70
201.11	3051.14
201.19	3071.91
201.26	3086.74
201.33	3097.91
201.41	3115.50
201.48	3126.24
201.56	3138.93
201.63	3162.02
201.70	3178.48
201.78	3195.80
201.85	3218.63
201.93	3242.41
202.00	3257.47
202.07	3286.44
202.15	3309.89
202.22	3329.04
202.30	3348.79
202.37	3365.84
202.44	3376.15
202.52	3395.11
202.59	3418.54
202.67	3435.55
202.74	3463.41
202.81	3488.61
202.89	3508.24
202.96	3530.49
203.04	3559.35
203.11	3578.21
203.18	3603.39
203.26	3631.28
203.33	3649.58
203.41	3667.17
203.48	3695.28
203.55	3716.86
203.63	3741.52
203.70	3773.88
203.77	3802.40
203.85	3830.69
203.92	3860.24
204.00	3897.26
204.07	3928.72
204.14	3963.83
204.22	3992.27
204.29	4021.85
204.37	4040.47
204.44	4062.03
204.51	4086.69
204.59	4117.16
204.66	4144.16
204.73	4184.93
204.81	4219.24
204.88	4258.57
204.96	4292.12
205.03	4333.41
205.10	4358.63
205.18	4391.78
205.25	4421.90
205.32	4458.53
205.40	4492.39
205.47	4527.45
205.55	4562.41
205.62	4599.21
205.69	4637.20
205.77	4673.48
205.84	4719.66
205.91	4765.49
205.99	4809.24
206.06	4844.82
206.14	4885.59
206.21	4925.27
206.28	4961.17
206.36	5004.67
206.43	5046.68
206.50	5090.61
206.58	5134.80
206.65	5177.54
206.72	5216.97
206.80	5259.86
206.87	5308.62
206.95	5354.61
207.02	5409.90
207.09	5463.50
207.17	5521.04
207.24	5571.39
207.31	5630.32
207.39	5684.15
207.46	5733.52
207.53	5779.88
207.61	5829.80
207.68	5874.73
207.75	5927.21
207.83	5981.55
207.90	6035.92
207.98	6085.95
208.05	6139.79
208.12	6191.25
208.20	6244.96
208.27	6305.49
208.34	6374.92
208.42	6442.13
208.49	6508.48
208.56	6567.75
208.64	6633.93
208.71	6690.76
208.78	6741.22
208.86	6808.28
208.93	6879.01
209.00	6941.71
209.08	7008.26
209.15	7086.42
209.22	7152.87
209.30	7223.84
209.37	7291.11
209.44	7367.70
209.52	7438.67
209.59	7508.03
209.67	7579.55
209.74	7653.36
209.81	7729.78
209.89	7802.11
209.96	7882.71
210.03	7959.08
210.11	8039.88
210.18	8115.24
210.25	8196.03
210.33	8278.05
210.40	8357.32
210.47	8436.96
210.55	8517.22
210.62	8598.83
210.69	8663.84
210.77	8748.57
210.84	8832.12
210.91	8924.05
210.99	9008.86
211.06	9106.29
211.13	9198.67
211.21	9295.84
211.28	9376.34
211.35	9466.99
211.42	9559.72
211.50	9646.89
211.57	9728.02
211.64	9828.27
211.72	9921.89
211.79	10013.42
211.86	10108.91
211.94	10221.33
212.01	10318.45
212.08	10423.49
212.16	10523.92
212.23	10624.64
212.30	10715.49
212.38	10814.62
212.45	10913.90
212.52	11019.17
212.60	11121.91
212.67	11231.01
212.74	11341.31
212.82	11449.43
212.89	11562.70
212.96	11672.44
213.03	11779.13
213.11	11887.97
213.18	11995.00
213.25	12106.76
213.33	12223.77
213.40	12335.73
213.47	12447.30
213.55	12567.44
213.62	12678.89
213.69	12783.96
213.77	12891.78
213.84	13006.02
213.91	13127.64
213.98	13238.93
214.06	13361.92
214.13	13499.61
214.20	13627.06
214.28	13750.39
214.35	13884.39
214.42	14021.08
214.50	14135.60
214.57	14250.12
214.64	14377.57
214.72	14499.90
214.79	14610.34
214.86	14739.24
214.93	14870.90
215.01	14996.59
215.08	15127.67
215.15	15264.00
215.23	15387.72
215.30	15515.38
215.37	15634.34
215.44	15762.17
215.52	15900.06
215.59	16049.90
215.66	16188.03
215.74	16327.31
215.81	16455.67
215.88	16590.78
215.95	16712.37
216.03	16846.86
216.10	16987.48
216.17	17138.58
216.25	17273.32
216.32	17428.04
216.39	17574.35
216.46	17720.17
216.54	17845.39
216.61	17985.53
216.68	18112.84
216.76	18244.22
216.83	18380.15
216.90	18541.56
216.97	18699.71
217.05	18854.09
217.12	19011.91
217.19	19153.95
217.27	19277.15
217.34	19389.48
217.41	19513.10
217.48	19633.01
217.56	19766.16
217.63	19913.41
217.70	20070.18
217.78	20222.40
217.85	20381.24
217.92	20538.58
217.99	20694.82
218.07	20843.28
218.14	20991.79
218.21	21140.19
218.28	21285.47
218.36	21429.00
218.43	21575.93
218.50	21732.65
218.57	21877.62
218.65	22015.49
218.72	22155.68
218.79	22298.95
218.87	22435.48
218.94	22573.33
219.01	22714.71
219.08	22858.27
219.16	23000.09
219.23	23130.91
219.30	23277.86
219.37	23428.83
219.45	23577.39
219.52	23721.34
219.59	23878.41
219.66	24017.59
219.74	24162.14
219.81	24316.26
219.88	24474.69
219.95	24634.29
220.03	24799.97
220.10	24957.88
220.17	25103.69
220.24	25246.70
220.32	25377.02
220.39	25508.68
220.46	25637.71
220.53	25773.05
220.61	25903.75
220.68	26053.54
220.75	26200.41
220.82	26353.17
220.90	26494.58
220.97	26642.80
221.04	26768.67
221.11	26892.89
221.19	27017.85
221.26	27155.42
221.33	27296.03
221.40	27443.86
221.48	27593.99
221.55	27733.52
221.62	27863.54
221.69	27996.05
221.77	28132.75
221.84	28266.24
221.91	28411.13
221.98	28558.29
222.06	28701.99
222.13	28846.08
222.20	28981.93
222.27	29116.21
222.35	29250.79
222.42	29383.65
222.49	29510.06
222.56	29643.04
222.63	29772.41
222.71	29901.37
222.78	30032.82
222.85	30165.05
222.92	30304.87
223.00	30422.24
223.07	30544.82
223.14	30652.48
223.21	30766.94
223.29	30877.83
223.36	31012.01
223.43	31134.96
223.50	31265.35
223.57	31400.68
223.65	31546.53
223.72	31677.57
223.79	31803.81
223.86	31914.70
223.94	32027.39
224.01	32123.05
224.08	32221.06
224.15	32328.99
224.22	32446.60
224.30	32545.59
224.37	32660.06
224.44	32782.09
224.51	32892.80
224.59	33001.91
224.66	33116.22
224.73	33226.32
224.80	33331.94
224.87	33458.13
224.95	33596.06
225.02	33728.42
225.09	33850.57
225.16	33966.33
225.23	34065.33
225.31	34163.11
225.38	34241.26
225.45	34332.60
225.52	34447.21
225.60	34555.27
225.67	34655.95
225.74	34761.61
225.81	34860.09
225.88	34947.49
225.96	35055.55
226.03	35172.38
226.10	35297.08
226.17	35415.75
226.24	35520.93
226.32	35612.86
226.39	35692.96
226.46	35773.05
226.53	35858.33
226.60	35950.38
226.68	36047.84
226.75	36145.66
226.82	36254.37
226.89	36359.66
226.96	36466.14
227.04	36540.08
227.11	36601.43
227.18	36670.26
227.25	36725.17
227.32	36784.88
227.40	36880.24
227.47	36990.45
227.54	37081.11
227.61	37176.66
227.68	37270.72
227.76	37353.19
227.83	37442.66
227.90	37536.03
227.97	37629.16
228.04	37709.29
228.11	37786.92
228.19	37850.82
228.26	37910.56
228.33	37974.41
228.40	38048.50
228.47	38118.47
228.55	38191.41
228.62	38276.22
228.69	38356.83
228.76	38435.29
228.83	38513.66
228.90	38593.55
228.98	38670.12
229.05	38769.24
229.12	38864.13
229.19	38950.26
229.26	39034.87
229.34	39099.35
229.41	39138.99
229.48	39187.62
229.55	39250.53
229.62	39319.55
229.69	39400.14
229.77	39477.59
229.84	39531.62
229.91	39593.32
229.98	39638.17
230.05	39675.62
230.12	39720.65
230.20	39781.57
230.27	39837.10
230.34	39900.12
230.41	39972.43
230.48	40041.51
230.55	40128.17
230.63	40205.09
230.70	40289.01
230.77	40351.96
230.84	40416.56
230.91	40457.97
230.98	40495.86
231.06	40529.91
231.13	40599.07
231.20	40669.31
231.27	40741.60
231.34	40820.51
231.41	40892.91
231.49	40950.42
231.56	41010.38
231.63	41074.71
231.70	41120.93
231.77	41168.30
231.84	41206.34
231.92	41226.08
231.99	41253.19
232.06	41288.48
232.13	41327.89
232.20	41382.27
232.27	41449.87
232.34	41502.67
232.42	41551.96
232.49	41601.15
232.56	41636.22
232.63	41694.16
232.70	41753.90
232.77	41830.31
232.85	41896.96
232.92	41966.99
232.99	41996.72
233.06	42024.81
233.13	42042.07
233.20	42058.63
233.27	42068.27
233.35	42091.01
233.42	42105.58
233.49	42130.11
233.56	42153.49
233.63	42190.71
233.70	42227.16
233.77	42282.73
233.85	42323.44
233.92	42383.61
233.99	42429.85
234.06	42476.69
234.13	42515.37
234.20	42555.64
234.27	42579.37
234.35	42619.05
234.42	42643.19
234.49	42654.53
234.56	42674.57
234.63	42681.80
234.70	42679.47
234.77	42694.04
234.84	42696.19
234.92	42689.96
234.99	42702.68
235.06	42725.44
235.13	42745.75
235.20	42788.67
235.27	42836.51
235.34	42865.93
235.41	42890.68
235.49	42916.84
235.56	42945.49
235.63	42980.06
235.70	43007.75
235.77	43021.60
235.84	43043.26
235.91	43040.96
235.98	43026.97
236.06	43027.04
236.13	43029.88
236.20	43031.56
236.27	43036.53
236.34	43038.23
236.41	43048.81
236.48	43065.38
236.55	43073.52
236.63	43086.43
236.70	43091.42
236.77	43090.79
236.84	43111.22
236.91	43121.69
236.98	43125.13
237.05	43156.75
237.12	43185.42
237.19	43176.99
237.27	43181.09
237.34	43196.10
237.41	43202.05
237.48	43200.15
237.55	43209.64
237.62	43211.70
237.69	43226.61
237.76	43235.84
237.83	43263.66
237.91	43288.37
237.98	43314.77
238.05	43318.64
238.12	43334.59
238.19	43336.17
238.26	43349.05
238.33	43370.40
238.40	43385.94
238.47	43377.40
238.54	43378.18
238.62	43373.46
238.69	43346.23
238.76	43325.71
238.83	43318.28
238.90	43317.35
238.97	43329.49
239.04	43361.03
239.11	43395.45
239.18	43436.11
239.25	43458.98
239.33	43459.28
239.40	43453.68
239.47	43443.42
239.54	43419.38
239.61	43396.57
239.68	43380.06
239.75	43362.25
239.82	43358.45
239.89	43360.73
239.96	43370.41
240.03	43382.27
240.11	43399.92
240.18	43416.10
240.25	43428.77
240.32	43438.81
240.39	43455.06
240.46	43469.29
240.53	43494.80
240.60	43532.85
240.67	43574.38
240.74	43610.52
240.81	43641.01
240.88	43650.05
240.96	43648.03
241.03	43655.17
241.10	43646.28
241.17	43660.23
241.24	43688.71
241.31	43707.84
241.38	43707.42
241.45	43707.12
241.52	43696.64
241.59	43688.57
241.66	43695.35
241.73	43710.56
241.80	43737.12
241.88	43765.31
241.95	43792.33
242.02	43805.01
242.09	43811.18
242.16	43819.14
242.23	43823.67
242.30	43819.30
242.37	43828.69
242.44	43848.85
242.51	43854.05
242.58	43866.03
242.65	43878.26
242.72	43889.42
242.79	43900.47
242.87	43933.63
242.94	43950.96
243.01	43973.08
243.08	44001.52
243.15	44018.78
243.22	44043.20
243.29	44074.55
243.36	44098.89
243.43	44121.72
243.50	44172.46
243.57	44219.97
243.64	44266.35
243.71	44316.37
243.78	44358.94
243.85	44376.47
243.92	44381.74
243.99	44381.92
244.07	44391.70
244.14	44387.03
244.21	44402.52
244.28	44421.70
244.35	44443.35
244.42	44468.84
244.49	44509.95
244.56	44545.09
244.63	44573.83
244.70	44589.03
244.77	44591.33
244.84	44611.41
244.91	44630.92
244.98	44669.07
245.05	44722.29
245.12	44781.71
245.19	44837.07
245.26	44884.69
245.33	44931.87
245.40	44995.41
245.47	45052.26
245.55	45095.30
245.62	45138.35
245.69	45167.83
245.76	45198.74
245.83	45238.04
245.90	45277.71
245.97	45315.90
246.04	45359.13
246.11	45400.13
246.18	45414.51
246.25	45425.21
246.32	45437.64
246.39	45465.00
246.46	45486.35
246.53	45543.39
246.60	45606.61
246.67	45679.92
246.74	45734.46
246.81	45800.70
246.88	45855.47
246.95	45912.78
247.02	45961.41
247.09	46007.63
247.16	46022.03
247.23	46040.79
247.30	46048.72
247.37	46048.26
247.44	46073.55
247.51	46112.37
247.58	46154.09
247.66	46220.03
247.73	46308.59
247.80	46383.32
247.87	46472.72
247.94	46559.22
248.01	46629.77
248.08	46696.63
248.15	46754.78
248.22	46794.68
248.29	46834.64
248.36	46881.04
248.43	46922.77
248.50	46978.27
248.57	47035.05
248.64	47099.42
248.71	47171.69
248.78	47234.83
248.85	47286.22
248.92	47348.96
248.99	47390.33
249.06	47422.15
249.13	47452.48
249.20	47485.07
249.27	47509.76
249.34	47553.62
249.41	47587.21
249.48	47628.32
249.55	47669.56
249.62	47718.62
249.69	47756.59
249.76	47801.88
249.83	47859.19
249.90	47921.61
249.97	48000.95
250.04	48084.59
250.11	48173.05
250.18	48243.92
250.25	48318.59
250.32	48378.97
250.39	48441.13
250.46	48503.35
250.53	48576.73
250.60	48636.86
250.67	48695.40
250.74	48740.87
250.81	48777.97
250.88	48797.96
250.95	48837.25
251.02	48874.46
251.09	48915.70
251.16	48977.37
251.23	49053.59
251.30	49115.38
251.37	49166.34
251.44	49219.91
251.51	49263.17
251.58	49321.08
251.65	49375.81
251.72	49437.52
251.79	49507.20
251.86	49556.38
251.93	49579.87
252.00	49594.35
252.07	49603.08
252.14	49625.48
252.21	49646.80
252.28	49701.98
252.35	49767.08
252.42	49854.71
252.49	49916.11
252.56	49990.78
252.63	50039.42
252.70	50091.54
252.77	50128.91
252.84	50180.58
252.91	50219.25
252.98	50259.59
253.05	50298.78
253.12	50341.11
253.19	50379.28
253.25	50444.82
253.32	50502.84
253.39	50557.41
253.46	50614.56
253.53	50659.90
253.60	50682.13
253.67	50714.21
253.74	50765.11
253.81	50818.37
253.88	50876.32
253.95	50936.30
254.02	50991.69
254.09	51039.63
254.16	51067.43
254.23	51088.56
254.30	51116.22
254.37	51147.88
254.44	51179.16
254.51	51222.17
254.58	51266.54
254.65	51318.95
254.72	51364.32
254.79	51389.38
254.86	51406.04
254.93	51425.13
255.00	51447.52
255.07	51479.59
255.14	51535.55
255.21	51581.32
255.28	51624.97
255.34	51648.17
255.41	51674.03
255.48	51675.06
255.55	51710.36
255.62	51756.35
255.69	51812.25
255.76	51848.41
255.83	51906.79
255.90	51949.48
255.97	51993.19
256.04	52029.42
256.11	52078.91
256.18	52105.21
256.25	52121.25
256.32	52126.39
256.39	52145.30
256.46	52152.75
256.53	52179.18
256.60	52216.14
256.67	52247.90
256.74	52270.75
256.80	52304.97
256.87	52339.36
256.94	52362.99
257.01	52399.89
257.08	52436.45
257.15	52455.12
257.22	52476.94
257.29	52495.30
257.36	52517.22
257.43	52541.58
257.50	52561.40
257.57	52567.47
257.64	52581.41
257.71	52577.68
257.78	52583.82
257.85	52601.31
257.92	52615.55
257.98	52636.61
258.05	52671.97
258.12	52685.32
258.19	52704.91
258.26	52724.25
258.33	52712.30
258.40	52708.96
258.47	52708.15
258.54	52710.38
258.61	52709.52
258.68	52745.76
258.75	52765.07
258.82	52796.10
258.89	52806.93
258.95	52820.52
259.02	52825.67
259.09	52838.04
259.16	52835.38
259.23	52837.78
259.30	52845.73
259.37	52844.29
259.44	52839.65
259.51	52849.34
259.58	52872.86
259.65	52890.52
259.72	52903.70
259.79	52912.40
259.85	52910.05
259.92	52898.16
259.99	52911.20
260.06	52923.00
260.13	52926.44
260.20	52928.79
260.27	52924.80
260.34	52891.17
260.41	52866.15
260.48	52860.74
260.55	52873.77
260.62	52883.89
260.68	52894.91
260.75	52912.02
260.82	52918.69
260.89	52905.46
260.96	52920.63
261.03	52925.11
261.10	52914.39
261.17	52911.57
261.24	52912.36
261.31	52888.01
261.38	52878.51
261.44	52872.71
261.51	52850.33
261.58	52826.45
261.65	52805.38
261.72	52777.18
261.79	52754.33
261.86	52737.79
261.93	52733.12
262.00	52732.00
262.07	52737.28
262.13	52736.44
262.20	52736.10
262.27	52721.83
262.34	52723.42
262.41	52712.59
262.48	52693.04
262.55	52686.43
262.62	52680.10
262.69	52652.61
262.76	52631.39
262.82	52619.43
262.89	52606.68
262.96	52591.84
263.03	52584.66
263.10	52574.11
263.17	52555.20
263.24	52519.12
263.31	52488.35
263.38	52471.82
263.44	52465.09
263.51	52451.89
263.58	52440.22
263.65	52422.65
263.72	52375.01
263.79	52325.34
263.86	52296.88
263.93	52279.26
264.00	52261.81
264.06	52265.53
264.13	52274.80
264.20	52260.92
264.27	52232.56
264.34	52201.76
264.41	52163.58
264.48	52127.32
264.55	52109.64
264.61	52090.08
264.68	52089.95
264.75	52079.89
264.82	52047.00
264.89	52012.69
264.96	51980.86
265.03	51939.79
265.10	51907.21
265.16	51894.65
265.23	51876.06
265.30	51877.08
265.37	51870.55
265.44	51858.65
265.51	51833.52
265.58	51801.75
265.65	51752.77
265.71	51709.17
265.78	51681.11
265.85	51646.24
265.92	51620.32
265.99	51606.08
266.06	51585.19
266.13	51554.40
266.20	51529.56
266.26	51522.88
266.33	51508.37
266.40	51488.65
266.47	51449.85
266.54	51394.33
266.61	51328.86
266.68	51266.27
266.74	51209.71
266.81	51172.10
266.88	51156.17
266.95	51125.88
267.02	51104.92
267.09	51085.03
267.16	51056.73
267.22	51027.34
267.29	51008.60
267.36	50988.66
267.43	50961.61
267.50	50937.19
267.57	50912.40
267.64	50889.48
267.70	50853.27
267.77	50824.29
267.84	50791.44
267.91	50761.29
267.98	50722.81
268.05	50697.76
268.11	50666.49
268.18	50626.86
268.25	50597.71
268.32	50573.89
268.39	50534.88
268.46	50511.27
268.53	50503.03
268.59	50495.59
268.66	50481.36
268.73	50459.08
268.80	50424.54
268.87	50387.20
268.94	50342.50
269.00	50306.88
269.07	50274.92
269.14	50262.13
269.21	50249.47
269.28	50236.39
269.35	50208.59
269.41	50188.12
269.48	50151.57
269.55	50114.23
269.62	50063.02
269.69	50033.43
269.76	49990.26
269.82	49958.98
269.89	49931.54
269.96	49921.50
270.03	49895.93
270.10	49893.06
270.17	49862.73
270.23	49837.08
270.30	49804.52
270.37	49787.87
270.44	49758.24
270.51	49735.12
270.58	49715.88
270.64	49700.23
270.71	49686.72
270.78	49678.82
270.85	49668.26
270.92	49646.44
270.99	49626.02
271.05	49589.76
271.12	49549.33
271.19	49528.52
271.26	49488.94
271.33	49454.88
271.39	49428.03
271.46	49387.25
271.53	49344.03
271.60	49338.20
271.67	49331.02
271.74	49326.97
271.80	49319.57
271.87	49325.55
271.94	49311.91
272.01	49283.18
272.08	49245.97
272.14	49226.43
272.21	49203.56
272.28	49186.15
272.35	49182.54
272.42	49168.83
272.48	49169.22
272.55	49155.18
272.62	49136.00
272.69	49130.16
272.76	49139.52
272.83	49125.41
272.89	49113.91
272.96	49088.45
273.03	49051.90
273.10	49011.11
273.17	48979.13
273.23	48951.74
273.30	48944.88
273.37	48925.68
273.44	48920.90
273.51	48918.78
273.57	48907.04
273.64	48896.92
273.71	48902.01
273.78	48887.19
273.85	48881.81
273.91	48876.70
273.98	48868.77
274.05	48856.71
274.12	48853.20
274.19	48843.98
274.25	48836.43
274.32	48809.88
274.39	48774.88
274.46	48739.72
274.53	48687.94
274.59	48643.35
274.66	48614.77
274.73	48604.99
274.80	48586.27
274.86	48581.09
274.93	48566.73
275.00	48556.33
275.07	48527.89
275.14	48517.44
275.20	48496.33
275.27	48483.38
275.34	48460.07
275.41	48442.73
275.48	48427.06
275.54	48422.99
275.61	48405.75
275.68	48402.16
275.75	48384.05
275.81	48343.55
275.88	48318.62
275.95	48296.75
276.02	48268.17
276.09	48252.23
276.15	48247.28
276.22	48221.01
276.29	48213.05
276.36	48207.79
276.42	48187.44
276.49	48164.19
276.56	48151.63
276.63	48124.31
276.70	48085.83
276.76	48073.31
276.83	48062.96
276.90	48045.45
276.97	48046.29
277.03	48060.46
277.10	48057.58
277.17	48058.75
277.24	48060.21
277.30	48040.07
277.37	48021.33
277.44	48003.39
277.51	47979.67
277.58	47944.36
277.64	47915.85
277.71	47892.76
277.78	47871.49
277.85	47834.72
277.91	47809.39
277.98	47800.96
278.05	47775.14
278.12	47755.19
278.18	47746.97
278.25	47744.46
278.32	47727.63
278.39	47740.02
278.45	47729.93
278.52	47729.78
278.59	47720.02
278.66	47721.22
278.72	47695.24
278.79	47692.30
278.86	47681.48
278.93	47669.94
278.99	47648.39
279.06	47633.93
279.13	47610.50
279.20	47602.20
279.26	47601.41
279.33	47595.56
279.40	47581.22
279.47	47553.11
279.53	47516.94
279.60	47488.27
279.67	47458.45
279.74	47430.66
279.80	47427.85
279.87	47419.56
279.94	47406.85
280.01	47408.25
280.07	47392.00
280.14	47368.88
280.21	47338.83
280.28	47313.63
280.34	47273.26
280.41	47252.14
280.48	47215.47
280.55	47186.61
280.61	47159.81
280.68	47132.33
280.75	47093.98
280.82	47061.80
280.88	47025.73
280.95	46968.82
281.02	46909.04
281.08	46853.65
281.15	46809.25
281.22	46775.23
281.29	46726.63
281.35	46677.97
281.42	46638.81
281.49	46596.51
281.56	46553.29
281.62	46537.40
281.69	46507.62
281.76	46482.50
281.82	46452.56
281.89	46427.38
281.96	46398.36
282.03	46387.24
282.09	46373.74
282.16	46357.14
282.23	46323.59
282.30	46287.86
282.36	46266.26
282.43	46238.24
282.50	46231.15
282.56	46226.63
282.63	46223.66
282.70	46206.53
282.77	46198.39
282.83	46173.33
282.90	46148.38
282.97	46116.76
283.03	46104.56
283.10	46088.16
283.17	46087.71
283.24	46075.45
283.30	46064.82
283.37	46019.85
283.44	45978.78
283.50	45931.85
283.57	45893.72
283.64	45849.55
283.71	45818.46
283.77	45787.75
283.84	45759.09
283.91	45738.66
283.97	45727.18
284.04	45732.30
284.11	45726.45
284.18	45720.20
284.24	45705.03
284.31	45709.00
284.38	45704.90
284.44	45712.09
284.51	45716.84
284.58	45736.95
284.64	45747.76
284.71	45756.69
284.78	45759.42
284.85	45762.43
284.91	45754.09
284.98	45737.02
285.05	45714.61
285.11	45695.53
285.18	45678.78
285.25	45670.90
285.31	45669.53
285.38	45667.09
285.45	45670.69
285.52	45667.88
285.58	45656.88
285.65	45643.93
285.72	45632.52
285.78	45629.32
285.85	45630.78
285.92	45632.09
285.98	45629.19
286.05	45640.85
286.12	45624.10
286.18	45611.88
286.25	45608.10
286.32	45594.38
286.39	45574.59
286.45	45570.26
286.52	45557.42
286.59	45539.48
286.65	45542.89
286.72	45542.91
286.79	45546.59
286.85	45553.05
286.92	45558.76
286.99	45558.72
287.05	45554.23
287.12	45561.86
287.19	45558.81
287.25	45564.66
287.32	45566.69
287.39	45572.29
287.45	45554.80
287.52	45550.68
287.59	45540.51
287.65	45539.38
287.72	45530.92
287.79	45516.77
287.86	45499.94
287.92	45487.31
287.99	45467.59
288.06	45463.89
288.12	45463.87
288.19	45462.29
288.26	45449.32
288.32	45440.63
288.39	45431.60
288.46	45433.73
288.52	45435.96
288.59	45447.73
288.66	45464.90
288.72	45471.39
288.79	45480.87
288.86	45498.27
288.92	45501.32
288.99	45495.72
289.06	45505.70
289.12	45498.86
289.19	45486.11
289.26	45494.86
289.32	45512.95
289.39	45511.67
289.45	45515.97
289.52	45512.58
289.59	45515.81
289.65	45516.69
289.72	45518.02
289.79	45533.97
289.85	45554.11
289.92	45556.97
289.99	45566.06
290.05	45573.69
290.12	45569.33
290.19	45571.85
290.25	45574.60
290.32	45561.56
290.39	45570.37
290.45	45588.66
290.52	45590.86
290.59	45602.30
290.65	45610.90
290.72	45610.39
290.79	45606.97
290.85	45622.59
290.92	45625.72
290.98	45642.58
291.05	45654.43
291.12	45672.32
291.18	45684.69
291.25	45702.61
291.32	45714.44
291.38	45717.40
291.45	45717.14
291.52	45715.40
291.58	45719.02
291.65	45717.31
291.72	45734.43
291.78	45751.37
291.85	45753.48
291.91	45759.93
291.98	45781.64
292.05	45790.38
292.11	45804.20
292.18	45819.42
292.25	45835.91
292.31	45835.28
292.38	45848.02
292.45	45851.06
292.51	45881.63
292.58	45883.52
292.64	45896.89
292.71	45903.31
292.78	45913.15
292.84	45912.68
292.91	45931.86
292.98	45941.79
293.04	45949.11
293.11	45952.97
293.17	45949.64
293.24	45951.60
293.31	45965.52
293.37	45982.36
293.44	45991.07
293.51	46015.24
293.57	46026.67
293.64	46031.39
293.70	46040.47
293.77	46062.63
293.84	46076.08
293.90	46092.47
293.97	46107.73
294.04	46127.81
294.10	46137.32
294.17	46152.06
294.23	46160.77
294.30	46171.23
294.37	46166.49
294.43	46179.73
294.50	46181.11
294.56	46202.62
294.63	46219.24
294.70	46238.50
294.76	46251.31
294.83	46274.03
294.90	46274.12
294.96	46282.23
295.03	46296.86
295.09	46321.61
295.16	46349.56
295.23	46383.67
295.29	46409.06
295.36	46425.26
295.42	46427.65
295.49	46419.74
295.56	46435.50
295.62	46445.76
295.69	46460.63
295.75	46478.08
295.82	46488.91
295.89	46490.07
295.95	46501.77
296.02	46509.95
296.08	46518.68
296.15	46536.08
296.22	46539.86
296.28	46559.50
296.35	46584.58
296.41	46595.87
296.48	46611.48
296.55	46637.90
296.61	46648.77
296.68	46661.74
296.74	46687.24
296.81	46719.91
296.88	46740.21
296.94	46759.77
297.01	46777.27
297.07	46789.20
297.14	46788.37
297.20	46810.83
297.27	46832.68
297.34	46856.07
297.40	46888.98
297.47	46913.09
297.53	46915.22
297.60	46926.58
297.67	46940.38
297.73	46951.77
297.80	46968.96
297.86	46994.27
297.93	47015.80
298.00	47033.90
298.06	47046.47
298.13	47080.06
298.19	47100.95
298.26	47115.46
298.32	47145.57
298.39	47171.70
298.46	47172.84
298.52	47180.19
298.59	47194.41
298.65	47195.93
298.72	47201.58
298.78	47225.62
298.85	47250.14
298.92	47267.68
298.98	47296.61
299.05	47320.57
299.11	47340.95
299.18	47361.13
299.24	47374.86
299.31	47364.69
299.38	47376.04
299.44	47376.23
299.51	47388.36
299.57	47404.60
299.64	47424.88
299.70	47435.08
299.77	47458.05
299.84	47470.10
299.90	47471.93
299.97	47479.81
300.03	47487.41
300.10	47500.74
300.16	47512.01
300.23	47537.62
300.30	47562.08
300.36	47579.19
300.43	47594.59
300.49	47611.32
300.56	47628.30
300.62	47654.60
300.69	47678.30
300.75	47688.39
300.82	47702.84
300.89	47714.92
300.95	47704.79
301.02	47696.15
301.08	47692.44
301.15	47689.92
301.21	47687.11
301.28	47704.44
301.34	47715.93
301.41	47717.94
301.48	47716.25
301.54	47712.83
301.61	47703.80
301.67	47706.80
301.74	47720.44
301.80	47720.40
301.87	47722.16
301.93	47723.16
302.00	47720.71
302.06	47706.65
302.13	47701.70
302.20	47694.87
302.26	47700.14
302.33	47710.57
302.39	47715.52
302.46	47723.35
302.52	47723.23
302.59	47710.07
302.65	47700.37
302.72	47695.92
302.78	47696.10
302.85	47709.89
302.91	47712.30
302.98	47697.94
303.05	47681.29
303.11	47668.96
303.18	47655.04
303.24	47654.41
303.31	47656.61
303.37	47654.57
303.44	47647.25
303.50	47639.43
303.57	47609.14
303.63	47591.41
303.70	47574.77
303.76	47550.83
303.83	47529.31
303.89	47515.32
303.96	47490.47
304.03	47478.05
304.09	47473.55
304.16	47457.21
304.22	47437.01
304.29	47423.23
304.35	47402.77
304.42	47384.22
304.48	47359.86
304.55	47350.68
304.61	47325.94
304.68	47312.62
304.74	47289.26
304.81	47268.72
304.87	47242.16
304.94	47217.05
305.00	47193.91
305.07	47162.40
305.13	47127.18
305.20	47092.00
305.26	47066.09
305.33	47032.58
305.39	47009.80
305.46	46971.17
305.52	46945.14
305.59	46919.44
305.66	46889.04
305.72	46844.33
305.79	46824.82
305.85	46793.69
305.92	46736.47
305.98	46640.75
306.05	46533.74
306.11	46394.18
306.18	46247.77
306.24	46122.73
306.31	46038.08
306.37	45959.51
306.44	45917.50
306.50	45886.88
306.57	45892.55
306.63	45948.42
306.70	46028.86
306.76	46101.10
306.83	46170.27
306.89	46182.83
306.96	46147.84
307.02	46099.64
307.09	46065.26
307.15	46025.09
307.22	46014.64
307.28	45983.02
307.35	45948.19
307.41	45893.26
307.48	45849.54
307.54	45773.68
307.61	45714.25
307.67	45658.86
307.74	45621.16
307.80	45573.51
307.87	45540.94
307.93	45503.33
308.00	45471.41
308.06	45427.49
308.13	45368.86
308.19	45317.33
308.26	45263.15
308.32	45207.26
308.38	45158.88
308.45	45118.11
308.51	45088.76
308.58	45048.10
308.64	44996.13
308.71	44944.64
308.77	44902.39
308.84	44837.97
308.90	44789.96
308.97	44747.40
309.03	44699.98
309.10	44639.33
309.16	44592.63
309.23	44529.09
309.29	44470.92
309.36	44397.46
309.42	44326.66
309.49	44251.92
309.55	44196.50
309.62	44137.93
309.68	44085.85
309.75	44034.79
309.81	43979.57
309.88	43925.67
309.94	43862.84
310.00	43810.77
310.07	43752.13
310.13	43701.93
310.20	43640.29
310.26	43595.28
310.33	43529.95
310.39	43474.98
310.46	43423.57
310.52	43373.07
310.59	43320.83
310.65	43281.14
310.72	43242.77
310.78	43190.84
310.85	43135.96
310.91	43081.85
310.97	43026.69
311.04	42967.05
311.10	42912.86
311.17	42861.57
311.23	42787.40
311.30	42733.42
311.36	42692.24
311.43	42649.38
311.49	42600.01
311.56	42568.38
311.62	42518.04
311.69	42456.12
311.75	42398.80
311.81	42342.39
311.88	42272.27
311.94	42208.07
312.01	42160.93
312.07	42105.03
312.14	42063.57
312.20	42029.57
312.27	42003.54
312.33	41945.18
312.40	41887.45
312.46	41826.50
312.52	41766.06
312.59	41689.57
312.65	41639.82
312.72	41578.39
312.78	41509.21
312.85	41445.93
312.91	41381.72
312.98	41306.64
313.04	41258.62
313.10	41209.57
313.17	41154.89
313.23	41111.59
313.30	41065.45
313.36	40997.49
313.43	40942.70
313.49	40889.48
313.56	40818.68
313.62	40754.72
313.68	40693.97
313.75	40639.34
313.81	40581.70
313.88	40533.76
313.94	40483.63
314.01	40437.60
314.07	40382.91
314.13	40326.86
314.20	40273.99
314.26	40228.45
314.33	40186.31
314.39	40134.76
314.46	40076.94
314.52	40025.96
314.58	39965.70
314.65	39899.66
314.71	39830.53
314.78	39777.28
314.84	39719.24
314.91	39665.52
314.97	39609.37
315.03	39556.37
315.10	39512.41
315.16	39462.50
315.23	39412.90
315.29	39372.33
315.36	39346.67
315.42	39298.51
315.48	39240.94
315.55	39190.46
315.61	39119.95
315.68	39049.91
315.74	38993.79
315.81	38946.91
315.87	38902.81
315.93	38881.13
316.00	38860.18
316.06	38823.74
316.13	38795.08
316.19	38733.79
316.25	38637.50
316.32	38498.87
316.38	38342.43
316.45	38133.79
316.51	37919.44
316.58	37679.92
316.64	37435.45
316.70	37193.45
316.77	36951.93
316.83	36696.43
316.90	36455.37
316.96	36210.81
317.02	35961.27
317.09	35717.02
317.15	35468.06
317.22	35214.51
317.28	34965.15
317.34	34703.92
317.41	34440.64
317.47	34194.47
317.54	33945.42
317.60	33685.47
317.66	33439.99
317.73	33186.01
317.79	32914.58
317.86	32653.58
317.92	32401.94
317.98	32121.77
318.05	31857.97
318.11	31595.97
318.18	31324.80
318.24	31049.50
318.30	30784.22
318.37	30507.16
318.43	30219.91
318.50	29932.39
318.56	29639.28
318.62	29350.70
318.69	29068.86
318.75	28793.09
318.82	28511.30
318.88	28237.87
318.94	27956.03
319.01	27677.47
319.07	27402.56
319.13	27128.27
319.20	26853.71
319.26	26580.78
319.33	26306.78
319.39	26021.89
319.45	25749.61
319.52	25475.36
319.58	25198.82
319.65	24909.17
319.71	24641.73
319.77	24357.75
319.84	24071.70
319.90	23781.48
319.96	23509.51
320.03	23218.39
320.09	22943.42
320.16	22655.06
320.22	22379.66
320.28	22078.42
320.35	21788.28
320.41	21496.60
320.47	21215.88
320.54	20930.64
320.60	20667.35
320.67	20394.74
320.73	20117.92
320.79	19844.38
320.86	19561.59
320.92	19267.45
320.98	18979.44
321.05	18686.17
321.11	18390.02
321.18	18105.60
321.24	17830.69
321.30	17550.38
321.37	17285.09
321.43	17018.80
321.49	16747.45
321.56	16467.20
321.62	16202.55
321.68	15919.30
321.75	15637.82
321.81	15362.18
321.88	15091.67
321.94	14808.13
322.00	14533.38
322.07	14247.81
322.13	13969.74
322.19	13683.66
322.26	13403.35
322.32	13129.88
322.38	12862.95
322.45	12595.79
322.51	12327.67
322.58	12069.06
322.64	11793.51
322.70	11530.16
322.77	11259.68
322.83	11000.44
322.89	10726.88
322.96	10463.41
323.02	10195.10
323.08	9929.36
323.15	9657.82
323.21	9396.49
323.27	9143.52
323.34	8889.18
323.40	8637.86
323.46	8392.31
323.53	8040.42
323.59	6935.12
323.65	5363.73
323.72	3717.99
323.78	2124.23
323.85	682.38
323.91	40.51
323.97	-81.03
324.04	-81.88
