180.25	3495.30
180.33	-128.77
180.40	649.64
180.48	-38.09
180.56	1.92
180.63	35.98
180.71	73.77
180.78	74.49
180.86	76.49
180.93	80.65
181.01	81.96
181.08	80.89
181.16	80.15
181.23	81.72
181.31	81.32
181.39	102.97
181.46	111.47
181.54	122.20
181.61	137.28
181.69	146.51
181.76	139.03
181.84	135.09
181.91	136.72
181.99	139.20
182.06	141.43
182.14	148.99
182.22	155.98
182.29	167.70
182.37	173.62
182.44	187.44
182.52	188.09
182.59	206.44
182.67	216.71
182.74	223.07
182.82	226.69
182.89	235.95
182.97	235.96
183.04	245.16
183.12	257.25
183.20	283.12
183.27	301.47
183.35	337.79
183.42	370.99
183.50	421.67
183.57	458.49
183.65	518.21
183.72	574.23
183.80	639.19
183.87	695.38
183.95	749.89
184.02	803.39
184.10	841.99
184.17	865.35
184.25	863.99
184.32	853.41
184.40	821.63
184.47	766.17
184.55	716.42
184.62	714.91
184.70	748.49
184.78	813.58
184.85	942.57
184.93	1097.47
185.00	1244.56
185.08	1395.00
185.15	1539.22
185.23	1684.76
185.30	1821.26
185.38	1948.58
185.45	2074.87
185.53	2215.49
185.60	2341.98
185.68	2488.94
185.75	2610.36
185.83	2705.22
185.90	2762.69
185.98	2747.41
186.05	2651.89
186.13	2516.50
186.20	2328.27
186.28	2161.71
186.35	2096.56
186.43	2139.49
186.50	2294.69
186.58	2552.62
186.65	2838.03
186.73	3122.83
186.80	3380.35
186.88	3617.81
186.95	3867.57
187.03	4117.21
187.10	4350.21
187.18	4610.01
187.25	4848.81
187.33	5073.05
187.40	5317.14
187.48	5529.12
187.55	5709.13
187.63	5865.63
187.70	5929.71
187.78	5905.17
187.85	5832.15
187.93	5622.17
188.00	5294.28
188.08	4931.06
188.15	4615.52
188.23	4426.27
188.30	4423.68
188.38	4624.16
188.45	4983.85
188.53	5383.06
188.60	5759.55
188.68	6110.63
188.75	6424.30
188.83	6738.47
188.90	7020.04
188.98	7286.55
189.05	7563.29
189.13	7802.77
189.20	8011.91
189.28	8225.69
189.35	8415.60
189.43	8584.97
189.50	8756.51
189.58	8860.29
189.65	8902.81
189.73	8883.35
189.80	8745.57
189.87	8504.53
189.95	8184.70
190.02	7762.91
190.10	7298.29
190.17	6952.86
190.25	6810.45
190.32	6880.85
190.40	7144.58
190.47	7561.14
190.55	8010.85
190.62	8409.96
190.70	8749.89
190.77	9077.11
190.85	9392.22
190.92	9647.78
191.00	9885.58
191.07	10112.05
191.15	10295.41
191.22	10460.59
191.29	10620.38
191.37	10747.94
191.44	10858.67
191.52	10974.24
191.59	11054.41
191.67	11118.41
191.74	11159.28
191.82	11156.39
191.89	11113.69
191.97	11054.19
192.04	10947.95
192.12	10781.83
192.19	10536.00
192.27	10241.99
192.34	9981.01
192.41	9850.63
192.49	9874.77
192.56	10067.93
192.64	10397.27
192.71	10759.47
192.79	11073.19
192.86	11351.73
192.94	11573.51
193.01	11768.23
193.09	11944.71
193.16	12127.38
193.23	12305.01
193.31	12480.17
193.38	12660.05
193.46	12808.57
193.53	12925.31
193.61	13026.67
193.68	13112.83
193.76	13161.97
193.83	13218.26
193.91	13276.01
193.98	13319.47
194.05	13373.05
194.13	13419.81
194.20	13448.12
194.28	13449.60
194.35	13418.44
194.43	13339.03
194.50	13221.05
194.58	13076.07
194.65	12958.89
194.72	12927.65
194.80	12984.59
194.87	13126.41
194.95	13352.69
195.02	13599.73
195.10	13804.82
195.17	14002.09
195.25	14176.46
195.32	14329.18
195.39	14457.15
195.47	14572.75
195.54	14659.54
195.62	14722.81
195.69	14747.05
195.77	14742.48
195.84	14716.28
195.91	14665.82
195.99	14645.91
196.06	14666.47
196.14	14741.73
196.21	14847.88
196.29	14996.67
196.36	15140.51
196.43	15271.65
196.51	15388.38
196.58	15493.81
196.66	15572.43
196.73	15636.63
196.81	15686.93
196.88	15712.36
196.95	15716.79
197.03	15706.55
197.10	15665.05
197.18	15626.48
197.25	15595.57
197.33	15592.72
197.40	15616.51
197.47	15665.75
197.55	15731.07
197.62	15817.61
197.70	15916.02
197.77	16029.15
197.84	16165.53
197.92	16293.03
197.99	16434.29
198.07	16560.98
198.14	16672.77
198.22	16770.13
198.29	16858.02
198.36	16917.64
198.44	16975.43
198.51	17018.44
198.59	17036.71
198.66	17046.79
198.73	17032.95
198.81	17002.19
198.88	16953.42
198.96	16917.33
199.03	16914.37
199.10	16970.49
199.18	17059.38
199.25	17190.01
199.33	17355.22
199.40	17513.34
199.48	17635.63
199.55	17754.91
199.62	17845.60
199.70	17935.38
199.77	18018.15
199.85	18105.97
199.92	18176.05
199.99	18256.10
200.07	18298.13
200.14	18306.53
200.22	18268.72
200.29	18193.50
200.36	18120.13
200.44	18076.51
200.51	18083.48
200.59	18157.57
200.66	18275.71
200.73	18406.74
200.81	18540.97
200.88	18661.73
200.95	18789.28
201.03	18922.78
201.10	19061.56
201.18	19191.41
201.25	19312.21
201.32	19399.41
201.40	19475.17
201.47	19535.27
201.55	19579.22
201.62	19615.41
201.69	19609.79
201.77	19582.62
201.84	19555.27
201.92	19510.68
201.99	19460.09
202.06	19449.35
202.14	19487.07
202.21	19559.26
202.28	19681.93
202.36	19842.25
202.43	20026.33
202.51	20199.47
202.58	20350.93
202.65	20475.49
202.73	20596.02
202.80	20700.97
202.87	20803.47
202.95	20899.29
203.02	21000.87
203.10	21068.48
203.17	21119.75
203.24	21123.37
203.32	21070.75
203.39	20944.49
203.46	20822.67
203.54	20728.85
203.61	20719.37
203.69	20791.69
203.76	20954.53
203.83	21147.57
203.91	21328.99
203.98	21497.59
204.05	21650.77
204.13	21804.93
204.20	21942.87
204.28	22084.81
204.35	22193.80
204.42	22290.81
204.50	22374.06
204.57	22451.17
204.64	22508.08
204.72	22556.39
204.79	22571.05
204.86	22538.47
204.94	22494.39
205.01	22451.43
205.09	22395.16
205.16	22346.59
205.23	22347.47
205.31	22414.69
205.38	22514.25
205.45	22670.71
205.53	22870.06
205.60	23090.17
205.67	23276.11
205.75	23442.76
205.82	23586.60
205.89	23712.21
205.97	23812.42
206.04	23905.45
206.12	24006.98
206.19	24103.07
206.26	24190.80
206.34	24263.23
206.41	24289.04
206.48	24260.07
206.56	24166.76
206.63	24029.53
206.70	23888.67
206.78	23818.09
206.85	23825.05
206.92	23933.41
207.00	24130.73
207.07	24373.67
207.14	24604.38
207.22	24819.16
207.29	25006.80
207.36	25165.21
207.44	25302.16
207.51	25429.59
207.58	25555.37
207.66	25662.74
207.73	25767.11
207.80	25867.01
207.88	25946.08
207.95	25987.33
208.02	26016.19
208.10	25988.75
208.17	25900.91
208.25	25790.29
208.32	25711.95
208.39	25664.39
208.47	25678.39
208.54	25756.35
208.61	25894.19
208.69	26040.51
208.76	26191.15
208.83	26367.26
208.90	26553.94
208.98	26721.77
209.05	26881.50
209.12	27037.68
209.20	27173.75
209.27	27300.25
209.34	27429.61
209.42	27550.89
209.49	27652.37
209.56	27727.34
209.64	27789.90
209.71	27820.66
209.78	27813.29
209.86	27761.71
209.93	27693.45
210.00	27605.76
210.08	27528.12
210.15	27494.15
210.22	27547.51
210.30	27653.99
210.37	27807.31
210.44	27997.25
210.52	28190.69
210.59	28358.11
210.66	28501.03
210.74	28633.69
210.81	28754.93
210.88	28884.87
210.96	29004.79
211.03	29142.98
211.10	29282.03
211.17	29410.25
211.25	29503.39
211.32	29583.03
211.39	29628.69
211.47	29621.00
211.54	29556.21
211.61	29456.23
211.69	29354.26
211.76	29296.45
211.83	29307.01
211.91	29401.70
211.98	29563.05
212.05	29755.68
212.12	29926.82
212.20	30074.91
212.27	30200.01
212.34	30316.02
212.42	30424.62
212.49	30535.83
212.56	30646.48
212.64	30766.69
212.71	30884.94
212.78	31000.38
212.85	31105.61
212.93	31196.75
213.00	31269.75
213.07	31334.42
213.15	31356.75
213.22	31345.01
213.29	31323.81
213.37	31298.19
213.44	31268.57
213.51	31273.85
213.58	31317.26
213.66	31393.40
213.73	31504.14
213.80	31632.15
213.88	31779.81
213.95	31924.09
214.02	32043.77
214.09	32156.85
214.17	32266.09
214.24	32381.91
214.31	32500.85
214.39	32628.11
214.46	32738.35
214.53	32837.48
214.60	32915.03
214.68	32988.15
214.75	33052.65
214.82	33103.03
214.90	33152.19
214.97	33157.25
215.04	33117.32
215.11	33065.40
215.19	33034.94
215.26	33036.36
215.33	33101.08
215.41	33232.81
215.48	33404.57
215.55	33567.54
215.62	33697.43
215.70	33807.55
215.77	33905.53
215.84	34007.05
215.91	34105.89
215.99	34214.42
216.06	34316.46
216.13	34411.74
216.21	34490.48
216.28	34577.19
216.35	34667.36
216.42	34758.74
216.50	34831.71
216.57	34897.24
216.64	34928.87
216.71	34924.23
216.79	34906.81
216.86	34906.69
216.93	34928.55
217.01	34982.84
217.08	35071.17
217.15	35169.19
217.22	35255.22
217.30	35329.77
217.37	35412.37
217.44	35501.23
217.51	35594.89
217.59	35713.18
217.66	35827.88
217.73	35933.85
217.80	36024.73
217.88	36117.78
217.95	36201.50
218.02	36280.49
218.09	36354.87
218.17	36449.14
218.24	36536.74
218.31	36619.01
218.38	36690.79
218.46	36748.55
218.53	36762.24
218.60	36755.28
218.67	36735.98
218.75	36726.67
218.82	36737.77
218.89	36802.93
218.96	36907.80
219.04	37031.62
219.11	37157.81
219.18	37278.98
219.25	37374.65
219.33	37465.13
219.40	37560.38
219.47	37665.43
219.54	37758.19
219.62	37845.76
219.69	37932.65
219.76	38029.66
219.83	38108.81
219.91	38204.90
219.98	38298.96
220.05	38378.38
220.12	38436.93
220.20	38487.18
220.27	38517.99
220.34	38531.95
220.41	38529.35
220.49	38521.12
220.56	38531.65
220.63	38569.81
220.70	38640.49
220.78	38745.60
220.85	38854.84
220.92	38953.06
220.99	39026.69
221.06	39102.79
221.14	39170.11
221.21	39236.82
221.28	39319.13
221.35	39404.70
221.43	39491.79
221.50	39573.98
221.57	39653.55
221.64	39740.94
221.72	39838.85
221.79	39928.32
221.86	40008.41
221.93	40086.36
222.00	40156.51
222.08	40223.60
222.15	40263.23
222.22	40304.11
222.29	40352.35
222.37	40392.70
222.44	40429.56
222.51	40489.18
222.58	40549.84
222.65	40616.93
222.73	40693.81
222.80	40772.48
222.87	40854.99
222.94	40945.23
223.02	41023.33
223.09	41086.33
223.16	41151.95
223.23	41222.09
223.30	41297.39
223.38	41388.45
223.45	41481.59
223.52	41570.78
223.59	41668.41
223.66	41745.37
223.74	41806.81
223.81	41856.90
223.88	41921.06
223.95	41959.55
224.03	41997.65
224.10	42037.03
224.17	42086.03
224.24	42118.49
224.31	42169.86
224.39	42234.65
224.46	42308.17
224.53	42382.52
224.60	42456.69
224.67	42533.65
224.75	42628.19
224.82	42707.31
224.89	42810.30
224.96	42922.00
225.03	43013.51
225.11	43096.62
225.18	43199.58
225.25	43276.51
225.32	43335.87
225.39	43405.07
225.47	43473.09
225.54	43523.12
225.61	43566.85
225.68	43613.19
225.75	43661.63
225.83	43713.18
225.90	43777.47
225.97	43861.89
226.04	43961.40
226.11	44057.22
226.19	44138.48
226.26	44219.91
226.33	44303.69
226.40	44379.61
226.47	44452.06
226.54	44534.23
226.62	44613.83
226.69	44689.69
226.76	44767.49
226.83	44857.87
226.90	44937.35
226.98	45000.74
227.05	45053.21
227.12	45112.15
227.19	45145.47
227.26	45201.92
227.34	45268.98
227.41	45340.61
227.48	45413.62
227.55	45500.13
227.62	45580.75
227.69	45668.70
227.77	45752.79
227.84	45825.51
227.91	45896.35
227.98	45964.51
228.05	46017.39
228.12	46078.00
228.20	46145.44
228.27	46221.81
228.34	46295.22
228.41	46382.29
228.48	46469.21
228.56	46564.23
228.63	46665.13
228.70	46757.57
228.77	46841.05
228.84	46921.97
228.91	47004.73
228.99	47093.10
229.06	47201.99
229.13	47308.65
229.20	47411.40
229.27	47490.37
229.34	47555.73
229.42	47613.77
229.49	47686.03
229.56	47759.47
229.63	47843.31
229.70	47917.91
229.77	47984.65
229.85	48040.34
229.92	48087.39
229.99	48128.81
230.06	48187.19
230.13	48253.45
230.20	48332.68
230.27	48422.44
230.35	48537.41
230.42	48642.19
230.49	48753.86
230.56	48857.69
230.63	48971.22
230.70	49049.48
230.78	49122.45
230.85	49174.60
230.92	49236.63
230.99	49295.05
231.06	49384.04
231.13	49495.32
231.20	49615.37
231.28	49719.91
231.35	49823.31
231.42	49911.19
231.49	49982.33
231.56	50061.47
231.63	50148.06
231.71	50230.53
231.78	50310.05
231.85	50382.37
231.92	50448.19
231.99	50507.04
232.06	50576.91
232.13	50662.76
232.21	50764.13
232.28	50858.69
232.35	50952.09
232.42	51030.25
232.49	51112.62
232.56	51208.93
232.63	51309.05
232.71	51404.98
232.78	51513.90
232.85	51610.23
232.92	51672.47
232.99	51744.84
233.06	51826.30
233.13	51885.07
233.20	51924.81
233.28	51973.22
233.35	52001.89
233.42	52042.73
233.49	52111.10
233.56	52196.77
233.63	52294.45
233.70	52412.03
233.78	52531.43
233.85	52646.07
233.92	52744.28
233.99	52836.95
234.06	52922.24
234.13	53005.95
234.20	53062.15
234.27	53133.44
234.35	53195.03
234.42	53250.95
234.49	53297.59
234.56	53351.89
234.63	53400.75
234.70	53458.07
234.77	53506.99
234.84	53556.58
234.92	53623.16
234.99	53694.71
235.06	53775.63
235.13	53867.60
235.20	53951.67
235.27	54027.91
235.34	54117.35
235.41	54193.91
235.48	54273.02
235.56	54350.54
235.63	54419.77
235.70	54470.43
235.77	54514.27
235.84	54538.31
235.91	54563.22
235.98	54597.58
236.05	54640.01
236.12	54687.77
236.20	54724.89
236.27	54771.77
236.34	54821.64
236.41	54859.75
236.48	54900.05
236.55	54948.35
236.62	55001.16
236.69	55054.56
236.76	55123.64
236.84	55192.83
236.91	55265.40
236.98	55328.73
237.05	55382.04
237.12	55420.37
237.19	55464.86
237.26	55518.67
237.33	55568.95
237.40	55616.61
237.47	55659.91
237.55	55700.12
237.62	55752.86
237.69	55818.55
237.76	55889.90
237.83	55972.27
237.90	56044.77
237.97	56102.94
238.04	56149.03
238.11	56183.47
238.18	56225.29
238.26	56264.29
238.33	56291.95
238.40	56317.51
238.47	56360.21
238.54	56378.69
238.61	56386.39
238.68	56403.03
238.75	56417.11
238.82	56445.63
238.89	56486.10
238.96	56546.09
239.04	56606.23
239.11	56666.55
239.18	56705.23
239.25	56734.40
239.32	56756.80
239.39	56764.15
239.46	56762.36
239.53	56752.25
239.60	56744.56
239.67	56757.79
239.74	56783.37
239.81	56822.33
239.89	56869.13
239.96	56914.18
240.03	56947.78
240.10	56976.01
240.17	57002.72
240.24	57024.23
240.31	57054.90
240.38	57081.33
240.45	57133.59
240.52	57195.77
240.59	57260.93
240.66	57329.42
240.73	57390.65
240.80	57418.62
240.88	57430.55
240.95	57440.83
241.02	57450.35
241.09	57457.57
241.16	57473.97
241.23	57492.15
241.30	57487.14
241.37	57455.27
241.44	57444.07
241.51	57444.71
241.58	57453.87
241.65	57488.52
241.72	57554.01
241.79	57586.41
241.86	57605.36
241.94	57616.99
242.01	57610.99
242.08	57588.65
242.15	57586.83
242.22	57592.08
242.29	57588.67
242.36	57595.50
242.43	57594.03
242.50	57585.36
242.57	57571.49
242.64	57564.94
242.71	57554.46
242.78	57553.66
242.85	57552.32
242.92	57566.81
242.99	57580.27
243.06	57589.16
243.14	57600.12
243.21	57621.75
243.28	57631.97
243.35	57653.13
243.42	57692.93
243.49	57732.81
243.56	57765.40
243.63	57795.63
243.70	57807.13
243.77	57802.15
243.84	57790.03
243.91	57762.17
243.98	57729.13
244.05	57690.54
244.12	57664.05
244.19	57642.87
244.26	57631.32
244.33	57620.89
244.40	57619.70
244.47	57609.85
244.54	57598.10
244.62	57568.75
244.69	57535.57
244.76	57513.20
244.83	57510.81
244.90	57516.52
244.97	57543.57
245.04	57581.33
245.11	57604.48
245.18	57599.91
245.25	57601.78
245.32	57617.36
245.39	57629.05
245.46	57642.57
245.53	57650.29
245.60	57633.23
245.67	57602.35
245.74	57576.93
245.81	57553.65
245.88	57539.69
245.95	57531.75
246.02	57520.29
246.09	57480.70
246.16	57433.67
246.23	57397.18
246.30	57363.07
246.37	57347.63
246.44	57368.69
246.51	57395.95
246.58	57417.33
246.65	57453.25
246.72	57479.75
246.79	57487.15
246.87	57485.89
246.94	57484.07
247.01	57453.02
247.08	57407.07
247.15	57348.01
247.22	57286.14
247.29	57221.81
247.36	57177.03
247.43	57144.69
247.50	57137.79
247.57	57150.99
247.64	57168.87
247.71	57189.39
247.78	57213.23
247.85	57235.39
247.92	57253.50
247.99	57254.53
248.06	57251.98
248.13	57225.41
248.20	57194.53
248.27	57161.42
248.34	57143.31
248.41	57127.61
248.48	57134.16
248.55	57127.21
248.62	57124.96
248.69	57126.95
248.76	57107.06
248.83	57084.89
248.90	57054.85
248.97	57014.23
249.04	56968.71
249.11	56943.51
249.18	56908.18
249.25	56876.97
249.32	56843.51
249.39	56800.11
249.46	56747.77
249.53	56698.14
249.60	56666.03
249.67	56644.74
249.74	56634.85
249.81	56640.97
249.88	56656.51
249.95	56679.54
250.02	56705.13
250.09	56717.03
250.16	56725.23
250.23	56716.08
250.30	56716.87
250.37	56706.90
250.44	56707.75
250.51	56706.61
250.58	56728.98
250.65	56729.43
250.72	56693.61
250.79	56657.05
250.86	56619.07
250.93	56566.58
251.00	56505.92
251.07	56493.87
251.14	56480.94
251.21	56462.63
251.28	56430.66
251.35	56397.83
251.42	56369.79
251.49	56342.21
251.56	56322.97
251.63	56310.44
251.70	56308.42
251.77	56285.75
251.84	56259.22
251.91	56210.62
251.98	56154.81
252.05	56108.42
252.12	56054.06
252.18	56010.40
252.25	55989.25
252.32	56000.19
252.39	55992.59
252.46	55997.01
252.53	55987.60
252.60	55965.24
252.67	55933.45
252.74	55909.25
252.81	55875.95
252.88	55854.72
252.95	55830.56
253.02	55800.53
253.09	55769.85
253.16	55759.08
253.23	55741.55
253.30	55742.60
253.37	55728.15
253.44	55710.68
253.51	55679.33
253.58	55650.14
253.65	55630.25
253.72	55629.41
253.79	55629.23
253.86	55631.09
253.93	55632.24
254.00	55612.29
254.07	55589.73
254.14	55545.81
254.21	55498.25
254.28	55455.03
254.35	55416.37
254.41	55383.14
254.48	55370.41
254.55	55367.51
254.62	55354.19
254.69	55315.02
254.76	55273.65
254.83	55235.38
254.90	55200.41
254.97	55172.73
255.04	55183.69
255.11	55171.65
255.18	55142.77
255.25	55101.63
255.32	55062.31
255.39	55011.77
255.46	54974.07
255.53	54958.51
255.60	54951.83
255.67	54936.09
255.74	54925.61
255.81	54921.23
255.87	54917.59
255.94	54891.17
256.01	54881.78
256.08	54858.95
256.15	54824.50
256.22	54779.12
256.29	54752.25
256.36	54701.94
256.43	54673.13
256.50	54654.42
256.57	54636.03
256.64	54613.68
256.71	54607.14
256.78	54580.69
256.85	54555.73
256.92	54544.78
256.99	54533.54
257.05	54513.83
257.12	54503.88
257.19	54479.63
257.26	54431.13
257.33	54383.95
257.40	54344.61
257.47	54271.93
257.54	54238.10
257.61	54204.83
257.68	54194.93
257.75	54163.81
257.82	54172.45
257.89	54150.13
257.96	54142.79
258.03	54100.42
258.09	54066.40
258.16	54010.11
258.23	53947.21
258.30	53884.03
258.37	53842.66
258.44	53812.70
258.51	53785.09
258.58	53773.87
258.65	53760.73
258.72	53742.75
258.79	53713.69
258.86	53685.54
258.93	53659.33
258.99	53631.33
259.06	53586.18
259.13	53545.63
259.20	53508.85
259.27	53469.20
259.34	53441.63
259.41	53434.82
259.48	53437.39
259.55	53434.85
259.62	53427.91
259.69	53399.01
259.76	53353.41
259.82	53300.23
259.89	53265.25
259.96	53232.17
260.03	53195.45
260.10	53149.51
260.17	53098.78
260.24	53030.07
260.31	52966.95
260.38	52923.95
260.45	52923.23
260.52	52920.50
260.59	52907.13
260.65	52884.29
260.72	52862.97
260.79	52817.92
260.86	52775.25
260.93	52750.75
261.00	52709.59
261.07	52653.98
261.14	52597.82
261.21	52545.27
261.28	52491.27
261.34	52439.75
261.41	52385.41
261.48	52333.36
261.55	52290.06
261.62	52239.53
261.69	52199.27
261.76	52178.04
261.83	52164.68
261.90	52140.97
261.97	52118.52
262.03	52087.18
262.10	52060.98
262.17	52015.17
262.24	51980.05
262.31	51942.16
262.38	51906.76
262.45	51867.14
262.52	51831.24
262.59	51787.63
262.65	51749.20
262.72	51711.82
262.79	51669.03
262.86	51633.52
262.93	51593.42
263.00	51562.02
263.07	51527.30
263.14	51486.27
263.21	51447.49
263.27	51417.47
263.34	51383.09
263.41	51344.43
263.48	51296.35
263.55	51243.43
263.62	51176.37
263.69	51107.15
263.76	51054.39
263.82	51015.97
263.89	50979.23
263.96	50959.72
264.03	50931.33
264.10	50906.21
264.17	50857.08
264.24	50803.92
264.31	50756.00
264.38	50714.93
264.44	50667.02
264.51	50638.57
264.58	50619.13
264.65	50589.16
264.72	50532.73
264.79	50481.58
264.86	50435.38
264.92	50385.51
264.99	50340.32
265.06	50321.16
265.13	50295.65
265.20	50274.23
265.27	50244.68
265.34	50204.93
265.41	50165.27
265.47	50131.86
265.54	50075.44
265.61	50033.67
265.68	50004.25
265.75	49968.93
265.82	49919.81
265.89	49885.09
265.95	49838.45
266.02	49780.22
266.09	49729.77
266.16	49702.73
266.23	49667.45
266.30	49629.57
266.37	49581.09
266.44	49522.61
266.50	49447.57
266.57	49377.38
266.64	49306.30
266.71	49248.31
266.78	49197.69
266.85	49133.22
266.91	49086.37
266.98	49047.39
267.05	49000.45
267.12	48961.43
267.19	48930.93
267.26	48897.29
267.33	48867.58
267.39	48853.31
267.46	48826.46
267.53	48800.08
267.60	48764.07
267.67	48725.95
267.74	48683.96
267.81	48638.92
267.87	48595.16
267.94	48555.53
268.01	48504.00
268.08	48453.19
268.15	48409.29
268.22	48372.76
268.28	48334.20
268.35	48293.57
268.42	48262.79
268.49	48237.35
268.56	48208.21
268.63	48175.75
268.69	48142.57
268.76	48079.69
268.83	48017.49
268.90	47969.28
268.97	47925.25
269.04	47900.64
269.11	47884.27
269.17	47864.77
269.24	47833.98
269.31	47800.42
269.38	47752.25
269.45	47705.63
269.52	47654.33
269.58	47612.31
269.65	47558.34
269.72	47509.85
269.79	47478.55
269.86	47458.49
269.92	47432.24
269.99	47412.83
270.06	47386.28
270.13	47352.80
270.20	47303.32
270.27	47256.78
270.33	47226.12
270.40	47188.47
270.47	47149.94
270.54	47132.65
270.61	47109.34
270.68	47077.20
270.74	47052.38
270.81	47031.53
270.88	46992.64
270.95	46968.67
271.02	46926.59
271.08	46884.36
271.15	46834.51
271.22	46792.09
271.29	46745.46
271.36	46692.17
271.43	46655.33
271.49	46635.19
271.56	46616.49
271.63	46589.51
271.70	46577.83
271.77	46577.41
271.83	46552.64
271.90	46513.37
271.97	46467.97
272.04	46431.20
272.11	46379.83
272.17	46335.89
272.24	46310.03
272.31	46283.75
272.38	46259.03
272.45	46232.77
272.52	46212.45
272.58	46189.56
272.65	46181.96
272.72	46153.61
272.79	46123.94
272.86	46087.61
272.92	46050.01
272.99	45999.29
273.06	45964.43
273.13	45931.56
273.20	45897.99
273.26	45871.32
273.33	45852.82
273.40	45834.18
273.47	45817.76
273.54	45800.00
273.60	45769.95
273.67	45729.82
273.74	45705.53
273.81	45667.13
273.88	45646.33
273.94	45631.42
274.01	45626.29
274.08	45613.38
274.15	45585.37
274.21	45547.91
274.28	45503.52
274.35	45442.87
274.42	45374.91
274.49	45330.07
274.55	45298.00
274.62	45277.91
274.69	45257.23
274.76	45231.41
274.83	45209.41
274.89	45176.63
274.96	45144.47
275.03	45123.07
275.10	45093.45
275.17	45069.74
275.23	45024.67
275.30	44981.17
275.37	44948.97
275.44	44928.55
275.50	44891.90
275.57	44870.87
275.64	44838.61
275.71	44792.79
275.78	44749.44
275.84	44707.69
275.91	44664.24
275.98	44627.39
276.05	44589.55
276.11	44553.49
276.18	44525.53
276.25	44497.40
276.32	44468.19
276.39	44439.49
276.45	44395.57
276.52	44348.33
276.59	44308.99
276.66	44269.23
276.72	44237.59
276.79	44217.19
276.86	44192.94
276.93	44177.22
276.99	44155.61
277.06	44127.31
277.13	44100.98
277.20	44077.25
277.26	44049.05
277.33	44023.47
277.40	44005.93
277.47	43972.23
277.54	43931.79
277.60	43889.74
277.67	43846.21
277.74	43786.68
277.81	43746.55
277.87	43720.22
277.94	43684.29
278.01	43660.19
278.08	43631.73
278.14	43594.20
278.21	43551.22
278.28	43526.21
278.35	43491.63
278.41	43467.60
278.48	43447.47
278.55	43424.51
278.62	43389.01
278.68	43356.48
278.75	43322.59
278.82	43296.97
278.89	43268.43
278.95	43240.44
279.02	43208.02
279.09	43178.21
279.16	43147.57
279.22	43114.21
279.29	43071.35
279.36	43030.05
279.43	42984.03
279.49	42924.38
279.56	42873.36
279.63	42814.01
279.70	42766.06
279.76	42726.75
279.83	42708.92
279.90	42696.52
279.97	42687.94
280.03	42672.87
280.10	42644.37
280.17	42604.37
280.24	42559.79
280.30	42518.49
280.37	42466.67
280.44	42432.68
280.51	42393.92
280.57	42358.44
280.64	42311.95
280.71	42262.22
280.77	42195.03
280.84	42117.14
280.91	42029.03
280.98	41947.47
281.04	41870.11
281.11	41804.87
281.18	41746.34
281.25	41682.48
281.31	41624.57
281.38	41563.35
281.45	41502.28
281.52	41451.41
281.58	41396.66
281.65	41354.52
281.72	41317.36
281.78	41287.86
281.85	41262.33
281.92	41249.53
281.99	41222.21
282.05	41194.87
282.12	41151.59
282.19	41112.45
282.26	41066.47
282.32	41032.82
282.39	41007.55
282.46	40972.20
282.52	40935.35
282.59	40900.15
282.66	40868.75
282.73	40831.45
282.79	40799.69
282.86	40745.86
282.93	40706.59
282.99	40660.96
283.06	40615.65
283.13	40560.79
283.20	40505.97
283.26	40432.76
283.33	40355.12
283.40	40277.17
283.46	40227.61
283.53	40182.61
283.60	40152.89
283.67	40124.59
283.73	40116.48
283.80	40091.33
283.87	40079.39
283.93	40070.65
284.00	40052.77
284.07	40021.19
284.13	39998.59
284.20	39975.52
284.27	39943.46
284.34	39922.91
284.40	39897.95
284.47	39880.53
284.54	39869.87
284.60	39854.65
284.67	39834.89
284.74	39811.65
284.81	39782.79
284.87	39751.02
284.94	39710.71
285.01	39676.64
285.07	39637.76
285.14	39595.76
285.21	39553.43
285.27	39522.84
285.34	39497.92
285.41	39475.54
285.47	39455.90
285.54	39430.00
285.61	39404.00
285.68	39367.15
285.74	39344.16
285.81	39323.58
285.88	39293.37
285.94	39273.45
286.01	39257.13
286.08	39230.31
286.14	39206.44
286.21	39178.07
286.28	39152.15
286.34	39118.10
286.41	39085.43
286.48	39045.79
286.55	39025.94
286.61	38992.12
286.68	38967.41
286.75	38938.19
286.81	38908.31
286.88	38872.83
286.95	38830.74
287.01	38806.53
287.08	38776.19
287.15	38762.14
287.21	38744.38
287.28	38741.19
287.35	38714.41
287.41	38698.72
287.48	38676.40
287.55	38658.09
287.61	38634.21
287.68	38609.01
287.75	38579.64
287.81	38548.17
287.88	38516.55
287.95	38495.81
288.01	38467.07
288.08	38445.97
288.15	38417.39
288.21	38376.42
288.28	38332.49
288.35	38304.58
288.41	38274.73
288.48	38254.12
288.55	38242.77
288.61	38227.24
288.68	38209.33
288.75	38193.03
288.81	38166.32
288.88	38141.60
288.95	38119.33
289.01	38107.99
289.08	38095.31
289.15	38085.77
289.21	38079.11
289.28	38065.71
289.35	38050.85
289.41	38023.73
289.48	38007.44
289.55	37993.11
289.61	37980.74
289.68	37968.51
289.75	37963.18
289.81	37951.96
289.88	37926.62
289.95	37903.77
290.01	37866.01
290.08	37828.84
290.15	37787.71
290.21	37763.01
290.28	37737.55
290.35	37716.51
290.41	37702.51
290.48	37697.81
290.55	37678.55
290.61	37667.11
290.68	37654.13
290.74	37637.51
290.81	37628.15
290.88	37624.51
290.94	37602.05
291.01	37586.50
291.08	37580.87
291.14	37553.67
291.21	37533.52
291.28	37524.23
291.34	37518.41
291.41	37499.66
291.48	37489.44
291.54	37479.94
291.61	37467.99
291.68	37453.27
291.74	37432.99
291.81	37414.77
291.87	37407.85
291.94	37383.29
292.01	37362.51
292.07	37351.17
292.14	37330.77
292.21	37286.78
292.27	37264.03
292.34	37233.01
292.41	37210.15
292.47	37184.38
292.54	37171.35
292.60	37165.65
292.67	37161.50
292.74	37146.85
292.80	37151.93
292.87	37144.29
292.94	37132.49
293.00	37123.55
293.07	37116.87
293.13	37106.85
293.20	37102.59
293.27	37098.45
293.33	37083.09
293.40	37073.97
293.47	37054.53
293.53	37046.15
293.60	37037.81
293.66	37026.53
293.73	37003.48
293.80	36977.91
293.86	36946.05
293.93	36909.38
294.00	36886.51
294.06	36863.45
294.13	36859.05
294.19	36848.33
294.26	36838.98
294.33	36828.13
294.39	36816.87
294.46	36802.75
294.52	36787.90
294.59	36775.77
294.66	36763.51
294.72	36759.78
294.79	36747.32
294.86	36746.59
294.92	36737.61
294.99	36742.05
295.05	36748.37
295.12	36744.75
295.19	36744.42
295.25	36744.45
295.32	36726.13
295.38	36707.05
295.45	36706.22
295.52	36692.85
295.58	36679.37
295.65	36672.13
295.71	36661.75
295.78	36629.87
295.85	36595.06
295.91	36577.88
295.98	36554.98
296.04	36521.23
296.11	36499.69
296.18	36501.58
296.24	36487.96
296.31	36475.50
296.37	36475.37
296.44	36491.61
296.51	36483.93
296.57	36481.08
296.64	36498.07
296.70	36519.99
296.77	36515.50
296.84	36514.99
296.90	36517.15
296.97	36493.09
297.03	36469.31
297.10	36452.54
297.17	36444.06
297.23	36438.88
297.30	36448.39
297.36	36441.43
297.43	36443.31
297.50	36449.12
297.56	36437.86
297.63	36424.92
297.69	36413.14
297.76	36386.87
297.82	36352.09
297.89	36332.47
297.96	36307.99
298.02	36291.25
298.09	36280.34
298.15	36274.57
298.22	36271.56
298.29	36253.55
298.35	36246.63
298.42	36244.99
298.48	36232.50
298.55	36220.03
298.61	36226.81
298.68	36229.74
298.75	36231.91
298.81	36232.64
298.88	36229.53
298.94	36227.89
299.01	36226.20
299.08	36215.93
299.14	36218.57
299.21	36209.16
299.27	36202.92
299.34	36187.97
299.40	36180.95
299.47	36168.34
299.54	36161.22
299.60	36149.03
299.67	36127.15
299.73	36100.57
299.80	36060.01
299.86	36016.13
299.93	35971.44
299.99	35947.59
300.06	35921.59
300.13	35910.02
300.19	35903.63
300.26	35893.24
300.32	35882.97
300.39	35871.57
300.45	35867.35
300.52	35873.29
300.59	35883.55
300.65	35887.57
300.72	35904.87
300.78	35913.11
300.85	35911.31
300.91	35901.77
300.98	35886.38
301.04	35861.71
301.11	35845.12
301.18	35837.05
301.24	35822.32
301.31	35805.75
301.37	35790.86
301.44	35770.17
301.50	35733.12
301.57	35707.75
301.63	35692.08
301.70	35674.99
301.77	35645.74
301.83	35611.35
301.90	35579.17
301.96	35532.27
302.03	35486.53
302.09	35457.11
302.16	35436.71
302.22	35428.00
302.29	35408.61
302.36	35400.73
302.42	35373.89
302.49	35357.06
302.55	35326.63
302.62	35314.37
302.68	35295.73
302.75	35291.53
302.81	35276.43
302.88	35261.77
302.94	35242.57
303.01	35225.67
303.07	35198.43
303.14	35179.45
303.21	35157.33
303.27	35139.52
303.34	35109.90
303.40	35087.95
303.47	35058.71
303.53	35030.87
303.60	35002.22
303.66	34972.73
303.73	34943.47
303.79	34914.40
303.86	34878.08
303.92	34842.16
303.99	34803.84
304.05	34749.71
304.12	34699.92
304.19	34663.69
304.25	34611.79
304.32	34573.49
304.38	34544.63
304.45	34514.55
304.51	34473.37
304.58	34454.75
304.64	34427.13
304.71	34404.20
304.77	34364.15
304.84	34332.16
304.90	34304.99
304.97	34267.08
305.03	34229.13
305.10	34204.34
305.16	34178.05
305.23	34138.16
305.29	34112.18
305.36	34064.35
305.42	34028.65
305.49	33992.07
305.56	33958.37
305.62	33913.93
305.69	33886.42
305.75	33847.93
305.82	33780.21
305.88	33681.63
305.95	33563.69
306.01	33434.51
306.08	33307.29
306.14	33205.45
306.21	33130.10
306.27	33082.31
306.34	33062.55
306.40	33041.45
306.47	33034.80
306.53	33062.87
306.60	33086.03
306.66	33094.03
306.73	33095.67
306.79	33074.59
306.86	33026.32
306.92	32975.79
306.99	32928.31
307.05	32885.25
307.12	32858.63
307.18	32819.91
307.25	32777.67
307.31	32731.74
307.38	32676.90
307.44	32621.33
307.51	32570.91
307.57	32523.48
307.64	32476.99
307.70	32437.17
307.77	32391.98
307.83	32339.57
307.90	32299.08
307.96	32248.42
308.03	32184.72
308.09	32125.65
308.16	32074.50
308.22	32009.70
308.29	31956.79
308.35	31914.33
308.42	31870.09
308.48	31809.22
308.55	31749.25
308.61	31692.11
308.68	31640.43
308.74	31575.61
308.81	31541.67
308.87	31512.12
308.94	31472.45
309.00	31432.49
309.07	31396.87
309.13	31342.46
309.20	31289.17
309.26	31230.89
309.33	31169.17
309.39	31105.85
309.45	31048.27
309.52	30984.99
309.58	30939.01
309.65	30880.59
309.71	30823.47
309.78	30767.85
309.84	30715.00
309.91	30648.98
309.97	30597.33
310.04	30554.33
310.10	30504.24
310.17	30447.84
310.23	30398.23
310.30	30354.74
310.36	30301.97
310.43	30244.05
310.49	30198.01
310.56	30146.75
310.62	30080.07
310.69	30014.29
310.75	29953.46
310.81	29890.64
310.88	29834.57
310.94	29786.27
311.01	29739.93
311.07	29696.15
311.14	29639.31
311.20	29592.24
311.27	29536.01
311.33	29483.31
311.40	29432.17
311.46	29395.49
311.53	29342.63
311.59	29304.84
311.66	29263.08
311.72	29209.18
311.78	29152.69
311.85	29105.56
311.91	29064.38
311.98	29016.49
312.04	28980.89
312.11	28947.41
312.17	28911.49
312.24	28863.63
312.30	28809.73
312.37	28749.51
312.43	28692.47
312.50	28630.37
312.56	28566.33
312.62	28507.13
312.69	28449.08
312.75	28384.25
312.82	28316.21
312.88	28254.29
312.95	28199.47
313.01	28150.29
313.08	28094.78
313.14	28053.40
313.20	27999.43
313.27	27947.77
313.33	27893.09
313.40	27851.01
313.46	27785.87
313.53	27737.72
313.59	27687.10
313.66	27641.33
313.72	27591.85
313.78	27550.26
313.85	27505.29
313.91	27467.91
313.98	27425.18
314.04	27380.27
314.11	27343.19
314.17	27294.67
314.24	27243.06
314.30	27192.64
314.36	27137.05
314.43	27086.65
314.49	27041.33
314.56	26986.09
314.62	26923.79
314.69	26873.57
314.75	26816.09
314.81	26761.79
314.88	26715.59
314.94	26677.45
315.01	26638.27
315.07	26590.85
315.14	26544.81
315.20	26503.45
315.27	26451.07
315.33	26405.05
315.39	26355.46
315.46	26307.73
315.52	26244.36
315.59	26200.96
315.65	26146.17
315.72	26102.39
315.78	26056.25
315.84	26016.93
315.91	25980.99
315.97	25944.17
316.04	25929.04
316.10	25901.99
316.16	25863.15
316.23	25793.19
316.29	25697.20
316.36	25546.09
316.42	25365.95
316.49	25165.53
316.55	24949.91
316.61	24735.79
316.68	24512.40
316.74	24300.18
316.81	24090.23
316.87	23878.22
316.93	23656.12
317.00	23447.99
317.06	23237.15
317.13	23019.81
317.19	22801.11
317.26	22585.15
317.32	22365.24
317.38	22143.84
317.45	21924.33
317.51	21716.06
317.58	21509.97
317.64	21295.91
317.70	21084.23
317.77	20880.14
317.83	20669.23
317.90	20458.91
317.96	20257.18
318.02	20055.01
318.09	19857.97
318.15	19660.23
318.22	19454.14
318.28	19248.71
318.34	19033.97
318.41	18806.70
318.47	18579.04
318.54	18370.93
318.60	18159.95
318.66	17962.51
318.73	17763.05
318.79	17571.66
318.86	17368.03
318.92	17168.17
318.98	16975.69
319.05	16783.73
319.11	16588.99
319.18	16397.93
319.24	16207.46
319.30	15996.95
319.37	15809.64
319.43	15625.71
319.50	15434.54
319.56	15245.01
319.62	15066.24
319.69	14879.84
319.75	14692.01
319.82	14510.82
319.88	14326.87
319.94	14143.63
320.01	13959.99
320.07	13769.83
320.13	13584.83
320.20	13404.12
320.26	13218.43
320.33	13032.73
320.39	12851.22
320.45	12663.68
320.52	12478.51
320.58	12301.71
320.65	12120.82
320.71	11938.83
320.77	11768.57
320.84	11593.67
320.90	11418.40
320.96	11237.59
321.03	11058.49
321.09	10871.86
321.16	10689.90
321.22	10500.09
321.28	10324.00
321.35	10151.86
321.41	9980.11
321.47	9808.62
321.54	9646.87
321.60	9474.07
321.67	9300.68
321.73	9128.47
321.79	8955.31
321.86	8780.67
321.92	8608.27
321.98	8426.27
322.05	8243.22
322.11	8052.30
322.18	7861.80
322.24	7676.32
322.30	7500.71
322.37	7329.72
322.43	7159.06
322.49	6996.82
322.56	6825.12
322.62	6655.86
322.68	6475.86
322.75	6310.53
322.81	6129.20
322.88	5956.32
322.94	5782.85
323.00	5615.74
323.07	5440.66
323.13	5277.84
323.19	5113.11
323.26	4953.74
323.32	4795.83
323.38	4639.01
323.45	4415.24
323.51	3779.62
323.57	2899.16
323.64	1982.89
323.70	1101.79
323.76	316.41
323.83	-22.70
323.89	-87.44
323.96	-89.64
