180.25	3487.23
180.33	-128.08
180.40	646.85
180.48	-40.89
180.56	-2.00
180.63	29.54
180.71	65.77
180.78	67.05
180.86	69.73
180.93	72.87
181.01	74.62
181.08	73.22
181.16	72.72
181.23	73.74
181.31	74.22
181.39	94.33
181.46	101.99
181.54	110.81
181.61	125.26
181.69	133.79
181.76	127.90
181.84	124.66
181.91	126.88
181.99	129.82
182.06	131.77
182.14	139.16
182.22	145.74
182.29	157.74
182.37	163.96
182.44	177.58
182.52	178.90
182.59	197.92
182.67	208.28
182.74	215.94
182.82	221.08
182.89	229.74
182.97	229.21
183.04	238.48
183.12	250.47
183.20	274.66
183.27	296.39
183.35	335.49
183.42	371.74
183.50	424.28
183.57	464.89
183.65	524.88
183.72	584.12
183.80	650.98
183.87	709.53
183.95	766.62
184.02	823.41
184.10	862.93
184.17	886.16
184.25	885.35
184.32	873.38
184.40	836.73
184.47	777.42
184.55	727.40
184.62	721.88
184.70	754.18
184.78	821.25
184.85	954.13
184.93	1109.82
185.00	1263.35
185.08	1418.94
185.15	1570.16
185.23	1717.24
185.30	1856.84
185.38	1984.58
185.45	2113.08
185.53	2252.62
185.60	2383.81
185.68	2536.58
185.75	2659.87
185.83	2751.40
185.90	2810.54
185.98	2791.36
186.05	2689.99
186.13	2553.19
186.20	2365.09
186.28	2189.74
186.35	2118.77
186.43	2160.02
186.50	2310.74
186.58	2568.06
186.65	2854.80
186.73	3142.32
186.80	3404.20
186.88	3652.30
186.95	3907.34
187.03	4164.64
187.10	4401.85
187.18	4659.30
187.25	4890.28
187.33	5113.11
187.40	5351.51
187.48	5560.62
187.55	5744.95
187.63	5907.42
187.70	5967.90
187.78	5946.62
187.85	5874.36
187.93	5657.23
188.00	5321.08
188.08	4952.28
188.15	4630.51
188.23	4438.53
188.30	4436.34
188.38	4638.18
188.45	4999.12
188.53	5407.41
188.60	5784.85
188.68	6134.30
188.75	6446.10
188.83	6762.58
188.90	7035.45
188.98	7299.92
189.05	7575.78
189.13	7819.38
189.20	8029.92
189.28	8243.65
189.35	8432.11
189.43	8598.60
189.50	8772.80
189.58	8878.60
189.65	8923.92
189.73	8912.64
189.80	8780.48
189.87	8533.23
189.95	8211.67
190.02	7789.28
190.10	7315.09
190.17	6963.08
190.25	6817.04
190.32	6879.37
190.40	7141.61
190.47	7562.97
190.55	8007.54
190.62	8407.15
190.70	8752.09
190.77	9075.46
190.85	9384.38
190.92	9646.16
191.00	9879.04
191.07	10101.93
191.15	10292.22
191.22	10464.13
191.29	10626.22
191.37	10759.16
191.44	10879.20
191.52	10997.39
191.59	11075.74
191.67	11139.72
191.74	11189.26
191.82	11178.54
191.89	11126.96
191.97	11064.36
192.04	10959.23
192.12	10781.46
192.19	10537.74
192.27	10241.83
192.34	9978.75
192.41	9843.19
192.49	9863.47
192.56	10061.18
192.64	10389.98
192.71	10752.66
192.79	11070.06
192.86	11356.32
192.94	11577.22
193.01	11774.87
193.09	11955.59
193.16	12133.92
193.23	12311.66
193.31	12486.02
193.38	12662.78
193.46	12810.57
193.53	12931.60
193.61	13030.76
193.68	13112.29
193.76	13163.17
193.83	13216.46
193.91	13273.74
193.98	13325.42
194.05	13381.72
194.13	13433.33
194.20	13464.70
194.28	13464.30
194.35	13426.39
194.43	13353.66
194.50	13237.40
194.58	13096.52
194.65	12983.64
194.72	12945.21
194.80	12993.72
194.87	13127.74
194.95	13346.10
195.02	13585.83
195.10	13800.51
195.17	13991.70
195.25	14164.50
195.32	14311.33
195.39	14435.39
195.47	14542.91
195.54	14640.20
195.62	14710.09
195.69	14744.86
195.77	14746.44
195.84	14725.22
195.91	14675.47
195.99	14654.28
196.06	14673.79
196.14	14749.66
196.21	14854.92
196.29	14992.72
196.36	15130.95
196.43	15258.26
196.51	15372.28
196.58	15470.68
196.66	15550.70
196.73	15613.94
196.81	15662.54
196.88	15690.00
196.95	15709.01
197.03	15701.30
197.10	15673.62
197.18	15639.30
197.25	15619.20
197.33	15613.19
197.40	15634.02
197.47	15674.80
197.55	15747.81
197.62	15824.85
197.70	15922.66
197.77	16046.07
197.84	16186.25
197.92	16319.34
197.99	16453.61
198.07	16578.02
198.14	16674.99
198.22	16769.68
198.29	16840.11
198.36	16900.70
198.44	16961.59
198.51	17015.14
198.59	17030.36
198.66	17044.21
198.73	17035.46
198.81	17004.52
198.88	16961.24
198.96	16938.30
199.03	16942.67
199.10	17007.44
199.18	17098.15
199.25	17220.88
199.33	17377.03
199.40	17532.50
199.48	17648.58
199.55	17755.54
199.62	17848.46
199.70	17931.55
199.77	18007.08
199.85	18087.81
199.92	18168.98
199.99	18249.69
200.07	18288.61
200.14	18304.42
200.22	18279.48
200.29	18205.57
200.36	18136.85
200.44	18105.82
200.51	18118.48
200.59	18190.30
200.66	18307.54
200.73	18429.72
200.81	18561.75
200.88	18678.12
200.95	18806.76
201.03	18933.38
201.10	19074.88
201.18	19198.26
201.25	19313.50
201.32	19395.53
201.40	19476.10
201.47	19537.63
201.55	19587.00
201.62	19619.19
201.69	19621.31
201.77	19606.70
201.84	19582.99
201.92	19550.07
201.99	19512.03
202.06	19515.59
202.14	19549.54
202.21	19622.24
202.28	19733.16
202.36	19882.82
202.43	20042.52
202.51	20200.37
202.58	20341.03
202.65	20460.76
202.73	20575.04
202.80	20680.20
202.87	20787.46
202.95	20891.10
203.02	20992.37
203.10	21063.49
203.17	21110.79
203.24	21123.15
203.32	21073.23
203.39	20967.48
203.46	20865.60
203.54	20798.74
203.61	20777.76
203.69	20850.97
203.76	21010.16
203.83	21192.97
203.91	21359.03
203.98	21530.11
204.05	21681.75
204.13	21812.10
204.20	21942.34
204.28	22084.07
204.35	22190.48
204.42	22278.49
204.50	22369.43
204.57	22444.38
204.64	22492.54
204.72	22547.49
204.79	22569.61
204.86	22546.44
204.94	22513.38
205.01	22478.04
205.09	22428.84
205.16	22401.06
205.23	22418.83
205.31	22482.04
205.38	22587.86
205.45	22730.02
205.53	22915.32
205.60	23111.25
205.67	23297.26
205.75	23454.40
205.82	23597.24
205.89	23703.51
205.97	23817.93
206.04	23909.28
206.12	24009.86
206.19	24107.89
206.26	24194.11
206.34	24255.18
206.41	24282.44
206.48	24262.13
206.56	24185.73
206.63	24073.55
206.70	23942.60
206.78	23879.54
206.85	23891.51
206.92	23996.55
207.00	24185.72
207.07	24417.48
207.14	24637.34
207.22	24843.54
207.29	25022.57
207.36	25175.66
207.44	25312.50
207.51	25435.78
207.58	25551.66
207.66	25656.80
207.73	25764.10
207.80	25864.48
207.88	25948.64
207.95	25995.14
208.02	26029.72
208.10	26008.52
208.17	25933.63
208.25	25839.72
208.32	25765.82
208.39	25718.95
208.47	25728.24
208.54	25805.20
208.61	25940.66
208.69	26096.23
208.76	26247.76
208.83	26422.11
208.90	26596.87
208.98	26756.16
209.05	26898.30
209.12	27040.02
209.20	27167.04
209.27	27285.61
209.34	27402.90
209.42	27530.34
209.49	27638.59
209.56	27725.79
209.64	27801.81
209.71	27831.54
209.78	27823.10
209.86	27775.63
209.93	27717.03
210.00	27641.63
210.08	27588.02
210.15	27567.62
210.22	27624.40
210.30	27725.17
210.37	27864.58
210.44	28042.32
210.52	28226.18
210.59	28378.86
210.66	28516.28
210.74	28649.90
210.81	28771.07
210.88	28904.44
210.96	29037.62
211.03	29165.51
211.10	29293.71
211.17	29412.72
211.25	29495.00
211.32	29568.54
211.39	29618.52
211.47	29621.21
211.54	29566.84
211.61	29485.36
211.69	29397.46
211.76	29352.38
211.83	29368.00
211.91	29471.60
211.98	29622.88
212.05	29808.62
212.12	29970.97
212.20	30123.17
212.27	30247.98
212.34	30363.98
212.42	30466.65
212.49	30577.03
212.56	30681.33
212.64	30784.65
212.71	30901.87
212.78	31013.28
212.85	31127.22
212.93	31215.32
213.00	31299.77
213.07	31367.45
213.15	31392.74
213.22	31379.14
213.29	31355.66
213.37	31327.90
213.44	31295.79
213.51	31315.36
213.58	31364.76
213.66	31451.98
213.73	31558.24
213.80	31679.35
213.88	31818.83
213.95	31950.08
214.02	32061.34
214.09	32174.48
214.17	32289.34
214.24	32398.71
214.31	32512.50
214.39	32632.91
214.46	32746.71
214.53	32848.93
214.60	32922.53
214.68	32995.27
214.75	33064.94
214.82	33117.08
214.90	33154.58
214.97	33171.60
215.04	33145.81
215.11	33102.84
215.19	33074.56
215.26	33095.41
215.33	33157.88
215.41	33286.69
215.48	33453.78
215.55	33609.60
215.62	33735.35
215.70	33845.96
215.77	33940.74
215.84	34032.51
215.91	34123.09
215.99	34225.55
216.06	34326.10
216.13	34424.24
216.21	34502.72
216.28	34592.81
216.35	34679.10
216.42	34762.51
216.50	34825.70
216.57	34888.26
216.64	34923.82
216.71	34931.32
216.79	34919.97
216.86	34927.12
216.93	34954.41
217.01	35009.11
217.08	35092.43
217.15	35192.20
217.22	35284.05
217.30	35362.14
217.37	35439.28
217.44	35518.70
217.51	35609.36
217.59	35707.27
217.66	35820.09
217.73	35930.34
217.80	36028.62
217.88	36126.78
217.95	36229.40
218.02	36309.30
218.09	36382.22
218.17	36461.83
218.24	36539.74
218.31	36613.18
218.38	36680.12
218.46	36738.27
218.53	36760.92
218.60	36761.16
218.67	36739.57
218.75	36737.22
218.82	36760.42
218.89	36829.53
218.96	36934.84
219.04	37050.20
219.11	37168.46
219.18	37277.66
219.25	37376.08
219.33	37463.25
219.40	37566.90
219.47	37671.88
219.54	37761.17
219.62	37849.67
219.69	37926.15
219.76	38019.83
219.83	38092.88
219.91	38184.44
219.98	38270.20
220.05	38356.32
220.12	38419.42
220.20	38477.96
220.27	38522.56
220.34	38536.06
220.41	38534.68
220.49	38532.90
220.56	38554.41
220.63	38586.43
220.70	38663.98
220.78	38770.37
220.85	38872.68
220.92	38958.49
220.99	39036.24
221.06	39102.45
221.14	39175.43
221.21	39241.53
221.28	39325.77
221.35	39414.42
221.43	39501.62
221.50	39579.04
221.57	39667.64
221.64	39754.54
221.72	39838.59
221.79	39922.39
221.86	39994.16
221.93	40073.33
222.00	40139.26
222.08	40215.48
222.15	40263.08
222.22	40305.78
222.29	40341.32
222.37	40387.06
222.44	40419.50
222.51	40468.06
222.58	40534.84
222.65	40607.52
222.73	40676.93
222.80	40753.01
222.87	40846.27
222.94	40925.43
223.02	40991.44
223.09	41055.44
223.16	41124.91
223.23	41189.16
223.30	41271.42
223.38	41365.47
223.45	41462.04
223.52	41555.26
223.59	41648.64
223.66	41723.88
223.74	41790.12
223.81	41840.92
223.88	41884.98
223.95	41927.34
224.03	41963.98
224.10	42002.55
224.17	42053.64
224.24	42094.24
224.31	42148.90
224.39	42212.75
224.46	42280.42
224.53	42355.31
224.60	42443.92
224.67	42521.04
224.75	42609.29
224.82	42701.69
224.89	42788.86
224.96	42882.05
225.03	42969.64
225.11	43052.92
225.18	43127.20
225.25	43208.09
225.32	43278.96
225.39	43356.28
225.47	43422.72
225.54	43493.06
225.61	43555.30
225.68	43597.92
225.75	43640.41
225.83	43692.76
225.90	43747.26
225.97	43821.84
226.04	43915.22
226.11	44011.99
226.19	44106.62
226.26	44199.41
226.33	44277.48
226.40	44344.04
226.47	44408.39
226.54	44484.44
226.62	44564.34
226.69	44643.67
226.76	44736.95
226.83	44841.28
226.90	44919.71
226.98	44974.96
227.05	45019.38
227.12	45066.16
227.19	45100.82
227.26	45152.67
227.34	45226.56
227.41	45312.87
227.48	45396.36
227.55	45476.86
227.62	45555.91
227.69	45625.40
227.77	45699.40
227.84	45775.64
227.91	45842.23
227.98	45897.56
228.05	45959.03
228.12	46011.38
228.20	46070.05
228.27	46140.49
228.34	46221.01
228.41	46312.22
228.48	46397.98
228.56	46491.77
228.63	46581.67
228.70	46677.44
228.77	46760.62
228.84	46853.86
228.91	46944.05
228.99	47046.74
229.06	47143.07
229.13	47243.50
229.20	47331.39
229.27	47417.10
229.34	47483.57
229.42	47549.10
229.49	47612.44
229.56	47697.44
229.63	47774.04
229.70	47840.34
229.77	47911.29
229.85	47981.43
229.92	48032.04
229.99	48069.77
230.06	48128.82
230.13	48200.60
230.20	48278.93
230.27	48357.92
230.35	48463.42
230.42	48572.20
230.49	48678.82
230.56	48777.02
230.63	48892.84
230.70	48967.16
230.78	49044.65
230.85	49098.56
230.92	49149.23
230.99	49207.94
231.06	49306.52
231.13	49402.02
231.20	49524.58
231.28	49643.31
231.35	49747.72
231.42	49833.80
231.49	49916.30
231.56	49989.52
231.63	50070.51
231.71	50137.42
231.78	50205.19
231.85	50272.46
231.92	50334.80
231.99	50390.17
232.06	50466.50
232.13	50560.94
232.21	50659.58
232.28	50750.59
232.35	50840.68
232.42	50919.20
232.49	50995.98
232.56	51095.22
232.63	51198.98
232.71	51305.62
232.78	51410.60
232.85	51509.25
232.92	51582.70
232.99	51654.68
233.06	51725.77
233.13	51777.66
233.20	51823.14
233.28	51863.91
233.35	51894.42
233.42	51942.42
233.49	52017.59
233.56	52107.85
233.63	52202.76
233.70	52315.53
233.78	52415.20
233.85	52520.64
233.92	52610.90
233.99	52698.36
234.06	52781.10
234.13	52878.06
234.20	52954.93
234.27	53034.52
234.35	53103.11
234.42	53169.80
234.49	53221.24
234.56	53266.19
234.63	53301.03
234.70	53340.08
234.77	53385.14
234.84	53430.42
234.92	53489.94
234.99	53566.98
235.06	53651.16
235.13	53731.20
235.20	53818.87
235.27	53895.40
235.34	53976.60
235.41	54047.20
235.48	54127.61
235.56	54202.70
235.63	54278.98
235.70	54329.35
235.77	54387.34
235.84	54416.01
235.91	54441.97
235.98	54472.40
236.05	54514.15
236.12	54555.82
236.20	54601.05
236.27	54646.75
236.34	54694.86
236.41	54735.70
236.48	54777.04
236.55	54820.41
236.62	54869.52
236.69	54912.13
236.76	54979.53
236.84	55048.98
236.91	55115.60
236.98	55186.20
237.05	55245.76
237.12	55279.65
237.19	55314.28
237.26	55365.61
237.33	55400.21
237.40	55445.40
237.47	55483.32
237.55	55527.84
237.62	55585.15
237.69	55653.92
237.76	55725.63
237.83	55817.79
237.90	55892.16
237.97	55941.72
238.04	55990.66
238.11	56038.88
238.18	56089.62
238.26	56128.13
238.33	56159.34
238.40	56185.92
238.47	56210.83
238.54	56217.90
238.61	56231.20
238.68	56258.32
238.75	56281.44
238.82	56326.18
238.89	56371.87
238.96	56432.22
239.04	56489.10
239.11	56541.92
239.18	56570.11
239.25	56590.11
239.32	56603.52
239.39	56617.06
239.46	56617.00
239.53	56616.34
239.60	56622.26
239.67	56637.54
239.74	56647.04
239.81	56672.32
239.89	56705.91
239.96	56738.64
240.03	56769.60
240.10	56805.61
240.17	56833.20
240.24	56851.00
240.31	56883.22
240.38	56915.44
240.45	56972.22
240.52	57037.60
240.59	57113.72
240.66	57175.21
240.73	57226.68
240.80	57235.90
240.88	57238.82
240.95	57247.08
241.02	57261.51
241.09	57271.64
241.16	57295.61
241.23	57327.19
241.30	57319.21
241.37	57288.33
241.44	57277.44
241.51	57272.04
241.58	57283.66
241.65	57319.65
241.72	57378.88
241.79	57416.29
241.86	57435.64
241.94	57422.90
242.01	57412.36
242.08	57386.59
242.15	57375.74
242.22	57377.76
242.29	57399.58
242.36	57420.08
242.43	57432.10
242.50	57432.32
242.57	57423.64
242.64	57412.70
242.71	57400.65
242.78	57398.79
242.85	57397.48
242.92	57410.88
242.99	57416.93
243.06	57424.50
243.14	57432.17
243.21	57452.97
243.28	57474.14
243.35	57496.56
243.42	57520.04
243.49	57555.95
243.56	57571.35
243.63	57591.60
243.70	57600.15
243.77	57606.95
243.84	57595.10
243.91	57586.70
243.98	57564.80
244.05	57536.48
244.12	57503.84
244.19	57484.08
244.26	57469.27
244.33	57448.69
244.40	57437.06
244.47	57424.49
244.54	57406.75
244.62	57385.70
244.69	57365.68
244.76	57362.33
244.83	57366.98
244.90	57378.31
244.97	57389.98
245.04	57402.72
245.11	57415.40
245.18	57409.05
245.25	57402.52
245.32	57412.09
245.39	57437.27
245.46	57439.77
245.53	57446.79
245.60	57445.12
245.67	57427.23
245.74	57401.23
245.81	57388.36
245.88	57366.64
245.95	57351.26
246.02	57325.03
246.09	57280.41
246.16	57228.23
246.23	57187.76
246.30	57162.60
246.37	57163.40
246.44	57194.90
246.51	57221.39
246.58	57253.54
246.65	57276.60
246.72	57291.00
246.79	57282.27
246.87	57282.40
246.94	57276.35
247.01	57252.69
247.08	57209.26
247.15	57157.69
247.22	57102.52
247.29	57044.90
247.36	57009.62
247.43	56980.00
247.50	56966.77
247.57	56976.42
247.64	57002.74
247.71	57016.44
247.78	57041.08
247.85	57073.31
247.92	57086.83
247.99	57083.92
248.06	57061.39
248.13	57035.84
248.20	57003.40
248.27	56970.90
248.34	56946.18
248.41	56943.99
248.48	56947.92
248.55	56937.39
248.62	56939.60
248.69	56937.82
248.76	56929.21
248.83	56907.94
248.90	56889.24
248.97	56844.68
249.04	56807.84
249.11	56768.98
249.18	56731.72
249.25	56694.58
249.32	56659.57
249.39	56602.64
249.46	56554.09
249.53	56521.00
249.60	56481.59
249.67	56455.40
249.74	56458.93
249.81	56465.18
249.88	56465.99
249.95	56490.45
250.02	56520.90
250.09	56529.52
250.16	56536.70
250.23	56529.42
250.30	56522.76
250.37	56513.76
250.44	56518.41
250.51	56515.01
250.58	56529.99
250.65	56526.82
250.72	56490.74
250.79	56445.16
250.86	56412.78
250.93	56359.46
251.00	56307.58
251.07	56295.39
251.14	56282.48
251.21	56256.29
251.28	56237.46
251.35	56220.59
251.42	56188.20
251.49	56162.08
251.56	56131.22
251.63	56113.21
251.70	56097.10
251.77	56079.20
251.84	56046.68
251.91	56003.84
251.98	55950.14
252.05	55896.92
252.12	55851.58
252.18	55820.33
252.25	55805.86
252.32	55809.65
252.39	55818.88
252.46	55808.31
252.53	55791.62
252.60	55778.76
252.67	55752.08
252.74	55721.22
252.81	55696.16
252.88	55673.13
252.95	55645.15
253.02	55608.22
253.09	55578.10
253.16	55573.71
253.23	55559.68
253.30	55556.76
253.37	55552.76
253.44	55542.67
253.51	55497.38
253.58	55470.88
253.65	55454.96
253.72	55456.32
253.79	55451.02
253.86	55459.15
253.93	55450.19
254.00	55428.28
254.07	55396.78
254.14	55357.89
254.21	55310.56
254.28	55274.69
254.35	55243.00
254.41	55217.83
254.48	55206.20
254.55	55196.28
254.62	55174.52
254.69	55129.98
254.76	55085.04
254.83	55026.09
254.90	54994.02
254.97	54979.82
255.04	54984.09
255.11	54965.15
255.18	54947.21
255.25	54900.91
255.32	54860.24
255.39	54815.12
255.46	54789.39
255.53	54775.07
255.60	54769.64
255.67	54750.05
255.74	54731.85
255.81	54719.08
255.87	54710.43
255.94	54693.55
256.01	54685.52
256.08	54661.60
256.15	54621.18
256.22	54576.44
256.29	54556.28
256.36	54505.25
256.43	54478.86
256.50	54468.59
256.57	54464.35
256.64	54428.38
256.71	54429.36
256.78	54404.37
256.85	54368.56
256.92	54338.34
256.99	54329.12
257.05	54304.12
257.12	54301.88
257.19	54281.80
257.26	54248.40
257.33	54195.30
257.40	54147.77
257.47	54089.62
257.54	54060.09
257.61	54030.94
257.68	54023.29
257.75	54011.52
257.82	54001.24
257.89	53983.69
257.96	53960.76
258.03	53916.71
258.09	53870.52
258.16	53818.76
258.23	53748.56
258.30	53701.66
258.37	53662.28
258.44	53624.11
258.51	53593.86
258.58	53588.62
258.65	53568.70
258.72	53562.40
258.79	53531.64
258.86	53511.16
258.93	53482.60
258.99	53448.40
259.06	53407.94
259.13	53379.03
259.20	53333.66
259.27	53291.90
259.34	53262.18
259.41	53241.58
259.48	53241.59
259.55	53241.98
259.62	53229.00
259.69	53201.21
259.76	53161.58
259.82	53098.00
259.89	53061.36
259.96	53041.46
260.03	53003.68
260.10	52961.92
260.17	52923.07
260.24	52854.46
260.31	52792.30
260.38	52762.69
260.45	52745.86
260.52	52739.73
260.59	52719.89
260.65	52689.02
260.72	52662.62
260.79	52634.59
260.86	52603.41
260.93	52582.48
261.00	52552.65
261.07	52500.45
261.14	52434.24
261.21	52369.88
261.28	52320.13
261.34	52259.64
261.41	52202.83
261.48	52155.06
261.55	52106.16
261.62	52053.04
261.69	52016.67
261.76	51989.69
261.83	51968.36
261.90	51949.18
261.97	51917.14
262.03	51892.89
262.10	51867.06
262.17	51829.70
262.24	51800.38
262.31	51782.02
262.38	51754.26
262.45	51721.86
262.52	51688.38
262.59	51642.76
262.65	51601.40
262.72	51552.42
262.79	51509.61
262.86	51473.38
262.93	51433.77
263.00	51391.96
263.07	51344.40
263.14	51296.58
263.21	51257.21
263.27	51225.73
263.34	51192.20
263.41	51158.95
263.48	51116.30
263.55	51070.96
263.62	51003.13
263.69	50935.81
263.76	50888.74
263.82	50845.20
263.89	50802.86
263.96	50794.23
264.03	50770.10
264.10	50739.73
264.17	50694.13
264.24	50635.17
264.31	50578.54
264.38	50546.72
264.44	50501.90
264.51	50468.82
264.58	50450.54
264.65	50418.35
264.72	50362.60
264.79	50309.57
264.86	50269.60
264.92	50209.86
264.99	50161.55
265.06	50124.95
265.13	50096.42
265.20	50084.09
265.27	50076.56
265.34	50048.82
265.41	50022.08
265.47	49988.24
265.54	49921.16
265.61	49868.06
265.68	49838.53
265.75	49795.35
265.82	49750.53
265.89	49705.43
265.95	49673.00
266.02	49605.53
266.09	49565.56
266.16	49535.58
266.23	49514.66
266.30	49473.36
266.37	49432.32
266.44	49363.58
266.50	49291.94
266.57	49218.41
266.64	49145.32
266.71	49088.83
266.78	49041.16
266.85	48982.35
266.91	48930.80
266.98	48873.80
267.05	48816.09
267.12	48770.56
267.19	48748.26
267.26	48718.25
267.33	48688.89
267.39	48671.70
267.46	48653.12
267.53	48619.17
267.60	48593.22
267.67	48566.63
267.74	48539.29
267.81	48496.24
267.87	48451.90
267.94	48399.94
268.01	48353.86
268.08	48295.80
268.15	48249.90
268.22	48213.12
268.28	48182.77
268.35	48142.70
268.42	48117.20
268.49	48085.70
268.56	48046.05
268.63	47994.94
268.69	47950.78
268.76	47888.47
268.83	47822.87
268.90	47779.56
268.97	47745.15
269.04	47731.70
269.11	47714.49
269.17	47709.42
269.24	47686.35
269.31	47662.30
269.38	47609.53
269.45	47575.70
269.52	47524.17
269.58	47480.44
269.65	47417.95
269.72	47370.16
269.79	47326.45
269.86	47304.30
269.92	47270.06
269.99	47248.41
270.06	47212.23
270.13	47169.18
270.20	47112.06
270.27	47065.99
270.33	47036.66
270.40	47001.45
270.47	46967.08
270.54	46944.52
270.61	46918.87
270.68	46895.48
270.74	46884.08
270.81	46863.74
270.88	46841.05
270.95	46814.72
271.02	46762.59
271.08	46714.56
271.15	46668.67
271.22	46613.87
271.29	46561.08
271.36	46507.88
271.43	46460.11
271.49	46434.28
271.56	46418.28
271.63	46404.20
271.70	46400.88
271.77	46408.35
271.83	46380.60
271.90	46341.17
271.97	46295.33
272.04	46246.28
272.11	46199.98
272.17	46184.00
272.24	46163.06
272.31	46146.72
272.38	46133.64
272.45	46110.12
272.52	46062.48
272.58	46039.64
272.65	46029.10
272.72	46012.56
272.79	45975.88
272.86	45954.62
272.92	45917.44
272.99	45862.20
273.06	45821.30
273.13	45789.55
273.20	45758.94
273.26	45728.24
273.33	45715.04
273.40	45687.20
273.47	45671.74
273.54	45640.29
273.60	45612.76
273.67	45580.00
273.74	45553.34
273.81	45518.56
273.88	45508.64
273.94	45499.38
274.01	45482.74
274.08	45468.12
274.15	45442.74
274.21	45402.30
274.28	45355.18
274.35	45294.54
274.42	45231.28
274.49	45181.21
274.55	45147.66
274.62	45122.88
274.69	45106.24
274.76	45077.67
274.83	45055.21
274.89	45023.76
274.96	44984.48
275.03	44957.07
275.10	44941.31
275.17	44914.25
275.23	44875.46
275.30	44839.64
275.37	44798.82
275.44	44764.86
275.50	44720.72
275.57	44683.78
275.64	44648.99
275.71	44597.64
275.78	44556.67
275.84	44535.13
275.91	44506.32
275.98	44457.46
276.05	44434.24
276.11	44406.19
276.18	44381.50
276.25	44346.24
276.32	44325.70
276.39	44293.18
276.45	44240.90
276.52	44180.13
276.59	44137.20
276.66	44106.76
276.72	44078.55
276.79	44066.20
276.86	44049.62
276.93	44035.64
276.99	44003.69
277.06	43980.09
277.13	43944.16
277.20	43917.12
277.26	43876.73
277.33	43847.73
277.40	43819.25
277.47	43788.32
277.54	43742.31
277.60	43712.09
277.67	43675.50
277.74	43630.94
277.81	43583.57
277.87	43558.96
277.94	43523.44
278.01	43487.58
278.08	43449.29
278.14	43430.24
278.21	43400.07
278.28	43382.83
278.35	43372.69
278.41	43358.40
278.48	43334.64
278.55	43309.12
278.62	43270.23
278.68	43232.32
278.75	43196.62
278.82	43170.66
278.89	43143.11
278.95	43115.76
279.02	43077.56
279.09	43049.78
279.16	43020.02
279.22	42985.71
279.29	42948.46
279.36	42918.35
279.43	42874.87
279.49	42810.29
279.56	42744.86
279.63	42685.36
279.70	42626.95
279.76	42582.00
279.83	42564.58
279.90	42559.66
279.97	42551.52
280.03	42535.50
280.10	42513.96
280.17	42486.16
280.24	42437.01
280.30	42396.14
280.37	42349.36
280.44	42306.95
280.51	42257.75
280.57	42217.48
280.64	42161.66
280.71	42113.76
280.77	42053.29
280.84	41970.38
280.91	41891.38
280.98	41811.04
281.04	41739.50
281.11	41662.48
281.18	41613.69
281.25	41561.10
281.31	41512.51
281.38	41446.69
281.45	41398.95
281.52	41344.46
281.58	41286.94
281.65	41238.19
281.72	41199.96
281.78	41161.96
281.85	41132.64
281.92	41107.99
281.99	41081.70
282.05	41049.67
282.12	41017.39
282.19	40978.07
282.26	40942.05
282.32	40905.22
282.39	40893.80
282.46	40860.88
282.52	40834.34
282.59	40800.88
282.66	40779.52
282.73	40737.56
282.79	40703.08
282.86	40661.91
282.93	40612.72
282.99	40558.91
283.06	40516.15
283.13	40466.14
283.20	40400.66
283.26	40337.19
283.33	40266.59
283.40	40186.88
283.46	40124.61
283.53	40076.30
283.60	40043.08
283.67	40023.38
283.73	40003.96
283.80	39975.50
283.87	39957.76
283.93	39948.01
284.00	39923.98
284.07	39896.25
284.13	39873.38
284.20	39851.78
284.27	39817.22
284.34	39785.71
284.40	39765.70
284.47	39757.86
284.54	39740.91
284.60	39732.00
284.67	39716.25
284.74	39694.23
284.81	39664.42
284.87	39635.14
284.94	39597.64
285.01	39557.82
285.07	39513.90
285.14	39477.06
285.21	39445.58
285.27	39410.52
285.34	39394.46
285.41	39377.46
285.47	39356.30
285.54	39324.25
285.61	39301.43
285.68	39264.58
285.74	39231.66
285.81	39197.22
285.88	39171.76
285.94	39148.82
286.01	39120.90
286.08	39107.40
286.14	39090.20
286.21	39065.58
286.28	39047.77
286.34	39030.34
286.41	39000.53
286.48	38960.08
286.55	38926.04
286.61	38896.08
286.68	38871.32
286.75	38842.54
286.81	38816.48
286.88	38787.21
286.95	38738.12
287.01	38707.00
287.08	38678.88
287.15	38658.49
287.21	38643.46
287.28	38631.47
287.35	38609.20
287.41	38591.68
287.48	38579.12
287.55	38549.99
287.61	38519.41
287.68	38485.47
287.75	38455.22
287.81	38409.72
287.88	38379.35
287.95	38365.12
288.01	38340.80
288.08	38312.80
288.15	38284.83
288.21	38256.35
288.28	38216.19
288.35	38190.52
288.41	38171.03
288.48	38164.34
288.55	38157.20
288.61	38148.16
288.68	38129.13
288.75	38099.67
288.81	38061.92
288.88	38030.57
288.95	38011.44
289.01	37994.85
289.08	37987.16
289.15	37989.35
289.21	37981.00
289.28	37958.40
289.35	37944.68
289.41	37913.68
289.48	37895.28
289.55	37875.51
289.61	37862.24
289.68	37855.68
289.75	37855.19
289.81	37835.04
289.88	37820.11
289.95	37803.59
290.01	37761.12
290.08	37725.78
290.15	37689.68
290.21	37649.09
290.28	37623.29
290.35	37616.26
290.41	37605.26
290.48	37602.88
290.55	37598.38
290.61	37570.12
290.68	37540.13
290.74	37521.21
290.81	37505.28
290.88	37488.91
290.94	37480.63
291.01	37470.47
291.08	37454.12
291.14	37442.71
291.21	37433.04
291.28	37413.16
291.34	37405.93
291.41	37396.64
291.48	37373.51
291.54	37355.38
291.61	37345.28
291.68	37328.01
291.74	37302.35
291.81	37281.16
291.87	37277.30
291.94	37263.59
292.01	37240.50
292.07	37231.82
292.14	37210.94
292.21	37168.12
292.27	37141.54
292.34	37124.78
292.41	37105.20
292.47	37089.40
292.54	37084.42
292.60	37073.26
292.67	37064.12
292.74	37051.03
292.80	37048.26
292.87	37037.60
292.94	37032.15
293.00	37011.64
293.07	37000.65
293.13	36992.16
293.20	36983.31
293.27	36972.27
293.33	36968.68
293.40	36964.10
293.47	36947.73
293.53	36936.08
293.60	36931.46
293.66	36918.09
293.73	36895.72
293.80	36871.00
293.86	36851.24
293.93	36824.62
294.00	36799.72
294.06	36775.01
294.13	36765.24
294.19	36743.32
294.26	36727.43
294.33	36721.20
294.39	36710.68
294.46	36703.85
294.52	36697.25
294.59	36685.77
294.66	36672.38
294.72	36666.56
294.79	36649.24
294.86	36636.94
294.92	36630.84
294.99	36631.32
295.05	36634.00
295.12	36637.00
295.19	36643.18
295.25	36640.83
295.32	36628.02
295.38	36611.06
295.45	36612.18
295.52	36600.37
295.58	36575.18
295.65	36554.03
295.71	36530.94
295.78	36493.54
295.85	36468.07
295.91	36457.46
295.98	36440.68
296.04	36417.64
296.11	36402.14
296.18	36393.74
296.24	36385.96
296.31	36378.13
296.37	36385.50
296.44	36396.10
296.51	36388.28
296.57	36379.64
296.64	36388.43
296.70	36395.78
296.77	36390.67
296.84	36397.07
296.90	36397.50
296.97	36382.71
297.03	36367.64
297.10	36361.50
297.17	36352.02
297.23	36358.93
297.30	36368.79
297.36	36364.50
297.43	36354.03
297.50	36347.54
297.56	36323.44
297.63	36308.98
297.69	36289.56
297.76	36266.10
297.82	36234.42
297.89	36216.56
297.96	36189.81
298.02	36175.46
298.09	36160.79
298.15	36154.27
298.22	36142.89
298.29	36128.11
298.35	36110.91
298.42	36104.10
298.48	36101.72
298.55	36093.00
298.61	36102.51
298.68	36116.42
298.75	36112.69
298.81	36110.08
298.88	36118.70
298.94	36106.29
299.01	36102.97
299.08	36108.20
299.14	36104.83
299.21	36089.92
299.27	36086.84
299.34	36062.08
299.40	36047.74
299.47	36032.24
299.54	36023.99
299.60	36009.06
299.67	35997.55
299.73	35981.63
299.80	35948.26
299.86	35913.16
299.93	35880.00
299.99	35860.23
300.06	35824.76
300.13	35810.93
300.19	35799.28
300.26	35786.08
300.32	35778.86
300.39	35779.58
300.45	35787.88
300.52	35795.19
300.59	35807.88
300.65	35812.67
300.72	35820.38
300.78	35810.97
300.85	35809.55
300.91	35791.47
300.98	35773.95
301.04	35754.88
301.11	35742.75
301.18	35721.66
301.24	35711.60
301.31	35695.35
301.37	35673.50
301.44	35653.72
301.50	35636.16
301.57	35612.85
301.63	35607.70
301.70	35589.64
301.77	35566.53
301.83	35534.68
301.90	35498.14
301.96	35444.47
302.03	35400.74
302.09	35368.91
302.16	35343.66
302.22	35328.48
302.29	35310.96
302.36	35297.08
302.42	35277.06
302.49	35262.11
302.55	35244.79
302.62	35234.01
302.68	35226.71
302.75	35218.63
302.81	35196.16
302.88	35178.30
302.94	35155.35
303.01	35131.79
303.07	35098.67
303.14	35078.80
303.21	35049.70
303.27	35026.10
303.34	35007.66
303.40	34984.29
303.47	34954.61
303.53	34926.00
303.60	34899.28
303.66	34863.33
303.73	34837.90
303.79	34809.20
303.86	34773.40
303.92	34730.23
303.99	34694.68
304.05	34645.10
304.12	34589.73
304.19	34556.98
304.25	34518.26
304.32	34481.56
304.38	34449.52
304.45	34420.79
304.51	34384.40
304.58	34368.18
304.64	34333.12
304.71	34318.15
304.77	34293.22
304.84	34259.98
304.90	34218.08
304.97	34182.74
305.03	34131.30
305.10	34102.98
305.16	34080.86
305.23	34051.40
305.29	34031.27
305.36	33994.85
305.42	33953.12
305.49	33910.42
305.56	33864.22
305.62	33820.96
305.69	33788.97
305.75	33745.66
305.82	33684.50
305.88	33590.96
305.95	33470.06
306.01	33345.39
306.08	33217.18
306.14	33113.47
306.21	33044.60
306.27	32998.85
306.34	32965.21
306.40	32952.82
306.47	32943.36
306.53	32964.28
306.60	32974.64
306.66	32987.86
306.73	32989.75
306.79	32966.92
306.86	32920.11
306.92	32868.70
306.99	32827.20
307.05	32781.29
307.12	32749.15
307.18	32708.02
307.25	32670.87
307.31	32620.06
307.38	32571.18
307.44	32527.03
307.51	32485.11
307.57	32439.65
307.64	32400.71
307.70	32361.06
307.77	32312.41
307.83	32262.30
307.90	32212.76
307.96	32161.66
308.03	32108.47
308.09	32045.94
308.16	31984.92
308.22	31935.13
308.29	31878.18
308.35	31822.70
308.42	31778.47
308.48	31720.27
308.55	31664.17
308.61	31612.28
308.68	31565.41
308.74	31505.10
308.81	31466.61
308.87	31432.66
308.94	31396.35
309.00	31348.90
309.07	31313.64
309.13	31266.00
309.20	31215.56
309.26	31150.12
309.33	31084.46
309.39	31025.91
309.45	30968.80
309.52	30903.88
309.58	30854.08
309.65	30807.90
309.71	30749.50
309.78	30699.63
309.84	30643.37
309.91	30583.92
309.97	30519.75
310.04	30473.39
310.10	30412.38
310.17	30364.62
310.23	30308.67
310.30	30264.76
310.36	30212.50
310.43	30163.38
310.49	30098.37
310.56	30050.70
310.62	29991.22
310.69	29928.46
310.75	29864.52
310.81	29815.91
310.88	29760.23
310.94	29715.32
311.01	29664.32
311.07	29624.04
311.14	29570.75
311.20	29515.73
311.27	29458.44
311.33	29414.62
311.40	29359.40
311.46	29313.88
311.53	29270.99
311.59	29231.40
311.66	29184.62
311.72	29138.85
311.78	29087.28
311.85	29033.22
311.91	28985.81
311.98	28934.14
312.04	28890.36
312.11	28845.52
312.17	28813.40
312.24	28769.06
312.30	28722.39
312.37	28657.60
312.43	28605.93
312.50	28540.04
312.56	28475.14
312.62	28413.25
312.69	28358.64
312.75	28300.36
312.82	28234.56
312.88	28175.22
312.95	28120.24
313.01	28068.59
313.08	28013.32
313.14	27967.76
313.20	27912.66
313.27	27857.90
313.33	27800.21
313.40	27749.01
313.46	27696.56
313.53	27652.39
313.59	27599.21
313.66	27562.52
313.72	27521.62
313.78	27476.78
313.85	27427.83
313.91	27389.77
313.98	27341.53
314.04	27291.38
314.11	27245.98
314.17	27197.03
314.24	27142.85
314.30	27099.12
314.36	27049.11
314.43	27001.44
314.49	26957.91
314.56	26911.88
314.62	26855.58
314.69	26803.94
314.75	26751.45
314.81	26693.14
314.88	26646.52
314.94	26598.56
315.01	26550.39
315.07	26496.44
315.14	26452.78
315.20	26406.76
315.27	26358.86
315.33	26318.32
315.39	26278.20
315.46	26237.53
315.52	26175.34
315.59	26131.37
315.65	26079.23
315.72	26037.44
315.78	25991.10
315.84	25959.10
315.91	25919.86
315.97	25885.37
316.04	25866.08
316.10	25830.40
316.16	25787.57
316.23	25713.74
316.29	25609.71
316.36	25451.80
316.42	25281.72
316.49	25087.38
316.55	24877.78
316.61	24664.36
316.68	24455.38
316.74	24239.67
316.81	24019.04
316.87	23796.37
316.93	23577.24
317.00	23356.75
317.06	23142.16
317.13	22928.86
317.19	22719.74
317.26	22505.48
317.32	22290.40
317.38	22074.39
317.45	21854.34
317.51	21650.07
317.58	21444.59
317.64	21239.28
317.70	21032.84
317.77	20832.31
317.83	20627.07
317.90	20417.34
317.96	20203.12
318.02	19994.82
318.09	19794.54
318.15	19585.43
318.22	19378.26
318.28	19174.01
318.34	18961.91
318.41	18739.34
318.47	18519.54
318.54	18311.06
318.60	18100.18
318.66	17899.42
318.73	17695.08
318.79	17496.44
318.86	17302.07
318.92	17109.67
318.98	16918.48
319.05	16733.43
319.11	16542.80
319.18	16346.14
319.24	16155.91
319.30	15950.92
319.37	15761.58
319.43	15576.36
319.50	15385.33
319.56	15192.18
319.62	15010.89
319.69	14821.81
319.75	14637.75
319.82	14456.77
319.88	14277.23
319.94	14095.36
320.01	13915.96
320.07	13726.86
320.13	13542.94
320.20	13359.38
320.26	13172.81
320.33	12986.52
320.39	12805.16
320.45	12615.73
320.52	12431.67
320.58	12251.51
320.65	12071.30
320.71	11890.09
320.77	11723.40
320.84	11546.46
320.90	11376.16
320.96	11200.24
321.03	11022.32
321.09	10834.16
321.16	10651.32
321.22	10462.88
321.28	10286.46
321.35	10118.28
321.41	9949.93
321.47	9784.04
321.54	9620.92
321.60	9439.87
321.67	9266.45
321.73	9095.42
321.79	8924.34
321.86	8753.20
321.92	8587.17
321.98	8401.68
322.05	8215.62
322.11	8025.89
322.18	7832.93
322.24	7644.88
322.30	7467.78
322.37	7298.73
322.43	7123.55
322.49	6960.88
322.56	6787.32
322.62	6620.32
322.68	6444.64
322.75	6282.55
322.81	6104.15
322.88	5938.06
322.94	5764.54
323.00	5592.90
323.07	5420.53
323.13	5254.48
323.19	5090.22
323.26	4928.69
323.32	4773.86
323.38	4613.86
323.45	4397.10
323.51	3761.54
323.57	2887.99
323.64	1974.99
323.70	1098.71
323.76	312.45
323.83	-23.64
323.89	-88.45
323.96	-88.82
