180.25	3495.20
180.33	-130.15
180.40	648.20
180.48	-40.01
180.56	0.44
180.63	33.11
180.71	71.27
180.78	72.80
180.86	75.24
180.93	79.43
181.01	82.01
181.08	80.46
181.16	79.47
181.23	80.88
181.31	80.62
181.39	101.47
181.46	110.04
181.54	119.91
181.61	135.09
181.69	143.34
181.76	137.74
181.84	132.92
181.91	135.30
181.99	137.66
182.06	140.01
182.14	145.70
182.22	153.12
182.29	165.30
182.37	170.70
182.44	184.96
182.52	186.36
182.59	204.84
182.67	213.96
182.74	221.28
182.82	225.05
182.89	234.50
182.97	234.67
183.04	245.10
183.12	256.40
183.20	280.56
183.27	300.67
183.35	337.27
183.42	369.68
183.50	421.67
183.57	458.35
183.65	515.57
183.72	572.03
183.80	638.28
183.87	694.47
183.95	752.19
184.02	810.19
184.10	849.74
184.17	871.40
184.25	870.74
184.32	858.66
184.40	822.56
184.47	764.65
184.55	716.64
184.62	713.00
184.70	746.15
184.78	810.94
184.85	942.63
184.93	1097.16
185.00	1246.60
185.08	1397.80
185.15	1546.36
185.23	1691.09
185.30	1829.00
185.38	1956.82
185.45	2082.36
185.53	2217.81
185.60	2342.89
185.68	2489.02
185.75	2609.59
185.83	2702.35
185.90	2761.70
185.98	2749.17
186.05	2654.91
186.13	2521.64
186.20	2336.07
186.28	2168.09
186.35	2101.70
186.43	2143.72
186.50	2296.95
186.58	2554.31
186.65	2838.54
186.73	3123.98
186.80	3382.60
186.88	3626.00
186.95	3877.97
187.03	4132.45
187.10	4365.10
187.18	4623.08
187.25	4857.17
187.33	5082.53
187.40	5324.96
187.48	5539.44
187.55	5719.22
187.63	5873.42
187.70	5939.04
187.78	5912.85
187.85	5837.24
187.93	5629.49
188.00	5303.50
188.08	4935.97
188.15	4620.88
188.23	4428.39
188.30	4420.78
188.38	4619.19
188.45	4979.62
188.53	5380.12
188.60	5757.66
188.68	6108.62
188.75	6418.74
188.83	6726.45
188.90	7001.52
188.98	7264.68
189.05	7536.54
189.13	7783.68
189.20	7995.18
189.28	8217.62
189.35	8417.04
189.43	8588.57
189.50	8751.75
189.58	8860.28
189.65	8899.26
189.73	8878.03
189.80	8745.10
189.87	8508.06
189.95	8190.76
190.02	7766.43
190.10	7297.56
190.17	6953.52
190.25	6812.96
190.32	6874.82
190.40	7139.70
190.47	7562.16
190.55	8010.10
190.62	8406.44
190.70	8751.25
190.77	9075.26
190.85	9382.28
190.92	9635.72
191.00	9868.68
191.07	10090.64
191.15	10277.02
191.22	10442.72
191.29	10604.43
191.37	10735.62
191.44	10850.54
191.52	10967.10
191.59	11050.94
191.67	11116.84
191.74	11167.74
191.82	11162.22
191.89	11118.45
191.97	11056.42
192.04	10946.58
192.12	10772.33
192.19	10532.62
192.27	10237.32
192.34	9978.52
192.41	9854.21
192.49	9878.49
192.56	10070.67
192.64	10397.48
192.71	10757.63
192.79	11072.66
192.86	11351.45
192.94	11572.72
193.01	11768.37
193.09	11942.71
193.16	12120.56
193.23	12296.76
193.31	12469.22
193.38	12651.90
193.46	12801.69
193.53	12918.43
193.61	13019.02
193.68	13102.08
193.76	13146.06
193.83	13203.96
193.91	13262.89
193.98	13313.46
194.05	13369.74
194.13	13422.96
194.20	13456.85
194.28	13453.72
194.35	13414.74
194.43	13337.56
194.50	13221.28
194.58	13072.86
194.65	12959.12
194.72	12930.31
194.80	12988.52
194.87	13128.27
194.95	13353.30
195.02	13597.18
195.10	13799.64
195.17	13993.38
195.25	14162.87
195.32	14311.42
195.39	14445.30
195.47	14568.35
195.54	14666.27
195.62	14732.02
195.69	14759.66
195.77	14748.71
195.84	14710.37
195.91	14647.44
195.99	14622.16
196.06	14644.79
196.14	14719.94
196.21	14832.33
196.29	14986.41
196.36	15140.96
196.43	15277.59
196.51	15399.66
196.58	15504.15
196.66	15574.98
196.73	15632.04
196.81	15672.55
196.88	15693.88
196.95	15704.42
197.03	15698.10
197.10	15666.26
197.18	15631.73
197.25	15604.00
197.33	15600.36
197.40	15623.20
197.47	15660.66
197.55	15731.02
197.62	15816.82
197.70	15911.65
197.77	16027.74
197.84	16172.99
197.92	16301.99
197.99	16442.68
198.07	16570.15
198.14	16678.05
198.22	16775.01
198.29	16856.94
198.36	16913.43
198.44	16975.32
198.51	17022.30
198.59	17041.97
198.66	17044.54
198.73	17023.61
198.81	16989.40
198.88	16940.90
198.96	16906.01
199.03	16905.99
199.10	16976.60
199.18	17068.74
199.25	17200.20
199.33	17363.72
199.40	17522.30
199.48	17641.42
199.55	17751.08
199.62	17841.00
199.70	17928.94
199.77	18008.74
199.85	18093.45
199.92	18165.35
199.99	18237.29
200.07	18271.60
200.14	18285.03
200.22	18251.98
200.29	18181.18
200.36	18110.07
200.44	18072.44
200.51	18085.71
200.59	18157.37
200.66	18274.93
200.73	18405.99
200.81	18537.69
200.88	18661.23
200.95	18791.07
201.03	18923.79
201.10	19064.74
201.18	19197.05
201.25	19310.42
201.32	19394.24
201.40	19474.40
201.47	19529.88
201.55	19568.34
201.62	19595.12
201.69	19591.01
201.77	19562.13
201.84	19540.66
201.92	19505.80
201.99	19462.32
202.06	19456.94
202.14	19495.79
202.21	19572.06
202.28	19693.30
202.36	19854.00
202.43	20028.46
202.51	20194.16
202.58	20338.43
202.65	20463.60
202.73	20589.56
202.80	20700.57
202.87	20809.06
202.95	20913.71
203.02	21011.46
203.10	21064.38
203.17	21107.73
203.24	21117.96
203.32	21057.62
203.39	20942.85
203.46	20833.66
203.54	20748.66
203.61	20727.78
203.69	20808.32
203.76	20964.13
203.83	21152.39
203.91	21332.52
203.98	21509.98
204.05	21654.16
204.13	21801.56
204.20	21945.70
204.28	22083.08
204.35	22190.34
204.42	22291.41
204.50	22375.52
204.57	22449.67
204.64	22515.49
204.72	22562.39
204.79	22574.36
204.86	22547.38
204.94	22499.70
205.01	22440.16
205.09	22378.58
205.16	22344.37
205.23	22355.32
205.31	22416.89
205.38	22521.86
205.45	22677.66
205.53	22867.40
205.60	23071.53
205.67	23258.62
205.75	23421.58
205.82	23568.22
205.89	23693.90
205.97	23803.67
206.04	23910.02
206.12	24024.66
206.19	24122.25
206.26	24202.65
206.34	24266.26
206.41	24289.02
206.48	24254.80
206.56	24158.36
206.63	24024.34
206.70	23884.28
206.78	23797.73
206.85	23806.30
206.92	23922.53
207.00	24122.62
207.07	24364.30
207.14	24600.82
207.22	24810.64
207.29	24996.83
207.36	25158.28
207.44	25305.46
207.51	25431.91
207.58	25559.35
207.66	25667.60
207.73	25774.41
207.80	25868.94
207.88	25947.86
207.95	25992.73
208.02	26015.47
208.10	25983.10
208.17	25900.06
208.25	25797.93
208.32	25714.46
208.39	25665.55
208.47	25679.87
208.54	25750.73
208.61	25886.96
208.69	26041.22
208.76	26196.89
208.83	26366.31
208.90	26545.12
208.98	26718.87
209.05	26880.30
209.12	27033.14
209.20	27164.91
209.27	27300.02
209.34	27409.51
209.42	27524.56
209.49	27628.68
209.56	27720.03
209.64	27779.94
209.71	27814.25
209.78	27801.86
209.86	27745.67
209.93	27670.02
210.00	27586.34
210.08	27519.26
210.15	27484.61
210.22	27533.78
210.30	27637.74
210.37	27791.23
210.44	27971.78
210.52	28174.94
210.59	28347.44
210.66	28493.53
210.74	28625.76
210.81	28754.58
210.88	28886.75
210.96	29004.69
211.03	29138.49
211.10	29265.66
211.17	29388.21
211.25	29472.46
211.32	29555.89
211.39	29598.48
211.47	29600.68
211.54	29543.70
211.61	29450.92
211.69	29347.27
211.76	29289.98
211.83	29300.98
211.91	29396.76
211.98	29553.30
212.05	29748.80
212.12	29923.67
212.20	30074.86
212.27	30209.34
212.34	30321.26
212.42	30430.81
212.49	30542.16
212.56	30644.67
212.64	30751.25
212.71	30878.86
212.78	30984.84
212.85	31089.73
212.93	31191.42
213.00	31271.77
213.07	31328.18
213.15	31354.03
213.22	31346.47
213.29	31319.86
213.37	31286.10
213.44	31257.45
213.51	31273.45
213.58	31325.30
213.66	31399.70
213.73	31509.27
213.80	31640.12
213.88	31776.43
213.95	31898.82
214.02	32018.96
214.09	32134.76
214.17	32250.06
214.24	32367.79
214.31	32491.64
214.39	32615.43
214.46	32726.34
214.53	32825.85
214.60	32898.77
214.68	32971.46
214.75	33036.25
214.82	33096.05
214.90	33134.09
214.97	33149.30
215.04	33117.38
215.11	33074.32
215.19	33038.00
215.26	33045.73
215.33	33103.95
215.41	33230.12
215.48	33395.93
215.55	33562.27
215.62	33699.32
215.70	33826.69
215.77	33939.00
215.84	34043.20
215.91	34133.36
215.99	34227.36
216.06	34315.73
216.13	34396.69
216.21	34480.01
216.28	34563.50
216.35	34649.30
216.42	34747.30
216.50	34829.74
216.57	34888.22
216.64	34926.92
216.71	34936.34
216.79	34913.03
216.86	34902.50
216.93	34924.73
217.01	34976.38
217.08	35057.72
217.15	35144.97
217.22	35238.37
217.30	35318.89
217.37	35402.72
217.44	35490.86
217.51	35595.36
217.59	35707.24
217.66	35813.71
217.73	35919.44
217.80	36015.73
217.88	36113.02
217.95	36209.54
218.02	36302.03
218.09	36375.62
218.17	36465.50
218.24	36555.57
218.31	36626.04
218.38	36688.57
218.46	36750.98
218.53	36764.45
218.60	36747.52
218.67	36729.78
218.75	36730.50
218.82	36741.15
218.89	36799.68
218.96	36901.38
219.04	37019.30
219.11	37139.26
219.18	37257.70
219.25	37362.76
219.33	37455.65
219.40	37555.21
219.47	37654.74
219.54	37736.21
219.62	37822.83
219.69	37915.92
219.76	38016.42
219.83	38101.53
219.91	38201.18
219.98	38295.26
220.05	38369.27
220.12	38419.04
220.20	38467.95
220.27	38505.72
220.34	38517.87
220.41	38509.24
220.49	38507.21
220.56	38510.30
220.63	38555.64
220.70	38626.23
220.78	38745.22
220.85	38854.30
220.92	38946.72
220.99	39019.42
221.06	39092.68
221.14	39151.42
221.21	39220.50
221.28	39313.69
221.35	39400.10
221.43	39490.66
221.50	39575.69
221.57	39660.10
221.64	39748.42
221.72	39835.54
221.79	39925.45
221.86	40003.92
221.93	40080.20
222.00	40138.92
222.08	40202.06
222.15	40239.32
222.22	40279.17
222.29	40315.12
222.37	40360.06
222.44	40407.79
222.51	40467.97
222.58	40525.13
222.65	40597.80
222.73	40660.72
222.80	40733.76
222.87	40819.88
222.94	40911.16
223.02	40995.96
223.09	41075.35
223.16	41142.48
223.23	41213.96
223.30	41299.33
223.38	41383.40
223.45	41478.87
223.52	41570.10
223.59	41667.01
223.66	41741.56
223.74	41813.41
223.81	41872.72
223.88	41924.25
223.95	41957.70
224.03	41989.67
224.10	42023.67
224.17	42064.61
224.24	42105.31
224.31	42157.02
224.39	42228.36
224.46	42302.06
224.53	42380.64
224.60	42460.02
224.67	42532.22
224.75	42612.24
224.82	42686.39
224.89	42777.56
224.96	42886.07
225.03	42994.44
225.11	43083.17
225.18	43181.06
225.25	43254.14
225.32	43317.70
225.39	43386.80
225.47	43461.77
225.54	43517.56
225.61	43565.02
225.68	43606.72
225.75	43650.02
225.83	43694.62
225.90	43760.68
225.97	43847.95
226.04	43938.12
226.11	44031.39
226.19	44130.01
226.26	44221.28
226.33	44293.60
226.40	44372.40
226.47	44441.94
226.54	44513.20
226.62	44577.50
226.69	44664.62
226.76	44758.38
226.83	44857.52
226.90	44939.85
226.98	45003.42
227.05	45053.32
227.12	45099.16
227.19	45129.71
227.26	45172.36
227.34	45243.72
227.41	45320.82
227.48	45408.96
227.55	45490.84
227.62	45575.91
227.69	45663.74
227.77	45746.03
227.84	45818.46
227.91	45890.29
227.98	45958.10
228.05	46008.92
228.12	46065.50
228.20	46120.74
228.27	46196.30
228.34	46272.46
228.41	46367.64
228.48	46455.90
228.56	46547.75
228.63	46640.01
228.70	46728.92
228.77	46809.89
228.84	46901.98
228.91	46992.05
228.99	47090.08
229.06	47193.96
229.13	47285.21
229.20	47377.92
229.27	47459.43
229.34	47531.54
229.42	47594.72
229.49	47675.70
229.56	47755.66
229.63	47842.10
229.70	47913.68
229.77	47975.36
229.85	48021.79
229.92	48065.55
229.99	48100.05
230.06	48151.64
230.13	48233.93
230.20	48328.40
230.27	48434.10
230.35	48544.12
230.42	48652.40
230.49	48750.26
230.56	48844.16
230.63	48934.80
230.70	49016.60
230.78	49086.88
230.85	49150.09
230.92	49215.58
230.99	49271.72
231.06	49355.00
231.13	49459.05
231.20	49579.30
231.28	49693.10
231.35	49795.05
231.42	49890.83
231.49	49978.36
231.56	50047.11
231.63	50128.54
231.71	50208.14
231.78	50276.02
231.85	50335.31
231.92	50404.24
231.99	50464.72
232.06	50540.93
232.13	50634.42
232.21	50734.08
232.28	50826.00
232.35	50912.78
232.42	50994.93
232.49	51074.33
232.56	51172.77
232.63	51275.21
232.71	51381.87
232.78	51491.76
232.85	51594.97
232.92	51668.58
232.99	51742.21
233.06	51804.60
233.13	51865.30
233.20	51906.10
233.28	51946.80
233.35	51983.43
233.42	52036.04
233.49	52102.06
233.56	52183.05
233.63	52280.78
233.70	52387.20
233.78	52494.20
233.85	52606.81
233.92	52708.11
233.99	52796.74
234.06	52887.17
234.13	52970.30
234.20	53030.69
234.27	53100.18
234.35	53163.48
234.42	53221.46
234.49	53283.83
234.56	53339.64
234.63	53389.73
234.70	53444.22
234.77	53487.77
234.84	53526.56
234.92	53575.60
234.99	53639.86
235.06	53715.27
235.13	53805.46
235.20	53911.04
235.27	54001.99
235.34	54092.40
235.41	54168.40
235.48	54246.02
235.56	54311.28
235.63	54393.74
235.70	54445.40
235.77	54499.12
235.84	54533.74
235.91	54557.18
235.98	54574.74
236.05	54616.98
236.12	54662.99
236.20	54698.73
236.27	54744.51
236.34	54791.03
236.41	54835.10
236.48	54880.42
236.55	54932.26
236.62	54977.92
236.69	55033.79
236.76	55100.24
236.84	55163.12
236.91	55228.91
236.98	55312.00
237.05	55369.34
237.12	55406.93
237.19	55441.62
237.26	55491.60
237.33	55527.08
237.40	55571.29
237.47	55623.56
237.55	55678.96
237.62	55727.16
237.69	55791.74
237.76	55861.49
237.83	55929.62
237.90	55996.42
237.97	56050.94
238.04	56095.84
238.11	56135.54
238.18	56184.47
238.26	56221.49
238.33	56256.14
238.40	56285.80
238.47	56325.92
238.54	56344.18
238.61	56355.41
238.68	56381.63
238.75	56397.53
238.82	56423.00
238.89	56465.34
238.96	56529.43
239.04	56578.53
239.11	56642.44
239.18	56681.71
239.25	56703.97
239.32	56724.42
239.39	56736.24
239.46	56736.59
239.53	56738.91
239.60	56739.76
239.67	56752.18
239.74	56775.64
239.81	56798.12
239.89	56826.33
239.96	56863.12
240.03	56884.90
240.10	56904.72
240.17	56932.01
240.24	56959.80
240.31	56991.46
240.38	57035.78
240.45	57101.42
240.52	57169.63
240.59	57229.86
240.66	57284.70
240.73	57327.13
240.80	57355.57
240.88	57375.16
240.95	57396.65
241.02	57416.73
241.09	57434.47
241.16	57454.73
241.23	57467.17
241.30	57458.58
241.37	57435.30
241.44	57417.82
241.51	57408.49
241.58	57411.69
241.65	57451.82
241.72	57502.35
241.79	57541.16
241.86	57558.45
241.94	57564.83
242.01	57548.71
242.08	57537.35
242.15	57538.36
242.22	57548.57
242.29	57552.98
242.36	57568.24
242.43	57565.86
242.50	57553.34
242.57	57534.19
242.64	57537.84
242.71	57531.50
242.78	57548.49
242.85	57554.00
242.92	57572.54
242.99	57581.12
243.06	57584.63
243.14	57581.46
243.21	57602.18
243.28	57623.10
243.35	57640.08
243.42	57679.91
243.49	57715.80
243.56	57740.09
243.63	57757.51
243.70	57770.20
243.77	57759.21
243.84	57749.28
243.91	57728.62
243.98	57700.85
244.05	57671.31
244.12	57647.32
244.19	57626.58
244.26	57613.08
244.33	57596.82
244.40	57578.50
244.47	57571.88
244.54	57560.88
244.62	57530.14
244.69	57506.26
244.76	57502.76
244.83	57500.23
244.90	57495.00
244.97	57516.32
245.04	57547.54
245.11	57553.23
245.18	57552.73
245.25	57565.86
245.32	57580.83
245.39	57591.73
245.46	57600.77
245.53	57589.14
245.60	57572.26
245.67	57562.36
245.74	57550.88
245.81	57542.10
245.88	57530.85
245.95	57525.54
246.02	57496.36
246.09	57447.00
246.16	57397.48
246.23	57359.03
246.30	57326.43
246.37	57322.12
246.44	57337.14
246.51	57370.80
246.58	57409.91
246.65	57437.20
246.72	57454.15
246.79	57459.80
246.87	57456.32
246.94	57448.14
247.01	57419.63
247.08	57366.65
247.15	57303.98
247.22	57225.50
247.29	57152.83
247.36	57104.90
247.43	57080.72
247.50	57076.18
247.57	57092.48
247.64	57129.06
247.71	57156.98
247.78	57182.13
247.85	57215.07
247.92	57252.15
247.99	57244.67
248.06	57232.35
248.13	57211.22
248.20	57185.13
248.27	57142.76
248.34	57121.96
248.41	57115.87
248.48	57103.39
248.55	57089.62
248.62	57083.38
248.69	57085.38
248.76	57068.86
248.83	57057.00
248.90	57026.04
248.97	56987.46
249.04	56946.23
249.11	56908.16
249.18	56873.65
249.25	56848.48
249.32	56810.90
249.39	56766.70
249.46	56711.58
249.53	56664.66
249.60	56627.34
249.67	56613.75
249.74	56598.99
249.81	56606.98
249.88	56622.16
249.95	56648.03
250.02	56675.32
250.09	56700.14
250.16	56719.85
250.23	56719.29
250.30	56706.26
250.37	56691.82
250.44	56678.71
250.51	56655.33
250.58	56650.58
250.65	56645.42
250.72	56603.02
250.79	56564.96
250.86	56539.54
250.93	56503.86
251.00	56453.34
251.07	56441.33
251.14	56430.21
251.21	56414.01
251.28	56392.56
251.35	56380.94
251.42	56359.82
251.49	56336.23
251.56	56314.21
251.63	56297.03
251.70	56287.44
251.77	56264.93
251.84	56239.70
251.91	56197.16
251.98	56137.71
252.05	56071.84
252.12	56023.39
252.18	55972.90
252.25	55944.72
252.32	55953.30
252.39	55957.18
252.46	55956.61
252.53	55962.22
252.60	55952.47
252.67	55912.38
252.74	55884.84
252.81	55850.60
252.88	55821.06
252.95	55791.35
253.02	55769.38
253.09	55740.72
253.16	55729.50
253.23	55706.96
253.30	55711.78
253.37	55710.68
253.44	55695.52
253.51	55664.76
253.58	55646.81
253.65	55621.89
253.72	55615.70
253.79	55611.41
253.86	55614.36
253.93	55600.44
254.00	55585.17
254.07	55550.65
254.14	55515.32
254.21	55478.80
254.28	55458.33
254.35	55427.58
254.41	55398.12
254.48	55380.36
254.55	55364.06
254.62	55333.70
254.69	55288.24
254.76	55252.13
254.83	55212.96
254.90	55176.31
254.97	55158.76
255.04	55154.33
255.11	55138.46
255.18	55106.90
255.25	55060.42
255.32	55019.35
255.39	54989.74
255.46	54958.71
255.53	54949.50
255.60	54944.26
255.67	54923.86
255.74	54906.08
255.81	54905.72
255.87	54900.76
255.94	54887.06
256.01	54866.27
256.08	54822.90
256.15	54775.45
256.22	54733.72
256.29	54695.19
256.36	54660.11
256.43	54636.74
256.50	54623.11
256.57	54605.99
256.64	54594.06
256.71	54583.69
256.78	54569.05
256.85	54545.18
256.92	54519.36
256.99	54504.55
257.05	54487.10
257.12	54475.22
257.19	54445.81
257.26	54402.77
257.33	54341.60
257.40	54294.22
257.47	54238.44
257.54	54203.44
257.61	54178.04
257.68	54174.22
257.75	54154.51
257.82	54153.06
257.89	54141.95
257.96	54130.02
258.03	54092.59
258.09	54061.90
258.16	54003.26
258.23	53932.22
258.30	53879.70
258.37	53832.54
258.44	53777.87
258.51	53752.93
258.58	53747.32
258.65	53727.70
258.72	53715.02
258.79	53691.08
258.86	53650.58
258.93	53621.09
258.99	53579.32
259.06	53540.21
259.13	53513.78
259.20	53481.09
259.27	53433.98
259.34	53403.77
259.41	53389.88
259.48	53389.08
259.55	53383.46
259.62	53378.56
259.69	53354.31
259.76	53304.36
259.82	53248.44
259.89	53215.01
259.96	53179.94
260.03	53146.40
260.10	53113.24
260.17	53070.49
260.24	53007.21
260.31	52948.68
260.38	52909.48
260.45	52904.84
260.52	52888.56
260.59	52873.95
260.65	52848.43
260.72	52826.89
260.79	52781.36
260.86	52744.74
260.93	52721.44
261.00	52680.70
261.07	52619.28
261.14	52556.93
261.21	52502.17
261.28	52444.14
261.34	52397.34
261.41	52352.34
261.48	52305.38
261.55	52261.46
261.62	52214.96
261.69	52170.67
261.76	52140.37
261.83	52124.32
261.90	52096.44
261.97	52058.42
262.03	52034.62
262.10	52006.56
262.17	51958.55
262.24	51936.56
262.31	51917.09
262.38	51900.83
262.45	51868.74
262.52	51841.88
262.59	51796.28
262.65	51755.44
262.72	51691.24
262.79	51641.66
262.86	51601.92
262.93	51558.44
263.00	51523.46
263.07	51493.78
263.14	51454.90
263.21	51410.38
263.27	51375.28
263.34	51340.87
263.41	51294.84
263.48	51247.40
263.55	51203.76
263.62	51137.43
263.69	51069.64
263.76	51026.56
263.82	50998.22
263.89	50961.19
263.96	50948.80
264.03	50931.86
264.10	50905.04
264.17	50857.48
264.24	50813.60
264.31	50763.99
264.38	50711.12
264.44	50660.52
264.51	50620.49
264.58	50582.98
264.65	50549.50
264.72	50500.46
264.79	50446.06
264.86	50400.80
264.92	50351.29
264.99	50311.77
265.06	50276.50
265.13	50254.72
265.20	50241.95
265.27	50216.70
265.34	50170.23
265.41	50140.03
265.47	50097.97
265.54	50037.02
265.61	49999.26
265.68	49977.62
265.75	49946.63
265.82	49910.72
265.89	49872.63
265.95	49827.88
266.02	49764.38
266.09	49715.04
266.16	49686.96
266.23	49657.72
266.30	49622.90
266.37	49571.91
266.44	49498.94
266.50	49415.49
266.57	49343.50
266.64	49270.28
266.71	49223.46
266.78	49181.30
266.85	49138.88
266.91	49095.97
266.98	49054.00
267.05	48999.48
267.12	48956.80
267.19	48913.62
267.26	48880.17
267.33	48845.48
267.39	48821.27
267.46	48806.33
267.53	48780.60
267.60	48744.26
267.67	48712.10
267.74	48674.60
267.81	48628.58
267.87	48583.57
267.94	48541.31
268.01	48491.07
268.08	48443.26
268.15	48394.70
268.22	48350.18
268.28	48305.31
268.35	48263.72
268.42	48224.94
268.49	48192.22
268.56	48165.31
268.63	48124.97
268.69	48087.38
268.76	48040.48
268.83	47977.42
268.90	47924.44
268.97	47881.13
269.04	47858.70
269.11	47837.41
269.17	47824.16
269.24	47801.91
269.31	47776.76
269.38	47730.51
269.45	47679.88
269.52	47627.64
269.58	47586.98
269.65	47536.55
269.72	47481.78
269.79	47453.50
269.86	47433.34
269.92	47399.26
269.99	47377.85
270.06	47356.94
270.13	47317.49
270.20	47267.47
270.27	47224.85
270.33	47184.76
270.40	47144.50
270.47	47109.84
270.54	47087.22
270.61	47057.28
270.68	47032.31
270.74	47010.25
270.81	46990.73
270.88	46967.23
270.95	46935.56
271.02	46885.78
271.08	46850.30
271.15	46791.20
271.22	46735.23
271.29	46698.17
271.36	46654.04
271.43	46602.74
271.49	46588.36
271.56	46575.20
271.63	46551.56
271.70	46543.68
271.77	46548.53
271.83	46525.35
271.90	46485.00
271.97	46449.02
272.04	46408.34
272.11	46358.76
272.17	46331.22
272.24	46308.66
272.31	46278.40
272.38	46254.50
272.45	46224.03
272.52	46183.89
272.58	46160.15
272.65	46150.34
272.72	46132.58
272.79	46103.55
272.86	46075.08
272.92	46032.05
272.99	45983.74
273.06	45939.91
273.13	45908.21
273.20	45874.82
273.26	45849.80
273.33	45830.33
273.40	45809.32
273.47	45790.50
273.54	45772.80
273.60	45742.90
273.67	45707.18
273.74	45690.56
273.81	45665.12
273.88	45648.58
273.94	45635.94
274.01	45620.82
274.08	45591.38
274.15	45570.03
274.21	45526.70
274.28	45476.61
274.35	45420.23
274.42	45360.53
274.49	45300.69
274.55	45271.37
274.62	45260.72
274.69	45249.36
274.76	45232.38
274.83	45219.70
274.89	45185.05
274.96	45139.78
275.03	45101.73
275.10	45066.95
275.17	45029.94
275.23	44983.53
275.30	44949.40
275.37	44924.44
275.44	44894.12
275.50	44861.58
275.57	44838.75
275.64	44801.14
275.71	44742.48
275.78	44696.68
275.84	44664.96
275.91	44631.41
275.98	44595.44
276.05	44566.52
276.11	44548.36
276.18	44511.04
276.25	44465.00
276.32	44435.44
276.39	44407.28
276.45	44362.11
276.52	44307.36
276.59	44270.80
276.66	44240.28
276.72	44214.80
276.79	44185.51
276.86	44176.66
276.93	44161.40
276.99	44128.61
277.06	44103.17
277.13	44084.72
277.20	44051.04
277.26	44027.59
277.33	44005.83
277.40	43966.98
277.47	43927.00
277.54	43896.66
277.60	43863.68
277.67	43826.80
277.74	43783.49
277.81	43737.08
277.87	43691.56
277.94	43649.09
278.01	43617.68
278.08	43588.28
278.14	43561.03
278.21	43529.36
278.28	43499.76
278.35	43467.86
278.41	43439.74
278.48	43409.71
278.55	43389.10
278.62	43360.84
278.68	43338.47
278.75	43310.63
278.82	43295.12
278.89	43271.56
278.95	43237.16
279.02	43178.28
279.09	43149.33
279.16	43116.90
279.22	43089.60
279.29	43057.44
279.36	43034.33
279.43	42988.96
279.49	42926.67
279.56	42861.77
279.63	42801.66
279.70	42749.18
279.76	42711.30
279.83	42689.07
279.90	42678.66
279.97	42662.36
280.03	42640.10
280.10	42602.65
280.17	42568.52
280.24	42514.66
280.30	42476.06
280.37	42443.06
280.44	42415.97
280.51	42381.83
280.57	42355.03
280.64	42308.32
280.71	42246.36
280.77	42180.65
280.84	42097.64
280.91	42005.34
280.98	41919.05
281.04	41844.05
281.11	41766.16
281.18	41708.82
281.25	41651.76
281.31	41603.93
281.38	41550.60
281.45	41494.52
281.52	41445.17
281.58	41395.64
281.65	41348.81
281.72	41306.80
281.78	41279.34
281.85	41245.95
281.92	41221.89
281.99	41196.78
282.05	41164.80
282.12	41125.38
282.19	41078.33
282.26	41038.56
282.32	40999.82
282.39	40981.59
282.46	40943.59
282.52	40913.30
282.59	40879.97
282.66	40855.42
282.73	40810.74
282.79	40784.15
282.86	40752.31
282.93	40707.18
282.99	40660.82
283.06	40621.84
283.13	40566.57
283.20	40500.08
283.26	40424.46
283.33	40349.57
283.40	40267.32
283.46	40208.98
283.53	40164.87
283.60	40140.53
283.67	40114.82
283.73	40113.98
283.80	40094.96
283.87	40078.93
283.93	40063.09
284.00	40032.56
284.07	39987.13
284.13	39959.88
284.20	39930.65
284.27	39898.64
284.34	39870.38
284.40	39850.57
284.47	39833.68
284.54	39835.45
284.60	39833.00
284.67	39824.92
284.74	39814.45
284.81	39791.08
284.87	39749.97
284.94	39702.04
285.01	39663.78
285.07	39616.83
285.14	39573.12
285.21	39542.54
285.27	39524.09
285.34	39500.12
285.41	39482.76
285.47	39464.64
285.54	39429.46
285.61	39391.45
285.68	39365.87
285.74	39335.65
285.81	39303.06
285.88	39271.11
285.94	39244.34
286.01	39221.76
286.08	39195.26
286.14	39178.48
286.21	39163.09
286.28	39146.25
286.34	39113.19
286.41	39074.92
286.48	39037.52
286.55	38996.32
286.61	38962.08
286.68	38940.62
286.75	38919.49
286.81	38895.04
286.88	38873.14
286.95	38829.64
287.01	38798.98
287.08	38773.98
287.15	38754.78
287.21	38735.68
287.28	38731.56
287.35	38712.42
287.41	38687.76
287.48	38658.44
287.55	38632.68
287.61	38604.03
287.68	38571.25
287.75	38547.61
287.81	38526.07
287.88	38498.99
287.95	38476.95
288.01	38449.90
288.08	38423.52
288.15	38387.61
288.21	38349.76
288.28	38307.05
288.35	38278.32
288.41	38263.27
288.48	38252.22
288.55	38243.36
288.61	38236.50
288.68	38223.79
288.75	38193.77
288.81	38162.29
288.88	38136.64
288.95	38115.88
289.01	38097.98
289.08	38081.48
289.15	38070.59
289.21	38057.05
289.28	38031.46
289.35	38017.52
289.41	37996.20
289.48	37981.85
289.55	37970.48
289.61	37960.60
289.68	37941.82
289.75	37936.68
289.81	37923.06
289.88	37907.07
289.95	37896.07
290.01	37864.92
290.08	37830.36
290.15	37795.14
290.21	37764.59
290.28	37736.78
290.35	37722.92
290.41	37710.54
290.48	37705.27
290.55	37677.12
290.61	37639.96
290.68	37615.53
290.74	37602.19
290.81	37585.29
290.88	37582.83
290.94	37593.52
291.01	37577.21
291.08	37563.20
291.14	37548.24
291.21	37530.56
291.28	37506.43
291.34	37498.41
291.41	37483.99
291.48	37464.67
291.54	37451.61
291.61	37446.66
291.68	37441.16
291.74	37417.78
291.81	37398.23
291.87	37394.86
291.94	37360.74
292.01	37336.85
292.07	37319.88
292.14	37298.53
292.21	37253.03
292.27	37239.92
292.34	37216.96
292.41	37197.86
292.47	37164.71
292.54	37154.40
292.60	37135.70
292.67	37124.62
292.74	37107.72
292.80	37117.00
292.87	37106.21
292.94	37102.85
293.00	37094.98
293.07	37086.29
293.13	37080.01
293.20	37084.28
293.27	37078.50
293.33	37065.92
293.40	37061.98
293.47	37047.61
293.53	37028.05
293.60	37007.42
293.66	36999.96
293.73	36985.04
293.80	36957.96
293.86	36937.61
293.93	36921.50
294.00	36889.89
294.06	36867.33
294.13	36855.32
294.19	36830.38
294.26	36808.37
294.33	36800.69
294.39	36780.94
294.46	36774.16
294.52	36765.61
294.59	36760.46
294.66	36743.27
294.72	36735.13
294.79	36721.46
294.86	36721.07
294.92	36712.50
294.99	36714.53
295.05	36723.22
295.12	36719.36
295.19	36724.04
295.25	36715.52
295.32	36716.42
295.38	36699.84
295.45	36701.63
295.52	36691.95
295.58	36674.20
295.65	36653.81
295.71	36641.78
295.78	36609.54
295.85	36574.52
295.91	36562.54
295.98	36533.00
296.04	36490.19
296.11	36473.50
296.18	36468.76
296.24	36460.89
296.31	36452.97
296.37	36458.12
296.44	36467.63
296.51	36462.10
296.57	36470.56
296.64	36482.59
296.70	36503.75
296.77	36495.49
296.84	36494.36
296.90	36484.28
296.97	36471.90
297.03	36458.26
297.10	36449.30
297.17	36457.35
297.23	36462.19
297.30	36463.99
297.36	36448.00
297.43	36440.26
297.50	36421.02
297.56	36394.84
297.63	36368.83
297.69	36359.16
297.76	36343.70
297.82	36314.36
297.89	36296.60
297.96	36278.74
298.02	36269.46
298.09	36246.06
298.15	36235.02
298.22	36220.13
298.29	36213.25
298.35	36193.07
298.42	36193.78
298.48	36197.05
298.55	36195.10
298.61	36195.14
298.68	36204.12
298.75	36205.50
298.81	36197.08
298.88	36199.96
298.94	36197.66
299.01	36196.72
299.08	36193.98
299.14	36191.42
299.21	36182.38
299.27	36177.08
299.34	36159.66
299.40	36151.43
299.47	36144.05
299.54	36138.19
299.60	36122.66
299.67	36107.00
299.73	36077.95
299.80	36037.19
299.86	35987.70
299.93	35959.59
299.99	35931.71
300.06	35906.85
300.13	35893.63
300.19	35892.30
300.26	35873.84
300.32	35868.63
300.39	35857.70
300.45	35866.37
300.52	35875.96
300.59	35886.62
300.65	35887.20
300.72	35904.78
300.78	35904.22
300.85	35904.48
300.91	35894.72
300.98	35879.57
301.04	35856.44
301.11	35836.26
301.18	35818.10
301.24	35803.33
301.31	35782.30
301.37	35763.86
301.44	35743.03
301.50	35720.94
301.57	35694.66
301.63	35689.38
301.70	35667.22
301.77	35635.41
301.83	35586.97
301.90	35557.70
301.96	35506.36
302.03	35472.08
302.09	35454.35
302.16	35432.70
302.22	35403.58
302.29	35387.16
302.36	35368.76
302.42	35340.30
302.49	35327.58
302.55	35315.33
302.62	35303.56
302.68	35281.49
302.75	35272.78
302.81	35256.92
302.88	35234.43
302.94	35216.46
303.01	35198.84
303.07	35170.70
303.14	35157.38
303.21	35129.99
303.27	35103.86
303.34	35087.21
303.40	35063.55
303.47	35028.53
303.53	35011.08
303.60	34988.34
303.66	34953.69
303.73	34926.98
303.79	34896.10
303.86	34858.90
303.92	34817.39
303.99	34782.49
304.05	34727.18
304.12	34684.79
304.19	34649.54
304.25	34599.76
304.32	34560.44
304.38	34535.65
304.45	34492.10
304.51	34454.54
304.58	34435.16
304.64	34402.99
304.71	34381.97
304.77	34356.15
304.84	34329.02
304.90	34301.05
304.97	34273.23
305.03	34229.10
305.10	34203.29
305.16	34172.40
305.23	34139.71
305.29	34108.59
305.36	34071.94
305.42	34026.85
305.49	33986.76
305.56	33940.34
305.62	33897.12
305.69	33858.90
305.75	33817.80
305.82	33745.25
305.88	33645.69
305.95	33525.83
306.01	33405.16
306.08	33287.15
306.14	33195.55
306.21	33131.02
306.27	33093.87
306.34	33061.58
306.40	33031.44
306.47	33029.60
306.53	33041.06
306.60	33050.11
306.66	33065.67
306.73	33074.50
306.79	33047.14
306.86	33006.23
306.92	32952.27
306.99	32899.40
307.05	32854.51
307.12	32824.16
307.18	32785.79
307.25	32760.82
307.31	32717.84
307.38	32674.02
307.44	32612.86
307.51	32575.88
307.57	32523.53
307.64	32477.48
307.70	32433.00
307.77	32394.34
307.83	32334.97
307.90	32284.96
307.96	32236.40
308.03	32175.64
308.09	32117.70
308.16	32061.66
308.22	32004.88
308.29	31946.99
308.35	31893.99
308.42	31846.48
308.48	31790.04
308.55	31727.38
308.61	31667.86
308.68	31619.13
308.74	31555.62
308.81	31520.75
308.87	31488.08
308.94	31464.06
309.00	31427.55
309.07	31393.00
309.13	31337.64
309.20	31294.97
309.26	31229.82
309.33	31163.62
309.39	31109.77
309.45	31055.06
309.52	30982.21
309.58	30932.76
309.65	30876.77
309.71	30813.22
309.78	30753.33
309.84	30697.51
309.91	30630.01
309.97	30572.24
310.04	30524.71
310.10	30477.62
310.17	30427.26
310.23	30383.64
310.30	30340.98
310.36	30285.81
310.43	30234.01
310.49	30177.63
310.56	30115.30
310.62	30054.45
310.69	29990.56
310.75	29928.11
310.81	29876.62
310.88	29827.98
310.94	29781.23
311.01	29731.82
311.07	29686.88
311.14	29637.06
311.20	29580.15
311.27	29523.82
311.33	29483.54
311.40	29427.94
311.46	29377.81
311.53	29337.34
311.59	29290.84
311.66	29249.52
311.72	29200.11
311.78	29146.70
311.85	29099.78
311.91	29060.15
311.98	29000.14
312.04	28963.95
312.11	28929.99
312.17	28888.00
312.24	28845.39
312.30	28800.34
312.37	28737.41
312.43	28677.03
312.50	28612.46
312.56	28549.50
312.62	28486.20
312.69	28433.51
312.75	28376.16
312.82	28313.59
312.88	28252.15
312.95	28199.80
313.01	28140.35
313.08	28089.54
313.14	28049.91
313.20	28003.56
313.27	27946.71
313.33	27898.31
313.40	27845.06
313.46	27785.16
313.53	27721.20
313.59	27670.49
313.66	27620.34
313.72	27570.68
313.78	27522.57
313.85	27476.57
313.91	27431.32
313.98	27387.38
314.04	27346.00
314.11	27313.78
314.17	27272.64
314.24	27226.77
314.30	27179.44
314.36	27131.49
314.43	27078.14
314.49	27033.35
314.56	26984.25
314.62	26925.11
314.69	26868.03
314.75	26812.06
314.81	26758.36
314.88	26710.24
314.94	26669.65
315.01	26628.24
315.07	26571.30
315.14	26526.32
315.20	26487.56
315.27	26436.90
315.33	26387.73
315.39	26348.62
315.46	26296.59
315.52	26232.29
315.59	26190.50
315.65	26140.65
315.72	26098.08
315.78	26047.60
315.84	26012.38
315.91	25980.72
315.97	25952.86
316.04	25932.88
316.10	25913.92
316.16	25873.29
316.23	25787.03
316.29	25671.42
316.36	25515.04
316.42	25342.07
316.49	25149.54
316.55	24946.18
316.61	24742.76
316.68	24529.35
316.74	24310.66
316.81	24085.74
316.87	23867.36
316.93	23641.28
317.00	23422.96
317.06	23202.76
317.13	22984.99
317.19	22764.75
317.26	22550.91
317.32	22336.02
317.38	22120.62
317.45	21908.12
317.51	21705.10
317.58	21497.68
317.64	21282.12
317.70	21077.50
317.77	20872.00
317.83	20665.30
317.90	20458.37
317.96	20252.18
318.02	20044.83
318.09	19850.60
318.15	19646.46
318.22	19437.62
318.28	19234.06
318.34	19018.64
318.41	18788.96
318.47	18569.74
318.54	18367.98
318.60	18162.90
318.66	17961.68
318.73	17761.98
318.79	17566.40
318.86	17359.20
318.92	17160.04
318.98	16972.96
319.05	16778.14
319.11	16584.51
319.18	16391.57
319.24	16195.18
319.30	15983.29
319.37	15796.94
319.43	15607.37
319.50	15421.74
319.56	15233.50
319.62	15057.90
319.69	14867.60
319.75	14682.75
319.82	14498.58
319.88	14315.19
319.94	14127.12
320.01	13954.27
320.07	13762.42
320.13	13577.92
320.20	13393.44
320.26	13209.02
320.33	13016.53
320.39	12839.70
320.45	12651.40
320.52	12470.68
320.58	12292.98
320.65	12111.70
320.71	11931.10
320.77	11759.20
320.84	11582.95
320.90	11408.14
320.96	11229.79
321.03	11045.15
321.09	10859.08
321.16	10679.11
321.22	10491.32
321.28	10313.80
321.35	10144.34
321.41	9973.28
321.47	9800.66
321.54	9640.25
321.60	9468.48
321.67	9297.32
321.73	9127.22
321.79	8953.79
321.86	8779.30
321.92	8608.60
321.98	8423.01
322.05	8237.38
322.11	8052.09
322.18	7861.04
322.24	7672.31
322.30	7497.02
322.37	7328.56
322.43	7156.03
322.49	6990.40
322.56	6820.16
322.62	6651.60
322.68	6471.70
322.75	6302.78
322.81	6128.60
322.88	5955.14
322.94	5778.96
323.00	5608.50
323.07	5439.98
323.13	5273.40
323.19	5109.60
323.26	4951.86
323.32	4798.61
323.38	4638.95
323.45	4416.78
323.51	3781.00
323.57	2901.70
323.64	1984.18
323.70	1102.65
323.76	314.58
323.83	-23.20
323.89	-88.88
323.96	-88.82
