180.25	3489.87
180.33	-129.18
180.40	648.10
180.48	-39.45
180.56	-0.15
180.63	32.35
180.71	69.03
180.78	70.06
180.86	72.45
180.93	76.13
181.01	76.77
181.08	75.46
181.16	74.39
181.23	75.29
181.31	75.69
181.39	96.89
181.46	104.97
181.54	114.30
181.61	128.49
181.69	136.29
181.76	130.52
181.84	126.27
181.91	129.58
181.99	132.21
182.06	134.79
182.14	141.51
182.22	149.09
182.29	160.19
182.37	166.78
182.44	181.49
182.52	183.74
182.59	203.14
182.67	213.37
182.74	220.82
182.82	223.96
182.89	231.51
182.97	230.09
183.04	239.84
183.12	251.43
183.20	276.17
183.27	298.12
183.35	335.86
183.42	370.65
183.50	423.68
183.57	463.47
183.65	521.69
183.72	580.89
183.80	647.57
183.87	705.47
183.95	763.79
184.02	821.35
184.10	859.84
184.17	882.00
184.25	880.88
184.32	868.39
184.40	833.61
184.47	775.40
184.55	726.23
184.62	722.02
184.70	753.75
184.78	818.00
184.85	949.66
184.93	1105.13
185.00	1255.65
185.08	1410.84
185.15	1560.14
185.23	1709.56
185.30	1848.71
185.38	1977.65
185.45	2103.89
185.53	2242.83
185.60	2368.61
185.68	2517.29
185.75	2640.53
185.83	2735.51
185.90	2795.61
185.98	2781.02
186.05	2684.98
186.13	2547.39
186.20	2357.12
186.28	2183.21
186.35	2113.11
186.43	2152.84
186.50	2304.23
186.58	2559.43
186.65	2847.29
186.73	3131.99
186.80	3391.15
186.88	3634.53
186.95	3888.39
187.03	4141.99
187.10	4379.94
187.18	4640.32
187.25	4874.21
187.33	5101.25
187.40	5343.52
187.48	5556.27
187.55	5736.90
187.63	5897.31
187.70	5958.57
187.78	5934.51
187.85	5859.80
187.93	5646.56
188.00	5316.99
188.08	4951.77
188.15	4631.40
188.23	4436.88
188.30	4433.07
188.38	4631.59
188.45	4989.35
188.53	5394.59
188.60	5772.02
188.68	6123.46
188.75	6437.73
188.83	6753.48
188.90	7033.67
188.98	7300.61
189.05	7570.72
189.13	7811.51
189.20	8021.91
189.28	8235.36
189.35	8424.49
189.43	8598.52
189.50	8768.67
189.58	8873.03
189.65	8918.77
189.73	8906.50
189.80	8771.23
189.87	8526.74
189.95	8208.37
190.02	7780.43
190.10	7307.51
190.17	6957.99
190.25	6816.70
190.32	6879.61
190.40	7142.53
190.47	7563.45
190.55	8012.65
190.62	8416.39
190.70	8757.59
190.77	9080.09
190.85	9385.71
190.92	9643.78
191.00	9872.26
191.07	10101.49
191.15	10291.10
191.22	10464.48
191.29	10623.06
191.37	10751.95
191.44	10865.87
191.52	10980.10
191.59	11063.14
191.67	11133.12
191.74	11180.38
191.82	11172.21
191.89	11125.78
191.97	11057.97
192.04	10951.76
192.12	10780.59
192.19	10536.75
192.27	10242.45
192.34	9980.03
192.41	9848.15
192.49	9873.01
192.56	10066.69
192.64	10394.59
192.71	10754.37
192.79	11062.60
192.86	11345.36
192.94	11563.11
193.01	11761.19
193.09	11942.35
193.16	12129.04
193.23	12302.89
193.31	12479.77
193.38	12656.15
193.46	12806.99
193.53	12922.25
193.61	13017.93
193.68	13107.69
193.76	13159.21
193.83	13209.19
193.91	13262.88
193.98	13320.13
194.05	13371.19
194.13	13421.15
194.20	13460.17
194.28	13464.66
194.35	13427.51
194.43	13358.82
194.50	13241.64
194.58	13093.98
194.65	12979.91
194.72	12943.49
194.80	12989.25
194.87	13133.45
194.95	13357.45
195.02	13594.63
195.10	13800.33
195.17	13996.08
195.25	14168.69
195.32	14316.36
195.39	14448.25
195.47	14568.69
195.54	14657.25
195.62	14718.91
195.69	14748.55
195.77	14750.19
195.84	14723.31
195.91	14676.72
195.99	14653.75
196.06	14677.71
196.14	14752.83
196.21	14871.71
196.29	15014.13
196.36	15164.23
196.43	15295.40
196.51	15405.22
196.58	15491.33
196.66	15570.70
196.73	15632.38
196.81	15674.53
196.88	15708.63
196.95	15723.23
197.03	15706.20
197.10	15674.83
197.18	15638.41
197.25	15601.65
197.33	15599.08
197.40	15632.01
197.47	15673.82
197.55	15744.30
197.62	15831.89
197.70	15931.07
197.77	16047.38
197.84	16180.47
197.92	16320.31
197.99	16458.34
198.07	16580.98
198.14	16687.17
198.22	16786.35
198.29	16864.49
198.36	16931.74
198.44	16988.90
198.51	17028.31
198.59	17049.51
198.66	17055.25
198.73	17034.13
198.81	17000.28
198.88	16961.79
198.96	16925.92
199.03	16918.06
199.10	16972.60
199.18	17068.40
199.25	17192.44
199.33	17354.35
199.40	17516.43
199.48	17637.57
199.55	17744.41
199.62	17831.74
199.70	17916.58
199.77	17991.15
199.85	18079.09
199.92	18162.05
199.99	18243.67
200.07	18285.79
200.14	18305.22
200.22	18276.73
200.29	18202.62
200.36	18133.85
200.44	18095.90
200.51	18103.14
200.59	18176.11
200.66	18288.27
200.73	18417.71
200.81	18552.40
200.88	18675.31
200.95	18800.91
201.03	18929.61
201.10	19064.24
201.18	19184.31
201.25	19301.36
201.32	19389.47
201.40	19468.95
201.47	19532.33
201.55	19579.15
201.62	19607.32
201.69	19599.66
201.77	19573.85
201.84	19546.26
201.92	19511.33
201.99	19474.15
202.06	19473.99
202.14	19518.05
202.21	19596.81
202.28	19717.99
202.36	19873.75
202.43	20049.04
202.51	20216.14
202.58	20358.57
202.65	20483.56
202.73	20600.32
202.80	20704.30
202.87	20801.48
202.95	20906.13
203.02	20998.75
203.10	21060.05
203.17	21100.29
203.24	21109.98
203.32	21055.33
203.39	20946.22
203.46	20841.13
203.54	20762.52
203.61	20756.74
203.69	20828.27
203.76	20979.05
203.83	21159.65
203.91	21346.58
203.98	21511.37
204.05	21665.04
204.13	21815.91
204.20	21953.31
204.28	22087.98
204.35	22189.52
204.42	22281.54
204.50	22361.14
204.57	22445.57
204.64	22508.21
204.72	22565.27
204.79	22588.02
204.86	22570.89
204.94	22529.75
205.01	22481.47
205.09	22422.96
205.16	22387.94
205.23	22391.63
205.31	22451.38
205.38	22548.09
205.45	22699.01
205.53	22878.07
205.60	23081.34
205.67	23267.40
205.75	23435.33
205.82	23582.57
205.89	23710.20
205.97	23824.96
206.04	23918.87
206.12	24022.66
206.19	24121.64
206.26	24204.31
206.34	24264.91
206.41	24294.07
206.48	24266.89
206.56	24175.15
206.63	24043.27
206.70	23913.37
206.78	23845.31
206.85	23858.51
206.92	23980.48
207.00	24179.07
207.07	24408.11
207.14	24631.86
207.22	24839.09
207.29	25016.61
207.36	25180.94
207.44	25325.30
207.51	25447.25
207.58	25564.95
207.66	25661.15
207.73	25757.98
207.80	25855.61
207.88	25941.49
207.95	25987.50
208.02	26025.79
208.10	26001.94
208.17	25920.05
208.25	25824.25
208.32	25749.68
208.39	25696.25
208.47	25709.96
208.54	25789.62
208.61	25918.93
208.69	26063.84
208.76	26218.08
208.83	26383.31
208.90	26563.03
208.98	26733.39
209.05	26886.29
209.12	27032.49
209.20	27175.83
209.27	27295.50
209.34	27414.51
209.42	27541.03
209.49	27650.38
209.56	27726.29
209.64	27798.95
209.71	27824.03
209.78	27817.98
209.86	27768.04
209.93	27709.93
210.00	27625.18
210.08	27560.80
210.15	27527.51
210.22	27580.07
210.30	27679.49
210.37	27827.61
210.44	28015.07
210.52	28206.19
210.59	28371.15
210.66	28509.69
210.74	28643.07
210.81	28761.89
210.88	28902.22
210.96	29025.13
211.03	29160.63
211.10	29285.35
211.17	29404.14
211.25	29481.28
211.32	29559.94
211.39	29607.99
211.47	29609.87
211.54	29563.47
211.61	29478.67
211.69	29386.13
211.76	29336.50
211.83	29349.27
211.91	29433.31
211.98	29587.51
212.05	29771.51
212.12	29928.41
212.20	30082.11
212.27	30219.30
212.34	30331.37
212.42	30445.61
212.49	30563.33
212.56	30672.17
212.64	30781.25
212.71	30905.90
212.78	31015.71
212.85	31117.19
212.93	31209.21
213.00	31289.81
213.07	31350.49
213.15	31371.92
213.22	31364.41
213.29	31343.15
213.37	31309.29
213.44	31292.35
213.51	31304.29
213.58	31351.75
213.66	31428.03
213.73	31545.62
213.80	31664.69
213.88	31810.88
213.95	31943.39
214.02	32061.53
214.09	32163.05
214.17	32271.51
214.24	32382.37
214.31	32507.62
214.39	32628.98
214.46	32751.94
214.53	32850.07
214.60	32921.01
214.68	32990.97
214.75	33063.85
214.82	33119.54
214.90	33161.18
214.97	33179.39
215.04	33146.03
215.11	33096.96
215.19	33064.71
215.26	33070.65
215.33	33129.36
215.41	33262.61
215.48	33434.11
215.55	33588.05
215.62	33724.91
215.70	33841.20
215.77	33939.27
215.84	34039.75
215.91	34129.71
215.99	34232.87
216.06	34331.21
216.13	34422.02
216.21	34496.34
216.28	34599.77
216.35	34687.82
216.42	34772.23
216.50	34851.48
216.57	34919.23
216.64	34947.60
216.71	34956.25
216.79	34943.42
216.86	34936.55
216.93	34947.58
217.01	35002.01
217.08	35086.73
217.15	35190.67
217.22	35280.11
217.30	35355.51
217.37	35425.55
217.44	35499.77
217.51	35592.26
217.59	35701.85
217.66	35823.30
217.73	35941.22
217.80	36040.35
217.88	36132.49
217.95	36233.59
218.02	36311.74
218.09	36380.60
218.17	36470.12
218.24	36557.16
218.31	36627.27
218.38	36695.30
218.46	36757.42
218.53	36773.43
218.60	36755.61
218.67	36734.95
218.75	36733.48
218.82	36751.39
218.89	36817.11
218.96	36925.35
219.04	37049.23
219.11	37165.29
219.18	37264.24
219.25	37358.93
219.33	37449.87
219.40	37542.56
219.47	37653.31
219.54	37753.00
219.62	37843.54
219.69	37926.73
219.76	38021.30
219.83	38100.87
219.91	38197.44
219.98	38294.30
220.05	38377.08
220.12	38431.95
220.20	38489.53
220.27	38521.08
220.34	38529.61
220.41	38523.61
220.49	38517.50
220.56	38523.57
220.63	38566.35
220.70	38634.65
220.78	38745.19
220.85	38858.85
220.92	38954.52
220.99	39033.07
221.06	39105.19
221.14	39173.73
221.21	39247.28
221.28	39331.39
221.35	39424.68
221.43	39514.85
221.50	39596.85
221.57	39683.23
221.64	39766.51
221.72	39852.83
221.79	39946.06
221.86	40025.67
221.93	40103.98
222.00	40171.38
222.08	40230.27
222.15	40271.87
222.22	40311.63
222.29	40341.47
222.37	40384.57
222.44	40429.17
222.51	40478.68
222.58	40533.23
222.65	40606.57
222.73	40679.25
222.80	40750.22
222.87	40842.67
222.94	40923.15
223.02	40995.42
223.09	41065.97
223.16	41134.55
223.23	41194.19
223.30	41289.43
223.38	41392.13
223.45	41484.25
223.52	41576.39
223.59	41680.25
223.66	41752.73
223.74	41799.43
223.81	41850.93
223.88	41895.09
223.95	41936.87
224.03	41970.86
224.10	42023.69
224.17	42077.09
224.24	42126.47
224.31	42177.85
224.39	42247.74
224.46	42311.65
224.53	42375.73
224.60	42460.21
224.67	42527.48
224.75	42611.89
224.82	42701.71
224.89	42792.34
224.96	42888.40
225.03	42988.03
225.11	43072.10
225.18	43159.71
225.25	43244.57
225.32	43311.28
225.39	43380.60
225.47	43452.50
225.54	43519.55
225.61	43582.99
225.68	43633.50
225.75	43680.29
225.83	43725.43
225.90	43791.53
225.97	43856.30
226.04	43953.05
226.11	44056.35
226.19	44153.31
226.26	44221.19
226.33	44305.86
226.40	44363.37
226.47	44429.91
226.54	44502.03
226.62	44585.20
226.69	44664.13
226.76	44753.21
226.83	44842.45
226.90	44938.71
226.98	44992.70
227.05	45037.21
227.12	45094.93
227.19	45124.44
227.26	45158.38
227.34	45246.84
227.41	45333.37
227.48	45409.67
227.55	45491.92
227.62	45576.83
227.69	45652.99
227.77	45731.57
227.84	45798.49
227.91	45877.70
227.98	45946.18
228.05	45992.87
228.12	46035.11
228.20	46107.50
228.27	46178.11
228.34	46251.88
228.41	46346.71
228.48	46453.65
228.56	46543.00
228.63	46643.26
228.70	46726.11
228.77	46806.21
228.84	46887.71
228.91	46981.13
228.99	47065.73
229.06	47180.51
229.13	47275.27
229.20	47367.28
229.27	47443.04
229.34	47515.13
229.42	47579.09
229.49	47654.40
229.56	47730.91
229.63	47814.57
229.70	47891.75
229.77	47942.21
229.85	47997.81
229.92	48045.15
229.99	48086.09
230.06	48142.72
230.13	48228.00
230.20	48317.63
230.27	48416.47
230.35	48530.41
230.42	48632.52
230.49	48735.55
230.56	48834.35
230.63	48928.63
230.70	49006.76
230.78	49076.63
230.85	49123.88
230.92	49173.83
230.99	49233.53
231.06	49312.43
231.13	49418.00
231.20	49544.04
231.28	49658.11
231.35	49768.18
231.42	49861.96
231.49	49939.47
231.56	50012.41
231.63	50092.48
231.71	50173.52
231.78	50240.26
231.85	50311.79
231.92	50378.27
231.99	50449.97
232.06	50511.57
232.13	50609.52
232.21	50705.19
232.28	50803.79
232.35	50881.77
232.42	50965.29
232.49	51034.87
232.56	51130.99
232.63	51224.23
232.71	51331.10
232.78	51436.70
232.85	51541.67
232.92	51611.95
232.99	51689.29
233.06	51762.19
233.13	51820.49
233.20	51864.97
233.28	51915.27
233.35	51958.28
233.42	52008.71
233.49	52086.95
233.56	52170.65
233.63	52259.05
233.70	52355.87
233.78	52460.11
233.85	52558.60
233.92	52649.99
233.99	52746.93
234.06	52836.55
234.13	52917.65
234.20	53000.69
234.27	53081.30
234.35	53143.99
234.42	53204.39
234.49	53264.95
234.56	53303.49
234.63	53350.45
234.70	53397.20
234.77	53449.14
234.84	53495.67
234.92	53564.97
234.99	53638.51
235.06	53724.95
235.13	53796.67
235.20	53883.05
235.27	53959.11
235.34	54044.03
235.41	54110.75
235.48	54198.41
235.56	54276.75
235.63	54352.98
235.70	54395.73
235.77	54447.02
235.84	54472.98
235.91	54493.28
235.98	54507.16
236.05	54550.19
236.12	54596.19
236.20	54635.46
236.27	54683.61
236.34	54740.73
236.41	54776.87
236.48	54816.61
236.55	54864.79
236.62	54916.22
236.69	54967.43
236.76	55045.34
236.84	55108.23
236.91	55187.95
236.98	55262.08
237.05	55317.36
237.12	55364.27
237.19	55417.98
237.26	55452.09
237.33	55481.72
237.40	55522.57
237.47	55548.53
237.55	55589.85
237.62	55661.77
237.69	55734.51
237.76	55816.05
237.83	55896.83
237.90	55964.20
237.97	56010.75
238.04	56052.35
238.11	56083.11
238.18	56134.06
238.26	56173.31
238.33	56208.16
238.40	56238.83
238.47	56272.91
238.54	56289.79
238.61	56305.67
238.68	56319.54
238.75	56328.85
238.82	56367.25
238.89	56409.58
238.96	56469.47
239.04	56525.95
239.11	56596.45
239.18	56637.29
239.25	56659.72
239.32	56670.26
239.39	56683.50
239.46	56687.52
239.53	56682.17
239.60	56683.97
239.67	56698.33
239.74	56725.12
239.81	56752.14
239.89	56781.51
239.96	56830.83
240.03	56860.64
240.10	56880.44
240.17	56907.73
240.24	56942.41
240.31	56969.00
240.38	56998.85
240.45	57055.23
240.52	57119.15
240.59	57178.13
240.66	57225.45
240.73	57280.31
240.80	57298.94
240.88	57302.90
240.95	57320.19
241.02	57332.95
241.09	57347.03
241.16	57372.45
241.23	57402.17
241.30	57391.90
241.37	57368.87
241.44	57358.98
241.51	57366.15
241.58	57371.01
241.65	57416.30
241.72	57476.14
241.79	57506.87
241.86	57515.23
241.94	57514.90
242.01	57491.03
242.08	57457.01
242.15	57457.13
242.22	57458.73
242.29	57463.71
242.36	57478.31
242.43	57497.39
242.50	57493.17
242.57	57488.20
242.64	57487.55
242.71	57482.90
242.78	57489.03
242.85	57487.62
242.92	57494.42
242.99	57506.11
243.06	57508.35
243.14	57513.31
243.21	57535.83
243.28	57552.50
243.35	57567.53
243.42	57601.06
243.49	57637.15
243.56	57650.47
243.63	57672.26
243.70	57681.76
243.77	57681.44
243.84	57669.55
243.91	57658.87
243.98	57634.50
244.05	57601.49
244.12	57573.89
244.19	57548.33
244.26	57535.70
244.33	57524.71
244.40	57529.15
244.47	57524.91
244.54	57514.55
244.62	57482.47
244.69	57446.55
244.76	57420.01
244.83	57415.28
244.90	57419.49
244.97	57439.94
245.04	57460.45
245.11	57475.01
245.18	57469.29
245.25	57466.53
245.32	57481.57
245.39	57507.37
245.46	57515.74
245.53	57518.54
245.60	57521.25
245.67	57507.19
245.74	57493.47
245.81	57476.11
245.88	57456.20
245.95	57437.03
246.02	57405.94
246.09	57362.65
246.16	57319.19
246.23	57279.00
246.30	57243.21
246.37	57245.29
246.44	57260.59
246.51	57297.86
246.58	57331.11
246.65	57353.82
246.72	57356.55
246.79	57356.22
246.87	57343.76
246.94	57343.92
247.01	57334.79
247.08	57299.41
247.15	57239.72
247.22	57174.77
247.29	57102.09
247.36	57059.11
247.43	57035.00
247.50	57032.99
247.57	57047.07
247.64	57081.21
247.71	57101.63
247.78	57119.86
247.85	57139.51
247.92	57158.74
247.99	57145.59
248.06	57120.34
248.13	57093.78
248.20	57071.30
248.27	57035.74
248.34	57018.36
248.41	57005.28
248.48	56999.15
248.55	56994.90
248.62	57002.26
248.69	57014.29
248.76	57018.13
248.83	57009.38
248.90	56979.51
248.97	56935.83
249.04	56882.51
249.11	56843.34
249.18	56802.63
249.25	56768.02
249.32	56724.91
249.39	56678.35
249.46	56619.71
249.53	56585.17
249.60	56539.12
249.67	56514.65
249.74	56504.91
249.81	56514.20
249.88	56523.29
249.95	56552.69
250.02	56590.51
250.09	56605.70
250.16	56612.35
250.23	56606.89
250.30	56599.49
250.37	56589.84
250.44	56588.11
250.51	56589.84
250.58	56589.61
250.65	56578.85
250.72	56538.21
250.79	56506.93
250.86	56472.53
250.93	56434.61
251.00	56396.81
251.07	56378.83
251.14	56355.26
251.21	56326.75
251.28	56304.71
251.35	56282.67
251.42	56261.47
251.49	56247.03
251.56	56238.31
251.63	56220.13
251.70	56215.39
251.77	56186.63
251.84	56145.24
251.91	56093.62
251.98	56034.01
252.05	55981.69
252.12	55939.45
252.18	55908.67
252.25	55885.51
252.32	55892.71
252.39	55884.59
252.46	55883.49
252.53	55878.53
252.60	55864.22
252.67	55838.03
252.74	55805.23
252.81	55776.92
252.88	55746.01
252.95	55716.17
253.02	55683.52
253.09	55661.13
253.16	55639.38
253.23	55625.46
253.30	55619.32
253.37	55613.63
253.44	55608.35
253.51	55583.36
253.58	55558.51
253.65	55544.83
253.72	55533.86
253.79	55516.63
253.86	55514.45
253.93	55501.87
254.00	55476.03
254.07	55455.79
254.14	55429.19
254.21	55395.25
254.28	55365.87
254.35	55341.67
254.41	55311.64
254.48	55282.33
254.55	55267.30
254.62	55246.43
254.69	55205.25
254.76	55168.32
254.83	55126.44
254.90	55094.85
254.97	55074.75
255.04	55080.61
255.11	55060.66
255.18	55041.37
255.25	54999.76
255.32	54962.32
255.39	54909.27
255.46	54872.75
255.53	54861.43
255.60	54849.31
255.67	54819.03
255.74	54807.78
255.81	54800.15
255.87	54782.95
255.94	54757.21
256.01	54743.76
256.08	54713.29
256.15	54689.07
256.22	54650.01
256.29	54620.19
256.36	54583.80
256.43	54564.51
256.50	54543.02
256.57	54527.82
256.64	54513.52
256.71	54507.31
256.78	54478.48
256.85	54446.57
256.92	54431.60
256.99	54419.17
257.05	54405.13
257.12	54402.05
257.19	54375.93
257.26	54329.71
257.33	54275.40
257.40	54229.29
257.47	54161.95
257.54	54126.14
257.61	54097.05
257.68	54095.09
257.75	54062.81
257.82	54069.79
257.89	54055.16
257.96	54035.65
258.03	53979.63
258.09	53948.97
258.16	53886.53
258.23	53827.49
258.30	53780.41
258.37	53752.67
258.44	53714.87
258.51	53687.35
258.58	53673.65
258.65	53657.63
258.72	53637.64
258.79	53603.01
258.86	53576.07
258.93	53551.71
258.99	53514.35
259.06	53475.23
259.13	53440.17
259.20	53396.12
259.27	53350.13
259.34	53309.31
259.41	53291.89
259.48	53299.89
259.55	53302.89
259.62	53288.99
259.69	53270.16
259.76	53226.08
259.82	53162.86
259.89	53120.13
259.96	53089.10
260.03	53054.01
260.10	53016.23
260.17	52975.79
260.24	52918.62
260.31	52872.08
260.38	52844.39
260.45	52838.31
260.52	52829.31
260.59	52811.06
260.65	52783.33
260.72	52747.95
260.79	52705.05
260.86	52677.55
260.93	52653.61
261.00	52613.08
261.07	52567.52
261.14	52504.50
261.21	52437.13
261.28	52382.19
261.34	52331.36
261.41	52277.20
261.48	52232.79
261.55	52193.94
261.62	52145.79
261.69	52096.67
261.76	52066.43
261.83	52042.99
261.90	52016.49
261.97	51980.27
262.03	51960.22
262.10	51931.35
262.17	51891.43
262.24	51865.69
262.31	51851.61
262.38	51816.03
262.45	51783.38
262.52	51756.72
262.59	51706.59
262.65	51661.90
262.72	51617.81
262.79	51577.41
262.86	51527.59
262.93	51490.07
263.00	51447.89
263.07	51406.47
263.14	51356.91
263.21	51333.53
263.27	51300.35
263.34	51266.74
263.41	51231.87
263.48	51193.13
263.55	51140.73
263.62	51069.99
263.69	51002.55
263.76	50947.58
263.82	50900.96
263.89	50861.25
263.96	50852.96
264.03	50833.52
264.10	50814.23
264.17	50777.03
264.24	50725.63
264.31	50672.51
264.38	50626.09
264.44	50580.74
264.51	50546.97
264.58	50520.71
264.65	50480.48
264.72	50439.33
264.79	50391.79
264.86	50349.33
264.92	50299.83
264.99	50262.59
265.06	50227.91
265.13	50199.40
265.20	50175.90
265.27	50144.66
265.34	50104.41
265.41	50074.61
265.47	50034.92
265.54	49986.75
265.61	49954.25
265.68	49934.55
265.75	49893.24
265.82	49844.49
265.89	49804.34
265.95	49751.99
266.02	49692.63
266.09	49635.95
266.16	49606.63
266.23	49570.08
266.30	49533.13
266.37	49483.86
266.44	49424.22
266.50	49359.20
266.57	49282.42
266.64	49223.24
266.71	49165.43
266.78	49123.26
266.85	49060.86
266.91	49020.72
266.98	48971.45
267.05	48921.01
267.12	48875.29
267.19	48846.49
267.26	48811.68
267.33	48774.26
267.39	48755.26
267.46	48731.93
267.53	48700.53
267.60	48669.06
267.67	48628.18
267.74	48585.59
267.81	48548.25
267.87	48499.18
267.94	48453.05
268.01	48416.97
268.08	48367.81
268.15	48312.55
268.22	48280.20
268.28	48238.05
268.35	48201.22
268.42	48167.20
268.49	48134.78
268.56	48096.65
268.63	48049.35
268.69	48005.86
268.76	47948.86
268.83	47894.03
268.90	47853.73
268.97	47816.78
269.04	47788.77
269.11	47779.08
269.17	47765.58
269.24	47729.01
269.31	47711.55
269.38	47671.86
269.45	47615.45
269.52	47561.43
269.58	47520.21
269.65	47453.09
269.72	47404.11
269.79	47377.27
269.86	47361.55
269.92	47335.33
269.99	47314.62
270.06	47278.50
270.13	47226.21
270.20	47168.36
270.27	47122.85
270.33	47088.39
270.40	47048.45
270.47	47023.11
270.54	46997.81
270.61	46967.87
270.68	46949.88
270.74	46932.70
270.81	46914.64
270.88	46890.14
270.95	46863.61
271.02	46819.29
271.08	46777.93
271.15	46728.75
271.22	46688.54
271.29	46653.49
271.36	46600.81
271.43	46559.47
271.49	46531.91
271.56	46505.15
271.63	46475.39
271.70	46473.52
271.77	46480.31
271.83	46454.91
271.90	46412.37
271.97	46374.33
272.04	46324.23
272.11	46278.73
272.17	46255.99
272.24	46236.90
272.31	46216.14
272.38	46193.97
272.45	46157.88
272.52	46127.69
272.58	46109.88
272.65	46099.75
272.72	46082.14
272.79	46047.53
272.86	46015.09
272.92	45974.77
272.99	45924.69
273.06	45884.69
273.13	45854.83
273.20	45818.30
273.26	45785.66
273.33	45754.17
273.40	45730.07
273.47	45711.77
273.54	45691.11
273.60	45671.67
273.67	45637.57
273.74	45612.89
273.81	45584.10
273.88	45556.48
273.94	45532.94
274.01	45524.06
274.08	45500.45
274.15	45470.97
274.21	45440.95
274.28	45393.29
274.35	45338.45
274.42	45283.79
274.49	45243.31
274.55	45212.82
274.62	45210.56
274.69	45202.48
274.76	45183.26
274.83	45156.39
274.89	45127.43
274.96	45076.52
275.03	45037.75
275.10	45008.53
275.17	44975.37
275.23	44935.21
275.30	44898.15
275.37	44867.85
275.44	44834.51
275.50	44799.91
275.57	44759.19
275.64	44720.95
275.71	44666.15
275.78	44625.02
275.84	44588.25
275.91	44553.95
275.98	44512.42
276.05	44486.37
276.11	44453.33
276.18	44429.12
276.25	44404.51
276.32	44376.86
276.39	44347.72
276.45	44302.46
276.52	44249.17
276.59	44198.89
276.66	44170.75
276.72	44143.71
276.79	44127.39
276.86	44108.35
276.93	44094.57
276.99	44066.47
277.06	44030.84
277.13	44004.47
277.20	43973.47
277.26	43943.10
277.33	43922.03
277.40	43894.99
277.47	43853.92
277.54	43819.74
277.60	43782.63
277.67	43731.87
277.74	43689.00
277.81	43659.04
277.87	43635.74
277.94	43603.35
278.01	43576.97
278.08	43539.91
278.14	43504.20
278.21	43467.57
278.28	43438.15
278.35	43412.16
278.41	43400.86
278.48	43379.13
278.55	43347.78
278.62	43314.47
278.68	43285.59
278.75	43251.24
278.82	43226.59
278.89	43201.92
278.95	43179.69
279.02	43142.96
279.09	43105.15
279.16	43062.03
279.22	43029.56
279.29	42988.87
279.36	42958.37
279.43	42916.18
279.49	42866.89
279.56	42818.38
279.63	42759.80
279.70	42711.32
279.76	42675.62
279.83	42650.77
279.90	42629.27
279.97	42610.51
280.03	42590.00
280.10	42561.22
280.17	42523.87
280.24	42478.38
280.30	42436.45
280.37	42376.33
280.44	42331.17
280.51	42294.32
280.57	42254.37
280.64	42211.75
280.71	42167.23
280.77	42103.16
280.84	42025.12
280.91	41941.60
280.98	41865.06
281.04	41790.94
281.11	41729.93
281.18	41676.21
281.25	41616.05
281.31	41557.65
281.38	41492.30
281.45	41433.21
281.52	41379.26
281.58	41331.33
281.65	41289.23
281.72	41250.55
281.78	41212.63
281.85	41181.97
281.92	41156.47
281.99	41132.55
282.05	41108.68
282.12	41082.04
282.19	41042.39
282.26	41009.29
282.32	40965.27
282.39	40939.35
282.46	40901.33
282.52	40864.97
282.59	40820.99
282.66	40795.83
282.73	40758.69
282.79	40722.77
282.86	40685.84
282.93	40644.77
282.99	40605.16
283.06	40563.01
283.13	40508.03
283.20	40443.64
283.26	40371.69
283.33	40294.50
283.40	40219.41
283.46	40170.47
283.53	40129.71
283.60	40099.36
283.67	40065.49
283.73	40044.84
283.80	40010.27
283.87	39990.35
283.93	39979.27
284.00	39957.85
284.07	39930.55
284.13	39911.15
284.20	39886.93
284.27	39859.56
284.34	39830.44
284.40	39809.69
284.47	39797.02
284.54	39782.13
284.60	39771.76
284.67	39761.07
284.74	39739.04
284.81	39710.72
284.87	39685.59
284.94	39640.78
285.01	39609.39
285.07	39567.79
285.14	39528.32
285.21	39487.85
285.27	39453.39
285.34	39421.55
285.41	39404.29
285.47	39377.92
285.54	39354.59
285.61	39329.95
285.68	39302.01
285.74	39276.19
285.81	39246.17
285.88	39212.99
285.94	39194.55
286.01	39179.61
286.08	39161.33
286.14	39140.73
286.21	39119.18
286.28	39098.77
286.34	39064.91
286.41	39026.81
286.48	38992.94
286.55	38962.25
286.61	38928.28
286.68	38899.14
286.75	38870.49
286.81	38836.07
286.88	38804.37
286.95	38763.63
287.01	38738.91
287.08	38710.98
287.15	38692.55
287.21	38672.76
287.28	38666.58
287.35	38633.97
287.41	38609.07
287.48	38591.07
287.55	38571.49
287.61	38539.82
287.68	38520.39
287.75	38500.59
287.81	38466.89
287.88	38431.58
287.95	38419.05
288.01	38388.14
288.08	38358.30
288.15	38321.82
288.21	38290.72
288.28	38237.72
288.35	38208.95
288.41	38188.04
288.48	38186.71
288.55	38178.03
288.61	38174.31
288.68	38160.25
288.75	38138.45
288.81	38110.75
288.88	38083.27
288.95	38058.57
289.01	38042.95
289.08	38031.73
289.15	38023.09
289.21	38013.82
289.28	37990.67
289.35	37972.27
289.41	37941.15
289.48	37917.29
289.55	37900.66
289.61	37891.77
289.68	37881.11
289.75	37878.87
289.81	37861.90
289.88	37843.29
289.95	37828.65
290.01	37795.33
290.08	37758.85
290.15	37728.85
290.21	37704.23
290.28	37682.33
290.35	37674.77
290.41	37664.17
290.48	37659.34
290.55	37627.23
290.61	37589.55
290.68	37554.98
290.74	37535.36
290.81	37522.05
290.88	37526.19
290.94	37523.43
291.01	37520.26
291.08	37510.08
291.14	37486.75
291.21	37458.09
291.28	37442.17
291.34	37425.02
291.41	37409.48
291.48	37398.85
291.54	37392.60
291.61	37390.59
291.68	37383.75
291.74	37361.79
291.81	37346.49
291.87	37335.25
291.94	37305.59
292.01	37284.34
292.07	37272.21
292.14	37250.25
292.21	37216.95
292.27	37193.51
292.34	37173.54
292.41	37152.43
292.47	37123.97
292.54	37114.19
292.60	37100.42
292.67	37078.14
292.74	37060.61
292.80	37066.85
292.87	37062.51
292.94	37067.20
293.00	37065.47
293.07	37060.63
293.13	37051.39
293.20	37041.11
293.27	37030.79
293.33	37026.69
293.40	37016.93
293.47	36998.82
293.53	36980.24
293.60	36958.25
293.66	36925.09
293.73	36907.99
293.80	36883.36
293.86	36867.80
293.93	36848.93
294.00	36834.40
294.06	36813.25
294.13	36802.89
294.19	36775.49
294.26	36763.18
294.33	36761.86
294.39	36750.87
294.46	36740.23
294.52	36740.54
294.59	36732.07
294.66	36718.25
294.72	36705.10
294.79	36692.11
294.86	36673.44
294.92	36670.18
294.99	36673.39
295.05	36685.71
295.12	36688.93
295.19	36699.93
295.25	36692.10
295.32	36688.68
295.38	36670.56
295.45	36662.09
295.52	36656.55
295.58	36635.72
295.65	36605.99
295.71	36595.89
295.78	36565.83
295.85	36524.69
295.91	36507.15
295.98	36477.51
296.04	36449.49
296.11	36433.61
296.18	36434.51
296.24	36430.84
296.31	36434.29
296.37	36437.53
296.44	36450.33
296.51	36444.56
296.57	36442.55
296.64	36445.46
296.70	36444.55
296.77	36442.40
296.84	36443.77
296.90	36435.46
296.97	36424.67
297.03	36412.81
297.10	36399.53
297.17	36392.59
297.23	36392.93
297.30	36387.97
297.36	36379.11
297.43	36372.65
297.50	36367.53
297.56	36353.14
297.63	36345.35
297.69	36332.35
297.76	36306.67
297.82	36270.97
297.89	36250.94
297.96	36223.83
298.02	36205.58
298.09	36189.80
298.15	36186.45
298.22	36177.88
298.29	36174.91
298.35	36164.55
298.42	36163.34
298.48	36160.64
298.55	36150.79
298.61	36150.63
298.68	36164.01
298.75	36167.23
298.81	36163.22
298.88	36166.12
298.94	36163.65
299.01	36143.90
299.08	36134.85
299.14	36134.79
299.21	36124.23
299.27	36117.83
299.34	36109.66
299.40	36101.39
299.47	36078.37
299.54	36059.05
299.60	36043.59
299.67	36034.59
299.73	36017.09
299.80	35994.54
299.86	35975.47
299.93	35942.11
299.99	35914.11
300.06	35883.90
300.13	35869.70
300.19	35850.25
300.26	35829.63
300.32	35825.90
300.39	35818.78
300.45	35815.54
300.52	35822.93
300.59	35836.55
300.65	35835.46
300.72	35849.21
300.78	35848.51
300.85	35844.95
300.91	35834.41
300.98	35815.29
301.04	35790.54
301.11	35776.03
301.18	35760.51
301.24	35747.95
301.31	35732.47
301.37	35714.14
301.44	35685.47
301.50	35662.52
301.57	35640.87
301.63	35631.40
301.70	35615.42
301.77	35594.93
301.83	35570.07
301.90	35538.87
301.96	35487.14
302.03	35439.64
302.09	35415.42
302.16	35384.53
302.22	35358.89
302.29	35341.96
302.36	35331.23
302.42	35304.79
302.49	35285.16
302.55	35273.78
302.62	35268.37
302.68	35250.84
302.75	35240.71
302.81	35222.82
302.88	35198.30
302.94	35166.47
303.01	35148.91
303.07	35119.35
303.14	35096.25
303.21	35074.76
303.27	35063.13
303.34	35043.01
303.40	35026.01
303.47	34999.46
303.53	34968.73
303.60	34943.63
303.66	34909.37
303.73	34877.48
303.79	34844.33
303.86	34815.59
303.92	34769.36
303.99	34728.31
304.05	34685.99
304.12	34646.17
304.19	34606.57
304.25	34563.74
304.32	34529.53
304.38	34489.35
304.45	34454.45
304.51	34416.67
304.58	34393.79
304.64	34367.07
304.71	34350.52
304.77	34319.45
304.84	34288.61
304.90	34254.89
304.97	34218.98
305.03	34185.63
305.10	34161.59
305.16	34139.23
305.23	34114.02
305.29	34080.44
305.36	34035.83
305.42	33998.13
305.49	33952.69
305.56	33905.02
305.62	33874.47
305.69	33837.61
305.75	33793.57
305.82	33726.43
305.88	33627.99
305.95	33498.57
306.01	33371.69
306.08	33258.59
306.14	33161.69
306.21	33097.19
306.27	33050.93
306.34	33024.58
306.40	32985.72
306.47	32977.15
306.53	32987.11
306.60	33004.57
306.66	33015.12
306.73	33019.81
306.79	33003.79
306.86	32968.30
306.92	32925.15
306.99	32884.67
307.05	32837.50
307.12	32794.16
307.18	32749.03
307.25	32707.65
307.31	32657.48
307.38	32613.95
307.44	32568.49
307.51	32523.99
307.57	32472.24
307.64	32419.37
307.70	32375.23
307.77	32320.27
307.83	32265.56
307.90	32221.66
307.96	32181.79
308.03	32117.66
308.09	32067.44
308.16	32019.48
308.22	31966.39
308.29	31909.17
308.35	31868.07
308.42	31821.69
308.48	31766.39
308.55	31704.49
308.61	31645.57
308.68	31593.57
308.74	31536.54
308.81	31494.63
308.87	31456.31
308.94	31422.37
309.00	31382.20
309.07	31342.63
309.13	31285.29
309.20	31240.39
309.26	31178.26
309.33	31113.94
309.39	31049.97
309.45	31001.70
309.52	30934.28
309.58	30881.08
309.65	30818.79
309.71	30762.80
309.78	30710.25
309.84	30653.35
309.91	30593.27
309.97	30543.51
310.04	30499.62
310.10	30442.05
310.17	30397.87
310.23	30355.95
310.30	30318.61
310.36	30270.65
310.43	30227.38
310.49	30169.89
310.56	30107.06
310.62	30038.63
310.69	29968.01
310.75	29895.45
310.81	29843.57
310.88	29793.60
310.94	29748.71
311.01	29703.39
311.07	29657.03
311.14	29607.16
311.20	29553.91
311.27	29498.88
311.33	29451.31
311.40	29407.12
311.46	29359.85
311.53	29310.49
311.59	29266.41
311.66	29221.65
311.72	29167.11
311.78	29112.03
311.85	29063.41
311.91	29014.85
311.98	28960.99
312.04	28922.01
312.11	28878.99
312.17	28838.13
312.24	28801.91
312.30	28756.45
312.37	28696.59
312.43	28636.26
312.50	28582.69
312.56	28514.80
312.62	28450.58
312.69	28395.74
312.75	28340.18
312.82	28267.47
312.88	28199.89
312.95	28144.73
313.01	28076.15
313.08	28023.49
313.14	27981.85
313.20	27933.86
313.27	27888.08
313.33	27842.19
313.40	27794.88
313.46	27740.17
313.53	27691.93
313.59	27635.52
313.66	27602.57
313.72	27554.71
313.78	27511.76
313.85	27467.35
313.91	27420.93
313.98	27371.79
314.04	27327.45
314.11	27283.90
314.17	27242.60
314.24	27195.81
314.30	27142.63
314.36	27083.05
314.43	27035.37
314.49	26981.24
314.56	26928.61
314.62	26874.58
314.69	26834.18
314.75	26773.51
314.81	26723.61
314.88	26679.57
314.94	26630.25
315.01	26575.29
315.07	26529.81
315.14	26482.08
315.20	26443.03
315.27	26396.99
315.33	26359.26
315.39	26316.79
315.46	26274.19
315.52	26214.67
315.59	26169.91
315.65	26112.95
315.72	26065.71
315.78	26010.34
315.84	25967.98
315.91	25929.39
315.97	25903.35
316.04	25888.25
316.10	25870.84
316.16	25829.53
316.23	25755.01
316.29	25646.75
316.36	25489.27
316.42	25309.04
316.49	25110.90
316.55	24905.17
316.61	24697.51
316.68	24479.66
316.74	24265.41
316.81	24051.97
316.87	23835.85
316.93	23609.69
317.00	23393.47
317.06	23174.68
317.13	22960.03
317.19	22739.92
317.26	22529.79
317.32	22316.29
317.38	22101.28
317.45	21879.12
317.51	21669.68
317.58	21456.00
317.64	21242.02
317.70	21036.47
317.77	20839.29
317.83	20637.89
317.90	20438.85
317.96	20232.88
318.02	20027.99
318.09	19826.76
318.15	19619.79
318.22	19408.89
318.28	19207.51
318.34	18994.42
318.41	18772.36
318.47	18550.87
318.54	18339.19
318.60	18129.58
318.66	17921.51
318.73	17717.81
318.79	17524.23
318.86	17322.71
318.92	17125.17
318.98	16934.26
319.05	16741.21
319.11	16546.22
319.18	16352.97
319.24	16157.40
319.30	15952.86
319.37	15767.91
319.43	15580.33
319.50	15392.41
319.56	15208.34
319.62	15030.84
319.69	14838.78
319.75	14659.41
319.82	14479.07
319.88	14292.37
319.94	14103.31
320.01	13926.51
320.07	13732.40
320.13	13544.41
320.20	13360.61
320.26	13177.28
320.33	12988.93
320.39	12809.18
320.45	12626.81
320.52	12445.98
320.58	12273.46
320.65	12094.28
320.71	11921.35
320.77	11752.92
320.84	11578.66
320.90	11403.03
320.96	11225.42
321.03	11040.23
321.09	10848.92
321.16	10663.11
321.22	10475.43
321.28	10293.83
321.35	10124.57
321.41	9956.97
321.47	9791.22
321.54	9629.81
321.60	9459.95
321.67	9283.61
321.73	9113.96
321.79	8941.65
321.86	8766.50
321.92	8591.42
321.98	8410.42
322.05	8222.19
322.11	8031.57
322.18	7837.41
322.24	7655.09
322.30	7477.87
322.37	7310.89
322.43	7137.37
322.49	6973.01
322.56	6799.05
322.62	6629.64
322.68	6447.14
322.75	6282.12
322.81	6107.28
322.88	5939.01
322.94	5765.01
323.00	5598.49
323.07	5430.25
323.13	5263.52
323.19	5099.68
323.26	4940.94
323.32	4784.43
323.38	4622.27
323.45	4402.63
323.51	3766.65
323.57	2888.97
323.64	1975.66
323.70	1098.20
323.76	313.32
323.83	-24.13
323.89	-88.31
323.96	-88.71
