180.25	3496.77
180.33	-129.12
180.40	650.51
180.48	-36.92
180.56	3.92
180.63	37.41
180.71	76.34
180.78	76.52
180.86	78.41
180.93	81.95
181.01	83.89
181.08	82.35
181.16	82.35
181.23	83.75
181.31	84.27
181.39	105.20
181.46	113.99
181.54	123.08
181.61	138.56
181.69	146.92
181.76	141.49
181.84	136.51
181.91	139.11
181.99	140.69
182.06	143.27
182.14	150.22
182.22	156.51
182.29	168.20
182.37	174.53
182.44	187.39
182.52	187.31
182.59	207.33
182.67	216.30
182.74	222.71
182.82	226.88
182.89	236.39
182.97	235.54
183.04	246.42
183.12	257.13
183.20	281.67
183.27	300.40
183.35	336.45
183.42	367.49
183.50	419.26
183.57	456.18
183.65	513.74
183.72	569.68
183.80	635.27
183.87	691.28
183.95	747.90
184.02	802.66
184.10	841.01
184.17	861.94
184.25	859.45
184.32	846.71
184.40	813.66
184.47	758.33
184.55	713.21
184.62	713.17
184.70	746.89
184.78	812.00
184.85	940.09
184.93	1093.68
185.00	1240.17
185.08	1390.22
185.15	1535.05
185.23	1682.01
185.30	1816.46
185.38	1944.77
185.45	2071.04
185.53	2209.20
185.60	2335.80
185.68	2481.55
185.75	2601.04
185.83	2692.53
185.90	2753.43
185.98	2738.91
186.05	2648.59
186.13	2516.75
186.20	2331.92
186.28	2162.19
186.35	2096.01
186.43	2137.29
186.50	2291.57
186.58	2546.69
186.65	2833.64
186.73	3116.53
186.80	3375.15
186.88	3615.05
186.95	3869.95
187.03	4122.20
187.10	4355.34
187.18	4614.69
187.25	4851.69
187.33	5075.43
187.40	5316.54
187.48	5528.87
187.55	5707.53
187.63	5859.89
187.70	5922.81
187.78	5898.87
187.85	5831.74
187.93	5621.65
188.00	5296.54
188.08	4933.29
188.15	4619.57
188.23	4425.33
188.30	4424.87
188.38	4630.07
188.45	4988.97
188.53	5392.98
188.60	5771.39
188.68	6122.27
188.75	6429.05
188.83	6742.66
188.90	7013.48
188.98	7273.04
189.05	7540.46
189.13	7785.64
189.20	7996.93
189.28	8218.51
189.35	8412.38
189.43	8583.21
189.50	8750.41
189.58	8854.19
189.65	8894.53
189.73	8881.29
189.80	8750.75
189.87	8513.24
189.95	8196.54
190.02	7775.07
190.10	7306.81
190.17	6960.25
190.25	6817.02
190.32	6879.52
190.40	7149.75
190.47	7569.73
190.55	8016.31
190.62	8416.65
190.70	8762.07
190.77	9079.65
190.85	9387.87
190.92	9649.81
191.00	9881.82
191.07	10111.46
191.15	10301.26
191.22	10472.50
191.29	10631.51
191.37	10761.01
191.44	10868.58
191.52	10984.56
191.59	11062.99
191.67	11129.53
191.74	11178.19
191.82	11172.63
191.89	11126.53
191.97	11065.32
192.04	10956.01
192.12	10783.31
192.19	10545.21
192.27	10252.89
192.34	9996.73
192.41	9866.75
192.49	9896.17
192.56	10085.05
192.64	10406.20
192.71	10767.51
192.79	11079.66
192.86	11350.17
192.94	11572.18
193.01	11773.43
193.09	11950.61
193.16	12133.97
193.23	12314.73
193.31	12487.05
193.38	12662.94
193.46	12807.82
193.53	12926.42
193.61	13022.97
193.68	13110.01
193.76	13159.28
193.83	13218.08
193.91	13274.27
193.98	13325.94
194.05	13376.28
194.13	13425.82
194.20	13449.54
194.28	13447.92
194.35	13417.47
194.43	13350.43
194.50	13234.86
194.58	13091.33
194.65	12976.11
194.72	12939.00
194.80	12991.91
194.87	13140.72
194.95	13370.27
195.02	13620.43
195.10	13834.69
195.17	14024.90
195.25	14192.55
195.32	14337.06
195.39	14467.04
195.47	14573.13
195.54	14666.05
195.62	14727.45
195.69	14756.10
195.77	14740.44
195.84	14716.64
195.91	14664.43
195.99	14641.94
196.06	14665.74
196.14	14746.73
196.21	14850.54
196.29	15000.30
196.36	15154.92
196.43	15289.27
196.51	15401.63
196.58	15505.91
196.66	15580.23
196.73	15641.93
196.81	15686.37
196.88	15716.42
196.95	15734.46
197.03	15723.65
197.10	15685.08
197.18	15649.06
197.25	15615.59
197.33	15606.84
197.40	15635.09
197.47	15677.92
197.55	15746.84
197.62	15834.74
197.70	15929.37
197.77	16047.84
197.84	16185.37
197.92	16318.94
197.99	16458.66
198.07	16595.47
198.14	16699.25
198.22	16796.16
198.29	16869.87
198.36	16932.48
198.44	16987.23
198.51	17037.55
198.59	17052.04
198.66	17065.60
198.73	17047.09
198.81	17007.17
198.88	16950.06
198.96	16917.51
199.03	16915.56
199.10	16978.62
199.18	17074.33
199.25	17212.07
199.33	17376.82
199.40	17533.28
199.48	17652.35
199.55	17760.92
199.62	17840.28
199.70	17933.29
199.77	18016.91
199.85	18108.91
199.92	18193.03
199.99	18279.71
200.07	18311.92
200.14	18325.25
200.22	18288.55
200.29	18203.08
200.36	18128.73
200.44	18085.60
200.51	18088.43
200.59	18154.60
200.66	18273.39
200.73	18405.30
200.81	18544.23
200.88	18665.88
200.95	18802.31
201.03	18935.42
201.10	19070.57
201.18	19195.72
201.25	19322.66
201.32	19408.53
201.40	19488.05
201.47	19568.34
201.55	19619.47
201.62	19644.50
201.69	19635.33
201.77	19609.67
201.84	19565.87
201.92	19518.69
201.99	19467.27
202.06	19462.25
202.14	19500.01
202.21	19570.11
202.28	19697.46
202.36	19858.03
202.43	20036.34
202.51	20199.81
202.58	20345.51
202.65	20464.05
202.73	20585.29
202.80	20694.65
202.87	20805.85
202.95	20913.06
203.02	21016.37
203.10	21087.99
203.17	21137.01
203.24	21138.55
203.32	21082.03
203.39	20956.75
203.46	20836.33
203.54	20740.03
203.61	20731.35
203.69	20804.98
203.76	20964.87
203.83	21155.70
203.91	21347.02
203.98	21517.67
204.05	21674.68
204.13	21831.22
204.20	21969.33
204.28	22107.44
204.35	22211.48
204.42	22311.30
204.50	22390.20
204.57	22470.69
204.64	22535.83
204.72	22591.05
204.79	22599.71
204.86	22570.05
204.94	22519.71
205.01	22455.05
205.09	22392.69
205.16	22353.08
205.23	22365.29
205.31	22436.99
205.38	22547.73
205.45	22703.96
205.53	22900.67
205.60	23099.94
205.67	23280.11
205.75	23447.99
205.82	23596.43
205.89	23717.87
205.97	23835.25
206.04	23939.26
206.12	24038.07
206.19	24137.25
206.26	24224.33
206.34	24292.37
206.41	24316.03
206.48	24288.54
206.56	24187.35
206.63	24043.59
206.70	23901.21
206.78	23819.21
206.85	23822.73
206.92	23941.38
207.00	24143.60
207.07	24381.91
207.14	24611.30
207.22	24827.89
207.29	25004.21
207.36	25169.81
207.44	25318.55
207.51	25450.93
207.58	25574.98
207.66	25688.43
207.73	25796.12
207.80	25894.87
207.88	25976.00
207.95	26017.61
208.02	26042.89
208.10	26002.97
208.17	25907.66
208.25	25799.01
208.32	25713.29
208.39	25658.06
208.47	25678.29
208.54	25762.65
208.61	25906.89
208.69	26061.27
208.76	26220.61
208.83	26386.59
208.90	26565.44
208.98	26725.55
209.05	26893.57
209.12	27049.65
209.20	27191.54
209.27	27313.41
209.34	27441.19
209.42	27555.19
209.49	27662.11
209.56	27741.82
209.64	27809.65
209.71	27839.19
209.78	27827.53
209.86	27763.29
209.93	27692.36
210.00	27606.88
210.08	27529.93
210.15	27501.07
210.22	27552.23
210.30	27650.26
210.37	27802.23
210.44	27986.77
210.52	28180.30
210.59	28358.63
210.66	28509.13
210.74	28651.76
210.81	28779.42
210.88	28909.71
210.96	29028.01
211.03	29163.50
211.10	29288.69
211.17	29419.56
211.25	29511.66
211.32	29592.05
211.39	29644.63
211.47	29648.95
211.54	29585.95
211.61	29491.11
211.69	29396.39
211.76	29321.45
211.83	29328.44
211.91	29425.80
211.98	29590.07
212.05	29776.53
212.12	29957.89
212.20	30115.59
212.27	30250.67
212.34	30364.15
212.42	30476.00
212.49	30593.06
212.56	30698.06
212.64	30807.42
212.71	30925.46
212.78	31035.33
212.85	31140.23
212.93	31221.13
213.00	31299.00
213.07	31356.87
213.15	31373.94
213.22	31358.57
213.29	31342.01
213.37	31303.17
213.44	31280.52
213.51	31284.41
213.58	31333.28
213.66	31418.42
213.73	31527.96
213.80	31659.32
213.88	31815.66
213.95	31951.11
214.02	32053.21
214.09	32167.72
214.17	32262.95
214.24	32372.21
214.31	32487.23
214.39	32621.50
214.46	32744.61
214.53	32860.18
214.60	32945.57
214.68	33023.07
214.75	33090.75
214.82	33132.75
214.90	33157.51
214.97	33170.26
215.04	33127.01
215.11	33078.78
215.19	33047.69
215.26	33061.05
215.33	33111.10
215.41	33242.45
215.48	33402.43
215.55	33568.94
215.62	33703.09
215.70	33830.62
215.77	33942.87
215.84	34057.29
215.91	34151.45
215.99	34256.65
216.06	34350.59
216.13	34445.34
216.21	34529.69
216.28	34620.35
216.35	34710.82
216.42	34800.82
216.50	34864.83
216.57	34914.05
216.64	34943.99
216.71	34945.67
216.79	34920.94
216.86	34924.80
216.93	34950.20
217.01	35007.12
217.08	35091.44
217.15	35195.69
217.22	35282.53
217.30	35364.06
217.37	35443.57
217.44	35525.59
217.51	35621.95
217.59	35735.61
217.66	35845.38
217.73	35953.31
217.80	36056.11
217.88	36151.87
217.95	36250.89
218.02	36338.27
218.09	36405.43
218.17	36489.32
218.24	36568.91
218.31	36635.47
218.38	36692.97
218.46	36758.79
218.53	36780.68
218.60	36771.09
218.67	36746.59
218.75	36751.21
218.82	36768.22
218.89	36828.15
218.96	36934.65
219.04	37058.13
219.11	37176.67
219.18	37295.15
219.25	37402.56
219.33	37497.07
219.40	37604.99
219.47	37711.33
219.54	37795.42
219.62	37880.84
219.69	37974.22
219.76	38076.77
219.83	38159.09
219.91	38252.57
219.98	38347.34
220.05	38422.51
220.12	38474.43
220.20	38523.43
220.27	38563.56
220.34	38568.90
220.41	38560.09
220.49	38554.62
220.56	38572.48
220.63	38609.75
220.70	38681.31
220.78	38797.73
220.85	38898.27
220.92	38986.13
220.99	39062.85
221.06	39133.35
221.14	39191.93
221.21	39275.93
221.28	39363.53
221.35	39464.55
221.43	39555.77
221.50	39632.30
221.57	39698.43
221.64	39777.60
221.72	39853.16
221.79	39943.77
221.86	40028.47
221.93	40109.18
222.00	40184.75
222.08	40249.56
222.15	40292.77
222.22	40339.56
222.29	40384.19
222.37	40410.31
222.44	40450.10
222.51	40494.95
222.58	40551.91
222.65	40619.93
222.73	40697.23
222.80	40775.17
222.87	40866.37
222.94	40949.21
223.02	41032.00
223.09	41114.61
223.16	41183.91
223.23	41259.67
223.30	41354.03
223.38	41442.51
223.45	41530.81
223.52	41629.50
223.59	41730.30
223.66	41801.19
223.74	41862.13
223.81	41911.07
223.88	41960.87
223.95	41995.71
224.03	42038.04
224.10	42080.61
224.17	42140.50
224.24	42172.79
224.31	42218.01
224.39	42281.07
224.46	42345.42
224.53	42403.41
224.60	42486.04
224.67	42568.95
224.75	42639.89
224.82	42731.66
224.89	42828.89
224.96	42930.85
225.03	43028.58
225.11	43120.62
225.18	43204.13
225.25	43292.10
225.32	43364.75
225.39	43438.13
225.47	43517.63
225.54	43583.55
225.61	43638.43
225.68	43680.61
225.75	43722.08
225.83	43768.53
225.90	43834.94
225.97	43906.23
226.04	44001.71
226.11	44087.89
226.19	44179.58
226.26	44257.83
226.33	44338.53
226.40	44416.45
226.47	44496.49
226.54	44570.12
226.62	44649.13
226.69	44730.42
226.76	44812.23
226.83	44902.33
226.90	44988.00
226.98	45050.90
227.05	45104.53
227.12	45160.44
227.19	45199.14
227.26	45245.87
227.34	45320.45
227.41	45403.81
227.48	45481.50
227.55	45566.04
227.62	45645.37
227.69	45727.83
227.77	45804.43
227.84	45876.63
227.91	45961.44
227.98	46040.89
228.05	46098.09
228.12	46147.03
228.20	46209.61
228.27	46266.99
228.34	46334.14
228.41	46419.03
228.48	46514.89
228.56	46610.76
228.63	46702.77
228.70	46787.59
228.77	46868.07
228.84	46953.41
228.91	47045.30
228.99	47137.95
229.06	47248.49
229.13	47346.53
229.20	47436.80
229.27	47512.99
229.34	47586.91
229.42	47652.43
229.49	47729.72
229.56	47813.21
229.63	47893.23
229.70	47964.03
229.77	48025.41
229.85	48080.26
229.92	48124.05
229.99	48170.04
230.06	48227.57
230.13	48303.99
230.20	48395.40
230.27	48494.21
230.35	48603.70
230.42	48718.47
230.49	48820.78
230.56	48904.47
230.63	48997.47
230.70	49064.70
230.78	49127.65
230.85	49184.49
230.92	49256.85
230.99	49323.14
231.06	49425.02
231.13	49539.74
231.20	49660.69
231.28	49764.99
231.35	49878.21
231.42	49961.74
231.49	50037.33
231.56	50120.26
231.63	50216.06
231.71	50287.51
231.78	50362.01
231.85	50429.52
231.92	50486.93
231.99	50548.83
232.06	50625.60
232.13	50717.09
232.21	50817.14
232.28	50920.46
232.35	51009.57
232.42	51087.73
232.49	51173.55
232.56	51260.58
232.63	51351.17
232.71	51449.67
232.78	51553.47
232.85	51653.31
232.92	51727.01
232.99	51806.31
233.06	51874.81
233.13	51933.12
233.20	51968.79
233.28	52021.63
233.35	52060.87
233.42	52113.99
233.49	52188.00
233.56	52278.63
233.63	52366.43
233.70	52465.12
233.78	52567.15
233.85	52674.59
233.92	52772.77
233.99	52874.06
234.06	52965.15
234.13	53052.55
234.20	53122.95
234.27	53198.19
234.35	53265.15
234.42	53330.64
234.49	53399.48
234.56	53451.39
234.63	53494.76
234.70	53543.47
234.77	53586.99
234.84	53621.67
234.92	53682.30
234.99	53759.75
235.06	53840.21
235.13	53931.13
235.20	54023.84
235.27	54093.24
235.34	54182.49
235.41	54266.01
235.48	54345.19
235.56	54416.01
235.63	54492.67
235.70	54532.49
235.77	54568.45
235.84	54595.47
235.91	54616.81
235.98	54651.11
236.05	54688.27
236.12	54736.21
236.20	54768.75
236.27	54818.32
236.34	54866.11
236.41	54911.53
236.48	54953.17
236.55	55011.61
236.62	55062.97
236.69	55110.46
236.76	55179.01
236.84	55248.41
236.91	55316.92
236.98	55392.25
237.05	55457.62
237.12	55510.48
237.19	55555.77
237.26	55599.81
237.33	55630.61
237.40	55674.05
237.47	55707.35
237.55	55750.57
237.62	55821.05
237.69	55897.95
237.76	55978.79
237.83	56063.73
237.90	56135.70
237.97	56180.87
238.04	56222.83
238.11	56253.57
238.18	56295.31
238.26	56329.55
238.33	56356.07
238.40	56388.14
238.47	56432.32
238.54	56443.16
238.61	56461.57
238.68	56492.99
238.75	56513.54
238.82	56533.32
238.89	56585.87
238.96	56650.59
239.04	56701.23
239.11	56765.10
239.18	56815.09
239.25	56842.53
239.32	56859.47
239.39	56871.09
239.46	56863.79
239.53	56840.68
239.60	56835.29
239.67	56837.05
239.74	56857.51
239.81	56881.03
239.89	56926.51
239.96	56970.72
240.03	57010.83
240.10	57037.32
240.17	57064.96
240.24	57084.55
240.31	57102.83
240.38	57129.38
240.45	57184.97
240.52	57253.29
240.59	57325.65
240.66	57394.20
240.73	57443.69
240.80	57472.31
240.88	57488.66
240.95	57510.35
241.02	57535.15
241.09	57564.26
241.16	57591.83
241.23	57610.21
241.30	57605.91
241.37	57569.63
241.44	57551.53
241.51	57537.97
241.58	57547.05
241.65	57574.06
241.72	57627.79
241.79	57665.05
241.86	57677.97
241.94	57679.30
242.01	57661.71
242.08	57639.42
242.15	57633.69
242.22	57647.23
242.29	57654.89
242.36	57681.45
242.43	57688.33
242.50	57681.21
242.57	57663.13
242.64	57658.08
242.71	57638.36
242.78	57643.30
242.85	57641.37
242.92	57653.30
242.99	57657.81
243.06	57675.48
243.14	57681.47
243.21	57701.61
243.28	57713.87
243.35	57746.11
243.42	57775.84
243.49	57807.26
243.56	57822.75
243.63	57845.48
243.70	57844.51
243.77	57834.67
243.84	57830.41
243.91	57826.81
243.98	57809.83
244.05	57780.28
244.12	57755.01
244.19	57730.69
244.26	57714.46
244.33	57703.87
244.40	57698.71
244.47	57703.11
244.54	57689.69
244.62	57658.16
244.69	57625.73
244.76	57610.22
244.83	57604.01
244.90	57612.43
244.97	57628.19
245.04	57654.09
245.11	57670.02
245.18	57657.97
245.25	57658.35
245.32	57669.93
245.39	57683.55
245.46	57686.28
245.53	57689.09
245.60	57677.38
245.67	57665.87
245.74	57647.43
245.81	57627.16
245.88	57612.03
245.95	57608.85
246.02	57585.89
246.09	57546.28
246.16	57512.97
246.23	57473.17
246.30	57429.41
246.37	57425.65
246.44	57443.37
246.51	57467.47
246.58	57503.15
246.65	57540.82
246.72	57553.83
246.79	57555.55
246.87	57552.59
246.94	57547.27
247.01	57516.68
247.08	57474.72
247.15	57410.07
247.22	57352.27
247.29	57282.27
247.36	57243.07
247.43	57210.28
247.50	57205.47
247.57	57202.85
247.64	57228.54
247.71	57235.51
247.78	57255.17
247.85	57281.52
247.92	57308.30
247.99	57308.79
248.06	57306.05
248.13	57292.27
248.20	57265.43
248.27	57225.42
248.34	57214.54
248.41	57210.15
248.48	57207.29
248.55	57204.65
248.62	57215.13
248.69	57212.11
248.76	57199.32
248.83	57176.57
248.90	57154.71
248.97	57119.35
249.04	57071.54
249.11	57040.98
249.18	57014.51
249.25	56980.73
249.32	56941.34
249.39	56895.40
249.46	56835.63
249.53	56792.95
249.60	56743.51
249.67	56724.02
249.74	56723.20
249.81	56731.56
249.88	56730.29
249.95	56765.89
250.02	56798.22
250.09	56813.68
250.16	56823.13
250.23	56821.89
250.30	56810.93
250.37	56781.16
250.44	56764.28
250.51	56753.27
250.58	56757.86
250.65	56754.74
250.72	56730.32
250.79	56699.89
250.86	56660.37
250.93	56611.14
251.00	56556.30
251.07	56534.17
251.14	56518.67
251.21	56518.82
251.28	56507.23
251.35	56488.95
251.42	56472.15
251.49	56453.80
251.56	56422.43
251.63	56405.14
251.70	56401.12
251.77	56378.15
251.84	56349.54
251.91	56303.35
251.98	56244.53
252.05	56193.43
252.12	56147.42
252.18	56094.74
252.25	56079.45
252.32	56086.23
252.39	56079.60
252.46	56070.84
252.53	56065.84
252.60	56044.73
252.67	56011.19
252.74	55985.63
252.81	55959.29
252.88	55926.87
252.95	55891.99
253.02	55873.41
253.09	55845.98
253.16	55833.77
253.23	55830.62
253.30	55833.44
253.37	55816.17
253.44	55798.08
253.51	55755.75
253.58	55720.89
253.65	55701.91
253.72	55700.91
253.79	55701.81
253.86	55714.99
253.93	55715.67
254.00	55694.91
254.07	55659.19
254.14	55617.20
254.21	55572.63
254.28	55545.17
254.35	55510.21
254.41	55487.95
254.48	55465.15
254.55	55449.12
254.62	55428.49
254.69	55389.89
254.76	55347.45
254.83	55310.26
254.90	55271.27
254.97	55240.37
255.04	55245.49
255.11	55230.65
255.18	55200.74
255.25	55161.23
255.32	55120.77
255.39	55083.13
255.46	55052.09
255.53	55037.10
255.60	55020.88
255.67	55011.41
255.74	54987.26
255.81	54970.97
255.87	54969.32
255.94	54962.15
256.01	54933.33
256.08	54909.33
256.15	54888.92
256.22	54843.71
256.29	54816.45
256.36	54778.92
256.43	54757.24
256.50	54735.35
256.57	54723.19
256.64	54702.50
256.71	54696.62
256.78	54671.69
256.85	54648.47
256.92	54621.48
256.99	54603.13
257.05	54583.67
257.12	54566.17
257.19	54531.83
257.26	54496.43
257.33	54449.73
257.40	54412.32
257.47	54359.03
257.54	54327.63
257.61	54303.26
257.68	54293.59
257.75	54269.50
257.82	54268.04
257.89	54257.45
257.96	54227.52
258.03	54184.85
258.09	54149.49
258.16	54085.53
258.23	54013.06
258.30	53961.85
258.37	53921.76
258.44	53875.56
258.51	53860.53
258.58	53853.11
258.65	53842.20
258.72	53824.78
258.79	53794.67
258.86	53757.09
258.93	53733.69
258.99	53694.97
259.06	53652.13
259.13	53626.45
259.20	53588.33
259.27	53539.25
259.34	53508.95
259.41	53497.67
259.48	53496.25
259.55	53491.89
259.62	53481.03
259.69	53457.89
259.76	53412.89
259.82	53355.37
259.89	53320.33
259.96	53295.03
260.03	53262.91
260.10	53232.23
260.17	53188.53
260.24	53131.51
260.31	53064.77
260.38	53025.39
260.45	53000.09
260.52	52987.23
260.59	52959.13
260.65	52935.44
260.72	52900.49
260.79	52864.55
260.86	52824.57
260.93	52801.69
261.00	52770.33
261.07	52730.04
261.14	52672.45
261.21	52625.52
261.28	52581.79
261.34	52535.61
261.41	52477.79
261.48	52434.69
261.55	52390.31
261.62	52336.45
261.69	52280.45
261.76	52252.15
261.83	52230.28
261.90	52196.46
261.97	52162.25
262.03	52144.61
262.10	52118.58
262.17	52075.77
262.24	52049.99
262.31	52030.85
262.38	51998.72
262.45	51963.73
262.52	51934.89
262.59	51887.17
262.65	51836.65
262.72	51787.77
262.79	51746.66
262.86	51695.91
262.93	51662.93
263.00	51631.04
263.07	51585.69
263.14	51533.01
263.21	51504.27
263.27	51461.21
263.34	51423.07
263.41	51388.75
263.48	51351.80
263.55	51296.05
263.62	51233.87
263.69	51170.65
263.76	51126.69
263.82	51088.19
263.89	51052.75
263.96	51033.97
264.03	51009.03
264.10	50975.57
264.17	50921.79
264.24	50869.75
264.31	50822.02
264.38	50776.43
264.44	50729.04
264.51	50699.57
264.58	50678.51
264.65	50647.33
264.72	50593.05
264.79	50542.89
264.86	50500.46
264.92	50448.47
264.99	50407.40
265.06	50381.41
265.13	50354.45
265.20	50335.23
265.27	50310.55
265.34	50272.73
265.41	50237.56
265.47	50198.33
265.54	50139.21
265.61	50093.43
265.68	50062.27
265.75	50028.40
265.82	49993.69
265.89	49957.19
265.95	49915.46
266.02	49861.91
266.09	49812.17
266.16	49767.97
266.23	49731.97
266.30	49696.95
266.37	49643.72
266.44	49577.24
266.50	49518.59
266.57	49456.52
266.64	49383.95
266.71	49321.39
266.78	49279.32
266.85	49218.65
266.91	49166.06
266.98	49125.45
267.05	49077.07
267.12	49025.94
267.19	48996.09
267.26	48957.11
267.33	48919.83
267.39	48893.43
267.46	48869.96
267.53	48836.66
267.60	48810.05
267.67	48776.13
267.74	48748.80
267.81	48704.95
267.87	48657.34
267.94	48606.81
268.01	48564.52
268.08	48515.47
268.15	48468.43
268.22	48427.57
268.28	48390.27
268.35	48351.03
268.42	48321.49
268.49	48297.45
268.56	48269.10
268.63	48217.46
268.69	48171.97
268.76	48107.35
268.83	48054.29
268.90	47998.21
268.97	47978.15
269.04	47955.25
269.11	47940.07
269.17	47923.75
269.24	47898.95
269.31	47868.40
269.38	47816.31
269.45	47769.19
269.52	47711.40
269.58	47670.08
269.65	47615.23
269.72	47567.81
269.79	47529.29
269.86	47507.91
269.92	47481.81
269.99	47460.27
270.06	47434.91
270.13	47396.64
270.20	47344.29
270.27	47307.87
270.33	47268.57
270.40	47229.49
270.47	47203.19
270.54	47187.22
270.61	47151.63
270.68	47126.95
270.74	47101.97
270.81	47080.56
270.88	47040.95
270.95	47012.63
271.02	46968.90
271.08	46932.35
271.15	46868.68
271.22	46833.43
271.29	46794.04
271.36	46738.46
271.43	46700.66
271.49	46684.31
271.56	46659.18
271.63	46639.06
271.70	46632.07
271.77	46622.87
271.83	46596.18
271.90	46556.47
271.97	46512.58
272.04	46463.42
272.11	46419.83
272.17	46395.19
272.24	46374.14
272.31	46349.72
272.38	46342.89
272.45	46318.11
272.52	46282.63
272.58	46260.05
272.65	46248.23
272.72	46226.37
272.79	46190.33
272.86	46158.75
272.92	46116.06
272.99	46061.67
273.06	46008.67
273.13	45978.95
273.20	45952.59
273.26	45927.99
273.33	45911.45
273.40	45898.28
273.47	45884.55
273.54	45861.79
273.60	45834.16
273.67	45796.11
273.74	45775.75
273.81	45742.11
273.88	45726.23
273.94	45708.07
274.01	45698.46
274.08	45672.19
274.15	45642.19
274.21	45599.47
274.28	45546.51
274.35	45495.23
274.42	45428.37
274.49	45382.20
274.55	45354.93
274.62	45347.83
274.69	45323.73
274.76	45308.55
274.83	45278.32
274.89	45243.05
274.96	45199.12
275.03	45177.73
275.10	45156.08
275.17	45133.39
275.23	45095.47
275.30	45064.03
275.37	45032.43
275.44	45000.57
275.50	44956.26
275.57	44924.78
275.64	44879.33
275.71	44821.63
275.78	44776.89
275.84	44745.37
275.91	44703.57
275.98	44672.34
276.05	44634.69
276.11	44603.24
276.18	44572.57
276.25	44543.27
276.32	44511.13
276.39	44481.85
276.45	44432.86
276.52	44395.33
276.59	44346.46
276.66	44310.42
276.72	44277.29
276.79	44255.41
276.86	44231.62
276.93	44215.09
276.99	44189.55
277.06	44168.57
277.13	44143.51
277.20	44114.39
277.26	44078.95
277.33	44058.01
277.40	44030.35
277.47	43991.60
277.54	43961.86
277.60	43936.39
277.67	43894.38
277.74	43843.09
277.81	43808.70
277.87	43771.00
277.94	43731.12
278.01	43703.38
278.08	43676.99
278.14	43638.63
278.21	43599.07
278.28	43574.95
278.35	43544.58
278.41	43526.49
278.48	43507.31
278.55	43478.11
278.62	43447.36
278.68	43408.53
278.75	43371.40
278.82	43351.00
278.89	43327.39
278.95	43293.12
279.02	43263.19
279.09	43232.92
279.16	43197.53
279.22	43164.05
279.29	43133.59
279.36	43097.13
279.43	43049.83
279.49	42993.35
279.56	42930.71
279.63	42870.89
279.70	42819.31
279.76	42778.68
279.83	42755.92
279.90	42748.53
279.97	42734.45
280.03	42716.05
280.10	42687.72
280.17	42653.90
280.24	42611.89
280.30	42571.93
280.37	42526.15
280.44	42485.57
280.51	42438.60
280.57	42399.92
280.64	42347.09
280.71	42291.94
280.77	42240.49
280.84	42169.27
280.91	42088.47
280.98	42017.45
281.04	41943.41
281.11	41866.60
281.18	41802.31
281.25	41735.60
281.31	41683.31
281.38	41625.72
281.45	41564.46
281.52	41520.35
281.58	41477.99
281.65	41415.81
281.72	41375.76
281.78	41352.24
281.85	41317.83
281.92	41290.39
281.99	41271.38
282.05	41240.73
282.12	41199.15
282.19	41159.09
282.26	41119.72
282.32	41077.20
282.39	41053.39
282.46	41022.57
282.52	40992.07
282.59	40956.97
282.66	40938.63
282.73	40898.23
282.79	40854.31
282.86	40814.39
282.93	40768.68
282.99	40714.61
283.06	40669.45
283.13	40627.12
283.20	40560.87
283.26	40491.15
283.33	40418.05
283.40	40346.73
283.46	40281.33
283.53	40233.31
283.60	40197.44
283.67	40174.04
283.73	40159.65
283.80	40143.37
283.87	40134.05
283.93	40131.94
284.00	40111.37
284.07	40076.71
284.13	40051.03
284.20	40018.12
284.27	39971.73
284.34	39938.27
284.40	39922.08
284.47	39907.36
284.54	39899.57
284.60	39899.09
284.67	39887.35
284.74	39862.65
284.81	39837.83
284.87	39811.03
284.94	39774.71
285.01	39745.54
285.07	39708.73
285.14	39666.97
285.21	39626.65
285.27	39597.06
285.34	39562.64
285.41	39539.76
285.47	39513.23
285.54	39486.87
285.61	39448.71
285.68	39414.89
285.74	39390.37
285.81	39364.13
285.88	39330.67
285.94	39308.87
286.01	39296.69
286.08	39272.44
286.14	39244.99
286.21	39223.60
286.28	39209.68
286.34	39184.73
286.41	39148.15
286.48	39114.13
286.55	39076.55
286.61	39037.46
286.68	38998.60
286.75	38971.60
286.81	38947.50
286.88	38918.29
286.95	38874.47
287.01	38851.55
287.08	38825.10
287.15	38803.86
287.21	38783.91
287.28	38781.09
287.35	38756.39
287.41	38734.38
287.48	38711.41
287.55	38698.64
287.61	38674.14
287.68	38643.41
287.75	38612.23
287.81	38581.57
287.88	38547.48
287.95	38520.91
288.01	38494.75
288.08	38470.41
288.15	38431.81
288.21	38396.14
288.28	38352.61
288.35	38335.71
288.41	38320.05
288.48	38314.89
288.55	38304.15
288.61	38290.73
288.68	38271.45
288.75	38246.51
288.81	38217.89
288.88	38190.06
288.95	38174.55
289.01	38152.31
289.08	38138.73
289.15	38127.29
289.21	38126.83
289.28	38113.82
289.35	38098.64
289.41	38078.41
289.48	38058.86
289.55	38039.61
289.61	38028.67
289.68	38015.59
289.75	38001.54
289.81	37984.35
289.88	37965.43
289.95	37934.45
290.01	37895.81
290.08	37862.15
290.15	37840.99
290.21	37810.35
290.28	37792.28
290.35	37775.50
290.41	37766.88
290.48	37750.19
290.55	37730.40
290.61	37701.23
290.68	37683.70
290.74	37669.14
290.81	37659.55
290.88	37649.65
290.94	37647.41
291.01	37630.90
291.08	37606.94
291.14	37589.96
291.21	37577.14
291.28	37564.91
291.34	37562.60
291.41	37555.69
291.48	37538.22
291.54	37520.85
291.61	37504.19
291.68	37491.61
291.74	37463.95
291.81	37447.33
291.87	37440.67
291.94	37413.49
292.01	37393.28
292.07	37388.16
292.14	37360.01
292.21	37322.83
292.27	37307.57
292.34	37284.33
292.41	37258.95
292.47	37244.89
292.54	37227.19
292.60	37203.70
292.67	37190.71
292.74	37177.68
292.80	37177.25
292.87	37171.68
292.94	37168.21
293.00	37165.01
293.07	37156.47
293.13	37140.87
293.20	37143.49
293.27	37141.59
293.33	37125.33
293.40	37120.61
293.47	37107.91
293.53	37085.91
293.60	37068.01
293.66	37051.71
293.73	37030.61
293.80	37008.49
293.86	36979.32
293.93	36965.64
294.00	36935.06
294.06	36912.49
294.13	36898.53
294.19	36881.30
294.26	36856.98
294.33	36854.97
294.39	36838.43
294.46	36821.49
294.52	36815.31
294.59	36805.75
294.66	36792.17
294.72	36780.84
294.79	36779.28
294.86	36773.69
294.92	36770.35
294.99	36781.77
295.05	36800.62
295.12	36800.84
295.19	36801.31
295.25	36799.39
295.32	36784.35
295.38	36761.97
295.45	36755.87
295.52	36747.21
295.58	36726.41
295.65	36706.86
295.71	36698.69
295.78	36666.98
295.85	36636.52
295.91	36621.64
295.98	36593.56
296.04	36555.87
296.11	36537.97
296.18	36529.24
296.24	36519.51
296.31	36512.79
296.37	36515.07
296.44	36533.55
296.51	36534.73
296.57	36533.19
296.64	36543.02
296.70	36558.93
296.77	36548.49
296.84	36551.50
296.90	36550.17
296.97	36539.91
297.03	36523.11
297.10	36512.87
297.17	36506.89
297.23	36505.47
297.30	36504.48
297.36	36497.79
297.43	36492.99
297.50	36494.79
297.56	36478.03
297.63	36461.11
297.69	36440.47
297.76	36408.10
297.82	36364.07
297.89	36345.77
297.96	36324.00
298.02	36311.95
298.09	36307.38
298.15	36301.05
298.22	36301.47
298.29	36296.94
298.35	36286.18
298.42	36282.90
298.48	36279.89
298.55	36263.70
298.61	36260.47
298.68	36260.88
298.75	36253.69
298.81	36251.29
298.88	36244.81
298.94	36243.86
299.01	36244.26
299.08	36237.32
299.14	36239.19
299.21	36234.49
299.27	36230.30
299.34	36206.99
299.40	36209.57
299.47	36190.09
299.54	36178.57
299.60	36168.29
299.67	36164.13
299.73	36134.57
299.80	36102.95
299.86	36063.43
299.93	36014.95
299.99	35980.83
300.06	35958.69
300.13	35943.25
300.19	35936.17
300.26	35926.53
300.32	35918.41
300.39	35903.28
300.45	35903.39
300.52	35911.17
300.59	35926.01
300.65	35935.23
300.72	35953.33
300.78	35960.94
300.85	35956.11
300.91	35933.87
300.98	35920.45
301.04	35892.32
301.11	35874.12
301.18	35859.95
301.24	35857.75
301.31	35836.85
301.37	35821.56
301.44	35798.29
301.50	35782.69
301.57	35755.67
301.63	35744.19
301.70	35729.81
301.77	35703.48
301.83	35657.97
301.90	35629.78
301.96	35572.87
302.03	35529.59
302.09	35503.97
302.16	35486.91
302.22	35465.78
302.29	35460.25
302.36	35447.12
302.42	35420.03
302.49	35402.87
302.55	35386.99
302.62	35369.45
302.68	35354.29
302.75	35346.70
302.81	35317.96
302.88	35291.78
302.94	35268.14
303.01	35244.65
303.07	35213.01
303.14	35203.05
303.21	35175.40
303.27	35153.93
303.34	35128.48
303.40	35101.69
303.47	35069.92
303.53	35047.65
303.60	35025.74
303.66	34997.15
303.73	34980.22
303.79	34947.16
303.86	34913.51
303.92	34873.61
303.99	34832.89
304.05	34779.70
304.12	34736.13
304.19	34697.73
304.25	34650.09
304.32	34616.16
304.38	34583.00
304.45	34548.06
304.51	34512.47
304.58	34497.91
304.64	34471.29
304.71	34453.13
304.77	34421.26
304.84	34397.91
304.90	34367.84
304.97	34332.10
305.03	34292.04
305.10	34262.38
305.16	34225.60
305.23	34189.60
305.29	34169.63
305.36	34127.45
305.42	34098.05
305.49	34058.60
305.56	34013.63
305.62	33961.47
305.69	33929.14
305.75	33888.06
305.82	33820.33
305.88	33715.51
305.95	33596.81
306.01	33466.53
306.08	33333.55
306.14	33230.77
306.21	33161.45
306.27	33112.92
306.34	33081.74
306.40	33057.70
306.47	33055.85
306.53	33081.53
306.60	33103.33
306.66	33116.25
306.73	33123.07
306.79	33103.81
306.86	33061.31
306.92	33013.32
306.99	32974.66
307.05	32932.75
307.12	32894.57
307.18	32853.73
307.25	32805.30
307.31	32755.46
307.38	32705.07
307.44	32664.99
307.51	32624.96
307.57	32571.32
307.64	32519.77
307.70	32477.44
307.77	32419.29
307.83	32355.29
307.90	32319.41
307.96	32281.58
308.03	32219.33
308.09	32163.74
308.16	32116.05
308.22	32060.07
308.29	31994.55
308.35	31947.79
308.42	31898.69
308.48	31837.59
308.55	31777.33
308.61	31727.62
308.68	31677.32
308.74	31616.05
308.81	31575.90
308.87	31533.27
308.94	31497.22
309.00	31458.09
309.07	31423.07
309.13	31377.45
309.20	31340.55
309.26	31279.13
309.33	31218.55
309.39	31155.58
309.45	31095.41
309.52	31021.14
309.58	30963.75
309.65	30907.43
309.71	30851.37
309.78	30798.62
309.84	30734.65
309.91	30677.47
309.97	30622.63
310.04	30576.21
310.10	30518.99
310.17	30482.15
310.23	30431.18
310.30	30383.85
310.36	30329.76
310.43	30283.75
310.49	30229.65
310.56	30180.83
310.62	30116.28
310.69	30057.98
310.75	29991.45
310.81	29935.02
310.88	29876.89
310.94	29824.69
311.01	29776.07
311.07	29735.34
311.14	29687.14
311.20	29631.32
311.27	29584.37
311.33	29534.59
311.40	29476.93
311.46	29425.79
311.53	29382.14
311.59	29330.96
311.66	29288.97
311.72	29236.12
311.78	29181.34
311.85	29136.16
311.91	29093.22
311.98	29046.81
312.04	29014.00
312.11	28978.85
312.17	28937.41
312.24	28889.91
312.30	28831.36
312.37	28761.15
312.43	28704.83
312.50	28635.23
312.56	28580.65
312.62	28527.07
312.69	28467.84
312.75	28404.10
312.82	28341.72
312.88	28273.08
312.95	28213.14
313.01	28167.81
313.08	28111.39
313.14	28070.09
313.20	28023.58
313.27	27977.01
313.33	27927.37
313.40	27891.93
313.46	27840.55
313.53	27791.35
313.59	27737.81
313.66	27690.75
313.72	27635.50
313.78	27585.62
313.85	27539.71
313.91	27492.71
313.98	27446.39
314.04	27400.51
314.11	27361.77
314.17	27312.93
314.24	27261.09
314.30	27212.73
314.36	27155.62
314.43	27111.99
314.49	27062.55
314.56	27016.45
314.62	26961.27
314.69	26912.64
314.75	26844.89
314.81	26786.57
314.88	26738.36
314.94	26696.00
315.01	26650.30
315.07	26603.71
315.14	26566.54
315.20	26521.97
315.27	26474.81
315.33	26436.32
315.39	26390.34
315.46	26340.25
315.52	26281.05
315.59	26230.74
315.65	26179.89
315.72	26139.56
315.78	26100.42
315.84	26066.75
315.91	26033.93
315.97	25993.83
316.04	25975.55
316.10	25946.92
316.16	25906.97
316.23	25832.07
316.29	25729.38
316.36	25570.79
316.42	25394.49
316.49	25189.71
316.55	24981.43
316.61	24769.85
316.68	24554.09
316.74	24328.50
316.81	24108.55
316.87	23889.21
316.93	23669.51
317.00	23456.83
317.06	23248.73
317.13	23040.22
317.19	22817.88
317.26	22596.98
317.32	22382.57
317.38	22164.42
317.45	21948.61
317.51	21748.14
317.58	21544.46
317.64	21330.37
317.70	21127.33
317.77	20920.97
317.83	20713.46
317.90	20501.28
317.96	20293.39
318.02	20079.31
318.09	19880.31
318.15	19665.43
318.22	19457.37
318.28	19251.95
318.34	19037.58
318.41	18806.03
318.47	18585.73
318.54	18383.20
318.60	18167.95
318.66	17968.83
318.73	17770.94
318.79	17580.67
318.86	17374.79
318.92	17182.83
318.98	16987.53
319.05	16793.18
319.11	16598.81
319.18	16406.08
319.24	16212.04
319.30	16006.06
319.37	15818.42
319.43	15627.80
319.50	15437.37
319.56	15247.61
319.62	15070.57
319.69	14881.95
319.75	14698.03
319.82	14518.38
319.88	14338.03
319.94	14154.45
320.01	13974.96
320.07	13785.66
320.13	13601.87
320.20	13411.34
320.26	13222.59
320.33	13038.44
320.39	12861.23
320.45	12671.61
320.52	12499.21
320.58	12324.30
320.65	12141.19
320.71	11958.53
320.77	11791.11
320.84	11606.79
320.90	11427.09
320.96	11248.73
321.03	11067.60
321.09	10876.00
321.16	10692.19
321.22	10510.36
321.28	10335.91
321.35	10165.17
321.41	9993.34
321.47	9825.63
321.54	9655.83
321.60	9478.37
321.67	9306.56
321.73	9139.89
321.79	8965.65
321.86	8793.29
321.92	8620.77
321.98	8438.76
322.05	8251.02
322.11	8060.33
322.18	7866.27
322.24	7681.90
322.30	7501.22
322.37	7329.77
322.43	7162.95
322.49	7005.01
322.56	6832.17
322.62	6663.92
322.68	6484.93
322.75	6316.21
322.81	6134.39
322.88	5960.02
322.94	5788.79
323.00	5616.63
323.07	5442.81
323.13	5277.49
323.19	5117.25
323.26	4956.28
323.32	4801.19
323.38	4643.53
323.45	4424.34
323.51	3784.22
323.57	2902.57
323.64	1986.29
323.70	1103.69
323.76	314.11
323.83	-23.63
323.89	-87.79
323.96	-89.25
