180.25	3516.67
180.33	-133.29
180.40	656.99
180.48	-30.77
180.56	14.06
180.63	51.21
180.71	93.33
180.78	92.76
180.86	93.54
180.93	97.56
181.01	99.28
181.08	98.37
181.16	97.35
181.23	99.20
181.31	99.28
181.39	123.22
181.46	132.35
181.54	143.04
181.61	159.70
181.69	167.98
181.76	160.40
181.84	154.23
181.91	156.00
181.99	157.15
182.06	158.65
182.14	164.47
182.22	169.84
182.29	180.03
182.37	183.27
182.44	194.88
182.52	191.93
182.59	210.45
182.67	218.94
182.74	224.73
182.82	229.59
182.89	240.76
182.97	240.52
183.04	249.98
183.12	259.95
183.20	280.86
183.27	293.60
183.35	323.89
183.42	347.96
183.50	390.97
183.57	416.68
183.65	464.32
183.72	509.32
183.80	565.00
183.87	610.11
183.95	657.80
184.02	706.99
184.10	739.42
184.17	759.25
184.25	761.86
184.32	753.99
184.40	725.90
184.47	678.46
184.55	637.36
184.62	636.13
184.70	668.26
184.78	724.45
184.85	839.94
184.93	973.08
185.00	1099.27
185.08	1225.10
185.15	1350.32
185.23	1477.70
185.30	1597.24
185.38	1708.28
185.45	1818.34
185.53	1934.47
185.60	2035.36
185.68	2154.83
185.75	2248.75
185.83	2318.81
185.90	2358.14
185.98	2330.86
186.05	2240.87
186.13	2121.43
186.20	1964.75
186.28	1831.16
186.35	1786.68
186.43	1832.01
186.50	1968.71
186.58	2182.47
186.65	2412.42
186.73	2637.03
186.80	2828.64
186.88	2996.79
186.95	3164.30
187.03	3313.03
187.10	3438.23
187.18	3590.74
187.25	3733.52
187.33	3875.04
187.40	4049.91
187.48	4226.55
187.55	4399.09
187.63	4566.98
187.70	4672.28
187.78	4721.15
187.85	4722.54
187.93	4607.42
188.00	4392.60
188.08	4146.53
188.15	3929.58
188.23	3811.48
188.30	3834.96
188.38	4010.84
188.45	4297.17
188.53	4610.01
188.60	4900.06
188.68	5160.02
188.75	5400.36
188.83	5663.85
188.90	5898.68
188.98	6135.12
189.05	6388.11
189.13	6615.76
189.20	6815.02
189.28	7025.64
189.35	7212.64
189.43	7375.35
189.50	7515.81
189.58	7568.94
189.65	7532.70
189.73	7425.57
189.80	7220.63
189.87	6941.66
189.95	6621.90
190.02	6236.68
190.10	5819.62
190.17	5492.40
190.25	5316.95
190.32	5313.74
190.40	5480.58
190.47	5779.70
190.55	6115.59
190.62	6432.82
190.70	6699.40
190.77	6983.66
190.85	7275.10
190.92	7550.87
191.00	7816.72
191.07	8070.95
191.15	8254.41
191.22	8408.09
191.29	8532.45
191.37	8631.48
191.44	8747.76
191.52	8898.24
191.59	9025.67
191.67	9125.26
191.74	9176.50
191.82	9167.01
191.89	9138.72
191.97	9124.48
192.04	9111.12
192.12	9076.88
192.19	8974.64
192.27	8796.74
192.34	8602.56
192.41	8481.53
192.49	8468.27
192.56	8593.88
192.64	8820.00
192.71	9070.36
192.79	9254.24
192.86	9361.10
192.94	9361.32
193.01	9321.40
193.09	9301.55
193.16	9360.90
193.23	9495.23
193.31	9703.30
193.38	9974.30
193.46	10213.16
193.53	10403.96
193.61	10561.18
193.68	10702.30
193.76	10786.35
193.83	10861.04
193.91	10905.14
193.98	10932.62
194.05	10943.68
194.13	10924.86
194.20	10860.27
194.28	10783.80
194.35	10688.12
194.43	10565.00
194.50	10409.71
194.58	10238.98
194.65	10105.93
194.72	10089.86
194.80	10219.86
194.87	10493.99
194.95	10889.50
195.02	11299.94
195.10	11637.42
195.17	11905.44
195.25	12115.62
195.32	12278.27
195.39	12419.77
195.47	12528.63
195.54	12595.81
195.62	12586.82
195.69	12453.71
195.77	12180.56
195.84	11810.40
195.91	11407.36
195.99	11118.45
196.06	11028.58
196.14	11146.14
196.21	11429.60
196.29	11812.42
196.36	12195.48
196.43	12514.71
196.51	12767.93
196.58	12958.64
196.66	13090.98
196.73	13162.47
196.81	13194.82
196.88	13186.63
196.95	13139.20
197.03	13020.19
197.10	12802.56
197.18	12506.08
197.25	12182.22
197.33	11878.02
197.40	11633.85
197.47	11500.87
197.55	11510.11
197.62	11626.10
197.70	11852.26
197.77	12183.94
197.84	12578.68
197.92	12987.06
197.99	13406.37
198.07	13792.67
198.14	14114.55
198.22	14400.60
198.29	14623.62
198.36	14782.75
198.44	14896.46
198.51	14926.45
198.59	14817.90
198.66	14590.46
198.73	14242.47
198.81	13798.66
198.88	13310.88
198.96	12882.36
199.03	12639.55
199.10	12652.28
199.18	12862.67
199.25	13264.78
199.33	13798.94
199.40	14318.16
199.48	14712.64
199.55	15023.84
199.62	15267.53
199.70	15486.82
199.77	15696.53
199.85	15918.86
199.92	16085.90
199.99	16182.55
200.07	16125.26
200.14	15884.64
200.22	15402.08
200.29	14722.20
200.36	14034.49
200.44	13485.80
200.51	13163.22
200.59	13136.36
200.66	13374.80
200.73	13722.24
200.81	14093.66
200.88	14454.79
200.95	14836.45
201.03	15226.83
201.10	15633.75
201.18	16018.89
201.25	16362.19
201.32	16633.79
201.40	16852.92
201.47	17006.02
201.55	17067.20
201.62	16979.02
201.69	16702.15
201.77	16337.95
201.84	15931.94
201.92	15482.10
201.99	15044.09
202.06	14773.10
202.14	14705.89
202.21	14829.39
202.28	15162.34
202.36	15696.08
202.43	16301.86
202.51	16848.04
202.58	17285.97
202.65	17635.85
202.73	17951.82
202.80	18247.00
202.87	18532.78
202.95	18809.00
203.02	19022.91
203.10	19111.99
203.17	19064.12
203.24	18816.37
203.32	18266.16
203.39	17449.78
203.46	16593.94
203.54	15902.44
203.61	15519.59
203.69	15526.28
203.76	15918.55
203.83	16493.77
203.91	17055.52
203.98	17542.16
204.05	17967.53
204.13	18332.27
204.20	18633.19
204.28	18874.72
204.35	19027.67
204.42	19115.34
204.50	19174.48
204.57	19230.78
204.64	19275.84
204.72	19271.86
204.79	19102.49
204.86	18726.06
204.94	18232.70
205.01	17710.94
205.09	17199.39
205.16	16838.44
205.23	16749.96
205.31	16922.31
205.38	17286.16
205.45	17850.90
205.53	18550.55
205.60	19284.98
205.67	19942.05
205.75	20484.42
205.82	20907.84
205.89	21248.72
205.97	21543.08
206.04	21803.95
206.12	22069.26
206.19	22318.74
206.26	22486.29
206.34	22521.17
206.41	22362.93
206.48	21920.00
206.56	21140.54
206.63	20160.88
206.70	19187.37
206.78	18468.12
206.85	18168.15
206.92	18367.00
207.00	18953.86
207.07	19731.52
207.14	20508.27
207.22	21185.90
207.29	21777.56
207.36	22304.56
207.44	22770.71
207.51	23169.09
207.58	23540.38
207.66	23849.46
207.73	24105.19
207.80	24286.20
207.88	24362.59
207.95	24275.67
208.02	24022.90
208.10	23485.04
208.17	22658.86
208.25	21737.38
208.32	20920.34
208.39	20293.40
208.47	20022.95
208.54	20129.54
208.61	20498.08
208.69	20965.55
208.76	21501.57
208.83	22079.22
208.90	22692.77
208.98	23302.33
209.05	23891.63
209.12	24425.33
209.20	24884.81
209.27	25283.20
209.34	25628.84
209.42	25929.87
209.49	26173.66
209.56	26323.31
209.64	26372.56
209.71	26221.47
209.78	25803.16
209.86	25150.42
209.93	24409.75
210.00	23602.34
210.08	22890.14
210.15	22478.29
210.22	22432.75
210.30	22672.22
210.37	23153.29
210.44	23808.43
210.52	24487.70
210.59	25114.33
210.66	25634.20
210.74	26101.20
210.81	26497.28
210.88	26875.37
210.96	27213.89
211.03	27555.13
211.10	27878.00
211.17	28166.36
211.25	28351.96
211.32	28410.45
211.39	28301.22
211.47	27949.18
211.54	27284.08
211.61	26392.71
211.69	25535.04
211.76	24904.10
211.83	24609.71
211.91	24742.42
211.98	25211.98
212.05	25798.62
212.12	26327.86
212.20	26781.83
212.27	27165.08
212.34	27489.54
212.42	27775.08
212.49	28043.64
212.56	28306.72
212.64	28585.20
212.71	28905.44
212.78	29230.53
212.85	29539.92
212.93	29766.46
213.00	29893.96
213.07	29885.17
213.15	29669.56
213.22	29238.40
213.29	28732.89
213.37	28214.00
213.44	27755.55
213.51	27500.97
213.58	27509.94
213.66	27710.74
213.73	28040.42
213.80	28462.80
213.88	28888.17
213.95	29227.42
214.02	29464.71
214.09	29657.36
214.17	29819.70
214.24	29997.52
214.31	30210.67
214.39	30440.32
214.46	30640.38
214.53	30761.95
214.60	30823.60
214.68	30871.79
214.75	30945.54
214.82	31004.50
214.90	30998.30
214.97	30803.76
215.04	30363.44
215.11	29794.86
215.19	29296.94
215.26	29052.43
215.33	29144.00
215.41	29600.86
215.48	30237.15
215.55	30863.46
215.62	31354.14
215.70	31738.33
215.77	32039.55
215.84	32314.66
215.91	32566.69
215.99	32824.18
216.06	33070.58
216.13	33274.59
216.21	33418.04
216.28	33530.82
216.35	33635.82
216.42	33705.14
216.50	33742.13
216.57	33738.22
216.64	33612.28
216.71	33291.82
216.79	32872.00
216.86	32453.91
216.93	32131.42
217.01	32002.72
217.08	32116.39
217.15	32408.46
217.22	32789.34
217.30	33186.36
217.37	33568.13
217.44	33919.21
217.51	34243.38
217.59	34528.17
217.66	34749.73
217.73	34948.52
217.80	35113.96
217.88	35240.27
217.95	35343.03
218.02	35453.09
218.09	35547.64
218.17	35670.17
218.24	35789.96
218.31	35898.66
218.38	35938.98
218.46	35870.93
218.53	35609.46
218.60	35222.02
218.67	34796.50
218.75	34460.14
218.82	34288.73
218.89	34374.05
218.96	34659.54
219.04	35053.78
219.11	35454.90
219.18	35802.76
219.25	36085.09
219.33	36332.89
219.40	36548.56
219.47	36752.89
219.54	36947.38
219.62	37130.77
219.69	37302.47
219.76	37481.80
219.83	37628.78
219.91	37786.68
219.98	37932.06
220.05	38030.06
220.12	38069.48
220.20	38061.84
220.27	37962.81
220.34	37739.45
220.41	37426.44
220.49	37120.09
220.56	36896.43
220.63	36806.61
220.70	36885.33
220.78	37137.56
220.85	37418.67
220.92	37679.45
220.99	37897.10
221.06	38083.31
221.14	38242.17
221.21	38412.82
221.28	38591.93
221.35	38778.17
221.43	38966.70
221.50	39135.86
221.57	39294.04
221.64	39446.43
221.72	39587.45
221.79	39700.76
221.86	39782.74
221.93	39851.27
222.00	39892.61
222.08	39872.04
222.15	39799.72
222.22	39697.96
222.29	39584.97
222.37	39502.36
222.44	39473.40
222.51	39513.62
222.58	39599.30
222.65	39700.70
222.73	39804.57
222.80	39917.17
222.87	40042.81
222.94	40178.06
223.02	40332.87
223.09	40468.97
223.16	40613.30
223.23	40752.64
223.30	40918.54
223.38	41078.01
223.45	41242.25
223.52	41399.26
223.59	41531.45
223.66	41611.31
223.74	41656.94
223.81	41671.20
223.88	41663.17
223.95	41651.15
224.03	41635.80
224.10	41618.48
224.17	41619.26
224.24	41620.78
224.31	41649.66
224.39	41711.28
224.46	41798.06
224.53	41900.02
224.60	42011.96
224.67	42118.31
224.75	42228.39
224.82	42355.28
224.89	42484.80
224.96	42624.73
225.03	42755.63
225.11	42877.44
225.18	42987.20
225.25	43084.76
225.32	43159.96
225.39	43231.22
225.47	43267.18
225.54	43274.08
225.61	43230.11
225.68	43147.22
225.75	43050.53
225.83	42968.40
225.90	42896.24
225.97	42860.26
226.04	42880.84
226.11	42964.31
226.19	43115.75
226.26	43324.70
226.33	43565.29
226.40	43793.18
226.47	43973.76
226.54	44101.30
226.62	44184.54
226.69	44267.83
226.76	44385.36
226.83	44531.30
226.90	44703.80
226.98	44852.07
227.05	44983.64
227.12	45092.28
227.19	45158.01
227.26	45205.60
227.34	45287.96
227.41	45356.49
227.48	45401.58
227.55	45440.28
227.62	45465.39
227.69	45492.34
227.77	45540.70
227.84	45616.20
227.91	45718.91
227.98	45832.13
228.05	45922.20
228.12	46012.58
228.20	46102.84
228.27	46194.61
228.34	46297.55
228.41	46418.43
228.48	46535.40
228.56	46640.08
228.63	46743.61
228.70	46826.41
228.77	46899.94
228.84	46986.76
228.91	47082.21
228.99	47182.80
229.06	47307.80
229.13	47437.28
229.20	47544.21
229.27	47639.72
229.34	47716.47
229.42	47766.38
229.49	47811.61
229.56	47860.98
229.63	47900.84
229.70	47942.36
229.77	47985.62
229.85	48033.60
229.92	48079.26
229.99	48143.54
230.06	48211.50
230.13	48310.96
230.20	48416.16
230.27	48526.30
230.35	48647.36
230.42	48780.92
230.49	48887.34
230.56	48986.97
230.63	49097.07
230.70	49172.72
230.78	49235.10
230.85	49292.89
230.92	49350.21
230.99	49416.70
231.06	49524.04
231.13	49641.14
231.20	49774.30
231.28	49901.02
231.35	50005.76
231.42	50078.23
231.49	50156.43
231.56	50232.44
231.63	50311.37
231.71	50384.11
231.78	50462.79
231.85	50530.60
231.92	50594.36
231.99	50660.42
232.06	50740.58
232.13	50844.54
232.21	50939.72
232.28	51031.66
232.35	51107.94
232.42	51189.08
232.49	51255.19
232.56	51348.47
232.63	51439.32
232.71	51550.60
232.78	51645.10
232.85	51748.92
232.92	51833.36
232.99	51919.99
233.06	51991.66
233.13	52070.62
233.20	52118.45
233.28	52161.35
233.35	52202.78
233.42	52259.54
233.49	52333.06
233.56	52421.09
233.63	52515.97
233.70	52621.01
233.78	52726.24
233.85	52833.12
233.92	52934.32
233.99	53032.84
234.06	53117.56
234.13	53208.68
234.20	53281.50
234.27	53360.64
234.35	53427.70
234.42	53493.66
234.49	53551.94
234.56	53590.74
234.63	53632.90
234.70	53670.32
234.77	53716.74
234.84	53754.99
234.92	53820.08
234.99	53895.67
235.06	53990.49
235.13	54084.32
235.20	54181.04
235.27	54265.66
235.34	54350.80
235.41	54428.17
235.48	54508.10
235.56	54586.56
235.63	54661.59
235.70	54712.27
235.77	54762.70
235.84	54793.23
235.91	54814.29
235.98	54837.92
236.05	54873.48
236.12	54918.88
236.20	54954.46
236.27	55005.23
236.34	55061.55
236.41	55112.40
236.48	55152.89
236.55	55208.78
236.62	55249.12
236.69	55294.92
236.76	55361.80
236.84	55433.09
236.91	55495.42
236.98	55581.28
237.05	55650.30
237.12	55692.99
237.19	55734.05
237.26	55786.42
237.33	55822.98
237.40	55854.16
237.47	55896.54
237.55	55934.26
237.62	55993.11
237.69	56060.52
237.76	56145.35
237.83	56220.18
237.90	56304.02
237.97	56359.36
238.04	56408.35
238.11	56443.93
238.18	56494.48
238.26	56530.74
238.33	56559.35
238.40	56585.13
238.47	56625.16
238.54	56644.55
238.61	56666.57
238.68	56688.92
238.75	56711.56
238.82	56745.75
238.89	56794.97
238.96	56856.24
239.04	56919.74
239.11	56975.72
239.18	57010.16
239.25	57027.86
239.32	57043.48
239.39	57056.03
239.46	57055.37
239.53	57052.47
239.60	57043.64
239.67	57028.79
239.74	57037.10
239.81	57068.94
239.89	57109.98
239.96	57148.26
240.03	57201.24
240.10	57235.82
240.17	57252.85
240.24	57264.12
240.31	57302.24
240.38	57326.06
240.45	57378.60
240.52	57456.96
240.59	57530.14
240.66	57586.56
240.73	57641.92
240.80	57665.90
240.88	57676.48
240.95	57693.28
241.02	57718.68
241.09	57740.96
241.16	57767.81
241.23	57784.70
241.30	57791.04
241.37	57765.80
241.44	57755.22
241.51	57760.25
241.58	57773.10
241.65	57798.65
241.72	57842.92
241.79	57867.06
241.86	57877.02
241.94	57875.90
242.01	57853.09
242.08	57844.30
242.15	57847.15
242.22	57851.42
242.29	57863.73
242.36	57887.72
242.43	57887.77
242.50	57878.34
242.57	57861.77
242.64	57860.56
242.71	57856.07
242.78	57867.35
242.85	57875.57
242.92	57896.24
242.99	57894.47
243.06	57906.90
243.14	57908.71
243.21	57925.72
243.28	57941.26
243.35	57970.22
243.42	57992.56
243.49	58023.46
243.56	58038.43
243.63	58056.98
243.70	58069.52
243.77	58070.16
243.84	58062.19
243.91	58049.12
243.98	58019.70
244.05	57980.30
244.12	57950.30
244.19	57925.92
244.26	57910.92
244.33	57894.98
244.40	57887.34
244.47	57883.70
244.54	57880.04
244.62	57848.18
244.69	57827.58
244.76	57812.70
244.83	57802.55
244.90	57794.48
244.97	57821.97
245.04	57849.20
245.11	57850.14
245.18	57837.13
245.25	57840.85
245.32	57843.41
245.39	57846.18
245.46	57872.52
245.53	57893.26
245.60	57884.78
245.67	57883.49
245.74	57873.28
245.81	57853.80
245.88	57828.42
245.95	57826.98
246.02	57798.78
246.09	57765.22
246.16	57718.70
246.23	57687.16
246.30	57639.94
246.37	57615.34
246.44	57622.32
246.51	57649.54
246.58	57672.30
246.65	57703.47
246.72	57726.18
246.79	57722.47
246.87	57720.96
246.94	57709.02
247.01	57683.05
247.08	57641.18
247.15	57592.42
247.22	57521.64
247.29	57466.94
247.36	57432.15
247.43	57406.66
247.50	57389.66
247.57	57395.00
247.64	57403.22
247.71	57407.80
247.78	57426.86
247.85	57458.89
247.92	57486.69
247.99	57493.14
248.06	57483.90
248.13	57463.01
248.20	57427.37
248.27	57393.86
248.34	57375.20
248.41	57368.78
248.48	57367.09
248.55	57368.61
248.62	57372.30
248.69	57376.34
248.76	57364.81
248.83	57351.51
248.90	57326.07
248.97	57282.01
249.04	57229.91
249.11	57182.82
249.18	57137.82
249.25	57098.69
249.32	57061.22
249.39	57020.48
249.46	56980.68
249.53	56931.90
249.60	56885.47
249.67	56853.66
249.74	56838.52
249.81	56837.48
249.88	56847.72
249.95	56881.96
250.02	56916.18
250.09	56936.25
250.16	56948.46
250.23	56946.56
250.30	56929.90
250.37	56920.28
250.44	56919.98
250.51	56917.03
250.58	56929.08
250.65	56941.24
250.72	56909.36
250.79	56857.86
250.86	56812.41
250.93	56759.43
251.00	56680.54
251.07	56651.79
251.14	56639.96
251.21	56621.38
251.28	56600.11
251.35	56586.12
251.42	56565.60
251.49	56551.31
251.56	56535.25
251.63	56518.00
251.70	56520.91
251.77	56501.29
251.84	56466.49
251.91	56420.72
251.98	56362.47
252.05	56301.64
252.12	56248.90
252.18	56203.44
252.25	56179.34
252.32	56185.60
252.39	56182.06
252.46	56172.58
252.53	56161.99
252.60	56145.54
252.67	56107.48
252.74	56082.65
252.81	56067.20
252.88	56046.22
252.95	56018.11
253.02	55999.85
253.09	55969.50
253.16	55949.83
253.23	55936.07
253.30	55937.26
253.37	55929.74
253.44	55925.08
253.51	55886.78
253.58	55842.71
253.65	55814.02
253.72	55798.28
253.79	55780.59
253.86	55782.15
253.93	55788.02
254.00	55760.78
254.07	55730.41
254.14	55685.19
254.21	55639.61
254.28	55602.42
254.35	55584.79
254.41	55564.84
254.48	55548.49
254.55	55540.85
254.62	55516.98
254.69	55471.14
254.76	55434.44
254.83	55393.22
254.90	55352.21
254.97	55319.66
255.04	55315.51
255.11	55285.85
255.18	55246.32
255.25	55192.62
255.32	55148.27
255.39	55089.98
255.46	55046.86
255.53	55037.35
255.60	55030.90
255.67	55021.72
255.74	55018.17
255.81	55010.11
255.87	55005.88
255.94	54991.14
256.01	54982.92
256.08	54960.47
256.15	54941.17
256.22	54903.69
256.29	54887.21
256.36	54850.16
256.43	54822.50
256.50	54800.12
256.57	54784.48
256.64	54754.24
256.71	54738.27
256.78	54715.30
256.85	54683.58
256.92	54661.60
256.99	54648.20
257.05	54627.63
257.12	54606.20
257.19	54563.86
257.26	54507.48
257.33	54437.38
257.40	54367.80
257.47	54293.73
257.54	54257.68
257.61	54228.63
257.68	54220.65
257.75	54225.04
257.82	54245.02
257.89	54245.72
257.96	54231.42
258.03	54189.98
258.09	54139.97
258.16	54071.38
258.23	53989.66
258.30	53928.88
258.37	53884.80
258.44	53843.05
258.51	53808.54
258.58	53805.64
258.65	53793.36
258.72	53784.70
258.79	53758.27
258.86	53736.20
258.93	53710.33
258.99	53674.09
259.06	53628.96
259.13	53597.59
259.20	53556.64
259.27	53521.93
259.34	53492.98
259.41	53486.54
259.48	53482.94
259.55	53471.75
259.62	53448.84
259.69	53412.66
259.76	53353.30
259.82	53286.58
259.89	53248.26
259.96	53216.73
260.03	53189.34
260.10	53159.34
260.17	53120.13
260.24	53056.20
260.31	52994.24
260.38	52953.31
260.45	52931.80
260.52	52901.90
260.59	52882.78
260.65	52853.13
260.72	52825.60
260.79	52799.42
260.86	52783.26
260.93	52761.18
261.00	52718.94
261.07	52659.84
261.14	52580.06
261.21	52505.96
261.28	52436.20
261.34	52373.12
261.41	52309.72
261.48	52255.90
261.55	52210.54
261.62	52173.48
261.69	52146.10
261.76	52125.21
261.83	52101.83
261.90	52071.15
261.97	52026.88
262.03	51984.72
262.10	51950.09
262.17	51906.74
262.24	51887.74
262.31	51870.14
262.38	51852.58
262.45	51828.01
262.52	51814.92
262.59	51763.30
262.65	51715.84
262.72	51668.66
262.79	51618.58
262.86	51568.52
262.93	51538.84
263.00	51508.76
263.07	51469.49
263.14	51435.63
263.21	51403.84
263.27	51371.23
263.34	51344.97
263.41	51305.69
263.48	51261.78
263.55	51214.94
263.62	51129.56
263.69	51035.51
263.76	50978.51
263.82	50923.25
263.89	50873.86
263.96	50866.36
264.03	50853.68
264.10	50825.42
264.17	50772.46
264.24	50711.68
264.31	50648.30
264.38	50599.00
264.44	50532.83
264.51	50480.12
264.58	50442.30
264.65	50401.25
264.72	50341.08
264.79	50297.46
264.86	50276.01
264.92	50229.68
264.99	50191.86
265.06	50167.79
265.13	50134.44
265.20	50101.60
265.27	50071.96
265.34	50033.17
265.41	49998.04
265.47	49970.82
265.54	49925.85
265.61	49897.50
265.68	49880.14
265.75	49843.54
265.82	49795.57
265.89	49749.43
265.95	49692.39
266.02	49613.61
266.09	49556.87
266.16	49509.58
266.23	49471.29
266.30	49430.48
266.37	49391.92
266.44	49329.80
266.50	49265.92
266.57	49193.52
266.64	49115.76
266.71	49044.43
266.78	48974.26
266.85	48901.91
266.91	48842.92
266.98	48802.07
267.05	48754.78
267.12	48729.82
267.19	48714.02
267.26	48705.68
267.33	48687.72
267.39	48674.36
267.46	48654.59
267.53	48617.87
267.60	48561.58
267.67	48508.01
267.74	48467.73
267.81	48432.93
267.87	48394.98
267.94	48367.50
268.01	48338.42
268.08	48281.60
268.15	48214.68
268.22	48155.30
268.28	48078.94
268.35	47995.74
268.42	47926.70
268.49	47862.74
268.56	47812.07
268.63	47769.36
268.69	47746.72
268.76	47720.55
268.83	47701.08
268.90	47682.27
268.97	47672.13
269.04	47657.13
269.11	47636.94
269.17	47607.89
269.24	47570.67
269.31	47530.23
269.38	47483.93
269.45	47445.26
269.52	47406.99
269.58	47384.33
269.65	47342.81
269.72	47293.19
269.79	47254.58
269.86	47219.06
269.92	47165.26
269.99	47124.58
270.06	47073.27
270.13	47014.74
270.20	46959.86
270.27	46930.94
270.33	46899.39
270.40	46868.67
270.47	46838.83
270.54	46819.80
270.61	46781.26
270.68	46760.30
270.74	46750.10
270.81	46741.90
270.88	46714.03
270.95	46684.28
271.02	46629.16
271.08	46570.98
271.15	46503.02
271.22	46449.67
271.29	46398.92
271.36	46343.02
271.43	46301.71
271.49	46277.64
271.56	46243.18
271.63	46211.77
271.70	46199.31
271.77	46185.36
271.83	46155.00
271.90	46111.30
271.97	46070.09
272.04	46018.01
272.11	45977.78
272.17	45958.12
272.24	45945.43
272.31	45913.74
272.38	45903.17
272.45	45876.44
272.52	45835.08
272.58	45802.66
272.65	45797.00
272.72	45765.90
272.79	45730.74
272.86	45693.27
272.92	45657.36
272.99	45613.30
273.06	45575.04
273.13	45532.70
273.20	45491.62
273.26	45443.23
273.33	45385.42
273.40	45336.90
273.47	45306.71
273.54	45280.34
273.60	45258.29
273.67	45235.70
273.74	45230.36
273.81	45215.44
273.88	45213.05
273.94	45227.28
274.01	45250.81
274.08	45263.00
274.15	45266.60
274.21	45235.42
274.28	45182.98
274.35	45115.56
274.42	45028.00
274.49	44938.46
274.55	44885.84
274.62	44842.50
274.69	44797.29
274.76	44765.06
274.83	44746.27
274.89	44714.54
274.96	44681.54
275.03	44661.50
275.10	44626.54
275.17	44597.32
275.23	44559.14
275.30	44519.24
275.37	44490.68
275.44	44479.74
275.50	44447.30
275.57	44421.39
275.64	44387.93
275.71	44334.27
275.78	44288.92
275.84	44264.09
275.91	44234.58
275.98	44213.60
276.05	44192.11
276.11	44161.35
276.18	44126.59
276.25	44070.44
276.32	44010.04
276.39	43949.23
276.45	43881.01
276.52	43811.71
276.59	43775.06
276.66	43744.20
276.72	43730.79
276.79	43725.06
276.86	43714.94
276.93	43698.48
276.99	43654.94
277.06	43609.76
277.13	43556.22
277.20	43514.84
277.26	43477.67
277.33	43476.70
277.40	43468.92
277.47	43460.67
277.54	43441.51
277.60	43402.86
277.67	43340.74
277.74	43266.50
277.81	43192.98
277.87	43131.91
277.94	43073.92
278.01	43035.29
278.08	43005.32
278.14	42990.65
278.21	42972.76
278.28	42978.38
278.35	42983.82
278.41	43001.30
278.48	43003.94
278.55	42994.54
278.62	42968.66
278.68	42923.17
278.75	42857.78
278.82	42789.30
278.89	42719.36
278.95	42654.88
279.02	42606.02
279.09	42578.94
279.16	42572.97
279.22	42582.12
279.29	42583.74
279.36	42577.90
279.43	42546.25
279.49	42470.66
279.56	42373.31
279.63	42267.50
279.70	42155.26
279.76	42067.64
279.83	42022.00
279.90	41998.95
279.97	41978.86
280.03	41978.05
280.10	41969.36
280.17	41957.99
280.24	41939.64
280.30	41932.98
280.37	41906.80
280.44	41877.38
280.51	41845.48
280.57	41814.38
280.64	41776.80
280.71	41746.08
280.77	41707.78
280.84	41640.29
280.91	41562.52
280.98	41471.94
281.04	41381.54
281.11	41293.68
281.18	41219.22
281.25	41125.02
281.31	41051.50
281.38	40959.05
281.45	40883.64
281.52	40810.77
281.58	40750.03
281.65	40683.50
281.72	40649.12
281.78	40601.00
281.85	40575.72
281.92	40567.35
281.99	40565.54
282.05	40553.90
282.12	40552.91
282.19	40549.12
282.26	40541.92
282.32	40533.86
282.39	40533.02
282.46	40515.18
282.52	40486.50
282.59	40456.80
282.66	40440.60
282.73	40418.95
282.79	40394.88
282.86	40353.04
282.93	40298.56
282.99	40222.84
283.06	40119.04
283.13	40009.93
283.20	39895.22
283.26	39797.07
283.33	39700.79
283.40	39624.58
283.46	39582.04
283.53	39556.20
283.60	39532.82
283.67	39525.20
283.73	39536.66
283.80	39525.18
283.87	39529.27
283.93	39542.94
284.00	39539.48
284.07	39526.52
284.13	39514.76
284.20	39494.06
284.27	39456.18
284.34	39424.82
284.40	39388.86
284.47	39368.10
284.54	39350.22
284.60	39336.89
284.67	39308.76
284.74	39275.47
284.81	39231.63
284.87	39180.87
284.94	39105.23
285.01	39034.58
285.07	38956.12
285.14	38879.44
285.21	38815.12
285.27	38772.92
285.34	38749.19
285.41	38744.05
285.47	38740.49
285.54	38741.43
285.61	38737.56
285.68	38733.26
285.74	38730.83
285.81	38731.35
285.88	38725.94
285.94	38731.04
286.01	38741.52
286.08	38739.10
286.14	38742.64
286.21	38738.36
286.28	38735.94
286.34	38710.28
286.41	38665.09
286.48	38594.73
286.55	38511.04
286.61	38422.68
286.68	38330.47
286.75	38262.19
286.81	38208.52
286.88	38162.36
286.95	38105.51
287.01	38096.00
287.08	38092.18
287.15	38082.18
287.21	38087.99
287.28	38103.22
287.35	38094.88
287.41	38090.50
287.48	38094.82
287.55	38091.54
287.61	38085.59
287.68	38065.71
287.75	38041.06
287.81	38013.10
287.88	37990.58
287.95	37980.37
288.01	37968.70
288.08	37960.50
288.15	37944.23
288.21	37920.90
288.28	37889.74
288.35	37859.58
288.41	37828.68
288.48	37792.40
288.55	37747.80
288.61	37682.20
288.68	37620.48
288.75	37546.74
288.81	37479.91
288.88	37432.18
288.95	37417.81
289.01	37420.19
289.08	37440.04
289.15	37471.85
289.21	37504.44
289.28	37526.26
289.35	37544.17
289.41	37552.21
289.48	37559.47
289.55	37556.58
289.61	37548.83
289.68	37535.88
289.75	37518.12
289.81	37484.60
289.88	37441.04
289.95	37389.52
290.01	37328.52
290.08	37265.28
290.15	37225.62
290.21	37196.62
290.28	37185.72
290.35	37170.84
290.41	37159.81
290.48	37129.60
290.55	37082.09
290.61	37015.82
290.68	36969.12
290.74	36937.40
290.81	36929.60
290.88	36944.72
290.94	36973.38
291.01	37004.51
291.08	37033.52
291.14	37063.40
291.21	37087.42
291.28	37100.19
291.34	37117.24
291.41	37121.42
291.48	37112.12
291.54	37103.06
291.61	37099.45
291.68	37074.14
291.74	37031.38
291.81	36986.27
291.87	36949.55
291.94	36892.56
292.01	36842.04
292.07	36806.34
292.14	36757.62
292.21	36689.55
292.27	36647.78
292.34	36601.34
292.41	36567.57
292.47	36534.24
292.54	36528.71
292.60	36526.77
292.67	36544.46
292.74	36564.20
292.80	36606.37
292.87	36635.77
292.94	36671.47
293.00	36695.20
293.07	36715.50
293.13	36741.93
293.20	36765.92
293.27	36782.10
293.33	36778.76
293.40	36784.42
293.47	36767.70
293.53	36739.49
293.60	36696.81
293.66	36646.64
293.73	36565.68
293.80	36467.19
293.86	36387.88
293.93	36325.57
294.00	36282.00
294.06	36251.40
294.13	36243.62
294.19	36224.81
294.26	36206.56
294.33	36194.73
294.39	36169.38
294.46	36160.68
294.52	36161.29
294.59	36168.28
294.66	36178.72
294.72	36218.14
294.79	36257.47
294.86	36294.80
294.92	36334.76
294.99	36387.53
295.05	36429.94
295.12	36461.00
295.19	36496.76
295.25	36513.13
295.32	36510.86
295.38	36506.06
295.45	36497.14
295.52	36470.44
295.58	36430.33
295.65	36381.86
295.71	36325.68
295.78	36240.32
295.85	36147.06
295.91	36071.32
295.98	35981.02
296.04	35885.88
296.11	35833.44
296.18	35814.36
296.24	35800.80
296.31	35811.10
296.37	35852.14
296.44	35905.19
296.51	35955.23
296.57	36005.84
296.64	36073.79
296.70	36138.38
296.77	36173.84
296.84	36200.23
296.90	36224.14
296.97	36233.56
297.03	36237.25
297.10	36255.77
297.17	36281.53
297.23	36309.62
297.30	36331.57
297.36	36335.80
297.43	36326.05
297.50	36312.60
297.56	36278.31
297.63	36226.02
297.69	36167.08
297.76	36085.76
297.82	35976.58
297.89	35869.73
297.96	35767.52
298.02	35689.46
298.09	35638.15
298.15	35613.28
298.22	35613.28
298.29	35629.03
298.35	35645.15
298.42	35668.34
298.48	35692.12
298.55	35722.35
298.61	35766.54
298.68	35809.66
298.75	35853.75
298.81	35902.74
298.88	35936.38
298.94	35962.38
299.01	35991.98
299.08	36013.58
299.14	36033.68
299.21	36043.24
299.27	36053.25
299.34	36058.95
299.40	36060.59
299.47	36048.20
299.54	36047.72
299.60	36037.79
299.67	36003.68
299.73	35953.11
299.80	35860.10
299.86	35725.02
299.93	35569.88
299.99	35434.48
300.06	35318.92
300.13	35238.93
300.19	35211.24
300.26	35223.86
300.32	35253.55
300.39	35290.96
300.45	35354.56
300.52	35427.40
300.59	35495.09
300.65	35552.12
300.72	35613.24
300.78	35661.30
300.85	35700.48
300.91	35712.78
300.98	35726.22
301.04	35727.32
301.11	35739.64
301.18	35741.17
301.24	35752.89
301.31	35754.84
301.37	35753.88
301.44	35733.84
301.50	35714.94
301.57	35691.12
301.63	35662.82
301.70	35612.70
301.77	35547.54
301.83	35453.59
301.90	35348.39
301.96	35222.34
302.03	35105.73
302.09	35021.15
302.16	34954.10
302.22	34909.20
302.29	34884.04
302.36	34879.58
302.42	34872.34
302.49	34895.24
302.55	34922.68
302.62	34956.08
302.68	35001.00
302.75	35040.72
302.81	35054.26
302.88	35065.82
302.94	35074.06
303.01	35083.38
303.07	35086.04
303.14	35106.83
303.21	35109.73
303.27	35107.08
303.34	35090.77
303.40	35076.19
303.47	35040.14
303.53	35016.94
303.60	35008.42
303.66	34976.02
303.73	34935.60
303.79	34894.56
303.86	34832.10
303.92	34757.37
303.99	34676.06
304.05	34563.05
304.12	34439.56
304.19	34340.26
304.25	34235.80
304.32	34164.70
304.38	34123.04
304.45	34098.97
304.51	34090.67
304.58	34100.41
304.64	34109.07
304.71	34136.70
304.77	34151.39
304.84	34152.54
304.90	34155.79
304.97	34150.28
305.03	34137.53
305.10	34136.83
305.16	34129.66
305.23	34117.36
305.29	34108.20
305.36	34081.41
305.42	34062.02
305.49	34035.78
305.56	33999.96
305.62	33958.99
305.69	33925.93
305.75	33881.16
305.82	33813.08
305.88	33705.98
305.95	33569.00
306.01	33410.98
306.08	33240.30
306.14	33098.08
306.21	32990.84
306.27	32907.75
306.34	32848.50
306.40	32801.46
306.47	32768.41
306.53	32769.96
306.60	32786.74
306.66	32811.58
306.73	32831.69
306.79	32842.71
306.86	32826.98
306.92	32802.10
306.99	32782.30
307.05	32771.82
307.12	32763.58
307.18	32742.28
307.25	32721.48
307.31	32690.43
307.38	32652.32
307.44	32609.98
307.51	32584.58
307.57	32549.67
307.64	32510.46
307.70	32471.94
307.77	32428.74
307.83	32370.70
307.90	32322.62
307.96	32274.53
308.03	32214.62
308.09	32147.92
308.16	32083.24
308.22	32025.78
308.29	31948.02
308.35	31877.30
308.42	31805.65
308.48	31726.03
308.55	31623.12
308.61	31552.44
308.68	31479.90
308.74	31420.04
308.81	31381.96
308.87	31353.70
308.94	31332.20
309.00	31316.43
309.07	31298.08
309.13	31263.93
309.20	31244.82
309.26	31206.71
309.33	31162.02
309.39	31114.22
309.45	31077.40
309.52	31020.92
309.58	30966.44
309.65	30909.00
309.71	30852.41
309.78	30803.06
309.84	30748.52
309.91	30695.45
309.97	30643.14
310.04	30593.33
310.10	30534.06
310.17	30481.01
310.23	30420.20
310.30	30370.68
310.36	30318.15
310.43	30258.71
310.49	30195.70
310.56	30133.34
310.62	30047.86
310.69	29971.84
310.75	29897.11
310.81	29830.50
310.88	29773.24
310.94	29735.96
311.01	29693.62
311.07	29655.98
311.14	29614.59
311.20	29576.53
311.27	29538.62
311.33	29502.88
311.40	29467.93
311.46	29434.90
311.53	29392.54
311.59	29359.09
311.66	29317.88
311.72	29267.47
311.78	29217.86
311.85	29172.50
311.91	29134.64
311.98	29086.52
312.04	29043.21
312.11	29008.40
312.17	28972.28
312.24	28922.91
312.30	28868.56
312.37	28810.98
312.43	28751.75
312.50	28688.39
312.56	28621.89
312.62	28562.68
312.69	28503.98
312.75	28437.73
312.82	28364.83
312.88	28289.56
312.95	28223.13
313.01	28161.06
313.08	28094.04
313.14	28046.90
313.20	27999.30
313.27	27947.46
313.33	27899.04
313.40	27870.22
313.46	27823.80
313.53	27783.66
313.59	27747.29
313.66	27708.02
313.72	27664.16
313.78	27617.79
313.85	27571.44
313.91	27532.64
313.98	27495.65
314.04	27457.50
314.11	27425.98
314.17	27385.24
314.24	27338.84
314.30	27287.64
314.36	27222.56
314.43	27171.96
314.49	27121.78
314.56	27068.28
314.62	27007.44
314.69	26956.32
314.75	26895.10
314.81	26834.87
314.88	26777.36
314.94	26741.83
315.01	26703.10
315.07	26647.24
315.14	26599.98
315.20	26557.87
315.27	26499.46
315.33	26449.25
315.39	26402.05
315.46	26359.09
315.52	26299.91
315.59	26251.22
315.65	26199.80
315.72	26166.71
315.78	26121.97
315.84	26087.94
315.91	26057.74
315.97	26033.31
316.04	26018.18
316.10	25994.25
316.16	25959.09
316.23	25885.60
316.29	25779.55
316.36	25620.32
316.42	25443.84
316.49	25249.46
316.55	25050.98
316.61	24842.70
316.68	24636.80
316.74	24417.94
316.81	24195.64
316.87	23971.52
316.93	23747.40
317.00	23527.80
317.06	23318.76
317.13	23102.02
317.19	22885.43
317.26	22668.93
317.32	22452.32
317.38	22234.59
317.45	22019.71
317.51	21810.52
317.58	21600.06
317.64	21386.05
317.70	21176.62
317.77	20973.94
317.83	20768.74
317.90	20564.56
317.96	20354.03
318.02	20146.48
318.09	19948.09
318.15	19740.47
318.22	19529.16
318.28	19328.08
318.34	19110.38
318.41	18882.07
318.47	18665.33
318.54	18456.87
318.60	18244.17
318.66	18049.18
318.73	17847.20
318.79	17645.58
318.86	17446.78
318.92	17251.18
318.98	17059.63
319.05	16869.58
319.11	16678.38
319.18	16485.53
319.24	16294.92
319.30	16081.49
319.37	15886.56
319.43	15696.06
319.50	15502.20
319.56	15309.93
319.62	15134.32
319.69	14948.90
319.75	14764.80
319.82	14581.94
319.88	14398.52
319.94	14210.12
320.01	14026.44
320.07	13833.38
320.13	13649.92
320.20	13464.55
320.26	13279.88
320.33	13090.37
320.39	12914.12
320.45	12726.99
320.52	12546.73
320.58	12371.68
320.65	12195.60
320.71	12014.92
320.77	11842.93
320.84	11667.26
320.90	11493.52
320.96	11316.40
321.03	11127.46
321.09	10940.20
321.16	10754.38
321.22	10565.10
321.28	10383.72
321.35	10217.79
321.41	10045.16
321.47	9875.34
321.54	9712.24
321.60	9542.64
321.67	9367.84
321.73	9197.10
321.79	9021.69
321.86	8844.59
321.92	8674.94
321.98	8493.96
322.05	8308.92
322.11	8115.28
322.18	7922.08
322.24	7729.45
322.30	7548.29
322.37	7377.60
322.43	7212.78
322.49	7049.28
322.56	6873.61
322.62	6701.68
322.68	6520.77
322.75	6353.36
322.81	6171.98
322.88	5999.40
322.94	5826.36
323.00	5655.10
323.07	5480.55
323.13	5315.75
323.19	5151.88
323.26	4991.68
323.32	4832.98
323.38	4671.23
323.45	4449.53
323.51	3811.64
323.57	2928.00
323.64	2005.42
323.70	1117.12
323.76	322.22
323.83	-21.69
323.89	-89.56
323.96	-90.96
