180.25	3515.63
180.33	-133.23
180.40	656.69
180.48	-30.93
180.56	13.37
180.63	50.23
180.71	92.97
180.78	92.17
180.86	93.73
180.93	99.06
181.01	100.89
181.08	98.95
181.16	98.38
181.23	99.97
181.31	99.48
181.39	123.41
181.46	133.03
181.54	143.43
181.61	159.51
181.69	167.83
181.76	160.45
181.84	153.86
181.91	155.10
181.99	156.17
182.06	157.89
182.14	163.13
182.22	169.09
182.29	180.69
182.37	183.76
182.44	195.28
182.52	192.28
182.59	209.81
182.67	216.33
182.74	222.78
182.82	227.27
182.89	238.50
182.97	238.79
183.04	249.89
183.12	259.65
183.20	280.25
183.27	292.64
183.35	323.44
183.42	346.61
183.50	388.79
183.57	414.56
183.65	462.86
183.72	506.25
183.80	564.59
183.87	610.40
183.95	658.14
184.02	707.32
184.10	741.90
184.17	760.07
184.25	761.50
184.32	753.38
184.40	726.33
184.47	676.57
184.55	634.83
184.62	635.13
184.70	666.14
184.78	719.49
184.85	835.27
184.93	968.76
185.00	1094.54
185.08	1223.81
185.15	1351.59
185.23	1477.52
185.30	1596.80
185.38	1709.59
185.45	1816.53
185.53	1935.65
185.60	2038.52
185.68	2156.57
185.75	2247.44
185.83	2318.98
185.90	2355.61
185.98	2329.78
186.05	2237.02
186.13	2118.21
186.20	1962.47
186.28	1827.61
186.35	1782.47
186.43	1830.18
186.50	1966.13
186.58	2177.89
186.65	2407.41
186.73	2632.26
186.80	2825.72
186.88	3000.70
186.95	3168.36
187.03	3317.09
187.10	3443.35
187.18	3593.81
187.25	3730.97
187.33	3873.53
187.40	4047.33
187.48	4224.91
187.55	4404.68
187.63	4572.37
187.70	4675.63
187.78	4722.33
187.85	4718.58
187.93	4597.13
188.00	4383.86
188.08	4142.26
188.15	3928.93
188.23	3812.50
188.30	3838.75
188.38	4013.74
188.45	4297.98
188.53	4610.63
188.60	4901.76
188.68	5162.25
188.75	5402.77
188.83	5668.21
188.90	5911.04
188.98	6152.63
189.05	6406.07
189.13	6633.91
189.20	6829.73
189.28	7033.71
189.35	7215.03
189.43	7374.79
189.50	7517.73
189.58	7569.89
189.65	7535.59
189.73	7431.25
189.80	7230.38
189.87	6949.35
189.95	6631.39
190.02	6247.51
190.10	5828.75
190.17	5496.97
190.25	5320.31
190.32	5312.17
190.40	5479.07
190.47	5783.33
190.55	6122.21
190.62	6448.03
190.70	6726.52
190.77	7005.35
190.85	7291.00
190.92	7566.25
191.00	7820.09
191.07	8065.91
191.15	8252.13
191.22	8407.51
191.29	8534.13
191.37	8640.00
191.44	8755.62
191.52	8907.17
191.59	9036.53
191.67	9136.55
191.74	9184.70
191.82	9182.02
191.89	9149.24
191.97	9132.42
192.04	9117.48
192.12	9085.53
192.19	8985.22
192.27	8812.29
192.34	8616.90
192.41	8493.03
192.49	8470.88
192.56	8591.75
192.64	8812.77
192.71	9061.39
192.79	9241.45
192.86	9353.37
192.94	9357.43
193.01	9320.77
193.09	9298.29
193.16	9355.87
193.23	9488.86
193.31	9693.73
193.38	9965.95
193.46	10209.19
193.53	10408.18
193.61	10571.03
193.68	10712.27
193.76	10797.58
193.83	10871.76
193.91	10918.79
193.98	10947.84
194.05	10959.87
194.13	10936.95
194.20	10879.35
194.28	10798.31
194.35	10698.35
194.43	10572.85
194.50	10412.47
194.58	10229.85
194.65	10096.17
194.72	10077.20
194.80	10210.45
194.87	10492.49
194.95	10896.67
195.02	11312.71
195.10	11649.99
195.17	11916.26
195.25	12123.25
195.32	12284.63
195.39	12418.87
195.47	12535.49
195.54	12604.28
195.62	12591.64
195.69	12463.97
195.77	12191.79
195.84	11815.45
195.91	11406.33
195.99	11127.65
196.06	11031.71
196.14	11143.57
196.21	11423.75
196.29	11809.73
196.36	12192.17
196.43	12516.33
196.51	12781.03
196.58	12976.67
196.66	13102.19
196.73	13168.97
196.81	13196.21
196.88	13185.03
196.95	13140.60
197.03	13029.01
197.10	12813.76
197.18	12525.79
197.25	12199.42
197.33	11894.67
197.40	11650.08
197.47	11510.55
197.55	11507.86
197.62	11627.97
197.70	11848.68
197.77	12177.21
197.84	12578.57
197.92	12987.71
197.99	13403.80
198.07	13792.24
198.14	14114.83
198.22	14392.51
198.29	14614.40
198.36	14780.35
198.44	14890.31
198.51	14924.47
198.59	14829.67
198.66	14605.29
198.73	14254.69
198.81	13829.31
198.88	13336.23
198.96	12900.03
199.03	12664.88
199.10	12672.20
199.18	12864.45
199.25	13271.20
199.33	13808.09
199.40	14314.90
199.48	14715.69
199.55	15035.23
199.62	15279.19
199.70	15490.94
199.77	15700.73
199.85	15911.94
199.92	16072.77
199.99	16165.95
200.07	16114.07
200.14	15884.65
200.22	15407.75
200.29	14739.77
200.36	14053.65
200.44	13504.93
200.51	13180.66
200.59	13148.94
200.66	13369.23
200.73	13714.77
200.81	14085.66
200.88	14442.33
200.95	14827.87
201.03	15235.51
201.10	15648.87
201.18	16040.99
201.25	16387.27
201.32	16649.89
201.40	16860.02
201.47	17002.77
201.55	17062.92
201.62	16977.51
201.69	16711.69
201.77	16343.60
201.84	15934.41
201.92	15478.05
201.99	15035.48
202.06	14764.27
202.14	14695.69
202.21	14817.46
202.28	15150.83
202.36	15678.87
202.43	16278.91
202.51	16832.31
202.58	17286.74
202.65	17641.06
202.73	17958.95
202.80	18258.95
202.87	18542.95
202.95	18814.01
203.02	19026.62
203.10	19117.45
203.17	19071.79
203.24	18822.08
203.32	18270.36
203.39	17453.04
203.46	16596.75
203.54	15894.19
203.61	15510.14
203.69	15517.15
203.76	15906.18
203.83	16486.41
203.91	17050.55
203.98	17539.44
204.05	17959.69
204.13	18332.65
204.20	18635.66
204.28	18879.21
204.35	19038.77
204.42	19126.22
204.50	19171.18
204.57	19209.42
204.64	19249.93
204.72	19234.51
204.79	19063.77
204.86	18694.16
204.94	18213.35
205.01	17697.76
205.09	17190.28
205.16	16838.12
205.23	16752.52
205.31	16922.87
205.38	17289.77
205.45	17848.94
205.53	18545.26
205.60	19274.37
205.67	19933.77
205.75	20476.24
205.82	20903.87
205.89	21242.72
205.97	21532.11
206.04	21797.26
206.12	22062.73
206.19	22308.23
206.26	22482.23
206.34	22529.39
206.41	22364.41
206.48	21918.59
206.56	21139.87
206.63	20158.48
206.70	19183.60
206.78	18464.95
206.85	18162.19
206.92	18362.78
207.00	18957.90
207.07	19732.85
207.14	20503.28
207.22	21188.20
207.29	21784.95
207.36	22288.89
207.44	22754.66
207.51	23166.91
207.58	23533.31
207.66	23839.45
207.73	24102.85
207.80	24284.17
207.88	24344.83
207.95	24256.12
208.02	23997.67
208.10	23464.25
208.17	22640.00
208.25	21722.96
208.32	20910.68
208.39	20297.38
208.47	20030.97
208.54	20135.86
208.61	20508.83
208.69	20986.80
208.76	21521.35
208.83	22097.00
208.90	22713.23
208.98	23324.11
209.05	23894.17
209.12	24417.75
209.20	24871.28
209.27	25259.38
209.34	25606.02
209.42	25913.83
209.49	26160.77
209.56	26313.13
209.64	26372.85
209.71	26224.37
209.78	25816.65
209.86	25167.81
209.93	24431.13
210.00	23611.75
210.08	22898.23
210.15	22475.41
210.22	22431.32
210.30	22662.32
210.37	23155.76
210.44	23808.08
210.52	24493.60
210.59	25108.91
210.66	25640.00
210.74	26094.87
210.81	26490.16
210.88	26864.75
210.96	27216.57
211.03	27553.47
211.10	27879.27
211.17	28172.14
211.25	28363.77
211.32	28423.05
211.39	28316.51
211.47	27974.64
211.54	27305.33
211.61	26404.81
211.69	25543.91
211.76	24909.93
211.83	24612.01
211.91	24753.76
211.98	25235.47
212.05	25821.75
212.12	26350.63
212.20	26795.16
212.27	27167.90
212.34	27481.61
212.42	27765.83
212.49	28033.71
212.56	28305.11
212.64	28583.69
212.71	28903.37
212.78	29232.95
212.85	29538.27
212.93	29763.89
213.00	29895.57
213.07	29899.77
213.15	29680.33
213.22	29257.79
213.29	28749.94
213.37	28227.94
213.44	27759.62
213.51	27501.36
213.58	27508.39
213.66	27710.19
213.73	28046.52
213.80	28461.83
213.88	28893.01
213.95	29230.61
214.02	29462.63
214.09	29644.75
214.17	29804.94
214.24	29986.55
214.31	30204.99
214.39	30444.86
214.46	30647.06
214.53	30777.57
214.60	30826.75
214.68	30867.25
214.75	30930.75
214.82	30991.67
214.90	30990.21
214.97	30805.19
215.04	30364.15
215.11	29800.65
215.19	29303.71
215.26	29052.23
215.33	29142.69
215.41	29596.60
215.48	30232.36
215.55	30850.02
215.62	31340.52
215.70	31716.37
215.77	32020.53
215.84	32300.87
215.91	32570.31
215.99	32827.82
216.06	33081.53
216.13	33287.63
216.21	33420.23
216.28	33529.72
216.35	33631.91
216.42	33704.51
216.50	33751.15
216.57	33753.87
216.64	33629.57
216.71	33318.49
216.79	32893.45
216.86	32478.10
216.93	32153.28
217.01	32016.07
217.08	32117.23
217.15	32415.69
217.22	32788.40
217.30	33196.02
217.37	33579.62
217.44	33945.79
217.51	34259.39
217.59	34537.91
217.66	34761.62
217.73	34942.10
217.80	35097.12
217.88	35230.71
217.95	35343.12
218.02	35449.65
218.09	35560.46
218.17	35687.36
218.24	35806.85
218.31	35904.54
218.38	35936.34
218.46	35868.55
218.53	35615.91
218.60	35227.79
218.67	34810.70
218.75	34475.96
218.82	34307.87
218.89	34371.93
218.96	34650.53
219.04	35040.04
219.11	35441.03
219.18	35787.33
219.25	36080.06
219.33	36326.96
219.40	36547.83
219.47	36763.86
219.54	36963.08
219.62	37146.76
219.69	37324.25
219.76	37496.35
219.83	37636.61
219.91	37793.21
219.98	37934.64
220.05	38033.52
220.12	38077.39
220.20	38066.94
220.27	37961.80
220.34	37729.55
220.41	37406.03
220.49	37093.43
220.56	36866.91
220.63	36773.52
220.70	36870.89
220.78	37126.99
220.85	37417.37
220.92	37673.41
220.99	37892.91
221.06	38074.39
221.14	38235.40
221.21	38387.52
221.28	38568.82
221.35	38758.21
221.43	38945.69
221.50	39109.43
221.57	39279.75
221.64	39441.81
221.72	39582.33
221.79	39704.45
221.86	39800.70
221.93	39871.08
222.00	39903.17
222.08	39892.80
222.15	39812.00
222.22	39699.29
222.29	39582.67
222.37	39495.91
222.44	39460.22
222.51	39492.95
222.58	39580.67
222.65	39692.82
222.73	39813.55
222.80	39927.52
222.87	40063.29
222.94	40203.49
223.02	40339.76
223.09	40476.49
223.16	40613.49
223.23	40754.40
223.30	40914.64
223.38	41083.09
223.45	41233.76
223.52	41387.49
223.59	41519.73
223.66	41602.52
223.74	41647.45
223.81	41667.51
223.88	41661.63
223.95	41647.36
224.03	41628.97
224.10	41608.92
224.17	41602.52
224.24	41601.15
224.31	41630.53
224.39	41692.92
224.46	41789.55
224.53	41891.82
224.60	42006.71
224.67	42107.82
224.75	42214.69
224.82	42331.86
224.89	42466.79
224.96	42609.08
225.03	42751.13
225.11	42884.93
225.18	42994.69
225.25	43100.79
225.32	43173.00
225.39	43231.38
225.47	43274.01
225.54	43284.36
225.61	43227.91
225.68	43150.49
225.75	43056.75
225.83	42958.39
225.90	42892.73
225.97	42872.63
226.04	42895.11
226.11	42970.33
226.19	43128.76
226.26	43333.00
226.33	43563.84
226.40	43788.33
226.47	43983.13
226.54	44118.53
226.62	44207.43
226.69	44289.71
226.76	44403.06
226.83	44548.20
226.90	44698.33
226.98	44845.34
227.05	44985.83
227.12	45096.45
227.19	45168.44
227.26	45231.45
227.34	45303.20
227.41	45372.40
227.48	45421.21
227.55	45452.20
227.62	45470.85
227.69	45501.54
227.77	45542.39
227.84	45617.65
227.91	45712.22
227.98	45829.11
228.05	45922.93
228.12	46013.62
228.20	46106.71
228.27	46204.11
228.34	46298.79
228.41	46417.42
228.48	46521.23
228.56	46630.67
228.63	46733.64
228.70	46824.92
228.77	46910.17
228.84	47007.68
228.91	47099.31
228.99	47202.53
229.06	47323.25
229.13	47427.53
229.20	47526.59
229.27	47614.49
229.34	47698.07
229.42	47750.80
229.49	47809.44
229.56	47859.57
229.63	47906.57
229.70	47935.97
229.77	47981.74
229.85	48036.37
229.92	48096.31
229.99	48152.45
230.06	48238.46
230.13	48329.79
230.20	48426.34
230.27	48536.86
230.35	48659.70
230.42	48777.44
230.49	48893.06
230.56	48995.93
230.63	49101.43
230.70	49179.26
230.78	49238.89
230.85	49297.14
230.92	49358.59
230.99	49414.36
231.06	49511.57
231.13	49631.97
231.20	49766.47
231.28	49881.38
231.35	50002.30
231.42	50098.77
231.49	50183.84
231.56	50255.65
231.63	50331.87
231.71	50390.45
231.78	50454.51
231.85	50515.47
231.92	50576.43
231.99	50653.73
232.06	50737.39
232.13	50830.02
232.21	50928.27
232.28	51018.81
232.35	51086.94
232.42	51171.33
232.49	51253.79
232.56	51346.27
232.63	51445.83
232.71	51558.05
232.78	51652.30
232.85	51751.75
232.92	51835.12
232.99	51922.54
233.06	52009.57
233.13	52077.79
233.20	52131.40
233.28	52180.43
233.35	52220.05
233.42	52273.49
233.49	52358.47
233.56	52448.21
233.63	52537.77
233.70	52634.68
233.78	52736.53
233.85	52841.55
233.92	52939.05
233.99	53034.41
234.06	53130.53
234.13	53214.36
234.20	53274.87
234.27	53339.27
234.35	53397.85
234.42	53461.45
234.49	53537.15
234.56	53594.01
234.63	53642.49
234.70	53698.78
234.77	53741.70
234.84	53770.75
234.92	53829.31
234.99	53904.71
235.06	53982.63
235.13	54070.55
235.20	54171.13
235.27	54257.45
235.34	54348.70
235.41	54426.93
235.48	54510.89
235.56	54588.19
235.63	54667.33
235.70	54715.23
235.77	54767.10
235.84	54790.85
235.91	54807.00
235.98	54826.61
236.05	54862.62
236.12	54907.61
236.20	54953.68
236.27	55010.91
236.34	55068.73
236.41	55115.26
236.48	55157.87
236.55	55205.31
236.62	55254.81
236.69	55298.37
236.76	55371.05
236.84	55441.81
236.91	55523.45
236.98	55592.79
237.05	55663.29
237.12	55701.11
237.19	55737.95
237.26	55779.71
237.33	55816.87
237.40	55857.13
237.47	55904.44
237.55	55967.49
237.62	56023.41
237.69	56092.21
237.76	56160.82
237.83	56239.35
237.90	56301.65
237.97	56356.30
238.04	56401.73
238.11	56441.77
238.18	56488.33
238.26	56527.73
238.33	56552.86
238.40	56578.33
238.47	56617.76
238.54	56640.66
238.61	56653.88
238.68	56673.37
238.75	56697.94
238.82	56732.11
238.89	56772.74
238.96	56833.03
239.04	56896.80
239.11	56962.65
239.18	57006.88
239.25	57027.47
239.32	57046.81
239.39	57062.97
239.46	57048.24
239.53	57038.98
239.60	57039.06
239.67	57054.01
239.74	57076.31
239.81	57108.87
239.89	57147.74
239.96	57185.76
240.03	57214.35
240.10	57235.35
240.17	57263.83
240.24	57279.56
240.31	57313.87
240.38	57348.57
240.45	57416.83
240.52	57491.79
240.59	57558.55
240.66	57611.03
240.73	57656.99
240.80	57668.39
240.88	57671.14
240.95	57687.53
241.02	57713.65
241.09	57730.86
241.16	57759.96
241.23	57780.71
241.30	57772.17
241.37	57743.44
241.44	57738.03
241.51	57737.73
241.58	57750.81
241.65	57796.14
241.72	57846.87
241.79	57884.52
241.86	57892.83
241.94	57892.07
242.01	57879.26
242.08	57853.97
242.15	57842.11
242.22	57851.08
242.29	57858.44
242.36	57873.67
242.43	57884.80
242.50	57880.47
242.57	57873.87
242.64	57880.14
242.71	57870.65
242.78	57879.29
242.85	57881.39
242.92	57885.71
242.99	57892.37
243.06	57895.93
243.14	57904.15
243.21	57927.16
243.28	57939.31
243.35	57958.02
243.42	57991.86
243.49	58025.17
243.56	58039.53
243.63	58071.37
243.70	58078.75
243.77	58074.13
243.84	58051.35
243.91	58033.09
243.98	58002.74
244.05	57970.89
244.12	57946.06
244.19	57930.86
244.26	57919.62
244.33	57901.89
244.40	57886.03
244.47	57882.85
244.54	57882.21
244.62	57854.16
244.69	57827.89
244.76	57821.13
244.83	57807.87
244.90	57801.81
244.97	57826.25
245.04	57850.43
245.11	57856.08
245.18	57842.62
245.25	57837.46
245.32	57844.23
245.39	57857.15
245.46	57873.20
245.53	57885.03
245.60	57891.47
245.67	57888.18
245.74	57883.07
245.81	57874.31
245.88	57858.83
245.95	57841.96
246.02	57807.33
246.09	57758.91
246.16	57699.13
246.23	57668.85
246.30	57635.56
246.37	57629.53
246.44	57655.13
246.51	57688.21
246.58	57715.99
246.65	57743.01
246.72	57754.77
246.79	57741.45
246.87	57731.95
246.94	57721.09
247.01	57696.93
247.08	57647.31
247.15	57593.02
247.22	57529.39
247.29	57465.75
247.36	57425.45
247.43	57412.10
247.50	57405.40
247.57	57416.30
247.64	57438.23
247.71	57452.68
247.78	57462.49
247.85	57483.02
247.92	57507.15
247.99	57504.99
248.06	57499.70
248.13	57483.20
248.20	57457.60
248.27	57419.27
248.34	57397.65
248.41	57380.44
248.48	57376.09
248.55	57379.33
248.62	57387.60
248.69	57391.77
248.76	57378.75
248.83	57358.79
248.90	57323.27
248.97	57278.91
249.04	57225.95
249.11	57193.72
249.18	57158.62
249.25	57129.54
249.32	57092.28
249.39	57053.61
249.46	56997.67
249.53	56948.39
249.60	56891.12
249.67	56861.13
249.74	56850.54
249.81	56863.71
249.88	56880.91
249.95	56921.44
250.02	56953.81
250.09	56974.17
250.16	56973.11
250.23	56967.83
250.30	56955.05
250.37	56935.81
250.44	56930.68
250.51	56923.96
250.58	56917.11
250.65	56905.37
250.72	56873.90
250.79	56834.38
250.86	56798.54
250.93	56756.70
251.00	56708.40
251.07	56684.54
251.14	56655.78
251.21	56624.75
251.28	56604.37
251.35	56587.85
251.42	56575.73
251.49	56565.12
251.56	56545.28
251.63	56521.73
251.70	56511.11
251.77	56490.23
251.84	56452.04
251.91	56410.25
251.98	56357.15
252.05	56293.97
252.12	56245.25
252.18	56196.17
252.25	56176.30
252.32	56187.41
252.39	56190.77
252.46	56174.55
252.53	56176.03
252.60	56156.71
252.67	56122.51
252.74	56093.92
252.81	56073.17
252.88	56047.58
252.95	56019.34
253.02	56000.25
253.09	55976.35
253.16	55965.33
253.23	55947.65
253.30	55952.98
253.37	55934.06
253.44	55919.14
253.51	55876.01
253.58	55844.13
253.65	55812.16
253.72	55802.03
253.79	55788.97
253.86	55793.33
253.93	55790.22
254.00	55769.67
254.07	55732.07
254.14	55694.78
254.21	55650.77
254.28	55609.34
254.35	55587.63
254.41	55566.52
254.48	55548.43
254.55	55529.59
254.62	55508.59
254.69	55462.49
254.76	55423.91
254.83	55373.75
254.90	55342.01
254.97	55321.09
255.04	55321.97
255.11	55302.61
255.18	55274.15
255.25	55218.61
255.32	55169.55
255.39	55113.25
255.46	55074.54
255.53	55056.75
255.60	55049.05
255.67	55043.45
255.74	55029.64
255.81	55023.15
255.87	55016.81
255.94	54998.65
256.01	54971.74
256.08	54947.59
256.15	54915.77
256.22	54883.01
256.29	54863.51
256.36	54837.57
256.43	54820.97
256.50	54815.34
256.57	54802.20
256.64	54782.61
256.71	54758.65
256.78	54729.51
256.85	54679.27
256.92	54654.51
256.99	54638.91
257.05	54626.55
257.12	54607.85
257.19	54571.27
257.26	54514.58
257.33	54441.85
257.40	54379.10
257.47	54314.47
257.54	54285.79
257.61	54268.82
257.68	54268.19
257.75	54261.15
257.82	54270.53
257.89	54258.67
257.96	54237.06
258.03	54197.47
258.09	54144.56
258.16	54064.63
258.23	53979.78
258.30	53917.41
258.37	53860.97
258.44	53818.49
258.51	53802.81
258.58	53812.51
258.65	53806.47
258.72	53799.95
258.79	53774.59
258.86	53748.75
258.93	53718.29
258.99	53674.09
259.06	53635.86
259.13	53606.01
259.20	53555.97
259.27	53513.49
259.34	53483.83
259.41	53463.33
259.48	53459.57
259.55	53456.29
259.62	53444.77
259.69	53417.21
259.76	53365.39
259.82	53301.36
259.89	53264.61
259.96	53228.56
260.03	53186.41
260.10	53151.37
260.17	53116.09
260.24	53056.62
260.31	52990.97
260.38	52947.91
260.45	52941.07
260.52	52919.82
260.59	52889.57
260.65	52871.69
260.72	52849.03
260.79	52809.83
260.86	52782.24
260.93	52757.21
261.00	52709.79
261.07	52655.85
261.14	52573.71
261.21	52501.09
261.28	52437.75
261.34	52369.39
261.41	52299.29
261.48	52254.36
261.55	52211.91
261.62	52178.95
261.69	52150.86
261.76	52132.37
261.83	52113.77
261.90	52081.98
261.97	52037.91
262.03	52003.25
262.10	51973.08
262.17	51922.90
262.24	51899.78
262.31	51882.55
262.38	51854.87
262.45	51822.74
262.52	51796.99
262.59	51753.66
262.65	51701.60
262.72	51655.19
262.79	51615.73
262.86	51582.53
262.93	51539.35
263.00	51510.23
263.07	51475.09
263.14	51426.47
263.21	51399.62
263.27	51384.23
263.34	51352.83
263.41	51315.28
263.48	51272.85
263.55	51207.75
263.62	51118.25
263.69	51035.55
263.76	50976.70
263.82	50929.49
263.89	50883.26
263.96	50864.59
264.03	50848.52
264.10	50824.45
264.17	50779.54
264.24	50722.71
264.31	50662.19
264.38	50594.36
264.44	50524.18
264.51	50467.04
264.58	50419.79
264.65	50373.48
264.72	50318.19
264.79	50275.27
264.86	50247.28
264.92	50211.38
264.99	50187.63
265.06	50170.03
265.13	50135.93
265.20	50110.40
265.27	50083.74
265.34	50036.53
265.41	50006.19
265.47	49982.95
265.54	49943.95
265.61	49919.51
265.68	49900.42
265.75	49861.52
265.82	49808.17
265.89	49746.37
265.95	49689.78
266.02	49618.08
266.09	49564.08
266.16	49519.45
266.23	49484.44
266.30	49440.29
266.37	49383.33
266.44	49309.22
266.50	49250.55
266.57	49174.58
266.64	49104.37
266.71	49052.46
266.78	48996.25
266.85	48914.81
266.91	48857.93
266.98	48806.07
267.05	48757.58
267.12	48728.69
267.19	48721.86
267.26	48712.11
267.33	48691.63
267.39	48670.24
267.46	48644.65
267.53	48601.33
267.60	48550.89
267.67	48512.41
267.74	48473.09
267.81	48426.58
267.87	48391.91
267.94	48365.67
268.01	48327.51
268.08	48280.85
268.15	48232.26
268.22	48183.53
268.28	48113.21
268.35	48023.49
268.42	47956.06
268.49	47895.61
268.56	47833.83
268.63	47783.01
268.69	47758.98
268.76	47715.19
268.83	47683.16
268.90	47671.30
268.97	47660.97
269.04	47649.89
269.11	47644.41
269.17	47618.67
269.24	47570.87
269.31	47531.87
269.38	47483.81
269.45	47438.35
269.52	47403.54
269.58	47376.36
269.65	47326.37
269.72	47277.11
269.79	47233.52
269.86	47203.65
269.92	47157.72
269.99	47124.69
270.06	47084.40
270.13	47041.60
270.20	46975.06
270.27	46933.57
270.33	46901.75
270.40	46870.13
270.47	46838.91
270.54	46821.53
270.61	46803.25
270.68	46779.56
270.74	46764.45
270.81	46756.23
270.88	46739.59
270.95	46704.37
271.02	46653.73
271.08	46603.13
271.15	46523.45
271.22	46460.44
271.29	46400.08
271.36	46338.42
271.43	46291.96
271.49	46275.55
271.56	46250.33
271.63	46227.12
271.70	46218.13
271.77	46209.23
271.83	46174.01
271.90	46126.90
271.97	46087.77
272.04	46037.92
272.11	45985.98
272.17	45960.59
272.24	45949.58
272.31	45926.12
272.38	45913.59
272.45	45889.61
272.52	45853.55
272.58	45823.85
272.65	45805.71
272.72	45777.50
272.79	45742.93
272.86	45710.44
272.92	45666.53
272.99	45620.33
273.06	45582.92
273.13	45540.02
273.20	45491.80
273.26	45440.46
273.33	45386.17
273.40	45337.58
273.47	45306.85
273.54	45280.52
273.60	45260.43
273.67	45242.41
273.74	45230.87
273.81	45214.87
273.88	45218.25
273.94	45233.39
274.01	45253.93
274.08	45261.04
274.15	45255.70
274.21	45231.25
274.28	45189.50
274.35	45122.83
274.42	45046.91
274.49	44974.65
274.55	44912.89
274.62	44867.12
274.69	44827.84
274.76	44784.11
274.83	44750.50
274.89	44721.50
274.96	44684.03
275.03	44652.89
275.10	44629.86
275.17	44603.07
275.23	44567.86
275.30	44526.81
275.37	44497.53
275.44	44476.11
275.50	44456.95
275.57	44425.51
275.64	44387.24
275.71	44335.20
275.78	44291.13
275.84	44255.15
275.91	44228.16
275.98	44204.35
276.05	44184.62
276.11	44155.79
276.18	44122.88
276.25	44072.18
276.32	44015.73
276.39	43961.83
276.45	43890.13
276.52	43819.95
276.59	43767.41
276.66	43737.95
276.72	43713.50
276.79	43713.61
276.86	43709.51
276.93	43696.75
276.99	43662.91
277.06	43623.45
277.13	43580.13
277.20	43538.94
277.26	43512.01
277.33	43503.32
277.40	43501.23
277.47	43483.22
277.54	43458.15
277.60	43422.17
277.67	43368.43
277.74	43292.54
277.81	43223.59
277.87	43154.05
277.94	43091.86
278.01	43043.11
278.08	43005.49
278.14	42982.27
278.21	42966.69
278.28	42960.42
278.35	42968.59
278.41	42981.93
278.48	42987.34
278.55	42982.63
278.62	42970.61
278.68	42933.74
278.75	42875.92
278.82	42809.66
278.89	42737.97
278.95	42668.21
279.02	42603.59
279.09	42574.73
279.16	42565.47
279.22	42577.45
279.29	42581.71
279.36	42584.26
279.43	42563.35
279.49	42502.79
279.56	42407.02
279.63	42294.85
279.70	42188.09
279.76	42089.43
279.83	42021.95
279.90	41994.59
279.97	41980.97
280.03	41973.39
280.10	41968.09
280.17	41954.97
280.24	41929.11
280.30	41911.25
280.37	41882.16
280.44	41857.42
280.51	41842.52
280.57	41827.01
280.64	41795.07
280.71	41759.45
280.77	41711.23
280.84	41632.75
280.91	41551.67
280.98	41470.17
281.04	41378.57
281.11	41294.17
281.18	41214.75
281.25	41129.77
281.31	41048.45
281.38	40961.69
281.45	40876.05
281.52	40820.69
281.58	40756.07
281.65	40693.49
281.72	40653.73
281.78	40615.36
281.85	40577.93
281.92	40559.34
281.99	40558.38
282.05	40550.56
282.12	40547.58
282.19	40537.14
282.26	40529.45
282.32	40514.59
282.39	40510.31
282.46	40484.74
282.52	40465.57
282.59	40444.33
282.66	40433.04
282.73	40408.96
282.79	40394.81
282.86	40352.83
282.93	40291.80
282.99	40204.16
283.06	40098.63
283.13	39992.56
283.20	39884.57
283.26	39784.36
283.33	39698.53
283.40	39630.87
283.46	39586.92
283.53	39555.35
283.60	39540.13
283.67	39531.11
283.73	39545.91
283.80	39537.64
283.87	39543.13
283.93	39554.77
284.00	39550.32
284.07	39534.41
284.13	39513.72
284.20	39487.37
284.27	39452.17
284.34	39416.37
284.40	39390.50
284.47	39378.01
284.54	39363.72
284.60	39343.36
284.67	39318.46
284.74	39269.89
284.81	39216.86
284.87	39166.16
284.94	39096.08
285.01	39029.80
285.07	38962.63
285.14	38886.81
285.21	38820.91
285.27	38772.53
285.34	38749.45
285.41	38745.52
285.47	38753.23
285.54	38758.07
285.61	38764.15
285.68	38756.75
285.74	38752.14
285.81	38746.60
285.88	38735.77
285.94	38737.85
286.01	38746.34
286.08	38742.05
286.14	38743.91
286.21	38742.32
286.28	38738.04
286.34	38709.43
286.41	38668.37
286.48	38601.43
286.55	38531.65
286.61	38437.76
286.68	38355.17
286.75	38272.69
286.81	38207.21
286.88	38149.36
286.95	38095.87
287.01	38075.72
287.08	38066.83
287.15	38071.19
287.21	38072.06
287.28	38087.43
287.35	38079.86
287.41	38077.33
287.48	38066.04
287.55	38058.92
287.61	38057.21
287.68	38047.37
287.75	38034.97
287.81	38023.99
287.88	38013.63
287.95	38005.09
288.01	37992.37
288.08	37985.55
288.15	37963.73
288.21	37933.57
288.28	37890.17
288.35	37862.69
288.41	37830.63
288.48	37787.23
288.55	37737.66
288.61	37670.62
288.68	37592.14
288.75	37515.30
288.81	37462.59
288.88	37424.71
288.95	37412.93
289.01	37429.18
289.08	37446.96
289.15	37472.40
289.21	37507.76
289.28	37533.99
289.35	37555.88
289.41	37562.05
289.48	37568.70
289.55	37560.09
289.61	37550.47
289.68	37530.65
289.75	37520.73
289.81	37489.59
289.88	37455.45
289.95	37413.87
290.01	37361.01
290.08	37313.29
290.15	37263.74
290.21	37228.60
290.28	37207.22
290.35	37179.19
290.41	37147.21
290.48	37119.79
290.55	37067.98
290.61	37005.19
290.68	36958.79
290.74	36941.35
290.81	36937.69
290.88	36951.21
290.94	36985.07
291.01	37009.42
291.08	37028.33
291.14	37051.97
291.21	37078.98
291.28	37093.77
291.34	37122.73
291.41	37129.88
291.48	37130.73
291.54	37128.21
291.61	37120.46
291.68	37093.13
291.74	37049.05
291.81	36999.35
291.87	36961.19
291.94	36902.61
292.01	36856.71
292.07	36815.49
292.14	36761.45
292.21	36685.06
292.27	36636.78
292.34	36590.43
292.41	36562.57
292.47	36540.17
292.54	36537.77
292.60	36540.93
292.67	36553.12
292.74	36554.54
292.80	36588.05
292.87	36612.24
292.94	36643.73
293.00	36671.31
293.07	36710.75
293.13	36735.11
293.20	36768.45
293.27	36787.87
293.33	36792.41
293.40	36789.42
293.47	36766.45
293.53	36729.64
293.60	36681.40
293.66	36612.65
293.73	36536.79
293.80	36460.23
293.86	36386.07
293.93	36316.96
294.00	36271.27
294.06	36242.69
294.13	36232.39
294.19	36224.19
294.26	36215.59
294.33	36208.25
294.39	36189.58
294.46	36169.24
294.52	36154.15
294.59	36166.07
294.66	36188.45
294.72	36220.73
294.79	36262.62
294.86	36309.27
294.92	36350.46
294.99	36390.81
295.05	36432.11
295.12	36463.94
295.19	36493.89
295.25	36510.10
295.32	36516.33
295.38	36507.36
295.45	36500.94
295.52	36474.17
295.58	36423.95
295.65	36374.82
295.71	36323.78
295.78	36235.93
295.85	36147.73
295.91	36077.59
295.98	35993.76
296.04	35887.91
296.11	35829.31
296.18	35790.34
296.24	35777.81
296.31	35781.47
296.37	35837.39
296.44	35901.49
296.51	35959.25
296.57	36011.61
296.64	36078.51
296.70	36134.71
296.77	36155.61
296.84	36182.43
296.90	36206.55
296.97	36213.70
297.03	36227.37
297.10	36265.23
297.17	36295.28
297.23	36319.57
297.30	36339.63
297.36	36337.73
297.43	36320.51
297.50	36309.31
297.56	36275.21
297.63	36233.62
297.69	36171.03
297.76	36072.57
297.82	35965.10
297.89	35859.09
297.96	35760.43
298.02	35685.21
298.09	35647.81
298.15	35621.51
298.22	35616.27
298.29	35620.47
298.35	35624.92
298.42	35647.09
298.48	35668.63
298.55	35700.81
298.61	35747.57
298.68	35803.37
298.75	35849.11
298.81	35898.99
298.88	35938.51
298.94	35970.67
299.01	35996.94
299.08	36018.85
299.14	36046.65
299.21	36060.11
299.27	36064.29
299.34	36066.66
299.40	36076.19
299.47	36065.95
299.54	36055.45
299.60	36040.79
299.67	36005.28
299.73	35942.33
299.80	35843.89
299.86	35713.77
299.93	35558.66
299.99	35437.68
300.06	35321.93
300.13	35249.69
300.19	35233.72
300.26	35241.63
300.32	35264.23
300.39	35310.57
300.45	35363.19
300.52	35416.62
300.59	35492.41
300.65	35551.53
300.72	35605.67
300.78	35654.75
300.85	35702.25
300.91	35716.46
300.98	35723.50
301.04	35734.18
301.11	35738.96
301.18	35736.14
301.24	35746.41
301.31	35756.55
301.37	35751.53
301.44	35742.21
301.50	35730.90
301.57	35703.84
301.63	35671.73
301.70	35626.35
301.77	35557.13
301.83	35468.64
301.90	35370.76
301.96	35245.35
302.03	35120.57
302.09	35021.11
302.16	34935.99
302.22	34892.71
302.29	34865.30
302.36	34870.39
302.42	34875.97
302.49	34900.58
302.55	34926.53
302.62	34958.66
302.68	34982.38
302.75	35023.68
302.81	35048.36
302.88	35060.43
302.94	35075.65
303.01	35092.82
303.07	35088.17
303.14	35092.86
303.21	35084.09
303.27	35085.35
303.34	35078.05
303.40	35075.45
303.47	35053.73
303.53	35029.77
303.60	35003.75
303.66	34962.86
303.73	34921.51
303.79	34876.39
303.86	34826.37
303.92	34761.61
303.99	34684.30
304.05	34566.09
304.12	34445.11
304.19	34345.60
304.25	34244.19
304.32	34168.56
304.38	34125.61
304.45	34107.03
304.51	34093.28
304.58	34091.80
304.64	34105.65
304.71	34135.38
304.77	34149.44
304.84	34152.35
304.90	34159.51
304.97	34150.24
305.03	34134.37
305.10	34119.49
305.16	34116.50
305.23	34106.21
305.29	34097.44
305.36	34069.37
305.42	34053.99
305.49	34024.15
305.56	33987.39
305.62	33946.26
305.69	33914.94
305.75	33866.31
305.82	33789.07
305.88	33682.21
305.95	33546.07
306.01	33405.77
306.08	33253.23
306.14	33121.74
306.21	33012.71
306.27	32933.40
306.34	32856.13
306.40	32804.53
306.47	32774.11
306.53	32774.46
306.60	32785.92
306.66	32809.51
306.73	32831.45
306.79	32837.74
306.86	32828.83
306.92	32810.95
306.99	32799.79
307.05	32781.06
307.12	32770.24
307.18	32756.56
307.25	32741.39
307.31	32713.99
307.38	32690.31
307.44	32652.85
307.51	32618.55
307.57	32573.22
307.64	32527.51
307.70	32479.87
307.77	32430.49
307.83	32376.07
307.90	32325.29
307.96	32279.79
308.03	32210.77
308.09	32146.26
308.16	32079.77
308.22	32017.51
308.29	31935.99
308.35	31874.19
308.42	31803.68
308.48	31722.22
308.55	31628.53
308.61	31551.99
308.68	31485.04
308.74	31424.56
308.81	31387.28
308.87	31357.25
308.94	31347.85
309.00	31320.95
309.07	31303.48
309.13	31270.35
309.20	31257.35
309.26	31209.67
309.33	31152.62
309.39	31100.13
309.45	31061.57
309.52	31002.20
309.58	30957.12
309.65	30920.67
309.71	30869.61
309.78	30818.26
309.84	30761.39
309.91	30700.94
309.97	30645.63
310.04	30599.94
310.10	30537.79
310.17	30493.67
310.23	30437.43
310.30	30383.42
310.36	30329.78
310.43	30271.88
310.49	30195.33
310.56	30128.77
310.62	30053.67
310.69	29973.67
310.75	29901.80
310.81	29842.96
310.88	29786.47
310.94	29749.09
311.01	29702.99
311.07	29666.10
311.14	29625.99
311.20	29583.40
311.27	29537.21
311.33	29502.17
311.40	29456.55
311.46	29425.37
311.53	29390.49
311.59	29356.83
311.66	29323.77
311.72	29279.53
311.78	29225.18
311.85	29179.81
311.91	29133.26
311.98	29080.89
312.04	29044.20
312.11	29016.38
312.17	28982.68
312.24	28938.83
312.30	28885.17
312.37	28823.41
312.43	28757.99
312.50	28698.53
312.56	28633.16
312.62	28566.87
312.69	28515.61
312.75	28449.51
312.82	28355.92
312.88	28280.93
312.95	28225.08
313.01	28149.71
313.08	28089.78
313.14	28050.75
313.20	28005.41
313.27	27949.73
313.33	27905.31
313.40	27864.40
313.46	27820.27
313.53	27774.83
313.59	27731.91
313.66	27698.87
313.72	27655.87
313.78	27615.25
313.85	27573.58
313.91	27538.31
313.98	27498.77
314.04	27457.01
314.11	27423.29
314.17	27387.33
314.24	27335.44
314.30	27283.89
314.36	27225.41
314.43	27166.52
314.49	27101.33
314.56	27049.59
314.62	26990.51
314.69	26937.20
314.75	26879.74
314.81	26829.33
314.88	26783.29
314.94	26737.35
315.01	26694.65
315.07	26649.09
315.14	26602.62
315.20	26554.47
315.27	26506.36
315.33	26461.57
315.39	26415.15
315.46	26369.33
315.52	26315.51
315.59	26270.75
315.65	26219.95
315.72	26168.19
315.78	26123.45
315.84	26082.60
315.91	26046.51
315.97	26016.34
316.04	26011.67
316.10	25988.78
316.16	25955.72
316.23	25883.87
316.29	25779.92
316.36	25633.75
316.42	25459.16
316.49	25262.57
316.55	25054.12
316.61	24846.20
316.68	24623.97
316.74	24411.85
316.81	24189.13
316.87	23971.70
316.93	23745.91
317.00	23525.16
317.06	23306.05
317.13	23093.19
317.19	22876.97
317.26	22661.56
317.32	22454.67
317.38	22240.32
317.45	22022.26
317.51	21818.11
317.58	21615.91
317.64	21398.49
317.70	21187.42
317.77	20986.35
317.83	20775.43
317.90	20556.57
317.96	20349.98
318.02	20141.72
318.09	19938.31
318.15	19728.75
318.22	19528.69
318.28	19316.45
318.34	19107.92
318.41	18886.75
318.47	18664.10
318.54	18454.69
318.60	18243.91
318.66	18041.41
318.73	17838.45
318.79	17651.37
318.86	17451.51
318.92	17263.66
318.98	17075.19
319.05	16882.38
319.11	16693.10
319.18	16500.83
319.24	16308.33
319.30	16098.57
319.37	15910.50
319.43	15719.12
319.50	15527.77
319.56	15331.69
319.62	15146.43
319.69	14958.89
319.75	14770.06
319.82	14581.57
319.88	14395.01
319.94	14209.97
320.01	14022.81
320.07	13829.77
320.13	13649.29
320.20	13466.07
320.26	13285.01
320.33	13099.59
320.39	12921.15
320.45	12734.11
320.52	12555.25
320.58	12374.31
320.65	12197.41
320.71	12015.65
320.77	11840.95
320.84	11663.52
320.90	11490.13
320.96	11308.17
321.03	11127.38
321.09	10940.64
321.16	10755.87
321.22	10560.99
321.28	10383.12
321.35	10212.71
321.41	10042.59
321.47	9871.75
321.54	9714.04
321.60	9541.37
321.67	9367.29
321.73	9201.39
321.79	9033.09
321.86	8858.17
321.92	8685.85
321.98	8500.11
322.05	8307.49
322.11	8116.39
322.18	7922.53
322.24	7733.59
322.30	7556.40
322.37	7384.95
322.43	7208.57
322.49	7041.67
322.56	6866.97
322.62	6696.89
322.68	6520.01
322.75	6352.98
322.81	6171.99
322.88	6000.33
322.94	5825.10
323.00	5653.01
323.07	5479.64
323.13	5319.48
323.19	5155.79
323.26	4997.17
323.32	4835.48
323.38	4675.59
323.45	4449.52
323.51	3808.67
323.57	2922.00
323.64	2001.89
323.70	1114.38
323.76	321.51
323.83	-22.13
323.89	-90.07
323.96	-89.97
