180.25	3516.80
180.33	-133.03
180.40	657.27
180.48	-30.57
180.56	13.75
180.63	50.69
180.71	93.19
180.78	92.05
180.86	93.22
180.93	97.35
181.01	99.21
181.08	98.03
181.16	97.13
181.23	98.59
181.31	99.48
181.39	123.53
181.46	132.36
181.54	143.67
181.61	160.03
181.69	168.60
181.76	161.26
181.84	155.55
181.91	156.62
181.99	158.82
182.06	159.75
182.14	164.45
182.22	169.49
182.29	179.69
182.37	181.75
182.44	193.55
182.52	191.71
182.59	209.54
182.67	217.80
182.74	223.43
182.82	227.43
182.89	238.19
182.97	237.89
183.04	247.95
183.12	258.43
183.20	279.82
183.27	292.65
183.35	324.41
183.42	347.97
183.50	391.57
183.57	417.33
183.65	465.25
183.72	509.05
183.80	566.27
183.87	611.61
183.95	658.74
184.02	707.75
184.10	741.45
184.17	761.02
184.25	763.27
184.32	756.52
184.40	729.08
184.47	681.43
184.55	639.61
184.62	638.37
184.70	670.81
184.78	724.99
184.85	838.73
184.93	971.57
185.00	1097.70
185.08	1224.15
185.15	1349.78
185.23	1475.45
185.30	1594.45
185.38	1706.99
185.45	1814.31
185.53	1934.33
185.60	2041.01
185.68	2159.49
185.75	2249.69
185.83	2320.68
185.90	2357.07
185.98	2328.29
186.05	2237.39
186.13	2119.69
186.20	1963.42
186.28	1827.92
186.35	1780.93
186.43	1828.94
186.50	1966.34
186.58	2181.34
186.65	2414.06
186.73	2640.90
186.80	2834.41
186.88	3004.00
186.95	3170.49
187.03	3318.54
187.10	3444.63
187.18	3595.43
187.25	3732.12
187.33	3871.74
187.40	4046.15
187.48	4221.48
187.55	4399.50
187.63	4569.73
187.70	4675.26
187.78	4722.77
187.85	4720.74
187.93	4597.57
188.00	4381.25
188.08	4135.43
188.15	3918.39
188.23	3798.63
188.30	3824.63
188.38	4002.96
188.45	4293.77
188.53	4608.55
188.60	4903.67
188.68	5164.00
188.75	5410.07
188.83	5670.03
188.90	5906.84
188.98	6144.97
189.05	6397.54
189.13	6619.79
189.20	6817.17
189.28	7024.81
189.35	7206.09
189.43	7363.85
189.50	7502.83
189.58	7553.62
189.65	7516.99
189.73	7414.37
189.80	7213.73
189.87	6936.01
189.95	6618.35
190.02	6235.17
190.10	5820.23
190.17	5496.33
190.25	5320.03
190.32	5317.85
190.40	5485.62
190.47	5784.66
190.55	6124.35
190.62	6446.86
190.70	6718.39
190.77	6992.47
190.85	7280.28
190.92	7550.57
191.00	7809.25
191.07	8061.83
191.15	8258.45
191.22	8417.02
191.29	8544.80
191.37	8645.13
191.44	8759.29
191.52	8904.66
191.59	9030.40
191.67	9127.41
191.74	9183.02
191.82	9177.79
191.89	9149.51
191.97	9137.52
192.04	9121.79
192.12	9084.30
192.19	8988.90
192.27	8813.35
192.34	8617.31
192.41	8498.54
192.49	8482.51
192.56	8602.33
192.64	8826.67
192.71	9072.07
192.79	9253.20
192.86	9360.47
192.94	9358.60
193.01	9314.05
193.09	9288.77
193.16	9345.30
193.23	9484.46
193.31	9693.06
193.38	9970.35
193.46	10221.98
193.53	10415.81
193.61	10575.61
193.68	10713.28
193.76	10796.91
193.83	10864.50
193.91	10916.67
193.98	10944.57
194.05	10961.09
194.13	10937.66
194.20	10881.55
194.28	10802.31
194.35	10705.69
194.43	10577.15
194.50	10418.39
194.58	10239.21
194.65	10100.17
194.72	10077.95
194.80	10209.79
194.87	10494.47
194.95	10895.66
195.02	11308.78
195.10	11644.77
195.17	11912.41
195.25	12118.04
195.32	12284.95
195.39	12424.43
195.47	12539.65
195.54	12601.63
195.62	12594.33
195.69	12461.85
195.77	12189.07
195.84	11816.67
195.91	11418.82
195.99	11130.83
196.06	11029.08
196.14	11140.55
196.21	11423.61
196.29	11804.56
196.36	12188.10
196.43	12520.50
196.51	12784.69
196.58	12976.77
196.66	13105.33
196.73	13175.98
196.81	13201.09
196.88	13189.61
196.95	13141.11
197.03	13027.64
197.10	12814.10
197.18	12518.57
197.25	12197.19
197.33	11896.03
197.40	11648.50
197.47	11512.31
197.55	11518.04
197.62	11629.23
197.70	11858.79
197.77	12193.37
197.84	12589.96
197.92	13003.13
197.99	13424.45
198.07	13801.45
198.14	14125.99
198.22	14399.51
198.29	14611.10
198.36	14770.93
198.44	14890.89
198.51	14924.08
198.59	14830.55
198.66	14612.71
198.73	14263.39
198.81	13813.60
198.88	13317.57
198.96	12881.47
199.03	12643.85
199.10	12662.83
199.18	12875.69
199.25	13277.59
199.33	13809.85
199.40	14321.81
199.48	14713.09
199.55	15027.96
199.62	15278.42
199.70	15506.75
199.77	15712.17
199.85	15926.29
199.92	16093.58
199.99	16183.47
200.07	16124.23
200.14	15884.77
200.22	15401.42
200.29	14721.69
200.36	14036.43
200.44	13485.09
200.51	13169.19
200.59	13143.77
200.66	13376.08
200.73	13729.84
200.81	14101.88
200.88	14460.94
200.95	14844.65
201.03	15246.33
201.10	15644.77
201.18	16023.47
201.25	16371.67
201.32	16638.29
201.40	16852.39
201.47	17006.55
201.55	17074.68
201.62	16984.27
201.69	16723.98
201.77	16351.92
201.84	15941.57
201.92	15487.83
201.99	15043.71
202.06	14760.03
202.14	14695.64
202.21	14817.03
202.28	15154.31
202.36	15685.01
202.43	16294.24
202.51	16846.03
202.58	17296.57
202.65	17646.42
202.73	17960.13
202.80	18258.88
202.87	18544.88
202.95	18809.76
203.02	19025.79
203.10	19114.69
203.17	19064.33
203.24	18813.70
203.32	18269.23
203.39	17450.69
203.46	16602.53
203.54	15914.18
203.61	15532.87
203.69	15538.81
203.76	15934.94
203.83	16511.52
203.91	17067.92
203.98	17557.55
204.05	17979.80
204.13	18339.54
204.20	18643.16
204.28	18892.70
204.35	19044.49
204.42	19131.86
204.50	19186.69
204.57	19232.52
204.64	19267.93
204.72	19258.89
204.79	19088.63
204.86	18714.19
204.94	18231.39
205.01	17712.07
205.09	17197.13
205.16	16845.86
205.23	16762.02
205.31	16928.53
205.38	17291.99
205.45	17854.19
205.53	18549.94
205.60	19280.35
205.67	19933.76
205.75	20477.31
205.82	20907.01
205.89	21246.55
205.97	21535.20
206.04	21805.27
206.12	22070.52
206.19	22320.45
206.26	22497.70
206.34	22548.42
206.41	22382.66
206.48	21940.39
206.56	21161.25
206.63	20178.37
206.70	19199.76
206.78	18487.24
206.85	18184.51
206.92	18374.19
207.00	18958.21
207.07	19729.85
207.14	20501.87
207.22	21188.02
207.29	21782.43
207.36	22301.63
207.44	22764.54
207.51	23166.17
207.58	23534.86
207.66	23849.49
207.73	24110.88
207.80	24289.47
207.88	24365.74
207.95	24277.03
208.02	24027.89
208.10	23491.53
208.17	22676.73
208.25	21756.32
208.32	20935.15
208.39	20312.05
208.47	20042.68
208.54	20144.93
208.61	20508.47
208.69	20992.27
208.76	21524.31
208.83	22108.36
208.90	22722.51
208.98	23339.46
209.05	23907.48
209.12	24426.79
209.20	24877.84
209.27	25278.66
209.34	25618.81
209.42	25927.13
209.49	26169.99
209.56	26314.87
209.64	26360.66
209.71	26220.34
209.78	25807.43
209.86	25174.21
209.93	24437.08
210.00	23625.23
210.08	22892.61
210.15	22467.48
210.22	22411.71
210.30	22642.99
210.37	23128.55
210.44	23791.36
210.52	24482.03
210.59	25098.25
210.66	25629.31
210.74	26094.50
210.81	26492.73
210.88	26872.85
210.96	27230.71
211.03	27572.24
211.10	27892.01
211.17	28176.83
211.25	28353.29
211.32	28405.03
211.39	28293.99
211.47	27950.11
211.54	27293.27
211.61	26401.99
211.69	25544.73
211.76	24914.23
211.83	24617.43
211.91	24758.90
211.98	25236.09
212.05	25822.18
212.12	26347.19
212.20	26795.93
212.27	27168.55
212.34	27486.20
212.42	27770.15
212.49	28043.59
212.56	28313.65
212.64	28592.85
212.71	28917.77
212.78	29250.16
212.85	29549.68
212.93	29766.71
213.00	29890.72
213.07	29889.61
213.15	29670.03
213.22	29247.39
213.29	28748.23
213.37	28233.00
213.44	27765.83
213.51	27515.08
213.58	27519.91
213.66	27720.48
213.73	28042.30
213.80	28456.03
213.88	28876.99
213.95	29218.35
214.02	29455.52
214.09	29645.98
214.17	29810.73
214.24	29990.75
214.31	30197.35
214.39	30426.68
214.46	30630.71
214.53	30761.97
214.60	30817.64
214.68	30875.12
214.75	30949.40
214.82	31005.65
214.90	31000.56
214.97	30814.28
215.04	30374.87
215.11	29812.56
215.19	29323.11
215.26	29075.79
215.33	29161.37
215.41	29615.99
215.48	30247.91
215.55	30865.94
215.62	31345.79
215.70	31728.51
215.77	32024.94
215.84	32298.92
215.91	32556.13
215.99	32820.47
216.06	33066.67
216.13	33269.84
216.21	33405.79
216.28	33522.23
216.35	33625.58
216.42	33701.63
216.50	33735.50
216.57	33738.13
216.64	33606.25
216.71	33291.25
216.79	32865.43
216.86	32459.57
216.93	32131.81
217.01	31999.27
217.08	32107.79
217.15	32410.39
217.22	32794.52
217.30	33200.69
217.37	33585.18
217.44	33936.52
217.51	34241.92
217.59	34511.49
217.66	34736.28
217.73	34931.30
217.80	35091.55
217.88	35225.11
217.95	35344.29
218.02	35455.55
218.09	35565.42
218.17	35696.05
218.24	35824.91
218.31	35915.29
218.38	35941.31
218.46	35866.17
218.53	35610.32
218.60	35215.24
218.67	34798.23
218.75	34466.89
218.82	34295.89
218.89	34366.75
218.96	34657.25
219.04	35047.81
219.11	35449.69
219.18	35799.75
219.25	36091.89
219.33	36332.85
219.40	36551.61
219.47	36770.05
219.54	36968.53
219.62	37146.55
219.69	37316.37
219.76	37494.58
219.83	37642.06
219.91	37792.99
219.98	37943.93
220.05	38051.16
220.12	38098.57
220.20	38083.19
220.27	37978.67
220.34	37743.01
220.41	37421.87
220.49	37094.09
220.56	36859.04
220.63	36762.81
220.70	36859.57
220.78	37107.93
220.85	37405.12
220.92	37664.83
220.99	37888.92
221.06	38069.55
221.14	38234.12
221.21	38400.23
221.28	38586.67
221.35	38774.55
221.43	38959.05
221.50	39126.60
221.57	39293.35
221.64	39441.85
221.72	39578.79
221.79	39693.07
221.86	39782.64
221.93	39844.64
222.00	39879.67
222.08	39878.98
222.15	39802.19
222.22	39695.09
222.29	39582.13
222.37	39506.03
222.44	39466.69
222.51	39504.60
222.58	39588.94
222.65	39696.11
222.73	39803.41
222.80	39910.51
222.87	40046.69
222.94	40190.43
223.02	40340.02
223.09	40477.63
223.16	40614.35
223.23	40752.11
223.30	40906.61
223.38	41062.05
223.45	41218.35
223.52	41366.51
223.59	41499.56
223.66	41586.21
223.74	41634.55
223.81	41652.03
223.88	41665.45
223.95	41666.88
224.03	41656.23
224.10	41641.09
224.17	41641.92
224.24	41639.02
224.31	41650.89
224.39	41710.31
224.46	41802.77
224.53	41903.31
224.60	42021.75
224.67	42130.56
224.75	42241.97
224.82	42361.67
224.89	42495.96
224.96	42634.15
225.03	42765.08
225.11	42876.11
225.18	42984.63
225.25	43080.02
225.32	43150.93
225.39	43219.19
225.47	43263.99
225.54	43278.11
225.61	43237.97
225.68	43160.16
225.75	43057.57
225.83	42972.48
225.90	42901.81
225.97	42868.83
226.04	42882.77
226.11	42976.11
226.19	43122.32
226.26	43323.86
226.33	43559.78
226.40	43789.77
226.47	43968.05
226.54	44112.23
226.62	44199.19
226.69	44278.41
226.76	44386.85
226.83	44533.66
226.90	44690.34
226.98	44837.24
227.05	44978.19
227.12	45089.51
227.19	45160.15
227.26	45216.41
227.34	45294.53
227.41	45353.20
227.48	45404.71
227.55	45440.68
227.62	45462.51
227.69	45489.14
227.77	45540.16
227.84	45619.12
227.91	45717.56
227.98	45830.25
228.05	45920.78
228.12	46013.19
228.20	46105.25
228.27	46202.20
228.34	46294.31
228.41	46415.09
228.48	46523.19
228.56	46623.85
228.63	46728.87
228.70	46823.39
228.77	46908.89
228.84	46999.25
228.91	47092.97
228.99	47187.25
229.06	47310.39
229.13	47423.61
229.20	47523.85
229.27	47613.69
229.34	47682.79
229.42	47732.08
229.49	47786.40
229.56	47846.53
229.63	47898.74
229.70	47949.02
229.77	47990.41
229.85	48037.49
229.92	48090.73
229.99	48147.91
230.06	48226.05
230.13	48325.44
230.20	48424.54
230.27	48530.04
230.35	48649.28
230.42	48767.87
230.49	48875.75
230.56	48978.03
230.63	49075.96
230.70	49147.81
230.78	49207.32
230.85	49269.31
230.92	49339.59
230.99	49413.61
231.06	49514.97
231.13	49637.49
231.20	49761.83
231.28	49884.47
231.35	50001.65
231.42	50098.68
231.49	50190.60
231.56	50273.75
231.63	50344.08
231.71	50412.78
231.78	50480.54
231.85	50533.75
231.92	50591.17
231.99	50653.71
232.06	50730.61
232.13	50827.43
232.21	50927.05
232.28	51026.87
232.35	51122.65
232.42	51199.01
232.49	51281.37
232.56	51387.94
232.63	51482.12
232.71	51586.66
232.78	51696.17
232.85	51791.88
232.92	51857.68
232.99	51940.02
233.06	52004.42
233.13	52065.64
233.20	52113.85
233.28	52169.87
233.35	52209.43
233.42	52271.47
233.49	52346.58
233.56	52442.67
233.63	52536.53
233.70	52641.64
233.78	52749.44
233.85	52859.35
233.92	52948.44
233.99	53033.23
234.06	53127.61
234.13	53211.27
234.20	53285.99
234.27	53367.49
234.35	53437.55
234.42	53492.95
234.49	53551.24
234.56	53598.05
234.63	53640.95
234.70	53697.56
234.77	53749.28
234.84	53795.47
234.92	53851.61
234.99	53924.75
235.06	53998.87
235.13	54082.48
235.20	54179.49
235.27	54260.65
235.34	54335.59
235.41	54423.42
235.48	54513.13
235.56	54581.31
235.63	54662.21
235.70	54723.59
235.77	54760.41
235.84	54782.33
235.91	54806.01
235.98	54821.29
236.05	54859.67
236.12	54908.88
236.20	54953.35
236.27	55006.01
236.34	55063.51
236.41	55109.42
236.48	55153.05
236.55	55207.89
236.62	55257.07
236.69	55316.07
236.76	55391.72
236.84	55456.20
236.91	55527.05
236.98	55597.17
237.05	55654.07
237.12	55690.55
237.19	55737.67
237.26	55793.43
237.33	55837.62
237.40	55873.23
237.47	55911.47
237.55	55962.08
237.62	56008.47
237.69	56076.92
237.76	56161.27
237.83	56246.35
237.90	56316.93
237.97	56361.54
238.04	56398.13
238.11	56438.01
238.18	56484.81
238.26	56513.03
238.33	56551.92
238.40	56589.32
238.47	56622.60
238.54	56638.63
238.61	56666.03
238.68	56690.75
238.75	56714.31
238.82	56747.64
238.89	56794.01
238.96	56855.43
239.04	56922.85
239.11	56988.65
239.18	57030.15
239.25	57048.37
239.32	57063.39
239.39	57062.13
239.46	57048.58
239.53	57047.16
239.60	57051.22
239.67	57053.67
239.74	57070.77
239.81	57099.19
239.89	57126.95
239.96	57167.62
240.03	57204.90
240.10	57240.76
240.17	57270.15
240.24	57300.20
240.31	57318.60
240.38	57351.83
240.45	57408.37
240.52	57478.17
240.59	57545.75
240.66	57621.26
240.73	57671.86
240.80	57699.31
240.88	57717.66
240.95	57740.47
241.02	57758.23
241.09	57772.57
241.16	57786.77
241.23	57800.71
241.30	57787.22
241.37	57748.67
241.44	57737.37
241.51	57739.73
241.58	57750.99
241.65	57782.22
241.72	57845.71
241.79	57886.85
241.86	57899.87
241.94	57900.61
242.01	57888.38
242.08	57870.41
242.15	57874.05
242.22	57880.09
242.29	57885.09
242.36	57893.39
242.43	57888.99
242.50	57878.02
242.57	57866.21
242.64	57857.95
242.71	57856.56
242.78	57873.48
242.85	57872.20
242.92	57880.51
242.99	57892.03
243.06	57904.92
243.14	57912.16
243.21	57934.77
243.28	57948.55
243.35	57974.40
243.42	58002.77
243.49	58032.75
243.56	58043.65
243.63	58069.50
243.70	58079.63
243.77	58076.81
243.84	58063.43
243.91	58051.16
243.98	58025.63
244.05	57984.49
244.12	57954.62
244.19	57931.72
244.26	57914.21
244.33	57896.97
244.40	57903.23
244.47	57895.26
244.54	57880.53
244.62	57846.24
244.69	57825.47
244.76	57799.13
244.83	57793.91
244.90	57796.52
244.97	57827.27
245.04	57843.38
245.11	57854.87
245.18	57847.92
245.25	57851.73
245.32	57864.42
245.39	57884.64
245.46	57902.07
245.53	57913.09
245.60	57897.49
245.67	57885.78
245.74	57864.92
245.81	57846.46
245.88	57830.77
245.95	57836.04
246.02	57811.83
246.09	57771.54
246.16	57724.14
246.23	57675.72
246.30	57635.31
246.37	57618.65
246.44	57636.10
246.51	57661.05
246.58	57703.55
246.65	57732.01
246.72	57751.63
246.79	57761.83
246.87	57757.97
246.94	57740.59
247.01	57719.57
247.08	57673.40
247.15	57614.28
247.22	57550.19
247.29	57488.03
247.36	57437.37
247.43	57408.69
247.50	57397.55
247.57	57401.62
247.64	57424.16
247.71	57445.80
247.78	57460.54
247.85	57478.45
247.92	57500.34
247.99	57499.43
248.06	57483.05
248.13	57465.89
248.20	57441.39
248.27	57402.83
248.34	57387.47
248.41	57377.59
248.48	57380.94
248.55	57380.65
248.62	57404.54
248.69	57411.85
248.76	57405.21
248.83	57385.88
248.90	57364.31
248.97	57317.72
249.04	57257.51
249.11	57222.13
249.18	57183.07
249.25	57141.45
249.32	57096.49
249.39	57056.04
249.46	57001.42
249.53	56957.04
249.60	56910.88
249.67	56877.82
249.74	56869.47
249.81	56873.09
249.88	56893.97
249.95	56926.59
250.02	56969.69
250.09	56990.08
250.16	56992.95
250.23	56974.34
250.30	56952.84
250.37	56921.23
250.44	56918.37
250.51	56921.56
250.58	56928.37
250.65	56932.13
250.72	56914.31
250.79	56862.15
250.86	56812.90
250.93	56759.14
251.00	56707.25
251.07	56683.68
251.14	56671.69
251.21	56660.55
251.28	56641.21
251.35	56614.23
251.42	56589.58
251.49	56572.47
251.56	56547.98
251.63	56533.05
251.70	56533.51
251.77	56509.25
251.84	56469.70
251.91	56427.71
251.98	56369.84
252.05	56303.65
252.12	56256.05
252.18	56220.07
252.25	56194.55
252.32	56197.43
252.39	56200.26
252.46	56196.58
252.53	56187.10
252.60	56171.53
252.67	56146.07
252.74	56117.61
252.81	56088.67
252.88	56070.42
252.95	56038.15
253.02	56003.76
253.09	55976.80
253.16	55962.07
253.23	55930.77
253.30	55925.41
253.37	55914.31
253.44	55901.37
253.51	55866.08
253.58	55839.40
253.65	55820.86
253.72	55819.18
253.79	55804.46
253.86	55811.67
253.93	55800.78
254.00	55778.17
254.07	55742.11
254.14	55706.22
254.21	55659.09
254.28	55633.69
254.35	55607.52
254.41	55580.69
254.48	55550.60
254.55	55533.26
254.62	55504.17
254.69	55449.17
254.76	55405.48
254.83	55373.35
254.90	55340.61
254.97	55311.39
255.04	55316.75
255.11	55301.99
255.18	55266.86
255.25	55210.71
255.32	55164.49
255.39	55111.37
255.46	55073.84
255.53	55057.60
255.60	55050.07
255.67	55038.67
255.74	55032.48
255.81	55022.25
255.87	55021.19
255.94	55005.08
256.01	54992.89
256.08	54964.69
256.15	54943.28
256.22	54903.13
256.29	54879.06
256.36	54840.15
256.43	54815.07
256.50	54795.51
256.57	54777.02
256.64	54750.66
256.71	54736.64
256.78	54714.85
256.85	54676.93
256.92	54648.03
256.99	54646.08
257.05	54627.71
257.12	54607.35
257.19	54567.90
257.26	54520.59
257.33	54440.01
257.40	54371.70
257.47	54301.17
257.54	54281.53
257.61	54262.89
257.68	54264.53
257.75	54271.16
257.82	54283.12
257.89	54263.57
257.96	54244.96
258.03	54201.67
258.09	54148.63
258.16	54079.64
258.23	54000.34
258.30	53928.39
258.37	53883.91
258.44	53852.64
258.51	53832.12
258.58	53831.49
258.65	53829.06
258.72	53816.62
258.79	53783.01
258.86	53749.99
258.93	53720.13
258.99	53686.53
259.06	53647.85
259.13	53603.31
259.20	53565.47
259.27	53521.53
259.34	53484.39
259.41	53466.77
259.48	53467.53
259.55	53461.44
259.62	53450.31
259.69	53418.55
259.76	53359.73
259.82	53303.09
259.89	53258.31
259.96	53223.06
260.03	53187.68
260.10	53162.12
260.17	53122.85
260.24	53071.18
260.31	53012.28
260.38	52972.68
260.45	52948.97
260.52	52933.57
260.59	52903.21
260.65	52873.94
260.72	52842.07
260.79	52802.13
260.86	52764.35
260.93	52735.32
261.00	52693.91
261.07	52644.79
261.14	52574.67
261.21	52500.79
261.28	52434.11
261.34	52367.46
261.41	52298.08
261.48	52259.01
261.55	52231.38
261.62	52203.73
261.69	52174.64
261.76	52149.06
261.83	52119.60
261.90	52076.03
261.97	52019.07
262.03	51982.98
262.10	51951.11
262.17	51912.19
262.24	51896.29
262.31	51893.52
262.38	51879.43
262.45	51856.52
262.52	51831.35
262.59	51773.71
262.65	51729.48
262.72	51672.23
262.79	51625.54
262.86	51580.27
262.93	51549.83
263.00	51509.71
263.07	51470.96
263.14	51430.32
263.21	51400.95
263.27	51366.90
263.34	51344.31
263.41	51325.06
263.48	51279.66
263.55	51216.36
263.62	51143.53
263.69	51062.10
263.76	50988.43
263.82	50945.49
263.89	50911.94
263.96	50901.61
264.03	50876.03
264.10	50849.60
264.17	50796.99
264.24	50732.43
264.31	50668.47
264.38	50609.05
264.44	50543.27
264.51	50486.45
264.58	50444.79
264.65	50393.62
264.72	50332.59
264.79	50286.29
264.86	50274.57
264.92	50243.63
264.99	50214.29
265.06	50197.03
265.13	50162.74
265.20	50118.01
265.27	50079.76
265.34	50032.30
265.41	49994.67
265.47	49971.80
265.54	49925.20
265.61	49906.07
265.68	49892.55
265.75	49857.87
265.82	49809.30
265.89	49756.47
265.95	49683.49
266.02	49604.02
266.09	49556.04
266.16	49509.04
266.23	49471.21
266.30	49424.27
266.37	49373.15
266.44	49292.34
266.50	49224.82
266.57	49169.66
266.64	49114.29
266.71	49059.99
266.78	49005.60
266.85	48939.20
266.91	48883.43
266.98	48827.50
267.05	48777.58
267.12	48750.45
267.19	48738.24
267.26	48712.16
267.33	48695.35
267.39	48676.87
267.46	48647.06
267.53	48603.95
267.60	48568.61
267.67	48521.31
267.74	48478.68
267.81	48432.65
267.87	48393.24
267.94	48356.79
268.01	48324.41
268.08	48279.27
268.15	48232.34
268.22	48176.91
268.28	48099.69
268.35	48021.21
268.42	47953.83
268.49	47891.24
268.56	47832.67
268.63	47786.22
268.69	47744.11
268.76	47709.67
268.83	47677.70
268.90	47661.85
268.97	47642.19
269.04	47638.33
269.11	47620.07
269.17	47594.67
269.24	47555.25
269.31	47522.25
269.38	47485.17
269.45	47452.33
269.52	47420.26
269.58	47399.94
269.65	47355.11
269.72	47301.54
269.79	47254.38
269.86	47223.82
269.92	47162.49
269.99	47132.85
270.06	47085.31
270.13	47036.97
270.20	46969.49
270.27	46940.15
270.33	46908.10
270.40	46874.94
270.47	46842.67
270.54	46824.05
270.61	46794.59
270.68	46761.54
270.74	46753.29
270.81	46744.38
270.88	46720.15
270.95	46691.64
271.02	46640.31
271.08	46576.13
271.15	46511.60
271.22	46459.12
271.29	46409.02
271.36	46355.23
271.43	46317.67
271.49	46284.99
271.56	46261.21
271.63	46227.83
271.70	46215.18
271.77	46204.56
271.83	46178.20
271.90	46127.41
271.97	46086.09
272.04	46037.78
272.11	45989.51
272.17	45965.07
272.24	45945.69
272.31	45916.77
272.38	45902.97
272.45	45868.65
272.52	45823.35
272.58	45804.49
272.65	45797.79
272.72	45774.93
272.79	45748.97
272.86	45729.00
272.92	45682.99
272.99	45636.47
273.06	45592.55
273.13	45544.72
273.20	45493.71
273.26	45446.27
273.33	45401.20
273.40	45351.31
273.47	45327.87
273.54	45303.42
273.60	45281.73
273.67	45251.40
273.74	45247.79
273.81	45232.37
273.88	45232.51
273.94	45244.45
274.01	45258.95
274.08	45253.73
274.15	45255.75
274.21	45229.24
274.28	45183.20
274.35	45118.27
274.42	45046.51
274.49	44968.09
274.55	44897.13
274.62	44856.19
274.69	44810.38
274.76	44774.59
274.83	44743.36
274.89	44727.91
274.96	44684.97
275.03	44651.29
275.10	44621.13
275.17	44593.82
275.23	44546.76
275.30	44509.41
275.37	44492.03
275.44	44474.27
275.50	44456.13
275.57	44440.17
275.64	44403.63
275.71	44346.69
275.78	44303.51
275.84	44270.65
275.91	44234.21
275.98	44211.82
276.05	44200.26
276.11	44170.61
276.18	44131.40
276.25	44073.97
276.32	44015.77
276.39	43955.19
276.45	43889.57
276.52	43819.53
276.59	43779.38
276.66	43747.58
276.72	43730.76
276.79	43723.12
276.86	43707.65
276.93	43688.25
276.99	43658.56
277.06	43613.51
277.13	43585.47
277.20	43554.65
277.26	43524.48
277.33	43517.46
277.40	43509.31
277.47	43479.15
277.54	43449.21
277.60	43416.91
277.67	43356.05
277.74	43281.05
277.81	43199.69
277.87	43138.26
277.94	43078.65
278.01	43040.96
278.08	43016.15
278.14	43004.85
278.21	42990.97
278.28	42991.79
278.35	42989.01
278.41	42994.69
278.48	42997.83
278.55	42987.75
278.62	42964.26
278.68	42923.40
278.75	42855.25
278.82	42791.23
278.89	42718.75
278.95	42647.71
279.02	42589.39
279.09	42577.97
279.16	42564.25
279.22	42573.82
279.29	42576.59
279.36	42578.81
279.43	42542.17
279.49	42477.27
279.56	42384.07
279.63	42276.65
279.70	42165.36
279.76	42080.11
279.83	42026.89
279.90	42002.81
279.97	41993.53
280.03	41996.03
280.10	41988.80
280.17	41976.25
280.24	41954.67
280.30	41934.49
280.37	41903.88
280.44	41877.25
280.51	41855.72
280.57	41828.77
280.64	41802.83
280.71	41765.53
280.77	41713.09
280.84	41639.06
280.91	41561.17
280.98	41466.71
281.04	41379.29
281.11	41302.72
281.18	41226.26
281.25	41135.97
281.31	41061.05
281.38	40975.33
281.45	40891.45
281.52	40827.91
281.58	40771.39
281.65	40721.27
281.72	40673.19
281.78	40638.48
281.85	40605.01
281.92	40582.10
281.99	40551.35
282.05	40552.37
282.12	40538.07
282.19	40523.37
282.26	40522.53
282.32	40523.05
282.39	40514.25
282.46	40495.23
282.52	40473.55
282.59	40448.29
282.66	40428.20
282.73	40401.81
282.79	40382.57
282.86	40342.77
282.93	40278.45
282.99	40201.86
283.06	40109.67
283.13	40000.43
283.20	39887.39
283.26	39782.04
283.33	39691.14
283.40	39610.96
283.46	39571.47
283.53	39550.79
283.60	39536.29
283.67	39524.15
283.73	39542.65
283.80	39531.23
283.87	39534.33
283.93	39555.29
284.00	39560.02
284.07	39539.97
284.13	39524.05
284.20	39498.24
284.27	39457.03
284.34	39426.47
284.40	39396.13
284.47	39379.18
284.54	39359.25
284.60	39341.18
284.67	39305.91
284.74	39274.52
284.81	39229.34
284.87	39175.69
284.94	39108.87
285.01	39041.38
285.07	38960.41
285.14	38884.99
285.21	38828.64
285.27	38776.19
285.34	38751.05
285.41	38742.27
285.47	38744.35
285.54	38741.35
285.61	38746.43
285.68	38758.43
285.74	38755.82
285.81	38753.42
285.88	38744.02
285.94	38744.44
286.01	38739.56
286.08	38737.70
286.14	38734.31
286.21	38739.29
286.28	38742.13
286.34	38720.65
286.41	38676.91
286.48	38603.28
286.55	38522.15
286.61	38427.54
286.68	38339.38
286.75	38270.97
286.81	38219.37
286.88	38166.91
286.95	38117.75
287.01	38095.27
287.08	38083.78
287.15	38076.53
287.21	38078.69
287.28	38095.97
287.35	38097.96
287.41	38097.41
287.48	38098.79
287.55	38099.65
287.61	38087.99
287.68	38064.99
287.75	38038.39
287.81	38015.41
287.88	37995.97
287.95	37993.11
288.01	37987.75
288.08	37981.43
288.15	37956.97
288.21	37930.93
288.28	37890.29
288.35	37856.63
288.41	37825.30
288.48	37793.23
288.55	37735.61
288.61	37671.01
288.68	37602.61
288.75	37530.69
288.81	37473.89
288.88	37440.93
288.95	37425.58
289.01	37424.21
289.08	37438.68
289.15	37466.33
289.21	37499.01
289.28	37520.97
289.35	37546.16
289.41	37555.40
289.48	37567.15
289.55	37559.85
289.61	37549.53
289.68	37532.27
289.75	37520.13
289.81	37482.39
289.88	37446.99
289.95	37411.22
290.01	37360.37
290.08	37300.28
290.15	37252.33
290.21	37216.19
290.28	37187.31
290.35	37165.51
290.41	37153.77
290.48	37127.62
290.55	37074.37
290.61	37012.10
290.68	36962.75
290.74	36929.75
290.81	36919.23
290.88	36941.97
290.94	36983.56
291.01	37018.91
291.08	37047.75
291.14	37072.68
291.21	37098.07
291.28	37112.09
291.34	37129.02
291.41	37134.77
291.48	37138.35
291.54	37120.60
291.61	37095.17
291.68	37066.87
291.74	37023.66
291.81	36973.30
291.87	36949.89
291.94	36908.40
292.01	36858.07
292.07	36808.87
292.14	36750.91
292.21	36682.07
292.27	36633.61
292.34	36589.36
292.41	36562.95
292.47	36540.20
292.54	36521.80
292.60	36525.59
292.67	36546.46
292.74	36564.10
292.80	36601.05
292.87	36641.53
292.94	36662.50
293.00	36681.03
293.07	36703.60
293.13	36731.14
293.20	36752.17
293.27	36785.13
293.33	36796.67
293.40	36797.56
293.47	36789.31
293.53	36757.93
293.60	36703.59
293.66	36635.57
293.73	36563.61
293.80	36466.12
293.86	36389.42
293.93	36324.17
294.00	36277.13
294.06	36241.93
294.13	36233.32
294.19	36220.19
294.26	36206.51
294.33	36204.08
294.39	36194.00
294.46	36185.87
294.52	36174.97
294.59	36180.78
294.66	36195.91
294.72	36224.06
294.79	36258.65
294.86	36304.77
294.92	36342.57
294.99	36384.49
295.05	36425.46
295.12	36454.23
295.19	36488.63
295.25	36508.04
295.32	36513.98
295.38	36507.93
295.45	36507.49
295.52	36484.58
295.58	36440.22
295.65	36387.29
295.71	36333.22
295.78	36240.59
295.85	36145.57
295.91	36072.93
295.98	35990.52
296.04	35898.33
296.11	35847.35
296.18	35811.05
296.24	35800.18
296.31	35804.62
296.37	35835.17
296.44	35890.41
296.51	35951.19
296.57	36009.95
296.64	36072.42
296.70	36143.50
296.77	36171.93
296.84	36198.04
296.90	36221.82
296.97	36242.41
297.03	36254.07
297.10	36276.66
297.17	36303.41
297.23	36324.89
297.30	36341.62
297.36	36340.91
297.43	36336.01
297.50	36313.08
297.56	36281.66
297.63	36242.51
297.69	36181.72
297.76	36091.53
297.82	35984.69
297.89	35873.33
297.96	35767.38
298.02	35688.28
298.09	35632.07
298.15	35608.66
298.22	35605.70
298.29	35610.71
298.35	35624.12
298.42	35650.85
298.48	35682.03
298.55	35707.47
298.61	35745.28
298.68	35790.39
298.75	35840.59
298.81	35884.89
298.88	35937.36
298.94	35977.15
299.01	36010.41
299.08	36035.88
299.14	36058.49
299.21	36069.95
299.27	36077.15
299.34	36072.62
299.40	36074.76
299.47	36059.84
299.54	36043.61
299.60	36025.87
299.67	36000.88
299.73	35941.00
299.80	35850.46
299.86	35724.67
299.93	35576.11
299.99	35441.53
300.06	35328.93
300.13	35258.14
300.19	35227.69
300.26	35232.22
300.32	35263.99
300.39	35299.48
300.45	35353.42
300.52	35422.67
300.59	35501.94
300.65	35555.39
300.72	35617.23
300.78	35660.81
300.85	35694.23
300.91	35701.45
300.98	35714.07
301.04	35720.86
301.11	35741.25
301.18	35743.09
301.24	35752.77
301.31	35753.01
301.37	35753.87
301.44	35730.27
301.50	35716.14
301.57	35690.31
301.63	35659.61
301.70	35604.53
301.77	35539.27
301.83	35447.17
301.90	35340.90
301.96	35221.02
302.03	35100.36
302.09	35007.75
302.16	34937.08
302.22	34894.12
302.29	34871.19
302.36	34878.43
302.42	34884.27
302.49	34904.63
302.55	34936.89
302.62	34974.66
302.68	35004.35
302.75	35039.01
302.81	35063.44
302.88	35078.71
302.94	35085.13
303.01	35104.39
303.07	35106.49
303.14	35110.08
303.21	35107.04
303.27	35105.55
303.34	35097.53
303.40	35082.44
303.47	35056.03
303.53	35030.33
303.60	35007.48
303.66	34966.56
303.73	34936.31
303.79	34905.80
303.86	34853.83
303.92	34778.95
303.99	34693.63
304.05	34572.27
304.12	34446.56
304.19	34334.25
304.25	34237.69
304.32	34159.47
304.38	34121.68
304.45	34097.03
304.51	34094.36
304.58	34102.23
304.64	34118.11
304.71	34142.42
304.77	34153.18
304.84	34150.34
304.90	34154.38
304.97	34151.53
305.03	34128.95
305.10	34129.04
305.16	34129.96
305.23	34122.65
305.29	34109.21
305.36	34091.61
305.42	34065.45
305.49	34033.92
305.56	33995.67
305.62	33957.91
305.69	33924.00
305.75	33877.18
305.82	33802.08
305.88	33689.36
305.95	33549.25
306.01	33403.17
306.08	33250.45
306.14	33118.31
306.21	33018.95
306.27	32942.55
306.34	32868.29
306.40	32801.65
306.47	32762.17
306.53	32756.95
306.60	32765.79
306.66	32798.51
306.73	32832.74
306.79	32845.31
306.86	32840.88
306.92	32820.24
306.99	32798.61
307.05	32779.52
307.12	32771.38
307.18	32747.08
307.25	32731.03
307.31	32699.07
307.38	32665.97
307.44	32627.33
307.51	32597.85
307.57	32552.41
307.64	32511.85
307.70	32471.11
307.77	32419.93
307.83	32376.06
307.90	32331.66
307.96	32281.84
308.03	32228.63
308.09	32170.17
308.16	32102.11
308.22	32037.43
308.29	31963.06
308.35	31889.48
308.42	31819.43
308.48	31722.09
308.55	31629.83
308.61	31553.56
308.68	31477.94
308.74	31410.30
308.81	31375.55
308.87	31351.93
308.94	31337.77
309.00	31321.62
309.07	31307.95
309.13	31279.78
309.20	31256.02
309.26	31216.03
309.33	31167.39
309.39	31116.83
309.45	31077.95
309.52	31023.93
309.58	30976.03
309.65	30928.37
309.71	30877.98
309.78	30828.11
309.84	30774.49
309.91	30704.34
309.97	30641.03
310.04	30594.35
310.10	30521.57
310.17	30467.39
310.23	30419.35
310.30	30374.83
310.36	30310.23
310.43	30258.05
310.49	30187.46
310.56	30126.61
310.62	30051.99
310.69	29976.78
310.75	29904.15
310.81	29841.37
310.88	29779.97
310.94	29736.19
311.01	29700.15
311.07	29667.32
311.14	29634.75
311.20	29592.77
311.27	29550.34
311.33	29513.23
311.40	29472.11
311.46	29438.87
311.53	29405.40
311.59	29368.45
311.66	29340.51
311.72	29298.83
311.78	29246.04
311.85	29203.34
311.91	29157.25
311.98	29091.28
312.04	29045.85
312.11	28996.40
312.17	28954.29
312.24	28912.47
312.30	28865.29
312.37	28804.51
312.43	28753.74
312.50	28685.99
312.56	28625.41
312.62	28564.21
312.69	28506.51
312.75	28439.45
312.82	28365.42
312.88	28288.39
312.95	28229.25
313.01	28162.21
313.08	28105.81
313.14	28065.51
313.20	28021.92
313.27	27968.30
313.33	27919.23
313.40	27877.99
313.46	27829.99
313.53	27783.15
313.59	27736.03
313.66	27708.58
313.72	27668.63
313.78	27623.91
313.85	27587.98
313.91	27552.59
313.98	27512.73
314.04	27461.13
314.11	27428.95
314.17	27384.21
314.24	27329.47
314.30	27271.98
314.36	27222.13
314.43	27169.23
314.49	27114.80
314.56	27067.82
314.62	27009.93
314.69	26963.39
314.75	26903.58
314.81	26839.23
314.88	26789.80
314.94	26749.31
315.01	26702.30
315.07	26649.34
315.14	26614.65
315.20	26562.11
315.27	26509.71
315.33	26464.16
315.39	26415.91
315.46	26367.07
315.52	26309.32
315.59	26262.68
315.65	26209.22
315.72	26166.55
315.78	26120.19
315.84	26090.17
315.91	26057.21
315.97	26034.47
316.04	26023.01
316.10	25997.80
316.16	25969.37
316.23	25900.07
316.29	25797.09
316.36	25648.13
316.42	25483.07
316.49	25281.58
316.55	25065.91
316.61	24857.55
316.68	24640.15
316.74	24414.70
316.81	24187.75
316.87	23971.93
316.93	23741.66
317.00	23526.41
317.06	23310.42
317.13	23096.17
317.19	22881.11
317.26	22657.90
317.32	22438.97
317.38	22224.36
317.45	22010.37
317.51	21802.51
317.58	21603.44
317.64	21396.57
317.70	21191.37
317.77	20989.79
317.83	20786.97
317.90	20574.07
317.96	20363.95
318.02	20155.79
318.09	19958.62
318.15	19750.23
318.22	19536.73
318.28	19327.53
318.34	19112.13
318.41	18881.95
318.47	18661.57
318.54	18454.46
318.60	18243.96
318.66	18038.43
318.73	17836.28
318.79	17639.93
318.86	17443.13
318.92	17249.77
318.98	17063.49
319.05	16874.26
319.11	16681.39
319.18	16491.29
319.24	16295.92
319.30	16083.69
319.37	15894.19
319.43	15706.66
319.50	15512.55
319.56	15319.71
319.62	15139.99
319.69	14942.08
319.75	14757.29
319.82	14577.77
319.88	14394.05
319.94	14211.86
320.01	14037.74
320.07	13845.23
320.13	13658.78
320.20	13475.65
320.26	13290.13
320.33	13106.06
320.39	12923.67
320.45	12739.35
320.52	12560.05
320.58	12385.99
320.65	12204.21
320.71	12023.19
320.77	11850.62
320.84	11673.27
320.90	11497.05
320.96	11316.82
321.03	11131.23
321.09	10940.97
321.16	10758.77
321.22	10561.69
321.28	10385.72
321.35	10223.61
321.41	10045.56
321.47	9872.59
321.54	9713.35
321.60	9537.65
321.67	9360.59
321.73	9196.97
321.79	9024.55
321.86	8851.76
321.92	8675.77
321.98	8491.79
322.05	8306.47
322.11	8114.43
322.18	7922.77
322.24	7738.59
322.30	7563.06
322.37	7391.52
322.43	7218.10
322.49	7049.82
322.56	6872.14
322.62	6698.10
322.68	6518.55
322.75	6353.03
322.81	6171.85
322.88	5999.97
322.94	5827.45
323.00	5656.03
323.07	5482.09
323.13	5321.36
323.19	5158.05
323.26	4994.05
323.32	4835.75
323.38	4675.70
323.45	4449.24
323.51	3811.20
323.57	2929.09
323.64	2005.22
323.70	1116.55
323.76	322.73
323.83	-21.67
323.89	-90.27
323.96	-90.60
