180.25	3515.97
180.33	-133.32
180.40	656.59
180.48	-30.93
180.56	13.05
180.63	49.70
180.71	91.96
180.78	91.28
180.86	92.13
180.93	96.79
181.01	98.46
181.08	97.08
181.16	95.99
181.23	97.31
181.31	97.46
181.39	121.94
181.46	131.61
181.54	142.15
181.61	158.82
181.69	167.92
181.76	161.03
181.84	154.76
181.91	157.42
181.99	158.93
182.06	159.28
182.14	163.92
182.22	168.73
182.29	178.78
182.37	181.56
182.44	194.20
182.52	192.09
182.59	210.91
182.67	218.88
182.74	225.75
182.82	229.48
182.89	240.04
182.97	239.12
183.04	248.27
183.12	256.94
183.20	278.68
183.27	290.97
183.35	321.98
183.42	345.84
183.50	389.69
183.57	414.38
183.65	462.38
183.72	506.74
183.80	564.26
183.87	610.64
183.95	659.52
184.02	710.59
184.10	744.49
184.17	763.52
184.25	764.60
184.32	756.73
184.40	727.27
184.47	678.83
184.55	637.60
184.62	637.18
184.70	669.42
184.78	723.80
184.85	837.52
184.93	969.91
185.00	1094.61
185.08	1220.76
185.15	1347.07
185.23	1474.20
185.30	1592.74
185.38	1705.20
185.45	1812.81
185.53	1932.29
185.60	2036.34
185.68	2159.82
185.75	2254.16
185.83	2326.34
185.90	2359.75
185.98	2329.24
186.05	2234.21
186.13	2114.53
186.20	1958.80
186.28	1828.74
186.35	1784.75
186.43	1830.10
186.50	1966.17
186.58	2178.98
186.65	2408.22
186.73	2638.56
186.80	2833.70
186.88	3005.00
186.95	3173.21
187.03	3323.47
187.10	3450.20
187.18	3601.09
187.25	3739.93
187.33	3880.66
187.40	4054.12
187.48	4228.78
187.55	4408.18
187.63	4574.53
187.70	4676.32
187.78	4724.14
187.85	4718.84
187.93	4594.36
188.00	4377.72
188.08	4135.90
188.15	3919.28
188.23	3801.60
188.30	3828.58
188.38	4008.44
188.45	4293.99
188.53	4608.57
188.60	4898.95
188.68	5161.51
188.75	5398.14
188.83	5660.58
188.90	5899.35
188.98	6138.96
189.05	6391.65
189.13	6625.32
189.20	6823.58
189.28	7027.08
189.35	7212.09
189.43	7371.08
189.50	7506.23
189.58	7561.73
189.65	7532.16
189.73	7424.90
189.80	7222.08
189.87	6943.38
189.95	6623.35
190.02	6236.42
190.10	5824.06
190.17	5494.69
190.25	5322.72
190.32	5314.02
190.40	5480.72
190.47	5782.86
190.55	6127.30
190.62	6447.04
190.70	6727.90
190.77	7006.18
190.85	7291.91
190.92	7563.56
191.00	7823.41
191.07	8067.40
191.15	8253.92
191.22	8413.66
191.29	8538.98
191.37	8638.32
191.44	8759.00
191.52	8909.59
191.59	9032.31
191.67	9126.79
191.74	9183.53
191.82	9177.10
191.89	9149.58
191.97	9134.34
192.04	9123.78
192.12	9081.08
192.19	8979.90
192.27	8801.42
192.34	8607.00
192.41	8481.61
192.49	8472.53
192.56	8589.92
192.64	8811.60
192.71	9056.12
192.79	9240.98
192.86	9346.77
192.94	9344.28
193.01	9307.63
193.09	9292.24
193.16	9349.58
193.23	9481.96
193.31	9695.97
193.38	9968.55
193.46	10206.48
193.53	10402.66
193.61	10565.56
193.68	10705.10
193.76	10790.87
193.83	10865.32
193.91	10916.44
193.98	10951.06
194.05	10963.20
194.13	10944.33
194.20	10889.43
194.28	10804.30
194.35	10702.36
194.43	10579.97
194.50	10417.64
194.58	10238.35
194.65	10104.82
194.72	10088.36
194.80	10212.22
194.87	10492.13
194.95	10888.04
195.02	11302.37
195.10	11635.60
195.17	11907.01
195.25	12118.53
195.32	12285.93
195.39	12421.56
195.47	12537.22
195.54	12610.24
195.62	12601.62
195.69	12471.93
195.77	12200.47
195.84	11825.05
195.91	11415.08
195.99	11127.66
196.06	11027.62
196.14	11138.96
196.21	11421.82
196.29	11807.98
196.36	12189.26
196.43	12516.67
196.51	12783.08
196.58	12980.89
196.66	13105.40
196.73	13177.59
196.81	13210.18
196.88	13195.32
196.95	13142.64
197.03	13028.60
197.10	12812.82
197.18	12517.10
197.25	12193.75
197.33	11891.87
197.40	11649.95
197.47	11511.36
197.55	11514.81
197.62	11633.76
197.70	11856.59
197.77	12187.56
197.84	12582.03
197.92	12988.13
197.99	13403.74
198.07	13789.80
198.14	14110.63
198.22	14394.19
198.29	14617.24
198.36	14781.06
198.44	14891.89
198.51	14930.14
198.59	14831.88
198.66	14608.14
198.73	14262.90
198.81	13830.60
198.88	13331.27
198.96	12894.96
199.03	12649.43
199.10	12658.59
199.18	12856.72
199.25	13264.24
199.33	13795.90
199.40	14314.77
199.48	14710.63
199.55	15026.34
199.62	15275.34
199.70	15503.15
199.77	15715.75
199.85	15928.71
199.92	16099.78
199.99	16187.77
200.07	16123.25
200.14	15881.63
200.22	15399.58
200.29	14720.41
200.36	14032.67
200.44	13492.11
200.51	13171.33
200.59	13147.40
200.66	13379.54
200.73	13730.64
200.81	14103.48
200.88	14462.97
200.95	14843.48
201.03	15244.11
201.10	15649.95
201.18	16025.74
201.25	16368.46
201.32	16632.82
201.40	16844.68
201.47	17002.76
201.55	17065.80
201.62	16982.23
201.69	16715.58
201.77	16344.58
201.84	15927.18
201.92	15475.89
201.99	15033.17
202.06	14758.94
202.14	14696.74
202.21	14816.94
202.28	15155.32
202.36	15692.50
202.43	16300.89
202.51	16850.80
202.58	17295.46
202.65	17645.70
202.73	17950.52
202.80	18240.54
202.87	18523.64
202.95	18802.52
203.02	19020.80
203.10	19118.06
203.17	19081.12
203.24	18832.22
203.32	18277.01
203.39	17447.52
203.46	16591.46
203.54	15896.41
203.61	15509.96
203.69	15524.42
203.76	15922.14
203.83	16497.14
203.91	17054.16
203.98	17542.83
204.05	17965.03
204.13	18335.14
204.20	18642.66
204.28	18890.40
204.35	19047.22
204.42	19130.40
204.50	19178.16
204.57	19225.66
204.64	19259.22
204.72	19259.00
204.79	19090.59
204.86	18723.82
204.94	18234.79
205.01	17721.58
205.09	17204.90
205.16	16846.47
205.23	16762.74
205.31	16931.72
205.38	17298.68
205.45	17860.30
205.53	18561.56
205.60	19292.74
205.67	19948.19
205.75	20484.81
205.82	20909.06
205.89	21245.50
205.97	21535.66
206.04	21806.63
206.12	22074.09
206.19	22322.03
206.26	22493.60
206.34	22531.57
206.41	22355.69
206.48	21912.31
206.56	21133.70
206.63	20154.80
206.70	19180.13
206.78	18469.81
206.85	18166.34
206.92	18363.17
207.00	18955.12
207.07	19725.18
207.14	20494.15
207.22	21177.64
207.29	21769.26
207.36	22284.85
207.44	22751.92
207.51	23166.29
207.58	23533.79
207.66	23838.18
207.73	24099.28
207.80	24281.42
207.88	24338.60
207.95	24255.99
208.02	24013.34
208.10	23471.31
208.17	22649.37
208.25	21742.14
208.32	20920.80
208.39	20297.56
208.47	20032.28
208.54	20139.34
208.61	20503.97
208.69	20982.06
208.76	21517.77
208.83	22101.46
208.90	22709.18
208.98	23318.42
209.05	23896.77
209.12	24415.56
209.20	24861.08
209.27	25253.00
209.34	25597.68
209.42	25901.18
209.49	26145.96
209.56	26293.34
209.64	26346.02
209.71	26201.76
209.78	25788.25
209.86	25142.00
209.93	24403.13
210.00	23595.24
210.08	22871.56
210.15	22454.29
210.22	22410.75
210.30	22642.28
210.37	23132.88
210.44	23789.20
210.52	24461.19
210.59	25084.22
210.66	25623.54
210.74	26080.81
210.81	26477.86
210.88	26868.20
210.96	27211.42
211.03	27545.70
211.10	27871.35
211.17	28163.10
211.25	28340.10
211.32	28393.80
211.39	28286.95
211.47	27939.43
211.54	27281.18
211.61	26391.39
211.69	25532.88
211.76	24901.78
211.83	24605.04
211.91	24740.81
211.98	25217.37
212.05	25805.04
212.12	26337.60
212.20	26793.02
212.27	27166.84
212.34	27474.99
212.42	27763.10
212.49	28029.25
212.56	28293.54
212.64	28577.32
212.71	28909.00
212.78	29238.55
212.85	29546.12
212.93	29767.54
213.00	29894.93
213.07	29899.26
213.15	29681.16
213.22	29256.06
213.29	28752.50
213.37	28226.25
213.44	27750.54
213.51	27495.50
213.58	27501.82
213.66	27701.17
213.73	28039.33
213.80	28461.51
213.88	28884.04
213.95	29216.05
214.02	29459.36
214.09	29647.29
214.17	29806.56
214.24	29989.22
214.31	30206.58
214.39	30434.70
214.46	30637.06
214.53	30775.60
214.60	30835.67
214.68	30886.33
214.75	30958.20
214.82	31019.77
214.90	31008.41
214.97	30814.18
215.04	30372.12
215.11	29803.80
215.19	29298.16
215.26	29056.28
215.33	29144.04
215.41	29600.08
215.48	30239.64
215.55	30859.94
215.62	31346.59
215.70	31735.91
215.77	32040.76
215.84	32317.84
215.91	32579.56
215.99	32831.44
216.06	33075.71
216.13	33275.39
216.21	33408.83
216.28	33524.46
216.35	33627.68
216.42	33695.03
216.50	33735.40
216.57	33733.79
216.64	33609.18
216.71	33296.23
216.79	32875.25
216.86	32457.74
216.93	32137.66
217.01	31989.68
217.08	32087.54
217.15	32382.09
217.22	32763.70
217.30	33156.70
217.37	33556.68
217.44	33917.58
217.51	34232.26
217.59	34508.06
217.66	34735.76
217.73	34919.85
217.80	35088.43
217.88	35216.73
217.95	35335.61
218.02	35449.13
218.09	35547.00
218.17	35664.50
218.24	35792.42
218.31	35882.53
218.38	35920.70
218.46	35865.98
218.53	35615.44
218.60	35227.84
218.67	34815.39
218.75	34478.94
218.82	34298.62
218.89	34369.31
218.96	34650.46
219.04	35036.00
219.11	35434.08
219.18	35790.37
219.25	36089.79
219.33	36334.94
219.40	36553.13
219.47	36757.76
219.54	36945.28
219.62	37115.09
219.69	37289.45
219.76	37470.66
219.83	37627.72
219.91	37776.50
219.98	37924.54
220.05	38023.67
220.12	38060.01
220.20	38046.94
220.27	37954.74
220.34	37717.26
220.41	37400.38
220.49	37088.06
220.56	36852.27
220.63	36760.40
220.70	36856.70
220.78	37105.99
220.85	37395.42
220.92	37663.38
220.99	37872.31
221.06	38051.20
221.14	38215.71
221.21	38382.72
221.28	38566.21
221.35	38766.27
221.43	38965.04
221.50	39140.39
221.57	39304.79
221.64	39454.96
221.72	39595.74
221.79	39706.85
221.86	39792.77
221.93	39853.56
222.00	39877.63
222.08	39868.68
222.15	39793.68
222.22	39679.52
222.29	39568.36
222.37	39495.50
222.44	39452.00
222.51	39488.20
222.58	39583.92
222.65	39692.96
222.73	39801.64
222.80	39915.58
222.87	40052.30
222.94	40189.43
223.02	40336.26
223.09	40478.20
223.16	40628.54
223.23	40768.02
223.30	40928.00
223.38	41092.88
223.45	41253.49
223.52	41392.23
223.59	41510.18
223.66	41590.72
223.74	41643.73
223.81	41652.90
223.88	41656.02
223.95	41657.92
224.03	41641.00
224.10	41613.30
224.17	41614.69
224.24	41607.88
224.31	41617.04
224.39	41672.48
224.46	41755.26
224.53	41847.00
224.60	41958.78
224.67	42072.25
224.75	42175.02
224.82	42302.66
224.89	42444.50
224.96	42591.09
225.03	42731.72
225.11	42870.78
225.18	42981.44
225.25	43079.29
225.32	43157.20
225.39	43217.08
225.47	43267.42
225.54	43275.40
225.61	43226.69
225.68	43153.46
225.75	43059.84
225.83	42964.96
225.90	42895.55
225.97	42874.29
226.04	42882.04
226.11	42971.94
226.19	43114.15
226.26	43315.78
226.33	43541.58
226.40	43766.61
226.47	43949.98
226.54	44088.04
226.62	44180.39
226.69	44261.25
226.76	44380.18
226.83	44522.13
226.90	44676.68
226.98	44821.98
227.05	44962.22
227.12	45074.20
227.19	45146.02
227.26	45209.48
227.34	45290.42
227.41	45367.24
227.48	45425.78
227.55	45456.80
227.62	45478.99
227.69	45501.55
227.77	45544.87
227.84	45613.34
227.91	45712.91
227.98	45825.58
228.05	45922.90
228.12	46012.58
228.20	46098.74
228.27	46193.29
228.34	46281.44
228.41	46395.06
228.48	46497.74
228.56	46595.78
228.63	46701.55
228.70	46798.14
228.77	46874.51
228.84	46970.56
228.91	47081.16
228.99	47183.63
229.06	47306.95
229.13	47433.66
229.20	47535.96
229.27	47609.72
229.34	47672.58
229.42	47722.65
229.49	47774.20
229.56	47826.22
229.63	47882.08
229.70	47935.94
229.77	47989.23
229.85	48039.65
229.92	48082.26
229.99	48143.80
230.06	48214.22
230.13	48307.00
230.20	48409.12
230.27	48534.58
230.35	48649.61
230.42	48764.88
230.49	48865.48
230.56	48962.57
230.63	49059.94
230.70	49139.84
230.78	49207.28
230.85	49265.26
230.92	49324.13
230.99	49389.03
231.06	49498.80
231.13	49622.50
231.20	49771.89
231.28	49892.14
231.35	50004.80
231.42	50091.72
231.49	50182.64
231.56	50250.84
231.63	50334.79
231.71	50401.23
231.78	50464.24
231.85	50521.71
231.92	50570.27
231.99	50628.87
232.06	50706.11
232.13	50799.51
232.21	50893.96
232.28	50996.75
232.35	51082.82
232.42	51172.99
232.49	51252.02
232.56	51348.20
232.63	51439.73
232.71	51551.54
232.78	51647.56
232.85	51746.49
232.92	51819.14
232.99	51899.68
233.06	51967.91
233.13	52038.44
233.20	52093.96
233.28	52153.32
233.35	52209.02
233.42	52270.84
233.49	52344.72
233.56	52425.28
233.63	52517.38
233.70	52609.36
233.78	52711.98
233.85	52822.80
233.92	52925.22
233.99	53022.48
234.06	53121.14
234.13	53210.81
234.20	53284.27
234.27	53356.07
234.35	53419.58
234.42	53475.66
234.49	53539.94
234.56	53585.28
234.63	53638.15
234.70	53685.46
234.77	53724.50
234.84	53760.14
234.92	53812.25
234.99	53883.82
235.06	53956.52
235.13	54049.15
235.20	54148.92
235.27	54231.18
235.34	54303.58
235.41	54388.53
235.48	54473.58
235.56	54546.30
235.63	54621.44
235.70	54690.88
235.77	54737.38
235.84	54773.66
235.91	54800.41
235.98	54831.69
236.05	54856.80
236.12	54899.59
236.20	54932.18
236.27	54981.31
236.34	55034.82
236.41	55089.71
236.48	55135.84
236.55	55184.38
236.62	55225.17
236.69	55281.27
236.76	55352.80
236.84	55431.65
236.91	55513.24
236.98	55595.00
237.05	55655.39
237.12	55693.60
237.19	55734.87
237.26	55782.04
237.33	55821.40
237.40	55855.42
237.47	55896.66
237.55	55935.02
237.62	55995.32
237.69	56064.16
237.76	56145.25
237.83	56218.33
237.90	56292.56
237.97	56342.19
238.04	56387.04
238.11	56425.46
238.18	56480.83
238.26	56524.41
238.33	56564.22
238.40	56593.85
238.47	56630.32
238.54	56647.98
238.61	56661.84
238.68	56665.82
238.75	56678.70
238.82	56705.50
238.89	56747.42
238.96	56802.64
239.04	56872.27
239.11	56943.55
239.18	56996.49
239.25	57023.95
239.32	57045.36
239.39	57051.55
239.46	57051.30
239.53	57044.76
239.60	57043.38
239.67	57051.36
239.74	57071.95
239.81	57090.04
239.89	57119.30
239.96	57157.71
240.03	57188.64
240.10	57215.14
240.17	57245.86
240.24	57270.87
240.31	57305.05
240.38	57333.22
240.45	57394.06
240.52	57461.82
240.59	57531.58
240.66	57578.82
240.73	57638.13
240.80	57660.49
240.88	57671.34
240.95	57692.45
241.02	57718.10
241.09	57737.07
241.16	57760.06
241.23	57790.66
241.30	57775.60
241.37	57751.44
241.44	57741.78
241.51	57742.29
241.58	57746.81
241.65	57786.43
241.72	57827.94
241.79	57858.17
241.86	57861.49
241.94	57858.60
242.01	57844.50
242.08	57840.78
242.15	57843.44
242.22	57853.20
242.29	57858.13
242.36	57879.97
242.43	57882.91
242.50	57876.68
242.57	57874.15
242.64	57881.30
242.71	57862.34
242.78	57870.71
242.85	57869.94
242.92	57872.88
242.99	57870.67
243.06	57884.59
243.14	57884.48
243.21	57900.70
243.28	57923.47
243.35	57946.46
243.42	57980.04
243.49	58018.64
243.56	58037.32
243.63	58052.45
243.70	58069.39
243.77	58063.82
243.84	58053.17
243.91	58037.92
243.98	58018.21
244.05	57968.90
244.12	57937.26
244.19	57907.68
244.26	57892.81
244.33	57872.82
244.40	57879.60
244.47	57872.54
244.54	57872.08
244.62	57836.96
244.69	57815.41
244.76	57796.58
244.83	57785.06
244.90	57773.54
244.97	57795.57
245.04	57805.30
245.11	57809.30
245.18	57808.27
245.25	57817.66
245.32	57837.49
245.39	57867.56
245.46	57880.22
245.53	57879.58
245.60	57868.69
245.67	57845.76
245.74	57821.95
245.81	57813.09
245.88	57811.74
245.95	57808.46
246.02	57790.99
246.09	57746.05
246.16	57697.38
246.23	57648.50
246.30	57608.39
246.37	57596.39
246.44	57617.04
246.51	57641.84
246.58	57677.11
246.65	57714.04
246.72	57736.25
246.79	57739.42
246.87	57733.24
246.94	57718.32
247.01	57683.74
247.08	57636.05
247.15	57587.52
247.22	57523.36
247.29	57468.85
247.36	57428.92
247.43	57403.70
247.50	57384.72
247.57	57395.38
247.64	57413.90
247.71	57431.12
247.78	57452.12
247.85	57471.27
247.92	57499.74
247.99	57501.19
248.06	57489.54
248.13	57460.79
248.20	57448.45
248.27	57403.52
248.34	57381.69
248.41	57362.55
248.48	57359.66
248.55	57352.34
248.62	57356.44
248.69	57360.36
248.76	57350.80
248.83	57337.47
248.90	57311.25
248.97	57275.72
249.04	57232.81
249.11	57207.12
249.18	57165.82
249.25	57121.06
249.32	57086.21
249.39	57040.18
249.46	56981.14
249.53	56930.23
249.60	56881.89
249.67	56846.24
249.74	56824.34
249.81	56829.33
249.88	56849.13
249.95	56883.07
250.02	56919.89
250.09	56946.68
250.16	56958.06
250.23	56951.46
250.30	56942.30
250.37	56926.20
250.44	56920.71
250.51	56921.72
250.58	56929.54
250.65	56930.30
250.72	56898.52
250.79	56861.40
250.86	56816.94
250.93	56772.02
251.00	56730.01
251.07	56714.40
251.14	56691.64
251.21	56669.67
251.28	56638.24
251.35	56593.04
251.42	56569.75
251.49	56553.45
251.56	56529.48
251.63	56507.47
251.70	56511.40
251.77	56488.38
251.84	56444.96
251.91	56404.58
251.98	56350.57
252.05	56294.32
252.12	56237.04
252.18	56193.42
252.25	56160.65
252.32	56178.15
252.39	56170.07
252.46	56166.53
252.53	56167.80
252.60	56160.38
252.67	56127.86
252.74	56102.84
252.81	56071.25
252.88	56040.31
252.95	56003.01
253.02	55975.02
253.09	55955.43
253.16	55947.25
253.23	55936.89
253.30	55944.54
253.37	55927.06
253.44	55916.61
253.51	55872.66
253.58	55833.41
253.65	55801.56
253.72	55795.20
253.79	55774.21
253.86	55778.26
253.93	55775.41
254.00	55760.22
254.07	55724.94
254.14	55680.64
254.21	55637.75
254.28	55606.25
254.35	55569.15
254.41	55543.79
254.48	55518.66
254.55	55508.92
254.62	55482.12
254.69	55444.71
254.76	55400.98
254.83	55371.10
254.90	55335.59
254.97	55316.19
255.04	55318.33
255.11	55304.42
255.18	55259.98
255.25	55203.35
255.32	55149.14
255.39	55082.91
255.46	55042.55
255.53	55027.43
255.60	55022.44
255.67	55007.88
255.74	55002.64
255.81	54991.38
255.87	54993.24
255.94	54972.40
256.01	54961.15
256.08	54938.68
256.15	54913.76
256.22	54877.39
256.29	54866.35
256.36	54837.74
256.43	54821.78
256.50	54812.59
256.57	54794.12
256.64	54762.54
256.71	54739.94
256.78	54704.38
256.85	54660.22
256.92	54636.08
256.99	54622.49
257.05	54607.69
257.12	54589.18
257.19	54550.40
257.26	54498.28
257.33	54426.06
257.40	54368.78
257.47	54304.64
257.54	54281.79
257.61	54260.54
257.68	54261.92
257.75	54247.81
257.82	54260.93
257.89	54247.96
257.96	54227.96
258.03	54188.46
258.09	54138.62
258.16	54064.04
258.23	53984.79
258.30	53920.54
258.37	53864.14
258.44	53822.21
258.51	53792.24
258.58	53791.90
258.65	53790.38
258.72	53784.64
258.79	53765.62
258.86	53738.28
258.93	53703.05
258.99	53654.34
259.06	53612.63
259.13	53572.12
259.20	53531.74
259.27	53490.98
259.34	53460.59
259.41	53437.24
259.48	53433.62
259.55	53429.95
259.62	53412.50
259.69	53381.78
259.76	53331.13
259.82	53277.84
259.89	53248.46
259.96	53226.45
260.03	53201.32
260.10	53172.08
260.17	53122.68
260.24	53054.84
260.31	52987.56
260.38	52938.70
260.45	52918.18
260.52	52902.77
260.59	52882.04
260.65	52852.23
260.72	52820.34
260.79	52784.46
260.86	52754.12
260.93	52726.42
261.00	52681.75
261.07	52631.66
261.14	52559.92
261.21	52483.32
261.28	52411.46
261.34	52346.11
261.41	52275.76
261.48	52230.24
261.55	52192.31
261.62	52153.72
261.69	52126.86
261.76	52104.37
261.83	52085.04
261.90	52061.09
261.97	52023.44
262.03	51994.70
262.10	51960.09
262.17	51918.79
262.24	51893.17
262.31	51866.02
262.38	51841.86
262.45	51815.68
262.52	51784.18
262.59	51738.18
262.65	51706.71
262.72	51656.22
262.79	51622.27
262.86	51584.38
262.93	51548.47
263.00	51511.46
263.07	51474.16
263.14	51425.55
263.21	51386.40
263.27	51353.00
263.34	51329.96
263.41	51297.90
263.48	51259.78
263.55	51204.27
263.62	51121.28
263.69	51032.07
263.76	50970.14
263.82	50919.91
263.89	50881.36
263.96	50869.34
264.03	50850.90
264.10	50813.09
264.17	50757.14
264.24	50702.78
264.31	50641.11
264.38	50581.42
264.44	50529.53
264.51	50478.70
264.58	50429.83
264.65	50385.91
264.72	50328.00
264.79	50273.62
264.86	50246.76
264.92	50208.02
264.99	50178.20
265.06	50155.84
265.13	50136.24
265.20	50106.64
265.27	50078.15
265.34	50035.56
265.41	50004.16
265.47	49965.86
265.54	49925.93
265.61	49900.53
265.68	49876.89
265.75	49840.87
265.82	49794.68
265.89	49740.55
265.95	49670.72
266.02	49596.54
266.09	49535.99
266.16	49483.04
266.23	49440.65
266.30	49404.62
266.37	49353.65
266.44	49288.28
266.50	49231.27
266.57	49168.43
266.64	49102.02
266.71	49046.30
266.78	48982.54
266.85	48905.46
266.91	48847.28
266.98	48792.58
267.05	48744.68
267.12	48721.31
267.19	48710.90
267.26	48691.12
267.33	48674.26
267.39	48651.19
267.46	48623.58
267.53	48584.89
267.60	48539.44
267.67	48490.87
267.74	48457.20
267.81	48419.48
267.87	48380.34
267.94	48351.22
268.01	48315.76
268.08	48258.16
268.15	48202.74
268.22	48146.24
268.28	48074.94
268.35	47997.58
268.42	47933.46
268.49	47863.94
268.56	47808.00
268.63	47763.60
268.69	47727.01
268.76	47693.11
268.83	47674.42
268.90	47666.84
268.97	47653.20
269.04	47651.39
269.11	47634.90
269.17	47601.26
269.24	47554.16
269.31	47517.66
269.38	47475.87
269.45	47431.32
269.52	47401.22
269.58	47374.24
269.65	47321.44
269.72	47264.18
269.79	47229.14
269.86	47191.92
269.92	47146.48
269.99	47105.32
270.06	47059.98
270.13	47017.73
270.20	46967.51
270.27	46933.06
270.33	46912.92
270.40	46887.91
270.47	46857.16
270.54	46836.13
270.61	46804.47
270.68	46783.30
270.74	46768.08
270.81	46758.75
270.88	46729.83
270.95	46689.82
271.02	46629.99
271.08	46571.06
271.15	46491.79
271.22	46440.87
271.29	46400.58
271.36	46341.97
271.43	46294.45
271.49	46267.51
271.56	46230.75
271.63	46193.90
271.70	46175.78
271.77	46168.64
271.83	46138.38
271.90	46096.90
271.97	46057.85
272.04	46013.83
272.11	45968.30
272.17	45938.85
272.24	45921.06
272.31	45895.32
272.38	45883.82
272.45	45855.41
272.52	45829.95
272.58	45797.52
272.65	45790.64
272.72	45766.31
272.79	45740.22
272.86	45704.76
272.92	45664.52
272.99	45602.08
273.06	45561.63
273.13	45508.92
273.20	45461.48
273.26	45414.46
273.33	45373.42
273.40	45319.43
273.47	45296.28
273.54	45271.80
273.60	45248.18
273.67	45224.08
273.74	45219.65
273.81	45202.10
273.88	45206.11
273.94	45219.94
274.01	45234.56
274.08	45247.32
274.15	45243.15
274.21	45213.99
274.28	45175.01
274.35	45115.02
274.42	45032.79
274.49	44954.56
274.55	44892.26
274.62	44851.93
274.69	44809.23
274.76	44773.24
274.83	44755.68
274.89	44722.24
274.96	44671.12
275.03	44642.06
275.10	44610.23
275.17	44570.72
275.23	44533.28
275.30	44495.47
275.37	44470.85
275.44	44454.60
275.50	44429.05
275.57	44409.26
275.64	44374.00
275.71	44320.44
275.78	44282.94
275.84	44251.58
275.91	44212.83
275.98	44194.44
276.05	44169.59
276.11	44137.86
276.18	44103.78
276.25	44051.68
276.32	43989.73
276.39	43930.35
276.45	43853.37
276.52	43783.05
276.59	43733.66
276.66	43701.89
276.72	43690.78
276.79	43689.98
276.86	43682.56
276.93	43684.54
276.99	43656.77
277.06	43618.79
277.13	43569.36
277.20	43536.16
277.26	43499.02
277.33	43493.40
277.40	43481.15
277.47	43473.95
277.54	43446.19
277.60	43414.80
277.67	43356.32
277.74	43279.08
277.81	43205.05
277.87	43137.08
277.94	43074.45
278.01	43029.73
278.08	42995.40
278.14	42978.38
278.21	42963.56
278.28	42948.48
278.35	42943.90
278.41	42963.90
278.48	42966.09
278.55	42965.60
278.62	42957.64
278.68	42925.42
278.75	42854.32
278.82	42777.86
278.89	42699.98
278.95	42623.36
279.02	42557.98
279.09	42538.06
279.16	42537.39
279.22	42549.18
279.29	42562.56
279.36	42561.53
279.43	42533.80
279.49	42464.28
279.56	42368.23
279.63	42258.02
279.70	42162.92
279.76	42076.15
279.83	42025.77
279.90	42003.87
279.97	41988.90
280.03	41970.08
280.10	41955.50
280.17	41944.36
280.24	41929.62
280.30	41920.97
280.37	41906.71
280.44	41883.28
280.51	41852.18
280.57	41819.95
280.64	41784.74
280.71	41745.60
280.77	41700.71
280.84	41636.58
280.91	41556.54
280.98	41469.08
281.04	41373.98
281.11	41287.15
281.18	41207.26
281.25	41117.05
281.31	41039.18
281.38	40958.54
281.45	40873.63
281.52	40808.12
281.58	40755.23
281.65	40698.36
281.72	40662.37
281.78	40638.53
281.85	40603.44
281.92	40580.78
281.99	40561.74
282.05	40546.12
282.12	40531.68
282.19	40523.16
282.26	40515.90
282.32	40509.45
282.39	40508.69
282.46	40485.94
282.52	40466.46
282.59	40445.74
282.66	40428.14
282.73	40394.76
282.79	40372.68
282.86	40327.44
282.93	40268.38
282.99	40189.42
283.06	40104.06
283.13	39993.30
283.20	39885.45
283.26	39776.04
283.33	39683.23
283.40	39602.04
283.46	39563.47
283.53	39534.02
283.60	39520.44
283.67	39512.56
283.73	39520.24
283.80	39511.34
283.87	39519.10
283.93	39538.53
284.00	39535.97
284.07	39526.62
284.13	39518.23
284.20	39493.68
284.27	39449.65
284.34	39420.84
284.40	39393.84
284.47	39366.35
284.54	39351.41
284.60	39334.04
284.67	39297.66
284.74	39256.64
284.81	39215.08
284.87	39165.89
284.94	39099.43
285.01	39035.94
285.07	38960.01
285.14	38890.36
285.21	38814.13
285.27	38761.94
285.34	38736.44
285.41	38724.90
285.47	38724.40
285.54	38733.38
285.61	38736.72
285.68	38733.01
285.74	38737.91
285.81	38728.04
285.88	38720.64
285.94	38723.94
286.01	38726.56
286.08	38728.24
286.14	38730.46
286.21	38726.26
286.28	38728.05
286.34	38705.72
286.41	38651.66
286.48	38587.53
286.55	38511.32
286.61	38409.62
286.68	38318.77
286.75	38240.65
286.81	38178.39
286.88	38128.80
286.95	38084.40
287.01	38076.00
287.08	38076.60
287.15	38074.74
287.21	38079.24
287.28	38096.46
287.35	38083.68
287.41	38081.86
287.48	38079.47
287.55	38068.62
287.61	38065.70
287.68	38057.87
287.75	38041.24
287.81	38021.00
287.88	38006.30
287.95	37988.23
288.01	37971.50
288.08	37960.88
288.15	37937.68
288.21	37913.24
288.28	37875.17
288.35	37842.12
288.41	37805.72
288.48	37765.78
288.55	37709.08
288.61	37643.16
288.68	37583.09
288.75	37508.53
288.81	37460.73
288.88	37424.76
288.95	37415.48
289.01	37420.34
289.08	37438.56
289.15	37455.48
289.21	37493.06
289.28	37522.31
289.35	37546.92
289.41	37559.65
289.48	37568.58
289.55	37549.36
289.61	37528.79
289.68	37508.38
289.75	37487.01
289.81	37457.80
289.88	37427.62
289.95	37379.60
290.01	37324.87
290.08	37280.10
290.15	37230.62
290.21	37201.76
290.28	37193.44
290.35	37174.01
290.41	37146.92
290.48	37122.77
290.55	37073.16
290.61	37008.83
290.68	36964.62
290.74	36934.62
290.81	36923.40
290.88	36933.92
290.94	36966.32
291.01	36991.94
291.08	37024.70
291.14	37058.52
291.21	37085.34
291.28	37100.28
291.34	37118.91
291.41	37123.56
291.48	37128.19
291.54	37125.67
291.61	37106.82
291.68	37075.50
291.74	37029.40
291.81	36974.84
291.87	36933.68
291.94	36890.75
292.01	36850.90
292.07	36810.07
292.14	36758.77
292.21	36682.85
292.27	36628.92
292.34	36584.08
292.41	36563.08
292.47	36528.89
292.54	36529.52
292.60	36535.35
292.67	36539.68
292.74	36543.18
292.80	36580.66
292.87	36603.66
292.94	36631.23
293.00	36653.17
293.07	36678.16
293.13	36697.39
293.20	36719.08
293.27	36733.94
293.33	36752.92
293.40	36759.01
293.47	36750.27
293.53	36732.51
293.60	36698.50
293.66	36632.88
293.73	36554.26
293.80	36467.14
293.86	36380.62
293.93	36304.71
294.00	36258.21
294.06	36230.48
294.13	36219.85
294.19	36214.64
294.26	36210.10
294.33	36194.38
294.39	36178.06
294.46	36169.52
294.52	36160.88
294.59	36168.92
294.66	36192.19
294.72	36215.20
294.79	36246.48
294.86	36290.90
294.92	36327.09
294.99	36373.49
295.05	36427.88
295.12	36454.34
295.19	36487.61
295.25	36498.70
295.32	36502.70
295.38	36488.05
295.45	36491.92
295.52	36464.92
295.58	36426.93
295.65	36373.65
295.71	36319.89
295.78	36235.44
295.85	36143.29
295.91	36065.17
295.98	35976.61
296.04	35876.84
296.11	35803.52
296.18	35773.62
296.24	35760.50
296.31	35767.58
296.37	35817.17
296.44	35883.48
296.51	35930.86
296.57	35987.39
296.64	36053.60
296.70	36105.01
296.77	36134.23
296.84	36167.38
296.90	36192.75
296.97	36196.00
297.03	36213.40
297.10	36236.35
297.17	36250.82
297.23	36275.40
297.30	36301.61
297.36	36299.51
297.43	36295.32
297.50	36289.54
297.56	36255.52
297.63	36220.78
297.69	36160.50
297.76	36065.32
297.82	35954.69
297.89	35851.54
297.96	35740.54
298.02	35667.02
298.09	35616.89
298.15	35591.92
298.22	35588.74
298.29	35598.17
298.35	35610.13
298.42	35643.08
298.48	35675.92
298.55	35707.76
298.61	35754.72
298.68	35802.36
298.75	35844.51
298.81	35887.19
298.88	35920.75
298.94	35948.89
299.01	35980.48
299.08	36002.25
299.14	36029.65
299.21	36049.41
299.27	36064.01
299.34	36060.31
299.40	36068.42
299.47	36058.32
299.54	36045.20
299.60	36025.51
299.67	35991.66
299.73	35933.88
299.80	35833.35
299.86	35703.98
299.93	35561.48
299.99	35435.44
300.06	35322.77
300.13	35262.44
300.19	35235.39
300.26	35225.62
300.32	35246.91
300.39	35274.12
300.45	35318.73
300.52	35381.16
300.59	35452.82
300.65	35513.24
300.72	35581.88
300.78	35622.85
300.85	35662.98
300.91	35680.83
300.98	35695.31
301.04	35692.27
301.11	35707.80
301.18	35708.76
301.24	35725.58
301.31	35728.90
301.37	35731.42
301.44	35720.00
301.50	35707.60
301.57	35679.98
301.63	35660.38
301.70	35623.39
301.77	35555.48
301.83	35456.56
301.90	35350.16
301.96	35213.66
302.03	35087.92
302.09	34992.26
302.16	34925.25
302.22	34885.02
302.29	34862.56
302.36	34863.98
302.42	34871.20
302.49	34892.01
302.55	34922.94
302.62	34960.80
302.68	34988.34
302.75	35023.30
302.81	35038.76
302.88	35049.76
302.94	35058.02
303.01	35072.44
303.07	35071.92
303.14	35085.58
303.21	35084.81
303.27	35087.04
303.34	35085.16
303.40	35075.53
303.47	35056.28
303.53	35025.89
303.60	34996.62
303.66	34958.41
303.73	34920.02
303.79	34878.14
303.86	34822.73
303.92	34755.99
303.99	34674.84
304.05	34560.92
304.12	34432.15
304.19	34332.38
304.25	34234.90
304.32	34162.22
304.38	34120.85
304.45	34107.50
304.51	34090.27
304.58	34095.01
304.64	34097.45
304.71	34122.56
304.77	34134.39
304.84	34153.44
304.90	34158.89
304.97	34155.74
305.03	34142.37
305.10	34127.75
305.16	34114.54
305.23	34098.26
305.29	34084.18
305.36	34058.71
305.42	34042.16
305.49	34011.24
305.56	33979.85
305.62	33944.91
305.69	33910.24
305.75	33867.66
305.82	33801.12
305.88	33691.13
305.95	33547.31
306.01	33395.66
306.08	33238.10
306.14	33103.07
306.21	32997.89
306.27	32925.86
306.34	32858.40
306.40	32799.04
306.47	32758.88
306.53	32753.82
306.60	32764.82
306.66	32786.85
306.73	32812.76
306.79	32823.43
306.86	32817.14
306.92	32799.02
306.99	32787.40
307.05	32774.80
307.12	32764.80
307.18	32747.68
307.25	32728.33
307.31	32695.43
307.38	32658.58
307.44	32623.62
307.51	32586.08
307.57	32543.20
307.64	32504.78
307.70	32465.70
307.77	32414.90
307.83	32361.41
307.90	32318.80
307.96	32266.12
308.03	32205.07
308.09	32139.31
308.16	32083.21
308.22	32012.20
308.29	31945.54
308.35	31877.87
308.42	31809.02
308.48	31713.63
308.55	31627.70
308.61	31540.31
308.68	31468.07
308.74	31404.48
308.81	31373.98
308.87	31345.32
308.94	31329.60
309.00	31300.68
309.07	31285.31
309.13	31254.58
309.20	31231.02
309.26	31188.33
309.33	31141.87
309.39	31095.60
309.45	31052.31
309.52	30999.22
309.58	30957.33
309.65	30913.54
309.71	30859.36
309.78	30808.77
309.84	30747.68
309.91	30685.00
309.97	30631.90
310.04	30583.70
310.10	30521.11
310.17	30475.07
310.23	30424.51
310.30	30376.80
310.36	30323.64
310.43	30273.52
310.49	30194.58
310.56	30128.63
310.62	30040.67
310.69	29952.94
310.75	29869.50
310.81	29814.21
310.88	29751.34
310.94	29712.67
311.01	29671.22
311.07	29641.78
311.14	29603.76
311.20	29568.12
311.27	29522.28
311.33	29498.44
311.40	29454.56
311.46	29415.80
311.53	29379.11
311.59	29346.72
311.66	29310.34
311.72	29263.84
311.78	29222.55
311.85	29170.92
311.91	29128.80
311.98	29069.95
312.04	29031.68
312.11	28996.00
312.17	28963.53
312.24	28918.86
312.30	28869.40
312.37	28815.46
312.43	28745.83
312.50	28684.12
312.56	28632.79
312.62	28559.76
312.69	28494.51
312.75	28424.36
312.82	28350.19
312.88	28265.95
312.95	28213.53
313.01	28148.61
313.08	28095.80
313.14	28050.64
313.20	28007.68
313.27	27959.31
313.33	27911.81
313.40	27873.32
313.46	27824.25
313.53	27779.81
313.59	27736.10
313.66	27702.85
313.72	27658.28
313.78	27616.94
313.85	27569.71
313.91	27527.48
313.98	27488.01
314.04	27450.85
314.11	27408.32
314.17	27369.61
314.24	27323.12
314.30	27277.46
314.36	27223.12
314.43	27173.96
314.49	27119.16
314.56	27062.16
314.62	26999.93
314.69	26947.56
314.75	26894.63
314.81	26832.72
314.88	26776.15
314.94	26730.55
315.01	26681.15
315.07	26625.91
315.14	26588.50
315.20	26555.02
315.27	26504.25
315.33	26455.91
315.39	26406.46
315.46	26357.32
315.52	26299.23
315.59	26250.82
315.65	26206.25
315.72	26165.64
315.78	26115.57
315.84	26078.52
315.91	26049.81
315.97	26012.26
316.04	26001.34
316.10	25992.06
316.16	25954.85
316.23	25875.97
316.29	25777.26
316.36	25617.43
316.42	25432.66
316.49	25241.16
316.55	25036.34
316.61	24833.80
316.68	24627.41
316.74	24414.22
316.81	24181.24
316.87	23966.68
316.93	23735.80
317.00	23515.62
317.06	23299.34
317.13	23088.30
317.19	22871.76
317.26	22657.82
317.32	22446.85
317.38	22234.72
317.45	22021.47
317.51	21812.42
317.58	21607.46
317.64	21394.78
317.70	21187.69
317.77	20989.38
317.83	20779.48
317.90	20567.90
317.96	20361.47
318.02	20150.92
318.09	19950.37
318.15	19744.74
318.22	19530.90
318.28	19319.09
318.34	19102.22
318.41	18869.14
318.47	18647.94
318.54	18446.87
318.60	18238.38
318.66	18035.86
318.73	17841.48
318.79	17653.69
318.86	17448.71
318.92	17253.71
318.98	17069.39
319.05	16875.55
319.11	16679.66
319.18	16488.46
319.24	16290.26
319.30	16083.02
319.37	15894.81
319.43	15705.95
319.50	15511.96
319.56	15326.88
319.62	15142.34
319.69	14950.68
319.75	14763.68
319.82	14581.60
319.88	14395.17
319.94	14210.64
320.01	14030.40
320.07	13829.75
320.13	13646.88
320.20	13460.58
320.26	13270.85
320.33	13086.70
320.39	12912.22
320.45	12725.82
320.52	12545.12
320.58	12368.42
320.65	12181.96
320.71	12007.99
320.77	11837.76
320.84	11662.28
320.90	11488.42
320.96	11313.68
321.03	11125.38
321.09	10936.22
321.16	10749.16
321.22	10560.44
321.28	10382.73
321.35	10213.64
321.41	10040.02
321.47	9876.16
321.54	9712.41
321.60	9540.30
321.67	9367.02
321.73	9198.24
321.79	9021.18
321.86	8850.62
321.92	8677.34
321.98	8490.51
322.05	8298.02
322.11	8111.11
322.18	7913.90
322.24	7723.96
322.30	7548.86
322.37	7384.19
322.43	7207.22
322.49	7044.41
322.56	6866.56
322.62	6696.57
322.68	6510.75
322.75	6345.62
322.81	6164.68
322.88	5993.05
322.94	5820.31
323.00	5654.38
323.07	5479.02
323.13	5312.48
323.19	5149.07
323.26	4985.42
323.32	4826.66
323.38	4667.32
323.45	4444.87
323.51	3806.77
323.57	2923.12
323.64	2001.70
323.70	1113.97
323.76	321.96
323.83	-20.88
323.89	-89.15
323.96	-89.42
