180.21	3369.10
180.28	-115.34
180.36	625.40
180.44	-42.23
180.51	-13.04
180.59	9.51
180.66	36.48
180.74	33.10
180.81	31.64
180.89	33.42
180.97	34.19
181.04	32.36
181.12	31.20
181.19	31.30
181.27	31.49
181.34	49.14
181.42	56.14
181.50	63.65
181.57	75.48
181.65	80.81
181.72	74.28
181.80	68.84
181.87	69.08
181.95	68.87
182.03	68.21
182.10	69.80
182.18	72.00
182.25	77.55
182.33	77.24
182.40	83.95
182.48	80.07
182.55	90.73
182.63	94.55
182.71	96.86
182.78	99.57
182.86	106.33
182.93	103.63
183.01	105.34
183.08	105.05
183.16	108.99
183.23	104.38
183.31	111.60
183.39	111.90
183.46	122.81
183.54	118.38
183.61	125.89
183.69	127.04
183.76	136.83
183.84	136.73
183.91	137.78
183.99	148.19
184.06	150.22
184.14	152.86
184.22	156.92
184.29	160.85
184.37	157.72
184.44	153.03
184.52	142.48
184.59	139.67
184.67	144.89
184.74	139.68
184.82	151.98
184.89	164.58
184.97	174.18
185.04	182.35
185.12	192.80
185.20	200.54
185.27	208.99
185.35	219.49
185.42	219.31
185.50	231.03
185.57	232.52
185.65	238.13
185.72	237.34
185.80	245.99
185.87	244.12
185.95	243.94
186.02	246.08
186.10	243.84
186.17	243.43
186.25	243.97
186.33	235.36
186.40	226.78
186.48	228.84
186.55	232.49
186.63	236.38
186.70	264.30
186.78	283.61
186.85	302.19
186.93	315.74
187.00	331.51
187.08	330.78
187.15	341.11
187.23	347.88
187.30	355.64
187.38	370.56
187.45	388.22
187.53	403.09
187.60	411.70
187.68	423.41
187.75	432.24
187.83	439.94
187.90	435.34
187.98	434.67
188.05	436.06
188.13	421.06
188.21	398.08
188.28	395.18
188.36	390.22
188.43	388.90
188.51	404.82
188.58	434.13
188.66	442.46
188.73	462.42
188.81	486.57
188.88	498.25
188.96	511.73
189.03	541.17
189.11	564.48
189.18	579.09
189.26	599.69
189.33	625.62
189.41	651.42
189.48	672.20
189.56	692.21
189.63	710.77
189.71	709.38
189.78	688.87
189.86	667.22
189.93	647.07
190.01	619.25
190.08	601.13
190.16	588.40
190.23	572.69
190.31	567.19
190.38	565.33
190.46	573.20
190.53	597.63
190.61	641.09
190.68	670.27
190.76	720.13
190.83	758.15
190.91	787.12
190.98	802.34
191.06	828.22
191.13	840.55
191.21	849.16
191.28	850.00
191.35	852.66
191.43	844.25
191.50	833.04
191.58	831.25
191.65	839.28
191.73	848.14
191.80	861.47
191.88	867.46
191.95	870.35
192.03	874.99
192.10	879.82
192.18	890.03
192.25	908.21
192.33	921.18
192.40	921.71
192.48	919.78
192.55	914.37
192.63	901.50
192.70	898.54
192.78	903.81
192.85	921.29
192.93	932.14
193.00	934.17
193.08	925.87
193.15	915.92
193.22	906.19
193.30	909.68
193.37	948.73
193.45	988.81
193.52	1045.18
193.60	1102.04
193.67	1147.78
193.75	1174.81
193.82	1207.58
193.90	1218.88
193.97	1220.01
194.05	1215.40
194.12	1199.03
194.20	1178.04
194.27	1153.39
194.34	1112.21
194.42	1074.76
194.49	1052.69
194.57	1034.39
194.64	1017.03
194.72	1012.26
194.79	1016.24
194.87	1028.71
194.94	1067.49
195.02	1129.06
195.09	1200.51
195.17	1275.31
195.24	1341.51
195.31	1383.67
195.39	1406.25
195.46	1422.62
195.54	1433.07
195.61	1432.57
195.69	1415.17
195.76	1387.31
195.84	1342.09
195.91	1262.71
195.99	1172.32
196.06	1096.37
196.13	1050.19
196.21	1037.88
196.28	1070.78
196.36	1139.84
196.43	1225.41
196.51	1312.00
196.58	1394.11
196.66	1463.85
196.73	1514.80
196.80	1546.88
196.88	1564.93
196.95	1572.67
197.03	1571.20
197.10	1552.87
197.18	1521.96
197.25	1468.26
197.33	1390.99
197.40	1310.38
197.47	1226.57
197.55	1163.07
197.62	1126.66
197.70	1125.36
197.77	1151.29
197.85	1213.78
197.92	1289.68
197.99	1380.36
198.07	1478.40
198.14	1569.15
198.22	1656.76
198.29	1719.92
198.37	1768.33
198.44	1800.07
198.51	1814.55
198.59	1801.47
198.66	1780.29
198.74	1727.70
198.81	1639.63
198.89	1524.88
198.96	1417.48
199.03	1312.44
199.11	1239.46
199.18	1209.44
199.26	1236.51
199.33	1298.80
199.41	1397.56
199.48	1505.17
199.55	1620.01
199.63	1716.00
199.70	1804.73
199.78	1871.34
199.85	1932.20
199.93	1980.35
200.00	2022.29
200.07	2033.15
200.15	2022.88
200.22	1982.58
200.30	1895.76
200.37	1772.85
200.44	1617.03
200.52	1474.88
200.59	1374.54
200.67	1329.40
200.74	1341.15
200.81	1415.34
200.89	1514.58
200.96	1621.90
201.04	1726.54
201.11	1842.51
201.19	1954.36
201.26	2054.69
201.33	2131.38
201.41	2201.04
201.48	2239.28
201.56	2253.11
201.63	2251.83
201.70	2216.43
201.78	2139.49
201.85	2025.81
201.93	1892.18
202.00	1757.93
202.07	1650.63
202.15	1564.12
202.22	1526.32
202.30	1548.59
202.37	1607.37
202.44	1706.60
202.52	1848.93
202.59	2008.28
202.67	2149.70
202.74	2282.66
202.81	2391.81
202.89	2486.60
202.96	2574.03
203.04	2658.51
203.11	2712.63
203.18	2743.00
203.26	2729.07
203.33	2662.96
203.41	2537.71
203.48	2368.79
203.55	2141.61
203.63	1935.28
203.70	1788.18
203.77	1726.11
203.85	1755.91
203.92	1882.88
204.00	2065.49
204.07	2250.05
204.14	2427.95
204.22	2592.97
204.29	2752.76
204.37	2888.85
204.44	3010.12
204.51	3110.82
204.59	3173.55
204.66	3199.25
204.73	3191.64
204.81	3143.26
204.88	3047.37
204.96	2906.29
205.03	2710.02
205.10	2497.56
205.18	2309.58
205.25	2162.23
205.32	2085.18
205.40	2102.52
205.47	2197.76
205.55	2344.04
205.62	2540.65
205.69	2768.75
205.77	3005.42
205.84	3224.19
205.91	3420.50
205.99	3585.02
206.06	3721.05
206.14	3842.52
206.21	3956.88
206.28	4037.89
206.36	4094.75
206.43	4094.35
206.50	4026.19
206.58	3867.86
206.65	3631.62
206.72	3312.56
206.80	2984.77
206.87	2710.11
206.95	2551.99
207.02	2545.96
207.09	2688.62
207.17	2941.79
207.24	3239.35
207.31	3540.17
207.39	3819.80
207.46	4081.68
207.53	4311.47
207.61	4536.61
207.68	4736.10
207.75	4913.38
207.83	5060.44
207.90	5170.01
207.98	5203.26
208.05	5177.34
208.12	5063.51
208.20	4866.02
208.27	4583.59
208.34	4235.58
208.42	3866.47
208.49	3584.55
208.56	3405.32
208.64	3374.35
208.71	3488.89
208.78	3707.97
208.86	3978.70
208.93	4272.10
209.00	4582.54
209.08	4900.76
209.15	5227.56
209.22	5532.13
209.30	5814.16
209.37	6060.40
209.44	6274.24
209.52	6449.61
209.59	6572.69
209.67	6651.22
209.74	6643.67
209.81	6555.47
209.89	6341.27
209.96	6010.07
210.03	5588.97
210.11	5184.94
210.18	4814.96
210.25	4571.34
210.33	4509.16
210.40	4630.87
210.47	4874.40
210.55	5232.56
210.62	5635.32
210.69	6039.45
210.77	6426.97
210.84	6791.24
210.91	7127.62
210.99	7434.77
211.06	7726.43
211.13	8004.28
211.21	8245.26
211.28	8433.16
211.35	8567.82
211.42	8600.51
211.50	8506.93
211.57	8277.01
211.64	7919.00
211.72	7433.38
211.79	6912.80
211.86	6494.15
211.94	6284.39
212.01	6287.16
212.08	6523.99
212.16	6914.90
212.23	7341.84
212.30	7734.53
212.38	8086.84
212.45	8400.59
212.52	8692.05
212.60	8977.36
212.67	9263.01
212.74	9559.28
212.82	9861.99
212.89	10163.44
212.96	10423.71
213.03	10612.51
213.11	10703.67
213.18	10658.95
213.25	10481.29
213.33	10168.59
213.40	9733.04
213.47	9298.69
213.55	8956.70
213.62	8734.98
213.69	8704.14
213.77	8891.72
213.84	9205.05
213.91	9585.60
213.98	9998.51
214.06	10384.92
214.13	10726.66
214.20	11021.48
214.28	11316.02
214.35	11629.24
214.42	11984.42
214.50	12364.86
214.57	12737.17
214.64	13077.61
214.72	13355.59
214.79	13537.20
214.86	13606.95
214.93	13571.19
215.01	13381.74
215.08	13049.49
215.15	12573.32
215.23	12032.08
215.30	11589.41
215.37	11361.85
215.44	11413.57
215.52	11743.64
215.59	12277.22
215.66	12859.42
215.74	13402.45
215.81	13858.75
215.88	14276.36
215.95	14664.90
216.03	15050.55
216.10	15424.53
216.17	15775.29
216.25	16076.86
216.32	16333.94
216.39	16510.93
216.46	16650.62
216.54	16737.63
216.61	16766.27
216.68	16694.43
216.76	16530.27
216.83	16218.29
216.90	15776.17
216.97	15303.88
217.05	14963.99
217.12	14817.93
217.19	14917.45
217.27	15275.46
217.34	15819.23
217.41	16427.15
217.48	17031.07
217.56	17603.94
217.63	18129.08
217.70	18567.72
217.78	18937.14
217.85	19254.17
217.92	19513.75
217.99	19743.31
218.07	19939.93
218.14	20117.39
218.21	20303.49
218.28	20496.99
218.36	20660.02
218.43	20762.33
218.50	20763.10
218.57	20596.99
218.65	20246.42
218.72	19735.59
218.79	19214.32
218.87	18803.85
218.94	18632.30
219.01	18760.45
219.08	19175.79
219.16	19770.62
219.23	20435.39
219.30	21063.41
219.37	21603.74
219.45	22077.03
219.52	22510.99
219.59	22889.05
219.66	23239.62
219.74	23586.95
219.81	23913.42
219.88	24209.20
219.95	24490.90
220.03	24749.89
220.10	24964.62
220.17	25124.57
220.24	25189.18
220.32	25124.90
220.39	24915.02
220.46	24552.18
220.53	24081.34
220.61	23605.37
220.68	23268.92
220.75	23161.72
220.82	23320.55
220.90	23685.06
220.97	24180.37
221.04	24683.15
221.11	25141.72
221.19	25539.90
221.26	25916.55
221.33	26282.93
221.40	26660.51
221.48	27030.55
221.55	27388.70
221.62	27726.50
221.69	28048.90
221.77	28340.88
221.84	28595.40
221.91	28800.20
221.98	28957.31
222.06	29033.36
222.13	29030.17
222.20	28946.18
222.27	28795.52
222.35	28578.88
222.42	28371.70
222.49	28230.27
222.56	28185.30
222.63	28237.40
222.71	28397.03
222.78	28615.99
222.85	28858.38
222.92	29098.52
223.00	29358.71
223.07	29649.11
223.14	29944.45
223.21	30245.32
223.29	30569.55
223.36	30903.89
223.43	31227.68
223.50	31540.53
223.57	31833.10
223.65	32091.27
223.72	32281.18
223.79	32416.54
223.86	32493.23
223.94	32510.55
224.01	32504.63
224.08	32476.00
224.15	32429.45
224.22	32382.52
224.30	32351.25
224.37	32338.40
224.44	32385.85
224.51	32478.47
224.59	32631.54
224.66	32825.31
224.73	33040.70
224.80	33255.07
224.87	33488.01
224.95	33731.03
225.02	33998.07
225.09	34247.58
225.16	34504.89
225.23	34746.28
225.31	34962.69
225.38	35135.75
225.45	35287.44
225.52	35405.31
225.60	35471.59
225.67	35489.09
225.74	35465.11
225.81	35402.90
225.88	35329.49
225.96	35313.28
226.03	35372.90
226.10	35478.66
226.17	35642.35
226.24	35844.25
226.32	36032.60
226.39	36210.85
226.46	36407.69
226.53	36611.38
226.60	36804.01
226.68	36984.89
226.75	37162.84
226.82	37325.98
226.89	37477.40
226.96	37612.21
227.04	37729.87
227.11	37820.52
227.18	37917.54
227.25	37991.30
227.32	38073.58
227.40	38161.38
227.47	38229.54
227.54	38252.32
227.61	38256.23
227.68	38215.19
227.76	38144.80
227.83	38111.39
227.90	38136.12
227.97	38219.00
228.04	38358.42
228.11	38549.49
228.19	38733.00
228.26	38907.09
228.33	39057.45
228.40	39200.40
228.47	39346.65
228.55	39490.04
228.62	39628.32
228.69	39750.49
228.76	39851.21
228.83	39926.31
228.90	40004.59
228.98	40077.26
229.05	40183.08
229.12	40320.35
229.19	40462.76
229.26	40587.04
229.34	40700.50
229.41	40778.95
229.48	40823.88
229.55	40851.72
229.62	40868.75
229.69	40871.95
229.77	40852.58
229.84	40846.54
229.91	40848.14
229.98	40876.41
230.05	40928.02
230.12	41024.35
230.20	41148.88
230.27	41281.31
230.34	41412.06
230.41	41539.18
230.48	41652.46
230.55	41742.82
230.63	41824.21
230.70	41904.18
230.77	41963.67
230.84	42016.95
230.91	42055.84
230.98	42105.03
231.06	42151.15
231.13	42236.11
231.20	42336.08
231.27	42453.94
231.34	42568.36
231.41	42674.86
231.49	42745.22
231.56	42812.50
231.63	42863.74
231.70	42909.40
231.77	42944.45
231.84	42972.71
231.92	42987.57
231.99	43012.15
232.06	43042.36
232.13	43078.55
232.20	43146.53
232.27	43225.30
232.34	43290.40
232.42	43338.31
232.49	43389.03
232.56	43430.94
232.63	43475.41
232.70	43511.01
232.77	43573.86
232.85	43621.01
232.92	43677.65
232.99	43727.54
233.06	43798.36
233.13	43851.54
233.20	43914.17
233.27	43943.04
233.35	43975.47
233.42	44003.21
233.49	44025.69
233.56	44067.93
233.63	44118.07
233.70	44167.50
233.77	44209.01
233.85	44260.48
233.92	44309.51
233.99	44361.77
234.06	44400.15
234.13	44449.08
234.20	44490.34
234.27	44521.60
234.35	44555.63
234.42	44590.19
234.49	44603.22
234.56	44614.96
234.63	44609.90
234.70	44603.41
234.77	44595.02
234.84	44604.51
234.92	44602.80
234.99	44618.32
235.06	44639.48
235.13	44674.56
235.20	44696.78
235.27	44745.17
235.34	44787.65
235.41	44840.16
235.49	44878.91
235.56	44920.18
235.63	44948.59
235.70	44980.26
235.77	44987.10
235.84	44992.94
235.91	44994.72
235.98	44995.64
236.06	44990.74
236.13	44995.94
236.20	45005.64
236.27	45015.19
236.34	45024.84
236.41	45038.44
236.48	45036.09
236.55	45038.03
236.63	45045.13
236.70	45039.56
236.77	45038.98
236.84	45068.82
236.91	45094.74
236.98	45114.52
237.05	45143.15
237.12	45167.43
237.19	45171.98
237.27	45173.70
237.34	45180.25
237.41	45188.32
237.48	45192.39
237.55	45196.18
237.62	45203.85
237.69	45222.58
237.76	45241.83
237.83	45262.11
237.91	45288.52
237.98	45312.63
238.05	45319.11
238.12	45334.12
238.19	45341.23
238.26	45347.25
238.33	45353.36
238.40	45364.37
238.47	45357.55
238.54	45359.63
238.62	45363.92
238.69	45348.47
238.76	45328.23
238.83	45322.39
238.90	45334.33
238.97	45335.69
239.04	45363.54
239.11	45393.75
239.18	45423.02
239.25	45419.36
239.33	45417.94
239.40	45413.95
239.47	45393.26
239.54	45354.10
239.61	45328.64
239.68	45317.47
239.75	45309.38
239.82	45320.95
239.89	45329.05
239.96	45345.88
240.03	45356.64
240.11	45362.59
240.18	45367.66
240.25	45386.64
240.32	45399.26
240.39	45405.37
240.46	45413.18
240.53	45446.09
240.60	45490.59
240.67	45526.35
240.74	45561.97
240.81	45594.68
240.88	45599.01
240.96	45590.40
241.03	45600.04
241.10	45610.22
241.17	45610.08
241.24	45623.60
241.31	45643.13
241.38	45641.58
241.45	45626.90
241.52	45630.67
241.59	45626.06
241.66	45636.84
241.73	45656.34
241.80	45693.67
241.88	45722.91
241.95	45733.60
242.02	45726.38
242.09	45716.49
242.16	45709.31
242.23	45709.19
242.30	45721.90
242.37	45732.17
242.44	45764.62
242.51	45777.83
242.58	45785.65
242.65	45804.58
242.72	45831.94
242.79	45829.71
242.87	45858.99
242.94	45876.82
243.01	45892.11
243.08	45917.24
243.15	45941.40
243.22	45957.51
243.29	45981.34
243.36	46007.15
243.43	46020.02
243.50	46073.94
243.57	46111.52
243.64	46139.55
243.71	46175.91
243.78	46215.50
243.85	46216.77
243.92	46221.22
243.99	46248.41
244.07	46264.84
244.14	46270.67
244.21	46282.42
244.28	46307.63
244.35	46311.52
244.42	46321.70
244.49	46336.80
244.56	46369.89
244.63	46390.76
244.70	46415.80
244.77	46431.29
244.84	46461.95
244.91	46490.69
244.98	46516.35
245.05	46549.79
245.12	46595.22
245.19	46636.05
245.26	46659.55
245.33	46698.85
245.40	46742.32
245.47	46786.47
245.55	46828.44
245.62	46866.09
245.69	46907.83
245.76	46952.93
245.83	47006.59
245.90	47051.42
245.97	47103.24
246.04	47149.12
246.11	47190.29
246.18	47202.01
246.25	47217.25
246.32	47225.47
246.39	47235.48
246.46	47248.60
246.53	47294.94
246.60	47353.35
246.67	47431.41
246.74	47495.78
246.81	47564.41
246.88	47624.21
246.95	47674.17
247.02	47707.90
247.09	47748.53
247.16	47779.92
247.23	47788.56
247.30	47797.30
247.37	47808.50
247.44	47828.62
247.51	47866.20
247.58	47906.25
247.66	47961.04
247.73	48035.76
247.80	48101.06
247.87	48153.28
247.94	48219.15
248.01	48284.13
248.08	48339.81
248.15	48397.02
248.22	48449.07
248.29	48505.98
248.36	48556.47
248.43	48608.65
248.50	48660.81
248.57	48717.73
248.64	48771.31
248.71	48835.91
248.78	48904.04
248.85	48965.58
248.92	49022.39
248.99	49065.33
249.06	49089.65
249.13	49108.30
249.20	49132.96
249.27	49167.82
249.34	49210.29
249.41	49252.94
249.48	49279.89
249.55	49298.94
249.62	49312.55
249.69	49333.54
249.76	49356.15
249.83	49387.06
249.90	49450.02
249.97	49520.93
250.04	49601.34
250.11	49709.15
250.18	49811.93
250.25	49886.46
250.32	49943.90
250.39	50000.83
250.46	50032.91
250.53	50076.95
250.60	50136.65
250.67	50216.94
250.74	50279.47
250.81	50321.82
250.88	50363.81
250.95	50395.24
251.02	50418.80
251.09	50430.45
251.16	50475.63
251.23	50509.86
251.30	50544.66
251.37	50586.36
251.44	50634.78
251.51	50678.19
251.58	50740.34
251.65	50814.70
251.72	50871.89
251.79	50942.54
251.86	51000.97
251.93	51047.91
252.00	51073.49
252.07	51098.87
252.14	51122.90
252.21	51143.51
252.28	51179.66
252.35	51208.64
252.42	51268.01
252.49	51327.06
252.56	51392.78
252.63	51443.89
252.70	51509.10
252.77	51551.52
252.84	51594.40
252.91	51638.74
252.98	51687.14
253.05	51722.22
253.12	51746.96
253.19	51784.68
253.25	51814.43
253.32	51836.97
253.39	51886.65
253.46	51938.61
253.53	51977.21
253.60	51994.76
253.67	52016.98
253.74	52045.36
253.81	52082.10
253.88	52115.44
253.95	52175.22
254.02	52236.63
254.09	52276.39
254.16	52315.51
254.23	52344.07
254.30	52359.65
254.37	52393.19
254.44	52432.19
254.51	52466.80
254.58	52498.73
254.65	52555.07
254.72	52583.98
254.79	52594.76
254.86	52617.88
254.93	52644.18
255.00	52661.70
255.07	52691.95
255.14	52748.31
255.21	52769.33
255.28	52782.64
255.34	52771.23
255.41	52743.83
255.48	52711.73
255.55	52723.37
255.62	52743.12
255.69	52784.47
255.76	52833.66
255.83	52884.62
255.90	52920.28
255.97	52975.03
256.04	53013.26
256.11	53071.21
256.18	53125.51
256.25	53182.00
256.32	53228.06
256.39	53281.84
256.46	53316.75
256.53	53353.22
256.60	53395.00
256.67	53435.24
256.74	53469.00
256.80	53491.14
256.87	53491.82
256.94	53474.41
257.01	53463.30
257.08	53466.71
257.15	53492.58
257.22	53511.78
257.29	53499.97
257.36	53464.85
257.43	53416.77
257.50	53345.68
257.57	53287.41
257.64	53285.97
257.71	53308.81
257.78	53361.54
257.85	53440.11
257.92	53531.26
257.98	53609.98
258.05	53667.91
258.12	53677.77
258.19	53648.87
258.26	53591.43
258.33	53510.80
258.40	53442.66
258.47	53404.56
258.54	53399.02
258.61	53418.25
258.68	53465.91
258.75	53519.17
258.82	53586.27
258.89	53635.95
258.95	53677.97
259.02	53692.94
259.09	53687.51
259.16	53651.25
259.23	53618.31
259.30	53568.01
259.37	53550.87
259.44	53549.03
259.51	53557.85
259.58	53580.63
259.65	53612.18
259.72	53612.81
259.79	53586.94
259.85	53552.87
259.92	53514.21
259.99	53507.69
260.06	53512.36
260.13	53532.19
260.20	53554.93
260.27	53558.44
260.34	53516.80
260.41	53488.45
260.48	53468.04
260.55	53460.93
260.62	53460.52
260.68	53451.18
260.75	53428.78
260.82	53410.64
260.89	53400.88
260.96	53390.99
261.03	53401.22
261.10	53387.43
261.17	53365.34
261.24	53308.90
261.31	53242.77
261.38	53174.88
261.44	53122.90
261.51	53071.26
261.58	53036.57
261.65	53042.10
261.72	53071.02
261.79	53095.17
261.86	53107.88
261.93	53129.57
262.00	53098.64
262.07	53035.78
262.13	52980.39
262.20	52942.96
262.27	52897.50
262.34	52892.83
262.41	52909.02
262.48	52912.45
262.55	52932.80
262.62	52953.13
262.69	52946.31
262.76	52935.74
262.82	52917.60
262.89	52890.00
262.96	52862.36
263.03	52852.75
263.10	52836.08
263.17	52827.28
263.24	52815.16
263.31	52810.26
263.38	52816.29
263.44	52839.37
263.51	52865.82
263.58	52867.46
263.65	52837.28
263.72	52750.54
263.79	52637.30
263.86	52538.28
263.93	52458.73
264.00	52415.15
264.06	52413.62
264.13	52423.18
264.20	52415.92
264.27	52380.54
264.34	52312.30
264.41	52226.01
264.48	52161.69
264.55	52081.13
264.61	52001.30
264.68	51937.74
264.75	51890.26
264.82	51813.79
264.89	51777.95
264.96	51783.72
265.03	51788.26
265.10	51796.59
265.16	51810.26
265.23	51799.28
265.30	51766.05
265.37	51712.50
265.44	51649.01
265.51	51611.58
265.58	51598.62
265.65	51598.24
265.71	51632.93
265.78	51677.07
265.85	51683.14
265.92	51643.34
265.99	51562.93
266.06	51464.77
266.13	51347.81
266.20	51251.59
266.26	51184.19
266.33	51142.63
266.40	51107.34
266.47	51074.64
266.54	51036.27
266.61	51005.86
266.68	50993.69
266.74	50972.09
266.81	50935.35
266.88	50857.58
266.95	50753.64
267.02	50648.97
267.09	50552.72
267.16	50506.16
267.22	50521.17
267.29	50563.71
267.36	50608.24
267.43	50660.33
267.50	50687.37
267.57	50675.71
267.64	50617.36
267.70	50536.31
267.77	50449.84
267.84	50377.06
267.91	50340.00
267.98	50348.87
268.05	50368.00
268.11	50385.21
268.18	50379.06
268.25	50328.49
268.32	50232.21
268.39	50103.91
268.46	49940.32
268.53	49773.43
268.59	49614.17
268.66	49501.74
268.73	49430.53
268.80	49429.77
268.87	49453.94
268.94	49533.33
269.00	49631.15
269.07	49707.35
269.14	49751.57
269.21	49757.84
269.28	49716.35
269.35	49630.73
269.41	49562.20
269.48	49517.51
269.55	49500.88
269.62	49505.31
269.69	49524.01
269.76	49524.50
269.82	49476.39
269.89	49413.18
269.96	49352.91
270.03	49276.68
270.10	49183.49
270.17	49106.56
270.23	49042.29
270.30	48978.87
270.37	48945.48
270.44	48961.26
270.51	48971.98
270.58	48988.47
270.64	48988.87
270.71	48985.24
270.78	48979.39
270.85	48988.66
270.92	48994.48
270.99	48999.13
271.05	48975.53
271.12	48902.77
271.19	48804.46
271.26	48687.34
271.33	48593.79
271.39	48524.99
271.46	48466.53
271.53	48425.79
271.60	48401.53
271.67	48363.66
271.74	48313.11
271.80	48277.00
271.87	48250.02
271.94	48207.99
272.01	48162.00
272.08	48134.03
272.14	48114.60
272.21	48082.32
272.28	48066.68
272.35	48043.84
272.42	48014.32
272.48	48001.05
272.55	48000.01
272.62	47990.91
272.69	47985.71
272.76	47988.48
272.83	47971.81
272.89	47938.43
272.96	47903.12
273.03	47885.52
273.10	47869.43
273.17	47835.95
273.23	47800.85
273.30	47750.35
273.37	47661.05
273.44	47536.55
273.51	47419.10
273.57	47333.19
273.64	47289.17
273.71	47278.60
273.78	47294.82
273.85	47336.34
273.91	47375.97
273.98	47438.03
274.05	47530.20
274.12	47639.22
274.19	47754.43
274.25	47853.71
274.32	47903.59
274.39	47897.70
274.46	47835.26
274.53	47728.24
274.59	47587.18
274.66	47447.17
274.73	47320.90
274.80	47222.77
274.86	47147.76
274.93	47114.19
275.00	47092.94
275.07	47074.06
275.14	47053.43
275.20	47019.16
275.27	46991.09
275.34	46968.86
275.41	46946.28
275.48	46936.83
275.54	46964.77
275.61	46987.61
275.68	46999.98
275.75	47009.76
275.81	47012.18
275.88	47004.80
275.95	47003.76
276.02	47010.93
276.09	47025.17
276.15	47042.42
276.22	47042.56
276.29	47021.69
276.36	46933.86
276.42	46819.12
276.49	46681.62
276.56	46539.51
276.63	46408.26
276.70	46341.81
276.76	46337.31
276.83	46378.17
276.90	46429.61
276.97	46492.25
277.03	46538.60
277.10	46515.18
277.17	46459.18
277.24	46382.24
277.30	46310.20
277.37	46272.34
277.44	46291.50
277.51	46340.75
277.58	46410.06
277.64	46450.28
277.71	46434.61
277.78	46359.76
277.85	46238.90
277.91	46090.61
277.98	45934.66
278.05	45817.86
278.12	45747.52
278.18	45702.44
278.25	45705.21
278.32	45756.39
278.39	45842.75
278.45	45948.45
278.52	46086.63
278.59	46218.14
278.66	46317.97
278.72	46356.84
278.79	46333.06
278.86	46222.99
278.93	46049.70
278.99	45836.22
279.06	45652.20
279.13	45522.44
279.20	45487.53
279.26	45542.91
279.33	45673.49
279.40	45819.81
279.47	45963.16
279.53	46054.29
279.60	46054.67
279.67	45939.41
279.74	45720.10
279.80	45446.69
279.87	45194.24
279.94	44997.22
280.01	44917.44
280.07	44932.64
280.14	44987.63
280.21	45041.74
280.28	45109.26
280.34	45151.30
280.41	45191.41
280.48	45235.94
280.55	45276.09
280.61	45299.31
280.68	45330.45
280.75	45348.21
280.82	45366.94
280.88	45389.53
280.95	45390.00
281.02	45352.39
281.08	45284.22
281.15	45184.17
281.22	45063.51
281.29	44935.18
281.35	44793.75
281.42	44654.75
281.49	44497.57
281.56	44343.76
281.62	44213.49
281.69	44112.39
281.76	44039.02
281.82	43990.95
281.89	43965.93
281.96	43966.52
282.03	43990.29
282.09	44030.04
282.16	44094.86
282.23	44172.30
282.30	44254.91
282.36	44341.58
282.43	44433.62
282.50	44529.22
282.56	44593.93
282.63	44640.09
282.70	44668.29
282.77	44698.39
282.83	44729.78
282.90	44765.68
282.97	44773.14
283.03	44716.30
283.10	44560.15
283.17	44329.39
283.24	44052.38
283.30	43793.51
283.37	43591.75
283.44	43467.55
283.50	43429.42
283.57	43453.02
283.64	43488.51
283.71	43537.47
283.77	43601.56
283.84	43654.05
283.91	43707.95
283.97	43779.93
284.04	43870.76
284.11	43943.46
284.18	44012.23
284.24	44061.53
284.31	44079.84
284.38	44049.59
284.44	44018.56
284.51	43993.72
284.58	43971.32
284.64	43957.51
284.71	43945.63
284.78	43897.51
284.85	43828.96
284.91	43750.95
284.98	43654.75
285.05	43537.41
285.11	43425.32
285.18	43271.77
285.25	43111.15
285.31	42956.96
285.38	42855.30
285.45	42811.55
285.52	42851.45
285.58	42948.48
285.65	43073.85
285.72	43196.47
285.78	43320.27
285.85	43419.03
285.92	43499.98
285.98	43582.12
286.05	43684.12
286.12	43775.78
286.18	43873.83
286.25	43966.32
286.32	44048.59
286.39	44094.79
286.45	44098.17
286.52	44035.73
286.59	43901.30
286.65	43689.75
286.72	43433.20
286.79	43177.27
286.85	42961.23
286.92	42796.56
286.99	42715.35
287.05	42684.49
287.12	42710.59
287.19	42759.33
287.25	42863.23
287.32	42960.83
287.39	43067.48
287.45	43151.51
287.52	43233.01
287.59	43297.36
287.65	43364.18
287.72	43432.52
287.79	43507.22
287.86	43574.56
287.92	43618.69
287.99	43656.98
288.06	43709.92
288.12	43744.85
288.19	43791.62
288.26	43829.18
288.32	43863.32
288.39	43854.02
288.46	43835.03
288.52	43786.03
288.59	43686.85
288.66	43529.47
288.72	43324.39
288.79	43097.53
288.86	42874.71
288.92	42721.12
288.99	42645.28
289.06	42670.42
289.12	42769.85
289.19	42922.42
289.26	43093.44
289.32	43286.32
289.39	43483.82
289.45	43670.46
289.52	43809.69
289.59	43928.42
289.65	43984.45
289.72	43976.15
289.79	43958.30
289.85	43913.70
289.92	43852.10
289.99	43790.26
290.05	43713.22
290.12	43581.77
290.19	43501.23
290.25	43431.36
290.32	43399.32
290.39	43410.36
290.45	43444.49
290.52	43452.43
290.59	43403.04
290.65	43280.85
290.72	43125.82
290.79	42991.98
290.85	42906.83
290.92	42940.04
290.98	43052.85
291.05	43233.48
291.12	43427.75
291.18	43611.06
291.25	43774.68
291.32	43930.51
291.38	44054.94
291.45	44195.05
291.52	44311.72
291.58	44391.79
291.65	44431.65
291.72	44432.44
291.78	44365.29
291.85	44249.16
291.91	44104.74
291.98	43982.75
292.05	43873.05
292.11	43771.44
292.18	43671.49
292.25	43545.07
292.31	43396.41
292.38	43265.59
292.45	43154.78
292.51	43115.24
292.58	43119.74
292.64	43183.38
292.71	43275.37
292.78	43410.05
292.84	43539.33
292.91	43721.85
292.98	43889.95
293.04	44060.56
293.11	44218.29
293.17	44381.03
293.24	44527.91
293.31	44669.82
293.37	44789.59
293.44	44875.76
293.51	44934.10
293.57	44937.50
293.64	44891.36
293.70	44798.93
293.77	44621.37
293.84	44369.17
293.90	44088.32
293.97	43824.65
294.04	43607.15
294.10	43492.73
294.17	43480.36
294.23	43519.27
294.30	43566.31
294.37	43603.01
294.43	43608.72
294.50	43574.11
294.56	43551.92
294.63	43565.63
294.70	43629.48
294.76	43766.33
294.83	43970.73
294.90	44202.38
294.96	44440.26
295.03	44664.77
295.09	44872.60
295.16	45062.46
295.23	45223.21
295.29	45367.10
295.36	45491.15
295.42	45570.79
295.49	45606.45
295.56	45629.12
295.62	45607.36
295.69	45519.69
295.75	45406.55
295.82	45233.43
295.89	44975.54
295.95	44671.34
296.02	44378.27
296.08	44083.11
296.15	43821.94
296.22	43638.63
296.28	43553.54
296.35	43547.59
296.41	43636.21
296.48	43820.81
296.55	44081.30
296.61	44358.88
296.68	44647.31
296.74	44920.64
296.81	45152.03
296.88	45332.54
296.94	45494.27
297.01	45623.35
297.07	45735.85
297.14	45869.01
297.20	46008.00
297.27	46149.55
297.34	46297.31
297.40	46433.61
297.47	46519.72
297.53	46560.36
297.60	46561.50
297.67	46501.96
297.73	46375.63
297.80	46157.08
297.86	45840.28
297.93	45447.57
298.00	45035.39
298.06	44652.22
298.13	44383.00
298.19	44252.20
298.26	44239.36
298.32	44306.57
298.39	44419.09
298.46	44548.50
298.52	44701.64
298.59	44872.17
298.65	45070.82
298.72	45309.41
298.78	45549.99
298.85	45780.80
298.92	45994.74
298.98	46209.34
299.05	46385.79
299.11	46558.34
299.18	46702.98
299.24	46841.19
299.31	46939.02
299.38	47027.22
299.44	47091.19
299.51	47155.71
299.57	47180.66
299.64	47192.09
299.70	47175.83
299.77	47110.72
299.84	46968.11
299.90	46697.82
299.97	46265.59
300.03	45705.94
300.10	45140.87
300.16	44656.67
300.23	44377.99
300.30	44332.41
300.36	44487.00
300.43	44754.57
300.49	45072.91
300.56	45375.05
300.62	45675.41
300.69	45943.06
300.75	46203.73
300.82	46446.75
300.89	46667.85
300.95	46851.43
301.02	47018.04
301.08	47153.79
301.15	47260.59
301.21	47365.51
301.28	47455.44
301.34	47557.82
301.41	47627.81
301.48	47702.03
301.54	47741.81
301.61	47763.88
301.67	47742.04
301.74	47689.38
301.80	47550.92
301.87	47334.02
301.93	47031.20
302.00	46648.42
302.06	46228.31
302.13	45820.37
302.20	45492.43
302.26	45270.10
302.33	45176.22
302.39	45188.41
302.46	45296.44
302.52	45472.30
302.59	45678.01
302.65	45904.07
302.72	46144.02
302.78	46379.46
302.85	46591.42
302.91	46788.91
302.98	46972.39
303.05	47118.71
303.11	47256.14
303.18	47374.05
303.24	47480.53
303.31	47555.73
303.37	47633.39
303.44	47682.29
303.50	47710.58
303.57	47708.14
303.63	47699.15
303.70	47672.50
303.76	47629.09
303.83	47578.65
303.89	47507.04
303.96	47396.68
304.03	47219.69
304.09	46968.49
304.16	46605.77
304.22	46170.91
304.29	45764.54
304.35	45443.97
304.42	45255.17
304.48	45239.07
304.55	45354.40
304.61	45523.90
304.68	45726.54
304.74	45940.23
304.81	46138.94
304.87	46323.65
304.94	46497.67
305.00	46636.51
305.07	46740.42
305.13	46820.91
305.20	46892.43
305.26	46959.40
305.33	47017.98
305.39	47072.81
305.46	47108.78
305.52	47146.13
305.59	47164.14
305.66	47154.51
305.72	47129.40
305.79	47098.64
305.85	47032.05
305.92	46912.10
305.98	46749.94
306.05	46531.10
306.11	46251.98
306.18	45957.15
306.24	45673.79
306.31	45407.79
306.37	45137.30
306.44	44900.02
306.50	44692.79
306.57	44554.14
306.63	44527.49
306.70	44617.23
306.76	44781.93
306.83	44988.32
306.89	45196.80
306.96	45366.56
307.02	45505.74
307.09	45624.28
307.15	45726.90
307.22	45802.83
307.28	45867.70
307.35	45904.73
307.41	45919.42
307.48	45923.39
307.54	45930.07
307.61	45919.48
307.67	45900.84
307.74	45883.13
307.80	45854.66
307.87	45807.44
307.93	45767.48
308.00	45727.39
308.06	45671.42
308.13	45590.99
308.19	45484.90
308.26	45357.49
308.32	45225.65
308.38	45092.56
308.45	44946.95
308.51	44783.26
308.58	44579.30
308.64	44346.94
308.71	44137.42
308.77	43983.33
308.84	43901.36
308.90	43905.84
308.97	43968.47
309.03	44068.08
309.10	44166.57
309.16	44251.94
309.23	44325.24
309.29	44380.94
309.36	44394.90
309.42	44403.75
309.49	44414.30
309.55	44407.70
309.62	44396.39
309.68	44390.48
309.75	44359.62
309.81	44314.90
309.88	44266.68
309.94	44198.09
310.00	44114.43
310.07	44044.01
310.13	43981.54
310.20	43892.36
310.26	43828.54
310.33	43754.92
310.39	43686.12
310.46	43595.29
310.52	43511.96
310.59	43396.48
310.65	43261.19
310.72	43099.03
310.78	42943.91
310.85	42810.86
310.91	42720.23
310.97	42692.91
311.04	42698.04
311.10	42710.92
311.17	42733.85
311.23	42750.71
311.30	42743.28
311.36	42744.62
311.43	42765.32
311.49	42769.16
311.56	42773.49
311.62	42777.16
311.69	42783.42
311.75	42774.38
311.81	42759.62
311.88	42730.07
311.94	42693.34
312.01	42633.74
312.07	42572.79
312.14	42521.34
312.20	42475.47
312.27	42429.92
312.33	42385.23
312.40	42327.74
312.46	42256.27
312.52	42175.27
312.59	42095.16
312.65	42014.87
312.72	41937.86
312.78	41857.61
312.85	41772.65
312.91	41681.09
312.98	41571.49
313.04	41453.02
313.10	41329.45
313.17	41229.72
313.23	41151.97
313.30	41095.39
313.36	41054.18
313.43	41051.16
313.49	41056.00
313.56	41044.96
313.62	41036.37
313.68	41038.81
313.75	41019.75
313.81	40990.38
313.88	40960.30
313.94	40937.28
314.01	40903.11
314.07	40876.25
314.13	40841.62
314.20	40814.59
314.26	40774.37
314.33	40736.83
314.39	40694.37
314.46	40642.36
314.52	40579.18
314.58	40514.26
314.65	40441.10
314.71	40351.00
314.78	40268.19
314.84	40194.20
314.91	40129.65
314.97	40067.08
315.03	40021.69
315.10	39975.50
315.16	39915.77
315.23	39857.46
315.29	39796.83
315.36	39734.65
315.42	39680.37
315.48	39633.46
315.55	39581.14
315.61	39529.39
315.68	39478.17
315.74	39415.53
315.81	39360.54
315.87	39315.04
315.93	39288.53
316.00	39283.56
316.06	39287.01
316.13	39292.84
316.19	39275.74
316.25	39201.09
316.32	39079.29
316.38	38926.46
316.45	38725.81
316.51	38492.91
316.58	38252.96
316.64	38007.94
316.70	37752.86
316.77	37500.88
316.83	37255.02
316.90	37000.10
316.96	36739.17
317.02	36486.42
317.09	36233.03
317.15	35975.26
317.22	35722.34
317.28	35459.81
317.34	35193.72
317.41	34936.72
317.47	34679.51
317.54	34435.10
317.60	34195.09
317.66	33950.34
317.73	33685.74
317.79	33420.59
317.86	33154.07
317.92	32881.02
317.98	32601.72
318.05	32325.65
318.11	32050.11
318.18	31769.50
318.24	31491.39
318.30	31215.36
318.37	30941.10
318.43	30663.57
318.50	30380.76
318.56	30100.72
318.62	29824.37
318.69	29546.61
318.75	29273.12
318.82	29008.23
318.88	28742.58
318.94	28463.32
319.01	28194.61
319.07	27932.49
319.13	27655.34
319.20	27378.01
319.26	27099.30
319.33	26814.72
319.39	26510.64
319.45	26218.99
319.52	25927.13
319.58	25636.75
319.65	25335.46
319.71	25056.17
319.77	24763.90
319.84	24483.99
319.90	24204.91
319.96	23928.06
320.03	23638.93
320.09	23370.34
320.16	23073.87
320.22	22783.84
320.28	22491.63
320.35	22202.28
320.41	21906.29
320.47	21629.54
320.54	21347.04
320.60	21073.46
320.67	20801.34
320.73	20521.96
320.79	20235.35
320.86	19959.87
320.92	19664.46
320.98	19364.36
321.05	19069.43
321.11	18769.51
321.18	18466.02
321.24	18188.00
321.30	17906.60
321.37	17630.16
321.43	17368.56
321.49	17093.30
321.56	16817.13
321.62	16547.55
321.68	16258.26
321.75	15967.31
321.81	15690.09
321.88	15397.97
321.94	15110.40
322.00	14830.50
322.07	14534.99
322.13	14250.19
322.19	13973.09
322.26	13682.41
322.32	13406.93
322.38	13139.19
322.45	12870.67
322.51	12589.79
322.58	12326.37
322.64	12047.86
322.70	11776.64
322.77	11488.50
322.83	11222.74
322.89	10947.75
322.96	10672.69
323.02	10399.36
323.08	10132.28
323.15	9862.97
323.21	9596.92
323.27	9337.14
323.34	9080.69
323.40	8831.75
323.46	8577.61
323.53	8215.63
323.59	7098.51
323.65	5494.18
323.72	3807.92
323.78	2177.94
323.85	704.94
323.91	44.95
323.97	-81.94
324.04	-81.09
