180.21	3368.40
180.28	-115.80
180.36	625.54
180.44	-41.79
180.51	-13.20
180.59	9.14
180.66	36.45
180.74	33.07
180.81	31.34
180.89	34.50
180.97	34.97
181.04	32.21
181.12	31.08
181.19	31.25
181.27	31.43
181.34	49.61
181.42	56.41
181.50	64.07
181.57	76.74
181.65	81.80
181.72	75.57
181.80	70.39
181.87	71.18
181.95	70.41
182.03	69.31
182.10	70.55
182.18	73.52
182.25	78.54
182.33	78.59
182.40	85.10
182.48	80.79
182.55	91.72
182.63	94.99
182.71	97.65
182.78	99.64
182.86	106.75
182.93	103.83
183.01	106.68
183.08	106.23
183.16	111.79
183.23	107.10
183.31	113.18
183.39	112.39
183.46	123.00
183.54	119.20
183.61	127.32
183.69	130.57
183.76	141.29
183.84	140.29
183.91	141.46
183.99	151.21
184.06	151.40
184.14	153.96
184.22	158.27
184.29	161.50
184.37	158.67
184.44	153.49
184.52	141.83
184.59	139.05
184.67	143.23
184.74	138.30
184.82	151.38
184.89	164.36
184.97	173.74
185.04	182.13
185.12	192.10
185.20	199.69
185.27	209.64
185.35	219.37
185.42	219.11
185.50	232.42
185.57	233.70
185.65	237.70
185.72	238.71
185.80	247.83
185.87	244.45
185.95	243.70
186.02	246.82
186.10	245.00
186.17	244.30
186.25	244.84
186.33	237.11
186.40	227.52
186.48	228.81
186.55	232.82
186.63	235.95
186.70	263.91
186.78	283.67
186.85	302.14
186.93	314.48
187.00	332.26
187.08	330.31
187.15	339.75
187.23	345.83
187.30	354.32
187.38	366.47
187.45	385.77
187.53	401.28
187.60	409.75
187.68	420.89
187.75	431.25
187.83	439.04
187.90	435.34
187.98	435.12
188.05	437.39
188.13	421.05
188.21	397.05
188.28	393.38
188.36	388.06
188.43	386.27
188.51	402.73
188.58	433.05
188.66	442.41
188.73	461.94
188.81	484.85
188.88	496.94
188.96	511.45
189.03	540.04
189.11	563.18
189.18	577.96
189.26	598.57
189.33	624.40
189.41	649.79
189.48	670.56
189.56	692.00
189.63	710.55
189.71	706.40
189.78	685.85
189.86	665.11
189.93	645.79
190.01	619.16
190.08	602.01
190.16	590.90
190.23	574.25
190.31	568.45
190.38	566.04
190.46	574.53
190.53	598.31
190.61	644.37
190.68	673.89
190.76	722.66
190.83	762.68
190.91	790.74
190.98	805.28
191.06	829.15
191.13	843.03
191.21	851.76
191.28	853.89
191.35	854.97
191.43	849.42
191.50	835.83
191.58	832.74
191.65	842.03
191.73	851.52
191.80	862.53
191.88	867.59
191.95	869.72
192.03	871.75
192.10	879.34
192.18	889.38
192.25	910.04
192.33	921.51
192.40	922.16
192.48	915.53
192.55	910.61
192.63	898.85
192.70	898.36
192.78	906.79
192.85	926.39
192.93	937.16
193.00	938.97
193.08	926.79
193.15	916.40
193.22	909.00
193.30	912.86
193.37	951.08
193.45	994.25
193.52	1045.05
193.60	1098.66
193.67	1145.27
193.75	1172.57
193.82	1204.99
193.90	1219.50
193.97	1223.77
194.05	1216.01
194.12	1197.31
194.20	1174.85
194.27	1149.68
194.34	1107.83
194.42	1070.60
194.49	1049.04
194.57	1032.75
194.64	1014.43
194.72	1005.41
194.79	1010.66
194.87	1024.79
194.94	1058.34
195.02	1116.36
195.09	1190.73
195.17	1265.74
195.24	1331.91
195.31	1379.34
195.39	1409.78
195.46	1425.27
195.54	1437.39
195.61	1435.74
195.69	1417.80
195.76	1387.04
195.84	1342.16
195.91	1262.19
195.99	1173.15
196.06	1096.80
196.13	1051.22
196.21	1038.37
196.28	1069.07
196.36	1138.40
196.43	1223.07
196.51	1310.22
196.58	1392.54
196.66	1464.37
196.73	1514.99
196.80	1548.21
196.88	1561.70
196.95	1570.04
197.03	1568.88
197.10	1549.84
197.18	1517.26
197.25	1465.53
197.33	1387.78
197.40	1305.03
197.47	1223.10
197.55	1161.86
197.62	1126.99
197.70	1124.40
197.77	1151.39
197.85	1212.38
197.92	1286.24
197.99	1376.67
198.07	1476.04
198.14	1568.17
198.22	1655.86
198.29	1724.89
198.37	1773.11
198.44	1805.23
198.51	1815.14
198.59	1800.42
198.66	1775.09
198.74	1721.57
198.81	1631.67
198.89	1521.17
198.96	1414.89
199.03	1306.85
199.11	1233.08
199.18	1204.60
199.26	1231.97
199.33	1295.22
199.41	1396.74
199.48	1506.17
199.55	1622.50
199.63	1719.00
199.70	1806.40
199.78	1871.61
199.85	1933.93
199.93	1980.30
200.00	2025.95
200.07	2036.47
200.15	2032.38
200.22	1989.73
200.30	1905.65
200.37	1777.53
200.44	1620.30
200.52	1473.51
200.59	1372.13
200.67	1326.12
200.74	1337.81
200.81	1413.72
200.89	1510.87
200.96	1616.01
201.04	1719.55
201.11	1834.52
201.19	1949.18
201.26	2052.50
201.33	2137.29
201.41	2208.45
201.48	2246.79
201.56	2257.36
201.63	2255.61
201.70	2215.20
201.78	2135.26
201.85	2022.23
201.93	1891.51
202.00	1756.67
202.07	1651.24
202.15	1564.38
202.22	1526.28
202.30	1548.34
202.37	1610.44
202.44	1708.40
202.52	1853.14
202.59	2010.86
202.67	2149.23
202.74	2277.59
202.81	2386.04
202.89	2480.55
202.96	2572.18
203.04	2656.53
203.11	2710.45
203.18	2738.11
203.26	2724.70
203.33	2655.74
203.41	2531.32
203.48	2361.09
203.55	2137.74
203.63	1928.94
203.70	1784.74
203.77	1721.49
203.85	1752.15
203.92	1882.13
204.00	2065.80
204.07	2246.80
204.14	2427.55
204.22	2591.51
204.29	2752.36
204.37	2892.82
204.44	3016.41
204.51	3115.13
204.59	3179.51
204.66	3200.05
204.73	3188.62
204.81	3137.29
204.88	3044.22
204.96	2905.68
205.03	2709.87
205.10	2494.49
205.18	2309.67
205.25	2160.48
205.32	2082.33
205.40	2099.82
205.47	2197.30
205.55	2342.27
205.62	2536.46
205.69	2766.84
205.77	3002.45
205.84	3222.69
205.91	3417.38
205.99	3584.61
206.06	3717.94
206.14	3838.70
206.21	3950.41
206.28	4030.07
206.36	4084.70
206.43	4083.47
206.50	4015.84
206.58	3860.26
206.65	3626.12
206.72	3306.18
206.80	2978.38
206.87	2704.15
206.95	2546.33
207.02	2541.72
207.09	2685.16
207.17	2935.74
207.24	3232.96
207.31	3531.31
207.39	3810.14
207.46	4073.59
207.53	4308.66
207.61	4533.36
207.68	4730.58
207.75	4908.19
207.83	5054.44
207.90	5162.97
207.98	5199.28
208.05	5174.62
208.12	5064.95
208.20	4869.48
208.27	4583.11
208.34	4232.06
208.42	3866.89
208.49	3579.08
208.56	3397.56
208.64	3370.06
208.71	3484.69
208.78	3697.45
208.86	3965.76
208.93	4265.80
209.00	4574.35
209.08	4891.87
209.15	5222.23
209.22	5530.50
209.30	5810.27
209.37	6057.22
209.44	6277.10
209.52	6451.68
209.59	6570.32
209.67	6640.25
209.74	6633.86
209.81	6536.37
209.89	6317.93
209.96	5987.69
210.03	5572.95
210.11	5167.98
210.18	4805.03
210.25	4565.02
210.33	4503.57
210.40	4621.30
210.47	4866.04
210.55	5220.57
210.62	5626.70
210.69	6028.63
210.77	6428.84
210.84	6787.93
210.91	7128.06
210.99	7431.47
211.06	7728.89
211.13	7998.64
211.21	8246.07
211.28	8436.38
211.35	8573.54
211.42	8607.77
211.50	8509.06
211.57	8280.35
211.64	7914.12
211.72	7430.67
211.79	6905.24
211.86	6487.80
211.94	6275.99
212.01	6280.62
212.08	6508.52
212.16	6896.88
212.23	7326.48
212.30	7716.04
212.38	8066.01
212.45	8384.77
212.52	8682.94
212.60	8962.80
212.67	9253.57
212.74	9557.07
212.82	9864.95
212.89	10165.79
212.96	10432.97
213.03	10617.80
213.11	10698.40
213.18	10644.76
213.25	10468.60
213.33	10145.16
213.40	9707.08
213.47	9279.88
213.55	8935.98
213.62	8708.72
213.69	8686.71
213.77	8871.44
213.84	9181.47
213.91	9573.85
213.98	9991.04
214.06	10376.23
214.13	10718.31
214.20	11012.94
214.28	11303.98
214.35	11616.83
214.42	11970.57
214.50	12350.44
214.57	12734.16
214.64	13073.14
214.72	13348.19
214.79	13531.43
214.86	13610.82
214.93	13564.03
215.01	13378.04
215.08	13037.09
215.15	12559.73
215.23	12012.65
215.30	11567.05
215.37	11338.56
215.44	11395.03
215.52	11725.59
215.59	12261.91
215.66	12846.70
215.74	13393.30
215.81	13857.23
215.88	14275.68
215.95	14661.37
216.03	15050.18
216.10	15414.55
216.17	15760.43
216.25	16054.97
216.32	16314.05
216.39	16493.99
216.46	16626.72
216.54	16707.63
216.61	16741.06
216.68	16668.03
216.76	16499.68
216.83	16190.50
216.90	15753.08
216.97	15287.91
217.05	14950.98
217.12	14800.78
217.19	14907.70
217.27	15271.50
217.34	15811.84
217.41	16409.39
217.48	17017.02
217.56	17587.93
217.63	18109.23
217.70	18551.84
217.78	18928.86
217.85	19239.06
217.92	19509.08
217.99	19732.70
218.07	19926.32
218.14	20095.67
218.21	20285.94
218.28	20472.03
218.36	20638.18
218.43	20741.32
218.50	20754.79
218.57	20595.30
218.65	20248.07
218.72	19735.27
218.79	19210.84
218.87	18801.00
218.94	18616.05
219.01	18728.74
219.08	19145.45
219.16	19745.55
219.23	20403.67
219.30	21029.11
219.37	21578.88
219.45	22054.59
219.52	22477.39
219.59	22852.72
219.66	23212.06
219.74	23556.58
219.81	23891.50
219.88	24182.83
219.95	24465.18
220.03	24726.09
220.10	24943.03
220.17	25099.94
220.24	25172.31
220.32	25104.19
220.39	24887.20
220.46	24518.59
220.53	24035.95
220.61	23554.08
220.68	23231.65
220.75	23136.25
220.82	23305.03
220.90	23681.46
220.97	24182.43
221.04	24675.15
221.11	25119.84
221.19	25512.81
221.26	25887.94
221.33	26255.85
221.40	26632.42
221.48	27013.28
221.55	27374.73
221.62	27710.87
221.69	28027.43
221.77	28323.70
221.84	28577.58
221.91	28784.01
221.98	28931.57
222.06	29003.10
222.13	28995.39
222.20	28906.23
222.27	28751.67
222.35	28542.61
222.42	28338.52
222.49	28195.33
222.56	28145.11
222.63	28192.18
222.71	28345.78
222.78	28567.41
222.85	28801.70
222.92	29049.67
223.00	29311.11
223.07	29596.09
223.14	29880.83
223.21	30188.11
223.29	30505.56
223.36	30833.12
223.43	31163.81
223.50	31493.21
223.57	31799.10
223.65	32058.84
223.72	32246.15
223.79	32373.05
223.86	32440.29
223.94	32454.68
224.01	32438.54
224.08	32416.84
224.15	32376.48
224.22	32338.90
224.30	32300.90
224.37	32305.61
224.44	32363.49
224.51	32462.38
224.59	32600.42
224.66	32783.60
224.73	32986.92
224.80	33198.32
224.87	33414.06
224.95	33664.61
225.02	33933.45
225.09	34200.84
225.16	34460.61
225.23	34705.29
225.31	34911.00
225.38	35078.10
225.45	35230.11
225.52	35337.03
225.60	35402.15
225.67	35425.28
225.74	35403.79
225.81	35331.80
225.88	35268.45
225.96	35265.75
226.03	35323.05
226.10	35430.86
226.17	35594.49
226.24	35789.46
226.32	35974.85
226.39	36155.25
226.46	36348.06
226.53	36541.69
226.60	36740.57
226.68	36933.05
226.75	37115.24
226.82	37293.55
226.89	37460.50
226.96	37596.56
227.04	37705.10
227.11	37802.01
227.18	37884.23
227.25	37955.15
227.32	38031.57
227.40	38108.93
227.47	38169.74
227.54	38208.86
227.61	38204.81
227.68	38156.37
227.76	38103.45
227.83	38067.43
227.90	38082.87
227.97	38164.77
228.04	38315.16
228.11	38486.52
228.19	38669.18
228.26	38837.47
228.33	38992.52
228.40	39136.01
228.47	39286.10
228.55	39437.13
228.62	39569.14
228.69	39688.34
228.76	39780.43
228.83	39869.45
228.90	39949.37
228.98	40052.88
229.05	40167.32
229.12	40300.54
229.19	40419.84
229.26	40541.01
229.34	40640.62
229.41	40718.41
229.48	40769.01
229.55	40802.34
229.62	40821.11
229.69	40812.64
229.77	40788.88
229.84	40771.55
229.91	40777.40
229.98	40802.77
230.05	40867.23
230.12	40966.25
230.20	41084.56
230.27	41204.86
230.34	41321.64
230.41	41444.46
230.48	41549.67
230.55	41655.09
230.63	41741.22
230.70	41833.02
230.77	41882.80
230.84	41935.39
230.91	41983.03
230.98	42039.43
231.06	42090.92
231.13	42182.82
231.20	42287.76
231.27	42388.82
231.34	42488.76
231.41	42584.44
231.49	42662.12
231.56	42721.27
231.63	42780.54
231.70	42835.80
231.77	42867.38
231.84	42873.90
231.92	42892.52
231.99	42910.58
232.06	42930.58
232.13	42979.57
232.20	43058.39
232.27	43133.35
232.34	43213.39
232.42	43277.18
232.49	43319.05
232.56	43361.67
232.63	43407.48
232.70	43440.74
232.77	43497.11
232.85	43558.14
232.92	43612.31
232.99	43658.60
233.06	43712.35
233.13	43764.40
233.20	43811.28
233.27	43843.45
233.35	43879.89
233.42	43906.82
233.49	43930.23
233.56	43967.92
233.63	44018.93
233.70	44058.57
233.77	44112.97
233.85	44161.69
233.92	44222.18
233.99	44275.77
234.06	44334.59
234.13	44378.02
234.20	44439.56
234.27	44460.27
234.35	44491.32
234.42	44503.29
234.49	44511.17
234.56	44516.73
234.63	44523.26
234.70	44518.21
234.77	44522.99
234.84	44531.03
234.92	44535.47
234.99	44552.10
235.06	44578.30
235.13	44611.30
235.20	44637.48
235.27	44667.03
235.34	44694.14
235.41	44729.54
235.49	44761.72
235.56	44812.13
235.63	44856.90
235.70	44889.60
235.77	44903.68
235.84	44920.85
235.91	44918.33
235.98	44905.30
236.06	44909.35
236.13	44919.55
236.20	44927.94
236.27	44922.87
236.34	44928.87
236.41	44935.67
236.48	44937.22
236.55	44941.70
236.63	44955.58
236.70	44959.19
236.77	44970.30
236.84	44999.76
236.91	45026.87
236.98	45056.75
237.05	45085.24
237.12	45103.64
237.19	45100.23
237.27	45102.32
237.34	45105.22
237.41	45120.31
237.48	45127.37
237.55	45126.49
237.62	45121.77
237.69	45135.09
237.76	45146.00
237.83	45167.30
237.91	45201.30
237.98	45230.74
238.05	45241.61
238.12	45255.51
238.19	45256.20
238.26	45259.97
238.33	45266.81
238.40	45267.65
238.47	45264.33
238.54	45278.78
238.62	45274.33
238.69	45268.16
238.76	45264.01
238.83	45249.82
238.90	45238.40
238.97	45249.31
239.04	45269.56
239.11	45296.17
239.18	45332.36
239.25	45348.32
239.33	45355.33
239.40	45351.13
239.47	45337.85
239.54	45308.68
239.61	45278.67
239.68	45262.25
239.75	45248.18
239.82	45241.44
239.89	45244.65
239.96	45254.24
240.03	45256.16
240.11	45260.89
240.18	45272.57
240.25	45281.64
240.32	45291.43
240.39	45304.95
240.46	45320.62
240.53	45355.52
240.60	45405.54
240.67	45442.73
240.74	45477.21
240.81	45497.44
240.88	45497.86
240.96	45488.54
241.03	45510.21
241.10	45520.83
241.17	45527.25
241.24	45543.24
241.31	45548.08
241.38	45535.45
241.45	45515.55
241.52	45519.85
241.59	45522.06
241.66	45530.47
241.73	45543.53
241.80	45574.84
241.88	45599.24
241.95	45610.67
242.02	45623.00
242.09	45625.96
242.16	45615.98
242.23	45629.81
242.30	45638.55
242.37	45654.25
242.44	45678.10
242.51	45694.93
242.58	45696.91
242.65	45700.86
242.72	45702.38
242.79	45702.02
242.87	45722.84
242.94	45741.38
243.01	45777.41
243.08	45813.80
243.15	45841.17
243.22	45869.13
243.29	45896.25
243.36	45905.03
243.43	45932.26
243.50	45971.43
243.57	46016.09
243.64	46046.62
243.71	46087.47
243.78	46121.07
243.85	46142.18
243.92	46161.28
243.99	46179.84
244.07	46200.18
244.14	46192.73
244.21	46197.68
244.28	46198.96
244.35	46209.95
244.42	46219.11
244.49	46234.24
244.56	46262.68
244.63	46297.05
244.70	46313.64
244.77	46324.93
244.84	46356.57
244.91	46382.98
244.98	46402.18
245.05	46435.10
245.12	46486.63
245.19	46525.34
245.26	46563.21
245.33	46603.76
245.40	46651.71
245.47	46695.10
245.55	46738.89
245.62	46782.83
245.69	46813.13
245.76	46861.47
245.83	46896.79
245.90	46941.01
245.97	46985.72
246.04	47043.29
246.11	47073.69
246.18	47096.46
246.25	47111.47
246.32	47117.73
246.39	47121.45
246.46	47144.09
246.53	47196.76
246.60	47255.29
246.67	47326.75
246.74	47403.10
246.81	47476.00
246.88	47527.44
246.95	47569.48
247.02	47598.76
247.09	47633.09
247.16	47643.24
247.23	47659.49
247.30	47673.84
247.37	47690.82
247.44	47707.86
247.51	47739.94
247.58	47775.93
247.66	47835.10
247.73	47906.38
247.80	47973.97
247.87	48030.95
247.94	48099.30
248.01	48167.15
248.08	48237.17
248.15	48288.04
248.22	48348.84
248.29	48400.21
248.36	48437.01
248.43	48473.89
248.50	48521.33
248.57	48571.82
248.64	48624.28
248.71	48688.48
248.78	48761.27
248.85	48821.97
248.92	48889.73
248.99	48940.66
249.06	48976.87
249.13	48989.62
249.20	49018.19
249.27	49037.75
249.34	49071.04
249.41	49111.08
249.48	49137.28
249.55	49163.78
249.62	49192.14
249.69	49209.41
249.76	49237.95
249.83	49289.18
249.90	49352.03
249.97	49434.84
250.04	49528.11
250.11	49624.69
250.18	49709.21
250.25	49775.76
250.32	49804.02
250.39	49841.32
250.46	49879.36
250.53	49931.05
250.60	49999.34
250.67	50081.69
250.74	50158.14
250.81	50197.28
250.88	50230.87
250.95	50262.42
251.02	50289.71
251.09	50296.71
251.16	50338.53
251.23	50366.78
251.30	50399.60
251.37	50443.02
251.44	50505.10
251.51	50564.48
251.58	50644.04
251.65	50701.19
251.72	50765.88
251.79	50838.31
251.86	50895.78
251.93	50935.88
252.00	50975.72
252.07	50987.22
252.14	50988.24
252.21	51000.09
252.28	51020.36
252.35	51046.76
252.42	51095.00
252.49	51162.02
252.56	51226.72
252.63	51287.89
252.70	51352.64
252.77	51432.77
252.84	51483.50
252.91	51519.37
252.98	51554.45
253.05	51587.84
253.12	51604.94
253.19	51632.65
253.25	51674.80
253.32	51711.80
253.39	51759.75
253.46	51797.60
253.53	51835.31
253.60	51858.29
253.67	51880.08
253.74	51908.34
253.81	51945.68
253.88	51980.84
253.95	52033.87
254.02	52102.34
254.09	52148.82
254.16	52194.23
254.23	52227.91
254.30	52255.70
254.37	52273.80
254.44	52304.64
254.51	52334.69
254.58	52374.72
254.65	52416.21
254.72	52455.78
254.79	52476.33
254.86	52499.02
254.93	52513.22
255.00	52531.70
255.07	52560.19
255.14	52611.54
255.21	52644.74
255.28	52660.82
255.34	52657.48
255.41	52636.67
255.48	52613.51
255.55	52598.55
255.62	52609.81
255.69	52630.90
255.76	52667.38
255.83	52706.64
255.90	52752.59
255.97	52812.23
256.04	52863.43
256.11	52921.36
256.18	52973.93
256.25	53033.13
256.32	53075.93
256.39	53135.54
256.46	53177.68
256.53	53212.57
256.60	53246.82
256.67	53285.67
256.74	53310.05
256.80	53339.39
256.87	53349.86
256.94	53343.49
257.01	53342.87
257.08	53356.48
257.15	53363.87
257.22	53391.86
257.29	53392.33
257.36	53359.72
257.43	53308.39
257.50	53256.20
257.57	53194.48
257.64	53183.93
257.71	53199.88
257.78	53240.63
257.85	53304.11
257.92	53394.33
257.98	53467.34
258.05	53510.96
258.12	53516.13
258.19	53488.51
258.26	53429.83
258.33	53363.07
258.40	53307.81
258.47	53276.18
258.54	53272.76
258.61	53298.06
258.68	53341.08
258.75	53397.74
258.82	53460.52
258.89	53504.22
258.95	53533.88
259.02	53540.77
259.09	53537.23
259.16	53509.75
259.23	53473.25
259.30	53435.71
259.37	53423.46
259.44	53413.30
259.51	53434.46
259.58	53458.12
259.65	53469.64
259.72	53471.81
259.79	53454.59
259.85	53411.06
259.92	53377.26
259.99	53379.32
260.06	53381.62
260.13	53403.19
260.20	53432.34
260.27	53438.50
260.34	53411.60
260.41	53369.71
260.48	53344.71
260.55	53327.57
260.62	53319.52
260.68	53293.57
260.75	53282.69
260.82	53269.36
260.89	53257.70
260.96	53260.25
261.03	53281.60
261.10	53282.71
261.17	53251.67
261.24	53192.66
261.31	53128.13
261.38	53051.40
261.44	52982.71
261.51	52927.40
261.58	52909.31
261.65	52902.64
261.72	52917.55
261.79	52931.56
261.86	52951.04
261.93	52940.44
262.00	52909.18
262.07	52865.34
262.13	52823.93
262.20	52791.88
262.27	52759.11
262.34	52769.28
262.41	52789.83
262.48	52819.91
262.55	52841.59
262.62	52876.58
262.69	52862.17
262.76	52834.39
262.82	52796.96
262.89	52761.74
262.96	52729.12
263.03	52719.62
263.10	52709.68
263.17	52696.21
263.24	52680.41
263.31	52665.82
263.38	52666.12
263.44	52690.92
263.51	52717.10
263.58	52730.08
263.65	52706.64
263.72	52619.27
263.79	52506.03
263.86	52399.79
263.93	52323.68
264.00	52291.11
264.06	52305.20
264.13	52320.71
264.20	52329.28
264.27	52274.95
264.34	52192.79
264.41	52105.19
264.48	52022.94
264.55	51927.60
264.61	51858.23
264.68	51797.96
264.75	51742.79
264.82	51679.21
264.89	51635.69
264.96	51623.78
265.03	51629.28
265.10	51637.62
265.16	51645.57
265.23	51637.96
265.30	51619.42
265.37	51572.27
265.44	51515.85
265.51	51482.87
265.58	51466.21
265.65	51463.90
265.71	51497.37
265.78	51536.83
265.85	51535.21
265.92	51506.72
265.99	51432.79
266.06	51322.20
266.13	51197.06
266.20	51103.83
266.26	51027.98
266.33	50980.26
266.40	50937.37
266.47	50907.73
266.54	50858.34
266.61	50840.47
266.68	50826.24
266.74	50813.95
266.81	50773.90
266.88	50706.21
266.95	50591.35
267.02	50486.60
267.09	50402.03
267.16	50363.41
267.22	50366.52
267.29	50413.43
267.36	50459.03
267.43	50501.32
267.50	50516.67
267.57	50507.65
267.64	50460.36
267.70	50394.56
267.77	50318.33
267.84	50266.22
267.91	50236.10
267.98	50232.36
268.05	50255.32
268.11	50275.26
268.18	50258.95
268.25	50209.55
268.32	50113.45
268.39	49970.86
268.46	49795.26
268.53	49618.53
268.59	49466.65
268.66	49356.40
268.73	49280.77
268.80	49276.38
268.87	49313.69
268.94	49383.41
269.00	49478.14
269.07	49568.08
269.14	49626.18
269.21	49648.10
269.28	49619.43
269.35	49543.80
269.41	49471.79
269.48	49402.18
269.55	49363.10
269.62	49367.90
269.69	49393.66
269.76	49392.46
269.82	49365.47
269.89	49323.53
269.96	49265.67
270.03	49181.21
270.10	49090.92
270.17	49012.83
270.23	48937.57
270.30	48872.23
270.37	48845.76
270.44	48862.23
270.51	48876.92
270.58	48883.88
270.64	48881.29
270.71	48866.45
270.78	48863.91
270.85	48866.25
270.92	48875.88
270.99	48879.89
271.05	48846.41
271.12	48766.95
271.19	48676.74
271.26	48578.80
271.33	48484.33
271.39	48432.43
271.46	48364.70
271.53	48321.20
271.60	48278.70
271.67	48231.31
271.74	48169.34
271.80	48147.71
271.87	48112.13
271.94	48078.96
272.01	48041.59
272.08	48017.99
272.14	47982.22
272.21	47951.44
272.28	47924.69
272.35	47907.19
272.42	47886.43
272.48	47881.11
272.55	47886.22
272.62	47882.92
272.69	47870.99
272.76	47861.94
272.83	47835.47
272.89	47791.06
272.96	47761.79
273.03	47743.78
273.10	47723.97
273.17	47703.10
273.23	47683.63
273.30	47626.82
273.37	47537.60
273.44	47418.11
273.51	47293.98
273.57	47194.10
273.64	47144.73
273.71	47138.41
273.78	47164.59
273.85	47216.37
273.91	47271.72
273.98	47345.15
274.05	47429.78
274.12	47533.89
274.19	47644.94
274.25	47737.82
274.32	47774.49
274.39	47769.12
274.46	47706.10
274.53	47596.28
274.59	47449.07
274.66	47309.58
274.73	47184.82
274.80	47083.65
274.86	47003.72
274.93	46969.65
275.00	46947.70
275.07	46929.80
275.14	46907.43
275.20	46886.98
275.27	46858.01
275.34	46827.92
275.41	46797.22
275.48	46798.68
275.54	46825.89
275.61	46854.43
275.68	46885.87
275.75	46911.10
275.81	46903.93
275.88	46884.38
275.95	46877.90
276.02	46874.71
276.09	46874.91
276.15	46887.79
276.22	46891.76
276.29	46867.36
276.36	46789.00
276.42	46676.06
276.49	46552.90
276.56	46413.34
276.63	46288.73
276.70	46224.34
276.76	46218.68
276.83	46247.69
276.90	46305.14
276.97	46359.53
277.03	46400.58
277.10	46384.38
277.17	46337.71
277.24	46265.28
277.30	46201.71
277.37	46171.27
277.44	46194.98
277.51	46228.70
277.58	46278.97
277.64	46320.75
277.71	46299.25
277.78	46226.56
277.85	46111.59
277.91	45961.85
277.98	45813.48
278.05	45688.36
278.12	45611.01
278.18	45569.62
278.25	45587.62
278.32	45637.90
278.39	45731.74
278.45	45840.50
278.52	45973.55
278.59	46091.15
278.66	46189.97
278.72	46236.46
278.79	46215.64
278.86	46116.32
278.93	45963.63
278.99	45751.23
279.06	45552.98
279.13	45412.26
279.20	45370.72
279.26	45414.58
279.33	45541.03
279.40	45692.49
279.47	45837.20
279.53	45922.00
279.60	45916.82
279.67	45798.98
279.74	45582.30
279.80	45314.48
279.87	45064.89
279.94	44864.43
280.01	44776.87
280.07	44783.03
280.14	44835.97
280.21	44889.90
280.28	44965.98
280.34	45020.03
280.41	45073.77
280.48	45120.20
280.55	45165.35
280.61	45186.67
280.68	45204.20
280.75	45208.44
280.82	45225.78
280.88	45243.88
280.95	45255.22
281.02	45242.18
281.08	45189.91
281.15	45090.15
281.22	44981.20
281.29	44846.49
281.35	44690.51
281.42	44538.64
281.49	44391.41
281.56	44224.31
281.62	44099.67
281.69	44005.96
281.76	43926.03
281.82	43882.46
281.89	43860.88
281.96	43857.25
282.03	43879.49
282.09	43927.77
282.16	43984.18
282.23	44060.69
282.30	44139.89
282.36	44232.44
282.43	44322.09
282.50	44412.93
282.56	44480.95
282.63	44530.53
282.70	44552.63
282.77	44593.16
282.83	44625.31
282.90	44660.38
282.97	44661.26
283.03	44601.66
283.10	44444.17
283.17	44220.12
283.24	43958.78
283.30	43710.82
283.37	43501.01
283.44	43383.48
283.50	43341.79
283.57	43365.22
283.64	43390.63
283.71	43451.29
283.77	43503.78
283.84	43558.38
283.91	43599.29
283.97	43669.75
284.04	43745.76
284.11	43818.20
284.18	43891.87
284.24	43943.96
284.31	43959.46
284.38	43947.90
284.44	43922.75
284.51	43887.54
284.58	43868.76
284.64	43857.97
284.71	43836.70
284.78	43796.66
284.85	43731.45
284.91	43642.45
284.98	43556.72
285.05	43453.86
285.11	43329.03
285.18	43171.78
285.25	43002.87
285.31	42840.00
285.38	42725.35
285.45	42687.08
285.52	42740.42
285.58	42844.42
285.65	42981.59
285.72	43117.17
285.78	43233.14
285.85	43327.02
285.92	43418.06
285.98	43499.56
286.05	43593.97
286.12	43691.44
286.18	43774.54
286.25	43862.77
286.32	43928.12
286.39	43976.55
286.45	43982.51
286.52	43931.10
286.59	43792.89
286.65	43586.26
286.72	43325.66
286.79	43058.40
286.85	42838.45
286.92	42683.77
286.99	42607.87
287.05	42573.11
287.12	42607.21
287.19	42668.97
287.25	42758.77
287.32	42860.00
287.39	42963.40
287.45	43045.61
287.52	43109.86
287.59	43167.70
287.65	43228.52
287.72	43293.60
287.79	43360.75
287.86	43436.49
287.92	43502.64
287.99	43551.06
288.06	43610.82
288.12	43653.23
288.19	43697.77
288.26	43733.02
288.32	43770.08
288.39	43767.02
288.46	43750.59
288.52	43697.77
288.59	43598.66
288.66	43431.79
288.72	43222.88
288.79	42997.36
288.86	42782.68
288.92	42623.32
288.99	42540.25
289.06	42565.63
289.12	42661.73
289.19	42799.98
289.26	42980.39
289.32	43188.70
289.39	43378.83
289.45	43567.73
289.52	43723.08
289.59	43819.20
289.65	43862.23
289.72	43864.51
289.79	43840.64
289.85	43811.35
289.92	43766.34
289.99	43710.25
290.05	43630.84
290.12	43512.68
290.19	43400.55
290.25	43326.36
290.32	43283.38
290.39	43303.37
290.45	43336.15
290.52	43355.17
290.59	43319.97
290.65	43209.93
290.72	43045.90
290.79	42911.73
290.85	42840.83
290.92	42844.53
290.98	42953.87
291.05	43126.68
291.12	43319.55
291.18	43498.37
291.25	43661.58
291.32	43812.82
291.38	43958.82
291.45	44086.32
291.52	44200.08
291.58	44300.77
291.65	44350.68
291.72	44343.67
291.78	44292.19
291.85	44176.41
291.91	44037.80
291.98	43916.26
292.05	43804.20
292.11	43693.95
292.18	43590.34
292.25	43457.55
292.31	43299.45
292.38	43177.05
292.45	43088.11
292.51	43044.45
292.58	43057.96
292.64	43135.02
292.71	43215.92
292.78	43328.45
292.84	43465.13
292.91	43625.61
292.98	43784.00
293.04	43959.51
293.11	44121.27
293.17	44280.46
293.24	44432.90
293.31	44575.78
293.37	44689.15
293.44	44771.98
293.51	44830.22
293.57	44847.64
293.64	44802.66
293.70	44714.10
293.77	44550.97
293.84	44300.30
293.90	44014.09
293.97	43742.29
294.04	43522.18
294.10	43401.92
294.17	43389.20
294.23	43436.76
294.30	43496.26
294.37	43526.08
294.43	43526.69
294.50	43493.65
294.56	43456.90
294.63	43455.10
294.70	43525.45
294.76	43665.95
294.83	43878.91
294.90	44118.64
294.96	44374.73
295.03	44604.19
295.09	44813.41
295.16	44987.06
295.23	45149.23
295.29	45284.41
295.36	45408.23
295.42	45484.34
295.49	45539.28
295.56	45559.01
295.62	45547.48
295.69	45460.67
295.75	45336.24
295.82	45138.95
295.89	44867.26
295.95	44556.57
296.02	44267.09
296.08	43992.15
296.15	43750.48
296.22	43587.80
296.28	43493.11
296.35	43475.67
296.41	43545.81
296.48	43732.46
296.55	43987.77
296.61	44280.96
296.68	44573.94
296.74	44857.16
296.81	45088.97
296.88	45266.26
296.94	45410.47
297.01	45537.60
297.07	45646.87
297.14	45772.40
297.20	45913.41
297.27	46063.47
297.34	46214.46
297.40	46352.78
297.47	46434.03
297.53	46467.90
297.60	46457.53
297.67	46388.93
297.73	46248.40
297.80	46025.63
297.86	45714.78
297.93	45328.11
298.00	44917.71
298.06	44550.60
298.13	44303.90
298.19	44174.10
298.26	44167.91
298.32	44246.54
298.39	44367.15
298.46	44487.24
298.52	44640.88
298.59	44800.39
298.65	44985.70
298.72	45212.39
298.78	45450.06
298.85	45686.93
298.92	45919.44
298.98	46140.59
299.05	46310.61
299.11	46472.55
299.18	46613.32
299.24	46739.28
299.31	46849.28
299.38	46949.62
299.44	47009.04
299.51	47062.21
299.57	47084.81
299.64	47084.43
299.70	47055.31
299.77	47005.19
299.84	46858.27
299.90	46590.89
299.97	46148.76
300.03	45590.31
300.10	45009.59
300.16	44537.12
300.23	44254.70
300.30	44220.51
300.36	44377.97
300.43	44658.65
300.49	44965.33
300.56	45281.31
300.62	45567.18
300.69	45858.09
300.75	46118.18
300.82	46352.98
300.89	46548.88
300.95	46732.82
301.02	46867.04
301.08	46986.72
301.15	47107.30
301.21	47232.79
301.28	47329.95
301.34	47438.47
301.41	47527.83
301.48	47593.91
301.54	47625.44
301.61	47652.49
301.67	47625.05
301.74	47564.50
301.80	47438.58
301.87	47227.87
301.93	46930.94
302.00	46571.79
302.06	46154.18
302.13	45748.80
302.20	45420.19
302.26	45185.50
302.33	45087.34
302.39	45100.54
302.46	45206.00
302.52	45375.20
302.59	45580.65
302.65	45806.70
302.72	46055.14
302.78	46291.77
302.85	46514.61
302.91	46714.56
302.98	46882.42
303.05	47022.70
303.11	47152.29
303.18	47259.74
303.24	47363.41
303.31	47444.88
303.37	47518.28
303.44	47580.61
303.50	47625.12
303.57	47636.90
303.63	47637.69
303.70	47614.59
303.76	47569.52
303.83	47506.28
303.89	47427.48
303.96	47301.97
304.03	47121.22
304.09	46860.82
304.16	46500.37
304.22	46072.07
304.29	45673.74
304.35	45357.77
304.42	45180.46
304.48	45150.59
304.55	45264.57
304.61	45438.02
304.68	45639.96
304.74	45847.90
304.81	46056.13
304.87	46235.45
304.94	46407.73
305.00	46553.06
305.07	46659.94
305.13	46737.37
305.20	46810.55
305.26	46873.86
305.33	46928.58
305.39	46987.25
305.46	47042.41
305.52	47080.32
305.59	47087.81
305.66	47078.43
305.72	47053.46
305.79	47015.77
305.85	46956.11
305.92	46855.89
305.98	46695.43
306.05	46460.72
306.11	46174.64
306.18	45867.58
306.24	45572.48
306.31	45295.34
306.37	45030.06
306.44	44805.80
306.50	44602.29
306.57	44467.40
306.63	44432.87
306.70	44518.79
306.76	44675.40
306.83	44888.88
306.89	45091.90
306.96	45284.12
307.02	45426.56
307.09	45553.49
307.15	45644.76
307.22	45735.66
307.28	45788.01
307.35	45832.19
307.41	45849.85
307.48	45877.62
307.54	45872.81
307.61	45861.27
307.67	45838.19
307.74	45810.20
307.80	45770.40
307.87	45726.76
307.93	45690.41
308.00	45654.51
308.06	45603.17
308.13	45516.03
308.19	45410.17
308.26	45286.47
308.32	45148.20
308.38	45011.60
308.45	44860.79
308.51	44695.43
308.58	44482.33
308.64	44255.11
308.71	44036.49
308.77	43875.83
308.84	43789.79
308.90	43804.61
308.97	43869.60
309.03	43969.31
309.10	44083.18
309.16	44179.02
309.23	44240.09
309.29	44296.10
309.36	44322.12
309.42	44335.30
309.49	44346.31
309.55	44348.50
309.62	44343.90
309.68	44325.02
309.75	44282.52
309.81	44229.52
309.88	44169.74
309.94	44097.22
310.00	44032.23
310.07	43969.56
310.13	43903.93
310.20	43832.97
310.26	43760.45
310.33	43679.35
310.39	43607.13
310.46	43529.71
310.52	43435.49
310.59	43314.36
310.65	43173.20
310.72	43009.13
310.78	42843.15
310.85	42709.39
310.91	42638.24
310.97	42612.60
311.04	42621.19
311.10	42638.92
311.17	42662.57
311.23	42662.39
311.30	42650.55
311.36	42643.12
311.43	42663.11
311.49	42671.37
311.56	42678.88
311.62	42701.73
311.69	42715.48
311.75	42700.70
311.81	42687.65
311.88	42658.02
311.94	42610.47
312.01	42558.80
312.07	42501.49
312.14	42447.00
312.20	42398.28
312.27	42345.74
312.33	42286.30
312.40	42232.30
312.46	42154.54
312.52	42089.91
312.59	42009.69
312.65	41939.15
312.72	41862.94
312.78	41790.63
312.85	41699.16
312.91	41606.90
312.98	41499.23
313.04	41378.97
313.10	41261.66
313.17	41156.80
313.23	41084.49
313.30	41017.61
313.36	40976.32
313.43	40967.19
313.49	40970.30
313.56	40958.38
313.62	40958.91
313.68	40961.49
313.75	40946.28
313.81	40919.29
313.88	40897.83
313.94	40868.51
314.01	40838.94
314.07	40806.63
314.13	40777.30
314.20	40742.14
314.26	40703.36
314.33	40659.17
314.39	40618.96
314.46	40556.03
314.52	40508.05
314.58	40449.61
314.65	40375.17
314.71	40290.53
314.78	40222.21
314.84	40134.95
314.91	40072.50
314.97	40023.05
315.03	39974.07
315.10	39924.09
315.16	39875.94
315.23	39805.02
315.29	39732.44
315.36	39664.23
315.42	39605.73
315.48	39549.52
315.55	39502.01
315.61	39439.39
315.68	39396.76
315.74	39333.00
315.81	39272.89
315.87	39223.45
315.93	39212.81
316.00	39204.65
316.06	39205.47
316.13	39210.97
316.19	39199.10
316.25	39130.64
316.32	39011.41
316.38	38857.69
316.45	38655.23
316.51	38434.47
316.58	38189.95
316.64	37943.20
316.70	37701.06
316.77	37448.16
316.83	37182.93
316.90	36929.25
316.96	36672.75
317.02	36418.44
317.09	36167.72
317.15	35913.49
317.22	35655.99
317.28	35389.39
317.34	35121.01
317.41	34858.62
317.47	34607.13
317.54	34358.36
317.60	34118.12
317.66	33872.00
317.73	33625.73
317.79	33365.40
317.86	33105.29
317.92	32841.86
317.98	32561.67
318.05	32275.05
318.11	31992.79
318.18	31715.52
318.24	31437.41
318.30	31159.28
318.37	30885.27
318.43	30611.67
318.50	30326.93
318.56	30036.22
318.62	29769.82
318.69	29507.53
318.75	29227.25
318.82	28953.82
318.88	28691.80
318.94	28418.45
319.01	28134.24
319.07	27874.95
319.13	27609.99
319.20	27322.97
319.26	27029.61
319.33	26747.43
319.39	26444.06
319.45	26149.63
319.52	25862.09
319.58	25580.02
319.65	25287.64
319.71	25007.17
319.77	24722.12
319.84	24442.44
319.90	24156.01
319.96	23877.59
320.03	23597.42
320.09	23312.88
320.16	23026.30
320.22	22752.32
320.28	22454.83
320.35	22171.72
320.41	21885.00
320.47	21603.11
320.54	21307.55
320.60	21034.01
320.67	20751.23
320.73	20480.05
320.79	20197.10
320.86	19920.95
320.92	19636.73
320.98	19343.65
321.05	19042.24
321.11	18744.67
321.18	18448.05
321.24	18158.73
321.30	17874.65
321.37	17596.06
321.43	17322.97
321.49	17047.37
321.56	16771.52
321.62	16496.34
321.68	16222.86
321.75	15938.18
321.81	15657.90
321.88	15373.83
321.94	15092.36
322.00	14806.38
322.07	14522.88
322.13	14238.15
322.19	13952.74
322.26	13662.22
322.32	13377.34
322.38	13103.89
322.45	12835.51
322.51	12565.26
322.58	12301.36
322.64	12025.85
322.70	11754.58
322.77	11477.38
322.83	11212.96
322.89	10933.50
322.96	10666.31
323.02	10391.24
323.08	10119.35
323.15	9846.55
323.21	9586.14
323.27	9322.16
323.34	9064.54
323.40	8815.70
323.46	8559.74
323.53	8201.85
323.59	7084.06
323.65	5483.08
323.72	3797.94
323.78	2172.25
323.85	699.87
323.91	42.15
323.97	-82.65
324.04	-82.55
