180.21	3368.65
180.28	-115.26
180.36	625.88
180.44	-41.78
180.51	-12.23
180.59	10.28
180.66	37.22
180.74	33.66
180.81	31.95
180.89	33.54
180.97	34.39
181.04	31.82
181.12	29.95
181.19	30.83
181.27	31.27
181.34	48.42
181.42	55.09
181.50	63.39
181.57	74.94
181.65	79.73
181.72	73.66
181.80	68.55
181.87	68.63
181.95	68.64
182.03	68.29
182.10	70.72
182.18	73.48
182.25	78.16
182.33	77.59
182.40	83.70
182.48	78.95
182.55	90.47
182.63	94.86
182.71	96.95
182.78	99.40
182.86	105.79
182.93	102.36
183.01	104.64
183.08	105.20
183.16	109.82
183.23	105.20
183.31	111.36
183.39	110.17
183.46	120.07
183.54	115.57
183.61	124.05
183.69	126.05
183.76	136.58
183.84	136.82
183.91	138.50
183.99	148.56
184.06	150.68
184.14	154.00
184.22	158.19
184.29	162.17
184.37	160.55
184.44	155.42
184.52	144.25
184.59	140.49
184.67	144.99
184.74	138.16
184.82	149.55
184.89	162.03
184.97	171.54
185.04	179.12
185.12	189.84
185.20	199.67
185.27	209.80
185.35	220.35
185.42	219.91
185.50	232.00
185.57	232.02
185.65	236.65
185.72	236.51
185.80	247.17
185.87	246.00
185.95	244.32
186.02	245.32
186.10	244.15
186.17	241.57
186.25	241.25
186.33	234.82
186.40	227.26
186.48	228.74
186.55	233.33
186.63	236.13
186.70	262.81
186.78	280.84
186.85	298.51
186.93	310.47
187.00	326.13
187.08	325.47
187.15	335.77
187.23	341.43
187.30	351.08
187.38	365.18
187.45	384.72
187.53	400.36
187.60	410.21
187.68	420.45
187.75	430.93
187.83	437.35
187.90	433.29
187.98	432.62
188.05	433.70
188.13	416.68
188.21	393.50
188.28	389.35
188.36	384.45
188.43	383.91
188.51	399.98
188.58	429.33
188.66	439.08
188.73	457.70
188.81	480.63
188.88	495.56
188.96	509.60
189.03	538.02
189.11	563.22
189.18	578.85
189.26	598.64
189.33	624.70
189.41	651.13
189.48	670.65
189.56	690.14
189.63	708.08
189.71	707.77
189.78	687.31
189.86	666.08
189.93	650.68
190.01	622.26
190.08	602.22
190.16	589.07
190.23	571.88
190.31	562.37
190.38	562.31
190.46	571.39
190.53	596.34
190.61	642.16
190.68	671.08
190.76	718.36
190.83	756.97
190.91	785.73
190.98	802.76
191.06	829.62
191.13	841.73
191.21	851.67
191.28	851.25
191.35	852.18
191.43	843.77
191.50	831.82
191.58	829.24
191.65	839.11
191.73	845.92
191.80	859.36
191.88	867.65
191.95	868.79
192.03	872.94
192.10	879.77
192.18	888.98
192.25	907.25
192.33	917.66
192.40	918.99
192.48	917.21
192.55	913.42
192.63	900.63
192.70	899.49
192.78	906.12
192.85	921.57
192.93	930.77
193.00	933.13
193.08	923.20
193.15	911.16
193.22	904.40
193.30	908.53
193.37	947.72
193.45	991.40
193.52	1043.11
193.60	1096.14
193.67	1142.29
193.75	1169.11
193.82	1199.15
193.90	1215.97
193.97	1218.48
194.05	1211.87
194.12	1194.69
194.20	1175.68
194.27	1148.32
194.34	1110.69
194.42	1076.51
194.49	1054.46
194.57	1036.38
194.64	1019.54
194.72	1012.23
194.79	1013.93
194.87	1028.43
194.94	1065.24
195.02	1125.89
195.09	1197.28
195.17	1274.28
195.24	1338.27
195.31	1384.26
195.39	1411.57
195.46	1428.68
195.54	1437.92
195.61	1437.15
195.69	1417.92
195.76	1388.63
195.84	1342.54
195.91	1265.85
195.99	1176.45
196.06	1099.86
196.13	1052.34
196.21	1039.58
196.28	1068.71
196.36	1138.19
196.43	1223.34
196.51	1310.93
196.58	1393.38
196.66	1463.25
196.73	1515.68
196.80	1550.63
196.88	1568.40
196.95	1577.93
197.03	1575.84
197.10	1557.03
197.18	1524.67
197.25	1468.60
197.33	1390.20
197.40	1310.02
197.47	1227.02
197.55	1164.49
197.62	1130.13
197.70	1127.49
197.77	1155.16
197.85	1218.05
197.92	1290.81
197.99	1380.94
198.07	1481.77
198.14	1571.02
198.22	1655.04
198.29	1723.90
198.37	1771.95
198.44	1800.32
198.51	1812.55
198.59	1798.61
198.66	1772.95
198.74	1721.75
198.81	1634.03
198.89	1522.93
198.96	1415.84
199.03	1310.19
199.11	1237.61
199.18	1211.12
199.26	1236.74
199.33	1300.37
199.41	1399.55
199.48	1508.06
199.55	1620.37
199.63	1717.16
199.70	1804.52
199.78	1874.03
199.85	1932.70
199.93	1982.25
200.00	2025.97
200.07	2036.45
200.15	2025.41
200.22	1986.33
200.30	1900.20
200.37	1776.39
200.44	1622.00
200.52	1479.38
200.59	1377.76
200.67	1330.81
200.74	1339.98
200.81	1413.96
200.89	1511.78
200.96	1617.41
201.04	1719.12
201.11	1833.76
201.19	1946.85
201.26	2049.77
201.33	2130.69
201.41	2201.05
201.48	2243.77
201.56	2258.21
201.63	2254.07
201.70	2214.16
201.78	2139.07
201.85	2023.78
201.93	1890.99
202.00	1757.00
202.07	1650.42
202.15	1564.01
202.22	1526.25
202.30	1545.44
202.37	1606.69
202.44	1706.91
202.52	1849.95
202.59	2010.32
202.67	2155.19
202.74	2284.20
202.81	2391.99
202.89	2487.29
202.96	2575.00
203.04	2655.21
203.11	2708.83
203.18	2737.41
203.26	2724.90
203.33	2658.22
203.41	2534.72
203.48	2368.71
203.55	2146.67
203.63	1936.74
203.70	1790.21
203.77	1727.40
203.85	1753.38
203.92	1877.57
204.00	2057.74
204.07	2238.80
204.14	2417.76
204.22	2581.44
204.29	2744.69
204.37	2884.34
204.44	3006.71
204.51	3105.28
204.59	3174.81
204.66	3199.46
204.73	3188.64
204.81	3137.99
204.88	3046.76
204.96	2903.21
205.03	2706.30
205.10	2496.27
205.18	2311.64
205.25	2160.67
205.32	2078.94
205.40	2096.71
205.47	2190.32
205.55	2336.35
205.62	2533.19
205.69	2766.37
205.77	2998.44
205.84	3221.60
205.91	3417.43
205.99	3584.81
206.06	3717.60
206.14	3840.97
206.21	3948.19
206.28	4031.06
206.36	4083.58
206.43	4081.88
206.50	4014.36
206.58	3859.34
206.65	3623.38
206.72	3306.93
206.80	2984.50
206.87	2710.02
206.95	2556.30
207.02	2547.40
207.09	2689.70
207.17	2937.61
207.24	3231.79
207.31	3527.42
207.39	3802.83
207.46	4059.20
207.53	4291.93
207.61	4518.79
207.68	4716.41
207.75	4903.38
207.83	5057.71
207.90	5165.32
207.98	5203.98
208.05	5179.73
208.12	5066.63
208.20	4869.76
208.27	4590.32
208.34	4234.80
208.42	3867.43
208.49	3581.95
208.56	3401.01
208.64	3367.87
208.71	3484.56
208.78	3701.04
208.86	3965.79
208.93	4268.58
209.00	4582.56
209.08	4904.56
209.15	5231.99
209.22	5534.47
209.30	5808.45
209.37	6053.12
209.44	6266.13
209.52	6442.84
209.59	6569.13
209.67	6639.09
209.74	6627.29
209.81	6532.02
209.89	6314.70
209.96	5987.39
210.03	5571.89
210.11	5168.97
210.18	4804.51
210.25	4561.68
210.33	4496.70
210.40	4615.11
210.47	4861.14
210.55	5213.33
210.62	5616.94
210.69	6021.11
210.77	6420.89
210.84	6786.83
210.91	7129.20
210.99	7432.11
211.06	7727.00
211.13	7995.13
211.21	8238.67
211.28	8425.21
211.35	8566.73
211.42	8600.25
211.50	8506.16
211.57	8275.92
211.64	7913.55
211.72	7425.06
211.79	6906.89
211.86	6488.46
211.94	6273.18
212.01	6282.93
212.08	6516.65
212.16	6904.54
212.23	7335.45
212.30	7728.35
212.38	8074.59
212.45	8394.94
212.52	8685.47
212.60	8961.67
212.67	9247.00
212.74	9547.71
212.82	9849.96
212.89	10148.56
212.96	10413.07
213.03	10603.63
213.11	10688.10
213.18	10642.39
213.25	10469.87
213.33	10151.00
213.40	9718.47
213.47	9292.34
213.55	8947.25
213.62	8722.22
213.69	8703.86
213.77	8887.51
213.84	9197.72
213.91	9586.10
213.98	9999.05
214.06	10384.97
214.13	10717.68
214.20	11009.01
214.28	11301.44
214.35	11616.14
214.42	11960.08
214.50	12347.42
214.57	12732.98
214.64	13079.92
214.72	13355.53
214.79	13546.38
214.86	13623.31
214.93	13577.97
215.01	13388.84
215.08	13051.43
215.15	12575.34
215.23	12031.27
215.30	11585.50
215.37	11350.63
215.44	11407.34
215.52	11729.87
215.59	12256.76
215.66	12844.37
215.74	13389.51
215.81	13845.83
215.88	14265.52
215.95	14663.44
216.03	15050.71
216.10	15416.66
216.17	15763.57
216.25	16063.93
216.32	16315.92
216.39	16499.20
216.46	16640.16
216.54	16727.20
216.61	16757.10
216.68	16685.13
216.76	16520.39
216.83	16204.69
216.90	15767.87
216.97	15303.50
217.05	14960.27
217.12	14803.59
217.19	14911.23
217.27	15262.95
217.34	15802.29
217.41	16412.49
217.48	17021.89
217.56	17595.54
217.63	18123.52
217.70	18568.95
217.78	18938.50
217.85	19242.75
217.92	19501.62
217.99	19730.88
218.07	19922.29
218.14	20098.10
218.21	20299.11
218.28	20484.27
218.36	20639.46
218.43	20742.04
218.50	20743.83
218.57	20572.51
218.65	20231.30
218.72	19735.69
218.79	19210.80
218.87	18801.29
218.94	18621.19
219.01	18736.44
219.08	19142.20
219.16	19744.04
219.23	20409.52
219.30	21035.06
219.37	21588.57
219.45	22060.32
219.52	22476.89
219.59	22854.31
219.66	23208.61
219.74	23557.26
219.81	23896.28
219.88	24207.50
219.95	24493.46
220.03	24761.97
220.10	24970.27
220.17	25115.45
220.24	25166.49
220.32	25090.90
220.39	24867.55
220.46	24507.78
220.53	24039.86
220.61	23560.60
220.68	23227.77
220.75	23136.30
220.82	23286.67
220.90	23653.76
220.97	24153.55
221.04	24660.42
221.11	25103.27
221.19	25509.78
221.26	25889.68
221.33	26260.19
221.40	26634.53
221.48	27020.75
221.55	27377.29
221.62	27715.58
221.69	28047.95
221.77	28347.79
221.84	28602.32
221.91	28803.04
221.98	28961.43
222.06	29035.79
222.13	29028.66
222.20	28945.45
222.27	28796.54
222.35	28577.79
222.42	28361.30
222.49	28213.31
222.56	28148.67
222.63	28197.31
222.71	28353.50
222.78	28572.66
222.85	28806.49
222.92	29063.91
223.00	29319.70
223.07	29595.91
223.14	29897.89
223.21	30218.45
223.29	30532.89
223.36	30866.55
223.43	31200.95
223.50	31514.40
223.57	31807.28
223.65	32070.59
223.72	32275.32
223.79	32408.47
223.86	32467.88
223.94	32470.08
224.01	32448.77
224.08	32409.04
224.15	32374.93
224.22	32338.31
224.30	32319.73
224.37	32330.04
224.44	32386.97
224.51	32467.79
224.59	32603.43
224.66	32788.19
224.73	32990.89
224.80	33202.84
224.87	33440.30
224.95	33695.90
225.02	33956.07
225.09	34208.23
225.16	34456.95
225.23	34699.51
225.31	34931.85
225.38	35110.36
225.45	35266.71
225.52	35386.05
225.60	35444.33
225.67	35440.04
225.74	35412.22
225.81	35340.00
225.88	35281.42
225.96	35272.14
226.03	35328.12
226.10	35454.55
226.17	35632.47
226.24	35822.83
226.32	36010.89
226.39	36200.01
226.46	36369.99
226.53	36558.35
226.60	36754.55
226.68	36950.50
226.75	37136.11
226.82	37320.81
226.89	37479.23
226.96	37614.79
227.04	37717.22
227.11	37802.75
227.18	37886.77
227.25	37954.91
227.32	38031.93
227.40	38107.45
227.47	38177.48
227.54	38213.57
227.61	38213.86
227.68	38168.30
227.76	38128.00
227.83	38086.94
227.90	38097.28
227.97	38191.17
228.04	38342.81
228.11	38511.39
228.19	38692.37
228.26	38870.57
228.33	39025.61
228.40	39168.81
228.47	39316.08
228.55	39462.65
228.62	39588.60
228.69	39705.96
228.76	39811.42
228.83	39898.47
228.90	39990.53
228.98	40097.77
229.05	40206.70
229.12	40335.21
229.19	40468.34
229.26	40585.46
229.34	40673.67
229.41	40752.79
229.48	40798.63
229.55	40828.30
229.62	40853.22
229.69	40846.61
229.77	40818.27
229.84	40802.53
229.91	40806.76
229.98	40827.06
230.05	40890.89
230.12	40989.89
230.20	41107.88
230.27	41228.43
230.34	41354.20
230.41	41479.03
230.48	41585.23
230.55	41685.29
230.63	41775.49
230.70	41863.71
230.77	41925.79
230.84	41980.78
230.91	42023.99
230.98	42074.54
231.06	42122.08
231.13	42197.44
231.20	42301.50
231.27	42406.93
231.34	42503.31
231.41	42600.01
231.49	42685.03
231.56	42757.61
231.63	42815.34
231.70	42865.97
231.77	42904.05
231.84	42918.19
231.92	42922.37
231.99	42942.22
232.06	42971.81
232.13	43010.91
232.20	43084.05
232.27	43163.82
232.34	43248.57
232.42	43306.65
232.49	43356.08
232.56	43390.78
232.63	43427.07
232.70	43452.01
232.77	43505.29
232.85	43560.94
232.92	43618.63
232.99	43669.40
233.06	43728.27
233.13	43787.77
233.20	43833.18
233.27	43876.35
233.35	43920.32
233.42	43946.21
233.49	43977.44
233.56	44025.21
233.63	44076.55
233.70	44129.12
233.77	44186.71
233.85	44232.85
233.92	44297.70
233.99	44342.66
234.06	44385.41
234.13	44427.71
234.20	44480.94
234.27	44495.58
234.35	44520.30
234.42	44536.24
234.49	44552.77
234.56	44555.09
234.63	44558.10
234.70	44569.21
234.77	44567.08
234.84	44565.10
234.92	44562.13
234.99	44571.55
235.06	44590.87
235.13	44619.76
235.20	44649.72
235.27	44689.28
235.34	44726.98
235.41	44764.97
235.49	44805.36
235.56	44856.57
235.63	44882.89
235.70	44916.46
235.77	44940.83
235.84	44960.54
235.91	44953.92
235.98	44954.32
236.06	44954.42
236.13	44944.71
236.20	44941.89
236.27	44949.20
236.34	44976.11
236.41	44996.18
236.48	45000.03
236.55	45009.67
236.63	45008.25
236.70	45001.56
236.77	45001.37
236.84	45042.81
236.91	45075.61
236.98	45105.71
237.05	45146.00
237.12	45156.08
237.19	45137.63
237.27	45132.92
237.34	45142.36
237.41	45129.75
237.48	45136.49
237.55	45146.30
237.62	45145.88
237.69	45166.93
237.76	45193.15
237.83	45224.20
237.91	45257.79
237.98	45287.45
238.05	45297.21
238.12	45296.07
238.19	45284.81
238.26	45305.71
238.33	45310.79
238.40	45308.01
238.47	45307.45
238.54	45327.14
238.62	45310.35
238.69	45300.84
238.76	45286.60
238.83	45286.89
238.90	45278.86
238.97	45284.68
239.04	45305.46
239.11	45333.85
239.18	45353.04
239.25	45362.45
239.33	45362.36
239.40	45360.05
239.47	45344.08
239.54	45323.51
239.61	45297.87
239.68	45275.48
239.75	45259.11
239.82	45261.26
239.89	45272.65
239.96	45286.61
240.03	45295.68
240.11	45305.66
240.18	45314.16
240.25	45324.51
240.32	45334.71
240.39	45355.37
240.46	45375.56
240.53	45409.40
240.60	45441.37
240.67	45486.47
240.74	45532.55
240.81	45562.64
240.88	45566.03
240.96	45569.43
241.03	45572.72
241.10	45557.99
241.17	45564.20
241.24	45584.93
241.31	45614.03
241.38	45610.18
241.45	45612.83
241.52	45607.50
241.59	45595.50
241.66	45581.17
241.73	45605.13
241.80	45633.48
241.88	45659.11
241.95	45679.98
242.02	45692.21
242.09	45686.50
242.16	45675.12
242.23	45671.04
242.30	45680.97
242.37	45678.44
242.44	45703.46
242.51	45715.95
242.58	45716.27
242.65	45726.19
242.72	45752.03
242.79	45755.23
242.87	45780.41
242.94	45810.30
243.01	45824.84
243.08	45852.51
243.15	45883.59
243.22	45911.65
243.29	45948.32
243.36	45970.88
243.43	45994.35
243.50	46028.98
243.57	46062.98
243.64	46082.17
243.71	46131.94
243.78	46166.62
243.85	46182.76
243.92	46191.99
243.99	46212.48
244.07	46206.70
244.14	46206.60
244.21	46219.68
244.28	46243.06
244.35	46259.65
244.42	46284.76
244.49	46306.80
244.56	46324.68
244.63	46335.61
244.70	46346.98
244.77	46359.23
244.84	46389.15
244.91	46422.22
244.98	46459.29
245.05	46498.25
245.12	46549.94
245.19	46584.97
245.26	46626.30
245.33	46661.18
245.40	46702.19
245.47	46740.85
245.55	46772.65
245.62	46792.06
245.69	46830.62
245.76	46878.50
245.83	46940.15
245.90	47003.65
245.97	47064.27
246.04	47119.42
246.11	47152.69
246.18	47160.48
246.25	47178.58
246.32	47187.71
246.39	47203.34
246.46	47238.51
246.53	47288.03
246.60	47329.09
246.67	47394.86
246.74	47456.07
246.81	47504.41
246.88	47554.64
246.95	47606.21
247.02	47634.68
247.09	47673.36
247.16	47705.41
247.23	47715.70
247.30	47727.45
247.37	47750.81
247.44	47768.24
247.51	47796.42
247.58	47843.19
247.66	47886.85
247.73	47952.02
247.80	48016.05
247.87	48081.13
247.94	48144.96
248.01	48223.82
248.08	48286.59
248.15	48340.73
248.22	48396.66
248.29	48456.81
248.36	48503.62
248.43	48554.50
248.50	48616.45
248.57	48667.43
248.64	48712.85
248.71	48780.54
248.78	48856.04
248.85	48911.66
248.92	48975.98
248.99	49031.76
249.06	49063.96
249.13	49079.15
249.20	49104.06
249.27	49124.88
249.34	49156.35
249.41	49185.34
249.48	49206.59
249.55	49231.06
249.62	49250.45
249.69	49276.76
249.76	49305.07
249.83	49347.70
249.90	49406.19
249.97	49488.19
250.04	49574.50
250.11	49679.85
250.18	49775.16
250.25	49842.53
250.32	49885.37
250.39	49930.73
250.46	49973.03
250.53	50028.18
250.60	50097.44
250.67	50184.00
250.74	50246.54
250.81	50285.74
250.88	50313.26
250.95	50347.03
251.02	50377.59
251.09	50401.12
251.16	50433.42
251.23	50465.93
251.30	50496.00
251.37	50512.34
251.44	50555.36
251.51	50611.39
251.58	50689.67
251.65	50752.95
251.72	50827.03
251.79	50897.56
251.86	50944.61
251.93	50971.98
252.00	51012.91
252.07	51054.19
252.14	51072.72
252.21	51106.11
252.28	51150.81
252.35	51179.20
252.42	51213.10
252.49	51265.06
252.56	51322.18
252.63	51373.98
252.70	51439.53
252.77	51506.81
252.84	51566.24
252.91	51613.96
252.98	51661.65
253.05	51687.24
253.12	51712.13
253.19	51734.75
253.25	51770.58
253.32	51803.06
253.39	51861.53
253.46	51894.87
253.53	51934.73
253.60	51949.00
253.67	51961.10
253.74	51979.68
253.81	52022.42
253.88	52049.31
253.95	52102.73
254.02	52155.46
254.09	52197.19
254.16	52235.48
254.23	52278.30
254.30	52310.30
254.37	52348.88
254.44	52384.21
254.51	52414.75
254.58	52450.36
254.65	52483.32
254.72	52525.46
254.79	52544.30
254.86	52566.97
254.93	52594.86
255.00	52617.80
255.07	52640.49
255.14	52697.09
255.21	52734.85
255.28	52743.74
255.34	52743.54
255.41	52725.30
255.48	52694.82
255.55	52676.24
255.62	52684.22
255.69	52708.74
255.76	52739.23
255.83	52778.81
255.90	52825.85
255.97	52887.96
256.04	52939.43
256.11	53002.49
256.18	53051.77
256.25	53111.84
256.32	53150.48
256.39	53198.92
256.46	53229.47
256.53	53274.15
256.60	53309.55
256.67	53351.13
256.74	53379.99
256.80	53409.24
256.87	53414.93
256.94	53398.61
257.01	53383.31
257.08	53396.12
257.15	53402.61
257.22	53422.70
257.29	53421.75
257.36	53405.13
257.43	53345.36
257.50	53309.03
257.57	53255.61
257.64	53249.86
257.71	53271.16
257.78	53330.74
257.85	53390.13
257.92	53472.66
257.98	53554.65
258.05	53610.68
258.12	53619.32
258.19	53591.65
258.26	53537.71
258.33	53457.62
258.40	53386.00
258.47	53356.90
258.54	53355.07
258.61	53385.76
258.68	53430.74
258.75	53489.26
258.82	53543.04
258.89	53581.19
258.95	53595.87
259.02	53608.37
259.09	53597.52
259.16	53567.39
259.23	53549.83
259.30	53520.80
259.37	53510.55
259.44	53514.16
259.51	53534.31
259.58	53541.10
259.65	53561.70
259.72	53566.12
259.79	53536.98
259.85	53506.36
259.92	53474.47
259.99	53472.08
260.06	53477.25
260.13	53495.63
260.20	53507.92
260.27	53510.87
260.34	53477.89
260.41	53440.90
260.48	53417.78
260.55	53411.70
260.62	53414.28
260.68	53403.94
260.75	53376.08
260.82	53368.18
260.89	53353.53
260.96	53349.09
261.03	53355.37
261.10	53366.36
261.17	53348.46
261.24	53289.39
261.31	53216.48
261.38	53150.55
261.44	53079.21
261.51	53011.29
261.58	52997.00
261.65	53004.38
261.72	53012.54
261.79	53020.02
261.86	53027.51
261.93	53016.60
262.00	52981.08
262.07	52928.56
262.13	52888.81
262.20	52863.25
262.27	52828.36
262.34	52817.58
262.41	52837.04
262.48	52866.66
262.55	52883.53
262.62	52915.06
262.69	52932.14
262.76	52926.20
262.82	52896.11
262.89	52870.36
262.96	52851.70
263.03	52832.76
263.10	52822.18
263.17	52814.11
263.24	52786.87
263.31	52769.24
263.38	52773.25
263.44	52786.30
263.51	52792.69
263.58	52800.17
263.65	52769.38
263.72	52682.00
263.79	52570.16
263.86	52479.62
263.93	52416.84
264.00	52374.81
264.06	52377.81
264.13	52394.19
264.20	52381.66
264.27	52335.38
264.34	52265.72
264.41	52192.67
264.48	52121.35
264.55	52052.79
264.61	51978.68
264.68	51915.71
264.75	51848.68
264.82	51766.71
264.89	51710.94
264.96	51689.07
265.03	51682.90
265.10	51690.73
265.16	51703.93
265.23	51699.49
265.30	51683.43
265.37	51644.70
265.44	51600.68
265.51	51579.21
265.58	51575.17
265.65	51582.65
265.71	51613.67
265.78	51646.28
265.85	51636.80
265.92	51590.21
265.99	51506.64
266.06	51405.89
266.13	51273.97
266.20	51188.57
266.26	51122.29
266.33	51081.27
266.40	51037.60
266.47	51014.21
266.54	50962.65
266.61	50940.52
266.68	50918.01
266.74	50900.94
266.81	50862.52
266.88	50799.30
266.95	50697.46
267.02	50602.54
267.09	50518.59
267.16	50470.28
267.22	50469.48
267.29	50502.01
267.36	50546.68
267.43	50591.10
267.50	50614.60
267.57	50611.88
267.64	50565.51
267.70	50494.36
267.77	50415.02
267.84	50347.04
267.91	50301.19
267.98	50290.25
268.05	50307.50
268.11	50317.53
268.18	50298.83
268.25	50254.94
268.32	50167.83
268.39	50038.94
268.46	49889.54
268.53	49729.40
268.59	49577.16
268.66	49466.45
268.73	49396.26
268.80	49374.59
268.87	49411.10
268.94	49482.64
269.00	49571.10
269.07	49644.98
269.14	49701.63
269.21	49709.70
269.28	49664.22
269.35	49593.80
269.41	49531.56
269.48	49469.88
269.55	49441.66
269.62	49454.47
269.69	49472.59
269.76	49463.75
269.82	49436.17
269.89	49397.14
269.96	49342.46
270.03	49266.34
270.10	49179.59
270.17	49084.00
270.23	48997.07
270.30	48931.55
270.37	48901.94
270.44	48910.89
270.51	48932.93
270.58	48951.55
270.64	48955.08
270.71	48943.92
270.78	48935.34
270.85	48948.85
270.92	48958.67
270.99	48953.34
271.05	48936.17
271.12	48871.64
271.19	48780.55
271.26	48676.04
271.33	48582.28
271.39	48496.10
271.46	48433.45
271.53	48391.30
271.60	48356.85
271.67	48321.18
271.74	48286.07
271.80	48257.20
271.87	48217.10
271.94	48179.33
272.01	48137.18
272.08	48096.56
272.14	48056.38
272.21	48026.64
272.28	47999.48
272.35	47985.35
272.42	47965.95
272.48	47962.02
272.55	47953.24
272.62	47949.42
272.69	47935.16
272.76	47932.02
272.83	47903.38
272.89	47874.63
272.96	47852.78
273.03	47822.67
273.10	47791.15
273.17	47777.58
273.23	47758.11
273.30	47702.41
273.37	47617.47
273.44	47512.44
273.51	47395.49
273.57	47298.89
273.64	47243.09
273.71	47238.59
273.78	47259.10
273.85	47306.20
273.91	47352.39
273.98	47414.70
274.05	47507.33
274.12	47624.39
274.19	47731.39
274.25	47829.48
274.32	47883.13
274.39	47874.23
274.46	47795.51
274.53	47670.70
274.59	47527.41
274.66	47395.82
274.73	47276.12
274.80	47191.78
274.86	47128.13
274.93	47084.41
275.00	47042.30
275.07	47022.86
275.14	46985.83
275.20	46966.04
275.27	46947.05
275.34	46927.46
275.41	46901.07
275.48	46901.92
275.54	46920.65
275.61	46940.64
275.68	46955.29
275.75	46963.28
275.81	46952.58
275.88	46944.91
275.95	46942.49
276.02	46949.38
276.09	46960.00
276.15	46980.40
276.22	46979.89
276.29	46951.44
276.36	46873.32
276.42	46761.15
276.49	46636.16
276.56	46503.94
276.63	46377.21
276.70	46313.88
276.76	46295.42
276.83	46319.77
276.90	46366.48
276.97	46425.85
277.03	46456.12
277.10	46453.38
277.17	46396.90
277.24	46324.99
277.30	46264.34
277.37	46241.61
277.44	46258.44
277.51	46310.38
277.58	46364.12
277.64	46390.66
277.71	46380.55
277.78	46313.57
277.85	46189.43
277.91	46036.67
277.98	45900.50
278.05	45769.22
278.12	45685.18
278.18	45656.40
278.25	45674.03
278.32	45722.52
278.39	45819.87
278.45	45928.34
278.52	46057.31
278.59	46183.47
278.66	46274.28
278.72	46303.90
278.79	46273.57
278.86	46162.64
278.93	45992.63
278.99	45782.96
279.06	45590.59
279.13	45462.24
279.20	45433.21
279.26	45478.03
279.33	45602.18
279.40	45753.85
279.47	45894.90
279.53	45986.66
279.60	45996.50
279.67	45899.73
279.74	45691.19
279.80	45436.47
279.87	45176.14
279.94	44978.75
280.01	44877.87
280.07	44876.97
280.14	44928.61
280.21	44994.19
280.28	45061.03
280.34	45111.16
280.41	45157.71
280.48	45199.51
280.55	45232.67
280.61	45269.95
280.68	45297.86
280.75	45315.26
280.82	45326.93
280.88	45355.17
280.95	45342.10
281.02	45311.22
281.08	45239.51
281.15	45147.80
281.22	45025.94
281.29	44892.75
281.35	44750.53
281.42	44618.64
281.49	44461.65
281.56	44299.89
281.62	44170.20
281.69	44071.43
281.76	43996.17
281.82	43951.95
281.89	43935.61
281.96	43943.57
282.03	43956.21
282.09	43987.01
282.16	44044.19
282.23	44117.99
282.30	44193.64
282.36	44292.44
282.43	44395.97
282.50	44495.94
282.56	44554.90
282.63	44604.11
282.70	44624.73
282.77	44649.86
282.83	44667.58
282.90	44704.82
282.97	44722.30
283.03	44671.77
283.10	44509.79
283.17	44285.64
283.24	43999.44
283.30	43707.60
283.37	43501.85
283.44	43401.95
283.50	43364.71
283.57	43405.03
283.64	43457.51
283.71	43505.35
283.77	43551.19
283.84	43625.20
283.91	43674.43
283.97	43740.97
284.04	43825.59
284.11	43902.87
284.18	43950.22
284.24	44017.93
284.31	44047.43
284.38	44029.28
284.44	43997.37
284.51	43965.02
284.58	43931.16
284.64	43918.34
284.71	43890.06
284.78	43847.50
284.85	43780.61
284.91	43693.83
284.98	43611.52
285.05	43516.25
285.11	43398.27
285.18	43253.51
285.25	43092.33
285.31	42918.97
285.38	42799.76
285.45	42766.62
285.52	42811.51
285.58	42904.18
285.65	43033.69
285.72	43166.17
285.78	43282.18
285.85	43375.67
285.92	43470.63
285.98	43557.16
286.05	43650.71
286.12	43742.91
286.18	43832.85
286.25	43916.65
286.32	43992.15
286.39	44048.66
286.45	44055.59
286.52	44001.93
286.59	43865.86
286.65	43650.60
286.72	43389.00
286.79	43120.44
286.85	42888.94
286.92	42739.85
286.99	42666.96
287.05	42629.80
287.12	42655.39
287.19	42725.28
287.25	42815.51
287.32	42908.85
287.39	43018.51
287.45	43109.52
287.52	43182.74
287.59	43239.13
287.65	43306.21
287.72	43378.27
287.79	43449.87
287.86	43517.19
287.92	43570.91
287.99	43607.12
288.06	43654.74
288.12	43695.49
288.19	43744.66
288.26	43791.38
288.32	43832.00
288.39	43834.76
288.46	43815.48
288.52	43753.22
288.59	43641.97
288.66	43482.67
288.72	43270.42
288.79	43044.23
288.86	42843.26
288.92	42682.08
288.99	42616.03
289.06	42647.34
289.12	42747.81
289.19	42894.82
289.26	43085.16
289.32	43278.32
289.39	43462.68
289.45	43644.29
289.52	43783.84
289.59	43889.27
289.65	43931.87
289.72	43936.73
289.79	43910.64
289.85	43878.81
289.92	43830.09
289.99	43770.21
290.05	43683.55
290.12	43564.56
290.19	43452.47
290.25	43364.19
290.32	43324.47
290.39	43335.37
290.45	43367.44
290.52	43385.12
290.59	43353.70
290.65	43254.61
290.72	43093.45
290.79	42953.04
290.85	42878.51
290.92	42897.22
290.98	43010.03
291.05	43202.88
291.12	43417.10
291.18	43610.62
291.25	43776.31
291.32	43916.82
291.38	44049.47
291.45	44167.68
291.52	44268.69
291.58	44355.29
291.65	44405.16
291.72	44402.57
291.78	44344.50
291.85	44236.50
291.91	44091.04
291.98	43967.75
292.05	43855.61
292.11	43751.01
292.18	43646.72
292.25	43533.91
292.31	43383.12
292.38	43246.60
292.45	43155.70
292.51	43122.40
292.58	43122.65
292.64	43184.10
292.71	43284.29
292.78	43401.16
292.84	43517.63
292.91	43690.17
292.98	43855.44
293.04	44025.89
293.11	44190.98
293.17	44357.65
293.24	44502.02
293.31	44634.22
293.37	44755.39
293.44	44848.17
293.51	44901.31
293.57	44908.23
293.64	44882.11
293.70	44784.31
293.77	44597.82
293.84	44351.79
293.90	44072.59
293.97	43797.66
294.04	43583.35
294.10	43471.82
294.17	43461.26
294.23	43496.89
294.30	43551.17
294.37	43569.55
294.43	43574.57
294.50	43535.54
294.56	43511.51
294.63	43517.34
294.70	43600.39
294.76	43737.36
294.83	43944.12
294.90	44188.22
294.96	44435.83
295.03	44654.50
295.09	44859.62
295.16	45040.83
295.23	45194.53
295.29	45344.55
295.36	45468.44
295.42	45547.13
295.49	45597.92
295.56	45626.36
295.62	45604.20
295.69	45522.84
295.75	45396.60
295.82	45209.03
295.89	44947.50
295.95	44633.33
296.02	44345.30
296.08	44075.96
296.15	43845.27
296.22	43662.24
296.28	43569.51
296.35	43551.79
296.41	43628.84
296.48	43789.77
296.55	44040.57
296.61	44320.77
296.68	44619.16
296.74	44891.66
296.81	45128.02
296.88	45308.32
296.94	45461.65
297.01	45575.84
297.07	45687.92
297.14	45821.59
297.20	45975.50
297.27	46133.08
297.34	46287.99
297.40	46421.96
297.47	46501.18
297.53	46542.03
297.60	46528.72
297.67	46461.05
297.73	46330.16
297.80	46105.16
297.86	45785.43
297.93	45400.64
298.00	44988.02
298.06	44611.34
298.13	44356.49
298.19	44219.40
298.26	44203.38
298.32	44289.55
298.39	44403.57
298.46	44518.60
298.52	44667.05
298.59	44838.58
298.65	45029.16
298.72	45264.11
298.78	45521.99
298.85	45769.53
298.92	46000.36
298.98	46209.67
299.05	46383.29
299.11	46541.39
299.18	46676.79
299.24	46804.51
299.31	46903.38
299.38	46990.07
299.44	47051.25
299.51	47101.04
299.57	47124.23
299.64	47137.68
299.70	47126.61
299.77	47073.36
299.84	46933.69
299.90	46658.93
299.97	46224.57
300.03	45670.90
300.10	45098.60
300.16	44617.77
300.23	44339.40
300.30	44291.90
300.36	44443.38
300.43	44712.43
300.49	45033.33
300.56	45345.01
300.62	45638.93
300.69	45903.41
300.75	46163.23
300.82	46406.51
300.89	46613.47
300.95	46793.57
301.02	46953.96
301.08	47092.41
301.15	47198.88
301.21	47311.13
301.28	47408.50
301.34	47515.85
301.41	47587.26
301.48	47650.09
301.54	47684.67
301.61	47704.37
301.67	47679.75
301.74	47622.74
301.80	47493.69
301.87	47285.18
301.93	46985.19
302.00	46610.76
302.06	46186.90
302.13	45787.45
302.20	45450.47
302.26	45227.47
302.33	45129.97
302.39	45148.55
302.46	45254.63
302.52	45431.00
302.59	45643.78
302.65	45874.58
302.72	46106.56
302.78	46339.40
302.85	46561.21
302.91	46765.18
302.98	46935.58
303.05	47085.59
303.11	47225.03
303.18	47333.84
303.24	47420.69
303.31	47490.43
303.37	47581.15
303.44	47636.53
303.50	47676.45
303.57	47691.18
303.63	47699.36
303.70	47661.47
303.76	47614.32
303.83	47563.08
303.89	47487.13
303.96	47368.46
304.03	47196.38
304.09	46942.33
304.16	46571.09
304.22	46144.73
304.29	45739.47
304.35	45420.01
304.42	45233.76
304.48	45208.67
304.55	45315.81
304.61	45485.08
304.68	45680.26
304.74	45880.22
304.81	46083.06
304.87	46264.51
304.94	46438.35
305.00	46595.39
305.07	46709.34
305.13	46797.86
305.20	46866.08
305.26	46929.82
305.33	46980.56
305.39	47035.31
305.46	47075.71
305.52	47118.95
305.59	47141.34
305.66	47129.08
305.72	47107.86
305.79	47071.59
305.85	47006.91
305.92	46900.52
305.98	46739.11
306.05	46499.37
306.11	46228.82
306.18	45932.16
306.24	45637.78
306.31	45358.95
306.37	45108.17
306.44	44865.15
306.50	44638.39
306.57	44489.51
306.63	44463.48
306.70	44543.26
306.76	44710.32
306.83	44943.67
306.89	45164.82
306.96	45350.04
307.02	45494.70
307.09	45612.22
307.15	45703.03
307.22	45780.09
307.28	45825.91
307.35	45861.90
307.41	45885.25
307.48	45903.44
307.54	45898.89
307.61	45893.66
307.67	45867.98
307.74	45834.32
307.80	45798.70
307.87	45770.93
307.93	45731.49
308.00	45690.92
308.06	45641.22
308.13	45552.75
308.19	45446.18
308.26	45327.59
308.32	45209.50
308.38	45075.44
308.45	44936.58
308.51	44767.71
308.58	44556.30
308.64	44323.77
308.71	44114.59
308.77	43964.14
308.84	43873.30
308.90	43881.65
308.97	43944.50
309.03	44041.90
309.10	44132.41
309.16	44224.01
309.23	44286.35
309.29	44342.30
309.36	44368.65
309.42	44391.56
309.49	44406.89
309.55	44418.58
309.62	44405.50
309.68	44378.16
309.75	44330.89
309.81	44266.97
309.88	44207.18
309.94	44145.05
310.00	44095.12
310.07	44024.98
310.13	43968.19
310.20	43884.37
310.26	43797.21
310.33	43696.88
310.39	43624.74
310.46	43542.76
310.52	43455.47
310.59	43347.36
310.65	43211.74
310.72	43058.72
310.78	42913.47
310.85	42786.98
310.91	42715.04
310.97	42693.36
311.04	42690.39
311.10	42688.50
311.17	42702.26
311.23	42693.25
311.30	42693.20
311.36	42700.17
311.43	42728.66
311.49	42739.70
311.56	42754.72
311.62	42757.37
311.69	42759.47
311.75	42741.04
311.81	42723.64
311.88	42690.52
311.94	42649.65
312.01	42595.42
312.07	42530.75
312.14	42470.95
312.20	42435.66
312.27	42390.41
312.33	42352.92
312.40	42308.64
312.46	42243.62
312.52	42161.41
312.59	42076.86
312.65	41989.59
312.72	41910.09
312.78	41832.81
312.85	41748.64
312.91	41645.77
312.98	41536.81
313.04	41414.30
313.10	41295.78
313.17	41185.46
313.23	41121.01
313.30	41061.52
313.36	41020.11
313.43	41008.07
313.49	41014.13
313.56	41006.53
313.62	41006.36
313.68	41004.38
313.75	41000.90
313.81	40980.00
313.88	40941.49
313.94	40912.66
314.01	40885.03
314.07	40844.97
314.13	40813.23
314.20	40797.41
314.26	40768.17
314.33	40725.23
314.39	40679.14
314.46	40607.17
314.52	40542.77
314.58	40463.64
314.65	40400.50
314.71	40319.63
314.78	40255.10
314.84	40179.69
314.91	40114.84
314.97	40045.42
315.03	39995.67
315.10	39956.48
315.16	39902.03
315.23	39847.27
315.29	39784.46
315.36	39722.64
315.42	39660.36
315.48	39601.23
315.55	39544.28
315.61	39487.93
315.68	39439.95
315.74	39377.98
315.81	39318.15
315.87	39272.09
315.93	39263.16
316.00	39253.27
316.06	39256.19
316.13	39257.96
316.19	39239.93
316.25	39169.93
316.32	39061.81
316.38	38903.16
316.45	38713.90
316.51	38484.22
316.58	38232.07
316.64	37972.12
316.70	37725.36
316.77	37468.87
316.83	37222.95
316.90	36976.02
316.96	36716.96
317.02	36465.74
317.09	36213.58
317.15	35964.43
317.22	35697.70
317.28	35443.54
317.34	35174.14
317.41	34918.21
317.47	34654.76
317.54	34424.24
317.60	34174.12
317.66	33926.61
317.73	33667.63
317.79	33407.11
317.86	33132.52
317.92	32863.57
317.98	32579.95
318.05	32301.01
318.11	32020.54
318.18	31741.23
318.24	31478.40
318.30	31211.17
318.37	30941.23
318.43	30662.85
318.50	30379.91
318.56	30092.06
318.62	29819.87
318.69	29539.61
318.75	29276.64
318.82	29004.23
318.88	28727.22
318.94	28451.94
319.01	28184.68
319.07	27909.44
319.13	27634.30
319.20	27354.80
319.26	27066.52
319.33	26777.05
319.39	26473.49
319.45	26191.00
319.52	25901.78
319.58	25612.89
319.65	25320.92
319.71	25043.34
319.77	24752.93
319.84	24472.52
319.90	24191.02
319.96	23909.85
320.03	23619.28
320.09	23337.07
320.16	23041.92
320.22	22749.53
320.28	22455.24
320.35	22165.83
320.41	21877.57
320.47	21609.06
320.54	21330.35
320.60	21058.55
320.67	20795.23
320.73	20523.86
320.79	20235.82
320.86	19952.19
320.92	19661.93
320.98	19356.95
321.05	19054.84
321.11	18751.84
321.18	18456.26
321.24	18168.67
321.30	17889.56
321.37	17612.05
321.43	17344.49
321.49	17071.67
321.56	16800.05
321.62	16532.89
321.68	16254.01
321.75	15973.07
321.81	15693.62
321.88	15403.59
321.94	15113.05
322.00	14828.54
322.07	14536.91
322.13	14248.44
322.19	13957.25
322.26	13670.88
322.32	13395.34
322.38	13122.45
322.45	12852.28
322.51	12587.79
322.58	12320.69
322.64	12034.71
322.70	11762.23
322.77	11483.50
322.83	11221.34
322.89	10942.63
322.96	10673.25
323.02	10400.46
323.08	10132.22
323.15	9853.16
323.21	9587.71
323.27	9329.30
323.34	9076.15
323.40	8820.10
323.46	8568.57
323.53	8212.40
323.59	7091.19
323.65	5481.92
323.72	3802.64
323.78	2173.58
323.85	700.61
323.91	41.59
323.97	-81.11
324.04	-82.91
