180.21	3365.90
180.28	-113.98
180.36	625.94
180.44	-41.52
180.51	-12.20
180.59	9.78
180.66	37.00
180.74	33.13
180.81	31.37
180.89	32.91
180.97	33.64
181.04	31.15
181.12	30.68
181.19	30.79
181.27	30.27
181.34	48.59
181.42	56.53
181.50	64.15
181.57	76.41
181.65	81.67
181.72	75.36
181.80	70.11
181.87	70.06
181.95	70.29
182.03	69.32
182.10	71.02
182.18	72.09
182.25	77.32
182.33	76.61
182.40	83.82
182.48	78.85
182.55	90.64
182.63	95.01
182.71	97.71
182.78	99.61
182.86	105.10
182.93	101.64
183.01	104.03
183.08	104.50
183.16	109.59
183.23	106.31
183.31	113.61
183.39	112.80
183.46	122.76
183.54	117.89
183.61	125.76
183.69	127.46
183.76	137.94
183.84	137.70
183.91	140.29
183.99	149.78
184.06	151.21
184.14	153.76
184.22	158.07
184.29	161.07
184.37	158.65
184.44	152.48
184.52	141.86
184.59	138.61
184.67	142.96
184.74	136.03
184.82	148.28
184.89	160.81
184.97	171.04
185.04	179.20
185.12	190.21
185.20	199.10
185.27	208.10
185.35	217.57
185.42	217.25
185.50	230.57
185.57	231.05
185.65	236.82
185.72	238.13
185.80	248.45
185.87	246.39
185.95	245.55
186.02	246.56
186.10	244.73
186.17	243.19
186.25	242.63
186.33	235.34
186.40	227.21
186.48	228.57
186.55	233.71
186.63	238.04
186.70	267.10
186.78	283.84
186.85	302.06
186.93	315.19
187.00	332.24
187.08	329.42
187.15	340.82
187.23	346.57
187.30	353.53
187.38	365.88
187.45	384.42
187.53	398.69
187.60	406.49
187.68	418.97
187.75	429.63
187.83	437.45
187.90	432.67
187.98	432.40
188.05	431.33
188.13	415.53
188.21	394.22
188.28	393.21
188.36	388.44
188.43	389.68
188.51	406.18
188.58	435.13
188.66	443.26
188.73	463.31
188.81	486.79
188.88	499.51
188.96	512.01
189.03	541.35
189.11	563.73
189.18	578.23
189.26	597.82
189.33	623.76
189.41	650.48
189.48	672.20
189.56	692.06
189.63	711.63
189.71	710.97
189.78	689.69
189.86	667.21
189.93	647.82
190.01	620.09
190.08	601.78
190.16	588.01
190.23	571.23
190.31	564.21
190.38	560.87
190.46	569.81
190.53	596.96
190.61	644.20
190.68	674.23
190.76	722.49
190.83	760.81
190.91	788.45
190.98	802.29
191.06	824.59
191.13	838.11
191.21	846.39
191.28	848.20
191.35	850.66
191.43	847.02
191.50	834.80
191.58	833.20
191.65	842.24
191.73	851.41
191.80	863.28
191.88	868.34
191.95	870.50
192.03	871.26
192.10	875.63
192.18	885.37
192.25	904.82
192.33	916.83
192.40	918.93
192.48	916.99
192.55	911.73
192.63	901.71
192.70	900.06
192.78	909.45
192.85	926.09
192.93	936.50
193.00	935.18
193.08	924.44
193.15	913.39
193.22	905.83
193.30	910.27
193.37	949.18
193.45	989.18
193.52	1039.58
193.60	1094.83
193.67	1138.36
193.75	1166.48
193.82	1199.18
193.90	1211.89
193.97	1215.15
194.05	1210.96
194.12	1195.38
194.20	1172.01
194.27	1145.13
194.34	1104.29
194.42	1068.50
194.49	1046.78
194.57	1032.02
194.64	1017.18
194.72	1010.73
194.79	1015.63
194.87	1027.42
194.94	1060.47
195.02	1118.77
195.09	1190.12
195.17	1264.32
195.24	1328.64
195.31	1378.35
195.39	1407.94
195.46	1424.13
195.54	1435.01
195.61	1434.99
195.69	1414.25
195.76	1384.22
195.84	1340.45
195.91	1262.09
195.99	1173.56
196.06	1098.76
196.13	1049.98
196.21	1034.88
196.28	1064.00
196.36	1133.79
196.43	1218.02
196.51	1307.27
196.58	1387.80
196.66	1461.01
196.73	1513.57
196.80	1547.98
196.88	1564.59
196.95	1574.91
197.03	1571.72
197.10	1552.28
197.18	1522.20
197.25	1466.90
197.33	1389.02
197.40	1308.94
197.47	1225.83
197.55	1161.70
197.62	1127.96
197.70	1124.69
197.77	1153.67
197.85	1215.66
197.92	1289.92
197.99	1378.02
198.07	1478.99
198.14	1566.68
198.22	1651.68
198.29	1718.26
198.37	1767.79
198.44	1798.11
198.51	1808.74
198.59	1794.96
198.66	1770.50
198.74	1717.75
198.81	1627.33
198.89	1515.43
198.96	1410.24
199.03	1305.16
199.11	1233.48
199.18	1208.62
199.26	1236.69
199.33	1301.19
199.41	1401.28
199.48	1507.34
199.55	1619.22
199.63	1712.79
199.70	1797.63
199.78	1864.04
199.85	1925.91
199.93	1973.09
200.00	2019.20
200.07	2029.59
200.15	2022.75
200.22	1983.33
200.30	1897.53
200.37	1770.69
200.44	1615.22
200.52	1467.94
200.59	1366.69
200.67	1325.04
200.74	1337.81
200.81	1411.64
200.89	1510.69
200.96	1617.56
201.04	1717.36
201.11	1828.17
201.19	1940.24
201.26	2041.10
201.33	2119.90
201.41	2189.59
201.48	2233.31
201.56	2248.58
201.63	2249.08
201.70	2207.86
201.78	2132.99
201.85	2019.80
201.93	1886.12
202.00	1750.20
202.07	1644.90
202.15	1555.74
202.22	1516.02
202.30	1535.04
202.37	1593.70
202.44	1692.76
202.52	1839.91
202.59	2000.74
202.67	2144.63
202.74	2275.79
202.81	2387.65
202.89	2482.41
202.96	2571.43
203.04	2655.66
203.11	2707.16
203.18	2736.44
203.26	2721.23
203.33	2653.16
203.41	2526.18
203.48	2359.45
203.55	2133.64
203.63	1928.49
203.70	1786.63
203.77	1727.53
203.85	1757.86
203.92	1883.95
204.00	2063.16
204.07	2239.94
204.14	2415.75
204.22	2579.68
204.29	2740.45
204.37	2880.06
204.44	3004.11
204.51	3106.12
204.59	3173.10
204.66	3195.51
204.73	3185.83
204.81	3136.22
204.88	3041.40
204.96	2896.59
205.03	2704.33
205.10	2487.76
205.18	2302.55
205.25	2153.57
205.32	2077.81
205.40	2092.10
205.47	2188.17
205.55	2332.50
205.62	2525.70
205.69	2754.96
205.77	2990.66
205.84	3214.62
205.91	3412.57
205.99	3583.25
206.06	3715.67
206.14	3833.07
206.21	3943.35
206.28	4027.12
206.36	4080.11
206.43	4081.29
206.50	4014.88
206.58	3856.09
206.65	3614.10
206.72	3293.13
206.80	2968.79
206.87	2699.27
206.95	2544.63
207.02	2536.97
207.09	2680.69
207.17	2925.79
207.24	3218.84
207.31	3514.43
207.39	3792.76
207.46	4054.10
207.53	4289.95
207.61	4512.46
207.68	4710.15
207.75	4895.41
207.83	5041.54
207.90	5148.14
207.98	5186.85
208.05	5162.22
208.12	5045.66
208.20	4851.53
208.27	4570.14
208.34	4221.29
208.42	3859.41
208.49	3574.75
208.56	3395.52
208.64	3365.21
208.71	3483.55
208.78	3699.58
208.86	3967.06
208.93	4264.07
209.00	4572.98
209.08	4886.23
209.15	5208.47
209.22	5511.46
209.30	5792.86
209.37	6046.02
209.44	6267.77
209.52	6446.34
209.59	6572.52
209.67	6639.77
209.74	6623.71
209.81	6526.15
209.89	6308.07
209.96	5978.42
210.03	5563.25
210.11	5158.48
210.18	4795.51
210.25	4552.92
210.33	4488.79
210.40	4612.84
210.47	4860.72
210.55	5212.50
210.62	5616.23
210.69	6023.24
210.77	6417.25
210.84	6775.87
210.91	7112.02
210.99	7415.09
211.06	7702.61
211.13	7971.83
211.21	8220.69
211.28	8407.80
211.35	8545.57
211.42	8582.09
211.50	8484.50
211.57	8255.00
211.64	7894.55
211.72	7412.22
211.79	6882.77
211.86	6466.16
211.94	6252.13
212.01	6257.90
212.08	6487.18
212.16	6885.75
212.23	7313.14
212.30	7710.57
212.38	8055.59
212.45	8375.46
212.52	8664.52
212.60	8947.78
212.67	9224.07
212.74	9529.76
212.82	9827.01
212.89	10132.39
212.96	10396.75
213.03	10585.03
213.11	10667.80
213.18	10629.65
213.25	10452.29
213.33	10130.47
213.40	9694.73
213.47	9264.94
213.55	8916.58
213.62	8695.25
213.69	8667.60
213.77	8859.68
213.84	9162.29
213.91	9542.15
213.98	9954.49
214.06	10341.91
214.13	10677.82
214.20	10974.25
214.28	11271.75
214.35	11577.51
214.42	11925.92
214.50	12308.43
214.57	12697.00
214.64	13034.70
214.72	13310.87
214.79	13499.90
214.86	13578.42
214.93	13531.09
215.01	13349.75
215.08	13016.47
215.15	12543.58
215.23	11994.82
215.30	11551.97
215.37	11319.57
215.44	11373.56
215.52	11697.34
215.59	12229.72
215.66	12821.33
215.74	13366.94
215.81	13819.63
215.88	14240.04
215.95	14628.86
216.03	15008.75
216.10	15372.72
216.17	15728.08
216.25	16027.34
216.32	16277.03
216.39	16467.53
216.46	16612.71
216.54	16703.37
216.61	16736.54
216.68	16672.03
216.76	16497.31
216.83	16180.55
216.90	15728.49
216.97	15256.80
217.05	14918.89
217.12	14768.47
217.19	14868.89
217.27	15237.61
217.34	15775.12
217.41	16378.18
217.48	16985.57
217.56	17557.91
217.63	18074.59
217.70	18522.78
217.78	18886.49
217.85	19191.04
217.92	19454.81
217.99	19684.40
218.07	19874.70
218.14	20051.91
218.21	20247.62
218.28	20427.18
218.36	20579.20
218.43	20680.06
218.50	20687.75
218.57	20518.76
218.65	20181.76
218.72	19677.16
218.79	19159.77
218.87	18753.37
218.94	18582.71
219.01	18702.67
219.08	19124.79
219.16	19722.79
219.23	20383.41
219.30	21007.20
219.37	21546.28
219.45	22017.81
219.52	22437.15
219.59	22812.62
219.66	23163.27
219.74	23501.08
219.81	23835.83
219.88	24128.89
219.95	24411.13
220.03	24676.19
220.10	24905.51
220.17	25043.75
220.24	25102.52
220.32	25020.64
220.39	24796.93
220.46	24432.46
220.53	23961.28
220.61	23488.58
220.68	23174.33
220.75	23074.22
220.82	23227.05
220.90	23601.01
220.97	24099.64
221.04	24602.10
221.11	25058.94
221.19	25456.03
221.26	25837.34
221.33	26205.90
221.40	26575.48
221.48	26947.11
221.55	27305.39
221.62	27649.34
221.69	27971.54
221.77	28262.14
221.84	28515.41
221.91	28720.67
221.98	28861.37
222.06	28941.05
222.13	28940.12
222.20	28855.14
222.27	28707.87
222.35	28491.64
222.42	28272.46
222.49	28119.66
222.56	28065.83
222.63	28122.18
222.71	28287.82
222.78	28517.65
222.85	28751.07
222.92	29002.92
223.00	29255.35
223.07	29526.54
223.14	29812.75
223.21	30127.07
223.29	30445.44
223.36	30781.44
223.43	31104.01
223.50	31416.45
223.57	31705.18
223.65	31962.22
223.72	32134.92
223.79	32262.60
223.86	32328.75
223.94	32344.06
224.01	32326.14
224.08	32307.80
224.15	32286.09
224.22	32253.92
224.30	32226.10
224.37	32234.30
224.44	32292.57
224.51	32385.17
224.59	32521.93
224.66	32721.04
224.73	32919.91
224.80	33127.81
224.87	33350.98
224.95	33609.04
225.02	33860.45
225.09	34117.36
225.16	34362.84
225.23	34596.72
225.31	34813.28
225.38	34993.81
225.45	35153.80
225.52	35267.88
225.60	35338.06
225.67	35347.91
225.74	35318.26
225.81	35238.52
225.88	35182.62
225.96	35174.79
226.03	35218.11
226.10	35323.25
226.17	35497.50
226.24	35692.85
226.32	35874.04
226.39	36054.86
226.46	36241.84
226.53	36429.69
226.60	36616.81
226.68	36813.29
226.75	37002.84
226.82	37187.84
226.89	37351.49
226.96	37499.94
227.04	37611.68
227.11	37707.72
227.18	37790.11
227.25	37862.82
227.32	37927.39
227.40	37999.23
227.47	38054.79
227.54	38088.95
227.61	38084.10
227.68	38051.55
227.76	38003.26
227.83	37976.64
227.90	38002.07
227.97	38082.49
228.04	38227.63
228.11	38403.93
228.19	38584.30
228.26	38751.37
228.33	38920.83
228.40	39068.78
228.47	39210.20
228.55	39350.72
228.62	39485.63
228.69	39602.59
228.76	39699.60
228.83	39793.77
228.90	39883.49
228.98	39973.18
229.05	40073.67
229.12	40197.59
229.19	40320.75
229.26	40443.67
229.34	40538.38
229.41	40622.06
229.48	40673.22
229.55	40694.78
229.62	40708.75
229.69	40704.61
229.77	40680.27
229.84	40671.15
229.91	40685.70
229.98	40715.67
230.05	40783.56
230.12	40867.65
230.20	40976.78
230.27	41107.66
230.34	41232.57
230.41	41350.72
230.48	41471.96
230.55	41570.13
230.63	41653.31
230.70	41734.55
230.77	41789.03
230.84	41842.50
230.91	41885.66
230.98	41932.31
231.06	41982.28
231.13	42072.62
231.20	42178.79
231.27	42291.62
231.34	42392.92
231.41	42491.45
231.49	42561.16
231.56	42625.12
231.63	42672.95
231.70	42721.51
231.77	42749.09
231.84	42769.93
231.92	42777.09
231.99	42808.73
232.06	42840.22
232.13	42893.54
232.20	42972.40
232.27	43052.58
232.34	43113.85
232.42	43159.53
232.49	43207.28
232.56	43240.28
232.63	43286.41
232.70	43337.87
232.77	43394.57
232.85	43449.21
232.92	43515.49
232.99	43565.06
233.06	43613.21
233.13	43681.62
233.20	43732.71
233.27	43771.41
233.35	43799.07
233.42	43826.26
233.49	43847.72
233.56	43882.45
233.63	43912.44
233.70	43965.97
233.77	44017.24
233.85	44056.54
233.92	44116.81
233.99	44172.04
234.06	44218.31
234.13	44270.14
234.20	44322.68
234.27	44349.63
234.35	44383.52
234.42	44404.54
234.49	44421.96
234.56	44437.82
234.63	44438.64
234.70	44441.23
234.77	44443.28
234.84	44428.27
234.92	44412.32
234.99	44424.09
235.06	44440.22
235.13	44467.14
235.20	44512.39
235.27	44565.15
235.34	44598.60
235.41	44634.33
235.49	44674.20
235.56	44709.91
235.63	44742.32
235.70	44781.34
235.77	44802.20
235.84	44817.63
235.91	44823.10
235.98	44822.41
236.06	44810.39
236.13	44817.66
236.20	44821.74
236.27	44832.98
236.34	44848.34
236.41	44865.90
236.48	44878.45
236.55	44885.28
236.63	44880.12
236.70	44880.24
236.77	44879.53
236.84	44894.58
236.91	44915.30
236.98	44945.53
237.05	44972.81
237.12	44995.80
237.19	45004.72
237.27	45009.45
237.34	45028.10
237.41	45038.83
237.48	45045.46
237.55	45038.80
237.62	45034.92
237.69	45028.04
237.76	45029.60
237.83	45042.33
237.91	45063.27
237.98	45087.46
238.05	45097.94
238.12	45102.48
238.19	45108.59
238.26	45136.41
238.33	45147.85
238.40	45159.44
238.47	45163.67
238.54	45177.24
238.62	45166.06
238.69	45167.00
238.76	45158.32
238.83	45153.90
238.90	45157.62
238.97	45161.74
239.04	45175.99
239.11	45198.75
239.18	45232.63
239.25	45234.04
239.33	45233.12
239.40	45220.76
239.47	45209.93
239.54	45184.40
239.61	45168.02
239.68	45140.37
239.75	45119.32
239.82	45105.32
239.89	45111.74
239.96	45120.11
240.03	45137.74
240.11	45156.42
240.18	45164.74
240.25	45174.37
240.32	45188.95
240.39	45211.97
240.46	45235.14
240.53	45275.58
240.60	45308.35
240.67	45341.87
240.74	45378.39
240.81	45404.12
240.88	45421.14
240.96	45432.67
241.03	45435.50
241.10	45423.53
241.17	45428.00
241.24	45424.58
241.31	45430.47
241.38	45431.62
241.45	45428.66
241.52	45432.41
241.59	45427.62
241.66	45424.63
241.73	45447.92
241.80	45486.58
241.88	45501.65
241.95	45513.96
242.02	45526.24
242.09	45515.32
242.16	45502.23
242.23	45510.05
242.30	45535.37
242.37	45545.69
242.44	45575.83
242.51	45590.28
242.58	45596.35
242.65	45586.24
242.72	45591.86
242.79	45591.00
242.87	45610.53
242.94	45619.65
243.01	45649.14
243.08	45681.67
243.15	45703.66
243.22	45725.76
243.29	45757.76
243.36	45791.04
243.43	45812.80
243.50	45860.77
243.57	45900.75
243.64	45933.82
243.71	45971.39
243.78	46008.74
243.85	46019.41
243.92	46024.28
243.99	46033.09
244.07	46034.06
244.14	46027.66
244.21	46047.34
244.28	46066.64
244.35	46086.43
244.42	46124.33
244.49	46152.11
244.56	46161.39
244.63	46187.99
244.70	46195.02
244.77	46195.69
244.84	46219.46
244.91	46252.62
244.98	46302.42
245.05	46362.06
245.12	46412.15
245.19	46457.42
245.26	46483.92
245.33	46501.34
245.40	46531.65
245.47	46578.95
245.55	46621.34
245.62	46662.56
245.69	46696.98
245.76	46741.10
245.83	46782.02
245.90	46834.55
245.97	46881.03
246.04	46937.74
246.11	46974.32
246.18	46995.64
246.25	46998.46
246.32	47017.37
246.39	47031.58
246.46	47065.52
246.53	47115.40
246.60	47175.03
246.67	47249.02
246.74	47299.49
246.81	47356.70
246.88	47403.61
246.95	47451.82
247.02	47486.20
247.09	47533.26
247.16	47546.43
247.23	47549.52
247.30	47562.36
247.37	47571.81
247.44	47593.05
247.51	47638.40
247.58	47691.87
247.66	47743.64
247.73	47804.79
247.80	47862.21
247.87	47920.21
247.94	47988.05
248.01	48068.37
248.08	48140.48
248.15	48195.72
248.22	48241.80
248.29	48286.94
248.36	48310.62
248.43	48339.68
248.50	48396.34
248.57	48455.25
248.64	48505.80
248.71	48569.09
248.78	48653.75
248.85	48717.77
248.92	48776.98
248.99	48819.18
249.06	48867.55
249.13	48893.61
249.20	48924.88
249.27	48948.84
249.34	48987.66
249.41	49007.36
249.48	49030.30
249.55	49045.67
249.62	49073.44
249.69	49098.08
249.76	49124.73
249.83	49164.81
249.90	49229.35
249.97	49301.99
250.04	49397.96
250.11	49509.79
250.18	49597.11
250.25	49664.41
250.32	49725.99
250.39	49772.23
250.46	49811.72
250.53	49858.94
250.60	49920.44
250.67	50000.67
250.74	50072.08
250.81	50118.91
250.88	50159.97
250.95	50188.54
251.02	50194.67
251.09	50206.47
251.16	50234.13
251.23	50260.35
251.30	50302.55
251.37	50335.93
251.44	50372.44
251.51	50429.23
251.58	50497.19
251.65	50559.43
251.72	50623.03
251.79	50704.00
251.86	50750.06
251.93	50784.75
252.00	50808.33
252.07	50835.70
252.14	50851.24
252.21	50879.03
252.28	50908.96
252.35	50942.49
252.42	50987.55
252.49	51044.14
252.56	51105.66
252.63	51171.50
252.70	51244.50
252.77	51312.39
252.84	51360.18
252.91	51404.70
252.98	51446.11
253.05	51475.30
253.12	51501.93
253.19	51528.66
253.25	51564.18
253.32	51596.10
253.39	51646.20
253.46	51688.00
253.53	51724.65
253.60	51745.08
253.67	51771.68
253.74	51793.15
253.81	51838.12
253.88	51880.75
253.95	51930.66
254.02	51980.95
254.09	52022.97
254.16	52057.27
254.23	52088.14
254.30	52112.18
254.37	52145.41
254.44	52177.78
254.51	52205.56
254.58	52238.67
254.65	52283.02
254.72	52315.30
254.79	52348.87
254.86	52375.86
254.93	52401.04
255.00	52424.06
255.07	52456.42
255.14	52492.87
255.21	52519.90
255.28	52534.40
255.34	52531.77
255.41	52529.54
255.48	52514.26
255.55	52504.02
255.62	52514.70
255.69	52537.51
255.76	52562.17
255.83	52602.74
255.90	52652.45
255.97	52716.32
256.04	52774.99
256.11	52831.46
256.18	52870.84
256.25	52919.24
256.32	52957.59
256.39	53009.63
256.46	53049.70
256.53	53106.87
256.60	53156.13
256.67	53200.69
256.74	53219.64
256.80	53235.06
256.87	53233.22
256.94	53211.81
257.01	53199.35
257.08	53209.85
257.15	53226.54
257.22	53245.39
257.29	53254.79
257.36	53236.78
257.43	53180.55
257.50	53133.13
257.57	53081.75
257.64	53064.93
257.71	53063.41
257.78	53123.28
257.85	53179.75
257.92	53250.23
257.98	53320.93
258.05	53380.40
258.12	53386.24
258.19	53366.39
258.26	53323.33
258.33	53251.59
258.40	53192.95
258.47	53165.49
258.54	53161.44
258.61	53186.89
258.68	53241.01
258.75	53297.77
258.82	53355.90
258.89	53407.98
258.95	53437.48
259.02	53450.32
259.09	53438.24
259.16	53405.86
259.23	53384.66
259.30	53361.66
259.37	53330.18
259.44	53328.94
259.51	53336.62
259.58	53334.83
259.65	53340.59
259.72	53362.33
259.79	53335.34
259.85	53309.34
259.92	53281.20
259.99	53271.40
260.06	53260.23
260.13	53281.16
260.20	53286.80
260.27	53281.86
260.34	53252.27
260.41	53209.34
260.48	53178.64
260.55	53179.48
260.62	53183.05
260.68	53181.40
260.75	53168.11
260.82	53159.15
260.89	53139.93
260.96	53142.48
261.03	53149.32
261.10	53154.50
261.17	53129.96
261.24	53073.86
261.31	52991.89
261.38	52905.68
261.44	52847.67
261.51	52807.32
261.58	52796.84
261.65	52813.97
261.72	52830.09
261.79	52837.37
261.86	52838.65
261.93	52837.07
262.00	52797.39
262.07	52750.30
262.13	52717.51
262.20	52684.96
262.27	52650.44
262.34	52650.41
262.41	52671.93
262.48	52673.29
262.55	52702.35
262.62	52724.43
262.69	52725.12
262.76	52703.98
262.82	52686.33
262.89	52653.16
262.96	52626.66
263.03	52614.35
263.10	52617.91
263.17	52605.15
263.24	52572.15
263.31	52569.02
263.38	52564.32
263.44	52575.74
263.51	52601.19
263.58	52622.08
263.65	52583.93
263.72	52502.31
263.79	52396.61
263.86	52288.85
263.93	52208.88
264.00	52165.54
264.06	52173.73
264.13	52181.17
264.20	52180.87
264.27	52139.07
264.34	52075.55
264.41	51989.34
264.48	51914.33
264.55	51847.54
264.61	51781.19
264.68	51716.56
264.75	51657.24
264.82	51592.97
264.89	51543.62
264.96	51527.93
265.03	51521.65
265.10	51536.75
265.16	51539.11
265.23	51522.17
265.30	51494.62
265.37	51456.13
265.44	51404.65
265.51	51374.94
265.58	51364.97
265.65	51366.56
265.71	51395.32
265.78	51437.31
265.85	51443.52
265.92	51397.28
265.99	51316.35
266.06	51208.05
266.13	51064.01
266.20	50958.36
266.26	50915.06
266.33	50876.62
266.40	50847.44
266.47	50829.13
266.54	50788.90
266.61	50754.75
266.68	50746.36
266.74	50735.00
266.81	50703.05
266.88	50644.34
266.95	50538.50
267.02	50430.81
267.09	50338.28
267.16	50284.90
267.22	50290.86
267.29	50327.00
267.36	50375.48
267.43	50419.79
267.50	50451.25
267.57	50449.42
267.64	50401.06
267.70	50316.92
267.77	50233.90
267.84	50161.43
267.91	50105.88
267.98	50092.80
268.05	50121.30
268.11	50137.42
268.18	50127.32
268.25	50077.50
268.32	49998.14
268.39	49864.50
268.46	49698.96
268.53	49524.87
268.59	49372.61
268.66	49251.46
268.73	49178.37
268.80	49165.69
268.87	49199.49
268.94	49275.44
269.00	49355.70
269.07	49438.90
269.14	49495.43
269.21	49503.69
269.28	49471.02
269.35	49414.10
269.41	49335.81
269.48	49275.62
269.55	49259.49
269.62	49277.22
269.69	49302.14
269.76	49313.05
269.82	49293.78
269.89	49253.89
269.96	49177.80
270.03	49086.01
270.10	48999.76
270.17	48902.84
270.23	48815.65
270.30	48742.61
270.37	48712.05
270.44	48722.16
270.51	48746.41
270.58	48756.84
270.64	48766.76
270.71	48751.02
270.78	48738.32
270.85	48744.14
270.92	48759.53
270.99	48758.61
271.05	48741.68
271.12	48672.43
271.19	48578.59
271.26	48466.26
271.33	48386.14
271.39	48325.15
271.46	48262.43
271.53	48214.07
271.60	48182.46
271.67	48125.74
271.74	48068.50
271.80	48030.72
271.87	47999.18
271.94	47955.71
272.01	47922.91
272.08	47895.17
272.14	47873.47
272.21	47852.85
272.28	47832.71
272.35	47813.79
272.42	47792.22
272.48	47775.92
272.55	47766.82
272.62	47755.99
272.69	47746.41
272.76	47735.02
272.83	47721.03
272.89	47687.62
272.96	47664.67
273.03	47640.91
273.10	47628.10
273.17	47602.71
273.23	47581.27
273.30	47527.94
273.37	47435.22
273.44	47317.06
273.51	47200.72
273.57	47102.16
273.64	47050.59
273.71	47048.56
273.78	47070.57
273.85	47118.45
273.91	47170.91
273.98	47250.93
274.05	47339.70
274.12	47454.58
274.19	47564.26
274.25	47651.23
274.32	47687.80
274.39	47687.79
274.46	47611.05
274.53	47492.79
274.59	47345.11
274.66	47204.30
274.73	47068.80
274.80	46972.85
274.86	46892.40
274.93	46861.72
275.00	46843.14
275.07	46828.23
275.14	46810.68
275.20	46798.76
275.27	46776.32
275.34	46745.77
275.41	46725.62
275.48	46708.22
275.54	46713.42
275.61	46734.18
275.68	46758.25
275.75	46762.16
275.81	46775.54
275.88	46773.72
275.95	46774.22
276.02	46778.28
276.09	46799.24
276.15	46808.06
276.22	46814.78
276.29	46788.81
276.36	46704.21
276.42	46592.99
276.49	46465.36
276.56	46329.99
276.63	46203.41
276.70	46140.64
276.76	46131.84
276.83	46164.62
276.90	46214.85
276.97	46275.05
277.03	46315.77
277.10	46296.16
277.17	46235.81
277.24	46157.83
277.30	46101.23
277.37	46057.70
277.44	46082.70
277.51	46142.92
277.58	46208.77
277.64	46240.25
277.71	46230.20
277.78	46151.44
277.85	46021.26
277.91	45868.41
277.98	45715.38
278.05	45596.34
278.12	45517.49
278.18	45484.76
278.25	45501.13
278.32	45568.49
278.39	45664.77
278.45	45772.79
278.52	45893.01
278.59	46008.63
278.66	46081.39
278.72	46118.99
278.79	46095.59
278.86	45992.32
278.93	45825.28
278.99	45629.49
279.06	45433.42
279.13	45293.94
279.20	45265.90
279.26	45328.65
279.33	45444.38
279.40	45600.60
279.47	45754.23
279.53	45842.32
279.60	45840.85
279.67	45729.70
279.74	45500.29
279.80	45222.03
279.87	44966.17
279.94	44768.79
280.01	44684.37
280.07	44694.63
280.14	44764.30
280.21	44829.83
280.28	44885.29
280.34	44936.68
280.41	44996.47
280.48	45037.62
280.55	45074.86
280.61	45114.44
280.68	45126.81
280.75	45128.08
280.82	45151.15
280.88	45177.17
280.95	45172.29
281.02	45157.92
281.08	45098.87
281.15	44987.38
281.22	44851.09
281.29	44733.88
281.35	44593.31
281.42	44448.76
281.49	44305.01
281.56	44156.93
281.62	44028.50
281.69	43922.79
281.76	43845.10
281.82	43796.90
281.89	43789.71
281.96	43784.82
282.03	43803.39
282.09	43852.31
282.16	43908.91
282.23	43982.29
282.30	44060.23
282.36	44159.79
282.43	44256.05
282.50	44359.74
282.56	44420.08
282.63	44473.54
282.70	44488.41
282.77	44514.39
282.83	44529.21
282.90	44560.60
282.97	44564.28
283.03	44509.95
283.10	44359.75
283.17	44142.56
283.24	43871.08
283.30	43599.81
283.37	43407.18
283.44	43288.94
283.50	43250.42
283.57	43274.31
283.64	43314.94
283.71	43364.82
283.77	43429.90
283.84	43484.66
283.91	43537.03
283.97	43606.57
284.04	43682.82
284.11	43748.41
284.18	43816.17
284.24	43875.46
284.31	43908.42
284.38	43889.37
284.44	43855.02
284.51	43828.57
284.58	43806.47
284.64	43784.87
284.71	43763.31
284.78	43715.39
284.85	43634.15
284.91	43538.30
284.98	43444.79
285.05	43341.66
285.11	43227.88
285.18	43075.97
285.25	42909.88
285.31	42747.66
285.38	42627.56
285.45	42596.61
285.52	42659.02
285.58	42759.44
285.65	42890.35
285.72	43029.76
285.78	43139.37
285.85	43227.74
285.92	43319.20
285.98	43411.05
286.05	43511.34
286.12	43602.41
286.18	43684.29
286.25	43771.15
286.32	43833.81
286.39	43876.90
286.45	43891.14
286.52	43844.41
286.59	43710.89
286.65	43496.82
286.72	43230.17
286.79	42959.81
286.85	42738.33
286.92	42571.77
286.99	42501.74
287.05	42477.98
287.12	42507.92
287.19	42571.69
287.25	42668.64
287.32	42777.27
287.39	42881.75
287.45	42975.71
287.52	43052.00
287.59	43124.54
287.65	43174.97
287.72	43242.05
287.79	43307.34
287.86	43365.02
287.92	43413.98
287.99	43466.60
288.06	43528.58
288.12	43576.12
288.19	43626.87
288.26	43663.75
288.32	43691.85
288.39	43676.45
288.46	43649.35
288.52	43592.91
288.59	43495.91
288.66	43330.96
288.72	43142.50
288.79	42931.70
288.86	42724.62
288.92	42562.00
288.99	42499.40
289.06	42516.66
289.12	42603.36
289.19	42751.58
289.26	42931.36
289.32	43122.12
289.39	43316.19
289.45	43496.30
289.52	43636.42
289.59	43737.51
289.65	43792.15
289.72	43787.12
289.79	43764.47
289.85	43733.25
289.92	43687.65
289.99	43619.29
290.05	43536.45
290.12	43430.46
290.19	43322.73
290.25	43246.21
290.32	43208.13
290.39	43222.95
290.45	43248.16
290.52	43257.24
290.59	43223.23
290.65	43114.05
290.72	42958.25
290.79	42817.49
290.85	42742.54
290.92	42758.15
290.98	42873.86
291.05	43050.93
291.12	43255.54
291.18	43447.10
291.25	43610.67
291.32	43754.86
291.38	43881.89
291.45	44019.11
291.52	44139.23
291.58	44228.56
291.65	44271.13
291.72	44270.52
291.78	44193.07
291.85	44078.81
291.91	43935.17
291.98	43813.91
292.05	43713.39
292.11	43613.52
292.18	43503.96
292.25	43379.80
292.31	43244.24
292.38	43114.73
292.45	43027.17
292.51	42980.27
292.58	43003.31
292.64	43065.43
292.71	43142.11
292.78	43258.04
292.84	43399.84
292.91	43561.52
292.98	43723.30
293.04	43898.17
293.11	44055.26
293.17	44215.60
293.24	44362.43
293.31	44508.19
293.37	44632.57
293.44	44716.40
293.51	44761.99
293.57	44763.15
293.64	44719.38
293.70	44626.23
293.77	44466.48
293.84	44221.99
293.90	43942.35
293.97	43671.49
294.04	43450.79
294.10	43329.65
294.17	43308.57
294.23	43354.52
294.30	43401.26
294.37	43430.28
294.43	43431.43
294.50	43404.85
294.56	43380.99
294.63	43392.42
294.70	43460.85
294.76	43602.49
294.83	43810.57
294.90	44048.98
294.96	44302.60
295.03	44539.60
295.09	44741.89
295.16	44932.11
295.23	45084.57
295.29	45210.30
295.36	45327.79
295.42	45416.26
295.49	45464.44
295.56	45497.31
295.62	45491.62
295.69	45409.61
295.75	45274.22
295.82	45073.32
295.89	44813.78
295.95	44511.55
296.02	44225.74
296.08	43956.41
296.15	43713.84
296.22	43525.61
296.28	43437.51
296.35	43428.98
296.41	43510.64
296.48	43699.73
296.55	43953.27
296.61	44224.31
296.68	44500.02
296.74	44766.28
296.81	44986.90
296.88	45174.73
296.94	45322.36
297.01	45448.16
297.07	45566.94
297.14	45688.52
297.20	45818.30
297.27	45967.62
297.34	46118.96
297.40	46235.45
297.47	46327.20
297.53	46376.35
297.60	46367.99
297.67	46309.72
297.73	46187.32
297.80	45976.32
297.86	45651.31
297.93	45258.70
298.00	44844.15
298.06	44472.73
298.13	44201.53
298.19	44070.96
298.26	44066.08
298.32	44143.24
298.39	44248.10
298.46	44374.41
298.52	44536.62
298.59	44706.94
298.65	44895.60
298.72	45133.96
298.78	45385.22
298.85	45607.50
298.92	45827.50
298.98	46039.06
299.05	46221.21
299.11	46381.27
299.18	46536.07
299.24	46673.79
299.31	46783.52
299.38	46866.70
299.44	46921.40
299.51	46967.88
299.57	46995.45
299.64	46994.09
299.70	46977.10
299.77	46935.38
299.84	46790.81
299.90	46519.50
299.97	46087.47
300.03	45536.36
300.10	44963.15
300.16	44485.90
300.23	44198.54
300.30	44155.11
300.36	44307.87
300.43	44571.05
300.49	44888.33
300.56	45207.38
300.62	45508.18
300.69	45789.65
300.75	46044.91
300.82	46293.26
300.89	46495.48
300.95	46672.09
301.02	46811.60
301.08	46951.42
301.15	47062.13
301.21	47180.84
301.28	47282.35
301.34	47390.31
301.41	47470.84
301.48	47540.33
301.54	47570.17
301.61	47592.75
301.67	47561.16
301.74	47497.67
301.80	47369.20
301.87	47163.79
301.93	46855.89
302.00	46489.91
302.06	46065.07
302.13	45649.74
302.20	45314.09
302.26	45097.93
302.33	45006.90
302.39	45027.91
302.46	45136.18
302.52	45302.44
302.59	45505.30
302.65	45734.50
302.72	45986.50
302.78	46227.11
302.85	46455.30
302.91	46649.88
302.98	46818.74
303.05	46959.54
303.11	47092.95
303.18	47193.19
303.24	47299.38
303.31	47384.05
303.37	47448.87
303.44	47507.10
303.50	47554.40
303.57	47558.42
303.63	47546.09
303.70	47534.16
303.76	47484.09
303.83	47429.74
303.89	47364.22
303.96	47253.22
304.03	47076.81
304.09	46821.94
304.16	46451.49
304.22	46013.49
304.29	45610.98
304.35	45285.31
304.42	45092.90
304.48	45079.72
304.55	45197.54
304.61	45367.64
304.68	45568.96
304.74	45780.66
304.81	45979.07
304.87	46151.51
304.94	46323.90
305.00	46471.07
305.07	46580.11
305.13	46656.23
305.20	46737.14
305.26	46789.49
305.33	46837.72
305.39	46892.73
305.46	46944.65
305.52	46971.42
305.59	47006.97
305.66	47014.83
305.72	46995.08
305.79	46951.52
305.85	46894.77
305.92	46775.32
305.98	46604.30
306.05	46376.13
306.11	46096.62
306.18	45792.33
306.24	45496.65
306.31	45213.71
306.37	44946.57
306.44	44713.65
306.50	44516.94
306.57	44378.76
306.63	44357.59
306.70	44443.20
306.76	44605.30
306.83	44818.47
306.89	45044.70
306.96	45221.63
307.02	45362.70
307.09	45493.98
307.15	45579.09
307.22	45649.00
307.28	45703.18
307.35	45746.98
307.41	45753.26
307.48	45776.93
307.54	45787.65
307.61	45775.72
307.67	45750.19
307.74	45726.03
307.80	45690.68
307.87	45645.09
307.93	45606.35
308.00	45571.04
308.06	45520.16
308.13	45429.46
308.19	45316.08
308.26	45198.98
308.32	45073.91
308.38	44945.31
308.45	44806.50
308.51	44646.87
308.58	44437.65
308.64	44202.52
308.71	43984.03
308.77	43830.11
308.84	43748.81
308.90	43755.90
308.97	43820.75
309.03	43929.52
309.10	44026.78
309.16	44109.46
309.23	44176.83
309.29	44230.76
309.36	44252.67
309.42	44270.30
309.49	44280.82
309.55	44284.96
309.62	44263.13
309.68	44238.40
309.75	44194.15
309.81	44142.84
309.88	44084.84
309.94	44039.06
310.00	43974.78
310.07	43907.65
310.13	43839.30
310.20	43764.83
310.26	43686.02
310.33	43604.95
310.39	43540.99
310.46	43469.48
310.52	43373.48
310.59	43251.53
310.65	43120.52
310.72	42957.24
310.78	42798.37
310.85	42673.16
310.91	42598.52
310.97	42565.76
311.04	42567.42
311.10	42574.89
311.17	42597.52
311.23	42594.17
311.30	42582.89
311.36	42591.59
311.43	42604.50
311.49	42611.48
311.56	42625.63
311.62	42635.44
311.69	42632.73
311.75	42635.44
311.81	42612.51
311.88	42581.10
311.94	42548.82
312.01	42509.32
312.07	42443.47
312.14	42390.28
312.20	42349.69
312.27	42286.01
312.33	42229.12
312.40	42178.50
312.46	42106.23
312.52	42030.83
312.59	41963.87
312.65	41875.12
312.72	41786.26
312.78	41708.92
312.85	41610.80
312.91	41502.69
312.98	41392.70
313.04	41289.11
313.10	41177.57
313.17	41082.08
313.23	41007.82
313.30	40963.67
313.36	40919.97
313.43	40904.57
313.49	40901.86
313.56	40898.29
313.62	40890.82
313.68	40883.06
313.75	40874.39
313.81	40859.23
313.88	40830.68
313.94	40798.00
314.01	40772.93
314.07	40750.35
314.13	40711.95
314.20	40687.06
314.26	40654.48
314.33	40612.65
314.39	40563.69
314.46	40498.76
314.52	40435.12
314.58	40362.06
314.65	40284.56
314.71	40198.63
314.78	40133.09
314.84	40067.54
314.91	40004.69
314.97	39951.52
315.03	39901.68
315.10	39865.02
315.16	39803.67
315.23	39744.22
315.29	39682.76
315.36	39616.45
315.42	39539.55
315.48	39494.81
315.55	39443.65
315.61	39377.89
315.68	39320.77
315.74	39266.67
315.81	39205.63
315.87	39148.51
315.93	39133.39
316.00	39127.17
316.06	39130.56
316.13	39140.42
316.19	39134.65
316.25	39067.62
316.32	38959.41
316.38	38806.85
316.45	38598.42
316.51	38371.22
316.58	38132.38
316.64	37885.15
316.70	37631.87
316.77	37383.89
316.83	37134.18
316.90	36883.74
316.96	36627.51
317.02	36381.91
317.09	36136.53
317.15	35867.54
317.22	35606.76
317.28	35349.52
317.34	35080.77
317.41	34811.69
317.47	34567.35
317.54	34315.31
317.60	34058.98
317.66	33804.45
317.73	33546.32
317.79	33283.41
317.86	33026.09
317.92	32764.40
317.98	32491.04
318.05	32212.33
318.11	31939.31
318.18	31667.52
318.24	31389.32
318.30	31121.62
318.37	30855.15
318.43	30573.85
318.50	30287.06
318.56	30009.74
318.62	29732.94
318.69	29457.83
318.75	29190.48
318.82	28922.43
318.88	28649.60
318.94	28371.50
319.01	28099.10
319.07	27830.71
319.13	27550.14
319.20	27280.45
319.26	26997.33
319.33	26711.58
319.39	26411.73
319.45	26128.13
319.52	25836.06
319.58	25549.72
319.65	25248.27
319.71	24967.00
319.77	24673.16
319.84	24385.89
319.90	24105.40
319.96	23835.04
320.03	23548.35
320.09	23272.95
320.16	22984.65
320.22	22694.45
320.28	22410.36
320.35	22120.99
320.41	21838.76
320.47	21558.66
320.54	21274.29
320.60	20992.97
320.67	20725.20
320.73	20437.96
320.79	20155.31
320.86	19891.47
320.92	19600.41
320.98	19308.15
321.05	19013.21
321.11	18717.39
321.18	18418.76
321.24	18135.02
321.30	17845.34
321.37	17576.37
321.43	17304.56
321.49	17019.50
321.56	16741.33
321.62	16478.52
321.68	16194.94
321.75	15913.63
321.81	15636.65
321.88	15354.11
321.94	15062.33
322.00	14786.94
322.07	14499.70
322.13	14214.76
322.19	13930.87
322.26	13644.60
322.32	13353.86
322.38	13080.37
322.45	12801.50
322.51	12525.91
322.58	12264.06
322.64	11989.01
322.70	11716.95
322.77	11449.08
322.83	11185.07
322.89	10909.44
322.96	10647.94
323.02	10378.82
323.08	10107.06
323.15	9843.40
323.21	9576.00
323.27	9307.38
323.34	9052.45
323.40	8803.92
323.46	8547.51
323.53	8188.97
323.59	7072.60
323.65	5470.66
323.72	3791.16
323.78	2164.73
323.85	697.83
323.91	43.07
323.97	-81.98
324.04	-81.78
