180.25	3521.93
180.33	-133.85
180.40	659.70
180.48	-27.29
180.56	18.06
180.63	55.53
180.71	98.99
180.78	97.05
180.86	97.49
180.93	101.98
181.01	104.59
181.08	103.75
181.16	103.05
181.23	104.01
181.31	104.18
181.39	128.99
181.46	138.26
181.54	149.33
181.61	166.61
181.69	175.92
181.76	167.93
181.84	160.89
181.91	161.47
181.99	162.39
182.06	162.15
182.14	166.99
182.22	171.95
182.29	183.24
182.37	186.37
182.44	199.55
182.52	196.93
182.59	216.92
182.67	225.25
182.74	230.99
182.82	235.04
182.89	245.43
182.97	243.43
183.04	251.95
183.12	260.83
183.20	280.29
183.27	291.00
183.35	319.99
183.42	340.80
183.50	379.77
183.57	401.43
183.65	445.80
183.72	484.84
183.80	538.52
183.87	579.33
183.95	620.86
184.02	666.75
184.10	698.40
184.17	715.57
184.25	718.68
184.32	711.86
184.40	684.01
184.47	636.11
184.55	593.45
184.62	588.31
184.70	615.91
184.78	662.35
184.85	764.98
184.93	884.90
185.00	998.38
185.08	1112.73
185.15	1227.21
185.23	1343.05
185.30	1451.25
185.38	1557.01
185.45	1655.15
185.53	1763.95
185.60	1855.89
185.68	1962.75
185.75	2039.72
185.83	2102.06
185.90	2128.05
185.98	2095.40
186.05	2007.53
186.13	1897.73
186.20	1757.97
186.28	1645.39
186.35	1617.26
186.43	1674.51
186.50	1818.67
186.58	2028.62
186.65	2252.08
186.73	2475.75
186.80	2666.41
186.88	2831.74
186.95	2992.31
187.03	3137.95
187.10	3255.75
187.18	3401.23
187.25	3535.83
187.33	3675.87
187.40	3836.89
187.48	3990.41
187.55	4117.65
187.63	4219.28
187.70	4258.65
187.78	4255.51
187.85	4219.16
187.93	4088.89
188.00	3885.97
188.08	3654.95
188.15	3443.99
188.23	3315.71
188.30	3320.83
188.38	3454.63
188.45	3674.16
188.53	3904.73
188.60	4107.31
188.68	4275.38
188.75	4429.45
188.83	4607.31
188.90	4770.31
188.98	4938.02
189.05	5119.41
189.13	5282.51
189.20	5425.86
189.28	5606.45
189.35	5798.97
189.43	5999.67
189.50	6191.24
189.58	6303.40
189.65	6304.31
189.73	6204.77
189.80	6000.89
189.87	5733.77
189.95	5439.33
190.02	5094.69
190.10	4734.01
190.17	4435.46
190.25	4248.11
190.32	4206.69
190.40	4317.59
190.47	4548.56
190.55	4835.35
190.62	5137.89
190.70	5419.27
190.77	5713.45
190.85	6002.62
190.92	6249.03
191.00	6459.44
191.07	6629.76
191.15	6719.81
191.22	6743.17
191.29	6708.77
191.37	6596.61
191.44	6464.15
191.52	6344.83
191.59	6217.34
191.67	6087.31
191.74	5965.53
191.82	5849.35
191.89	5747.49
191.97	5693.19
192.04	5675.23
192.12	5675.50
192.19	5676.31
192.27	5684.95
192.34	5715.84
192.41	5802.75
192.49	5951.67
192.56	6138.66
192.64	6324.81
192.71	6474.31
192.79	6519.48
192.86	6448.14
192.94	6239.35
193.01	5957.21
193.09	5662.23
193.16	5413.24
193.23	5248.65
193.31	5197.31
193.38	5280.99
193.46	5433.77
193.53	5662.89
193.61	5939.45
193.68	6246.31
193.76	6534.35
193.83	6809.24
193.91	7039.60
193.98	7225.44
194.05	7343.40
194.13	7341.61
194.20	7236.91
194.28	7061.66
194.35	6835.03
194.43	6554.95
194.50	6228.48
194.58	5841.99
194.65	5424.46
194.72	5019.17
194.80	4693.45
194.87	4524.93
194.95	4571.97
195.02	4781.89
195.10	5129.73
195.17	5620.15
195.25	6187.48
195.32	6739.97
195.39	7239.27
195.47	7628.30
195.54	7866.25
195.62	7922.87
195.69	7799.48
195.77	7512.10
195.84	7101.92
195.91	6603.15
195.99	6145.13
196.06	5767.37
196.14	5460.19
196.21	5182.15
196.29	4934.98
196.36	4711.45
196.43	4558.59
196.51	4583.85
196.58	4842.69
196.66	5306.03
196.73	5900.95
196.81	6562.32
196.88	7199.15
196.95	7737.01
197.03	8092.39
197.10	8219.25
197.18	8113.43
197.25	7833.54
197.33	7448.15
197.40	7027.65
197.47	6645.53
197.55	6357.31
197.62	6088.99
197.70	5818.50
197.77	5552.95
197.84	5250.78
197.92	4912.77
197.99	4698.19
198.07	4738.57
198.14	5094.87
198.22	5803.49
198.29	6752.87
198.36	7773.31
198.44	8694.99
198.51	9373.47
198.59	9729.38
198.66	9778.26
198.73	9557.45
198.81	9120.57
198.88	8523.91
198.96	7877.73
199.03	7334.46
199.10	6956.51
199.18	6711.38
199.25	6558.97
199.33	6388.68
199.40	6090.35
199.48	5705.31
199.55	5422.39
199.62	5395.65
199.70	5806.33
199.77	6685.05
199.85	7879.01
199.92	9086.21
199.99	10133.94
200.07	10840.57
200.14	11120.51
200.22	10940.79
200.29	10411.95
200.36	9780.65
200.44	9211.47
200.51	8786.47
200.59	8526.63
200.66	8387.09
200.73	8263.07
200.81	8111.72
200.88	7875.67
200.95	7553.17
201.03	7195.10
201.10	6941.36
201.18	6866.04
201.25	7081.66
201.32	7685.85
201.40	8679.78
201.47	9834.07
201.55	10917.78
201.62	11717.06
201.69	12098.40
201.77	12124.67
201.84	11899.43
201.92	11456.27
201.99	10904.82
202.06	10459.20
202.14	10185.66
202.21	10053.79
202.28	10077.06
202.36	10190.19
202.43	10234.79
202.51	10183.42
202.58	10055.71
202.65	9844.25
202.73	9636.89
202.80	9621.53
202.87	9937.78
202.95	10586.64
203.02	11503.81
203.10	12571.66
203.17	13574.88
203.24	14144.37
203.32	14068.81
203.39	13416.80
203.46	12554.88
203.54	11780.62
203.61	11297.23
203.69	11228.50
203.76	11603.30
203.83	12189.72
203.91	12740.75
203.98	13195.95
204.05	13543.46
204.13	13757.36
204.20	13795.20
204.28	13707.25
204.35	13550.27
204.42	13388.62
204.50	13310.05
204.57	13442.43
204.64	13807.07
204.72	14284.98
204.79	14637.50
204.86	14740.91
204.94	14588.37
205.01	14213.91
205.09	13658.53
205.16	13184.03
205.23	12994.69
205.31	13113.77
205.38	13470.52
205.45	14078.32
205.53	14860.61
205.60	15670.81
205.67	16379.44
205.75	16933.57
205.82	17306.46
205.89	17504.79
205.97	17593.47
206.04	17604.35
206.12	17581.19
206.19	17554.08
206.26	17553.69
206.34	17624.94
206.41	17670.22
206.48	17522.21
206.56	17004.39
206.63	16194.65
206.70	15229.84
206.78	14429.84
206.85	14066.80
206.92	14322.55
207.00	15084.47
207.07	16090.83
207.14	17102.23
207.22	17992.66
207.29	18763.07
207.36	19441.42
207.44	20065.65
207.51	20599.39
207.58	21061.08
207.66	21430.45
207.73	21668.27
207.80	21703.19
207.88	21536.61
207.95	21249.99
208.02	20856.83
208.10	20211.55
208.17	19286.92
208.25	18285.82
208.32	17367.97
208.39	16652.08
208.47	16361.13
208.54	16565.91
208.61	17141.28
208.69	17845.34
208.76	18588.65
208.83	19371.78
208.90	20198.67
208.98	21010.04
209.05	21778.49
209.12	22476.01
209.20	23053.35
209.27	23530.98
209.34	23922.87
209.42	24253.02
209.49	24485.68
209.56	24596.50
209.64	24556.31
209.71	24228.56
209.78	23519.71
209.86	22503.31
209.93	21373.61
210.00	20181.31
210.08	19170.79
210.15	18619.23
210.22	18600.57
210.30	18986.33
210.37	19725.71
210.44	20683.97
210.52	21677.28
210.59	22579.74
210.66	23340.13
210.74	23996.67
210.81	24568.37
210.88	25110.56
210.96	25608.99
211.03	26104.93
211.10	26566.30
211.17	26969.64
211.25	27205.94
211.32	27237.25
211.39	27008.59
211.47	26433.78
211.54	25375.41
211.61	23990.57
211.69	22680.41
211.76	21696.09
211.83	21216.99
211.91	21407.51
211.98	22113.59
212.05	23004.81
212.12	23831.90
212.20	24536.56
212.27	25113.87
212.34	25583.78
212.42	25992.26
212.49	26392.76
212.56	26790.72
212.64	27227.17
212.71	27710.17
212.78	28188.78
212.85	28601.01
212.93	28886.92
213.00	28999.05
213.07	28922.53
213.15	28492.93
213.22	27744.70
213.29	26874.65
213.37	25995.37
213.44	25201.42
213.51	24749.18
213.58	24720.51
213.66	24991.16
213.73	25467.96
213.80	26086.57
213.88	26735.79
213.95	27243.55
214.02	27619.87
214.09	27941.49
214.17	28248.57
214.24	28592.83
214.31	29046.51
214.39	29568.55
214.46	30068.93
214.53	30473.34
214.60	30775.13
214.68	30985.62
214.75	31069.81
214.82	31000.33
214.90	30737.85
214.97	30145.21
215.04	29198.17
215.11	28174.43
215.19	27356.24
215.26	26933.94
215.33	26978.99
215.41	27533.64
215.48	28325.75
215.55	29074.53
215.62	29658.69
215.70	30147.50
215.77	30559.05
215.84	30956.61
215.91	31344.04
215.99	31741.24
216.06	32119.24
216.13	32421.39
216.21	32607.79
216.28	32751.53
216.35	32864.28
216.42	32939.37
216.50	32953.53
216.57	32921.48
216.64	32686.31
216.71	32153.17
216.79	31414.83
216.86	30710.36
216.93	30131.42
217.01	29848.78
217.08	29967.64
217.15	30398.48
217.22	30968.85
217.30	31582.42
217.37	32167.61
217.44	32695.55
217.51	33154.14
217.59	33538.85
217.66	33851.01
217.73	34119.59
217.80	34328.68
217.88	34491.33
217.95	34624.47
218.02	34747.58
218.09	34869.86
218.17	35023.18
218.24	35181.50
218.31	35301.37
218.38	35313.33
218.46	35145.85
218.53	34673.12
218.60	34003.27
218.67	33284.56
218.75	32696.73
218.82	32376.39
218.89	32470.99
218.96	32886.78
219.04	33477.29
219.11	34090.27
219.18	34618.36
219.25	35047.63
219.33	35408.69
219.40	35718.21
219.47	36015.23
219.54	36307.49
219.62	36551.21
219.69	36778.55
219.76	37002.51
219.83	37201.42
219.91	37390.90
219.98	37585.19
220.05	37709.15
220.12	37742.89
220.20	37681.83
220.27	37471.37
220.34	37061.85
220.41	36510.37
220.49	35964.05
220.56	35556.51
220.63	35367.54
220.70	35479.93
220.78	35832.89
220.85	36265.31
220.92	36645.97
220.99	36970.83
221.06	37231.36
221.14	37474.74
221.21	37713.26
221.28	37971.23
221.35	38238.11
221.43	38498.15
221.50	38736.33
221.57	38954.19
221.64	39157.06
221.72	39341.31
221.79	39479.05
221.86	39571.71
221.93	39634.99
222.00	39640.49
222.08	39564.51
222.15	39387.74
222.22	39147.37
222.29	38904.79
222.37	38718.33
222.44	38615.66
222.51	38644.60
222.58	38758.77
222.65	38901.60
222.73	39041.01
222.80	39178.32
222.87	39342.07
222.94	39521.89
223.02	39730.63
223.09	39938.39
223.16	40163.53
223.23	40361.43
223.30	40581.64
223.38	40791.35
223.45	41000.31
223.52	41174.13
223.59	41329.43
223.66	41420.60
223.74	41452.64
223.81	41438.49
223.88	41405.29
223.95	41369.31
224.03	41309.46
224.10	41245.95
224.17	41204.60
224.24	41177.21
224.31	41166.41
224.39	41223.51
224.46	41331.70
224.53	41458.11
224.60	41596.07
224.67	41735.33
224.75	41880.06
224.82	42026.10
224.89	42191.57
224.96	42363.59
225.03	42545.17
225.11	42711.80
225.18	42877.89
225.25	43021.27
225.32	43133.31
225.39	43224.19
225.47	43291.61
225.54	43317.07
225.61	43271.17
225.68	43204.03
225.75	43140.95
225.83	43108.17
225.90	43119.37
225.97	43195.85
226.04	43316.95
226.11	43448.59
226.19	43575.26
226.26	43705.96
226.33	43859.75
226.40	44006.35
226.47	44151.00
226.54	44306.59
226.62	44446.38
226.69	44563.54
226.76	44689.23
226.83	44809.13
226.90	44908.57
226.98	44983.77
227.05	45060.73
227.12	45117.93
227.19	45154.43
227.26	45199.79
227.34	45262.44
227.41	45305.86
227.48	45338.11
227.55	45329.69
227.62	45301.23
227.69	45297.87
227.77	45328.06
227.84	45387.85
227.91	45516.60
227.98	45661.71
228.05	45785.21
228.12	45894.16
228.20	46011.25
228.27	46122.58
228.34	46233.52
228.41	46360.46
228.48	46493.51
228.56	46610.65
228.63	46715.05
228.70	46808.21
228.77	46888.42
228.84	46966.45
228.91	47056.89
228.99	47171.83
229.06	47300.69
229.13	47423.99
229.20	47541.64
229.27	47639.77
229.34	47716.19
229.42	47766.27
229.49	47809.99
229.56	47839.73
229.63	47859.38
229.70	47863.69
229.77	47891.85
229.85	47940.45
229.92	48002.19
229.99	48082.73
230.06	48193.73
230.13	48323.85
230.20	48435.75
230.27	48556.34
230.35	48686.51
230.42	48805.17
230.49	48898.49
230.56	49002.49
230.63	49099.46
230.70	49165.35
230.78	49224.99
230.85	49288.15
230.92	49351.72
230.99	49427.59
231.06	49543.01
231.13	49676.25
231.20	49819.65
231.28	49947.70
231.35	50060.75
231.42	50150.19
231.49	50231.08
231.56	50298.55
231.63	50365.56
231.71	50432.44
231.78	50488.86
231.85	50548.58
231.92	50603.77
231.99	50677.81
232.06	50759.98
232.13	50867.30
232.21	50958.69
232.28	51055.19
232.35	51135.79
232.42	51202.87
232.49	51271.31
232.56	51373.21
232.63	51466.66
232.71	51571.70
232.78	51685.31
232.85	51786.81
232.92	51867.09
232.99	51954.18
233.06	52038.09
233.13	52114.39
233.20	52180.39
233.28	52236.91
233.35	52285.99
233.42	52344.51
233.49	52424.78
233.56	52517.01
233.63	52604.92
233.70	52712.36
233.78	52816.63
233.85	52927.67
233.92	53014.09
233.99	53109.55
234.06	53196.21
234.13	53294.12
234.20	53360.94
234.27	53439.25
234.35	53505.27
234.42	53565.21
234.49	53606.09
234.56	53651.87
234.63	53686.45
234.70	53729.91
234.77	53772.49
234.84	53823.07
234.92	53879.13
234.99	53955.67
235.06	54037.76
235.13	54128.58
235.20	54217.03
235.27	54294.15
235.34	54382.73
235.41	54466.43
235.48	54555.10
235.56	54633.45
235.63	54716.87
235.70	54780.43
235.77	54830.51
235.84	54864.87
235.91	54881.26
235.98	54912.59
236.05	54944.74
236.12	54975.07
236.20	55002.37
236.27	55060.03
236.34	55112.52
236.41	55163.53
236.48	55223.14
236.55	55276.72
236.62	55330.41
236.69	55382.35
236.76	55455.21
236.84	55523.10
236.91	55598.43
236.98	55670.03
237.05	55730.49
237.12	55770.61
237.19	55814.76
237.26	55864.23
237.33	55906.67
237.40	55951.98
237.47	55994.77
237.55	56049.17
237.62	56113.07
237.69	56176.28
237.76	56239.36
237.83	56316.38
237.90	56384.65
237.97	56436.11
238.04	56485.66
238.11	56529.13
238.18	56582.25
238.26	56624.94
238.33	56648.25
238.40	56679.72
238.47	56721.93
238.54	56744.91
238.61	56759.35
238.68	56779.01
238.75	56791.11
238.82	56808.52
238.89	56838.12
238.96	56894.58
239.04	56963.02
239.11	57027.49
239.18	57084.27
239.25	57096.62
239.32	57102.69
239.39	57115.46
239.46	57113.86
239.53	57100.32
239.60	57104.59
239.67	57124.63
239.74	57144.95
239.81	57176.60
239.89	57207.44
239.96	57247.89
240.03	57277.41
240.10	57304.12
240.17	57328.70
240.24	57360.21
240.31	57399.11
240.38	57433.04
240.45	57478.61
240.52	57551.67
240.59	57615.06
240.66	57669.29
240.73	57721.79
240.80	57748.91
240.88	57749.47
240.95	57768.07
241.02	57788.73
241.09	57804.01
241.16	57830.37
241.23	57859.72
241.30	57853.72
241.37	57831.11
241.44	57825.32
241.51	57824.72
241.58	57828.88
241.65	57867.74
241.72	57916.61
241.79	57935.89
241.86	57937.47
241.94	57954.29
242.01	57940.35
242.08	57930.72
242.15	57943.47
242.22	57956.72
242.29	57940.59
242.36	57951.52
242.43	57946.67
242.50	57933.22
242.57	57926.43
242.64	57939.85
242.71	57931.68
242.78	57937.50
242.85	57947.51
242.92	57960.60
242.99	57958.14
243.06	57961.25
243.14	57977.87
243.21	57992.13
243.28	58001.31
243.35	58019.23
243.42	58045.36
243.49	58070.30
243.56	58088.35
243.63	58113.59
243.70	58127.45
243.77	58126.96
243.84	58106.84
243.91	58087.62
243.98	58066.73
244.05	58025.62
244.12	58002.43
244.19	57983.57
244.26	57958.73
244.33	57931.95
244.40	57937.49
244.47	57927.45
244.54	57911.91
244.62	57890.70
244.69	57867.19
244.76	57851.86
244.83	57848.78
244.90	57859.21
244.97	57877.96
245.04	57900.56
245.11	57901.42
245.18	57886.23
245.25	57873.97
245.32	57874.07
245.39	57886.70
245.46	57898.55
245.53	57908.39
245.60	57907.32
245.67	57910.13
245.74	57887.06
245.81	57876.65
245.88	57861.93
245.95	57855.45
246.02	57834.85
246.09	57800.97
246.16	57750.19
246.23	57713.09
246.30	57677.96
246.37	57662.95
246.44	57678.21
246.51	57703.13
246.58	57732.21
246.65	57759.78
246.72	57778.73
246.79	57775.77
246.87	57770.53
246.94	57760.84
247.01	57735.49
247.08	57688.59
247.15	57642.07
247.22	57576.58
247.29	57521.73
247.36	57477.75
247.43	57443.23
247.50	57420.98
247.57	57433.39
247.64	57449.85
247.71	57458.35
247.78	57477.85
247.85	57503.09
247.92	57520.69
247.99	57514.75
248.06	57506.64
248.13	57478.85
248.20	57455.13
248.27	57413.35
248.34	57393.71
248.41	57385.23
248.48	57399.62
248.55	57394.41
248.62	57403.66
248.69	57413.70
248.76	57401.81
248.83	57375.47
248.90	57342.73
248.97	57314.74
249.04	57259.31
249.11	57224.63
249.18	57180.63
249.25	57154.57
249.32	57105.23
249.39	57060.03
249.46	57000.59
249.53	56950.84
249.60	56887.21
249.67	56848.09
249.74	56829.85
249.81	56831.25
249.88	56844.81
249.95	56880.26
250.02	56926.15
250.09	56952.82
250.16	56960.06
250.23	56959.41
250.30	56954.72
250.37	56927.97
250.44	56923.80
250.51	56921.33
250.58	56920.75
250.65	56908.99
250.72	56878.83
250.79	56833.31
250.86	56784.05
250.93	56721.63
251.00	56663.71
251.07	56627.48
251.14	56600.03
251.21	56580.03
251.28	56564.47
251.35	56550.60
251.42	56548.82
251.49	56537.55
251.56	56531.15
251.63	56516.87
251.70	56507.06
251.77	56472.27
251.84	56435.07
251.91	56384.34
251.98	56333.11
252.05	56274.31
252.12	56224.76
252.18	56178.66
252.25	56147.95
252.32	56152.22
252.39	56164.34
252.46	56171.35
252.53	56163.37
252.60	56155.63
252.67	56120.97
252.74	56082.59
252.81	56045.46
252.88	56028.39
252.95	55989.02
253.02	55955.01
253.09	55921.21
253.16	55904.41
253.23	55874.89
253.30	55879.15
253.37	55864.38
253.44	55847.43
253.51	55805.40
253.58	55774.40
253.65	55738.83
253.72	55723.58
253.79	55703.52
253.86	55699.99
253.93	55692.09
254.00	55672.81
254.07	55657.81
254.14	55626.73
254.21	55598.27
254.28	55570.21
254.35	55547.35
254.41	55517.23
254.48	55493.11
254.55	55464.44
254.62	55436.22
254.69	55393.98
254.76	55359.39
254.83	55317.07
254.90	55288.43
254.97	55264.11
255.04	55250.10
255.11	55220.03
255.18	55189.82
255.25	55121.53
255.32	55059.25
255.39	54996.93
255.46	54940.71
255.53	54919.19
255.60	54908.10
255.67	54889.45
255.74	54882.67
255.81	54881.96
255.87	54877.82
255.94	54872.70
256.01	54870.02
256.08	54862.44
256.15	54850.58
256.22	54825.61
256.29	54814.05
256.36	54788.03
256.43	54767.13
256.50	54752.76
256.57	54732.05
256.64	54696.41
256.71	54680.52
256.78	54640.29
256.85	54591.28
256.92	54559.47
256.99	54549.25
257.05	54525.24
257.12	54491.29
257.19	54440.93
257.26	54368.75
257.33	54273.17
257.40	54175.30
257.47	54074.56
257.54	53997.32
257.61	53927.50
257.68	53893.48
257.75	53886.47
257.82	53922.25
257.89	53952.83
257.96	53993.82
258.03	53990.53
258.09	53961.01
258.16	53904.43
258.23	53836.88
258.30	53764.95
258.37	53722.33
258.44	53689.28
258.51	53668.89
258.58	53675.21
258.65	53676.73
258.72	53680.93
258.79	53662.00
258.86	53635.97
258.93	53598.05
258.99	53550.28
259.06	53482.49
259.13	53433.78
259.20	53388.50
259.27	53342.91
259.34	53319.52
259.41	53318.93
259.48	53326.73
259.55	53321.55
259.62	53302.39
259.69	53257.35
259.76	53198.63
259.82	53130.83
259.89	53080.37
259.96	53048.77
260.03	53021.89
260.10	52981.25
260.17	52937.05
260.24	52886.95
260.31	52822.98
260.38	52784.49
260.45	52763.54
260.52	52737.79
260.59	52698.29
260.65	52657.95
260.72	52621.45
260.79	52587.99
260.86	52562.71
260.93	52542.73
261.00	52512.44
261.07	52459.76
261.14	52384.32
261.21	52300.78
261.28	52222.83
261.34	52150.36
261.41	52079.84
261.48	52028.53
261.55	51993.88
261.62	51970.94
261.69	51941.68
261.76	51912.80
261.83	51890.32
261.90	51849.27
261.97	51792.52
262.03	51758.96
262.10	51716.03
262.17	51679.63
262.24	51667.80
262.31	51658.29
262.38	51638.23
262.45	51626.65
262.52	51599.51
262.59	51555.98
262.65	51517.72
262.72	51466.00
262.79	51419.12
262.86	51375.87
262.93	51335.73
263.00	51293.21
263.07	51253.52
263.14	51221.35
263.21	51193.25
263.27	51173.77
263.34	51160.99
263.41	51145.43
263.48	51099.44
263.55	51036.87
263.62	50941.82
263.69	50837.71
263.76	50749.57
263.82	50687.75
263.89	50646.71
263.96	50637.05
264.03	50621.69
264.10	50611.16
264.17	50565.75
264.24	50502.75
264.31	50429.55
264.38	50361.73
264.44	50273.48
264.51	50211.05
264.58	50153.08
264.65	50105.30
264.72	50038.05
264.79	49997.41
264.86	49964.68
264.92	49932.50
264.99	49897.55
265.06	49876.37
265.13	49836.57
265.20	49793.35
265.27	49756.11
265.34	49705.18
265.41	49676.45
265.47	49663.54
265.54	49648.41
265.61	49638.57
265.68	49641.17
265.75	49610.28
265.82	49542.75
265.89	49469.18
265.95	49379.00
266.02	49276.94
266.09	49202.73
266.16	49153.34
266.23	49110.37
266.30	49072.41
266.37	49021.05
266.44	48954.12
266.50	48899.84
266.57	48844.06
266.64	48785.45
266.71	48725.11
266.78	48661.07
266.85	48572.61
266.91	48503.03
266.98	48442.25
267.05	48410.23
267.12	48395.91
267.19	48407.31
267.26	48395.41
267.33	48388.43
267.39	48366.39
267.46	48343.63
267.53	48293.96
267.60	48250.03
267.67	48201.13
267.74	48153.69
267.81	48101.39
267.87	48066.91
267.94	48045.39
268.01	48008.54
268.08	47970.05
268.15	47907.81
268.22	47831.04
268.28	47731.76
268.35	47626.14
268.42	47521.20
268.49	47427.19
268.56	47351.78
268.63	47294.01
268.69	47273.48
268.76	47258.86
268.83	47269.71
268.90	47279.43
268.97	47288.36
269.04	47287.05
269.11	47274.71
269.17	47239.83
269.24	47194.36
269.31	47147.17
269.38	47100.03
269.45	47064.43
269.52	47039.79
269.58	47022.62
269.65	46985.15
269.72	46935.19
269.79	46884.08
269.86	46830.18
269.92	46770.39
269.99	46714.10
270.06	46647.89
270.13	46591.65
270.20	46536.23
270.27	46499.21
270.33	46486.71
270.40	46475.28
270.47	46458.52
270.54	46442.18
270.61	46421.01
270.68	46398.25
270.74	46383.50
270.81	46367.51
270.88	46343.91
270.95	46305.99
271.02	46242.84
271.08	46181.01
271.15	46097.75
271.22	46036.07
271.29	45982.64
271.36	45922.26
271.43	45870.34
271.49	45841.48
271.56	45796.81
271.63	45754.43
271.70	45730.97
271.77	45715.37
271.83	45687.48
271.90	45641.94
271.97	45596.21
272.04	45549.49
272.11	45493.05
272.17	45464.91
272.24	45453.47
272.31	45430.44
272.38	45425.98
272.45	45405.64
272.52	45370.09
272.58	45343.97
272.65	45332.65
272.72	45291.13
272.79	45264.63
272.86	45236.39
272.92	45201.48
272.99	45156.89
273.06	45119.29
273.13	45076.43
273.20	45015.59
273.26	44941.37
273.33	44859.35
273.40	44793.25
273.47	44745.69
273.54	44713.71
273.60	44696.31
273.67	44694.25
273.74	44699.53
273.81	44690.41
273.88	44706.79
273.94	44734.20
274.01	44779.65
274.08	44812.01
274.15	44838.33
274.21	44828.53
274.28	44794.77
274.35	44713.91
274.42	44621.60
274.49	44517.14
274.55	44439.59
274.62	44375.89
274.69	44321.79
274.76	44271.67
274.83	44255.85
274.89	44220.11
274.96	44173.10
275.03	44146.21
275.10	44114.57
275.17	44067.54
275.23	44019.73
275.30	43987.55
275.37	43961.85
275.44	43953.50
275.50	43932.04
275.57	43920.64
275.64	43895.14
275.71	43852.86
275.78	43812.57
275.84	43793.40
275.91	43759.51
275.98	43739.51
276.05	43722.44
276.11	43686.46
276.18	43641.85
276.25	43576.16
276.32	43506.43
276.39	43425.94
276.45	43350.77
276.52	43269.92
276.59	43224.78
276.66	43188.56
276.72	43179.20
276.79	43182.92
276.86	43187.42
276.93	43172.77
276.99	43141.77
277.06	43088.79
277.13	43038.60
277.20	42992.19
277.26	42966.47
277.33	42960.93
277.40	42960.89
277.47	42946.28
277.54	42926.75
277.60	42885.57
277.67	42822.46
277.74	42736.39
277.81	42649.04
277.87	42562.59
277.94	42488.35
278.01	42431.50
278.08	42393.09
278.14	42370.83
278.21	42366.55
278.28	42383.77
278.35	42418.25
278.41	42456.59
278.48	42488.21
278.55	42500.13
278.62	42487.39
278.68	42433.22
278.75	42349.95
278.82	42241.29
278.89	42127.15
278.95	42025.06
279.02	41947.06
279.09	41919.03
279.16	41938.30
279.22	41984.97
279.29	42024.48
279.36	42056.55
279.43	42043.65
279.49	41975.07
279.56	41858.15
279.63	41715.05
279.70	41568.97
279.76	41447.00
279.83	41361.03
279.90	41321.81
279.97	41310.11
280.03	41309.81
280.10	41310.82
280.17	41311.07
280.24	41302.03
280.30	41299.69
280.37	41289.39
280.44	41288.34
280.51	41281.90
280.57	41281.51
280.64	41271.38
280.71	41243.39
280.77	41201.81
280.84	41144.54
280.91	41058.83
280.98	40954.59
281.04	40864.01
281.11	40764.23
281.18	40664.21
281.25	40560.79
281.31	40466.83
281.38	40352.77
281.45	40253.03
281.52	40171.75
281.58	40102.47
281.65	40038.71
281.72	39995.21
281.78	39963.60
281.85	39932.31
281.92	39919.02
281.99	39919.69
282.05	39931.12
282.12	39934.89
282.19	39946.03
282.26	39960.18
282.32	39974.23
282.39	39990.29
282.46	39985.91
282.52	39978.58
282.59	39970.47
282.66	39965.99
282.73	39944.02
282.79	39933.07
282.86	39891.61
282.93	39807.69
282.99	39680.55
283.06	39538.23
283.13	39388.57
283.20	39240.21
283.26	39115.75
283.33	39026.83
283.40	38966.03
283.46	38930.01
283.53	38914.41
283.60	38912.93
283.67	38925.03
283.73	38944.60
283.80	38954.14
283.87	38980.29
283.93	39017.14
284.00	39035.86
284.07	39043.40
284.13	39036.28
284.20	39011.24
284.27	38965.07
284.34	38917.29
284.40	38870.39
284.47	38854.40
284.54	38832.74
284.60	38803.47
284.67	38759.39
284.74	38715.75
284.81	38643.81
284.87	38574.80
284.94	38485.55
285.01	38410.15
285.07	38306.81
285.14	38204.22
285.21	38111.73
285.27	38050.18
285.34	38014.62
285.41	38023.46
285.47	38049.85
285.54	38085.53
285.61	38125.52
285.68	38149.66
285.74	38163.33
285.81	38183.71
285.88	38198.75
285.94	38215.35
286.01	38236.80
286.08	38258.13
286.14	38271.69
286.21	38275.13
286.28	38280.51
286.34	38254.56
286.41	38190.97
286.48	38089.69
286.55	37972.09
286.61	37837.28
286.68	37710.56
286.75	37601.24
286.81	37519.74
286.88	37453.12
286.95	37399.32
287.01	37387.56
287.08	37394.28
287.15	37413.51
287.21	37436.51
287.28	37464.80
287.35	37461.99
287.41	37468.93
287.48	37469.76
287.55	37477.40
287.61	37480.71
287.68	37488.81
287.75	37490.67
287.81	37493.55
287.88	37494.73
287.95	37506.51
288.01	37503.12
288.08	37502.68
288.15	37482.69
288.21	37459.97
288.28	37421.65
288.35	37386.19
288.41	37327.28
288.48	37264.73
288.55	37181.67
288.61	37074.84
288.68	36971.91
288.75	36872.57
288.81	36792.75
288.88	36744.82
288.95	36743.46
289.01	36761.79
289.08	36806.44
289.15	36872.10
289.21	36938.06
289.28	36993.37
289.35	37051.54
289.41	37089.21
289.48	37109.69
289.55	37113.83
289.61	37104.24
289.68	37083.87
289.75	37054.09
289.81	37007.77
289.88	36952.28
289.95	36887.78
290.01	36807.75
290.08	36742.29
290.15	36690.99
290.21	36661.11
290.28	36638.45
290.35	36621.71
290.41	36598.45
290.48	36558.63
290.55	36480.32
290.61	36396.41
290.68	36331.77
290.74	36292.47
290.81	36290.91
290.88	36330.17
290.94	36393.61
291.01	36451.95
291.08	36511.41
291.14	36557.69
291.21	36598.67
291.28	36635.55
291.34	36673.65
291.41	36695.89
291.48	36706.53
291.54	36707.90
291.61	36697.91
291.68	36659.08
291.74	36598.56
291.81	36532.24
291.87	36482.98
291.94	36411.21
292.01	36339.71
292.07	36269.55
292.14	36191.81
292.21	36096.55
292.27	36022.47
292.34	35965.05
292.41	35928.79
292.47	35910.55
292.54	35919.66
292.60	35935.91
292.67	35980.18
292.74	36020.87
292.80	36071.56
292.87	36112.89
292.94	36174.85
293.00	36224.34
293.07	36274.54
293.13	36327.27
293.20	36386.77
293.27	36414.65
293.33	36420.65
293.40	36429.69
293.47	36411.51
293.53	36364.95
293.60	36302.57
293.66	36217.47
293.73	36104.85
293.80	35983.51
293.86	35860.66
293.93	35763.17
294.00	35696.10
294.06	35650.51
294.13	35630.52
294.19	35615.47
294.26	35606.79
294.33	35597.40
294.39	35578.82
294.46	35561.98
294.52	35562.85
294.59	35580.53
294.66	35623.53
294.72	35686.94
294.79	35757.45
294.86	35834.93
294.92	35907.59
294.99	35973.81
295.05	36046.67
295.12	36104.36
295.19	36161.19
295.25	36198.43
295.32	36216.45
295.38	36214.11
295.45	36217.41
295.52	36189.34
295.58	36124.58
295.65	36049.57
295.71	35955.77
295.78	35821.75
295.85	35681.50
295.91	35571.65
295.98	35436.41
296.04	35302.45
296.11	35211.82
296.18	35157.14
296.24	35135.66
296.31	35164.38
296.37	35234.17
296.44	35325.19
296.51	35416.16
296.57	35504.70
296.64	35598.44
296.70	35689.65
296.77	35751.53
296.84	35797.29
296.90	35833.37
296.97	35870.47
297.03	35900.25
297.10	35948.66
297.17	35999.75
297.23	36053.73
297.30	36094.60
297.36	36115.06
297.43	36114.79
297.50	36104.37
297.56	36056.27
297.63	35979.48
297.69	35876.08
297.76	35725.64
297.82	35556.26
297.89	35390.53
297.96	35240.47
298.02	35130.57
298.09	35054.87
298.15	35014.42
298.22	35013.37
298.29	35016.69
298.35	35027.67
298.42	35079.79
298.48	35139.85
298.55	35201.51
298.61	35281.72
298.68	35377.74
298.75	35468.21
298.81	35556.75
298.88	35624.12
298.94	35699.23
299.01	35752.77
299.08	35788.23
299.14	35825.73
299.21	35861.02
299.27	35875.27
299.34	35886.16
299.40	35898.38
299.47	35885.97
299.54	35879.39
299.60	35863.79
299.67	35814.11
299.73	35726.59
299.80	35581.07
299.86	35374.73
299.93	35137.27
299.99	34924.73
300.06	34747.21
300.13	34641.11
300.19	34598.83
300.26	34608.23
300.32	34665.16
300.39	34732.10
300.45	34822.95
300.52	34938.01
300.59	35052.38
300.65	35148.05
300.72	35251.65
300.78	35335.24
300.85	35406.61
300.91	35457.17
300.98	35495.15
301.04	35520.11
301.11	35551.31
301.18	35571.78
301.24	35602.43
301.31	35616.63
301.37	35622.07
301.44	35613.40
301.50	35600.18
301.57	35564.73
301.63	35527.00
301.70	35461.05
301.77	35359.71
301.83	35215.22
301.90	35056.15
301.96	34870.13
302.03	34696.77
302.09	34556.07
302.16	34446.70
302.22	34378.10
302.29	34354.78
302.36	34364.61
302.42	34383.23
302.49	34432.65
302.55	34495.16
302.62	34562.87
302.68	34633.41
302.75	34707.50
302.81	34759.67
302.88	34799.24
302.94	34833.21
303.01	34868.40
303.07	34889.11
303.14	34920.52
303.21	34937.27
303.27	34954.20
303.34	34962.16
303.40	34959.16
303.47	34947.67
303.53	34928.33
303.60	34902.81
303.66	34860.95
303.73	34819.72
303.79	34754.45
303.86	34685.89
303.92	34595.30
303.99	34474.91
304.05	34311.79
304.12	34143.75
304.19	33989.41
304.25	33848.09
304.32	33747.35
304.38	33699.77
304.45	33690.87
304.51	33703.10
304.58	33734.95
304.64	33778.59
304.71	33838.04
304.77	33876.77
304.84	33906.32
304.90	33937.58
304.97	33948.88
305.03	33952.27
305.10	33972.36
305.16	33990.10
305.23	33989.74
305.29	33993.67
305.36	33979.25
305.42	33960.89
305.49	33940.25
305.56	33910.96
305.62	33878.23
305.69	33849.33
305.75	33802.47
305.82	33714.18
305.88	33587.55
305.95	33427.89
306.01	33257.23
306.08	33077.83
306.14	32923.14
306.21	32795.78
306.27	32687.88
306.34	32588.41
306.40	32497.31
306.47	32438.73
306.53	32433.24
306.60	32448.15
306.66	32481.53
306.73	32537.16
306.79	32568.55
306.86	32582.39
306.92	32591.11
306.99	32605.64
307.05	32610.75
307.12	32627.07
307.18	32622.58
307.25	32615.21
307.31	32597.57
307.38	32571.22
307.44	32545.77
307.51	32516.35
307.57	32479.03
307.64	32434.89
307.70	32396.36
307.77	32339.32
307.83	32288.16
307.90	32246.35
307.96	32197.45
308.03	32130.33
308.09	32061.37
308.16	31994.78
308.22	31916.03
308.29	31829.28
308.35	31743.95
308.42	31658.22
308.48	31548.01
308.55	31427.19
308.61	31329.57
308.68	31242.73
308.74	31167.71
308.81	31126.26
308.87	31121.07
308.94	31120.97
309.00	31126.05
309.07	31131.52
309.13	31125.25
309.20	31114.58
309.26	31088.29
309.33	31058.07
309.39	31022.34
309.45	30990.41
309.52	30943.47
309.58	30903.37
309.65	30858.92
309.71	30809.43
309.78	30758.53
309.84	30711.25
309.91	30648.13
309.97	30587.15
310.04	30540.76
310.10	30479.02
310.17	30421.25
310.23	30365.10
310.30	30312.65
310.36	30253.82
310.43	30196.69
310.49	30112.66
310.56	30034.52
310.62	29933.97
310.69	29833.99
310.75	29745.53
310.81	29683.11
310.88	29627.95
310.94	29605.68
311.01	29572.07
311.07	29546.93
311.14	29519.25
311.20	29487.66
311.27	29441.49
311.33	29426.22
311.40	29383.77
311.46	29356.21
311.53	29324.01
311.59	29306.37
311.66	29275.89
311.72	29243.51
311.78	29204.39
311.85	29170.03
311.91	29123.19
311.98	29067.81
312.04	29027.88
312.11	28981.05
312.17	28935.57
312.24	28893.43
312.30	28842.97
312.37	28782.05
312.43	28724.13
312.50	28671.56
312.56	28606.09
312.62	28540.29
312.69	28486.65
312.75	28416.41
312.82	28326.29
312.88	28244.21
312.95	28164.89
313.01	28087.55
313.08	28016.45
313.14	27970.42
313.20	27923.81
313.27	27881.57
313.33	27832.23
313.40	27802.50
313.46	27757.41
313.53	27724.48
313.59	27691.51
313.66	27669.69
313.72	27636.31
313.78	27598.93
313.85	27554.28
313.91	27523.06
313.98	27486.05
314.04	27443.77
314.11	27413.78
314.17	27373.25
314.24	27320.91
314.30	27274.09
314.36	27221.62
314.43	27175.20
314.49	27126.50
314.56	27076.15
314.62	27009.45
314.69	26957.43
314.75	26891.79
314.81	26832.81
314.88	26774.14
314.94	26737.23
315.01	26688.73
315.07	26632.64
315.14	26589.31
315.20	26546.70
315.27	26491.25
315.33	26446.13
315.39	26399.55
315.46	26348.24
315.52	26290.12
315.59	26244.33
315.65	26185.48
315.72	26147.29
315.78	26100.17
315.84	26063.99
315.91	26032.06
315.97	26008.35
316.04	25993.18
316.10	25972.81
316.16	25934.59
316.23	25867.51
316.29	25775.20
316.36	25628.74
316.42	25462.04
316.49	25274.67
316.55	25068.88
316.61	24857.20
316.68	24635.49
316.74	24417.98
316.81	24193.88
316.87	23967.77
316.93	23740.97
317.00	23532.31
317.06	23319.23
317.13	23101.11
317.19	22887.96
317.26	22670.54
317.32	22453.13
317.38	22240.24
317.45	22029.87
317.51	21823.85
317.58	21619.61
317.64	21404.59
317.70	21183.17
317.77	20976.05
317.83	20766.48
317.90	20553.67
317.96	20341.93
318.02	20140.53
318.09	19944.77
318.15	19736.80
318.22	19522.57
318.28	19319.89
318.34	19104.53
318.41	18873.13
318.47	18659.70
318.54	18460.49
318.60	18251.17
318.66	18054.90
318.73	17855.29
318.79	17665.07
318.86	17468.30
318.92	17275.91
318.98	17087.47
319.05	16898.37
319.11	16700.47
319.18	16499.18
319.24	16306.11
319.30	16096.03
319.37	15908.86
319.43	15715.57
319.50	15529.53
319.56	15339.65
319.62	15156.18
319.69	14963.58
319.75	14777.75
319.82	14590.91
319.88	14400.26
319.94	14219.57
320.01	14043.17
320.07	13852.05
320.13	13665.55
320.20	13480.21
320.26	13288.19
320.33	13100.54
320.39	12921.55
320.45	12741.86
320.52	12569.63
320.58	12398.49
320.65	12213.75
320.71	12036.56
320.77	11864.43
320.84	11683.59
320.90	11505.07
320.96	11330.79
321.03	11138.25
321.09	10950.49
321.16	10765.32
321.22	10576.46
321.28	10397.62
321.35	10237.00
321.41	10062.45
321.47	9893.09
321.54	9729.12
321.60	9554.21
321.67	9378.34
321.73	9211.95
321.79	9037.59
321.86	8864.83
321.92	8694.73
321.98	8507.45
322.05	8320.49
322.11	8130.40
322.18	7935.79
322.24	7745.55
322.30	7568.68
322.37	7399.51
322.43	7228.89
322.49	7062.16
322.56	6885.67
322.62	6716.25
322.68	6533.22
322.75	6365.02
322.81	6186.69
322.88	6016.82
322.94	5843.22
323.00	5671.65
323.07	5499.64
323.13	5330.26
323.19	5166.05
323.26	5003.14
323.32	4845.89
323.38	4684.12
323.45	4463.53
323.51	3822.36
323.57	2936.92
323.64	2010.24
323.70	1119.13
323.76	323.43
323.83	-21.64
323.89	-89.49
323.96	-90.69
