180.25	3525.13
180.33	-133.81
180.40	660.88
180.48	-26.62
180.56	19.26
180.63	56.78
180.71	100.93
180.78	98.45
180.86	99.14
180.93	103.87
181.01	106.29
181.08	105.48
181.16	105.21
181.23	106.01
181.31	105.55
181.39	130.41
181.46	139.40
181.54	150.53
181.61	168.61
181.69	178.11
181.76	169.99
181.84	162.51
181.91	164.16
181.99	164.94
182.06	165.50
182.14	170.51
182.22	176.53
182.29	186.51
182.37	189.66
182.44	201.76
182.52	200.01
182.59	218.51
182.67	227.72
182.74	233.52
182.82	237.97
182.89	247.13
182.97	247.23
183.04	255.20
183.12	262.61
183.20	281.81
183.27	293.45
183.35	321.81
183.42	342.84
183.50	383.59
183.57	404.65
183.65	448.26
183.72	485.62
183.80	538.35
183.87	578.30
183.95	621.21
184.02	667.93
184.10	699.25
184.17	717.27
184.25	719.85
184.32	713.74
184.40	686.67
184.47	641.08
184.55	598.83
184.62	594.95
184.70	622.79
184.78	668.18
184.85	770.02
184.93	889.07
185.00	1003.00
185.08	1115.15
185.15	1229.35
185.23	1345.55
185.30	1456.35
185.38	1561.01
185.45	1659.16
185.53	1765.67
185.60	1853.41
185.68	1955.21
185.75	2030.85
185.83	2092.32
185.90	2122.11
185.98	2091.70
186.05	2007.99
186.13	1901.57
186.20	1764.25
186.28	1651.01
186.35	1626.07
186.43	1681.56
186.50	1822.81
186.58	2032.05
186.65	2255.90
186.73	2479.13
186.80	2670.50
186.88	2836.14
186.95	2997.83
187.03	3140.43
187.10	3256.79
187.18	3401.61
187.25	3536.52
187.33	3673.47
187.40	3838.31
187.48	3987.95
187.55	4112.08
187.63	4210.13
187.70	4249.38
187.78	4243.29
187.85	4213.81
187.93	4089.74
188.00	3886.87
188.08	3657.35
188.15	3447.14
188.23	3314.15
188.30	3315.81
188.38	3451.84
188.45	3671.73
188.53	3900.97
188.60	4100.97
188.68	4268.52
188.75	4420.05
188.83	4595.85
188.90	4757.90
188.98	4924.72
189.05	5105.03
189.13	5268.02
189.20	5414.55
189.28	5594.63
189.35	5787.29
189.43	5990.13
189.50	6184.89
189.58	6291.05
189.65	6292.07
189.73	6193.35
189.80	5986.30
189.87	5715.97
189.95	5425.35
190.02	5082.26
190.10	4723.54
190.17	4427.01
190.25	4241.38
190.32	4197.29
190.40	4304.46
190.47	4534.71
190.55	4817.73
190.62	5121.47
190.70	5406.62
190.77	5700.23
190.85	5986.41
190.92	6233.00
191.00	6436.89
191.07	6601.19
191.15	6686.59
191.22	6711.41
191.29	6674.31
191.37	6570.07
191.44	6435.25
191.52	6314.78
191.59	6181.21
191.67	6050.46
191.74	5917.22
191.82	5795.90
191.89	5698.99
191.97	5647.23
192.04	5627.69
192.12	5633.33
192.19	5639.90
192.27	5651.14
192.34	5683.41
192.41	5776.99
192.49	5920.65
192.56	6106.15
192.64	6293.89
192.71	6444.99
192.79	6486.47
192.86	6418.60
192.94	6209.81
193.01	5919.67
193.09	5616.27
193.16	5367.13
193.23	5194.05
193.31	5142.59
193.38	5226.05
193.46	5380.43
193.53	5606.65
193.61	5890.75
193.68	6192.39
193.76	6478.91
193.83	6754.07
193.91	6984.51
193.98	7173.00
194.05	7299.49
194.13	7305.11
194.20	7205.34
194.28	7028.19
194.35	6797.05
194.43	6515.39
194.50	6185.07
194.58	5794.05
194.65	5374.30
194.72	4966.18
194.80	4631.89
194.87	4457.20
194.95	4493.26
195.02	4699.97
195.10	5044.63
195.17	5535.89
195.25	6106.53
195.32	6665.05
195.39	7169.09
195.47	7564.82
195.54	7804.80
195.62	7855.61
195.69	7733.67
195.77	7444.77
195.84	7029.56
195.91	6532.15
195.99	6079.46
196.06	5705.33
196.14	5395.07
196.21	5119.04
196.29	4872.17
196.36	4646.57
196.43	4489.09
196.51	4509.63
196.58	4763.40
196.66	5228.67
196.73	5819.80
196.81	6480.14
196.88	7124.91
196.95	7668.53
197.03	8027.62
197.10	8165.79
197.18	8070.93
197.25	7798.02
197.33	7418.59
197.40	6994.25
197.47	6609.28
197.55	6312.57
197.62	6036.93
197.70	5758.81
197.77	5489.47
197.84	5183.87
197.92	4841.29
197.99	4622.61
198.07	4653.39
198.14	5000.61
198.22	5702.62
198.29	6659.07
198.36	7680.31
198.44	8604.18
198.51	9290.55
198.59	9645.02
198.66	9694.98
198.73	9474.45
198.81	9041.67
198.88	8442.86
198.96	7803.37
199.03	7251.01
199.10	6870.95
199.18	6623.71
199.25	6472.22
199.33	6300.27
199.40	5996.62
199.48	5608.53
199.55	5323.89
199.62	5289.69
199.70	5699.51
199.77	6580.65
199.85	7777.22
199.92	8990.24
199.99	10055.11
200.07	10763.84
200.14	11057.90
200.22	10887.65
200.29	10367.16
200.36	9731.80
200.44	9168.65
200.51	8740.56
200.59	8484.01
200.66	8340.09
200.73	8210.10
200.81	8051.44
200.88	7808.91
200.95	7476.47
201.03	7112.25
201.10	6853.60
201.18	6775.89
201.25	6989.64
201.32	7591.29
201.40	8585.68
201.47	9744.29
201.55	10832.52
201.62	11642.59
201.69	12028.44
201.77	12057.52
201.84	11839.29
201.92	11392.59
201.99	10839.00
202.06	10395.59
202.14	10121.96
202.21	9989.55
202.28	10015.77
202.36	10120.67
202.43	10160.97
202.51	10102.90
202.58	9972.59
202.65	9757.36
202.73	9548.03
202.80	9530.15
202.87	9845.21
202.95	10491.31
203.02	11411.51
203.10	12482.53
203.17	13487.61
203.24	14069.05
203.32	13999.59
203.39	13348.32
203.46	12490.83
203.54	11719.06
203.61	11229.36
203.69	11158.65
203.76	11530.96
203.83	12122.74
203.91	12676.33
203.98	13133.00
204.05	13474.29
204.13	13692.19
204.20	13724.55
204.28	13634.66
204.35	13476.62
204.42	13316.75
204.50	13238.87
204.57	13360.56
204.64	13729.57
204.72	14221.75
204.79	14591.84
204.86	14699.58
204.94	14557.59
205.01	14185.93
205.09	13620.91
205.16	13132.01
205.23	12940.37
205.31	13060.51
205.38	13412.03
205.45	14015.66
205.53	14795.44
205.60	15606.99
205.67	16321.89
205.75	16881.32
205.82	17252.17
205.89	17454.07
205.97	17530.72
206.04	17532.87
206.12	17501.33
206.19	17474.76
206.26	17479.83
206.34	17557.22
206.41	17611.19
206.48	17469.03
206.56	16958.51
206.63	16137.09
206.70	15176.85
206.78	14374.50
206.85	14011.55
206.92	14262.06
207.00	15025.61
207.07	16033.99
207.14	17043.39
207.22	17938.75
207.29	18715.29
207.36	19409.15
207.44	20037.69
207.51	20576.57
207.58	21041.61
207.66	21412.39
207.73	21651.24
207.80	21675.34
207.88	21512.53
207.95	21237.15
208.02	20842.23
208.10	20200.39
208.17	19289.12
208.25	18282.73
208.32	17343.51
208.39	16628.70
208.47	16321.71
208.54	16526.21
208.61	17095.33
208.69	17807.11
208.76	18554.45
208.83	19343.84
208.90	20170.61
208.98	20994.39
209.05	21763.62
209.12	22460.75
209.20	23049.58
209.27	23531.61
209.34	23919.93
209.42	24246.65
209.49	24476.91
209.56	24584.78
209.64	24540.39
209.71	24219.65
209.78	23512.83
209.86	22498.06
209.93	21358.58
210.00	20162.76
210.08	19132.50
210.15	18567.54
210.22	18544.75
210.30	18926.73
210.37	19662.66
210.44	20633.99
210.52	21635.69
210.59	22545.23
210.66	23323.42
210.74	23985.64
210.81	24560.82
210.88	25103.50
210.96	25607.07
211.03	26098.53
211.10	26568.01
211.17	26973.71
211.25	27213.08
211.32	27246.96
211.39	27020.97
211.47	26435.29
211.54	25377.27
211.61	23985.99
211.69	22660.45
211.76	21666.21
211.83	21181.54
211.91	21362.82
211.98	22086.90
212.05	22978.89
212.12	23812.40
212.20	24531.60
212.27	25118.17
212.34	25585.69
212.42	26001.78
212.49	26396.37
212.56	26804.80
212.64	27241.54
212.71	27724.97
212.78	28199.09
212.85	28616.47
212.93	28888.67
213.00	29007.69
213.07	28927.33
213.15	28511.33
213.22	27760.82
213.29	26883.41
213.37	25991.45
213.44	25198.35
213.51	24739.84
213.58	24709.58
213.66	24979.65
213.73	25453.42
213.80	26072.51
213.88	26699.96
213.95	27205.87
214.02	27589.84
214.09	27914.61
214.17	28219.97
214.24	28585.56
214.31	29040.33
214.39	29566.95
214.46	30072.58
214.53	30486.24
214.60	30798.90
214.68	31013.04
214.75	31094.84
214.82	31022.89
214.90	30751.73
214.97	30148.76
215.04	29200.11
215.11	28169.87
215.19	27353.19
215.26	26925.20
215.33	26974.39
215.41	27530.13
215.48	28324.84
215.55	29068.95
215.62	29654.25
215.70	30137.79
215.77	30555.29
215.84	30961.90
215.91	31365.35
215.99	31771.48
216.06	32150.53
216.13	32442.37
216.21	32625.15
216.28	32760.33
216.35	32878.49
216.42	32946.78
216.50	32979.49
216.57	32946.70
216.64	32708.53
216.71	32160.61
216.79	31429.73
216.86	30702.93
216.93	30114.85
217.01	29830.33
217.08	29939.05
217.15	30374.36
217.22	30946.68
217.30	31565.83
217.37	32160.81
217.44	32713.41
217.51	33173.85
217.59	33573.10
217.66	33886.21
217.73	34150.49
217.80	34352.37
217.88	34513.89
217.95	34643.58
218.02	34765.59
218.09	34887.52
218.17	35041.68
218.24	35199.58
218.31	35312.76
218.38	35333.87
218.46	35166.50
218.53	34704.86
218.60	34025.15
218.67	33309.81
218.75	32724.13
218.82	32408.26
218.89	32491.21
218.96	32906.23
219.04	33498.43
219.11	34112.13
219.18	34637.97
219.25	35067.08
219.33	35434.83
219.40	35751.91
219.47	36035.85
219.54	36314.69
219.62	36569.79
219.69	36804.75
219.76	37030.80
219.83	37231.32
219.91	37435.06
219.98	37633.86
220.05	37759.88
220.12	37791.40
220.20	37743.81
220.27	37531.29
220.34	37106.95
220.41	36545.50
220.49	35995.78
220.56	35570.36
220.63	35386.61
220.70	35483.97
220.78	35832.32
220.85	36261.19
220.92	36656.78
220.99	36982.37
221.06	37261.65
221.14	37506.98
221.21	37746.56
221.28	38003.47
221.35	38263.56
221.43	38512.52
221.50	38747.81
221.57	38971.85
221.64	39178.64
221.72	39359.43
221.79	39515.23
221.86	39619.21
221.93	39669.74
222.00	39658.83
222.08	39596.24
222.15	39415.79
222.22	39181.26
222.29	38955.11
222.37	38791.57
222.44	38683.15
222.51	38700.09
222.58	38800.47
222.65	38937.57
222.73	39064.35
222.80	39200.55
222.87	39369.63
222.94	39557.15
223.02	39757.55
223.09	39965.54
223.16	40188.10
223.23	40393.85
223.30	40619.87
223.38	40843.10
223.45	41047.33
223.52	41220.67
223.59	41380.75
223.66	41459.45
223.74	41486.69
223.81	41475.48
223.88	41458.68
223.95	41414.09
224.03	41362.97
224.10	41299.88
224.17	41256.15
224.24	41218.15
224.31	41204.07
224.39	41254.43
224.46	41356.65
224.53	41481.49
224.60	41607.27
224.67	41760.93
224.75	41908.41
224.82	42068.43
224.89	42241.99
224.96	42431.93
225.03	42598.74
225.11	42763.08
225.18	42919.72
225.25	43057.92
225.32	43157.39
225.39	43258.17
225.47	43324.26
225.54	43340.66
225.61	43296.55
225.68	43233.21
225.75	43155.05
225.83	43118.35
225.90	43129.27
225.97	43207.01
226.04	43335.73
226.11	43472.26
226.19	43607.54
226.26	43743.73
226.33	43890.53
226.40	44022.59
226.47	44170.03
226.54	44314.64
226.62	44451.07
226.69	44572.23
226.76	44696.53
226.83	44817.75
226.90	44928.92
226.98	45012.96
227.05	45084.29
227.12	45154.02
227.19	45197.33
227.26	45244.57
227.34	45308.29
227.41	45357.70
227.48	45378.24
227.55	45358.39
227.62	45317.23
227.69	45300.59
227.77	45329.88
227.84	45398.55
227.91	45528.79
227.98	45683.15
228.05	45808.91
228.12	45920.42
228.20	46036.65
228.27	46152.12
228.34	46262.12
228.41	46403.18
228.48	46525.07
228.56	46641.51
228.63	46748.94
228.70	46844.29
228.77	46921.53
228.84	47016.39
228.91	47115.13
228.99	47226.69
229.06	47365.19
229.13	47488.24
229.20	47602.75
229.27	47690.03
229.34	47756.70
229.42	47790.27
229.49	47825.92
229.56	47850.28
229.63	47881.76
229.70	47901.11
229.77	47935.71
229.85	47981.25
229.92	48030.35
229.99	48095.18
230.06	48192.16
230.13	48306.74
230.20	48423.35
230.27	48558.96
230.35	48693.17
230.42	48816.23
230.49	48928.87
230.56	49043.13
230.63	49148.73
230.70	49214.95
230.78	49275.13
230.85	49331.40
230.92	49387.85
230.99	49461.89
231.06	49575.65
231.13	49711.83
231.20	49850.39
231.28	49971.09
231.35	50082.30
231.42	50176.73
231.49	50256.64
231.56	50332.54
231.63	50415.83
231.71	50485.39
231.78	50547.73
231.85	50598.63
231.92	50648.65
231.99	50711.48
232.06	50782.61
232.13	50887.15
232.21	50987.28
232.28	51089.08
232.35	51168.89
232.42	51246.52
232.49	51311.67
232.56	51411.07
232.63	51502.92
232.71	51615.89
232.78	51722.59
232.85	51828.45
232.92	51903.00
232.99	51986.36
233.06	52058.18
233.13	52131.24
233.20	52193.97
233.28	52263.16
233.35	52319.32
233.42	52391.83
233.49	52472.77
233.56	52553.15
233.63	52637.47
233.70	52741.48
233.78	52838.25
233.85	52951.33
233.92	53049.91
233.99	53140.25
234.06	53222.57
234.13	53317.28
234.20	53382.82
234.27	53454.66
234.35	53520.86
234.42	53585.33
234.49	53636.07
234.56	53672.78
234.63	53711.38
234.70	53756.97
234.77	53793.33
234.84	53830.87
234.92	53894.37
234.99	53968.42
235.06	54054.12
235.13	54149.35
235.20	54252.92
235.27	54337.93
235.34	54430.11
235.41	54509.21
235.48	54586.59
235.56	54652.13
235.63	54724.59
235.70	54775.98
235.77	54821.07
235.84	54858.09
235.91	54885.99
235.98	54919.37
236.05	54966.68
236.12	55012.44
236.20	55057.26
236.27	55112.67
236.34	55163.88
236.41	55206.19
236.48	55252.85
236.55	55296.29
236.62	55339.68
236.69	55387.35
236.76	55459.19
236.84	55526.94
236.91	55598.31
236.98	55663.80
237.05	55724.23
237.12	55757.81
237.19	55811.65
237.26	55868.88
237.33	55920.59
237.40	55963.45
237.47	56015.03
237.55	56055.99
237.62	56108.98
237.69	56169.80
237.76	56246.25
237.83	56321.59
237.90	56395.32
237.97	56449.45
238.04	56502.80
238.11	56538.71
238.18	56580.61
238.26	56612.40
238.33	56644.23
238.40	56670.49
238.47	56703.22
238.54	56722.30
238.61	56745.93
238.68	56760.05
238.75	56783.07
238.82	56819.11
238.89	56872.74
238.96	56926.77
239.04	56992.11
239.11	57041.73
239.18	57085.32
239.25	57102.58
239.32	57123.41
239.39	57126.02
239.46	57138.67
239.53	57127.97
239.60	57122.84
239.67	57134.77
239.74	57168.70
239.81	57181.38
239.89	57212.33
239.96	57243.31
240.03	57264.06
240.10	57282.07
240.17	57311.84
240.24	57342.18
240.31	57391.38
240.38	57438.20
240.45	57494.62
240.52	57564.33
240.59	57627.51
240.66	57688.91
240.73	57730.01
240.80	57756.13
240.88	57772.41
240.95	57799.01
241.02	57813.13
241.09	57832.12
241.16	57855.58
241.23	57873.87
241.30	57858.77
241.37	57835.43
241.44	57822.65
241.51	57813.80
241.58	57824.59
241.65	57869.13
241.72	57906.56
241.79	57933.43
241.86	57952.11
241.94	57950.88
242.01	57926.39
242.08	57914.45
242.15	57920.01
242.22	57919.79
242.29	57921.83
242.36	57943.07
242.43	57945.26
242.50	57932.63
242.57	57920.69
242.64	57922.00
242.71	57911.42
242.78	57919.17
242.85	57917.06
242.92	57943.76
242.99	57953.75
243.06	57965.28
243.14	57973.21
243.21	57998.28
243.28	57997.05
243.35	58013.42
243.42	58048.59
243.49	58074.55
243.56	58093.57
243.63	58121.69
243.70	58126.37
243.77	58112.78
243.84	58108.01
243.91	58094.54
243.98	58066.36
244.05	58035.77
244.12	58016.55
244.19	57990.67
244.26	57963.88
244.33	57945.54
244.40	57933.85
244.47	57925.94
244.54	57920.76
244.62	57902.73
244.69	57886.62
244.76	57879.22
244.83	57870.09
244.90	57863.40
244.97	57881.94
245.04	57894.41
245.11	57897.94
245.18	57884.22
245.25	57879.01
245.32	57880.24
245.39	57886.13
245.46	57900.19
245.53	57897.67
245.60	57886.38
245.67	57877.59
245.74	57872.48
245.81	57858.95
245.88	57864.93
245.95	57869.69
246.02	57853.87
246.09	57810.15
246.16	57763.01
246.23	57705.22
246.30	57664.87
246.37	57645.69
246.44	57672.55
246.51	57702.97
246.58	57738.44
246.65	57766.29
246.72	57786.15
246.79	57780.63
246.87	57770.35
246.94	57756.80
247.01	57730.31
247.08	57685.65
247.15	57632.69
247.22	57576.43
247.29	57517.00
247.36	57480.56
247.43	57445.06
247.50	57429.86
247.57	57429.93
247.64	57452.45
247.71	57457.57
247.78	57477.82
247.85	57496.42
247.92	57510.27
247.99	57513.34
248.06	57506.61
248.13	57485.27
248.20	57469.35
248.27	57436.55
248.34	57412.16
248.41	57407.05
248.48	57410.82
248.55	57390.89
248.62	57407.96
248.69	57413.62
248.76	57403.73
248.83	57392.80
248.90	57379.87
248.97	57328.53
249.04	57280.85
249.11	57235.87
249.18	57191.98
249.25	57157.51
249.32	57130.87
249.39	57083.33
249.46	57028.75
249.53	56972.76
249.60	56911.84
249.67	56871.33
249.74	56846.39
249.81	56849.28
249.88	56859.45
249.95	56891.55
250.02	56928.71
250.09	56957.31
250.16	56957.61
250.23	56954.57
250.30	56938.80
250.37	56917.46
250.44	56906.56
250.51	56902.58
250.58	56905.51
250.65	56904.46
250.72	56865.36
250.79	56819.49
250.86	56765.23
250.93	56709.61
251.00	56648.18
251.07	56624.44
251.14	56600.09
251.21	56587.03
251.28	56563.55
251.35	56545.64
251.42	56517.73
251.49	56504.85
251.56	56492.80
251.63	56481.99
251.70	56473.15
251.77	56470.55
251.84	56447.65
251.91	56407.62
251.98	56355.62
252.05	56311.21
252.12	56253.90
252.18	56215.44
252.25	56186.66
252.32	56194.97
252.39	56184.67
252.46	56175.81
252.53	56154.76
252.60	56143.40
252.67	56113.83
252.74	56087.91
252.81	56060.29
252.88	56036.07
252.95	55993.81
253.02	55952.87
253.09	55921.37
253.16	55896.35
253.23	55865.31
253.30	55866.83
253.37	55852.51
253.44	55838.94
253.51	55805.93
253.58	55784.47
253.65	55758.53
253.72	55746.93
253.79	55721.75
253.86	55719.53
253.93	55706.11
254.00	55681.29
254.07	55653.44
254.14	55632.83
254.21	55590.46
254.28	55557.72
254.35	55532.91
254.41	55514.32
254.48	55481.48
254.55	55470.03
254.62	55453.89
254.69	55420.15
254.76	55371.58
254.83	55328.43
254.90	55291.99
254.97	55262.79
255.04	55242.23
255.11	55214.29
255.18	55172.37
255.25	55105.05
255.32	55039.15
255.39	54976.33
255.46	54932.89
255.53	54917.81
255.60	54912.43
255.67	54905.78
255.74	54897.71
255.81	54890.97
255.87	54891.89
255.94	54874.48
256.01	54860.85
256.08	54847.30
256.15	54829.79
256.22	54793.47
256.29	54788.86
256.36	54763.99
256.43	54749.23
256.50	54737.01
256.57	54731.01
256.64	54702.12
256.71	54680.03
256.78	54641.87
256.85	54601.01
256.92	54561.54
256.99	54536.37
257.05	54514.93
257.12	54494.20
257.19	54449.91
257.26	54384.29
257.33	54289.65
257.40	54196.96
257.47	54086.16
257.54	53990.12
257.61	53908.94
257.68	53878.77
257.75	53868.89
257.82	53905.76
257.89	53942.07
257.96	53986.29
258.03	53994.63
258.09	53976.53
258.16	53915.37
258.23	53847.44
258.30	53785.40
258.37	53724.42
258.44	53691.24
258.51	53684.84
258.58	53689.17
258.65	53681.93
258.72	53696.81
258.79	53667.57
258.86	53621.38
258.93	53577.15
258.99	53532.20
259.06	53472.37
259.13	53433.47
259.20	53395.89
259.27	53354.39
259.34	53332.42
259.41	53318.17
259.48	53317.29
259.55	53312.89
259.62	53301.41
259.69	53252.05
259.76	53197.98
259.82	53127.05
259.89	53077.48
259.96	53050.49
260.03	53033.36
260.10	52996.43
260.17	52951.69
260.24	52891.49
260.31	52824.03
260.38	52779.05
260.45	52764.30
260.52	52743.11
260.59	52715.06
260.65	52684.14
260.72	52654.85
260.79	52610.31
260.86	52582.49
260.93	52554.90
261.00	52514.89
261.07	52449.30
261.14	52369.51
261.21	52288.74
261.28	52212.09
261.34	52135.53
261.41	52067.23
261.48	52024.42
261.55	51990.20
261.62	51954.17
261.69	51930.05
261.76	51913.67
261.83	51893.51
261.90	51858.78
261.97	51810.16
262.03	51764.94
262.10	51723.92
262.17	51674.66
262.24	51647.32
262.31	51639.41
262.38	51623.03
262.45	51604.91
262.52	51591.02
262.59	51554.61
262.65	51518.20
262.72	51479.52
262.79	51440.56
262.86	51386.88
262.93	51349.42
263.00	51316.67
263.07	51272.98
263.14	51219.36
263.21	51190.07
263.27	51159.37
263.34	51134.71
263.41	51110.01
263.48	51071.40
263.55	51007.03
263.62	50922.13
263.69	50817.28
263.76	50736.03
263.82	50686.66
263.89	50653.84
263.96	50640.55
264.03	50623.06
264.10	50602.71
264.17	50540.36
264.24	50474.61
264.31	50404.17
264.38	50337.30
264.44	50258.24
264.51	50195.19
264.58	50130.49
264.65	50075.99
264.72	50020.57
264.79	49977.39
264.86	49958.63
264.92	49929.82
264.99	49905.21
265.06	49877.67
265.13	49835.30
265.20	49794.87
265.27	49761.76
265.34	49718.85
265.41	49691.93
265.47	49681.99
265.54	49651.71
265.61	49640.05
265.68	49633.99
265.75	49592.11
265.82	49529.50
265.89	49458.12
265.95	49379.56
266.02	49282.13
266.09	49219.23
266.16	49166.13
266.23	49129.52
266.30	49089.07
266.37	49044.96
266.44	48982.56
266.50	48931.02
266.57	48870.41
266.64	48810.65
266.71	48741.47
266.78	48672.87
266.85	48580.33
266.91	48506.69
266.98	48437.29
267.05	48394.95
267.12	48371.70
267.19	48375.33
267.26	48370.72
267.33	48369.41
267.39	48353.61
267.46	48327.91
267.53	48280.83
267.60	48229.64
267.67	48164.37
267.74	48125.78
267.81	48087.21
267.87	48062.05
267.94	48041.10
268.01	48015.29
268.08	47970.55
268.15	47911.02
268.22	47835.81
268.28	47731.97
268.35	47623.23
268.42	47510.93
268.49	47417.97
268.56	47342.34
268.63	47299.62
268.69	47280.51
268.76	47274.69
268.83	47285.14
268.90	47290.27
268.97	47302.75
269.04	47304.30
269.11	47278.62
269.17	47239.87
269.24	47200.35
269.31	47154.78
269.38	47115.71
269.45	47086.99
269.52	47053.89
269.58	47032.40
269.65	46983.38
269.72	46931.29
269.79	46883.45
269.86	46839.85
269.92	46776.45
269.99	46714.50
270.06	46649.59
270.13	46595.75
270.20	46542.66
270.27	46510.19
270.33	46501.77
270.40	46481.45
270.47	46463.51
270.54	46447.19
270.61	46414.11
270.68	46399.79
270.74	46394.83
270.81	46384.13
270.88	46359.92
270.95	46328.60
271.02	46250.54
271.08	46176.79
271.15	46096.77
271.22	46028.61
271.29	45972.23
271.36	45919.37
271.43	45875.01
271.49	45835.90
271.56	45795.00
271.63	45761.38
271.70	45751.38
271.77	45736.23
271.83	45703.04
271.90	45661.59
271.97	45616.87
272.04	45562.74
272.11	45511.97
272.17	45479.13
272.24	45459.96
272.31	45427.52
272.38	45411.75
272.45	45390.11
272.52	45358.13
272.58	45333.63
272.65	45330.68
272.72	45301.94
272.79	45271.04
272.86	45247.45
272.92	45208.39
272.99	45158.33
273.06	45108.21
273.13	45055.85
273.20	44994.33
273.26	44923.83
273.33	44850.91
273.40	44795.43
273.47	44748.93
273.54	44710.87
273.60	44689.53
273.67	44673.63
273.74	44675.71
273.81	44680.73
273.88	44708.03
273.94	44748.07
274.01	44794.09
274.08	44820.48
274.15	44839.27
274.21	44824.05
274.28	44773.03
274.35	44704.17
274.42	44604.86
274.49	44505.26
274.55	44429.29
274.62	44377.40
274.69	44309.65
274.76	44265.48
274.83	44232.73
274.89	44196.08
274.96	44152.53
275.03	44133.87
275.10	44111.72
275.17	44075.76
275.23	44027.85
275.30	43984.03
275.37	43953.74
275.44	43926.16
275.50	43912.55
275.57	43899.80
275.64	43878.67
275.71	43832.31
275.78	43807.14
275.84	43780.05
275.91	43755.73
275.98	43741.68
276.05	43731.96
276.11	43706.72
276.18	43657.14
276.25	43589.41
276.32	43508.34
276.39	43430.92
276.45	43343.40
276.52	43265.16
276.59	43217.78
276.66	43191.00
276.72	43180.51
276.79	43178.69
276.86	43186.80
276.93	43172.93
276.99	43134.12
277.06	43081.13
277.13	43035.75
277.20	42985.81
277.26	42956.09
277.33	42956.86
277.40	42961.17
277.47	42952.10
277.54	42937.37
277.60	42900.60
277.67	42830.39
277.74	42736.15
277.81	42632.71
277.87	42546.55
277.94	42466.63
278.01	42415.51
278.08	42382.79
278.14	42373.86
278.21	42368.49
278.28	42389.69
278.35	42404.99
278.41	42439.45
278.48	42468.07
278.55	42475.77
278.62	42461.64
278.68	42415.49
278.75	42332.18
278.82	42231.14
278.89	42123.88
278.95	42019.61
279.02	41956.02
279.09	41937.35
279.16	41957.45
279.22	41987.29
279.29	42026.71
279.36	42046.05
279.43	42028.91
279.49	41951.59
279.56	41847.41
279.63	41701.73
279.70	41560.22
279.76	41440.90
279.83	41362.06
279.90	41326.75
279.97	41316.95
280.03	41319.06
280.10	41313.79
280.17	41311.27
280.24	41304.90
280.30	41304.94
280.37	41292.67
280.44	41283.57
280.51	41273.06
280.57	41262.03
280.64	41248.22
280.71	41232.12
280.77	41204.91
280.84	41145.31
280.91	41068.14
280.98	40970.73
281.04	40868.35
281.11	40761.76
281.18	40660.29
281.25	40553.01
281.31	40452.58
281.38	40341.02
281.45	40241.45
281.52	40164.24
281.58	40084.03
281.65	40013.74
281.72	39964.55
281.78	39932.97
281.85	39902.11
281.92	39894.01
281.99	39900.83
282.05	39914.04
282.12	39909.54
282.19	39917.81
282.26	39940.45
282.32	39954.32
282.39	39971.00
282.46	39973.59
282.52	39976.98
282.59	39961.87
282.66	39957.29
282.73	39944.17
282.79	39937.23
282.86	39891.07
282.93	39800.25
282.99	39690.01
283.06	39547.73
283.13	39389.83
283.20	39239.01
283.26	39121.85
283.33	39018.29
283.40	38957.63
283.46	38926.25
283.53	38916.21
283.60	38924.10
283.67	38934.21
283.73	38942.80
283.80	38957.98
283.87	38973.24
283.93	38998.97
284.00	39015.21
284.07	39028.70
284.13	39016.02
284.20	38993.93
284.27	38951.57
284.34	38907.19
284.40	38861.97
284.47	38834.33
284.54	38807.95
284.60	38781.96
284.67	38747.49
284.74	38703.13
284.81	38654.05
284.87	38588.53
284.94	38507.08
285.01	38418.06
285.07	38310.52
285.14	38201.76
285.21	38113.39
285.27	38058.71
285.34	38029.69
285.41	38035.93
285.47	38051.52
285.54	38087.23
285.61	38107.03
285.68	38128.74
285.74	38143.69
285.81	38157.35
285.88	38163.31
285.94	38183.69
286.01	38206.71
286.08	38230.31
286.14	38260.15
286.21	38278.97
286.28	38285.45
286.34	38255.81
286.41	38189.96
286.48	38089.00
286.55	37963.13
286.61	37826.53
286.68	37697.77
286.75	37589.52
286.81	37506.64
286.88	37445.93
286.95	37385.91
287.01	37374.04
287.08	37384.92
287.15	37397.27
287.21	37423.22
287.28	37460.03
287.35	37475.53
287.41	37484.15
287.48	37483.77
287.55	37485.89
287.61	37487.83
287.68	37481.34
287.75	37477.81
287.81	37485.93
287.88	37489.68
287.95	37497.75
288.01	37497.56
288.08	37494.49
288.15	37476.95
288.21	37451.27
288.28	37411.29
288.35	37377.39
288.41	37328.99
288.48	37267.69
288.55	37185.84
288.61	37080.82
288.68	36979.43
288.75	36876.08
288.81	36792.64
288.88	36738.31
288.95	36729.55
289.01	36741.65
289.08	36785.72
289.15	36850.05
289.21	36928.07
289.28	36994.83
289.35	37052.09
289.41	37086.99
289.48	37108.29
289.55	37105.32
289.61	37087.77
289.68	37072.77
289.75	37043.14
289.81	37000.28
289.88	36948.55
289.95	36880.02
290.01	36791.89
290.08	36727.59
290.15	36676.50
290.21	36637.57
290.28	36631.46
290.35	36616.15
290.41	36598.68
290.48	36544.28
290.55	36464.50
290.61	36374.42
290.68	36315.89
290.74	36270.95
290.81	36276.06
290.88	36314.88
290.94	36370.74
291.01	36430.03
291.08	36489.11
291.14	36543.42
291.21	36591.36
291.28	36644.69
291.34	36680.98
291.41	36699.78
291.48	36714.26
291.54	36719.09
291.61	36694.79
291.68	36654.50
291.74	36593.92
291.81	36519.88
291.87	36467.23
291.94	36394.23
292.01	36328.13
292.07	36263.75
292.14	36187.31
292.21	36089.49
292.27	36023.26
292.34	35964.43
292.41	35920.57
292.47	35899.08
292.54	35899.41
292.60	35913.75
292.67	35942.42
292.74	35990.35
292.80	36044.89
292.87	36093.92
292.94	36153.83
293.00	36207.33
293.07	36257.56
293.13	36306.18
293.20	36361.43
293.27	36395.99
293.33	36426.67
293.40	36435.81
293.47	36431.18
293.53	36387.97
293.60	36324.33
293.66	36215.17
293.73	36091.76
293.80	35952.79
293.86	35837.67
293.93	35742.99
294.00	35680.04
294.06	35646.27
294.13	35631.55
294.19	35616.15
294.26	35595.23
294.33	35586.10
294.39	35564.31
294.46	35552.75
294.52	35544.09
294.59	35571.83
294.66	35610.73
294.72	35673.44
294.79	35739.82
294.86	35823.89
294.92	35886.97
294.99	35964.03
295.05	36034.80
295.12	36093.38
295.19	36151.81
295.25	36195.77
295.32	36207.05
295.38	36207.93
295.45	36214.27
295.52	36184.67
295.58	36131.15
295.65	36058.67
295.71	35971.62
295.78	35836.24
295.85	35684.18
295.91	35547.91
295.98	35418.99
296.04	35285.41
296.11	35200.19
296.18	35158.75
296.24	35147.97
296.31	35163.07
296.37	35216.83
296.44	35303.98
296.51	35397.42
296.57	35489.97
296.64	35592.29
296.70	35689.73
296.77	35751.28
296.84	35797.06
296.90	35846.65
296.97	35878.53
297.03	35915.45
297.10	35958.85
297.17	36012.61
297.23	36052.97
297.30	36096.77
297.36	36111.35
297.43	36105.76
297.50	36080.88
297.56	36039.02
297.63	35967.85
297.69	35859.99
297.76	35714.63
297.82	35551.58
297.89	35372.27
297.96	35212.24
298.02	35098.45
298.09	35021.43
298.15	34974.86
298.22	34978.24
298.29	34991.64
298.35	35010.00
298.42	35060.73
298.48	35124.11
298.55	35180.06
298.61	35258.27
298.68	35352.05
298.75	35439.86
298.81	35521.85
298.88	35606.07
298.94	35675.41
299.01	35739.56
299.08	35786.19
299.14	35834.01
299.21	35862.37
299.27	35886.50
299.34	35889.83
299.40	35905.47
299.47	35902.06
299.54	35895.23
299.60	35875.99
299.67	35830.52
299.73	35738.16
299.80	35588.29
299.86	35371.19
299.93	35135.32
299.99	34915.90
300.06	34730.40
300.13	34616.13
300.19	34583.41
300.26	34592.71
300.32	34652.46
300.39	34728.34
300.45	34820.18
300.52	34929.93
300.59	35045.17
300.65	35136.39
300.72	35231.69
300.78	35310.59
300.85	35387.59
300.91	35431.13
300.98	35466.78
301.04	35496.17
301.11	35528.30
301.18	35539.91
301.24	35568.09
301.31	35591.76
301.37	35598.47
301.44	35593.33
301.50	35585.03
301.57	35548.59
301.63	35511.03
301.70	35446.91
301.77	35347.07
301.83	35209.94
301.90	35056.93
301.96	34863.17
302.03	34680.12
302.09	34530.35
302.16	34412.15
302.22	34346.29
302.29	34323.45
302.36	34331.83
302.42	34354.05
302.49	34414.17
302.55	34479.19
302.62	34554.78
302.68	34634.97
302.75	34708.51
302.81	34759.83
302.88	34801.48
302.94	34835.20
303.01	34868.50
303.07	34891.13
303.14	34914.51
303.21	34928.31
303.27	34947.11
303.34	34948.49
303.40	34945.39
303.47	34932.42
303.53	34909.39
303.60	34879.85
303.66	34847.03
303.73	34816.82
303.79	34762.01
303.86	34696.13
303.92	34602.95
303.99	34475.99
304.05	34301.45
304.12	34124.26
304.19	33966.84
304.25	33824.13
304.32	33721.33
304.38	33679.15
304.45	33663.85
304.51	33678.43
304.58	33715.81
304.64	33760.30
304.71	33817.83
304.77	33862.69
304.84	33902.02
304.90	33927.81
304.97	33951.50
305.03	33958.93
305.10	33975.59
305.16	33979.01
305.23	33980.74
305.29	33982.02
305.36	33959.67
305.42	33946.95
305.49	33927.15
305.56	33895.33
305.62	33856.01
305.69	33831.15
305.75	33790.71
305.82	33702.81
305.88	33583.51
305.95	33425.95
306.01	33249.96
306.08	33068.40
306.14	32912.49
306.21	32779.86
306.27	32678.16
306.34	32589.99
306.40	32501.31
306.47	32448.21
306.53	32437.75
306.60	32452.53
306.66	32478.97
306.73	32524.18
306.79	32561.36
306.86	32585.48
306.92	32587.42
306.99	32601.79
307.05	32605.31
307.12	32609.71
307.18	32602.42
307.25	32603.33
307.31	32585.35
307.38	32571.32
307.44	32544.59
307.51	32533.36
307.57	32492.88
307.64	32451.19
307.70	32413.95
307.77	32365.25
307.83	32299.91
307.90	32257.97
307.96	32216.02
308.03	32147.94
308.09	32086.76
308.16	32017.69
308.22	31934.07
308.29	31843.52
308.35	31760.43
308.42	31663.35
308.48	31548.11
308.55	31431.07
308.61	31324.41
308.68	31235.84
308.74	31157.41
308.81	31133.33
308.87	31127.22
308.94	31135.36
309.00	31135.09
309.07	31145.53
309.13	31131.09
309.20	31124.65
309.26	31096.64
309.33	31065.15
309.39	31037.89
309.45	31003.45
309.52	30955.60
309.58	30919.91
309.65	30867.43
309.71	30805.59
309.78	30755.61
309.84	30703.45
309.91	30638.49
309.97	30583.23
310.04	30533.84
310.10	30474.85
310.17	30416.98
310.23	30365.17
310.30	30320.67
310.36	30255.48
310.43	30191.59
310.49	30114.65
310.56	30026.93
310.62	29930.91
310.69	29843.51
310.75	29762.47
310.81	29700.26
310.88	29655.96
310.94	29615.46
311.01	29583.90
311.07	29551.89
311.14	29516.23
311.20	29478.97
311.27	29447.97
311.33	29421.77
311.40	29389.68
311.46	29364.79
311.53	29336.99
311.59	29317.76
311.66	29295.56
311.72	29258.45
311.78	29214.15
311.85	29176.31
311.91	29124.64
311.98	29069.01
312.04	29024.55
312.11	28987.75
312.17	28942.75
312.24	28901.19
312.30	28844.93
312.37	28795.73
312.43	28732.18
312.50	28667.13
312.56	28604.47
312.62	28552.00
312.69	28478.41
312.75	28412.69
312.82	28329.39
312.88	28246.52
312.95	28160.43
313.01	28087.04
313.08	28017.69
313.14	27970.14
313.20	27924.61
313.27	27884.63
313.33	27844.15
313.40	27809.17
313.46	27766.79
313.53	27724.73
313.59	27687.83
313.66	27664.91
313.72	27631.55
313.78	27600.61
313.85	27563.57
313.91	27532.07
313.98	27490.76
314.04	27455.18
314.11	27417.37
314.17	27386.79
314.24	27340.10
314.30	27291.48
314.36	27231.77
314.43	27184.09
314.49	27124.53
314.56	27064.74
314.62	27003.84
314.69	26948.32
314.75	26885.54
314.81	26828.91
314.88	26774.14
314.94	26728.75
315.01	26688.54
315.07	26631.77
315.14	26576.08
315.20	26538.95
315.27	26489.32
315.33	26437.17
315.39	26394.08
315.46	26356.25
315.52	26295.57
315.59	26247.43
315.65	26191.92
315.72	26150.51
315.78	26101.82
315.84	26070.53
315.91	26040.75
315.97	26018.14
316.04	26006.62
316.10	25986.64
316.16	25951.33
316.23	25881.09
316.29	25786.02
316.36	25635.67
316.42	25467.67
316.49	25266.21
316.55	25062.27
316.61	24852.02
316.68	24639.80
316.74	24418.82
316.81	24205.00
316.87	23977.35
316.93	23754.09
317.00	23539.93
317.06	23327.57
317.13	23107.98
317.19	22895.21
317.26	22675.28
317.32	22456.32
317.38	22240.16
317.45	22028.50
317.51	21822.78
317.58	21609.58
317.64	21392.19
317.70	21180.84
317.77	20973.53
317.83	20765.84
317.90	20561.99
317.96	20355.70
318.02	20148.42
318.09	19955.21
318.15	19749.08
318.22	19543.13
318.28	19336.71
318.34	19118.27
318.41	18887.35
318.47	18666.21
318.54	18457.99
318.60	18252.52
318.66	18059.69
318.73	17858.98
318.79	17670.41
318.86	17472.81
318.92	17273.73
318.98	17084.55
319.05	16889.54
319.11	16693.71
319.18	16493.78
319.24	16303.85
319.30	16089.32
319.37	15902.33
319.43	15714.64
319.50	15529.80
319.56	15339.62
319.62	15158.66
319.69	14968.45
319.75	14782.45
319.82	14597.42
319.88	14411.13
319.94	14225.83
320.01	14049.03
320.07	13854.61
320.13	13671.65
320.20	13483.93
320.26	13305.68
320.33	13111.58
320.39	12934.85
320.45	12742.05
320.52	12569.37
320.58	12390.31
320.65	12213.90
320.71	12032.97
320.77	11865.69
320.84	11682.64
320.90	11503.89
320.96	11327.78
321.03	11141.01
321.09	10956.57
321.16	10773.31
321.22	10583.97
321.28	10402.74
321.35	10236.50
321.41	10057.19
321.47	9889.85
321.54	9727.73
321.60	9551.28
321.67	9374.91
321.73	9213.37
321.79	9041.61
321.86	8874.60
321.92	8709.02
321.98	8524.87
322.05	8334.93
322.11	8140.94
322.18	7940.54
322.24	7749.29
322.30	7572.49
322.37	7401.65
322.43	7228.87
322.49	7061.48
322.56	6886.28
322.62	6717.09
322.68	6536.55
322.75	6372.23
322.81	6193.80
322.88	6021.65
322.94	5844.35
323.00	5668.09
323.07	5489.79
323.13	5323.51
323.19	5159.56
323.26	4998.92
323.32	4845.09
323.38	4687.67
323.45	4465.58
323.51	3825.39
323.57	2940.91
323.64	2014.11
323.70	1121.78
323.76	326.12
323.83	-19.67
323.89	-88.84
323.96	-90.37
