180.25	3523.73
180.33	-133.94
180.40	660.25
180.48	-27.88
180.56	17.76
180.63	55.52
180.71	99.57
180.78	97.78
180.86	99.07
180.93	102.95
181.01	105.28
181.08	103.64
181.16	102.91
181.23	104.48
181.31	104.94
181.39	130.30
181.46	140.01
181.54	150.65
181.61	167.77
181.69	176.60
181.76	168.57
181.84	162.18
181.91	163.66
181.99	164.89
182.06	165.42
182.14	170.90
182.22	175.42
182.29	186.92
182.37	190.12
182.44	202.84
182.52	199.50
182.59	219.18
182.67	226.23
182.74	232.83
182.82	236.98
182.89	247.82
182.97	246.31
183.04	255.93
183.12	263.11
183.20	282.74
183.27	292.26
183.35	319.83
183.42	340.38
183.50	379.82
183.57	401.35
183.65	446.57
183.72	487.53
183.80	539.78
183.87	581.52
183.95	624.36
184.02	670.10
184.10	699.90
184.17	718.32
184.25	719.04
184.32	713.87
184.40	686.50
184.47	639.95
184.55	597.29
184.62	594.45
184.70	619.14
184.78	664.98
184.85	767.28
184.93	887.19
185.00	999.95
185.08	1115.32
185.15	1229.86
185.23	1346.62
185.30	1455.54
185.38	1559.04
185.45	1655.68
185.53	1764.15
185.60	1856.19
185.68	1963.63
185.75	2044.54
185.83	2107.96
185.90	2134.54
185.98	2102.60
186.05	2013.98
186.13	1902.69
186.20	1762.82
186.28	1652.06
186.35	1622.82
186.43	1676.35
186.50	1817.06
186.58	2029.35
186.65	2252.10
186.73	2475.06
186.80	2670.47
186.88	2836.68
186.95	2991.76
187.03	3134.94
187.10	3251.18
187.18	3397.13
187.25	3534.09
187.33	3676.80
187.40	3841.23
187.48	3993.09
187.55	4116.96
187.63	4216.88
187.70	4252.49
187.78	4243.78
187.85	4213.31
187.93	4084.50
188.00	3882.43
188.08	3654.90
188.15	3446.29
188.23	3315.13
188.30	3320.59
188.38	3453.93
188.45	3672.07
188.53	3901.82
188.60	4101.15
188.68	4263.58
188.75	4413.85
188.83	4587.71
188.90	4745.90
188.98	4911.06
189.05	5091.60
189.13	5256.00
189.20	5407.78
189.28	5593.38
189.35	5791.18
189.43	5997.49
189.50	6192.02
189.58	6301.28
189.65	6300.48
189.73	6196.31
189.80	5986.28
189.87	5714.59
189.95	5420.20
190.02	5076.61
190.10	4718.33
190.17	4423.84
190.25	4239.24
190.32	4196.42
190.40	4305.07
190.47	4529.64
190.55	4813.80
190.62	5117.35
190.70	5397.90
190.77	5693.12
190.85	5986.90
190.92	6232.25
191.00	6433.40
191.07	6597.52
191.15	6682.36
191.22	6707.82
191.29	6668.52
191.37	6563.74
191.44	6435.14
191.52	6308.77
191.59	6174.58
191.67	6045.37
191.74	5913.35
191.82	5789.17
191.89	5692.13
191.97	5637.13
192.04	5624.15
192.12	5633.12
192.19	5638.91
192.27	5648.96
192.34	5681.74
192.41	5769.90
192.49	5910.94
192.56	6095.00
192.64	6285.92
192.71	6433.90
192.79	6475.70
192.86	6409.91
192.94	6202.34
193.01	5913.05
193.09	5611.63
193.16	5357.80
193.23	5186.16
193.31	5134.68
193.38	5221.60
193.46	5377.34
193.53	5604.23
193.61	5887.60
193.68	6187.60
193.76	6472.87
193.83	6755.74
193.91	6994.44
193.98	7178.33
194.05	7304.66
194.13	7310.23
194.20	7199.62
194.28	7019.43
194.35	6788.64
194.43	6510.50
194.50	6179.31
194.58	5792.51
194.65	5374.57
194.72	4970.86
194.80	4635.43
194.87	4458.70
194.95	4500.32
195.02	4704.31
195.10	5048.05
195.17	5537.47
195.25	6105.23
195.32	6664.01
195.39	7167.07
195.47	7563.97
195.54	7808.58
195.62	7871.43
195.69	7745.35
195.77	7458.76
195.84	7043.61
195.91	6542.03
195.99	6075.54
196.06	5700.02
196.14	5388.59
196.21	5107.18
196.29	4857.56
196.36	4635.15
196.43	4480.76
196.51	4499.02
196.58	4754.37
196.66	5218.10
196.73	5812.52
196.81	6471.42
196.88	7120.12
196.95	7666.26
197.03	8029.29
197.10	8166.32
197.18	8069.44
197.25	7791.69
197.33	7407.81
197.40	6983.89
197.47	6593.92
197.55	6299.33
197.62	6027.02
197.70	5752.90
197.77	5481.89
197.84	5181.76
197.92	4840.34
197.99	4622.19
198.07	4652.83
198.14	5005.88
198.22	5708.60
198.29	6654.59
198.36	7674.18
198.44	8602.91
198.51	9284.90
198.59	9640.37
198.66	9697.51
198.73	9478.78
198.81	9046.18
198.88	8449.73
198.96	7807.46
199.03	7252.53
199.10	6872.10
199.18	6621.75
199.25	6469.90
199.33	6299.12
199.40	6000.88
199.48	5614.18
199.55	5326.48
199.62	5292.94
199.70	5699.26
199.77	6574.92
199.85	7768.53
199.92	8985.14
199.99	10042.52
200.07	10755.88
200.14	11055.72
200.22	10886.32
200.29	10357.04
200.36	9725.30
200.44	9160.32
200.51	8729.96
200.59	8468.92
200.66	8337.52
200.73	8214.50
200.81	8053.72
200.88	7810.09
200.95	7484.70
201.03	7110.45
201.10	6848.72
201.18	6769.10
201.25	6979.57
201.32	7582.79
201.40	8585.64
201.47	9742.04
201.55	10832.88
201.62	11649.07
201.69	12032.23
201.77	12059.74
201.84	11841.04
201.92	11395.52
201.99	10837.11
202.06	10387.76
202.14	10106.30
202.21	9970.20
202.28	9998.51
202.36	10099.55
202.43	10144.32
202.51	10089.24
202.58	9960.28
202.65	9744.08
202.73	9535.16
202.80	9516.24
202.87	9834.67
202.95	10478.07
203.02	11402.05
203.10	12481.01
203.17	13489.10
203.24	14072.86
203.32	14005.67
203.39	13355.50
203.46	12493.20
203.54	11721.52
203.61	11231.58
203.69	11163.70
203.76	11533.30
203.83	12125.90
203.91	12673.33
203.98	13124.49
204.05	13471.50
204.13	13686.14
204.20	13718.16
204.28	13630.18
204.35	13476.04
204.42	13321.93
204.50	13240.24
204.57	13370.65
204.64	13738.62
204.72	14219.52
204.79	14573.34
204.86	14685.36
204.94	14535.55
205.01	14166.69
205.09	13608.38
205.16	13125.74
205.23	12940.31
205.31	13060.86
205.38	13413.99
205.45	14019.94
205.53	14796.34
205.60	15601.15
205.67	16314.70
205.75	16870.75
205.82	17245.64
205.89	17453.68
205.97	17536.56
206.04	17542.00
206.12	17509.38
206.19	17481.22
206.26	17480.58
206.34	17555.60
206.41	17610.00
206.48	17466.74
206.56	16952.56
206.63	16137.00
206.70	15173.98
206.78	14370.36
206.85	14005.85
206.92	14260.60
207.00	15025.92
207.07	16042.39
207.14	17050.22
207.22	17951.64
207.29	18737.93
207.36	19419.73
207.44	20044.36
207.51	20589.06
207.58	21051.43
207.66	21411.52
207.73	21655.15
207.80	21677.37
207.88	21502.64
207.95	21217.29
208.02	20824.32
208.10	20177.52
208.17	19262.38
208.25	18260.70
208.32	17340.68
208.39	16623.89
208.47	16334.66
208.54	16540.01
208.61	17108.90
208.69	17807.98
208.76	18556.08
208.83	19341.19
208.90	20168.62
208.98	20998.11
209.05	21771.22
209.12	22467.86
209.20	23052.94
209.27	23532.83
209.34	23918.72
209.42	24246.98
209.49	24481.19
209.56	24582.26
209.64	24540.78
209.71	24216.16
209.78	23512.37
209.86	22491.81
209.93	21350.26
210.00	20149.69
210.08	19119.87
210.15	18556.18
210.22	18530.93
210.30	18922.52
210.37	19659.74
210.44	20630.68
210.52	21629.52
210.59	22539.77
210.66	23312.20
210.74	23980.08
210.81	24562.12
210.88	25108.61
210.96	25612.23
211.03	26100.58
211.10	26562.42
211.17	26967.45
211.25	27205.34
211.32	27240.68
211.39	27015.61
211.47	26437.67
211.54	25379.23
211.61	23995.28
211.69	22669.72
211.76	21673.58
211.83	21185.68
211.91	21364.81
211.98	22073.06
212.05	22961.77
212.12	23800.36
212.20	24521.97
212.27	25106.57
212.34	25580.76
212.42	26009.17
212.49	26411.17
212.56	26805.86
212.64	27246.66
212.71	27732.55
212.78	28199.13
212.85	28601.75
212.93	28880.35
213.00	28994.68
213.07	28907.65
213.15	28486.75
213.22	27743.38
213.29	26877.14
213.37	25981.86
213.44	25191.61
213.51	24742.52
213.58	24715.09
213.66	24976.40
213.73	25463.79
213.80	26077.06
213.88	26699.12
213.95	27204.84
214.02	27590.80
214.09	27911.10
214.17	28221.06
214.24	28577.33
214.31	29026.34
214.39	29539.87
214.46	30040.28
214.53	30452.50
214.60	30761.25
214.68	30985.62
214.75	31079.20
214.82	31003.44
214.90	30736.38
214.97	30142.53
215.04	29185.89
215.11	28156.70
215.19	27335.66
215.26	26903.54
215.33	26952.44
215.41	27506.22
215.48	28302.65
215.55	29061.74
215.62	29648.52
215.70	30138.07
215.77	30560.19
215.84	30968.08
215.91	31365.60
215.99	31774.63
216.06	32147.56
216.13	32445.80
216.21	32626.37
216.28	32755.95
216.35	32871.24
216.42	32946.94
216.50	32971.38
216.57	32938.96
216.64	32714.68
216.71	32166.70
216.79	31434.60
216.86	30708.74
216.93	30124.73
217.01	29833.20
217.08	29952.06
217.15	30379.71
217.22	30960.30
217.30	31571.06
217.37	32170.04
217.44	32709.38
217.51	33170.25
217.59	33562.06
217.66	33879.08
217.73	34133.84
217.80	34340.82
217.88	34502.88
217.95	34639.79
218.02	34772.68
218.09	34892.16
218.17	35038.99
218.24	35195.43
218.31	35300.53
218.38	35307.16
218.46	35143.01
218.53	34682.38
218.60	34007.53
218.67	33291.00
218.75	32707.60
218.82	32395.18
218.89	32484.07
218.96	32899.16
219.04	33486.70
219.11	34092.22
219.18	34633.54
219.25	35065.74
219.33	35431.04
219.40	35747.44
219.47	36043.67
219.54	36306.61
219.62	36554.68
219.69	36784.06
219.76	37013.30
219.83	37218.34
219.91	37414.98
219.98	37600.12
220.05	37731.05
220.12	37767.33
220.20	37703.07
220.27	37502.74
220.34	37094.41
220.41	36531.98
220.49	35978.25
220.56	35569.74
220.63	35376.02
220.70	35481.46
220.78	35837.30
220.85	36275.17
220.92	36651.93
220.99	36977.61
221.06	37249.32
221.14	37490.60
221.21	37730.05
221.28	37993.66
221.35	38255.68
221.43	38506.10
221.50	38749.88
221.57	38972.12
221.64	39184.44
221.72	39373.28
221.79	39527.82
221.86	39618.42
221.93	39665.74
222.00	39649.27
222.08	39573.56
222.15	39391.97
222.22	39158.36
222.29	38925.95
222.37	38755.40
222.44	38654.12
222.51	38673.24
222.58	38786.56
222.65	38927.00
222.73	39061.47
222.80	39198.34
222.87	39366.98
222.94	39537.31
223.02	39730.25
223.09	39933.55
223.16	40146.21
223.23	40352.71
223.30	40585.11
223.38	40818.36
223.45	41043.73
223.52	41234.36
223.59	41396.02
223.66	41479.09
223.74	41495.48
223.81	41471.08
223.88	41443.20
223.95	41393.68
224.03	41336.36
224.10	41281.32
224.17	41234.64
224.24	41186.54
224.31	41175.76
224.39	41227.38
224.46	41327.82
224.53	41452.20
224.60	41595.45
224.67	41734.72
224.75	41885.90
224.82	42044.88
224.89	42222.58
224.96	42399.70
225.03	42576.49
225.11	42740.74
225.18	42895.09
225.25	43027.07
225.32	43133.58
225.39	43228.78
225.47	43284.44
225.54	43301.60
225.61	43262.32
225.68	43197.11
225.75	43128.74
225.83	43100.15
225.90	43118.72
225.97	43196.34
226.04	43320.88
226.11	43456.16
226.19	43596.46
226.26	43732.10
226.33	43879.33
226.40	44014.46
226.47	44158.32
226.54	44305.28
226.62	44441.16
226.69	44567.30
226.76	44695.16
226.83	44817.95
226.90	44919.87
226.98	45000.92
227.05	45065.14
227.12	45131.95
227.19	45172.49
227.26	45214.84
227.34	45275.78
227.41	45330.80
227.48	45364.49
227.55	45351.62
227.62	45326.21
227.69	45320.97
227.77	45336.58
227.84	45394.64
227.91	45522.62
227.98	45676.10
228.05	45797.26
228.12	45914.88
228.20	46027.28
228.27	46134.89
228.34	46239.25
228.41	46364.16
228.48	46491.16
228.56	46612.89
228.63	46723.82
228.70	46819.63
228.77	46911.95
228.84	47009.30
228.91	47104.86
228.99	47218.77
229.06	47354.68
229.13	47480.28
229.20	47583.15
229.27	47674.62
229.34	47742.25
229.42	47785.67
229.49	47821.88
229.56	47847.04
229.63	47873.96
229.70	47887.40
229.77	47903.61
229.85	47948.19
229.92	48013.56
229.99	48080.90
230.06	48179.56
230.13	48296.60
230.20	48412.56
230.27	48539.28
230.35	48672.69
230.42	48800.87
230.49	48916.17
230.56	49020.26
230.63	49121.59
230.70	49193.97
230.78	49251.31
230.85	49313.35
230.92	49378.92
230.99	49453.70
231.06	49567.58
231.13	49706.00
231.20	49840.46
231.28	49965.71
231.35	50070.96
231.42	50158.66
231.49	50235.32
231.56	50314.10
231.63	50385.96
231.71	50451.62
231.78	50505.88
231.85	50568.75
231.92	50624.66
231.99	50689.15
232.06	50765.86
232.13	50871.33
232.21	50968.54
232.28	51056.85
232.35	51142.75
232.42	51225.85
232.49	51304.96
232.56	51392.84
232.63	51479.22
232.71	51584.20
232.78	51699.82
232.85	51797.62
232.92	51882.17
232.99	51984.70
233.06	52069.02
233.13	52135.27
233.20	52187.86
233.28	52246.93
233.35	52290.74
233.42	52346.33
233.49	52419.76
233.56	52509.96
233.63	52596.01
233.70	52696.38
233.78	52795.42
233.85	52906.26
233.92	53010.12
233.99	53111.61
234.06	53215.66
234.13	53307.30
234.20	53375.18
234.27	53448.23
234.35	53509.64
234.42	53559.46
234.49	53622.22
234.56	53667.56
234.63	53712.02
234.70	53759.08
234.77	53801.18
234.84	53835.40
234.92	53899.26
234.99	53961.78
235.06	54038.64
235.13	54122.53
235.20	54215.67
235.27	54294.00
235.34	54387.93
235.41	54475.50
235.48	54569.80
235.56	54655.30
235.63	54740.52
235.70	54799.14
235.77	54841.56
235.84	54862.23
235.91	54874.87
235.98	54899.52
236.05	54934.43
236.12	54988.41
236.20	55032.66
236.27	55089.02
236.34	55139.11
236.41	55182.42
236.48	55217.08
236.55	55264.70
236.62	55315.84
236.69	55369.50
236.76	55448.94
236.84	55519.28
236.91	55598.46
236.98	55663.86
237.05	55721.49
237.12	55755.52
237.19	55808.24
237.26	55859.57
237.33	55922.08
237.40	55969.00
237.47	56013.15
237.55	56055.98
237.62	56113.31
237.69	56164.54
237.76	56240.48
237.83	56320.04
237.90	56381.82
237.97	56422.96
238.04	56467.04
238.11	56492.34
238.18	56539.94
238.26	56583.49
238.33	56623.30
238.40	56649.76
238.47	56694.14
238.54	56716.00
238.61	56735.68
238.68	56758.04
238.75	56786.50
238.82	56825.74
238.89	56865.08
238.96	56920.36
239.04	56977.37
239.11	57025.81
239.18	57054.64
239.25	57068.88
239.32	57072.46
239.39	57082.66
239.46	57080.70
239.53	57069.61
239.60	57071.23
239.67	57097.47
239.74	57118.59
239.81	57151.53
239.89	57203.10
239.96	57251.26
240.03	57286.88
240.10	57317.10
240.17	57342.40
240.24	57344.45
240.31	57369.29
240.38	57393.90
240.45	57445.46
240.52	57523.82
240.59	57607.25
240.66	57662.82
240.73	57716.24
240.80	57739.13
240.88	57742.96
240.95	57760.76
241.02	57785.30
241.09	57801.46
241.16	57820.79
241.23	57849.13
241.30	57853.37
241.37	57834.39
241.44	57818.16
241.51	57819.86
241.58	57820.25
241.65	57842.24
241.72	57887.90
241.79	57927.02
241.86	57931.78
241.94	57940.60
242.01	57926.80
242.08	57904.70
242.15	57906.10
242.22	57930.06
242.29	57934.72
242.36	57949.99
242.43	57953.97
242.50	57936.61
242.57	57918.10
242.64	57911.83
242.71	57896.08
242.78	57911.48
242.85	57925.80
242.92	57934.42
242.99	57950.27
243.06	57972.60
243.14	57973.98
243.21	57983.55
243.28	57999.98
243.35	58000.17
243.42	58022.11
243.49	58051.11
243.56	58074.05
243.63	58091.67
243.70	58118.92
243.77	58111.00
243.84	58095.37
243.91	58078.52
243.98	58048.05
244.05	58011.72
244.12	57983.31
244.19	57956.11
244.26	57939.89
244.33	57927.74
244.40	57918.62
244.47	57914.28
244.54	57910.13
244.62	57875.78
244.69	57852.24
244.76	57833.98
244.83	57831.58
244.90	57826.63
244.97	57849.14
245.04	57866.78
245.11	57874.36
245.18	57858.53
245.25	57856.51
245.32	57868.88
245.39	57886.33
245.46	57898.33
245.53	57910.20
245.60	57909.74
245.67	57899.06
245.74	57888.36
245.81	57873.32
245.88	57859.47
245.95	57862.19
246.02	57835.57
246.09	57789.78
246.16	57745.47
246.23	57700.08
246.30	57654.60
246.37	57647.74
246.44	57665.59
246.51	57694.89
246.58	57733.92
246.65	57759.69
246.72	57768.05
246.79	57767.26
246.87	57754.21
246.94	57735.10
247.01	57712.74
247.08	57666.38
247.15	57613.39
247.22	57555.48
247.29	57494.30
247.36	57445.16
247.43	57414.60
247.50	57396.24
247.57	57393.68
247.64	57410.70
247.71	57421.84
247.78	57441.36
247.85	57463.30
247.92	57492.56
247.99	57496.16
248.06	57490.54
248.13	57467.10
248.20	57442.14
248.27	57395.78
248.34	57372.14
248.41	57369.95
248.48	57377.17
248.55	57375.50
248.62	57387.61
248.69	57396.92
248.76	57371.91
248.83	57352.22
248.90	57327.79
248.97	57285.71
249.04	57236.15
249.11	57204.94
249.18	57169.38
249.25	57136.60
249.32	57098.01
249.39	57049.53
249.46	56985.91
249.53	56927.54
249.60	56857.68
249.67	56823.76
249.74	56807.14
249.81	56812.23
249.88	56825.36
249.95	56867.19
250.02	56902.60
250.09	56927.95
250.16	56951.30
250.23	56949.00
250.30	56940.91
250.37	56919.50
250.44	56906.62
250.51	56897.63
250.58	56903.09
250.65	56891.43
250.72	56866.36
250.79	56821.46
250.86	56763.85
250.93	56698.94
251.00	56639.40
251.07	56602.33
251.14	56577.73
251.21	56560.16
251.28	56537.82
251.35	56518.80
251.42	56505.24
251.49	56494.50
251.56	56479.84
251.63	56481.59
251.70	56477.96
251.77	56455.38
251.84	56424.43
251.91	56384.22
251.98	56320.32
252.05	56266.79
252.12	56213.44
252.18	56170.24
252.25	56147.04
252.32	56155.60
252.39	56152.01
252.46	56150.76
252.53	56148.20
252.60	56124.25
252.67	56094.07
252.74	56071.02
252.81	56034.97
252.88	56003.90
252.95	55973.14
253.02	55930.46
253.09	55887.84
253.16	55879.36
253.23	55850.08
253.30	55845.76
253.37	55835.70
253.44	55824.66
253.51	55781.82
253.58	55752.23
253.65	55723.53
253.72	55712.21
253.79	55691.70
253.86	55680.63
253.93	55670.55
254.00	55643.90
254.07	55623.01
254.14	55598.08
254.21	55573.41
254.28	55549.12
254.35	55528.21
254.41	55491.72
254.48	55462.98
254.55	55441.98
254.62	55416.79
254.69	55377.38
254.76	55339.98
254.83	55296.68
254.90	55265.43
254.97	55236.68
255.04	55232.10
255.11	55214.79
255.18	55183.26
255.25	55117.32
255.32	55057.08
255.39	54985.69
255.46	54935.03
255.53	54912.71
255.60	54904.24
255.67	54892.22
255.74	54885.04
255.81	54869.32
255.87	54858.93
255.94	54838.76
256.01	54828.91
256.08	54816.64
256.15	54803.72
256.22	54785.93
256.29	54777.37
256.36	54753.58
256.43	54739.49
256.50	54731.26
256.57	54716.53
256.64	54692.44
256.71	54669.56
256.78	54635.84
256.85	54591.98
256.92	54554.50
256.99	54539.43
257.05	54517.94
257.12	54495.94
257.19	54440.98
257.26	54373.74
257.33	54275.51
257.40	54175.99
257.47	54051.92
257.54	53969.66
257.61	53890.84
257.68	53861.02
257.75	53860.87
257.82	53904.96
257.89	53949.52
257.96	53995.24
258.03	53989.67
258.09	53960.24
258.16	53895.98
258.23	53816.84
258.30	53747.94
258.37	53700.32
258.44	53661.74
258.51	53645.65
258.58	53652.14
258.65	53652.22
258.72	53655.46
258.79	53637.90
258.86	53614.98
258.93	53572.69
258.99	53527.58
259.06	53475.65
259.13	53434.16
259.20	53381.34
259.27	53341.90
259.34	53311.35
259.41	53297.19
259.48	53293.18
259.55	53286.58
259.62	53276.20
259.69	53235.28
259.76	53173.90
259.82	53103.50
259.89	53063.85
259.96	53033.72
260.03	53010.90
260.10	52990.04
260.17	52949.30
260.24	52892.10
260.31	52822.80
260.38	52776.32
260.45	52750.31
260.52	52735.12
260.59	52703.30
260.65	52655.97
260.72	52614.63
260.79	52571.84
260.86	52546.82
260.93	52518.68
261.00	52492.96
261.07	52437.63
261.14	52352.67
261.21	52267.40
261.28	52185.00
261.34	52110.66
261.41	52052.92
261.48	52013.20
261.55	51978.43
261.62	51958.07
261.69	51931.91
261.76	51904.47
261.83	51873.92
261.90	51828.10
261.97	51767.85
262.03	51721.22
262.10	51683.14
262.17	51649.86
262.24	51636.47
262.31	51625.58
262.38	51608.64
262.45	51586.03
262.52	51556.93
262.59	51515.15
262.65	51486.38
262.72	51443.00
262.79	51410.99
262.86	51373.19
262.93	51335.15
263.00	51291.47
263.07	51256.87
263.14	51208.66
263.21	51175.53
263.27	51147.47
263.34	51129.98
263.41	51106.71
263.48	51064.62
263.55	51005.52
263.62	50917.54
263.69	50823.53
263.76	50741.14
263.82	50679.36
263.89	50638.24
263.96	50625.37
264.03	50601.16
264.10	50575.59
264.17	50526.21
264.24	50464.80
264.31	50390.16
264.38	50321.26
264.44	50244.77
264.51	50178.76
264.58	50116.60
264.65	50062.30
264.72	50003.54
264.79	49953.90
264.86	49920.87
264.92	49896.56
264.99	49869.06
265.06	49839.74
265.13	49804.29
265.20	49768.49
265.27	49721.05
265.34	49674.08
265.41	49657.18
265.47	49649.69
265.54	49630.87
265.61	49621.66
265.68	49620.85
265.75	49575.14
265.82	49505.86
265.89	49441.10
265.95	49364.52
266.02	49268.46
266.09	49204.51
266.16	49164.09
266.23	49113.64
266.30	49072.74
266.37	49028.31
266.44	48960.64
266.50	48898.92
266.57	48841.31
266.64	48776.93
266.71	48706.98
266.78	48637.00
266.85	48545.49
266.91	48476.52
266.98	48421.61
267.05	48387.38
267.12	48366.33
267.19	48369.64
267.26	48364.06
267.33	48344.99
267.39	48326.76
267.46	48301.79
267.53	48253.48
267.60	48195.80
267.67	48141.13
267.74	48095.62
267.81	48054.25
267.87	48027.44
267.94	48011.57
268.01	47991.14
268.08	47947.39
268.15	47897.00
268.22	47825.64
268.28	47720.92
268.35	47609.50
268.42	47502.48
268.49	47399.04
268.56	47328.79
268.63	47285.04
268.69	47267.38
268.76	47259.08
268.83	47265.48
268.90	47270.18
268.97	47284.72
269.04	47279.13
269.11	47255.17
269.17	47216.56
269.24	47161.51
269.31	47113.37
269.38	47079.78
269.45	47052.72
269.52	47033.88
269.58	47020.94
269.65	46974.64
269.72	46921.21
269.79	46876.18
269.86	46828.39
269.92	46762.57
269.99	46710.36
270.06	46646.89
270.13	46588.38
270.20	46526.15
270.27	46497.98
270.33	46478.83
270.40	46454.96
270.47	46434.67
270.54	46430.37
270.61	46412.16
270.68	46399.86
270.74	46396.18
270.81	46379.38
270.88	46351.01
270.95	46314.72
271.02	46239.56
271.08	46166.01
271.15	46090.22
271.22	46022.89
271.29	45960.02
271.36	45904.77
271.43	45864.87
271.49	45837.66
271.56	45804.54
271.63	45767.11
271.70	45741.88
271.77	45720.78
271.83	45677.22
271.90	45632.23
271.97	45594.47
272.04	45541.74
272.11	45487.15
272.17	45471.42
272.24	45447.54
272.31	45412.74
272.38	45408.28
272.45	45391.76
272.52	45351.40
272.58	45324.33
272.65	45312.92
272.72	45289.88
272.79	45254.44
272.86	45224.38
272.92	45193.56
272.99	45141.81
273.06	45086.10
273.13	45030.13
273.20	44970.48
273.26	44893.34
273.33	44821.74
273.40	44760.06
273.47	44714.38
273.54	44679.31
273.60	44658.74
273.67	44641.26
273.74	44642.54
273.81	44648.00
273.88	44672.17
273.94	44711.70
274.01	44761.92
274.08	44798.09
274.15	44819.76
274.21	44802.32
274.28	44752.05
274.35	44684.61
274.42	44589.38
274.49	44490.61
274.55	44415.30
274.62	44362.05
274.69	44297.25
274.76	44246.44
274.83	44214.22
274.89	44182.40
274.96	44136.84
275.03	44114.04
275.10	44085.78
275.17	44054.76
275.23	44010.74
275.30	43973.14
275.37	43944.93
275.44	43940.74
275.50	43917.32
275.57	43900.51
275.64	43870.57
275.71	43830.40
275.78	43783.17
275.84	43756.42
275.91	43724.63
275.98	43712.54
276.05	43699.58
276.11	43671.74
276.18	43627.46
276.25	43556.13
276.32	43489.51
276.39	43410.11
276.45	43327.21
276.52	43248.40
276.59	43210.96
276.66	43167.78
276.72	43152.78
276.79	43153.82
276.86	43156.68
276.93	43140.78
276.99	43106.71
277.06	43052.71
277.13	43006.49
277.20	42961.58
277.26	42928.86
277.33	42927.36
277.40	42933.76
277.47	42923.49
277.54	42905.12
277.60	42866.81
277.67	42805.29
277.74	42711.31
277.81	42619.26
277.87	42535.98
277.94	42467.43
278.01	42421.97
278.08	42389.72
278.14	42377.32
278.21	42380.38
278.28	42397.70
278.35	42413.06
278.41	42456.94
278.48	42492.80
278.55	42498.02
278.62	42483.46
278.68	42441.64
278.75	42354.10
278.82	42240.03
278.89	42131.31
278.95	42024.65
279.02	41943.56
279.09	41918.00
279.16	41923.90
279.22	41955.78
279.29	41994.13
279.36	42020.77
279.43	42002.43
279.49	41939.87
279.56	41818.04
279.63	41674.16
279.70	41526.28
279.76	41404.05
279.83	41324.12
279.90	41307.97
279.97	41310.41
280.03	41318.64
280.10	41324.44
280.17	41324.70
280.24	41306.07
280.30	41291.70
280.37	41279.68
280.44	41269.58
280.51	41261.54
280.57	41250.50
280.64	41236.70
280.71	41207.75
280.77	41170.14
280.84	41107.52
280.91	41030.76
280.98	40933.90
281.04	40842.76
281.11	40744.75
281.18	40646.56
281.25	40543.50
281.31	40437.12
281.38	40321.28
281.45	40225.59
281.52	40144.54
281.58	40066.10
281.65	40009.51
281.72	39962.11
281.78	39919.31
281.85	39888.48
281.92	39884.37
281.99	39889.11
282.05	39899.68
282.12	39907.78
282.19	39922.17
282.26	39940.74
282.32	39942.60
282.39	39962.36
282.46	39967.31
282.52	39960.27
282.59	39944.44
282.66	39951.55
282.73	39935.96
282.79	39926.08
282.86	39885.92
282.93	39802.20
282.99	39679.11
283.06	39538.87
283.13	39375.10
283.20	39221.62
283.26	39107.16
283.33	39015.08
283.40	38937.69
283.46	38905.64
283.53	38899.25
283.60	38890.38
283.67	38894.28
283.73	38920.87
283.80	38933.34
283.87	38946.79
283.93	38986.98
284.00	39002.73
284.07	39011.28
284.13	39008.90
284.20	38989.16
284.27	38945.46
284.34	38907.02
284.40	38872.18
284.47	38847.23
284.54	38824.17
284.60	38794.56
284.67	38761.62
284.74	38711.12
284.81	38651.46
284.87	38589.40
284.94	38501.52
285.01	38410.20
285.07	38300.83
285.14	38190.56
285.21	38096.28
285.27	38036.55
285.34	38003.74
285.41	38008.54
285.47	38031.95
285.54	38054.92
285.61	38079.95
285.68	38104.28
285.74	38129.32
285.81	38145.80
285.88	38171.38
285.94	38193.44
286.01	38209.20
286.08	38234.91
286.14	38256.92
286.21	38260.86
286.28	38276.65
286.34	38260.98
286.41	38197.14
286.48	38096.70
286.55	37979.13
286.61	37826.66
286.68	37696.46
286.75	37583.73
286.81	37500.05
286.88	37435.08
286.95	37386.60
287.01	37369.11
287.08	37367.52
287.15	37378.91
287.21	37392.32
287.28	37424.06
287.35	37436.86
287.41	37451.68
287.48	37461.36
287.55	37477.68
287.61	37480.23
287.68	37480.39
287.75	37472.74
287.81	37469.50
287.88	37469.61
287.95	37478.38
288.01	37476.54
288.08	37472.08
288.15	37448.46
288.21	37421.64
288.28	37382.06
288.35	37343.70
288.41	37302.15
288.48	37246.02
288.55	37164.86
288.61	37064.84
288.68	36957.53
288.75	36854.22
288.81	36773.78
288.88	36725.72
288.95	36712.42
289.01	36740.63
289.08	36785.06
289.15	36843.54
289.21	36909.54
289.28	36982.30
289.35	37030.21
289.41	37051.26
289.48	37077.08
289.55	37078.98
289.61	37064.08
289.68	37042.82
289.75	37024.24
289.81	36987.60
289.88	36934.66
289.95	36866.72
290.01	36793.05
290.08	36730.29
290.15	36670.80
290.21	36632.70
290.28	36614.69
290.35	36597.96
290.41	36575.27
290.48	36531.30
290.55	36461.82
290.61	36378.64
290.68	36318.94
290.74	36277.80
290.81	36276.85
290.88	36315.60
290.94	36379.86
291.01	36435.91
291.08	36493.62
291.14	36544.24
291.21	36581.52
291.28	36617.78
291.34	36655.08
291.41	36681.78
291.48	36701.30
291.54	36711.14
291.61	36691.72
291.68	36647.78
291.74	36571.06
291.81	36490.98
291.87	36430.66
291.94	36350.14
292.01	36279.99
292.07	36217.04
292.14	36149.88
292.21	36057.99
292.27	35993.55
292.34	35931.82
292.41	35898.60
292.47	35877.17
292.54	35880.02
292.60	35895.46
292.67	35942.91
292.74	35982.50
292.80	36036.48
292.87	36089.13
292.94	36151.89
293.00	36200.13
293.07	36254.06
293.13	36305.22
293.20	36358.36
293.27	36400.72
293.33	36420.32
293.40	36434.04
293.47	36423.44
293.53	36385.75
293.60	36322.92
293.66	36220.56
293.73	36096.62
293.80	35962.36
293.86	35835.44
293.93	35731.33
294.00	35668.64
294.06	35630.18
294.13	35604.00
294.19	35592.57
294.26	35577.62
294.33	35566.97
294.39	35550.17
294.46	35543.78
294.52	35539.31
294.59	35553.34
294.66	35594.01
294.72	35650.83
294.79	35728.08
294.86	35799.08
294.92	35875.64
294.99	35949.60
295.05	36027.90
295.12	36079.88
295.19	36138.46
295.25	36178.71
295.32	36196.04
295.38	36198.42
295.45	36195.90
295.52	36176.16
295.58	36120.37
295.65	36043.89
295.71	35949.55
295.78	35818.12
295.85	35665.84
295.91	35535.44
295.98	35404.96
296.04	35264.08
296.11	35170.70
296.18	35120.48
296.24	35106.09
296.31	35123.11
296.37	35186.78
296.44	35280.46
296.51	35374.18
296.57	35463.70
296.64	35565.99
296.70	35659.30
296.77	35726.11
296.84	35776.37
296.90	35825.04
296.97	35856.48
297.03	35901.23
297.10	35942.68
297.17	35997.72
297.23	36042.56
297.30	36081.40
297.36	36089.89
297.43	36094.24
297.50	36082.22
297.56	36041.14
297.63	35972.95
297.69	35861.05
297.76	35714.01
297.82	35536.20
297.89	35350.99
297.96	35191.30
298.02	35083.28
298.09	35002.69
298.15	34968.32
298.22	34977.66
298.29	34990.16
298.35	35008.89
298.42	35059.36
298.48	35111.82
298.55	35166.45
298.61	35251.82
298.68	35347.76
298.75	35422.43
298.81	35504.31
298.88	35588.00
298.94	35654.58
299.01	35709.92
299.08	35765.59
299.14	35816.40
299.21	35852.04
299.27	35878.08
299.34	35885.14
299.40	35900.16
299.47	35893.59
299.54	35875.62
299.60	35853.72
299.67	35807.66
299.73	35717.09
299.80	35565.51
299.86	35359.93
299.93	35119.48
299.99	34906.96
300.06	34722.42
300.13	34614.98
300.19	34576.62
300.26	34589.68
300.32	34645.79
300.39	34715.56
300.45	34807.69
300.52	34920.73
300.59	35035.52
300.65	35135.26
300.72	35233.00
300.78	35315.89
300.85	35386.37
300.91	35432.08
300.98	35466.46
301.04	35502.43
301.11	35527.14
301.18	35550.43
301.24	35575.81
301.31	35597.32
301.37	35603.96
301.44	35597.08
301.50	35575.15
301.57	35548.90
301.63	35513.97
301.70	35444.62
301.77	35341.00
301.83	35203.96
301.90	35039.52
301.96	34844.75
302.03	34659.28
302.09	34517.04
302.16	34413.46
302.22	34350.18
302.29	34328.55
302.36	34346.88
302.42	34380.30
302.49	34429.01
302.55	34491.34
302.62	34555.59
302.68	34621.65
302.75	34692.44
302.81	34745.86
302.88	34790.31
302.94	34829.14
303.01	34872.04
303.07	34893.28
303.14	34921.47
303.21	34936.07
303.27	34949.70
303.34	34948.36
303.40	34939.86
303.47	34913.13
303.53	34898.67
303.60	34881.74
303.66	34843.18
303.73	34804.18
303.79	34762.16
303.86	34688.06
303.92	34592.90
303.99	34476.12
304.05	34307.74
304.12	34127.12
304.19	33968.02
304.25	33816.60
304.32	33715.12
304.38	33674.38
304.45	33665.90
304.51	33671.28
304.58	33711.55
304.64	33745.12
304.71	33799.18
304.77	33842.55
304.84	33879.37
304.90	33912.60
304.97	33945.78
305.03	33954.26
305.10	33960.83
305.16	33976.04
305.23	33969.30
305.29	33958.90
305.36	33942.06
305.42	33933.93
305.49	33914.23
305.56	33887.63
305.62	33862.00
305.69	33823.52
305.75	33778.38
305.82	33696.01
305.88	33575.57
305.95	33414.59
306.01	33247.73
306.08	33067.67
306.14	32914.84
306.21	32784.90
306.27	32679.86
306.34	32588.08
306.40	32505.38
306.47	32445.44
306.53	32435.95
306.60	32451.88
306.66	32484.21
306.73	32525.94
306.79	32559.05
306.86	32571.23
306.92	32573.45
306.99	32583.58
307.05	32589.20
307.12	32597.80
307.18	32588.15
307.25	32581.44
307.31	32561.38
307.38	32539.00
307.44	32510.37
307.51	32491.86
307.57	32453.76
307.64	32418.46
307.70	32386.54
307.77	32340.78
307.83	32288.06
307.90	32245.74
307.96	32200.25
308.03	32130.40
308.09	32060.84
308.16	31990.54
308.22	31914.54
308.29	31820.54
308.35	31733.44
308.42	31637.34
308.48	31522.80
308.55	31406.74
308.61	31312.95
308.68	31229.15
308.74	31160.16
308.81	31133.83
308.87	31123.81
308.94	31115.01
309.00	31113.10
309.07	31115.33
309.13	31101.52
309.20	31096.10
309.26	31075.80
309.33	31050.70
309.39	31017.06
309.45	30986.74
309.52	30933.37
309.58	30896.76
309.65	30843.71
309.71	30798.83
309.78	30751.33
309.84	30697.19
309.91	30637.66
309.97	30581.85
310.04	30531.08
310.10	30473.48
310.17	30426.00
310.23	30368.82
310.30	30318.30
310.36	30252.28
310.43	30179.11
310.49	30098.03
310.56	30013.29
310.62	29918.44
310.69	29833.45
310.75	29753.84
310.81	29684.08
310.88	29633.15
310.94	29594.99
311.01	29552.11
311.07	29517.93
311.14	29494.50
311.20	29464.74
311.27	29432.35
311.33	29413.69
311.40	29383.81
311.46	29354.87
311.53	29324.44
311.59	29302.71
311.66	29277.90
311.72	29244.28
311.78	29194.17
311.85	29150.47
311.91	29105.40
311.98	29049.22
312.04	29003.00
312.11	28971.12
312.17	28934.58
312.24	28890.28
312.30	28837.00
312.37	28779.24
312.43	28715.90
312.50	28648.78
312.56	28580.61
312.62	28521.50
312.69	28461.84
312.75	28394.24
312.82	28310.20
312.88	28231.39
312.95	28157.04
313.01	28080.79
313.08	28012.78
313.14	27965.44
313.20	27919.08
313.27	27865.02
313.33	27825.56
313.40	27788.44
313.46	27749.80
313.53	27713.78
313.59	27680.11
313.66	27653.98
313.72	27624.36
313.78	27590.74
313.85	27546.57
313.91	27522.03
313.98	27479.44
314.04	27441.35
314.11	27405.36
314.17	27367.38
314.24	27307.44
314.30	27264.30
314.36	27204.90
314.43	27156.96
314.49	27101.32
314.56	27052.56
314.62	26982.01
314.69	26929.05
314.75	26856.90
314.81	26807.32
314.88	26753.06
314.94	26711.50
315.01	26671.22
315.07	26626.38
315.14	26579.14
315.20	26535.64
315.27	26491.08
315.33	26439.47
315.39	26398.13
315.46	26349.21
315.52	26290.48
315.59	26238.64
315.65	26185.35
315.72	26132.38
315.78	26084.42
315.84	26051.20
315.91	26026.58
315.97	25998.30
316.04	25996.12
316.10	25979.44
316.16	25945.54
316.23	25873.27
316.29	25779.06
316.36	25627.80
316.42	25462.30
316.49	25269.92
316.55	25057.70
316.61	24849.43
316.68	24632.23
316.74	24413.04
316.81	24182.19
316.87	23965.96
316.93	23735.42
317.00	23525.15
317.06	23303.38
317.13	23095.47
317.19	22875.04
317.26	22657.00
317.32	22435.77
317.38	22227.02
317.45	22015.31
317.51	21813.21
317.58	21605.50
317.64	21392.32
317.70	21182.86
317.77	20971.48
317.83	20768.96
317.90	20567.52
317.96	20362.94
318.02	20153.50
318.09	19961.16
318.15	19748.51
318.22	19538.22
318.28	19327.15
318.34	19111.35
318.41	18887.70
318.47	18667.01
318.54	18458.11
318.60	18250.58
318.66	18053.62
318.73	17845.34
318.79	17653.74
318.86	17461.17
318.92	17269.91
318.98	17079.52
319.05	16888.70
319.11	16698.80
319.18	16502.98
319.24	16308.68
319.30	16101.78
319.37	15918.06
319.43	15728.23
319.50	15536.49
319.56	15340.47
319.62	15157.24
319.69	14962.60
319.75	14777.08
319.82	14594.81
319.88	14407.96
319.94	14222.02
320.01	14046.90
320.07	13849.40
320.13	13661.46
320.20	13480.71
320.26	13294.24
320.33	13100.72
320.39	12921.50
320.45	12736.20
320.52	12561.40
320.58	12388.08
320.65	12214.72
320.71	12043.38
320.77	11872.92
320.84	11695.12
320.90	11519.04
320.96	11338.04
321.03	11147.58
321.09	10957.14
321.16	10769.58
321.22	10576.41
321.28	10396.70
321.35	10229.91
321.41	10057.36
321.47	9888.10
321.54	9726.43
321.60	9551.06
321.67	9378.98
321.73	9214.23
321.79	9044.13
321.86	8872.66
321.92	8700.77
321.98	8514.82
322.05	8325.36
322.11	8128.96
322.18	7931.09
322.24	7743.66
322.30	7561.86
322.37	7392.46
322.43	7217.57
322.49	7056.91
322.56	6882.52
322.62	6715.33
322.68	6533.79
322.75	6372.20
322.81	6185.88
322.88	6012.18
322.94	5836.20
323.00	5662.01
323.07	5488.50
323.13	5328.92
323.19	5165.20
323.26	5005.84
323.32	4848.51
323.38	4684.93
323.45	4461.10
323.51	3821.74
323.57	2936.25
323.64	2011.86
323.70	1122.78
323.76	325.58
323.83	-19.87
323.89	-90.34
323.96	-90.54
