180.25	3523.00
180.33	-134.54
180.40	659.64
180.48	-28.04
180.56	17.65
180.63	54.90
180.71	98.70
180.78	96.72
180.86	97.26
180.93	101.42
181.01	104.12
181.08	102.64
181.16	102.16
181.23	103.72
181.31	103.98
181.39	128.58
181.46	137.79
181.54	148.72
181.61	165.35
181.69	174.60
181.76	165.72
181.84	158.55
181.91	159.98
181.99	161.43
182.06	161.30
182.14	166.72
182.22	172.56
182.29	183.18
182.37	186.21
182.44	199.38
182.52	197.43
182.59	217.20
182.67	224.80
182.74	230.24
182.82	233.90
182.89	243.78
182.97	241.90
183.04	250.89
183.12	258.66
183.20	278.84
183.27	289.42
183.35	317.46
183.42	338.61
183.50	379.26
183.57	400.73
183.65	445.18
183.72	484.84
183.80	537.68
183.87	578.06
183.95	619.29
184.02	666.04
184.10	695.84
184.17	713.06
184.25	714.81
184.32	709.34
184.40	682.40
184.47	636.57
184.55	594.44
184.62	591.08
184.70	616.88
184.78	661.02
184.85	762.38
184.93	881.48
185.00	993.73
185.08	1109.46
185.15	1224.87
185.23	1341.15
185.30	1450.50
185.38	1555.33
185.45	1652.04
185.53	1759.08
185.60	1849.86
185.68	1954.70
185.75	2032.77
185.83	2096.64
185.90	2124.08
185.98	2091.40
186.05	2003.48
186.13	1892.94
186.20	1752.44
186.28	1642.40
186.35	1615.26
186.43	1672.70
186.50	1816.40
186.58	2027.71
186.65	2250.09
186.73	2474.97
186.80	2668.36
186.88	2833.66
186.95	2990.81
187.03	3132.72
187.10	3250.54
187.18	3395.68
187.25	3533.22
187.33	3674.34
187.40	3842.19
187.48	3990.86
187.55	4117.18
187.63	4215.46
187.70	4258.52
187.78	4251.73
187.85	4221.29
187.93	4092.78
188.00	3893.74
188.08	3663.96
188.15	3452.93
188.23	3328.38
188.30	3333.12
188.38	3468.68
188.45	3684.68
188.53	3912.45
188.60	4107.62
188.68	4274.46
188.75	4425.44
188.83	4606.42
188.90	4773.68
188.98	4948.56
189.05	5130.77
189.13	5300.03
189.20	5447.92
189.28	5628.77
189.35	5817.34
189.43	6020.91
189.50	6207.73
189.58	6312.83
189.65	6313.42
189.73	6207.45
189.80	6000.17
189.87	5728.33
189.95	5432.54
190.02	5089.84
190.10	4732.18
190.17	4435.63
190.25	4253.34
190.32	4215.72
190.40	4325.44
190.47	4563.32
190.55	4850.66
190.62	5157.35
190.70	5439.17
190.77	5735.34
190.85	6019.12
190.92	6265.32
191.00	6470.44
191.07	6639.94
191.15	6726.10
191.22	6753.98
191.29	6719.42
191.37	6613.02
191.44	6484.46
191.52	6366.90
191.59	6239.95
191.67	6110.37
191.74	5989.04
191.82	5871.88
191.89	5772.84
191.97	5720.68
192.04	5704.80
192.12	5702.79
192.19	5705.47
192.27	5715.20
192.34	5745.81
192.41	5837.04
192.49	5982.46
192.56	6163.58
192.64	6347.56
192.71	6492.79
192.79	6531.62
192.86	6465.38
192.94	6262.08
193.01	5983.24
193.09	5687.96
193.16	5442.98
193.23	5276.12
193.31	5226.25
193.38	5309.26
193.46	5463.84
193.53	5687.75
193.61	5968.99
193.68	6273.97
193.76	6560.43
193.83	6841.31
193.91	7076.24
193.98	7256.80
194.05	7373.34
194.13	7377.22
194.20	7267.26
194.28	7092.20
194.35	6863.11
194.43	6588.16
194.50	6260.20
194.58	5877.36
194.65	5460.67
194.72	5061.66
194.80	4732.38
194.87	4564.97
194.95	4607.07
195.02	4817.91
195.10	5170.22
195.17	5662.17
195.25	6227.30
195.32	6786.80
195.39	7288.71
195.47	7678.65
195.54	7914.37
195.62	7968.80
195.69	7840.88
195.77	7545.76
195.84	7129.96
195.91	6631.88
195.99	6175.51
196.06	5805.37
196.14	5501.09
196.21	5224.53
196.29	4979.80
196.36	4759.20
196.43	4605.50
196.51	4632.07
196.58	4893.58
196.66	5355.38
196.73	5943.70
196.81	6598.13
196.88	7239.76
196.95	7773.74
197.03	8130.72
197.10	8258.02
197.18	8158.28
197.25	7874.48
197.33	7490.50
197.40	7070.59
197.47	6691.98
197.55	6402.19
197.62	6134.02
197.70	5862.19
197.77	5595.04
197.84	5295.53
197.92	4957.46
197.99	4745.54
198.07	4786.89
198.14	5145.57
198.22	5854.46
198.29	6803.11
198.36	7821.41
198.44	8741.56
198.51	9414.86
198.59	9757.51
198.66	9804.96
198.73	9577.86
198.81	9139.94
198.88	8539.48
198.96	7900.86
199.03	7355.28
199.10	6984.35
199.18	6738.10
199.25	6601.00
199.33	6437.26
199.40	6138.53
199.48	5750.34
199.55	5475.42
199.62	5442.04
199.70	5850.21
199.77	6732.77
199.85	7924.24
199.92	9129.07
199.99	10176.12
200.07	10877.24
200.14	11160.85
200.22	10980.70
200.29	10446.62
200.36	9807.76
200.44	9244.34
200.51	8815.94
200.59	8561.76
200.66	8430.54
200.73	8310.71
200.81	8154.58
200.88	7918.36
200.95	7599.28
201.03	7242.80
201.10	6995.87
201.18	6926.38
201.25	7143.18
201.32	7748.82
201.40	8739.41
201.47	9886.95
201.55	10960.88
201.62	11753.22
201.69	12121.20
201.77	12141.36
201.84	11916.95
201.92	11474.21
201.99	10925.46
202.06	10482.95
202.14	10209.16
202.21	10082.10
202.28	10117.02
202.36	10237.76
202.43	10289.32
202.51	10246.56
202.58	10117.54
202.65	9904.23
202.73	9699.34
202.80	9692.05
202.87	10010.77
202.95	10664.01
203.02	11575.34
203.10	12633.97
203.17	13622.14
203.24	14182.62
203.32	14095.92
203.39	13443.93
203.46	12581.39
203.54	11806.47
203.61	11323.45
203.69	11258.31
203.76	11636.66
203.83	12228.45
203.91	12779.52
203.98	13233.22
204.05	13582.81
204.13	13798.32
204.20	13830.58
204.28	13748.12
204.35	13596.20
204.42	13436.25
204.50	13353.40
204.57	13481.53
204.64	13847.04
204.72	14320.95
204.79	14671.11
204.86	14763.38
204.94	14612.07
205.01	14228.50
205.09	13670.46
205.16	13186.98
205.23	13008.03
205.31	13127.27
205.38	13490.14
205.45	14095.38
205.53	14877.16
205.60	15687.84
205.67	16400.26
205.75	16961.48
205.82	17333.36
205.89	17540.14
205.97	17626.82
206.04	17637.67
206.12	17613.19
206.19	17600.18
206.26	17605.46
206.34	17682.54
206.41	17732.94
206.48	17579.77
206.56	17055.26
206.63	16234.40
206.70	15268.24
206.78	14469.83
206.85	14109.36
206.92	14357.54
207.00	15112.14
207.07	16116.04
207.14	17118.18
207.22	18006.86
207.29	18787.33
207.36	19481.52
207.44	20106.08
207.51	20647.36
207.58	21108.88
207.66	21465.61
207.73	21696.32
207.80	21725.67
207.88	21555.67
207.95	21272.28
208.02	20888.12
208.10	20250.07
208.17	19329.36
208.25	18324.16
208.32	17401.29
208.39	16678.06
208.47	16379.11
208.54	16580.77
208.61	17148.76
208.69	17848.46
208.76	18593.01
208.83	19373.47
208.90	20198.39
208.98	21015.40
209.05	21783.95
209.12	22487.43
209.20	23078.00
209.27	23563.32
209.34	23953.18
209.42	24284.18
209.49	24519.21
209.56	24627.50
209.64	24583.40
209.71	24269.00
209.78	23562.97
209.86	22545.77
209.93	21415.78
210.00	20229.85
210.08	19210.49
210.15	18653.58
210.22	18637.04
210.30	19014.24
210.37	19746.42
210.44	20701.55
210.52	21701.81
210.59	22592.74
210.66	23363.18
210.74	24022.11
210.81	24602.69
210.88	25138.67
210.96	25639.84
211.03	26120.50
211.10	26574.52
211.17	26971.53
211.25	27207.52
211.32	27240.71
211.39	27013.59
211.47	26441.76
211.54	25391.08
211.61	24017.80
211.69	22711.78
211.76	21733.82
211.83	21265.94
211.91	21450.08
211.98	22155.78
212.05	23037.71
212.12	23859.37
212.20	24563.87
212.27	25142.74
212.34	25613.22
212.42	26024.79
212.49	26423.70
212.56	26817.92
212.64	27246.76
212.71	27726.41
212.78	28197.87
212.85	28614.43
212.93	28892.76
213.00	29006.22
213.07	28914.36
213.15	28493.47
213.22	27742.76
213.29	26882.72
213.37	26006.14
213.44	25222.77
213.51	24775.00
213.58	24746.49
213.66	25011.85
213.73	25493.04
213.80	26114.02
213.88	26749.51
213.95	27262.23
214.02	27641.60
214.09	27955.98
214.17	28256.55
214.24	28611.05
214.31	29063.37
214.39	29583.55
214.46	30081.56
214.53	30502.38
214.60	30812.19
214.68	31021.71
214.75	31099.42
214.82	31034.46
214.90	30758.84
214.97	30155.23
215.04	29216.02
215.11	28199.85
215.19	27379.20
215.26	26953.80
215.33	27004.69
215.41	27554.56
215.48	28347.50
215.55	29101.82
215.62	29685.60
215.70	30170.89
215.77	30592.02
215.84	30991.06
215.91	31381.53
215.99	31782.92
216.06	32151.94
216.13	32439.60
216.21	32621.46
216.28	32766.37
216.35	32878.84
216.42	32951.53
216.50	32972.02
216.57	32937.44
216.64	32698.97
216.71	32166.06
216.79	31445.92
216.86	30737.65
216.93	30153.28
217.01	29869.40
217.08	29985.88
217.15	30409.90
217.22	30981.98
217.30	31603.97
217.37	32191.49
217.44	32730.14
217.51	33191.38
217.59	33565.82
217.66	33876.38
217.73	34133.10
217.80	34337.96
217.88	34497.30
217.95	34642.34
218.02	34759.28
218.09	34887.24
218.17	35032.82
218.24	35187.55
218.31	35296.16
218.38	35312.95
218.46	35144.28
218.53	34681.18
218.60	34017.33
218.67	33305.12
218.75	32732.23
218.82	32429.46
218.89	32515.93
218.96	32934.11
219.04	33519.41
219.11	34120.87
219.18	34641.24
219.25	35064.93
219.33	35413.82
219.40	35728.06
219.47	36019.22
219.54	36291.27
219.62	36550.92
219.69	36789.89
219.76	37022.66
219.83	37222.84
219.91	37418.55
219.98	37601.33
220.05	37728.59
220.12	37751.66
220.20	37688.47
220.27	37483.44
220.34	37073.48
220.41	36515.82
220.49	35980.30
220.56	35577.64
220.63	35399.74
220.70	35512.10
220.78	35866.74
220.85	36282.87
220.92	36663.92
220.99	36975.62
221.06	37235.38
221.14	37467.48
221.21	37719.70
221.28	37979.18
221.35	38244.66
221.43	38503.12
221.50	38746.79
221.57	38962.86
221.64	39165.01
221.72	39341.76
221.79	39486.41
221.86	39574.77
221.93	39622.44
222.00	39622.04
222.08	39562.66
222.15	39381.68
222.22	39153.44
222.29	38924.26
222.37	38747.23
222.44	38636.82
222.51	38660.10
222.58	38772.66
222.65	38916.88
222.73	39049.51
222.80	39189.62
222.87	39361.35
222.94	39539.84
223.02	39736.79
223.09	39939.97
223.16	40161.09
223.23	40366.52
223.30	40589.02
223.38	40817.12
223.45	41034.01
223.52	41216.61
223.59	41371.35
223.66	41457.26
223.74	41484.66
223.81	41467.07
223.88	41437.52
223.95	41396.28
224.03	41342.80
224.10	41278.41
224.17	41240.83
224.24	41206.03
224.31	41197.31
224.39	41251.88
224.46	41356.52
224.53	41473.20
224.60	41604.24
224.67	41740.34
224.75	41884.92
224.82	42039.18
224.89	42217.43
224.96	42411.58
225.03	42589.98
225.11	42760.08
225.18	42915.61
225.25	43056.58
225.32	43159.60
225.39	43253.66
225.47	43311.32
225.54	43333.72
225.61	43283.16
225.68	43205.56
225.75	43139.69
225.83	43108.44
225.90	43118.60
225.97	43197.92
226.04	43325.72
226.11	43461.06
226.19	43585.90
226.26	43719.43
226.33	43863.61
226.40	44002.69
226.47	44148.72
226.54	44304.22
226.62	44442.40
226.69	44566.93
226.76	44689.14
226.83	44797.21
226.90	44895.68
226.98	44975.70
227.05	45045.07
227.12	45110.20
227.19	45157.16
227.26	45198.98
227.34	45266.42
227.41	45319.76
227.48	45348.81
227.55	45341.68
227.62	45325.93
227.69	45313.89
227.77	45339.74
227.84	45408.40
227.91	45535.36
227.98	45679.80
228.05	45800.88
228.12	45913.40
228.20	46026.66
228.27	46131.35
228.34	46243.88
228.41	46372.00
228.48	46495.82
228.56	46615.74
228.63	46730.30
228.70	46816.47
228.77	46905.42
228.84	47000.86
228.91	47097.95
228.99	47205.76
229.06	47353.70
229.13	47479.16
229.20	47594.64
229.27	47679.94
229.34	47752.96
229.42	47783.22
229.49	47825.96
229.56	47852.68
229.63	47885.52
229.70	47910.00
229.77	47946.74
229.85	47992.30
229.92	48050.56
229.99	48114.65
230.06	48213.03
230.13	48319.56
230.20	48436.62
230.27	48561.22
230.35	48694.62
230.42	48810.56
230.49	48919.22
230.56	49014.86
230.63	49108.72
230.70	49177.20
230.78	49241.49
230.85	49310.41
230.92	49384.83
230.99	49462.11
231.06	49570.68
231.13	49700.43
231.20	49837.32
231.28	49960.21
231.35	50072.28
231.42	50168.04
231.49	50253.51
231.56	50331.62
231.63	50403.26
231.71	50468.82
231.78	50522.25
231.85	50570.93
231.92	50623.92
231.99	50683.69
232.06	50760.16
232.13	50872.43
232.21	50979.66
232.28	51073.48
232.35	51164.21
232.42	51251.92
232.49	51321.76
232.56	51408.28
232.63	51492.73
232.71	51590.79
232.78	51693.77
232.85	51801.76
232.92	51894.55
232.99	51995.00
233.06	52076.54
233.13	52142.94
233.20	52190.96
233.28	52233.89
233.35	52271.15
233.42	52337.13
233.49	52418.20
233.56	52510.30
233.63	52607.38
233.70	52720.03
233.78	52824.85
233.85	52941.07
233.92	53045.39
233.99	53140.48
234.06	53236.86
234.13	53328.48
234.20	53394.63
234.27	53471.38
234.35	53546.18
234.42	53604.50
234.49	53662.68
234.56	53703.05
234.63	53742.34
234.70	53782.22
234.77	53814.47
234.84	53845.70
234.92	53899.46
234.99	53970.59
235.06	54044.82
235.13	54138.02
235.20	54238.41
235.27	54323.15
235.34	54403.16
235.41	54493.97
235.48	54571.39
235.56	54646.36
235.63	54735.66
235.70	54798.52
235.77	54844.90
235.84	54888.41
235.91	54917.11
235.98	54937.26
236.05	54975.84
236.12	55027.71
236.20	55060.84
236.27	55104.76
236.34	55156.45
236.41	55198.82
236.48	55230.68
236.55	55282.50
236.62	55334.29
236.69	55386.02
236.76	55456.54
236.84	55532.72
236.91	55607.62
236.98	55678.65
237.05	55744.92
237.12	55788.22
237.19	55835.20
237.26	55885.16
237.33	55934.50
237.40	55967.97
237.47	56013.64
237.55	56050.36
237.62	56114.88
237.69	56173.99
237.76	56248.74
237.83	56324.67
237.90	56394.08
237.97	56431.42
238.04	56476.92
238.11	56522.56
238.18	56571.63
238.26	56621.50
238.33	56663.95
238.40	56697.89
238.47	56742.60
238.54	56766.86
238.61	56785.96
238.68	56796.35
238.75	56812.91
238.82	56840.19
238.89	56880.33
238.96	56929.06
239.04	56996.13
239.11	57065.80
239.18	57110.59
239.25	57129.96
239.32	57153.02
239.39	57159.26
239.46	57151.27
239.53	57134.41
239.60	57126.91
239.67	57127.79
239.74	57149.62
239.81	57172.72
239.89	57210.20
239.96	57258.16
240.03	57299.85
240.10	57318.78
240.17	57344.05
240.24	57368.88
240.31	57394.68
240.38	57426.08
240.45	57492.64
240.52	57565.14
240.59	57628.12
240.66	57688.48
240.73	57746.22
240.80	57768.80
240.88	57782.36
240.95	57797.44
241.02	57813.36
241.09	57827.84
241.16	57851.87
241.23	57873.12
241.30	57876.46
241.37	57860.42
241.44	57841.72
241.51	57841.56
241.58	57849.34
241.65	57875.01
241.72	57923.94
241.79	57962.62
241.86	57977.50
241.94	57981.54
242.01	57980.98
242.08	57963.00
242.15	57960.74
242.22	57962.60
242.29	57957.63
242.36	57969.85
242.43	57970.62
242.50	57955.29
242.57	57943.76
242.64	57953.82
242.71	57945.10
242.78	57960.64
242.85	57974.12
242.92	57991.66
242.99	58010.10
243.06	58019.82
243.14	58025.16
243.21	58049.34
243.28	58057.82
243.35	58059.28
243.42	58088.69
243.49	58115.63
243.56	58120.66
243.63	58143.08
243.70	58159.38
243.77	58150.02
243.84	58142.48
243.91	58126.24
243.98	58099.72
244.05	58062.02
244.12	58039.72
244.19	58019.38
244.26	58007.06
244.33	57994.12
244.40	57985.11
244.47	57976.45
244.54	57951.45
244.62	57921.90
244.69	57890.71
244.76	57873.47
244.83	57866.77
244.90	57879.40
244.97	57890.71
245.04	57912.05
245.11	57917.66
245.18	57895.86
245.25	57887.57
245.32	57902.14
245.39	57916.53
245.46	57933.19
245.53	57953.11
245.60	57945.38
245.67	57940.78
245.74	57929.68
245.81	57924.12
245.88	57909.89
245.95	57912.03
246.02	57884.07
246.09	57840.74
246.16	57787.32
246.23	57746.78
246.30	57705.08
246.37	57696.04
246.44	57721.34
246.51	57751.51
246.58	57784.94
246.65	57807.39
246.72	57817.41
246.79	57805.20
246.87	57795.07
246.94	57777.03
247.01	57759.90
247.08	57724.98
247.15	57669.20
247.22	57601.28
247.29	57547.18
247.36	57504.46
247.43	57470.47
247.50	57465.47
247.57	57482.04
247.64	57508.52
247.71	57517.18
247.78	57538.05
247.85	57555.63
247.92	57564.12
247.99	57547.33
248.06	57534.32
248.13	57512.53
248.20	57493.01
248.27	57468.48
248.34	57456.33
248.41	57451.34
248.48	57445.24
248.55	57437.30
248.62	57436.18
248.69	57434.46
248.76	57424.49
248.83	57408.71
248.90	57375.18
248.97	57343.12
249.04	57296.82
249.11	57254.36
249.18	57223.12
249.25	57194.78
249.32	57157.81
249.39	57103.28
249.46	57043.22
249.53	56984.13
249.60	56928.50
249.67	56878.98
249.74	56862.03
249.81	56864.44
249.88	56877.51
249.95	56908.08
250.02	56951.62
250.09	56971.98
250.16	56985.35
250.23	56973.03
250.30	56954.95
250.37	56929.76
250.44	56932.22
250.51	56924.76
250.58	56940.44
250.65	56939.64
250.72	56907.68
250.79	56852.82
250.86	56797.90
250.93	56730.72
251.00	56673.22
251.07	56638.18
251.14	56620.37
251.21	56604.16
251.28	56590.38
251.35	56579.64
251.42	56577.16
251.49	56568.16
251.56	56555.82
251.63	56538.15
251.70	56533.46
251.77	56508.95
251.84	56473.84
251.91	56430.45
251.98	56377.15
252.05	56314.70
252.12	56260.30
252.18	56215.40
252.25	56194.70
252.32	56188.42
252.39	56185.92
252.46	56180.65
252.53	56176.82
252.60	56157.98
252.67	56137.99
252.74	56112.82
252.81	56093.38
252.88	56068.39
252.95	56039.49
253.02	56010.24
253.09	55978.46
253.16	55945.08
253.23	55922.51
253.30	55909.04
253.37	55893.73
253.44	55882.86
253.51	55852.84
253.58	55816.31
253.65	55787.27
253.72	55777.94
253.79	55747.63
253.86	55751.40
253.93	55743.11
254.00	55730.94
254.07	55694.74
254.14	55671.28
254.21	55621.55
254.28	55584.31
254.35	55551.44
254.41	55517.38
254.48	55481.33
254.55	55465.64
254.62	55443.94
254.69	55394.38
254.76	55356.11
254.83	55320.98
254.90	55282.08
254.97	55264.47
255.04	55267.40
255.11	55245.15
255.18	55211.28
255.25	55157.04
255.32	55084.53
255.39	55017.24
255.46	54980.64
255.53	54955.94
255.60	54943.08
255.67	54947.41
255.74	54939.81
255.81	54933.11
255.87	54929.98
255.94	54913.07
256.01	54886.92
256.08	54877.98
256.15	54860.96
256.22	54836.60
256.29	54825.79
256.36	54805.58
256.43	54794.57
256.50	54778.15
256.57	54766.86
256.64	54744.90
256.71	54725.46
256.78	54681.26
256.85	54631.27
256.92	54593.74
256.99	54583.72
257.05	54565.08
257.12	54543.08
257.19	54498.09
257.26	54429.03
257.33	54329.56
257.40	54230.04
257.47	54113.63
257.54	54030.04
257.61	53948.42
257.68	53913.41
257.75	53902.70
257.82	53937.64
257.89	53971.60
257.96	54020.94
258.03	54018.84
258.09	53990.53
258.16	53927.91
258.23	53859.57
258.30	53786.46
258.37	53731.56
258.44	53705.66
258.51	53695.40
258.58	53696.22
258.65	53698.41
258.72	53706.68
258.79	53680.89
258.86	53656.88
258.93	53630.37
258.99	53586.80
259.06	53528.56
259.13	53481.19
259.20	53427.20
259.27	53384.04
259.34	53355.54
259.41	53342.74
259.48	53346.84
259.55	53340.27
259.62	53316.52
259.69	53275.28
259.76	53216.85
259.82	53144.16
259.89	53100.31
259.96	53070.21
260.03	53046.95
260.10	53026.26
260.17	52990.84
260.24	52935.28
260.31	52875.80
260.38	52822.38
260.45	52796.92
260.52	52775.32
260.59	52736.70
260.65	52685.96
260.72	52659.95
260.79	52623.01
260.86	52588.76
260.93	52570.76
261.00	52532.50
261.07	52470.16
261.14	52381.75
261.21	52302.08
261.28	52226.22
261.34	52156.52
261.41	52083.53
261.48	52040.03
261.55	52009.85
261.62	51977.31
261.69	51954.32
261.76	51939.54
261.83	51914.43
261.90	51877.19
261.97	51829.08
262.03	51784.82
262.10	51741.25
262.17	51691.62
262.24	51669.86
262.31	51655.88
262.38	51645.06
262.45	51633.82
262.52	51618.82
262.59	51573.56
262.65	51529.51
262.72	51480.92
262.79	51436.87
262.86	51397.82
262.93	51359.39
263.00	51324.19
263.07	51282.96
263.14	51236.11
263.21	51209.66
263.27	51186.48
263.34	51181.84
263.41	51163.90
263.48	51135.18
263.55	51065.58
263.62	50981.77
263.69	50877.49
263.76	50798.00
263.82	50733.37
263.89	50695.14
263.96	50675.14
264.03	50651.70
264.10	50625.57
264.17	50562.30
264.24	50504.02
264.31	50429.91
264.38	50359.90
264.44	50278.34
264.51	50217.40
264.58	50157.82
264.65	50109.62
264.72	50052.35
264.79	50008.46
264.86	49983.12
264.92	49942.60
264.99	49908.21
265.06	49879.40
265.13	49845.56
265.20	49802.52
265.27	49769.37
265.34	49734.89
265.41	49699.66
265.47	49677.99
265.54	49660.66
265.61	49649.40
265.68	49637.02
265.75	49608.29
265.82	49549.58
265.89	49482.60
265.95	49390.22
266.02	49289.72
266.09	49215.88
266.16	49158.69
266.23	49116.90
266.30	49084.55
266.37	49041.58
266.44	48978.56
266.50	48936.60
266.57	48881.73
266.64	48820.20
266.71	48769.40
266.78	48708.08
266.85	48616.62
266.91	48537.59
266.98	48476.27
267.05	48426.90
267.12	48407.82
267.19	48400.10
267.26	48397.01
267.33	48388.82
267.39	48362.96
267.46	48328.35
267.53	48282.20
267.60	48221.94
267.67	48162.08
267.74	48130.32
267.81	48095.23
267.87	48078.13
267.94	48061.58
268.01	48049.54
268.08	47994.40
268.15	47938.35
268.22	47855.86
268.28	47755.94
268.35	47630.26
268.42	47527.36
268.49	47431.52
268.56	47365.05
268.63	47318.21
268.69	47309.56
268.76	47296.80
268.83	47301.24
268.90	47309.90
268.97	47316.73
269.04	47311.83
269.11	47299.60
269.17	47263.97
269.24	47219.53
269.31	47174.06
269.38	47130.80
269.45	47101.16
269.52	47071.16
269.58	47041.28
269.65	46998.44
269.72	46952.16
269.79	46901.68
269.86	46856.71
269.92	46799.88
269.99	46752.38
270.06	46686.83
270.13	46636.66
270.20	46578.58
270.27	46542.42
270.33	46517.40
270.40	46502.60
270.47	46477.92
270.54	46464.04
270.61	46447.84
270.68	46439.09
270.74	46429.94
270.81	46415.42
270.88	46392.65
270.95	46345.02
271.02	46269.06
271.08	46195.50
271.15	46105.82
271.22	46036.46
271.29	45983.12
271.36	45922.37
271.43	45870.03
271.49	45851.49
271.56	45815.40
271.63	45780.80
271.70	45761.15
271.77	45742.75
271.83	45701.14
271.90	45659.36
271.97	45609.65
272.04	45562.68
272.11	45520.00
272.17	45498.96
272.24	45477.26
272.31	45460.16
272.38	45450.70
272.45	45428.41
272.52	45387.68
272.58	45363.84
272.65	45347.29
272.72	45311.05
272.79	45272.00
272.86	45244.98
272.92	45205.60
272.99	45160.94
273.06	45122.78
273.13	45074.92
273.20	45021.64
273.26	44947.82
273.33	44873.38
273.40	44807.58
273.47	44767.07
273.54	44734.89
273.60	44726.11
273.67	44712.04
273.74	44716.92
273.81	44722.71
273.88	44732.33
273.94	44758.36
274.01	44803.08
274.08	44837.82
274.15	44855.72
274.21	44852.89
274.28	44810.78
274.35	44738.39
274.42	44641.63
274.49	44536.30
274.55	44455.92
274.62	44391.98
274.69	44337.64
274.76	44299.53
274.83	44271.68
274.89	44236.94
274.96	44201.33
275.03	44170.87
275.10	44133.41
275.17	44100.88
275.23	44058.01
275.30	44015.43
275.37	43987.38
275.44	43972.02
275.50	43944.70
275.57	43923.92
275.64	43897.77
275.71	43853.26
275.78	43810.10
275.84	43794.67
275.91	43767.24
275.98	43751.61
276.05	43734.54
276.11	43707.14
276.18	43663.25
276.25	43597.92
276.32	43527.13
276.39	43451.89
276.45	43372.74
276.52	43276.16
276.59	43224.97
276.66	43192.32
276.72	43178.44
276.79	43181.04
276.86	43201.81
276.93	43192.79
276.99	43157.50
277.06	43108.84
277.13	43055.46
277.20	43016.38
277.26	42986.79
277.33	42984.06
277.40	42986.80
277.47	42981.90
277.54	42953.83
277.60	42919.66
277.67	42853.58
277.74	42761.51
277.81	42664.92
277.87	42576.06
277.94	42498.78
278.01	42445.91
278.08	42414.08
278.14	42396.57
278.21	42399.88
278.28	42410.28
278.35	42437.51
278.41	42477.90
278.48	42515.68
278.55	42527.76
278.62	42516.51
278.68	42464.21
278.75	42373.79
278.82	42265.70
278.89	42148.70
278.95	42048.78
279.02	41981.10
279.09	41960.36
279.16	41966.53
279.22	42000.36
279.29	42041.26
279.36	42061.71
279.43	42048.16
279.49	41981.35
279.56	41867.88
279.63	41717.69
279.70	41577.92
279.76	41452.58
279.83	41377.39
279.90	41348.38
279.97	41348.67
280.03	41347.92
280.10	41353.25
280.17	41359.68
280.24	41355.94
280.30	41351.01
280.37	41333.07
280.44	41322.78
280.51	41302.04
280.57	41283.56
280.64	41263.68
280.71	41246.46
280.77	41203.10
280.84	41140.52
280.91	41064.33
280.98	40964.40
281.04	40868.47
281.11	40769.24
281.18	40678.82
281.25	40573.18
281.31	40477.32
281.38	40360.53
281.45	40268.18
281.52	40184.70
281.58	40104.30
281.65	40043.86
281.72	40001.18
281.78	39969.07
281.85	39941.39
281.92	39940.45
281.99	39935.54
282.05	39945.20
282.12	39947.90
282.19	39960.07
282.26	39983.56
282.32	40000.29
282.39	40019.11
282.46	40016.47
282.52	40008.68
282.59	39988.68
282.66	39985.83
282.73	39976.15
282.79	39965.87
282.86	39924.18
282.93	39842.86
282.99	39718.30
283.06	39573.48
283.13	39411.43
283.20	39266.74
283.26	39145.80
283.33	39054.16
283.40	38984.26
283.46	38963.14
283.53	38941.76
283.60	38936.93
283.67	38946.00
283.73	38961.45
283.80	38959.64
283.87	38979.06
283.93	39015.23
284.00	39030.52
284.07	39034.94
284.13	39036.56
284.20	39013.29
284.27	38970.84
284.34	38932.73
284.40	38895.77
284.47	38867.29
284.54	38841.88
284.60	38810.40
284.67	38770.26
284.74	38724.62
284.81	38667.54
284.87	38612.01
284.94	38519.94
285.01	38425.80
285.07	38316.00
285.14	38210.26
285.21	38116.73
285.27	38066.77
285.34	38046.88
285.41	38059.40
285.47	38085.20
285.54	38112.78
285.61	38139.27
285.68	38152.95
285.74	38161.80
285.81	38168.84
285.88	38182.50
285.94	38205.50
286.01	38240.84
286.08	38269.53
286.14	38295.37
286.21	38312.40
286.28	38314.28
286.34	38278.70
286.41	38211.56
286.48	38111.37
286.55	37986.62
286.61	37850.77
286.68	37725.68
286.75	37622.38
286.81	37539.58
286.88	37475.19
286.95	37418.56
287.01	37401.24
287.08	37401.78
287.15	37418.86
287.21	37441.40
287.28	37474.44
287.35	37482.25
287.41	37493.20
287.48	37500.16
287.55	37507.00
287.61	37519.72
287.68	37523.80
287.75	37528.26
287.81	37522.72
287.88	37517.48
287.95	37516.89
288.01	37516.30
288.08	37503.00
288.15	37486.97
288.21	37466.64
288.28	37422.35
288.35	37385.58
288.41	37341.84
288.48	37281.30
288.55	37198.52
288.61	37107.14
288.68	37005.98
288.75	36911.62
288.81	36834.58
288.88	36786.54
288.95	36774.52
289.01	36790.04
289.08	36827.74
289.15	36884.50
289.21	36959.66
289.28	37020.46
289.35	37078.60
289.41	37116.42
289.48	37140.28
289.55	37137.96
289.61	37127.62
289.68	37104.30
289.75	37065.86
289.81	37023.22
289.88	36968.91
289.95	36898.70
290.01	36825.11
290.08	36764.22
290.15	36706.92
290.21	36666.54
290.28	36645.86
290.35	36627.99
290.41	36605.08
290.48	36564.68
290.55	36489.56
290.61	36414.10
290.68	36352.45
290.74	36319.96
290.81	36322.98
290.88	36359.48
290.94	36416.64
291.01	36466.76
291.08	36517.07
291.14	36567.58
291.21	36617.15
291.28	36664.30
291.34	36711.39
291.41	36738.92
291.48	36751.71
291.54	36750.02
291.61	36727.98
291.68	36690.70
291.74	36626.14
291.81	36550.77
291.87	36501.98
291.94	36419.00
292.01	36337.06
292.07	36269.84
292.14	36187.32
292.21	36087.51
292.27	36021.32
292.34	35968.22
292.41	35927.42
292.47	35910.68
292.54	35908.36
292.60	35917.75
292.67	35959.73
292.74	35999.87
292.80	36058.00
292.87	36125.49
292.94	36191.24
293.00	36239.18
293.07	36297.58
293.13	36350.79
293.20	36386.07
293.27	36425.44
293.33	36439.58
293.40	36444.57
293.47	36425.56
293.53	36391.18
293.60	36328.73
293.66	36235.88
293.73	36120.10
293.80	35993.93
293.86	35873.84
293.93	35773.41
294.00	35711.61
294.06	35668.28
294.13	35646.22
294.19	35633.69
294.26	35615.26
294.33	35601.32
294.39	35578.47
294.46	35569.39
294.52	35568.10
294.59	35592.98
294.66	35628.72
294.72	35689.98
294.79	35763.17
294.86	35843.06
294.92	35912.25
294.99	35990.43
295.05	36073.14
295.12	36128.80
295.19	36186.50
295.25	36234.24
295.32	36254.76
295.38	36251.29
295.45	36246.40
295.52	36206.44
295.58	36142.14
295.65	36066.21
295.71	35969.87
295.78	35840.88
295.85	35705.82
295.91	35582.64
295.98	35448.66
296.04	35324.18
296.11	35235.56
296.18	35182.48
296.24	35167.50
296.31	35181.49
296.37	35235.05
296.44	35329.50
296.51	35421.04
296.57	35515.05
296.64	35622.23
296.70	35720.61
296.77	35778.05
296.84	35825.78
296.90	35866.68
296.97	35898.56
297.03	35924.20
297.10	35959.59
297.17	36013.96
297.23	36058.20
297.30	36094.25
297.36	36112.90
297.43	36128.16
297.50	36103.94
297.56	36053.80
297.63	35982.08
297.69	35872.85
297.76	35717.82
297.82	35553.08
297.89	35389.00
297.96	35240.12
298.02	35131.53
298.09	35060.01
298.15	35032.56
298.22	35031.34
298.29	35042.14
298.35	35060.67
298.42	35107.93
298.48	35158.54
298.55	35214.70
298.61	35288.82
298.68	35385.02
298.75	35474.58
298.81	35552.02
298.88	35632.29
298.94	35708.27
299.01	35764.95
299.08	35807.37
299.14	35855.47
299.21	35876.32
299.27	35883.38
299.34	35885.65
299.40	35893.56
299.47	35887.49
299.54	35889.05
299.60	35871.37
299.67	35833.48
299.73	35745.88
299.80	35598.83
299.86	35389.04
299.93	35151.06
299.99	34929.39
300.06	34747.03
300.13	34634.98
300.19	34602.92
300.26	34621.64
300.32	34676.39
300.39	34743.91
300.45	34840.54
300.52	34946.68
300.59	35059.43
300.65	35157.24
300.72	35262.32
300.78	35336.93
300.85	35401.28
300.91	35449.00
300.98	35489.05
301.04	35517.48
301.11	35548.70
301.18	35579.74
301.24	35610.02
301.31	35633.90
301.37	35639.51
301.44	35635.56
301.50	35612.46
301.57	35580.61
301.63	35538.87
301.70	35472.01
301.77	35369.70
301.83	35235.47
301.90	35072.87
301.96	34886.26
302.03	34710.36
302.09	34566.28
302.16	34456.77
302.22	34393.43
302.29	34364.14
302.36	34373.08
302.42	34395.44
302.49	34442.02
302.55	34502.02
302.62	34571.55
302.68	34633.42
302.75	34707.50
302.81	34766.73
302.88	34816.96
302.94	34853.99
303.01	34894.83
303.07	34916.60
303.14	34938.83
303.21	34949.01
303.27	34970.40
303.34	34975.42
303.40	34970.35
303.47	34954.63
303.53	34933.12
303.60	34898.20
303.66	34858.74
303.73	34820.18
303.79	34778.23
303.86	34713.44
303.92	34618.11
303.99	34505.52
304.05	34339.25
304.12	34155.84
304.19	33989.70
304.25	33854.24
304.32	33748.77
304.38	33707.11
304.45	33691.54
304.51	33708.08
304.58	33744.50
304.64	33790.44
304.71	33840.66
304.77	33883.92
304.84	33919.28
304.90	33943.99
304.97	33960.22
305.03	33967.82
305.10	33981.20
305.16	33985.14
305.23	33981.97
305.29	33981.26
305.36	33970.03
305.42	33959.25
305.49	33944.91
305.56	33918.66
305.62	33885.01
305.69	33851.22
305.75	33798.88
305.82	33710.66
305.88	33594.46
305.95	33444.50
306.01	33271.29
306.08	33101.31
306.14	32948.64
306.21	32815.29
306.27	32702.06
306.34	32613.05
306.40	32523.94
306.47	32459.75
306.53	32455.65
306.60	32469.66
306.66	32498.04
306.73	32545.80
306.79	32585.62
306.86	32594.84
306.92	32596.76
306.99	32602.52
307.05	32605.57
307.12	32608.91
307.18	32601.26
307.25	32596.36
307.31	32585.06
307.38	32568.36
307.44	32550.30
307.51	32533.86
307.57	32498.90
307.64	32461.70
307.70	32421.87
307.77	32366.19
307.83	32309.35
307.90	32262.82
307.96	32211.66
308.03	32136.44
308.09	32073.79
308.16	32006.96
308.22	31938.30
308.29	31848.22
308.35	31764.30
308.42	31667.71
308.48	31554.21
308.55	31430.99
308.61	31332.23
308.68	31256.50
308.74	31191.55
308.81	31166.81
308.87	31154.34
308.94	31154.51
309.00	31143.68
309.07	31145.45
309.13	31124.64
309.20	31121.88
309.26	31099.48
309.33	31076.10
309.39	31043.57
309.45	31010.98
309.52	30962.56
309.58	30916.47
309.65	30864.90
309.71	30812.49
309.78	30765.78
309.84	30708.33
309.91	30657.67
309.97	30604.72
310.04	30561.15
310.10	30497.67
310.17	30441.06
310.23	30369.90
310.30	30316.40
310.36	30249.28
310.43	30184.38
310.49	30103.24
310.56	30026.20
310.62	29934.54
310.69	29846.07
310.75	29764.67
310.81	29710.59
310.88	29663.04
310.94	29630.02
311.01	29592.02
311.07	29564.28
311.14	29531.34
311.20	29495.83
311.27	29456.29
311.33	29428.59
311.40	29396.16
311.46	29365.16
311.53	29338.94
311.59	29316.40
311.66	29290.36
311.72	29254.08
311.78	29214.42
311.85	29176.28
311.91	29135.05
311.98	29080.34
312.04	29040.23
312.11	28999.85
312.17	28950.72
312.24	28898.38
312.30	28852.00
312.37	28792.93
312.43	28733.18
312.50	28672.78
312.56	28601.46
312.62	28533.67
312.69	28467.60
312.75	28392.59
312.82	28313.04
312.88	28243.68
312.95	28170.96
313.01	28099.98
313.08	28038.27
313.14	27983.53
313.20	27934.04
313.27	27881.84
313.33	27826.32
313.40	27796.24
313.46	27753.70
313.53	27716.07
313.59	27687.94
313.66	27670.32
313.72	27629.72
313.78	27597.06
313.85	27563.78
313.91	27530.89
313.98	27491.55
314.04	27457.30
314.11	27424.49
314.17	27376.43
314.24	27328.28
314.30	27284.00
314.36	27218.80
314.43	27166.96
314.49	27115.47
314.56	27060.78
314.62	26998.70
314.69	26950.92
314.75	26888.96
314.81	26838.04
314.88	26783.34
314.94	26737.34
315.01	26698.11
315.07	26652.14
315.14	26600.18
315.20	26556.54
315.27	26504.02
315.33	26446.60
315.39	26395.62
315.46	26350.58
315.52	26295.48
315.59	26252.10
315.65	26197.53
315.72	26153.97
315.78	26102.31
315.84	26067.94
315.91	26028.70
315.97	26008.50
316.04	26003.78
316.10	25984.48
316.16	25942.26
316.23	25877.83
316.29	25768.23
316.36	25615.88
316.42	25452.74
316.49	25261.16
316.55	25057.36
316.61	24854.02
316.68	24635.38
316.74	24414.63
316.81	24194.94
316.87	23969.82
316.93	23746.21
317.00	23536.14
317.06	23318.33
317.13	23101.50
317.19	22885.94
317.26	22670.65
317.32	22448.30
317.38	22241.08
317.45	22029.19
317.51	21825.92
317.58	21617.00
317.64	21407.01
317.70	21186.32
317.77	20980.18
317.83	20771.39
317.90	20566.50
317.96	20353.88
318.02	20151.06
318.09	19955.88
318.15	19745.44
318.22	19535.88
318.28	19333.28
318.34	19122.57
318.41	18891.54
318.47	18676.42
318.54	18471.30
318.60	18264.55
318.66	18065.28
318.73	17859.00
318.79	17667.57
318.86	17467.30
318.92	17277.93
318.98	17082.42
319.05	16899.12
319.11	16705.42
319.18	16509.81
319.24	16308.06
319.30	16099.36
319.37	15909.46
319.43	15718.90
319.50	15526.47
319.56	15336.20
319.62	15157.41
319.69	14962.74
319.75	14779.82
319.82	14600.42
319.88	14415.50
319.94	14234.61
320.01	14059.88
320.07	13866.64
320.13	13681.31
320.20	13499.16
320.26	13310.51
320.33	13119.17
320.39	12937.46
320.45	12753.68
320.52	12573.00
320.58	12394.34
320.65	12216.97
320.71	12035.59
320.77	11861.14
320.84	11680.16
320.90	11507.22
320.96	11332.96
321.03	11148.09
321.09	10959.40
321.16	10778.54
321.22	10589.72
321.28	10409.12
321.35	10246.85
321.41	10073.51
321.47	9897.54
321.54	9731.34
321.60	9554.88
321.67	9380.82
321.73	9217.36
321.79	9049.90
321.86	8880.70
321.92	8706.84
321.98	8517.20
322.05	8324.26
322.11	8132.03
322.18	7934.36
322.24	7746.25
322.30	7566.78
322.37	7397.48
322.43	7220.59
322.49	7055.49
322.56	6881.22
322.62	6713.99
322.68	6533.05
322.75	6369.89
322.81	6190.60
322.88	6018.14
322.94	5843.34
323.00	5671.45
323.07	5498.50
323.13	5330.34
323.19	5167.52
323.26	5004.75
323.32	4849.40
323.38	4685.81
323.45	4464.60
323.51	3822.04
323.57	2936.25
323.64	2007.80
323.70	1120.07
323.76	323.01
323.83	-21.60
323.89	-90.54
323.96	-91.64
