180.25	3524.80
180.33	-133.81
180.40	660.82
180.48	-26.95
180.56	18.64
180.63	56.27
180.71	99.83
180.78	98.06
180.86	98.48
180.93	103.20
181.01	106.35
181.08	105.16
181.16	103.90
181.23	105.45
181.31	105.43
181.39	130.07
181.46	139.54
181.54	150.04
181.61	167.14
181.69	176.78
181.76	169.01
181.84	162.16
181.91	163.74
181.99	165.26
182.06	165.40
182.14	170.65
182.22	176.32
182.29	187.10
182.37	189.98
182.44	203.04
182.52	199.56
182.59	219.54
182.67	227.68
182.74	233.55
182.82	237.88
182.89	249.01
182.97	246.91
183.04	256.00
183.12	263.04
183.20	280.93
183.27	291.10
183.35	319.12
183.42	339.35
183.50	379.66
183.57	402.67
183.65	448.21
183.72	488.64
183.80	540.88
183.87	582.14
183.95	623.66
184.02	667.92
184.10	697.64
184.17	715.93
184.25	717.63
184.32	710.55
184.40	683.00
184.47	637.48
184.55	595.13
184.62	591.22
184.70	619.12
184.78	665.67
184.85	766.92
184.93	887.18
185.00	1002.02
185.08	1117.36
185.15	1230.74
185.23	1347.32
185.30	1454.89
185.38	1557.33
185.45	1653.88
185.53	1761.96
185.60	1853.24
185.68	1961.42
185.75	2041.20
185.83	2103.42
185.90	2131.48
185.98	2098.71
186.05	2009.29
186.13	1899.17
186.20	1760.03
186.28	1648.91
186.35	1621.45
186.43	1680.09
186.50	1820.89
186.58	2031.78
186.65	2253.43
186.73	2476.60
186.80	2667.98
186.88	2835.90
186.95	2996.28
187.03	3143.86
187.10	3261.38
187.18	3405.68
187.25	3540.74
187.33	3680.34
187.40	3839.41
187.48	3984.53
187.55	4111.66
187.63	4212.41
187.70	4250.23
187.78	4247.78
187.85	4221.35
187.93	4093.28
188.00	3888.92
188.08	3660.90
188.15	3449.94
188.23	3317.05
188.30	3320.22
188.38	3456.62
188.45	3674.17
188.53	3900.50
188.60	4104.50
188.68	4269.23
188.75	4417.50
188.83	4589.90
188.90	4753.56
188.98	4919.60
189.05	5103.12
189.13	5267.16
189.20	5417.59
189.28	5600.39
189.35	5795.71
189.43	5996.38
189.50	6193.38
189.58	6301.55
189.65	6301.76
189.73	6197.92
189.80	5992.96
189.87	5720.58
189.95	5428.34
190.02	5083.48
190.10	4725.41
190.17	4425.44
190.25	4236.66
190.32	4193.89
190.40	4305.28
190.47	4534.14
190.55	4820.99
190.62	5128.96
190.70	5409.54
190.77	5703.95
190.85	5988.30
190.92	6232.33
191.00	6439.64
191.07	6607.76
191.15	6690.82
191.22	6717.05
191.29	6679.22
191.37	6561.17
191.44	6427.50
191.52	6306.73
191.59	6177.55
191.67	6047.54
191.74	5925.52
191.82	5803.27
191.89	5703.77
191.97	5650.20
192.04	5631.96
192.12	5634.04
192.19	5640.83
192.27	5647.44
192.34	5678.46
192.41	5770.74
192.49	5917.62
192.56	6102.06
192.64	6290.33
192.71	6437.42
192.79	6481.17
192.86	6411.38
192.94	6200.88
193.01	5918.92
193.09	5622.56
193.16	5371.46
193.23	5199.81
193.31	5148.86
193.38	5224.84
193.46	5378.90
193.53	5601.34
193.61	5883.24
193.68	6190.30
193.76	6477.25
193.83	6752.40
193.91	6988.26
193.98	7172.81
194.05	7290.00
194.13	7298.01
194.20	7193.45
194.28	7019.57
194.35	6792.69
194.43	6513.00
194.50	6186.58
194.58	5800.90
194.65	5378.18
194.72	4969.86
194.80	4636.58
194.87	4455.06
194.95	4491.60
195.02	4698.27
195.10	5047.30
195.17	5537.38
195.25	6111.57
195.32	6672.40
195.39	7172.86
195.47	7566.68
195.54	7810.31
195.62	7865.56
195.69	7735.67
195.77	7447.24
195.84	7034.30
195.91	6535.05
195.99	6075.88
196.06	5703.16
196.14	5395.04
196.21	5114.28
196.29	4864.74
196.36	4638.02
196.43	4480.44
196.51	4503.04
196.58	4753.64
196.66	5216.39
196.73	5812.95
196.81	6474.47
196.88	7119.78
196.95	7670.89
197.03	8034.93
197.10	8169.83
197.18	8073.50
197.25	7792.11
197.33	7402.78
197.40	6983.92
197.47	6595.32
197.55	6299.61
197.62	6028.66
197.70	5752.48
197.77	5476.16
197.84	5174.23
197.92	4836.10
197.99	4621.10
198.07	4659.05
198.14	5009.26
198.22	5713.01
198.29	6659.68
198.36	7674.28
198.44	8598.88
198.51	9286.09
198.59	9640.99
198.66	9697.28
198.73	9477.37
198.81	9041.14
198.88	8440.40
198.96	7799.84
199.03	7245.48
199.10	6866.66
199.18	6620.27
199.25	6470.04
199.33	6296.62
199.40	5996.36
199.48	5610.73
199.55	5323.00
199.62	5288.77
199.70	5697.33
199.77	6582.26
199.85	7771.64
199.92	8991.91
199.99	10049.98
200.07	10765.62
200.14	11060.38
200.22	10900.65
200.29	10372.16
200.36	9742.80
200.44	9172.60
200.51	8737.46
200.59	8472.94
200.66	8326.05
200.73	8191.84
200.81	8034.79
200.88	7792.34
200.95	7466.97
201.03	7109.78
201.10	6858.42
201.18	6775.98
201.25	6990.51
201.32	7591.26
201.40	8586.46
201.47	9740.16
201.55	10833.63
201.62	11643.10
201.69	12027.22
201.77	12056.06
201.84	11834.95
201.92	11389.96
201.99	10836.76
202.06	10389.78
202.14	10107.65
202.21	9978.64
202.28	10004.12
202.36	10108.82
202.43	10146.92
202.51	10093.85
202.58	9959.74
202.65	9743.72
202.73	9534.36
202.80	9522.34
202.87	9839.79
202.95	10487.26
203.02	11405.96
203.10	12479.40
203.17	13487.98
203.24	14073.21
203.32	14001.19
203.39	13351.86
203.46	12496.78
203.54	11715.73
203.61	11221.92
203.69	11156.24
203.76	11533.58
203.83	12118.25
203.91	12674.56
203.98	13132.78
204.05	13479.70
204.13	13696.10
204.20	13729.54
204.28	13641.74
204.35	13481.05
204.42	13318.28
204.50	13231.96
204.57	13359.80
204.64	13730.93
204.72	14219.40
204.79	14585.31
204.86	14698.10
204.94	14558.20
205.01	14184.01
205.09	13625.14
205.16	13142.22
205.23	12951.05
205.31	13059.54
205.38	13409.10
205.45	14010.74
205.53	14788.10
205.60	15597.92
205.67	16321.50
205.75	16881.84
205.82	17256.78
205.89	17458.62
205.97	17540.66
206.04	17545.06
206.12	17521.22
206.19	17496.49
206.26	17499.08
206.34	17572.89
206.41	17627.22
206.48	17480.89
206.56	16974.97
206.63	16162.65
206.70	15201.66
206.78	14393.26
206.85	14023.83
206.92	14265.84
207.00	15020.46
207.07	16030.88
207.14	17047.19
207.22	17947.37
207.29	18732.08
207.36	19424.69
207.44	20051.16
207.51	20590.24
207.58	21048.87
207.66	21409.63
207.73	21647.25
207.80	21672.38
207.88	21501.56
207.95	21219.87
208.02	20836.00
208.10	20199.08
208.17	19283.52
208.25	18281.52
208.32	17356.47
208.39	16633.05
208.47	16332.56
208.54	16540.82
208.61	17104.86
208.69	17806.06
208.76	18558.19
208.83	19347.58
208.90	20175.86
208.98	21003.94
209.05	21785.32
209.12	22478.72
209.20	23064.88
209.27	23543.15
209.34	23926.60
209.42	24247.80
209.49	24480.81
209.56	24587.59
209.64	24540.61
209.71	24213.80
209.78	23514.97
209.86	22493.12
209.93	21352.90
210.00	20163.04
210.08	19140.16
210.15	18567.34
210.22	18536.28
210.30	18910.22
210.37	19637.43
210.44	20605.15
210.52	21615.15
210.59	22533.51
210.66	23309.09
210.74	23978.52
210.81	24569.71
210.88	25112.35
210.96	25616.74
211.03	26111.43
211.10	26578.20
211.17	26977.01
211.25	27217.36
211.32	27244.38
211.39	27018.28
211.47	26432.00
211.54	25369.43
211.61	23977.93
211.69	22658.86
211.76	21666.80
211.83	21189.99
211.91	21372.25
211.98	22090.92
212.05	22985.72
212.12	23828.96
212.20	24541.07
212.27	25126.42
212.34	25592.98
212.42	26007.66
212.49	26399.95
212.56	26805.04
212.64	27234.24
212.71	27718.70
212.78	28186.44
212.85	28599.52
212.93	28873.53
213.00	29000.54
213.07	28926.37
213.15	28514.52
213.22	27758.45
213.29	26887.08
213.37	25989.38
213.44	25176.90
213.51	24712.37
213.58	24683.52
213.66	24950.54
213.73	25426.62
213.80	26063.50
213.88	26700.54
213.95	27216.04
214.02	27597.42
214.09	27930.95
214.17	28235.65
214.24	28589.64
214.31	29039.66
214.39	29564.02
214.46	30061.26
214.53	30472.60
214.60	30788.19
214.68	31006.16
214.75	31099.13
214.82	31034.90
214.90	30768.73
214.97	30171.49
215.04	29218.98
215.11	28178.80
215.19	27348.96
215.26	26905.91
215.33	26945.66
215.41	27499.08
215.48	28301.81
215.55	29059.23
215.62	29646.69
215.70	30145.62
215.77	30563.68
215.84	30962.00
215.91	31347.43
215.99	31767.98
216.06	32141.34
216.13	32447.25
216.21	32633.54
216.28	32784.80
216.35	32886.24
216.42	32956.48
216.50	32970.34
216.57	32948.26
216.64	32716.42
216.71	32183.32
216.79	31453.12
216.86	30734.93
216.93	30143.79
217.01	29847.06
217.08	29953.12
217.15	30382.18
217.22	30958.28
217.30	31567.69
217.37	32166.97
217.44	32705.68
217.51	33170.30
217.59	33554.36
217.66	33874.88
217.73	34132.80
217.80	34342.66
217.88	34505.51
217.95	34651.96
218.02	34776.72
218.09	34904.94
218.17	35067.76
218.24	35223.38
218.31	35330.14
218.38	35340.20
218.46	35171.30
218.53	34700.22
218.60	34024.53
218.67	33299.29
218.75	32717.40
218.82	32399.98
218.89	32484.90
218.96	32902.48
219.04	33499.24
219.11	34108.60
219.18	34642.82
219.25	35076.77
219.33	35435.20
219.40	35759.23
219.47	36052.27
219.54	36322.38
219.62	36575.79
219.69	36811.06
219.76	37035.04
219.83	37237.43
219.91	37439.58
219.98	37625.20
220.05	37757.70
220.12	37788.46
220.20	37733.17
220.27	37524.66
220.34	37110.22
220.41	36543.40
220.49	35991.67
220.56	35574.11
220.63	35392.33
220.70	35494.70
220.78	35852.52
220.85	36273.80
220.92	36661.90
220.99	36981.35
221.06	37249.84
221.14	37483.01
221.21	37730.34
221.28	37987.35
221.35	38249.56
221.43	38507.96
221.50	38742.70
221.57	38964.98
221.64	39173.88
221.72	39358.49
221.79	39513.72
221.86	39626.58
221.93	39683.98
222.00	39672.96
222.08	39599.99
222.15	39414.99
222.22	39176.05
222.29	38948.08
222.37	38786.84
222.44	38691.93
222.51	38711.29
222.58	38813.22
222.65	38949.21
222.73	39081.36
222.80	39219.88
222.87	39391.95
222.94	39575.48
223.02	39770.98
223.09	39964.09
223.16	40168.85
223.23	40374.57
223.30	40605.34
223.38	40832.02
223.45	41041.85
223.52	41229.72
223.59	41383.88
223.66	41470.61
223.74	41504.46
223.81	41496.42
223.88	41469.15
223.95	41425.36
224.03	41369.07
224.10	41300.29
224.17	41260.60
224.24	41218.92
224.31	41208.98
224.39	41258.51
224.46	41361.24
224.53	41480.93
224.60	41624.22
224.67	41764.80
224.75	41905.38
224.82	42060.09
224.89	42239.48
224.96	42420.09
225.03	42601.48
225.11	42771.28
225.18	42932.88
225.25	43061.20
225.32	43165.56
225.39	43248.31
225.47	43313.22
225.54	43330.55
225.61	43285.72
225.68	43216.07
225.75	43157.38
225.83	43118.13
225.90	43138.16
225.97	43223.96
226.04	43350.42
226.11	43488.01
226.19	43633.74
226.26	43762.81
226.33	43906.60
226.40	44060.98
226.47	44196.92
226.54	44339.64
226.62	44478.06
226.69	44606.15
226.76	44712.75
226.83	44831.33
226.90	44929.82
226.98	45004.56
227.05	45065.73
227.12	45132.18
227.19	45177.78
227.26	45220.04
227.34	45282.87
227.41	45346.20
227.48	45370.62
227.55	45359.80
227.62	45341.70
227.69	45334.28
227.77	45351.38
227.84	45422.49
227.91	45545.10
227.98	45685.57
228.05	45802.40
228.12	45908.98
228.20	46026.52
228.27	46149.47
228.34	46265.64
228.41	46403.49
228.48	46531.48
228.56	46643.62
228.63	46749.68
228.70	46831.20
228.77	46915.73
228.84	47021.75
228.91	47127.02
228.99	47234.38
229.06	47374.94
229.13	47494.17
229.20	47605.36
229.27	47691.86
229.34	47761.77
229.42	47809.64
229.49	47849.64
229.56	47870.62
229.63	47889.02
229.70	47901.51
229.77	47936.71
229.85	47982.32
229.92	48035.88
229.99	48116.90
230.06	48219.04
230.13	48321.62
230.20	48440.02
230.27	48562.11
230.35	48684.54
230.42	48809.60
230.49	48929.86
230.56	49033.36
230.63	49137.40
230.70	49204.30
230.78	49263.28
230.85	49321.62
230.92	49393.30
230.99	49464.36
231.06	49579.50
231.13	49717.28
231.20	49851.58
231.28	49970.99
231.35	50088.86
231.42	50180.52
231.49	50254.88
231.56	50325.24
231.63	50406.26
231.71	50469.52
231.78	50532.92
231.85	50593.58
231.92	50659.59
231.99	50717.40
232.06	50788.40
232.13	50896.73
232.21	50997.35
232.28	51084.42
232.35	51166.87
232.42	51262.34
232.49	51321.30
232.56	51417.81
232.63	51512.21
232.71	51608.76
232.78	51707.64
232.85	51811.42
232.92	51884.38
232.99	51966.62
233.06	52063.59
233.13	52135.74
233.20	52201.38
233.28	52265.85
233.35	52321.54
233.42	52365.92
233.49	52436.55
233.56	52522.65
233.63	52606.38
233.70	52703.06
233.78	52808.31
233.85	52918.02
233.92	53017.48
233.99	53112.68
234.06	53205.84
234.13	53302.97
234.20	53380.88
234.27	53455.78
234.35	53525.84
234.42	53591.95
234.49	53656.72
234.56	53698.18
234.63	53742.35
234.70	53796.84
234.77	53829.42
234.84	53856.07
234.92	53920.81
234.99	53990.14
235.06	54060.44
235.13	54157.42
235.20	54259.78
235.27	54339.52
235.34	54421.28
235.41	54503.74
235.48	54591.66
235.56	54665.25
235.63	54738.72
235.70	54793.34
235.77	54835.95
235.84	54861.32
235.91	54881.52
235.98	54913.52
236.05	54957.96
236.12	55016.26
236.20	55058.78
236.27	55118.43
236.34	55173.92
236.41	55215.89
236.48	55247.29
236.55	55288.76
236.62	55339.09
236.69	55384.79
236.76	55454.36
236.84	55527.41
236.91	55607.73
236.98	55673.78
237.05	55736.84
237.12	55785.18
237.19	55832.96
237.26	55881.29
237.33	55922.71
237.40	55967.74
237.47	56008.14
237.55	56048.32
237.62	56113.99
237.69	56182.71
237.76	56250.40
237.83	56324.29
237.90	56402.96
237.97	56448.09
238.04	56496.37
238.11	56541.74
238.18	56592.63
238.26	56621.44
238.33	56654.61
238.40	56681.75
238.47	56712.46
238.54	56742.69
238.61	56768.45
238.68	56785.40
238.75	56796.33
238.82	56820.70
238.89	56849.93
238.96	56902.19
239.04	56965.15
239.11	57046.04
239.18	57106.84
239.25	57131.52
239.32	57150.96
239.39	57149.28
239.46	57133.42
239.53	57110.36
239.60	57108.90
239.67	57119.85
239.74	57149.84
239.81	57170.64
239.89	57211.07
239.96	57258.70
240.03	57286.50
240.10	57307.35
240.17	57339.22
240.24	57356.92
240.31	57379.03
240.38	57411.55
240.45	57471.25
240.52	57542.33
240.59	57612.12
240.66	57670.58
240.73	57716.12
240.80	57744.17
240.88	57757.64
240.95	57768.48
241.02	57785.60
241.09	57809.76
241.16	57832.32
241.23	57853.85
241.30	57861.90
241.37	57838.74
241.44	57834.70
241.51	57830.90
241.58	57836.16
241.65	57862.45
241.72	57914.42
241.79	57938.67
241.86	57947.39
241.94	57953.81
242.01	57941.60
242.08	57928.40
242.15	57934.42
242.22	57959.50
242.29	57956.63
242.36	57975.66
242.43	57972.34
242.50	57959.70
242.57	57936.69
242.64	57934.94
242.71	57915.44
242.78	57924.71
242.85	57933.82
242.92	57941.80
242.99	57958.47
243.06	57981.27
243.14	57984.74
243.21	57987.23
243.28	57996.38
243.35	58000.70
243.42	58028.30
243.49	58061.99
243.56	58094.94
243.63	58120.02
243.70	58137.99
243.77	58131.02
243.84	58114.81
243.91	58092.65
243.98	58069.10
244.05	58035.16
244.12	58002.38
244.19	57979.67
244.26	57963.96
244.33	57948.96
244.40	57934.56
244.47	57931.66
244.54	57924.55
244.62	57888.77
244.69	57858.65
244.76	57847.22
244.83	57835.23
244.90	57848.19
244.97	57879.47
245.04	57901.89
245.11	57907.58
245.18	57900.71
245.25	57890.32
245.32	57890.44
245.39	57909.04
245.46	57922.38
245.53	57932.96
245.60	57920.80
245.67	57915.44
245.74	57899.72
245.81	57891.80
245.88	57876.33
245.95	57869.89
246.02	57838.87
246.09	57787.95
246.16	57733.91
246.23	57684.32
246.30	57646.33
246.37	57637.78
246.44	57657.28
246.51	57679.94
246.58	57721.84
246.65	57750.39
246.72	57768.66
246.79	57774.30
246.87	57775.25
246.94	57768.98
247.01	57739.28
247.08	57694.56
247.15	57640.28
247.22	57582.72
247.29	57511.36
247.36	57464.84
247.43	57430.43
247.50	57418.47
247.57	57417.24
247.64	57437.94
247.71	57467.98
247.78	57491.98
247.85	57506.53
247.92	57528.97
247.99	57531.05
248.06	57514.43
248.13	57494.59
248.20	57469.52
248.27	57439.48
248.34	57420.70
248.41	57410.94
248.48	57416.44
248.55	57418.12
248.62	57418.67
248.69	57429.40
248.76	57413.94
248.83	57386.06
248.90	57350.19
248.97	57310.07
249.04	57247.75
249.11	57214.70
249.18	57172.79
249.25	57148.00
249.32	57112.79
249.39	57065.26
249.46	57003.76
249.53	56953.27
249.60	56890.87
249.67	56854.31
249.74	56835.06
249.81	56836.22
249.88	56848.72
249.95	56889.01
250.02	56925.25
250.09	56955.76
250.16	56972.56
250.23	56957.62
250.30	56939.07
250.37	56915.77
250.44	56911.02
250.51	56900.57
250.58	56912.20
250.65	56905.28
250.72	56866.02
250.79	56819.68
250.86	56766.03
250.93	56707.97
251.00	56638.70
251.07	56616.22
251.14	56589.04
251.21	56574.75
251.28	56559.36
251.35	56560.80
251.42	56547.74
251.49	56533.23
251.56	56520.68
251.63	56506.20
251.70	56490.58
251.77	56467.40
251.84	56438.39
251.91	56394.90
251.98	56343.10
252.05	56299.76
252.12	56252.44
252.18	56209.13
252.25	56188.41
252.32	56189.04
252.39	56176.06
252.46	56165.48
252.53	56152.72
252.60	56131.12
252.67	56103.14
252.74	56079.93
252.81	56047.56
252.88	56025.67
252.95	55994.90
253.02	55962.65
253.09	55931.08
253.16	55923.16
253.23	55899.65
253.30	55892.41
253.37	55875.07
253.44	55860.51
253.51	55823.20
253.58	55796.66
253.65	55771.24
253.72	55764.80
253.79	55751.52
253.86	55749.92
253.93	55744.27
254.00	55722.01
254.07	55691.16
254.14	55657.80
254.21	55613.64
254.28	55581.56
254.35	55561.11
254.41	55532.58
254.48	55492.44
254.55	55462.42
254.62	55436.65
254.69	55390.51
254.76	55354.57
254.83	55321.38
254.90	55298.14
254.97	55266.62
255.04	55254.62
255.11	55224.84
255.18	55180.57
255.25	55106.79
255.32	55045.77
255.39	54979.38
255.46	54938.66
255.53	54917.28
255.60	54914.20
255.67	54897.53
255.74	54886.40
255.81	54872.61
255.87	54874.52
255.94	54864.48
256.01	54863.92
256.08	54863.46
256.15	54854.21
256.22	54826.44
256.29	54813.58
256.36	54789.31
256.43	54764.80
256.50	54746.42
256.57	54730.77
256.64	54704.63
256.71	54677.51
256.78	54646.87
256.85	54609.34
256.92	54576.56
256.99	54560.19
257.05	54547.48
257.12	54514.32
257.19	54456.62
257.26	54395.46
257.33	54305.57
257.40	54191.02
257.47	54082.15
257.54	54007.11
257.61	53924.81
257.68	53888.80
257.75	53889.51
257.82	53926.52
257.89	53953.91
257.96	53987.07
258.03	53987.12
258.09	53959.27
258.16	53899.46
258.23	53826.50
258.30	53770.01
258.37	53710.82
258.44	53670.93
258.51	53660.41
258.58	53662.05
258.65	53658.57
258.72	53666.04
258.79	53653.04
258.86	53616.74
258.93	53582.76
258.99	53542.96
259.06	53495.34
259.13	53453.73
259.20	53413.26
259.27	53371.05
259.34	53337.70
259.41	53314.16
259.48	53315.22
259.55	53305.12
259.62	53290.91
259.69	53253.03
259.76	53198.96
259.82	53129.87
259.89	53082.88
259.96	53043.54
260.03	53014.46
260.10	52990.23
260.17	52944.10
260.24	52886.24
260.31	52831.74
260.38	52785.30
260.45	52761.25
260.52	52741.46
260.59	52708.36
260.65	52667.78
260.72	52640.72
260.79	52607.68
260.86	52582.85
260.93	52557.11
261.00	52524.39
261.07	52466.96
261.14	52374.80
261.21	52280.53
261.28	52204.79
261.34	52124.25
261.41	52053.12
261.48	52012.56
261.55	51990.78
261.62	51967.57
261.69	51951.25
261.76	51931.82
261.83	51901.83
261.90	51854.18
261.97	51793.23
262.03	51743.34
262.10	51691.46
262.17	51644.97
262.24	51632.29
262.31	51625.51
262.38	51618.88
262.45	51616.76
262.52	51606.22
262.59	51558.82
262.65	51514.28
262.72	51459.61
262.79	51407.83
262.86	51359.98
262.93	51327.04
263.00	51286.11
263.07	51244.62
263.14	51200.43
263.21	51175.56
263.27	51147.34
263.34	51144.03
263.41	51118.20
263.48	51079.32
263.55	51013.40
263.62	50919.20
263.69	50821.60
263.76	50746.22
263.82	50687.34
263.89	50651.44
263.96	50648.11
264.03	50624.96
264.10	50604.35
264.17	50549.89
264.24	50489.45
264.31	50409.22
264.38	50337.00
264.44	50262.19
264.51	50192.78
264.58	50126.52
264.65	50081.30
264.72	50014.69
264.79	49962.01
264.86	49941.90
264.92	49913.34
264.99	49885.68
265.06	49867.79
265.13	49833.70
265.20	49796.58
265.27	49756.84
265.34	49710.59
265.41	49680.17
265.47	49659.06
265.54	49637.44
265.61	49637.34
265.68	49629.08
265.75	49600.94
265.82	49552.44
265.89	49476.68
265.95	49380.73
266.02	49280.08
266.09	49208.90
266.16	49153.20
266.23	49118.42
266.30	49084.72
266.37	49043.70
266.44	48976.48
266.50	48930.18
266.57	48873.78
266.64	48813.56
266.71	48749.14
266.78	48680.95
266.85	48585.24
266.91	48516.08
266.98	48453.95
267.05	48415.44
267.12	48396.27
267.19	48401.72
267.26	48399.01
267.33	48393.03
267.39	48374.71
267.46	48351.61
267.53	48297.32
267.60	48227.42
267.67	48160.57
267.74	48114.94
267.81	48074.28
267.87	48044.60
267.94	48037.32
268.01	48029.08
268.08	47984.49
268.15	47917.20
268.22	47844.46
268.28	47734.62
268.35	47609.69
268.42	47506.80
268.49	47416.18
268.56	47343.94
268.63	47293.54
268.69	47273.46
268.76	47257.68
268.83	47262.62
268.90	47273.78
268.97	47289.86
269.04	47298.34
269.11	47285.95
269.17	47252.84
269.24	47202.39
269.31	47156.48
269.38	47101.22
269.45	47069.24
269.52	47050.15
269.58	47028.52
269.65	46989.36
269.72	46946.36
269.79	46902.46
269.86	46850.69
269.92	46788.54
269.99	46730.36
270.06	46665.11
270.13	46603.31
270.20	46543.95
270.27	46515.74
270.33	46498.38
270.40	46476.28
270.47	46458.49
270.54	46445.22
270.61	46419.10
270.68	46403.77
270.74	46400.26
270.81	46386.87
270.88	46358.82
270.95	46316.29
271.02	46242.16
271.08	46167.36
271.15	46084.97
271.22	46024.20
271.29	45978.57
271.36	45928.42
271.43	45890.78
271.49	45861.63
271.56	45821.70
271.63	45777.61
271.70	45750.04
271.77	45731.32
271.83	45693.85
271.90	45650.33
271.97	45609.30
272.04	45562.66
272.11	45503.81
272.17	45478.05
272.24	45453.59
272.31	45426.96
272.38	45421.81
272.45	45401.72
272.52	45366.82
272.58	45345.82
272.65	45332.74
272.72	45294.70
272.79	45267.12
272.86	45235.82
272.92	45195.52
272.99	45151.46
273.06	45112.67
273.13	45059.86
273.20	45004.18
273.26	44932.66
273.33	44856.70
273.40	44789.78
273.47	44745.06
273.54	44708.22
273.60	44692.80
273.67	44683.49
273.74	44682.67
273.81	44687.61
273.88	44711.48
273.94	44738.20
274.01	44780.06
274.08	44818.88
274.15	44831.55
274.21	44814.40
274.28	44769.28
274.35	44697.32
274.42	44601.06
274.49	44508.35
274.55	44433.02
274.62	44373.52
274.69	44308.15
274.76	44260.68
274.83	44229.14
274.89	44195.65
274.96	44156.36
275.03	44134.35
275.10	44106.40
275.17	44071.33
275.23	44021.56
275.30	43986.00
275.37	43959.74
275.44	43941.78
275.50	43921.48
275.57	43909.58
275.64	43886.00
275.71	43843.76
275.78	43808.64
275.84	43781.64
275.91	43756.43
275.98	43742.22
276.05	43721.80
276.11	43695.12
276.18	43649.97
276.25	43582.13
276.32	43504.37
276.39	43430.53
276.45	43340.26
276.52	43264.60
276.59	43210.52
276.66	43176.88
276.72	43164.94
276.79	43168.67
276.86	43170.66
276.93	43162.69
276.99	43133.73
277.06	43086.87
277.13	43035.42
277.20	42988.60
277.26	42963.55
277.33	42951.08
277.40	42948.62
277.47	42942.77
277.54	42928.04
277.60	42894.45
277.67	42825.95
277.74	42731.55
277.81	42637.35
277.87	42549.60
277.94	42464.42
278.01	42418.60
278.08	42385.73
278.14	42370.26
278.21	42373.56
278.28	42391.54
278.35	42411.57
278.41	42457.04
278.48	42490.87
278.55	42490.13
278.62	42483.24
278.68	42431.32
278.75	42342.34
278.82	42228.14
278.89	42125.45
278.95	42018.76
279.02	41953.70
279.09	41929.04
279.16	41944.98
279.22	41973.74
279.29	42018.43
279.36	42043.28
279.43	42024.08
279.49	41960.74
279.56	41847.52
279.63	41701.28
279.70	41549.82
279.76	41426.40
279.83	41349.52
279.90	41320.48
279.97	41304.12
280.03	41315.35
280.10	41321.08
280.17	41317.58
280.24	41314.28
280.30	41310.82
280.37	41288.60
280.44	41280.96
280.51	41264.11
280.57	41248.86
280.64	41232.36
280.71	41218.34
280.77	41176.50
280.84	41109.26
280.91	41029.39
280.98	40930.58
281.04	40830.80
281.11	40739.46
281.18	40646.92
281.25	40542.62
281.31	40450.99
281.38	40341.58
281.45	40237.47
281.52	40156.44
281.58	40072.80
281.65	40005.22
281.72	39963.87
281.78	39938.98
281.85	39912.18
281.92	39920.54
281.99	39919.27
282.05	39933.13
282.12	39929.58
282.19	39945.48
282.26	39954.06
282.32	39970.54
282.39	39983.02
282.46	39976.68
282.52	39971.36
282.59	39962.48
282.66	39963.32
282.73	39949.10
282.79	39939.99
282.86	39888.26
282.93	39796.48
282.99	39676.68
283.06	39533.55
283.13	39382.04
283.20	39243.22
283.26	39126.16
283.33	39027.70
283.40	38958.64
283.46	38931.54
283.53	38919.10
283.60	38915.71
283.67	38919.40
283.73	38943.75
283.80	38954.01
283.87	38974.80
283.93	39014.08
284.00	39034.97
284.07	39027.82
284.13	39017.80
284.20	38991.60
284.27	38944.30
284.34	38900.53
284.40	38868.22
284.47	38840.14
284.54	38824.32
284.60	38805.46
284.67	38771.46
284.74	38731.05
284.81	38673.96
284.87	38597.52
284.94	38498.76
285.01	38406.97
285.07	38294.00
285.14	38188.40
285.21	38101.39
285.27	38050.39
285.34	38028.86
285.41	38037.86
285.47	38060.01
285.54	38088.10
285.61	38113.14
285.68	38132.02
285.74	38154.35
285.81	38165.89
285.88	38179.86
285.94	38196.80
286.01	38216.04
286.08	38235.20
286.14	38258.92
286.21	38263.26
286.28	38269.06
286.34	38249.58
286.41	38182.87
286.48	38088.74
286.55	37975.34
286.61	37842.05
286.68	37709.89
286.75	37603.96
286.81	37517.00
286.88	37450.96
286.95	37399.34
287.01	37384.27
287.08	37382.51
287.15	37397.11
287.21	37424.21
287.28	37451.78
287.35	37455.56
287.41	37467.06
287.48	37478.06
287.55	37475.80
287.61	37484.35
287.68	37484.33
287.75	37483.90
287.81	37470.85
287.88	37471.56
287.95	37475.64
288.01	37473.80
288.08	37467.23
288.15	37456.72
288.21	37442.56
288.28	37404.80
288.35	37370.90
288.41	37322.04
288.48	37262.70
288.55	37174.10
288.61	37065.92
288.68	36968.55
288.75	36868.76
288.81	36783.66
288.88	36727.28
288.95	36722.04
289.01	36735.86
289.08	36777.28
289.15	36839.76
289.21	36914.94
289.28	36981.10
289.35	37045.08
289.41	37079.14
289.48	37107.23
289.55	37109.18
289.61	37093.95
289.68	37066.35
289.75	37044.68
289.81	36991.57
289.88	36944.24
289.95	36883.40
290.01	36817.39
290.08	36759.39
290.15	36709.92
290.21	36672.46
290.28	36650.01
290.35	36622.94
290.41	36590.08
290.48	36548.98
290.55	36469.12
290.61	36392.26
290.68	36328.15
290.74	36290.26
290.81	36294.20
290.88	36332.73
290.94	36394.94
291.01	36453.92
291.08	36507.81
291.14	36556.27
291.21	36612.70
291.28	36648.25
291.34	36689.01
291.41	36714.33
291.48	36726.28
291.54	36721.44
291.61	36701.78
291.68	36667.89
291.74	36606.22
291.81	36538.36
291.87	36483.09
291.94	36400.76
292.01	36320.60
292.07	36244.26
292.14	36164.44
292.21	36067.91
292.27	36003.86
292.34	35948.78
292.41	35921.08
292.47	35897.86
292.54	35890.03
292.60	35907.84
292.67	35942.38
292.74	35982.21
292.80	36040.42
292.87	36110.13
292.94	36180.64
293.00	36232.67
293.07	36277.35
293.13	36327.45
293.20	36369.28
293.27	36399.39
293.33	36416.30
293.40	36433.20
293.47	36417.76
293.53	36373.67
293.60	36307.26
293.66	36212.35
293.73	36089.28
293.80	35959.02
293.86	35845.62
293.93	35745.12
294.00	35679.13
294.06	35648.99
294.13	35633.94
294.19	35607.07
294.26	35580.76
294.33	35569.89
294.39	35537.98
294.46	35522.03
294.52	35527.04
294.59	35561.96
294.66	35606.95
294.72	35670.36
294.79	35739.88
294.86	35816.51
294.92	35882.89
294.99	35958.68
295.05	36028.54
295.12	36093.34
295.19	36158.14
295.25	36204.20
295.32	36223.72
295.38	36230.67
295.45	36227.18
295.52	36197.95
295.58	36132.54
295.65	36052.62
295.71	35965.72
295.78	35825.88
295.85	35674.87
295.91	35550.47
295.98	35419.83
296.04	35277.85
296.11	35191.09
296.18	35149.04
296.24	35129.89
296.31	35140.14
296.37	35209.69
296.44	35297.84
296.51	35390.20
296.57	35490.62
296.64	35597.26
296.70	35693.73
296.77	35759.74
296.84	35809.13
296.90	35853.20
296.97	35882.56
297.03	35907.61
297.10	35947.97
297.17	35995.72
297.23	36041.91
297.30	36087.96
297.36	36107.72
297.43	36112.20
297.50	36096.42
297.56	36047.46
297.63	35973.50
297.69	35857.13
297.76	35711.53
297.82	35538.85
297.89	35369.56
297.96	35207.76
298.02	35102.82
298.09	35030.38
298.15	34996.82
298.22	34994.74
298.29	35006.14
298.35	35027.37
298.42	35072.42
298.48	35128.90
298.55	35187.40
298.61	35271.48
298.68	35368.52
298.75	35454.31
298.81	35529.98
298.88	35609.54
298.94	35679.94
299.01	35729.91
299.08	35770.40
299.14	35815.99
299.21	35844.72
299.27	35863.10
299.34	35869.83
299.40	35886.20
299.47	35881.84
299.54	35876.98
299.60	35859.37
299.67	35818.69
299.73	35724.92
299.80	35580.84
299.86	35373.30
299.93	35139.06
299.99	34920.68
300.06	34736.92
300.13	34620.67
300.19	34573.65
300.26	34584.96
300.32	34637.35
300.39	34712.31
300.45	34811.11
300.52	34926.64
300.59	35039.62
300.65	35138.65
300.72	35249.66
300.78	35327.12
300.85	35391.09
300.91	35436.08
300.98	35475.15
301.04	35488.54
301.11	35513.29
301.18	35543.86
301.24	35576.03
301.31	35591.31
301.37	35609.34
301.44	35605.92
301.50	35594.26
301.57	35562.46
301.63	35526.42
301.70	35453.43
301.77	35351.64
301.83	35200.48
301.90	35031.81
301.96	34844.36
302.03	34665.01
302.09	34523.88
302.16	34415.62
302.22	34351.79
302.29	34321.78
302.36	34328.76
302.42	34354.38
302.49	34408.47
302.55	34476.32
302.62	34549.32
302.68	34626.44
302.75	34703.53
302.81	34760.05
302.88	34803.35
302.94	34842.05
303.01	34874.58
303.07	34890.06
303.14	34919.18
303.21	34935.31
303.27	34951.69
303.34	34962.90
303.40	34958.60
303.47	34939.54
303.53	34916.64
303.60	34895.65
303.66	34850.65
303.73	34812.12
303.79	34761.99
303.86	34683.39
303.92	34579.40
303.99	34462.36
304.05	34294.16
304.12	34111.91
304.19	33960.92
304.25	33819.45
304.32	33717.00
304.38	33676.74
304.45	33665.18
304.51	33677.67
304.58	33722.52
304.64	33770.46
304.71	33830.56
304.77	33877.92
304.84	33911.50
304.90	33943.94
304.97	33957.86
305.03	33957.35
305.10	33969.04
305.16	33984.50
305.23	33976.20
305.29	33977.92
305.36	33960.85
305.42	33950.38
305.49	33918.37
305.56	33888.04
305.62	33846.74
305.69	33822.51
305.75	33778.78
305.82	33705.94
305.88	33588.92
305.95	33438.32
306.01	33258.88
306.08	33076.94
306.14	32923.32
306.21	32795.74
306.27	32695.38
306.34	32605.08
306.40	32513.78
306.47	32450.93
306.53	32438.92
306.60	32447.10
306.66	32486.76
306.73	32538.26
306.79	32567.75
306.86	32578.17
306.92	32585.56
306.99	32590.96
307.05	32596.56
307.12	32614.09
307.18	32611.22
307.25	32604.91
307.31	32586.84
307.38	32570.44
307.44	32542.97
307.51	32526.34
307.57	32490.48
307.64	32452.65
307.70	32407.34
307.77	32362.39
307.83	32305.14
307.90	32260.12
307.96	32211.04
308.03	32155.89
308.09	32086.18
308.16	32014.72
308.22	31938.12
308.29	31853.04
308.35	31760.89
308.42	31666.76
308.48	31546.62
308.55	31425.18
308.61	31315.38
308.68	31231.52
308.74	31156.24
308.81	31128.35
308.87	31121.50
308.94	31120.84
309.00	31112.82
309.07	31118.12
309.13	31109.92
309.20	31101.44
309.26	31080.62
309.33	31054.40
309.39	31029.99
309.45	30996.68
309.52	30946.50
309.58	30906.82
309.65	30863.94
309.71	30801.15
309.78	30752.42
309.84	30696.94
309.91	30641.04
309.97	30581.02
310.04	30541.76
310.10	30482.38
310.17	30431.04
310.23	30373.39
310.30	30322.00
310.36	30257.02
310.43	30191.44
310.49	30111.49
310.56	30029.96
310.62	29931.36
310.69	29831.27
310.75	29744.52
310.81	29684.42
310.88	29630.98
310.94	29594.51
311.01	29560.70
311.07	29543.67
311.14	29506.83
311.20	29471.28
311.27	29433.98
311.33	29416.74
311.40	29379.98
311.46	29356.38
311.53	29322.33
311.59	29301.62
311.66	29269.14
311.72	29229.30
311.78	29188.96
311.85	29155.59
311.91	29122.00
311.98	29079.00
312.04	29036.58
312.11	28990.94
312.17	28952.47
312.24	28898.81
312.30	28845.05
312.37	28784.50
312.43	28728.56
312.50	28666.12
312.56	28604.53
312.62	28536.75
312.69	28481.03
312.75	28414.73
312.82	28334.23
312.88	28252.17
312.95	28180.14
313.01	28098.36
313.08	28028.92
313.14	27974.13
313.20	27929.96
313.27	27879.33
313.33	27835.18
313.40	27795.05
313.46	27756.06
313.53	27718.35
313.59	27686.23
313.66	27668.50
313.72	27642.48
313.78	27604.46
313.85	27567.01
313.91	27535.10
313.98	27491.82
314.04	27455.49
314.11	27425.02
314.17	27376.10
314.24	27318.78
314.30	27273.41
314.36	27209.60
314.43	27155.06
314.49	27107.89
314.56	27065.61
314.62	27004.98
314.69	26951.52
314.75	26887.69
314.81	26827.96
314.88	26768.22
314.94	26723.08
315.01	26677.26
315.07	26628.46
315.14	26581.58
315.20	26536.79
315.27	26477.34
315.33	26438.37
315.39	26387.56
315.46	26343.12
315.52	26288.37
315.59	26251.17
315.65	26189.67
315.72	26149.80
315.78	26102.92
315.84	26066.91
315.91	26030.80
315.97	26005.00
316.04	25991.70
316.10	25979.15
316.16	25945.26
316.23	25874.57
316.29	25774.76
316.36	25640.44
316.42	25464.72
316.49	25269.92
316.55	25066.18
316.61	24860.98
316.68	24631.59
316.74	24414.72
316.81	24190.86
316.87	23963.34
316.93	23735.26
317.00	23520.32
317.06	23300.86
317.13	23083.16
317.19	22871.76
317.26	22657.10
317.32	22443.91
317.38	22232.90
317.45	22025.11
317.51	21822.22
317.58	21615.22
317.64	21401.76
317.70	21187.30
317.77	20980.04
317.83	20773.71
317.90	20569.91
317.96	20361.38
318.02	20153.06
318.09	19955.51
318.15	19743.40
318.22	19527.61
318.28	19324.22
318.34	19109.00
318.41	18877.52
318.47	18662.49
318.54	18457.46
318.60	18246.28
318.66	18051.52
318.73	17855.01
318.79	17664.22
318.86	17466.44
318.92	17273.28
318.98	17084.00
319.05	16893.22
319.11	16703.33
319.18	16509.38
319.24	16316.14
319.30	16103.06
319.37	15918.58
319.43	15718.89
319.50	15529.59
319.56	15337.86
319.62	15159.54
319.69	14963.26
319.75	14780.29
319.82	14593.56
319.88	14403.88
319.94	14217.15
320.01	14039.94
320.07	13851.13
320.13	13667.66
320.20	13481.65
320.26	13300.10
320.33	13114.06
320.39	12930.96
320.45	12745.36
320.52	12573.31
320.58	12395.74
320.65	12215.87
320.71	12041.60
320.77	11872.61
320.84	11689.94
320.90	11513.56
320.96	11332.46
321.03	11141.50
321.09	10952.19
321.16	10770.50
321.22	10579.44
321.28	10400.98
321.35	10236.01
321.41	10062.87
321.47	9888.12
321.54	9726.92
321.60	9550.03
321.67	9377.82
321.73	9212.66
321.79	9047.81
321.86	8872.56
321.92	8705.18
321.98	8516.74
322.05	8325.78
322.11	8135.08
322.18	7939.53
322.24	7747.50
322.30	7570.28
322.37	7400.60
322.43	7220.62
322.49	7057.62
322.56	6881.18
322.62	6710.02
322.68	6529.30
322.75	6366.86
322.81	6189.22
322.88	6020.06
322.94	5847.14
323.00	5675.88
323.07	5498.38
323.13	5330.00
323.19	5166.24
323.26	5003.80
323.32	4847.42
323.38	4690.02
323.45	4470.52
323.51	3828.18
323.57	2942.83
323.64	2013.53
323.70	1122.77
323.76	324.16
323.83	-20.44
323.89	-90.04
323.96	-89.78
