180.25	3523.77
180.33	-134.25
180.40	659.50
180.48	-27.93
180.56	17.47
180.63	55.47
180.71	98.70
180.78	97.63
180.86	98.23
180.93	102.91
181.01	104.55
181.08	103.47
181.16	102.11
181.23	103.17
181.31	104.03
181.39	129.56
181.46	138.93
181.54	150.05
181.61	167.41
181.69	175.02
181.76	166.77
181.84	160.23
181.91	161.64
181.99	162.91
182.06	164.13
182.14	169.47
182.22	174.82
182.29	185.55
182.37	188.83
182.44	201.38
182.52	198.21
182.59	217.71
182.67	226.63
182.74	232.49
182.82	235.81
182.89	246.69
182.97	245.05
183.04	253.40
183.12	260.65
183.20	280.85
183.27	291.87
183.35	320.65
183.42	341.29
183.50	382.79
183.57	404.39
183.65	447.75
183.72	486.51
183.80	537.49
183.87	576.04
183.95	617.61
184.02	663.69
184.10	694.27
184.17	713.07
184.25	715.68
184.32	708.94
184.40	682.41
184.47	635.95
184.55	594.46
184.62	590.88
184.70	618.40
184.78	663.30
184.85	764.89
184.93	883.11
185.00	995.43
185.08	1110.33
185.15	1224.86
185.23	1341.05
185.30	1450.43
185.38	1555.86
185.45	1654.09
185.53	1762.33
185.60	1852.37
185.68	1957.93
185.75	2036.17
185.83	2096.44
185.90	2123.32
185.98	2092.67
186.05	2004.55
186.13	1895.13
186.20	1757.34
186.28	1645.70
186.35	1617.34
186.43	1677.26
186.50	1820.39
186.58	2027.55
186.65	2249.28
186.73	2471.05
186.80	2660.35
186.88	2824.61
186.95	2990.05
187.03	3132.57
187.10	3248.98
187.18	3393.20
187.25	3528.68
187.33	3664.41
187.40	3831.32
187.48	3984.05
187.55	4108.92
187.63	4211.07
187.70	4249.15
187.78	4243.62
187.85	4213.69
187.93	4088.99
188.00	3884.10
188.08	3655.62
188.15	3444.94
188.23	3313.49
188.30	3315.47
188.38	3448.43
188.45	3668.47
188.53	3897.34
188.60	4098.18
188.68	4267.04
188.75	4420.05
188.83	4594.71
188.90	4755.94
188.98	4922.85
189.05	5101.78
189.13	5267.03
189.20	5415.96
189.28	5593.06
189.35	5790.73
189.43	5997.05
189.50	6186.27
189.58	6292.93
189.65	6295.39
189.73	6187.03
189.80	5977.83
189.87	5709.97
189.95	5416.65
190.02	5076.41
190.10	4720.15
190.17	4419.08
190.25	4233.91
190.32	4192.45
190.40	4300.27
190.47	4532.07
190.55	4817.47
190.62	5121.00
190.70	5404.65
190.77	5698.53
190.85	5981.25
190.92	6234.31
191.00	6439.85
191.07	6602.81
191.15	6688.52
191.22	6718.52
191.29	6672.46
191.37	6563.93
191.44	6433.10
191.52	6316.70
191.59	6183.56
191.67	6055.47
191.74	5927.46
191.82	5807.57
191.89	5704.65
191.97	5649.63
192.04	5631.50
192.12	5635.09
192.19	5637.53
192.27	5646.83
192.34	5682.48
192.41	5776.55
192.49	5920.69
192.56	6106.97
192.64	6295.47
192.71	6441.21
192.79	6487.15
192.86	6417.86
192.94	6207.45
193.01	5921.16
193.09	5624.17
193.16	5370.99
193.23	5203.50
193.31	5154.97
193.38	5236.38
193.46	5388.87
193.53	5609.23
193.61	5883.85
193.68	6187.30
193.76	6473.83
193.83	6750.17
193.91	6990.26
193.98	7182.19
194.05	7299.43
194.13	7306.74
194.20	7202.26
194.28	7021.11
194.35	6790.89
194.43	6515.31
194.50	6185.89
194.58	5799.25
194.65	5383.45
194.72	4979.13
194.80	4647.50
194.87	4470.74
194.95	4508.23
195.02	4715.11
195.10	5061.91
195.17	5554.90
195.25	6123.84
195.32	6686.66
195.39	7187.94
195.47	7585.45
195.54	7824.85
195.62	7878.83
195.69	7747.21
195.77	7460.73
195.84	7040.55
195.91	6537.37
195.99	6082.57
196.06	5712.93
196.14	5401.25
196.21	5123.60
196.29	4878.00
196.36	4655.37
196.43	4499.44
196.51	4520.44
196.58	4772.79
196.66	5239.51
196.73	5832.43
196.81	6493.34
196.88	7139.85
196.95	7685.29
197.03	8040.64
197.10	8174.66
197.18	8078.32
197.25	7797.81
197.33	7415.39
197.40	6997.75
197.47	6614.52
197.55	6313.41
197.62	6041.65
197.70	5767.54
197.77	5495.31
197.84	5185.33
197.92	4845.69
197.99	4629.59
198.07	4661.72
198.14	5009.33
198.22	5714.33
198.29	6662.24
198.36	7678.72
198.44	8605.63
198.51	9295.33
198.59	9654.31
198.66	9710.83
198.73	9493.18
198.81	9053.86
198.88	8451.09
198.96	7806.03
199.03	7256.30
199.10	6876.15
199.18	6630.71
199.25	6485.87
199.33	6316.49
199.40	6014.15
199.48	5629.83
199.55	5347.86
199.62	5311.79
199.70	5722.97
199.77	6606.13
199.85	7795.75
199.92	9004.22
199.99	10057.98
200.07	10765.04
200.14	11054.68
200.22	10885.11
200.29	10360.35
200.36	9730.11
200.44	9167.46
200.51	8739.56
200.59	8483.19
200.66	8344.04
200.73	8221.22
200.81	8061.89
200.88	7819.93
200.95	7491.95
201.03	7130.40
201.10	6867.53
201.18	6786.28
201.25	7001.10
201.32	7606.27
201.40	8598.81
201.47	9762.51
201.55	10856.96
201.62	11662.09
201.69	12040.29
201.77	12071.20
201.84	11845.83
201.92	11398.35
201.99	10848.25
202.06	10403.76
202.14	10126.00
202.21	9992.65
202.28	10018.33
202.36	10124.36
202.43	10164.65
202.51	10109.97
202.58	9978.81
202.65	9756.36
202.73	9544.05
202.80	9530.65
202.87	9844.23
202.95	10495.65
203.02	11423.06
203.10	12501.84
203.17	13508.04
203.24	14088.66
203.32	14016.13
203.39	13362.44
203.46	12500.69
203.54	11724.64
203.61	11237.79
203.69	11168.15
203.76	11539.80
203.83	12126.30
203.91	12679.58
203.98	13137.15
204.05	13476.73
204.13	13696.43
204.20	13729.09
204.28	13640.44
204.35	13478.83
204.42	13321.47
204.50	13242.34
204.57	13367.79
204.64	13733.65
204.72	14217.82
204.79	14585.00
204.86	14687.97
204.94	14544.86
205.01	14175.34
205.09	13619.71
205.16	13134.09
205.23	12946.04
205.31	13064.98
205.38	13414.89
205.45	14019.77
205.53	14798.95
205.60	15609.58
205.67	16320.68
205.75	16881.75
205.82	17258.93
205.89	17463.03
205.97	17543.67
206.04	17549.97
206.12	17522.87
206.19	17489.33
206.26	17492.20
206.34	17563.85
206.41	17613.41
206.48	17461.40
206.56	16958.00
206.63	16139.09
206.70	15184.57
206.78	14388.79
206.85	14026.85
206.92	14274.34
207.00	15028.46
207.07	16036.25
207.14	17047.29
207.22	17943.11
207.29	18722.22
207.36	19421.41
207.44	20046.51
207.51	20586.95
207.58	21052.41
207.66	21411.00
207.73	21640.35
207.80	21664.37
207.88	21495.35
207.95	21208.39
208.02	20824.09
208.10	20184.43
208.17	19266.61
208.25	18254.67
208.32	17336.78
208.39	16616.31
208.47	16322.23
208.54	16531.11
208.61	17107.55
208.69	17810.33
208.76	18554.02
208.83	19336.13
208.90	20165.43
208.98	20983.42
209.05	21757.05
209.12	22452.69
209.20	23035.71
209.27	23511.60
209.34	23902.24
209.42	24223.73
209.49	24455.53
209.56	24568.93
209.64	24524.54
209.71	24202.47
209.78	23497.85
209.86	22485.65
209.93	21339.44
210.00	20149.57
210.08	19124.81
210.15	18563.07
210.22	18538.23
210.30	18925.86
210.37	19659.00
210.44	20618.25
210.52	21617.95
210.59	22519.91
210.66	23290.67
210.74	23958.85
210.81	24541.82
210.88	25082.93
210.96	25590.50
211.03	26081.37
211.10	26540.01
211.17	26949.34
211.25	27193.55
211.32	27225.37
211.39	27013.07
211.47	26440.83
211.54	25372.19
211.61	23981.93
211.69	22656.61
211.76	21654.57
211.83	21166.03
211.91	21357.36
211.98	22072.60
212.05	22974.40
212.12	23811.26
212.20	24529.32
212.27	25116.53
212.34	25592.30
212.42	26005.06
212.49	26399.69
212.56	26794.97
212.64	27216.77
212.71	27694.31
212.78	28169.36
212.85	28586.69
212.93	28868.33
213.00	28998.16
213.07	28923.07
213.15	28505.07
213.22	27753.56
213.29	26883.05
213.37	25987.74
213.44	25178.04
213.51	24712.37
213.58	24680.19
213.66	24946.63
213.73	25432.22
213.80	26065.05
213.88	26702.50
213.95	27213.20
214.02	27598.32
214.09	27914.87
214.17	28215.87
214.24	28579.84
214.31	29036.03
214.39	29552.52
214.46	30056.07
214.53	30479.08
214.60	30785.05
214.68	30995.89
214.75	31091.52
214.82	31023.45
214.90	30745.09
214.97	30142.00
215.04	29188.11
215.11	28152.77
215.19	27327.09
215.26	26897.55
215.33	26945.81
215.41	27501.47
215.48	28293.89
215.55	29049.62
215.62	29636.61
215.70	30124.01
215.77	30550.67
215.84	30963.33
215.91	31362.26
215.99	31768.29
216.06	32140.80
216.13	32429.41
216.21	32609.31
216.28	32750.06
216.35	32867.94
216.42	32946.93
216.50	32973.19
216.57	32936.54
216.64	32699.98
216.71	32154.27
216.79	31422.97
216.86	30704.30
216.93	30118.02
217.01	29827.58
217.08	29933.91
217.15	30363.55
217.22	30941.33
217.30	31572.22
217.37	32171.21
217.44	32726.17
217.51	33194.96
217.59	33575.81
217.66	33869.67
217.73	34113.89
217.80	34317.43
217.88	34471.69
217.95	34610.18
218.02	34740.05
218.09	34864.33
218.17	35011.65
218.24	35163.63
218.31	35271.69
218.38	35282.82
218.46	35127.73
218.53	34664.15
218.60	33999.73
218.67	33285.35
218.75	32705.69
218.82	32393.99
218.89	32481.45
218.96	32893.35
219.04	33488.89
219.11	34095.92
219.18	34619.88
219.25	35049.81
219.33	35414.99
219.40	35733.73
219.47	36034.81
219.54	36314.99
219.62	36572.15
219.69	36801.02
219.76	37025.10
219.83	37220.15
219.91	37413.34
219.98	37600.33
220.05	37729.88
220.12	37760.37
220.20	37700.07
220.27	37493.51
220.34	37071.17
220.41	36509.61
220.49	35966.17
220.56	35558.75
220.63	35379.13
220.70	35484.84
220.78	35835.37
220.85	36258.31
220.92	36641.53
220.99	36951.36
221.06	37221.35
221.14	37462.83
221.21	37706.45
221.28	37963.02
221.35	38235.63
221.43	38495.13
221.50	38734.03
221.57	38946.15
221.64	39149.09
221.72	39321.68
221.79	39467.85
221.86	39560.20
221.93	39620.46
222.00	39629.88
222.08	39564.68
222.15	39388.48
222.22	39161.20
222.29	38926.64
222.37	38737.61
222.44	38634.54
222.51	38657.93
222.58	38762.87
222.65	38900.74
222.73	39046.31
222.80	39192.25
222.87	39357.25
222.94	39541.57
223.02	39746.82
223.09	39940.91
223.16	40145.84
223.23	40354.03
223.30	40581.18
223.38	40800.89
223.45	41016.74
223.52	41197.87
223.59	41356.63
223.66	41442.12
223.74	41470.99
223.81	41450.87
223.88	41431.81
223.95	41381.28
224.03	41318.35
224.10	41258.49
224.17	41230.15
224.24	41196.06
224.31	41188.17
224.39	41239.02
224.46	41341.60
224.53	41454.51
224.60	41579.80
224.67	41716.91
224.75	41864.61
224.82	42010.77
224.89	42175.79
224.96	42368.25
225.03	42542.78
225.11	42709.37
225.18	42873.71
225.25	43014.15
225.32	43119.50
225.39	43212.88
225.47	43284.05
225.54	43308.19
225.61	43267.67
225.68	43195.20
225.75	43131.57
225.83	43088.97
225.90	43092.07
225.97	43173.83
226.04	43301.58
226.11	43431.11
226.19	43566.25
226.26	43717.23
226.33	43864.10
226.40	44008.69
226.47	44159.10
226.54	44305.86
226.62	44434.31
226.69	44562.72
226.76	44675.71
226.83	44793.04
226.90	44903.19
226.98	44978.55
227.05	45039.77
227.12	45113.45
227.19	45167.34
227.26	45209.18
227.34	45270.16
227.41	45325.33
227.48	45351.16
227.55	45330.51
227.62	45297.73
227.69	45290.29
227.77	45313.38
227.84	45380.09
227.91	45507.49
227.98	45661.70
228.05	45793.17
228.12	45911.93
228.20	46017.62
228.27	46134.95
228.34	46241.97
228.41	46369.03
228.48	46489.99
228.56	46614.70
228.63	46711.29
228.70	46807.52
228.77	46886.95
228.84	46984.09
228.91	47081.78
228.99	47204.27
229.06	47335.50
229.13	47463.95
229.20	47573.99
229.27	47659.43
229.34	47720.59
229.42	47772.75
229.49	47815.59
229.56	47846.00
229.63	47873.13
229.70	47890.53
229.77	47908.03
229.85	47945.27
229.92	47999.07
229.99	48076.27
230.06	48176.97
230.13	48293.44
230.20	48416.31
230.27	48540.03
230.35	48670.96
230.42	48796.11
230.49	48918.99
230.56	49029.73
230.63	49133.18
230.70	49194.49
230.78	49260.47
230.85	49311.25
230.92	49369.82
230.99	49444.63
231.06	49559.63
231.13	49689.64
231.20	49826.65
231.28	49943.79
231.35	50050.26
231.42	50137.65
231.49	50214.37
231.56	50285.48
231.63	50356.29
231.71	50423.71
231.78	50487.21
231.85	50543.21
231.92	50604.77
231.99	50672.95
232.06	50752.45
232.13	50849.16
232.21	50946.79
232.28	51035.16
232.35	51126.89
232.42	51203.29
232.49	51291.10
232.56	51388.15
232.63	51492.56
232.71	51595.41
232.78	51702.48
232.85	51800.64
232.92	51887.14
232.99	51972.53
233.06	52053.25
233.13	52122.91
233.20	52176.72
233.28	52229.13
233.35	52268.17
233.42	52328.11
233.49	52412.78
233.56	52501.08
233.63	52584.79
233.70	52694.48
233.78	52798.21
233.85	52902.28
233.92	52994.26
233.99	53096.68
234.06	53186.43
234.13	53275.61
234.20	53357.59
234.27	53433.65
234.35	53497.47
234.42	53557.78
234.49	53609.19
234.56	53645.35
234.63	53694.48
234.70	53739.45
234.77	53778.17
234.84	53820.11
234.92	53877.69
234.99	53947.85
235.06	54024.35
235.13	54119.75
235.20	54215.69
235.27	54291.21
235.34	54369.35
235.41	54451.29
235.48	54526.58
235.56	54598.71
235.63	54691.28
235.70	54756.78
235.77	54815.09
235.84	54859.02
235.91	54894.22
235.98	54916.60
236.05	54948.85
236.12	54985.51
236.20	55013.81
236.27	55056.07
236.34	55101.89
236.41	55148.45
236.48	55193.27
236.55	55254.99
236.62	55307.75
236.69	55358.58
236.76	55422.99
236.84	55498.16
236.91	55566.00
236.98	55635.06
237.05	55701.21
237.12	55753.59
237.19	55793.65
237.26	55835.37
237.33	55888.93
237.40	55933.48
237.47	55987.85
237.55	56040.25
237.62	56103.81
237.69	56171.59
237.76	56237.59
237.83	56301.23
237.90	56367.85
237.97	56416.52
238.04	56454.83
238.11	56504.28
238.18	56547.11
238.26	56592.20
238.33	56633.97
238.40	56669.84
238.47	56704.48
238.54	56727.79
238.61	56739.95
238.68	56754.29
238.75	56768.09
238.82	56786.17
238.89	56829.96
238.96	56879.59
239.04	56940.35
239.11	57000.60
239.18	57050.64
239.25	57071.17
239.32	57090.62
239.39	57097.63
239.46	57090.80
239.53	57086.60
239.60	57088.86
239.67	57093.41
239.74	57112.94
239.81	57140.87
239.89	57177.33
239.96	57214.87
240.03	57258.95
240.10	57292.80
240.17	57321.75
240.24	57340.71
240.31	57375.27
240.38	57413.86
240.45	57470.20
240.52	57538.98
240.59	57604.61
240.66	57657.88
240.73	57701.18
240.80	57721.05
240.88	57731.09
240.95	57747.77
241.02	57768.35
241.09	57777.53
241.16	57798.04
241.23	57822.49
241.30	57834.96
241.37	57808.79
241.44	57802.43
241.51	57802.91
241.58	57809.24
241.65	57839.47
241.72	57896.19
241.79	57934.31
241.86	57947.47
241.94	57952.05
242.01	57932.97
242.08	57916.04
242.15	57911.80
242.22	57918.32
242.29	57925.58
242.36	57932.83
242.43	57928.20
242.50	57924.14
242.57	57912.18
242.64	57907.45
242.71	57893.96
242.78	57898.90
242.85	57897.95
242.92	57907.35
242.99	57903.58
243.06	57915.75
243.14	57928.70
243.21	57953.33
243.28	57968.99
243.35	58002.16
243.42	58043.87
243.49	58081.87
243.56	58091.89
243.63	58118.00
243.70	58130.34
243.77	58117.04
243.84	58098.05
243.91	58082.09
243.98	58055.21
244.05	58019.88
244.12	57990.05
244.19	57964.59
244.26	57944.24
244.33	57920.73
244.40	57907.44
244.47	57909.61
244.54	57898.49
244.62	57872.47
244.69	57850.70
244.76	57828.46
244.83	57813.14
244.90	57814.04
244.97	57833.27
245.04	57858.09
245.11	57868.37
245.18	57858.28
245.25	57861.57
245.32	57876.00
245.39	57885.28
245.46	57902.59
245.53	57913.24
245.60	57902.43
245.67	57882.91
245.74	57865.81
245.81	57849.53
245.88	57837.20
245.95	57837.72
246.02	57823.32
246.09	57785.70
246.16	57739.12
246.23	57698.70
246.30	57657.75
246.37	57647.71
246.44	57664.81
246.51	57692.95
246.58	57716.93
246.65	57738.35
246.72	57749.83
246.79	57746.00
246.87	57735.91
246.94	57727.33
247.01	57702.14
247.08	57655.54
247.15	57607.87
247.22	57547.56
247.29	57490.14
247.36	57459.42
247.43	57429.29
247.50	57397.71
247.57	57393.45
247.64	57407.40
247.71	57408.37
247.78	57425.25
247.85	57457.46
247.92	57494.01
247.99	57502.37
248.06	57495.39
248.13	57474.65
248.20	57454.11
248.27	57412.55
248.34	57382.61
248.41	57371.82
248.48	57378.52
248.55	57383.32
248.62	57396.96
248.69	57408.55
248.76	57404.08
248.83	57383.62
248.90	57344.30
248.97	57296.55
249.04	57239.31
249.11	57196.51
249.18	57160.26
249.25	57125.79
249.32	57090.05
249.39	57045.59
249.46	56982.58
249.53	56921.30
249.60	56859.84
249.67	56809.83
249.74	56788.62
249.81	56787.22
249.88	56800.97
249.95	56843.11
250.02	56889.29
250.09	56905.16
250.16	56919.75
250.23	56912.14
250.30	56890.73
250.37	56862.71
250.44	56865.03
250.51	56868.20
250.58	56877.43
250.65	56872.41
250.72	56846.82
250.79	56802.45
250.86	56751.67
250.93	56691.46
251.00	56645.39
251.07	56617.73
251.14	56593.53
251.21	56566.34
251.28	56548.57
251.35	56525.58
251.42	56515.59
251.49	56498.94
251.56	56481.54
251.63	56464.22
251.70	56463.38
251.77	56438.64
251.84	56415.31
251.91	56371.71
251.98	56320.33
252.05	56261.36
252.12	56206.94
252.18	56159.80
252.25	56134.01
252.32	56138.93
252.39	56131.39
252.46	56119.69
252.53	56114.62
252.60	56105.95
252.67	56080.30
252.74	56056.66
252.81	56028.08
252.88	55996.59
252.95	55962.69
253.02	55927.21
253.09	55899.71
253.16	55884.57
253.23	55861.01
253.30	55853.78
253.37	55842.23
253.44	55815.90
253.51	55779.63
253.58	55750.21
253.65	55729.11
253.72	55713.10
253.79	55699.91
253.86	55696.72
253.93	55687.41
254.00	55667.40
254.07	55637.08
254.14	55603.84
254.21	55567.18
254.28	55536.95
254.35	55510.16
254.41	55479.53
254.48	55449.01
254.55	55436.09
254.62	55418.15
254.69	55372.12
254.76	55344.01
254.83	55305.00
254.90	55267.71
254.97	55233.53
255.04	55227.21
255.11	55194.31
255.18	55155.15
255.25	55090.48
255.32	55039.43
255.39	54972.93
255.46	54936.22
255.53	54921.64
255.60	54913.82
255.67	54898.89
255.74	54892.49
255.81	54879.63
255.87	54877.41
255.94	54861.71
256.01	54841.65
256.08	54823.17
256.15	54802.65
256.22	54771.63
256.29	54759.53
256.36	54736.79
256.43	54721.99
256.50	54710.77
256.57	54697.23
256.64	54668.95
256.71	54657.53
256.78	54618.70
256.85	54576.68
256.92	54544.80
256.99	54532.63
257.05	54502.58
257.12	54484.01
257.19	54428.71
257.26	54351.61
257.33	54254.41
257.40	54154.75
257.47	54029.61
257.54	53940.18
257.61	53878.91
257.68	53841.53
257.75	53835.54
257.82	53889.73
257.89	53938.00
257.96	53963.93
258.03	53969.08
258.09	53947.35
258.16	53879.54
258.23	53795.93
258.30	53745.01
258.37	53691.61
258.44	53656.43
258.51	53635.73
258.58	53644.07
258.65	53630.73
258.72	53639.38
258.79	53618.87
258.86	53595.12
258.93	53569.60
258.99	53536.21
259.06	53483.22
259.13	53435.87
259.20	53397.09
259.27	53346.07
259.34	53311.22
259.41	53289.67
259.48	53291.87
259.55	53279.73
259.62	53272.42
259.69	53227.07
259.76	53167.75
259.82	53095.01
259.89	53046.41
259.96	53011.81
260.03	52992.87
260.10	52969.72
260.17	52928.47
260.24	52871.87
260.31	52802.07
260.38	52752.57
260.45	52730.50
260.52	52719.94
260.59	52687.80
260.65	52648.61
260.72	52610.74
260.79	52568.29
260.86	52526.80
260.93	52508.44
261.00	52473.99
261.07	52420.46
261.14	52338.99
261.21	52256.42
261.28	52171.65
261.34	52099.61
261.41	52036.18
261.48	51990.77
261.55	51963.03
261.62	51934.95
261.69	51905.95
261.76	51877.35
261.83	51847.98
261.90	51804.03
261.97	51738.75
262.03	51698.35
262.10	51662.86
262.17	51629.89
262.24	51609.17
262.31	51604.95
262.38	51585.99
262.45	51574.52
262.52	51551.02
262.59	51516.45
262.65	51489.01
262.72	51440.41
262.79	51388.24
262.86	51356.23
262.93	51325.39
263.00	51285.71
263.07	51251.89
263.14	51215.44
263.21	51176.15
263.27	51143.09
263.34	51128.60
263.41	51106.63
263.48	51061.95
263.55	51001.70
263.62	50910.63
263.69	50806.23
263.76	50727.29
263.82	50679.60
263.89	50639.59
263.96	50626.13
264.03	50609.24
264.10	50576.41
264.17	50512.33
264.24	50445.64
264.31	50377.07
264.38	50310.21
264.44	50239.86
264.51	50182.93
264.58	50120.34
264.65	50073.24
264.72	50012.16
264.79	49977.49
264.86	49948.76
264.92	49927.54
264.99	49898.42
265.06	49876.18
265.13	49834.40
265.20	49797.83
265.27	49756.59
265.34	49701.37
265.41	49668.03
265.47	49642.88
265.54	49611.10
265.61	49593.04
265.68	49590.23
265.75	49556.89
265.82	49503.09
265.89	49424.09
265.95	49340.36
266.02	49249.83
266.09	49178.88
266.16	49131.57
266.23	49102.09
266.30	49069.56
266.37	49021.41
266.44	48956.83
266.50	48894.59
266.57	48838.15
266.64	48762.49
266.71	48692.05
266.78	48622.48
266.85	48530.80
266.91	48457.37
266.98	48412.95
267.05	48381.13
267.12	48366.09
267.19	48374.48
267.26	48366.03
267.33	48352.29
267.39	48334.09
267.46	48313.91
267.53	48260.90
267.60	48215.52
267.67	48156.99
267.74	48111.24
267.81	48063.25
267.87	48038.09
267.94	48012.33
268.01	47991.28
268.08	47945.81
268.15	47884.14
268.22	47808.71
268.28	47709.88
268.35	47600.80
268.42	47492.21
268.49	47400.63
268.56	47336.11
268.63	47292.11
268.69	47270.51
268.76	47260.59
268.83	47269.53
268.90	47275.49
268.97	47277.65
269.04	47277.92
269.11	47268.87
269.17	47232.30
269.24	47181.55
269.31	47139.33
269.38	47091.61
269.45	47056.04
269.52	47026.09
269.58	47010.23
269.65	46969.59
269.72	46919.71
269.79	46870.54
269.86	46827.47
269.92	46755.19
269.99	46703.69
270.06	46638.83
270.13	46575.52
270.20	46524.65
270.27	46505.33
270.33	46482.27
270.40	46468.53
270.47	46457.49
270.54	46433.63
270.61	46403.28
270.68	46386.91
270.74	46376.85
270.81	46364.78
270.88	46341.39
270.95	46305.93
271.02	46237.70
271.08	46172.43
271.15	46091.39
271.22	46021.55
271.29	45958.75
271.36	45903.53
271.43	45851.63
271.49	45810.08
271.56	45776.05
271.63	45743.41
271.70	45714.98
271.77	45703.08
271.83	45682.51
271.90	45644.99
271.97	45605.21
272.04	45554.17
272.11	45499.85
272.17	45468.66
272.24	45446.19
272.31	45417.24
272.38	45410.29
272.45	45394.26
272.52	45362.71
272.58	45329.00
272.65	45319.99
272.72	45286.65
272.79	45247.04
272.86	45203.94
272.92	45177.63
272.99	45122.79
273.06	45076.99
273.13	45028.30
273.20	44975.97
273.26	44897.02
273.33	44822.03
273.40	44762.40
273.47	44721.30
273.54	44687.33
273.60	44677.59
273.67	44666.35
273.74	44668.21
273.81	44665.09
273.88	44688.20
273.94	44717.10
274.01	44761.87
274.08	44792.52
274.15	44810.89
274.21	44792.94
274.28	44744.58
274.35	44673.06
274.42	44585.73
274.49	44490.56
274.55	44415.59
274.62	44355.95
274.69	44298.57
274.76	44256.45
274.83	44220.95
274.89	44186.61
274.96	44144.53
275.03	44120.25
275.10	44079.12
275.17	44050.06
275.23	44010.85
275.30	43976.30
275.37	43950.07
275.44	43938.50
275.50	43913.67
275.57	43900.27
275.64	43867.29
275.71	43819.75
275.78	43782.59
275.84	43762.31
275.91	43734.53
275.98	43724.13
276.05	43708.01
276.11	43674.66
276.18	43630.75
276.25	43557.57
276.32	43481.80
276.39	43400.89
276.45	43319.43
276.52	43244.99
276.59	43192.03
276.66	43162.45
276.72	43159.13
276.79	43162.52
276.86	43161.04
276.93	43160.56
276.99	43120.45
277.06	43064.69
277.13	43022.11
277.20	42978.40
277.26	42948.71
277.33	42953.63
277.40	42962.80
277.47	42951.47
277.54	42927.89
277.60	42883.35
277.67	42810.81
277.74	42717.61
277.81	42619.84
277.87	42527.27
277.94	42451.65
278.01	42404.88
278.08	42370.83
278.14	42350.38
278.21	42359.79
278.28	42376.31
278.35	42388.73
278.41	42424.32
278.48	42461.05
278.55	42465.15
278.62	42449.97
278.68	42404.08
278.75	42321.03
278.82	42217.48
278.89	42117.27
278.95	42018.67
279.02	41954.24
279.09	41924.85
279.16	41932.03
279.22	41971.13
279.29	42010.95
279.36	42032.74
279.43	42023.12
279.49	41961.26
279.56	41835.98
279.63	41689.88
279.70	41542.07
279.76	41412.19
279.83	41327.51
279.90	41302.25
279.97	41293.09
280.03	41296.66
280.10	41311.89
280.17	41316.17
280.24	41305.61
280.30	41313.84
280.37	41308.03
280.44	41295.78
280.51	41289.33
280.57	41269.44
280.64	41242.81
280.71	41218.58
280.77	41178.96
280.84	41106.51
280.91	41041.25
280.98	40948.10
281.04	40850.38
281.11	40752.42
281.18	40660.34
281.25	40547.11
281.31	40445.32
281.38	40336.39
281.45	40230.99
281.52	40143.22
281.58	40058.53
281.65	39990.53
281.72	39949.86
281.78	39920.05
281.85	39900.43
281.92	39902.22
281.99	39903.54
282.05	39902.23
282.12	39907.43
282.19	39913.98
282.26	39933.37
282.32	39961.65
282.39	39986.11
282.46	39992.89
282.52	39988.49
282.59	39978.41
282.66	39967.70
282.73	39942.71
282.79	39919.64
282.86	39874.89
282.93	39786.75
282.99	39667.29
283.06	39531.71
283.13	39377.74
283.20	39228.44
283.26	39113.79
283.33	39012.40
283.40	38940.95
283.46	38912.01
283.53	38901.49
283.60	38893.99
283.67	38905.17
283.73	38934.92
283.80	38940.23
283.87	38964.66
283.93	38999.31
284.00	39018.03
284.07	39012.13
284.13	39003.75
284.20	38982.84
284.27	38942.37
284.34	38895.85
284.40	38862.00
284.47	38837.88
284.54	38813.89
284.60	38777.81
284.67	38745.89
284.74	38698.86
284.81	38643.31
284.87	38575.81
284.94	38492.87
285.01	38409.83
285.07	38305.77
285.14	38195.98
285.21	38105.50
285.27	38056.21
285.34	38023.31
285.41	38031.32
285.47	38053.22
285.54	38080.71
285.61	38100.55
285.68	38120.62
285.74	38132.95
285.81	38157.08
285.88	38166.11
285.94	38181.36
286.01	38204.27
286.08	38224.55
286.14	38241.31
286.21	38250.03
286.28	38262.16
286.34	38230.69
286.41	38171.59
286.48	38074.83
286.55	37956.35
286.61	37815.67
286.68	37695.22
286.75	37579.94
286.81	37493.73
286.88	37436.32
286.95	37384.75
287.01	37370.83
287.08	37378.92
287.15	37398.91
287.21	37416.01
287.28	37445.11
287.35	37450.53
287.41	37451.63
287.48	37449.48
287.55	37459.14
287.61	37460.63
287.68	37464.77
287.75	37471.86
287.81	37468.06
287.88	37466.05
287.95	37483.52
288.01	37484.23
288.08	37481.65
288.15	37467.79
288.21	37440.24
288.28	37398.40
288.35	37357.30
288.41	37310.23
288.48	37253.13
288.55	37165.67
288.61	37059.25
288.68	36952.36
288.75	36842.61
288.81	36756.53
288.88	36710.41
288.95	36707.07
289.01	36723.50
289.08	36771.38
289.15	36834.90
289.21	36904.13
289.28	36969.41
289.35	37031.46
289.41	37064.91
289.48	37091.71
289.55	37101.60
289.61	37079.87
289.68	37059.30
289.75	37031.46
289.81	36989.80
289.88	36936.53
289.95	36882.22
290.01	36804.71
290.08	36746.30
290.15	36682.99
290.21	36644.57
290.28	36613.43
290.35	36592.99
290.41	36562.21
290.48	36529.20
290.55	36455.81
290.61	36372.31
290.68	36301.61
290.74	36261.28
290.81	36260.97
290.88	36295.81
290.94	36365.27
291.01	36435.49
291.08	36496.09
291.14	36547.05
291.21	36599.44
291.28	36631.10
291.34	36673.37
291.41	36696.09
291.48	36706.45
291.54	36701.07
291.61	36681.46
291.68	36629.72
291.74	36563.97
291.81	36500.25
291.87	36448.04
291.94	36384.62
292.01	36321.63
292.07	36257.38
292.14	36177.15
292.21	36078.61
292.27	36010.37
292.34	35948.66
292.41	35919.07
292.47	35891.27
292.54	35892.11
292.60	35906.59
292.67	35947.05
292.74	35981.28
292.80	36042.56
292.87	36105.52
292.94	36165.32
293.00	36210.51
293.07	36261.40
293.13	36309.45
293.20	36347.93
293.27	36386.21
293.33	36414.08
293.40	36423.62
293.47	36412.25
293.53	36380.73
293.60	36317.27
293.66	36214.75
293.73	36098.59
293.80	35969.29
293.86	35844.19
293.93	35735.47
294.00	35669.08
294.06	35631.12
294.13	35604.27
294.19	35591.69
294.26	35578.29
294.33	35561.82
294.39	35538.17
294.46	35532.33
294.52	35529.43
294.59	35549.86
294.66	35598.35
294.72	35657.83
294.79	35723.09
294.86	35799.45
294.92	35870.98
294.99	35946.35
295.05	36016.46
295.12	36087.01
295.19	36143.68
295.25	36190.17
295.32	36201.42
295.38	36208.97
295.45	36200.60
295.52	36170.45
295.58	36109.92
295.65	36034.35
295.71	35939.95
295.78	35808.04
295.85	35674.05
295.91	35545.65
295.98	35414.79
296.04	35284.23
296.11	35185.70
296.18	35132.33
296.24	35113.63
296.31	35142.89
296.37	35208.60
296.44	35308.03
296.51	35399.37
296.57	35497.96
296.64	35588.57
296.70	35678.85
296.77	35745.13
296.84	35800.37
296.90	35846.69
296.97	35884.59
297.03	35918.08
297.10	35963.61
297.17	36003.23
297.23	36044.11
297.30	36087.37
297.36	36103.02
297.43	36102.36
297.50	36098.72
297.56	36051.26
297.63	35973.14
297.69	35864.61
297.76	35711.26
297.82	35526.43
297.89	35353.86
297.96	35190.77
298.02	35077.68
298.09	35007.59
298.15	34980.07
298.22	34990.21
298.29	35006.07
298.35	35021.54
298.42	35066.37
298.48	35119.05
298.55	35170.30
298.61	35260.80
298.68	35355.95
298.75	35431.41
298.81	35521.87
298.88	35605.31
298.94	35661.80
299.01	35724.93
299.08	35778.95
299.14	35820.31
299.21	35842.49
299.27	35878.71
299.34	35877.90
299.40	35888.87
299.47	35878.22
299.54	35871.43
299.60	35838.90
299.67	35804.90
299.73	35721.11
299.80	35581.47
299.86	35380.03
299.93	35145.44
299.99	34925.25
300.06	34739.38
300.13	34619.62
300.19	34578.06
300.26	34588.02
300.32	34647.19
300.39	34712.73
300.45	34807.09
300.52	34921.47
300.59	35037.47
300.65	35131.08
300.72	35236.11
300.78	35310.25
300.85	35370.89
300.91	35418.02
300.98	35455.85
301.04	35481.27
301.11	35512.86
301.18	35539.39
301.24	35566.73
301.31	35585.31
301.37	35602.59
301.44	35606.52
301.50	35592.01
301.57	35558.87
301.63	35516.83
301.70	35444.31
301.77	35339.73
301.83	35198.95
301.90	35043.56
301.96	34863.55
302.03	34681.77
302.09	34543.25
302.16	34430.73
302.22	34356.08
302.29	34331.20
302.36	34345.05
302.42	34361.83
302.49	34419.48
302.55	34488.94
302.62	34549.85
302.68	34614.51
302.75	34690.76
302.81	34741.61
302.88	34787.81
302.94	34835.67
303.01	34873.98
303.07	34890.91
303.14	34918.65
303.21	34935.16
303.27	34940.58
303.34	34947.27
303.40	34946.46
303.47	34937.55
303.53	34918.03
303.60	34897.52
303.66	34865.89
303.73	34827.77
303.79	34769.52
303.86	34690.23
303.92	34588.79
303.99	34459.67
304.05	34290.02
304.12	34111.46
304.19	33950.39
304.25	33805.99
304.32	33715.02
304.38	33677.85
304.45	33664.38
304.51	33680.01
304.58	33724.54
304.64	33760.80
304.71	33813.53
304.77	33862.02
304.84	33900.51
304.90	33924.93
304.97	33943.10
305.03	33948.60
305.10	33959.56
305.16	33972.61
305.23	33976.62
305.29	33971.15
305.36	33955.41
305.42	33945.83
305.49	33914.53
305.56	33880.19
305.62	33848.24
305.69	33814.33
305.75	33764.64
305.82	33689.11
305.88	33575.61
305.95	33425.14
306.01	33252.19
306.08	33068.91
306.14	32919.96
306.21	32784.86
306.27	32673.76
306.34	32582.96
306.40	32503.41
306.47	32441.83
306.53	32433.09
306.60	32451.54
306.66	32483.71
306.73	32529.00
306.79	32561.71
306.86	32575.21
306.92	32577.16
306.99	32586.47
307.05	32591.19
307.12	32601.33
307.18	32602.79
307.25	32605.03
307.31	32586.99
307.38	32565.57
307.44	32539.70
307.51	32513.78
307.57	32466.77
307.64	32428.68
307.70	32388.44
307.77	32331.13
307.83	32276.06
307.90	32231.63
307.96	32190.40
308.03	32129.31
308.09	32065.31
308.16	31992.71
308.22	31918.57
308.29	31822.03
308.35	31731.64
308.42	31641.27
308.48	31529.29
308.55	31408.91
308.61	31307.84
308.68	31228.42
308.74	31158.67
308.81	31129.79
308.87	31121.01
308.94	31121.27
309.00	31118.27
309.07	31114.99
309.13	31109.34
309.20	31103.74
309.26	31074.39
309.33	31038.56
309.39	31017.24
309.45	30979.83
309.52	30932.96
309.58	30893.71
309.65	30857.50
309.71	30793.51
309.78	30738.12
309.84	30678.57
309.91	30622.70
309.97	30555.61
310.04	30510.45
310.10	30457.62
310.17	30407.13
310.23	30353.39
310.30	30309.42
310.36	30253.29
310.43	30186.22
310.49	30112.87
310.56	30030.40
310.62	29934.73
310.69	29839.67
310.75	29761.79
310.81	29692.51
310.88	29639.04
310.94	29602.91
311.01	29564.91
311.07	29532.01
311.14	29499.19
311.20	29459.91
311.27	29418.43
311.33	29398.39
311.40	29363.52
311.46	29334.85
311.53	29312.89
311.59	29293.82
311.66	29262.74
311.72	29227.32
311.78	29187.01
311.85	29149.19
311.91	29105.30
311.98	29055.21
312.04	29022.57
312.11	28982.39
312.17	28934.81
312.24	28886.02
312.30	28842.86
312.37	28776.09
312.43	28713.48
312.50	28651.89
312.56	28597.59
312.62	28521.51
312.69	28460.55
312.75	28393.39
312.82	28309.33
312.88	28221.24
312.95	28153.51
313.01	28078.15
313.08	28011.09
313.14	27974.63
313.20	27932.83
313.27	27886.52
313.33	27839.76
313.40	27802.11
313.46	27754.14
313.53	27710.28
313.59	27673.75
313.66	27655.03
313.72	27625.16
313.78	27597.32
313.85	27561.87
313.91	27531.71
313.98	27490.93
314.04	27457.15
314.11	27419.63
314.17	27375.73
314.24	27325.16
314.30	27273.44
314.36	27209.99
314.43	27154.18
314.49	27103.47
314.56	27045.53
314.62	26986.63
314.69	26936.87
314.75	26876.64
314.81	26820.45
314.88	26770.65
314.94	26720.13
315.01	26671.18
315.07	26609.24
315.14	26568.79
315.20	26521.81
315.27	26473.37
315.33	26431.73
315.39	26391.87
315.46	26340.71
315.52	26289.49
315.59	26247.93
315.65	26192.06
315.72	26153.71
315.78	26106.90
315.84	26063.10
315.91	26027.53
315.97	26000.15
316.04	25988.54
316.10	25964.18
316.16	25942.25
316.23	25873.60
316.29	25783.47
316.36	25634.69
316.42	25476.53
316.49	25271.29
316.55	25070.81
316.61	24855.27
316.68	24633.23
316.74	24405.57
316.81	24190.81
316.87	23966.05
316.93	23742.00
317.00	23524.73
317.06	23306.91
317.13	23083.06
317.19	22867.29
317.26	22649.51
317.32	22435.68
317.38	22226.44
317.45	22014.19
317.51	21810.05
317.58	21605.51
317.64	21396.64
317.70	21190.75
317.77	20993.69
317.83	20786.24
317.90	20573.71
317.96	20363.37
318.02	20151.25
318.09	19945.70
318.15	19737.12
318.22	19525.31
318.28	19322.62
318.34	19103.15
318.41	18873.40
318.47	18653.07
318.54	18449.89
318.60	18239.51
318.66	18046.41
318.73	17853.62
318.79	17662.58
318.86	17465.29
318.92	17266.53
318.98	17074.45
319.05	16878.76
319.11	16685.07
319.18	16494.30
319.24	16307.56
319.30	16093.91
319.37	15909.97
319.43	15720.21
319.50	15526.61
319.56	15334.67
319.62	15154.48
319.69	14961.41
319.75	14772.94
319.82	14590.26
319.88	14401.51
319.94	14218.40
320.01	14035.29
320.07	13842.55
320.13	13657.17
320.20	13477.13
320.26	13292.87
320.33	13108.08
320.39	12932.55
320.45	12746.65
320.52	12563.47
320.58	12388.95
320.65	12210.97
320.71	12032.26
320.77	11856.63
320.84	11678.93
320.90	11502.15
320.96	11325.11
321.03	11137.26
321.09	10952.51
321.16	10770.36
321.22	10579.53
321.28	10397.45
321.35	10231.84
321.41	10061.69
321.47	9897.31
321.54	9734.91
321.60	9561.01
321.67	9382.13
321.73	9213.17
321.79	9034.99
321.86	8863.46
321.92	8693.51
321.98	8511.72
322.05	8324.69
322.11	8133.51
322.18	7939.76
322.24	7749.87
322.30	7570.40
322.37	7398.73
322.43	7223.15
322.49	7057.77
322.56	6884.04
322.62	6715.21
322.68	6530.83
322.75	6368.67
322.81	6186.52
322.88	6012.63
322.94	5838.53
323.00	5671.68
323.07	5494.59
323.13	5332.70
323.19	5170.43
323.26	5006.80
323.32	4847.62
323.38	4688.07
323.45	4462.34
323.51	3819.59
323.57	2935.84
323.64	2009.41
323.70	1118.40
323.76	322.73
323.83	-21.00
323.89	-89.81
323.96	-90.75
