180.25	3523.33
180.33	-133.29
180.40	660.00
180.48	-27.67
180.56	17.41
180.63	55.01
180.71	98.37
180.78	96.51
180.86	96.83
180.93	101.53
181.01	104.10
181.08	103.34
181.16	102.13
181.23	103.79
181.31	104.20
181.39	128.43
181.46	137.53
181.54	148.63
181.61	165.67
181.69	174.35
181.76	166.26
181.84	158.97
181.91	159.57
181.99	160.42
182.06	160.86
182.14	166.94
182.22	173.36
182.29	185.88
182.37	189.33
182.44	201.59
182.52	198.67
182.59	217.41
182.67	225.13
182.74	231.39
182.82	235.65
182.89	245.82
182.97	244.57
183.04	252.95
183.12	260.97
183.20	280.65
183.27	290.81
183.35	319.01
183.42	339.17
183.50	377.76
183.57	399.19
183.65	442.85
183.72	481.91
183.80	534.14
183.87	574.63
183.95	616.11
184.02	662.85
184.10	693.49
184.17	710.76
184.25	713.52
184.32	707.29
184.40	680.32
184.47	632.43
184.55	592.63
184.62	588.86
184.70	615.61
184.78	661.69
184.85	765.46
184.93	883.72
185.00	998.48
185.08	1114.53
185.15	1228.65
185.23	1344.41
185.30	1455.39
185.38	1558.21
185.45	1654.91
185.53	1761.35
185.60	1852.33
185.68	1956.63
185.75	2034.92
185.83	2098.29
185.90	2129.42
185.98	2097.17
186.05	2009.71
186.13	1900.85
186.20	1760.86
186.28	1646.96
186.35	1620.35
186.43	1675.56
186.50	1815.89
186.58	2023.44
186.65	2245.70
186.73	2469.50
186.80	2661.98
186.88	2830.30
186.95	2990.73
187.03	3136.94
187.10	3254.29
187.18	3398.91
187.25	3532.17
187.33	3672.58
187.40	3835.69
187.48	3985.63
187.55	4113.15
187.63	4218.09
187.70	4260.95
187.78	4254.73
187.85	4224.83
187.93	4098.21
188.00	3890.43
188.08	3660.53
188.15	3450.61
188.23	3319.89
188.30	3322.25
188.38	3457.51
188.45	3678.66
188.53	3910.81
188.60	4110.32
188.68	4277.91
188.75	4435.07
188.83	4608.14
188.90	4773.61
188.98	4945.89
189.05	5129.49
189.13	5294.83
189.20	5444.29
189.28	5620.56
189.35	5813.65
189.43	6019.39
189.50	6208.11
189.58	6313.79
189.65	6313.76
189.73	6210.82
189.80	5999.19
189.87	5727.51
189.95	5434.30
190.02	5093.33
190.10	4732.26
190.17	4435.22
190.25	4254.09
190.32	4211.30
190.40	4319.60
190.47	4553.39
190.55	4837.91
190.62	5142.53
190.70	5428.46
190.77	5725.63
190.85	6017.75
190.92	6267.83
191.00	6472.68
191.07	6639.33
191.15	6723.55
191.22	6747.47
191.29	6710.96
191.37	6604.51
191.44	6478.61
191.52	6363.87
191.59	6234.57
191.67	6108.59
191.74	5986.63
191.82	5862.79
191.89	5762.53
191.97	5711.13
192.04	5692.91
192.12	5690.33
192.19	5694.32
192.27	5702.25
192.34	5728.93
192.41	5817.48
192.49	5966.71
192.56	6155.62
192.64	6345.21
192.71	6491.80
192.79	6535.61
192.86	6468.29
192.94	6255.64
193.01	5973.41
193.09	5678.93
193.16	5432.81
193.23	5262.39
193.31	5218.65
193.38	5301.59
193.46	5456.98
193.53	5681.72
193.61	5961.47
193.68	6263.33
193.76	6545.10
193.83	6819.76
193.91	7054.35
193.98	7242.77
194.05	7360.36
194.13	7370.61
194.20	7266.09
194.28	7089.90
194.35	6861.15
194.43	6584.79
194.50	6250.79
194.58	5869.20
194.65	5448.73
194.72	5043.50
194.80	4716.52
194.87	4550.35
194.95	4597.09
195.02	4810.78
195.10	5161.37
195.17	5658.04
195.25	6224.77
195.32	6777.75
195.39	7275.73
195.47	7669.69
195.54	7904.34
195.62	7959.02
195.69	7833.59
195.77	7545.07
195.84	7128.14
195.91	6626.53
195.99	6169.71
196.06	5794.12
196.14	5486.87
196.21	5207.37
196.29	4963.70
196.36	4742.19
196.43	4589.33
196.51	4616.03
196.58	4875.92
196.66	5337.29
196.73	5928.13
196.81	6586.28
196.88	7220.63
196.95	7756.39
197.03	8111.91
197.10	8241.04
197.18	8139.66
197.25	7860.73
197.33	7478.89
197.40	7060.37
197.47	6675.69
197.55	6382.71
197.62	6114.67
197.70	5842.55
197.77	5576.09
197.84	5278.11
197.92	4942.19
197.99	4734.16
198.07	4773.57
198.14	5128.29
198.22	5837.03
198.29	6785.22
198.36	7801.41
198.44	8721.70
198.51	9398.25
198.59	9746.13
198.66	9798.28
198.73	9573.76
198.81	9139.47
198.88	8538.35
198.96	7895.64
199.03	7342.57
199.10	6966.49
199.18	6718.45
199.25	6573.32
199.33	6408.05
199.40	6111.81
199.48	5729.19
199.55	5448.79
199.62	5422.25
199.70	5830.05
199.77	6713.19
199.85	7898.70
199.92	9106.24
199.99	10153.13
200.07	10857.96
200.14	11135.50
200.22	10960.88
200.29	10429.54
200.36	9796.95
200.44	9226.79
200.51	8802.53
200.59	8546.98
200.66	8411.34
200.73	8287.12
200.81	8142.67
200.88	7908.29
200.95	7587.29
201.03	7228.91
201.10	6979.86
201.18	6906.69
201.25	7126.84
201.32	7730.40
201.40	8723.42
201.47	9875.72
201.55	10952.93
201.62	11745.70
201.69	12119.24
201.77	12139.31
201.84	11911.47
201.92	11461.10
201.99	10904.66
202.06	10461.55
202.14	10188.07
202.21	10060.76
202.28	10091.11
202.36	10212.09
202.43	10255.86
202.51	10216.31
202.58	10089.83
202.65	9877.92
202.73	9674.13
202.80	9668.73
202.87	9983.33
202.95	10630.57
203.02	11552.57
203.10	12613.94
203.17	13607.19
203.24	14171.74
203.32	14084.68
203.39	13427.93
203.46	12568.48
203.54	11787.61
203.61	11305.05
203.69	11242.03
203.76	11623.13
203.83	12209.57
203.91	12769.62
203.98	13226.01
204.05	13577.59
204.13	13787.22
204.20	13824.21
204.28	13740.03
204.35	13581.34
204.42	13419.01
204.50	13342.01
204.57	13472.57
204.64	13829.11
204.72	14311.13
204.79	14663.02
204.86	14759.71
204.94	14609.13
205.01	14239.24
205.09	13674.14
205.16	13194.02
205.23	13004.60
205.31	13114.44
205.38	13464.58
205.45	14073.62
205.53	14859.20
205.60	15674.88
205.67	16396.29
205.75	16957.60
205.82	17338.38
205.89	17533.64
205.97	17619.22
206.04	17622.40
206.12	17600.09
206.19	17569.81
206.26	17579.63
206.34	17649.08
206.41	17702.03
206.48	17549.65
206.56	17041.09
206.63	16218.84
206.70	15259.27
206.78	14458.78
206.85	14097.48
206.92	14337.93
207.00	15101.08
207.07	16109.11
207.14	17114.13
207.22	18005.85
207.29	18780.79
207.36	19466.39
207.44	20083.85
207.51	20616.51
207.58	21075.37
207.66	21442.75
207.73	21679.32
207.80	21712.12
207.88	21553.23
207.95	21269.19
208.02	20879.35
208.10	20238.95
208.17	19314.38
208.25	18309.66
208.32	17392.35
208.39	16669.51
208.47	16365.41
208.54	16575.34
208.61	17138.44
208.69	17832.23
208.76	18582.29
208.83	19369.49
208.90	20190.27
208.98	21010.37
209.05	21786.29
209.12	22482.39
209.20	23058.21
209.27	23549.79
209.34	23938.17
209.42	24266.06
209.49	24498.43
209.56	24615.31
209.64	24570.48
209.71	24250.73
209.78	23545.71
209.86	22530.91
209.93	21398.54
210.00	20204.54
210.08	19184.65
210.15	18616.75
210.22	18597.35
210.30	18984.06
210.37	19719.62
210.44	20684.61
210.52	21686.14
210.59	22588.29
210.66	23349.11
210.74	24008.22
210.81	24580.01
210.88	25126.86
210.96	25626.01
211.03	26116.05
211.10	26567.67
211.17	26969.04
211.25	27203.97
211.32	27234.95
211.39	27007.36
211.47	26431.28
211.54	25380.51
211.61	24010.14
211.69	22692.69
211.76	21712.50
211.83	21242.07
211.91	21423.37
211.98	22120.26
212.05	23016.39
212.12	23840.31
212.20	24549.95
212.27	25128.49
212.34	25605.18
212.42	26012.42
212.49	26411.55
212.56	26808.23
212.64	27243.96
212.71	27709.57
212.78	28185.00
212.85	28600.02
212.93	28875.84
213.00	28988.93
213.07	28917.96
213.15	28505.03
213.22	27755.41
213.29	26890.81
213.37	26017.47
213.44	25226.21
213.51	24766.75
213.58	24739.50
213.66	25011.34
213.73	25492.98
213.80	26116.15
213.88	26746.81
213.95	27250.44
214.02	27633.45
214.09	27945.83
214.17	28243.39
214.24	28594.33
214.31	29053.19
214.39	29570.35
214.46	30061.60
214.53	30477.95
214.60	30790.33
214.68	30996.86
214.75	31071.01
214.82	31016.71
214.90	30745.70
214.97	30149.47
215.04	29210.50
215.11	28198.30
215.19	27369.00
215.26	26942.78
215.33	26994.19
215.41	27546.13
215.48	28331.43
215.55	29081.39
215.62	29667.25
215.70	30162.62
215.77	30581.23
215.84	30988.20
215.91	31382.32
215.99	31789.84
216.06	32151.25
216.13	32440.51
216.21	32621.71
216.28	32754.15
216.35	32858.01
216.42	32930.95
216.50	32952.38
216.57	32922.98
216.64	32698.63
216.71	32159.77
216.79	31426.85
216.86	30710.84
216.93	30131.66
217.01	29845.84
217.08	29962.53
217.15	30391.07
217.22	30971.91
217.30	31574.25
217.37	32169.61
217.44	32702.55
217.51	33170.46
217.59	33551.82
217.66	33869.45
217.73	34125.08
217.80	34338.50
217.88	34504.86
217.95	34643.29
218.02	34765.24
218.09	34880.92
218.17	35024.65
218.24	35167.37
218.31	35275.60
218.38	35289.89
218.46	35127.72
218.53	34672.09
218.60	34003.24
218.67	33287.63
218.75	32711.57
218.82	32404.37
218.89	32491.14
218.96	32902.97
219.04	33494.27
219.11	34099.81
219.18	34623.55
219.25	35048.25
219.33	35408.18
219.40	35720.39
219.47	36006.60
219.54	36286.89
219.62	36544.56
219.69	36789.55
219.76	37017.59
219.83	37221.34
219.91	37408.08
219.98	37594.15
220.05	37720.34
220.12	37753.89
220.20	37700.37
220.27	37493.51
220.34	37080.65
220.41	36514.22
220.49	35966.91
220.56	35559.09
220.63	35386.85
220.70	35488.31
220.78	35840.04
220.85	36263.87
220.92	36639.51
220.99	36950.19
221.06	37216.93
221.14	37452.21
221.21	37688.35
221.28	37946.61
221.35	38206.09
221.43	38459.44
221.50	38705.34
221.57	38939.32
221.64	39143.41
221.72	39330.87
221.79	39490.09
221.86	39579.74
221.93	39616.41
222.00	39614.99
222.08	39544.93
222.15	39358.64
222.22	39134.83
222.29	38920.61
222.37	38749.45
222.44	38654.82
222.51	38678.05
222.58	38784.84
222.65	38917.19
222.73	39048.28
222.80	39178.52
222.87	39342.35
222.94	39524.03
223.02	39720.20
223.09	39922.49
223.16	40140.91
223.23	40353.79
223.30	40576.13
223.38	40808.11
223.45	41017.65
223.52	41193.31
223.59	41353.14
223.66	41440.51
223.74	41460.80
223.81	41449.78
223.88	41433.97
223.95	41387.43
224.03	41326.72
224.10	41268.55
224.17	41222.32
224.24	41179.59
224.31	41170.02
224.39	41220.37
224.46	41317.49
224.53	41439.33
224.60	41572.81
224.67	41705.43
224.75	41854.03
224.82	42010.12
224.89	42181.53
224.96	42366.55
225.03	42550.45
225.11	42719.51
225.18	42887.90
225.25	43032.31
225.32	43142.55
225.39	43232.14
225.47	43294.87
225.54	43308.78
225.61	43255.22
225.68	43174.56
225.75	43106.13
225.83	43070.67
225.90	43082.97
225.97	43169.85
226.04	43312.49
226.11	43454.30
226.19	43597.60
226.26	43732.47
226.33	43878.51
226.40	44016.61
226.47	44157.99
226.54	44306.29
226.62	44445.89
226.69	44569.68
226.76	44690.64
226.83	44806.00
226.90	44900.18
226.98	44974.07
227.05	45044.63
227.12	45113.41
227.19	45164.92
227.26	45214.26
227.34	45280.20
227.41	45337.85
227.48	45362.69
227.55	45350.77
227.62	45326.51
227.69	45318.96
227.77	45337.30
227.84	45406.07
227.91	45532.19
227.98	45664.45
228.05	45778.55
228.12	45893.13
228.20	45998.42
228.27	46109.77
228.34	46229.21
228.41	46365.46
228.48	46491.34
228.56	46604.77
228.63	46711.30
228.70	46813.66
228.77	46899.35
228.84	46994.36
228.91	47100.18
228.99	47210.73
229.06	47339.25
229.13	47465.03
229.20	47572.39
229.27	47657.46
229.34	47722.57
229.42	47766.99
229.49	47800.69
229.56	47834.23
229.63	47861.19
229.70	47885.53
229.77	47911.50
229.85	47967.01
229.92	48019.01
229.99	48096.23
230.06	48183.01
230.13	48291.01
230.20	48398.71
230.27	48525.26
230.35	48641.18
230.42	48766.16
230.49	48884.17
230.56	48988.15
230.63	49087.13
230.70	49165.51
230.78	49237.91
230.85	49297.69
230.92	49360.50
230.99	49435.59
231.06	49542.59
231.13	49672.34
231.20	49804.95
231.28	49930.45
231.35	50039.25
231.42	50141.61
231.49	50225.77
231.56	50310.45
231.63	50383.60
231.71	50453.46
231.78	50506.74
231.85	50554.30
231.92	50602.23
231.99	50680.81
232.06	50761.61
232.13	50865.49
232.21	50975.85
232.28	51076.10
232.35	51148.33
232.42	51224.15
232.49	51294.02
232.56	51381.46
232.63	51483.65
232.71	51598.41
232.78	51708.23
232.85	51816.90
232.92	51900.53
232.99	51979.39
233.06	52050.71
233.13	52120.05
233.20	52171.95
233.28	52224.48
233.35	52273.42
233.42	52338.43
233.49	52425.75
233.56	52521.07
233.63	52622.25
233.70	52721.51
233.78	52818.09
233.85	52916.95
233.92	53012.63
233.99	53095.89
234.06	53198.37
234.13	53293.43
234.20	53359.43
234.27	53427.95
234.35	53501.04
234.42	53552.13
234.49	53611.78
234.56	53659.06
234.63	53710.24
234.70	53763.53
234.77	53807.39
234.84	53843.08
234.92	53899.04
234.99	53970.22
235.06	54039.47
235.13	54130.14
235.20	54230.33
235.27	54314.25
235.34	54400.59
235.41	54479.16
235.48	54560.65
235.56	54622.97
235.63	54699.87
235.70	54758.17
235.77	54820.95
235.84	54858.55
235.91	54891.39
235.98	54922.39
236.05	54953.53
236.12	54989.92
236.20	55019.22
236.27	55070.60
236.34	55128.09
236.41	55180.76
236.48	55231.79
236.55	55296.15
236.62	55355.24
236.69	55405.10
236.76	55472.27
236.84	55530.41
236.91	55593.25
236.98	55654.21
237.05	55704.20
237.12	55750.58
237.19	55798.38
237.26	55840.38
237.33	55890.05
237.40	55942.53
237.47	55981.44
237.55	56035.85
237.62	56105.73
237.69	56176.83
237.76	56253.65
237.83	56327.14
237.90	56388.85
237.97	56439.97
238.04	56481.53
238.11	56520.28
238.18	56572.49
238.26	56618.44
238.33	56650.23
238.40	56686.67
238.47	56731.32
238.54	56757.97
238.61	56776.72
238.68	56794.40
238.75	56805.60
238.82	56828.53
238.89	56862.88
238.96	56915.13
239.04	56977.85
239.11	57041.56
239.18	57079.64
239.25	57097.03
239.32	57119.22
239.39	57125.19
239.46	57125.95
239.53	57127.18
239.60	57123.39
239.67	57124.83
239.74	57149.86
239.81	57168.55
239.89	57197.87
239.96	57250.43
240.03	57278.53
240.10	57298.97
240.17	57326.03
240.24	57349.19
240.31	57373.86
240.38	57406.89
240.45	57461.46
240.52	57531.32
240.59	57600.84
240.66	57659.85
240.73	57716.54
240.80	57741.42
240.88	57753.76
240.95	57768.04
241.02	57787.35
241.09	57801.49
241.16	57830.26
241.23	57858.92
241.30	57861.72
241.37	57843.95
241.44	57835.20
241.51	57837.42
241.58	57840.99
241.65	57867.92
241.72	57911.55
241.79	57949.19
241.86	57961.26
241.94	57960.85
242.01	57945.03
242.08	57927.02
242.15	57923.57
242.22	57928.77
242.29	57932.29
242.36	57956.81
242.43	57952.13
242.50	57940.99
242.57	57932.63
242.64	57933.21
242.71	57922.75
242.78	57938.16
242.85	57942.89
242.92	57947.23
242.99	57955.55
243.06	57962.82
243.14	57969.07
243.21	57999.25
243.28	58019.37
243.35	58041.35
243.42	58075.13
243.49	58101.56
243.56	58118.23
243.63	58138.75
243.70	58138.77
243.77	58132.37
243.84	58123.41
243.91	58094.79
243.98	58057.94
244.05	58024.87
244.12	57999.33
244.19	57982.68
244.26	57964.34
244.33	57949.41
244.40	57943.95
244.47	57921.91
244.54	57907.92
244.62	57878.59
244.69	57862.66
244.76	57856.57
244.83	57852.60
244.90	57858.70
244.97	57879.59
245.04	57897.19
245.11	57900.38
245.18	57902.03
245.25	57899.41
245.32	57906.25
245.39	57916.40
245.46	57923.61
245.53	57919.02
245.60	57909.17
245.67	57908.27
245.74	57899.93
245.81	57880.41
245.88	57874.54
245.95	57874.40
246.02	57851.93
246.09	57811.18
246.16	57774.41
246.23	57733.08
246.30	57687.74
246.37	57667.03
246.44	57676.07
246.51	57701.91
246.58	57731.02
246.65	57770.69
246.72	57799.85
246.79	57808.79
246.87	57801.90
246.94	57796.84
247.01	57765.24
247.08	57717.53
247.15	57653.73
247.22	57589.60
247.29	57531.57
247.36	57493.11
247.43	57459.09
247.50	57442.93
247.57	57455.93
247.64	57466.81
247.71	57469.51
247.78	57486.69
247.85	57515.01
247.92	57535.83
247.99	57534.18
248.06	57524.27
248.13	57499.97
248.20	57479.62
248.27	57436.83
248.34	57407.10
248.41	57397.75
248.48	57398.95
248.55	57390.42
248.62	57392.34
248.69	57411.47
248.76	57401.47
248.83	57388.00
248.90	57355.73
248.97	57328.54
249.04	57279.53
249.11	57239.97
249.18	57201.76
249.25	57170.33
249.32	57130.99
249.39	57076.49
249.46	57022.17
249.53	56966.42
249.60	56913.61
249.67	56875.33
249.74	56856.89
249.81	56860.85
249.88	56871.05
249.95	56905.47
250.02	56943.13
250.09	56971.57
250.16	56972.58
250.23	56958.25
250.30	56940.51
250.37	56910.53
250.44	56901.80
250.51	56908.49
250.58	56928.28
250.65	56936.93
250.72	56903.33
250.79	56856.28
250.86	56799.92
250.93	56735.09
251.00	56671.47
251.07	56641.69
251.14	56625.56
251.21	56600.96
251.28	56586.37
251.35	56561.17
251.42	56551.69
251.49	56533.47
251.56	56529.68
251.63	56514.74
251.70	56506.61
251.77	56479.74
251.84	56441.79
251.91	56388.33
251.98	56326.62
252.05	56273.88
252.12	56215.13
252.18	56179.93
252.25	56153.56
252.32	56169.51
252.39	56170.65
252.46	56176.18
252.53	56173.49
252.60	56161.15
252.67	56125.52
252.74	56095.61
252.81	56079.47
252.88	56052.13
252.95	56027.41
253.02	55988.39
253.09	55959.07
253.16	55929.00
253.23	55904.04
253.30	55905.54
253.37	55897.64
253.44	55878.87
253.51	55836.46
253.58	55802.03
253.65	55769.34
253.72	55762.32
253.79	55748.92
253.86	55749.05
253.93	55743.52
254.00	55724.93
254.07	55694.44
254.14	55659.37
254.21	55624.13
254.28	55585.89
254.35	55549.61
254.41	55516.45
254.48	55489.25
254.55	55470.71
254.62	55447.63
254.69	55400.78
254.76	55361.32
254.83	55322.83
254.90	55293.73
254.97	55277.67
255.04	55279.63
255.11	55257.38
255.18	55220.47
255.25	55150.52
255.32	55080.21
255.39	55014.11
255.46	54967.23
255.53	54939.50
255.60	54933.89
255.67	54914.25
255.74	54899.01
255.81	54885.91
255.87	54885.43
255.94	54875.82
256.01	54869.59
256.08	54856.97
256.15	54837.64
256.22	54802.68
256.29	54781.27
256.36	54761.51
256.43	54751.73
256.50	54741.98
256.57	54743.55
256.64	54715.15
256.71	54688.60
256.78	54636.39
256.85	54593.43
256.92	54551.83
256.99	54541.69
257.05	54526.38
257.12	54514.68
257.19	54467.27
257.26	54396.94
257.33	54298.28
257.40	54200.61
257.47	54089.63
257.54	54008.49
257.61	53935.55
257.68	53902.35
257.75	53893.71
257.82	53925.05
257.89	53960.39
257.96	53995.34
258.03	53997.99
258.09	53970.91
258.16	53909.13
258.23	53825.65
258.30	53761.27
258.37	53706.73
258.44	53675.20
258.51	53663.45
258.58	53674.71
258.65	53678.36
258.72	53689.33
258.79	53668.65
258.86	53640.80
258.93	53607.11
258.99	53562.15
259.06	53507.01
259.13	53454.79
259.20	53398.57
259.27	53363.25
259.34	53330.25
259.41	53313.90
259.48	53322.48
259.55	53318.30
259.62	53304.22
259.69	53266.85
259.76	53204.07
259.82	53132.01
259.89	53086.97
259.96	53047.32
260.03	53016.38
260.10	52988.75
260.17	52950.68
260.24	52902.67
260.31	52844.17
260.38	52804.67
260.45	52779.01
260.52	52756.57
260.59	52723.61
260.65	52678.45
260.72	52647.93
260.79	52615.79
260.86	52585.61
260.93	52564.33
261.00	52528.68
261.07	52462.43
261.14	52381.57
261.21	52297.29
261.28	52213.89
261.34	52138.63
261.41	52073.16
261.48	52023.06
261.55	51992.94
261.62	51967.60
261.69	51946.31
261.76	51920.14
261.83	51896.37
261.90	51853.83
261.97	51802.54
262.03	51756.72
262.10	51723.07
262.17	51678.29
262.24	51651.49
262.31	51632.41
262.38	51617.57
262.45	51598.67
262.52	51577.46
262.59	51540.71
262.65	51503.42
262.72	51458.03
262.79	51408.53
262.86	51371.10
262.93	51334.66
263.00	51304.44
263.07	51263.02
263.14	51220.99
263.21	51192.89
263.27	51177.96
263.34	51155.67
263.41	51131.46
263.48	51091.04
263.55	51022.37
263.62	50923.64
263.69	50817.21
263.76	50739.35
263.82	50688.91
263.89	50652.05
263.96	50642.45
264.03	50635.02
264.10	50615.21
264.17	50562.57
264.24	50498.14
264.31	50426.49
264.38	50359.69
264.44	50280.51
264.51	50210.58
264.58	50156.82
264.65	50109.10
264.72	50042.33
264.79	49994.55
264.86	49970.35
264.92	49941.62
264.99	49907.95
265.06	49886.52
265.13	49854.93
265.20	49817.75
265.27	49773.93
265.34	49728.03
265.41	49699.85
265.47	49682.49
265.54	49664.89
265.61	49652.18
265.68	49644.35
265.75	49597.32
265.82	49530.46
265.89	49449.05
265.95	49369.19
266.02	49273.13
266.09	49208.26
266.16	49161.85
266.23	49131.69
266.30	49089.34
266.37	49040.64
266.44	48974.21
266.50	48915.75
266.57	48850.32
266.64	48783.77
266.71	48726.32
266.78	48672.82
266.85	48581.76
266.91	48506.68
266.98	48455.29
267.05	48418.84
267.12	48398.91
267.19	48404.43
267.26	48408.29
267.33	48396.07
267.39	48368.32
267.46	48327.35
267.53	48269.73
267.60	48203.11
267.67	48137.22
267.74	48093.45
267.81	48054.73
267.87	48032.89
267.94	48022.35
268.01	48006.19
268.08	47963.93
268.15	47908.97
268.22	47842.69
268.28	47749.89
268.35	47644.22
268.42	47537.76
268.49	47439.14
268.56	47363.53
268.63	47298.67
268.69	47269.02
268.76	47252.79
268.83	47262.17
268.90	47273.66
268.97	47296.70
269.04	47301.99
269.11	47292.13
269.17	47260.89
269.24	47214.03
269.31	47163.83
269.38	47117.13
269.45	47086.91
269.52	47051.97
269.58	47030.10
269.65	46978.13
269.72	46930.37
269.79	46880.72
269.86	46840.40
269.92	46775.19
269.99	46726.72
270.06	46671.08
270.13	46611.04
270.20	46549.09
270.27	46524.07
270.33	46506.85
270.40	46479.35
270.47	46463.55
270.54	46451.04
270.61	46429.74
270.68	46415.87
270.74	46409.93
270.81	46401.58
270.88	46375.34
270.95	46330.15
271.02	46265.51
271.08	46193.80
271.15	46110.75
271.22	46047.94
271.29	45992.45
271.36	45931.07
271.43	45888.67
271.49	45853.25
271.56	45815.25
271.63	45776.34
271.70	45754.73
271.77	45736.93
271.83	45702.99
271.90	45660.33
271.97	45624.74
272.04	45575.35
272.11	45523.31
272.17	45491.57
272.24	45469.43
272.31	45432.57
272.38	45421.01
272.45	45393.37
272.52	45369.27
272.58	45341.04
272.65	45324.49
272.72	45294.05
272.79	45266.76
272.86	45232.60
272.92	45196.19
272.99	45155.59
273.06	45113.87
273.13	45063.72
273.20	45007.37
273.26	44936.85
273.33	44869.85
273.40	44800.61
273.47	44755.04
273.54	44718.53
273.60	44705.10
273.67	44684.40
273.74	44680.05
273.81	44679.94
273.88	44694.71
273.94	44728.30
274.01	44771.61
274.08	44809.59
274.15	44829.69
274.21	44824.99
274.28	44775.29
274.35	44702.67
274.42	44607.87
274.49	44510.17
274.55	44431.33
274.62	44381.29
274.69	44334.54
274.76	44298.21
274.83	44272.31
274.89	44234.89
274.96	44182.15
275.03	44147.51
275.10	44115.85
275.17	44074.11
275.23	44029.49
275.30	43992.55
275.37	43963.55
275.44	43942.48
275.50	43925.67
275.57	43915.57
275.64	43892.74
275.71	43850.43
275.78	43812.01
275.84	43790.29
275.91	43764.23
275.98	43751.71
276.05	43737.53
276.11	43715.89
276.18	43670.09
276.25	43593.39
276.32	43507.02
276.39	43430.45
276.45	43346.56
276.52	43265.64
276.59	43215.71
276.66	43193.47
276.72	43178.70
276.79	43174.62
276.86	43174.43
276.93	43167.94
276.99	43128.81
277.06	43078.29
277.13	43027.49
277.20	42992.11
277.26	42963.04
277.33	42956.74
277.40	42961.61
277.47	42954.85
277.54	42932.93
277.60	42901.11
277.67	42845.99
277.74	42750.38
277.81	42656.82
277.87	42561.11
277.94	42482.54
278.01	42424.02
278.08	42391.87
278.14	42375.73
278.21	42387.73
278.28	42401.29
278.35	42431.92
278.41	42465.39
278.48	42498.69
278.55	42493.95
278.62	42475.87
278.68	42425.17
278.75	42343.57
278.82	42234.19
278.89	42132.57
278.95	42029.23
279.02	41954.85
279.09	41940.98
279.16	41957.43
279.22	41993.75
279.29	42041.45
279.36	42075.19
279.43	42054.77
279.49	41983.52
279.56	41867.75
279.63	41714.11
279.70	41555.16
279.76	41426.59
279.83	41348.83
279.90	41318.72
279.97	41318.62
280.03	41335.73
280.10	41335.94
280.17	41332.61
280.24	41320.39
280.30	41314.87
280.37	41292.98
280.44	41293.71
280.51	41281.86
280.57	41268.99
280.64	41244.54
280.71	41215.29
280.77	41177.23
280.84	41124.26
280.91	41055.69
280.98	40967.87
281.04	40878.34
281.11	40775.33
281.18	40675.16
281.25	40568.00
281.31	40470.29
281.38	40359.21
281.45	40261.45
281.52	40178.39
281.58	40101.57
281.65	40034.85
281.72	39988.18
281.78	39947.01
281.85	39922.97
281.92	39913.96
281.99	39913.59
282.05	39923.23
282.12	39942.02
282.19	39955.31
282.26	39972.53
282.32	39986.89
282.39	40006.64
282.46	39995.59
282.52	39973.25
282.59	39957.85
282.66	39956.19
282.73	39935.52
282.79	39927.91
282.86	39894.70
282.93	39818.09
282.99	39705.79
283.06	39566.87
283.13	39405.79
283.20	39256.41
283.26	39135.72
283.33	39031.65
283.40	38963.06
283.46	38928.37
283.53	38912.43
283.60	38904.86
283.67	38912.15
283.73	38933.62
283.80	38946.41
283.87	38975.33
283.93	39009.97
284.00	39027.37
284.07	39028.26
284.13	39014.01
284.20	38982.16
284.27	38937.53
284.34	38893.88
284.40	38865.79
284.47	38857.99
284.54	38844.48
284.60	38816.49
284.67	38780.23
284.74	38726.94
284.81	38657.62
284.87	38590.93
284.94	38500.85
285.01	38408.15
285.07	38308.75
285.14	38202.81
285.21	38114.96
285.27	38063.75
285.34	38045.95
285.41	38042.44
285.47	38075.95
285.54	38098.78
285.61	38123.55
285.68	38138.65
285.74	38163.17
285.81	38171.33
285.88	38180.39
285.94	38196.65
286.01	38224.63
286.08	38249.99
286.14	38280.89
286.21	38299.73
286.28	38318.15
286.34	38291.69
286.41	38222.51
286.48	38112.09
286.55	37996.76
286.61	37847.81
286.68	37713.23
286.75	37601.59
286.81	37520.59
286.88	37447.77
286.95	37393.56
287.01	37382.43
287.08	37388.42
287.15	37407.49
287.21	37424.45
287.28	37465.05
287.35	37477.51
287.41	37480.53
287.48	37479.05
287.55	37492.32
287.61	37493.49
287.68	37497.43
287.75	37500.65
287.81	37499.43
287.88	37493.63
287.95	37496.99
288.01	37486.57
288.08	37490.95
288.15	37483.06
288.21	37464.73
288.28	37431.13
288.35	37407.53
288.41	37360.04
288.48	37291.10
288.55	37201.59
288.61	37089.76
288.68	36974.95
288.75	36871.89
288.81	36802.92
288.88	36753.66
288.95	36755.22
289.01	36781.21
289.08	36812.12
289.15	36869.95
289.21	36944.79
289.28	37005.33
289.35	37054.69
289.41	37093.31
289.48	37115.93
289.55	37121.65
289.61	37102.38
289.68	37084.17
289.75	37061.10
289.81	37015.88
289.88	36960.83
289.95	36900.25
290.01	36825.68
290.08	36753.43
290.15	36694.88
290.21	36661.29
290.28	36645.30
290.35	36624.89
290.41	36605.11
290.48	36566.08
290.55	36489.80
290.61	36405.35
290.68	36340.81
290.74	36302.05
290.81	36294.83
290.88	36326.01
290.94	36390.85
291.01	36450.65
291.08	36502.65
291.14	36558.07
291.21	36610.87
291.28	36647.30
291.34	36687.26
291.41	36713.35
291.48	36719.22
291.54	36719.76
291.61	36698.33
291.68	36656.51
291.74	36591.67
291.81	36527.83
291.87	36471.37
291.94	36397.42
292.01	36327.04
292.07	36264.34
292.14	36186.50
292.21	36092.39
292.27	36027.15
292.34	35968.59
292.41	35936.39
292.47	35917.33
292.54	35916.02
292.60	35929.73
292.67	35961.95
292.74	36004.69
292.80	36063.69
292.87	36123.42
292.94	36179.02
293.00	36232.47
293.07	36269.44
293.13	36307.16
293.20	36344.69
293.27	36390.41
293.33	36414.91
293.40	36432.83
293.47	36426.41
293.53	36394.23
293.60	36325.67
293.66	36232.30
293.73	36108.95
293.80	35977.39
293.86	35853.73
293.93	35753.61
294.00	35681.61
294.06	35647.51
294.13	35628.36
294.19	35614.51
294.26	35595.99
294.33	35588.07
294.39	35565.55
294.46	35553.61
294.52	35560.21
294.59	35584.81
294.66	35619.81
294.72	35686.67
294.79	35765.71
294.86	35836.47
294.92	35907.86
294.99	35991.14
295.05	36060.90
295.12	36110.45
295.19	36168.84
295.25	36208.09
295.32	36224.05
295.38	36227.59
295.45	36229.48
295.52	36199.79
295.58	36142.45
295.65	36066.71
295.71	35969.71
295.78	35832.19
295.85	35691.67
295.91	35562.13
295.98	35421.45
296.04	35290.29
296.11	35208.78
296.18	35155.75
296.24	35144.35
296.31	35166.93
296.37	35227.43
296.44	35315.35
296.51	35406.45
296.57	35504.91
296.64	35608.83
296.70	35706.85
296.77	35769.17
296.84	35821.68
296.90	35861.25
296.97	35891.55
297.03	35921.51
297.10	35963.27
297.17	36012.47
297.23	36057.03
297.30	36101.06
297.36	36114.05
297.43	36114.75
297.50	36107.70
297.56	36059.23
297.63	35984.90
297.69	35880.87
297.76	35735.53
297.82	35557.77
297.89	35399.64
297.96	35243.87
298.02	35130.55
298.09	35059.29
298.15	35020.01
298.22	35003.65
298.29	35010.00
298.35	35030.77
298.42	35075.26
298.48	35138.23
298.55	35202.67
298.61	35291.87
298.68	35381.10
298.75	35456.11
298.81	35530.75
298.88	35605.67
298.94	35662.11
299.01	35718.17
299.08	35770.13
299.14	35818.52
299.21	35850.77
299.27	35876.75
299.34	35883.36
299.40	35898.89
299.47	35892.59
299.54	35883.78
299.60	35861.51
299.67	35821.80
299.73	35731.35
299.80	35584.10
299.86	35379.79
299.93	35146.77
299.99	34933.21
300.06	34754.25
300.13	34647.70
300.19	34614.23
300.26	34629.75
300.32	34678.81
300.39	34745.30
300.45	34836.55
300.52	34940.06
300.59	35047.24
300.65	35152.77
300.72	35260.47
300.78	35330.12
300.85	35404.80
300.91	35451.59
300.98	35483.31
301.04	35509.38
301.11	35544.49
301.18	35555.91
301.24	35593.87
301.31	35612.91
301.37	35615.01
301.44	35614.27
301.50	35606.50
301.57	35562.77
301.63	35531.69
301.70	35464.74
301.77	35358.30
301.83	35210.67
301.90	35052.58
301.96	34859.61
302.03	34680.98
302.09	34542.39
302.16	34448.06
302.22	34387.34
302.29	34360.79
302.36	34376.35
302.42	34402.16
302.49	34448.72
302.55	34508.54
302.62	34581.83
302.68	34640.85
302.75	34713.28
302.81	34766.47
302.88	34815.06
302.94	34848.27
303.01	34893.65
303.07	34901.25
303.14	34931.53
303.21	34944.03
303.27	34960.59
303.34	34961.95
303.40	34965.44
303.47	34943.93
303.53	34922.53
303.60	34893.87
303.66	34859.89
303.73	34820.89
303.79	34771.05
303.86	34700.41
303.92	34604.81
303.99	34484.24
304.05	34316.46
304.12	34140.00
304.19	33988.11
304.25	33843.00
304.32	33739.39
304.38	33697.80
304.45	33681.99
304.51	33686.31
304.58	33728.49
304.64	33775.89
304.71	33839.83
304.77	33886.02
304.84	33919.05
304.90	33949.60
304.97	33969.69
305.03	33967.35
305.10	33974.40
305.16	33989.16
305.23	33986.67
305.29	33978.35
305.36	33962.89
305.42	33955.38
305.49	33935.51
305.56	33908.65
305.62	33872.91
305.69	33836.25
305.75	33790.87
305.82	33704.82
305.88	33582.69
305.95	33422.62
306.01	33250.58
306.08	33069.58
306.14	32911.84
306.21	32775.30
306.27	32672.85
306.34	32587.09
306.40	32494.79
306.47	32434.72
306.53	32431.05
306.60	32448.10
306.66	32478.74
306.73	32528.35
306.79	32570.33
306.86	32580.71
306.92	32584.09
306.99	32593.55
307.05	32600.13
307.12	32601.31
307.18	32604.53
307.25	32604.90
307.31	32588.26
307.38	32563.54
307.44	32542.05
307.51	32510.88
307.57	32465.70
307.64	32431.30
307.70	32395.64
307.77	32345.70
307.83	32296.98
307.90	32260.82
307.96	32203.42
308.03	32141.16
308.09	32078.27
308.16	32007.89
308.22	31931.07
308.29	31844.15
308.35	31750.81
308.42	31658.28
308.48	31542.52
308.55	31421.27
308.61	31319.75
308.68	31233.53
308.74	31154.15
308.81	31127.07
308.87	31115.75
308.94	31115.36
309.00	31120.87
309.07	31136.42
309.13	31119.79
309.20	31113.09
309.26	31091.93
309.33	31064.36
309.39	31026.09
309.45	31005.34
309.52	30961.21
309.58	30918.81
309.65	30863.78
309.71	30811.36
309.78	30756.36
309.84	30700.82
309.91	30645.05
309.97	30593.45
310.04	30543.49
310.10	30481.79
310.17	30428.71
310.23	30364.57
310.30	30314.79
310.36	30255.31
310.43	30189.11
310.49	30105.63
310.56	30030.34
310.62	29939.45
310.69	29849.86
310.75	29770.30
310.81	29714.81
310.88	29661.42
310.94	29622.49
311.01	29583.15
311.07	29551.46
311.14	29512.29
311.20	29477.05
311.27	29438.05
311.33	29418.09
311.40	29393.47
311.46	29369.80
311.53	29343.30
311.59	29319.71
311.66	29287.22
311.72	29250.67
311.78	29207.55
311.85	29167.28
311.91	29132.84
311.98	29081.66
312.04	29028.24
312.11	28982.71
312.17	28936.48
312.24	28879.17
312.30	28822.53
312.37	28766.41
312.43	28711.45
312.50	28651.45
312.56	28593.03
312.62	28533.81
312.69	28474.06
312.75	28406.59
312.82	28328.33
312.88	28248.14
312.95	28177.33
313.01	28105.09
313.08	28038.09
313.14	27990.35
313.20	27938.31
313.27	27889.71
313.33	27838.13
313.40	27796.16
313.46	27748.81
313.53	27710.98
313.59	27669.95
313.66	27645.53
313.72	27617.03
313.78	27581.61
313.85	27546.94
313.91	27518.75
313.98	27482.66
314.04	27441.17
314.11	27409.11
314.17	27368.33
314.24	27316.55
314.30	27271.11
314.36	27218.67
314.43	27172.24
314.49	27121.63
314.56	27073.50
314.62	27015.75
314.69	26953.37
314.75	26896.83
314.81	26834.58
314.88	26781.62
314.94	26732.54
315.01	26693.05
315.07	26632.75
315.14	26594.51
315.20	26545.71
315.27	26488.87
315.33	26441.83
315.39	26387.05
315.46	26333.37
315.52	26276.77
315.59	26232.51
315.65	26175.69
315.72	26141.17
315.78	26097.58
315.84	26054.15
315.91	26022.20
315.97	25994.85
316.04	25984.71
316.10	25962.01
316.16	25935.36
316.23	25870.45
316.29	25779.11
316.36	25628.11
316.42	25458.22
316.49	25265.97
316.55	25057.02
316.61	24846.11
316.68	24631.51
316.74	24412.23
316.81	24189.24
316.87	23970.99
316.93	23741.50
317.00	23522.34
317.06	23304.61
317.13	23085.68
317.19	22869.93
317.26	22658.49
317.32	22443.64
317.38	22229.89
317.45	22016.07
317.51	21813.58
317.58	21605.76
317.64	21392.38
317.70	21187.72
317.77	20988.31
317.83	20780.18
317.90	20572.29
317.96	20363.21
318.02	20153.67
318.09	19954.73
318.15	19740.73
318.22	19529.49
318.28	19329.64
318.34	19115.23
318.41	18890.71
318.47	18676.13
318.54	18467.13
318.60	18255.95
318.66	18059.08
318.73	17848.53
318.79	17652.43
318.86	17460.63
318.92	17267.83
318.98	17077.54
319.05	16887.53
319.11	16697.20
319.18	16500.84
319.24	16304.33
319.30	16093.85
319.37	15911.16
319.43	15718.18
319.50	15529.67
319.56	15336.31
319.62	15161.77
319.69	14967.04
319.75	14782.12
319.82	14596.03
319.88	14415.20
319.94	14224.36
320.01	14048.35
320.07	13857.81
320.13	13673.51
320.20	13487.68
320.26	13305.63
320.33	13121.35
320.39	12940.22
320.45	12754.97
320.52	12575.69
320.58	12395.33
320.65	12211.10
320.71	12029.78
320.77	11860.11
320.84	11680.42
320.90	11506.61
320.96	11332.71
321.03	11149.75
321.09	10958.52
321.16	10775.23
321.22	10582.90
321.28	10403.27
321.35	10239.52
321.41	10062.01
321.47	9892.87
321.54	9738.57
321.60	9563.79
321.67	9385.91
321.73	9222.99
321.79	9049.43
321.86	8872.61
321.92	8696.90
321.98	8512.53
322.05	8321.67
322.11	8127.04
322.18	7930.97
322.24	7742.24
322.30	7561.43
322.37	7391.10
322.43	7219.79
322.49	7054.49
322.56	6879.54
322.62	6710.35
322.68	6531.71
322.75	6369.17
322.81	6186.17
322.88	6013.00
322.94	5840.70
323.00	5665.54
323.07	5488.36
323.13	5323.07
323.19	5160.85
323.26	4996.87
323.32	4842.39
323.38	4683.19
323.45	4459.93
323.51	3817.72
323.57	2934.14
323.64	2008.90
323.70	1118.23
323.76	322.81
323.83	-20.56
323.89	-90.09
323.96	-91.09
