180.25	3499.57
180.33	-130.57
180.40	650.18
180.48	-38.14
180.56	2.08
180.63	34.59
180.71	72.52
180.78	72.24
180.86	74.72
180.93	78.51
181.01	80.46
181.08	79.24
181.16	79.12
181.23	79.37
181.31	79.46
181.39	100.28
181.46	108.34
181.54	117.56
181.61	132.67
181.69	141.22
181.76	136.01
181.84	131.26
181.91	133.97
181.99	135.91
182.06	137.51
182.14	142.71
182.22	148.77
182.29	158.99
182.37	164.24
182.44	176.56
182.52	176.04
182.59	193.66
182.67	202.82
182.74	207.89
182.82	211.97
182.89	221.28
182.97	221.06
183.04	229.82
183.12	239.98
183.20	260.98
183.27	275.85
183.35	308.48
183.42	335.68
183.50	381.15
183.57	411.76
183.65	462.96
183.72	511.48
183.80	571.56
183.87	621.45
183.95	671.74
184.02	721.84
184.10	755.81
184.17	774.80
184.25	773.69
184.32	764.13
184.40	736.54
184.47	685.85
184.55	639.84
184.62	634.95
184.70	663.43
184.78	717.69
184.85	832.90
184.93	968.72
185.00	1100.48
185.08	1234.74
185.15	1363.54
185.23	1492.87
185.30	1617.37
185.38	1733.82
185.45	1843.80
185.53	1966.12
185.60	2072.32
185.68	2197.02
185.75	2294.40
185.83	2369.46
185.90	2412.22
185.98	2391.88
186.05	2300.92
186.13	2181.08
186.20	2022.58
186.28	1883.13
186.35	1834.58
186.43	1882.40
186.50	2027.36
186.58	2255.26
186.65	2509.57
186.73	2760.42
186.80	2984.58
186.88	3186.80
186.95	3389.97
187.03	3584.35
187.10	3761.52
187.18	3966.72
187.25	4157.48
187.33	4351.36
187.40	4560.87
187.48	4751.91
187.55	4912.27
187.63	5051.14
187.70	5111.37
187.78	5106.59
187.85	5057.38
187.93	4889.80
188.00	4620.40
188.08	4316.38
188.15	4041.61
188.23	3871.22
188.30	3864.75
188.38	4027.26
188.45	4316.05
188.53	4635.21
188.60	4937.94
188.68	5209.10
188.75	5460.66
188.83	5724.74
188.90	5972.72
188.98	6208.77
189.05	6461.75
189.13	6692.80
189.20	6898.17
189.28	7114.64
189.35	7313.21
189.43	7486.07
189.50	7649.18
189.58	7735.62
189.65	7738.74
189.73	7675.74
189.80	7518.26
189.87	7271.34
189.95	6971.47
190.02	6597.76
190.10	6191.08
190.17	5874.46
190.25	5725.32
190.32	5765.66
190.40	5994.22
190.47	6373.71
190.55	6795.39
190.62	7188.53
190.70	7524.15
190.77	7830.55
190.85	8112.23
190.92	8345.40
191.00	8537.97
191.07	8716.71
191.15	8837.02
191.22	8930.83
191.29	9001.36
191.37	9042.52
191.44	9079.74
191.52	9157.59
191.59	9218.29
191.67	9271.08
191.74	9303.87
191.82	9289.29
191.89	9258.30
191.97	9235.45
192.04	9202.76
192.12	9146.56
192.19	9029.96
192.27	8828.82
192.34	8624.62
192.41	8498.53
192.49	8492.50
192.56	8625.64
192.64	8871.38
192.71	9149.70
192.79	9369.93
192.86	9518.95
192.94	9575.36
193.01	9609.13
193.09	9643.54
193.16	9754.98
193.23	9930.17
193.31	10174.21
193.38	10454.35
193.46	10715.95
193.53	10930.89
193.61	11105.66
193.68	11242.34
193.76	11326.82
193.83	11386.70
193.91	11411.94
193.98	11423.16
194.05	11414.04
194.13	11375.86
194.20	11301.44
194.28	11205.64
194.35	11085.64
194.43	10944.38
194.50	10766.83
194.58	10573.52
194.65	10423.18
194.72	10377.37
194.80	10466.82
194.87	10701.87
194.95	11057.34
195.02	11433.89
195.10	11741.68
195.17	12007.56
195.25	12219.66
195.32	12393.19
195.39	12526.29
195.47	12641.92
195.54	12696.61
195.62	12684.51
195.69	12565.28
195.77	12336.54
195.84	12018.55
195.91	11673.40
195.99	11425.90
196.06	11341.28
196.14	11438.92
196.21	11683.41
196.29	12035.74
196.36	12391.01
196.43	12699.58
196.51	12968.77
196.58	13189.62
196.66	13348.64
196.73	13472.42
196.81	13564.34
196.88	13608.08
196.95	13618.64
197.03	13567.46
197.10	13410.00
197.18	13169.96
197.25	12892.82
197.33	12621.23
197.40	12394.19
197.47	12253.82
197.55	12227.44
197.62	12300.45
197.70	12462.24
197.77	12714.31
197.84	13028.24
197.92	13356.33
197.99	13692.18
198.07	14006.48
198.14	14259.04
198.22	14476.68
198.29	14646.77
198.36	14761.70
198.44	14833.56
198.51	14857.04
198.59	14769.48
198.66	14580.34
198.73	14292.34
198.81	13926.57
198.88	13507.47
198.96	13140.86
199.03	12930.97
199.10	12935.19
199.18	13118.32
199.25	13468.34
199.33	13925.68
199.40	14370.34
199.48	14723.25
199.55	14995.80
199.62	15206.94
199.70	15398.12
199.77	15586.34
199.85	15775.45
199.92	15934.14
199.99	16043.04
200.07	16027.02
200.14	15861.18
200.22	15504.67
200.29	14981.80
200.36	14451.68
200.44	14044.97
200.51	13842.67
200.59	13886.53
200.66	14139.43
200.73	14490.86
200.81	14851.92
200.88	15177.58
200.95	15505.54
201.03	15841.72
201.10	16171.76
201.18	16471.45
201.25	16727.78
201.32	16920.80
201.40	17065.98
201.47	17153.10
201.55	17172.28
201.62	17085.67
201.69	16834.76
201.77	16498.28
201.84	16130.93
201.92	15732.21
201.99	15328.30
202.06	15075.20
202.14	15005.26
202.21	15100.49
202.28	15376.29
202.36	15830.06
202.43	16351.46
202.51	16823.84
202.58	17202.80
202.65	17506.57
202.73	17769.58
202.80	18010.61
202.87	18252.98
202.95	18488.61
203.02	18674.03
203.10	18761.55
203.17	18738.66
203.24	18544.22
203.32	18100.30
203.39	17423.00
203.46	16721.21
203.54	16143.12
203.61	15834.29
203.69	15858.53
203.76	16217.43
203.83	16732.46
203.91	17260.47
203.98	17733.89
204.05	18166.38
204.13	18578.94
204.20	18963.00
204.28	19311.87
204.35	19582.76
204.42	19787.52
204.50	19927.59
204.57	20019.42
204.64	20040.69
204.72	19992.72
204.79	19786.50
204.86	19401.26
204.94	18923.81
205.01	18433.95
205.09	17938.18
205.16	17553.10
205.23	17393.38
205.31	17448.57
205.38	17687.46
205.45	18113.60
205.53	18686.72
205.60	19298.15
205.67	19853.29
205.75	20298.12
205.82	20651.34
205.89	20924.26
205.97	21156.95
206.04	21374.38
206.12	21590.98
206.19	21796.11
206.26	21950.52
206.34	21996.74
206.41	21867.49
206.48	21514.54
206.56	20882.53
206.63	20066.76
206.70	19248.27
206.78	18650.62
206.85	18398.66
206.92	18563.50
207.00	19070.53
207.07	19734.30
207.14	20394.58
207.22	20984.14
207.29	21495.92
207.36	21932.50
207.44	22334.22
207.51	22682.73
207.58	23003.90
207.66	23274.43
207.73	23511.91
207.80	23699.63
207.88	23802.55
207.95	23782.64
208.02	23634.26
208.10	23265.10
208.17	22645.12
208.25	21922.26
208.32	21261.06
208.39	20754.72
208.47	20526.64
208.54	20608.82
208.61	20923.23
208.69	21334.55
208.76	21780.94
208.83	22250.80
208.90	22738.15
208.98	23223.46
209.05	23671.40
209.12	24089.99
209.20	24452.20
209.27	24760.72
209.34	25028.06
209.42	25275.92
209.49	25458.46
209.56	25569.91
209.64	25614.93
209.71	25502.67
209.78	25165.79
209.86	24655.09
209.93	24060.54
210.00	23395.03
210.08	22797.24
210.15	22448.48
210.22	22400.52
210.30	22593.26
210.37	23001.65
210.44	23559.55
210.52	24138.50
210.59	24671.74
210.66	25120.18
210.74	25516.26
210.81	25853.18
210.88	26174.58
210.96	26459.82
211.03	26746.94
211.10	27013.26
211.17	27256.22
211.25	27412.17
211.32	27473.32
211.39	27404.12
211.47	27148.94
211.54	26623.80
211.61	25911.44
211.69	25219.26
211.76	24708.76
211.83	24476.04
211.91	24614.91
211.98	25037.42
212.05	25564.49
212.12	26035.23
212.20	26436.42
212.27	26761.08
212.34	27039.93
212.42	27282.66
212.49	27520.95
212.56	27752.55
212.64	28011.10
212.71	28283.14
212.78	28560.29
212.85	28796.90
212.93	28971.32
213.00	29056.15
213.07	29050.88
213.15	28868.04
213.22	28529.34
213.29	28119.02
213.37	27693.58
213.44	27310.07
213.51	27092.30
213.58	27096.26
213.66	27267.20
213.73	27548.49
213.80	27906.96
213.88	28271.89
213.95	28573.86
214.02	28783.10
214.09	28973.90
214.17	29158.10
214.24	29368.71
214.31	29627.08
214.39	29937.00
214.46	30224.27
214.53	30468.12
214.60	30661.53
214.68	30796.56
214.75	30872.52
214.82	30874.64
214.90	30767.40
214.97	30497.58
215.04	30041.85
215.11	29535.54
215.19	29118.74
215.26	28911.96
215.33	28957.30
215.41	29279.02
215.48	29744.77
215.55	30193.25
215.62	30539.60
215.70	30821.19
215.77	31063.90
215.84	31287.56
215.91	31506.54
215.99	31743.68
216.06	31963.72
216.13	32141.93
216.21	32265.92
216.28	32368.36
216.35	32458.98
216.42	32534.24
216.50	32580.32
216.57	32582.60
216.64	32495.54
216.71	32254.38
216.79	31913.82
216.86	31583.37
216.93	31339.34
217.01	31233.25
217.08	31317.66
217.15	31562.97
217.22	31873.53
217.30	32189.68
217.37	32494.06
217.44	32785.21
217.51	33041.98
217.59	33270.86
217.66	33472.06
217.73	33650.89
217.80	33792.99
217.88	33915.87
217.95	34027.82
218.02	34115.47
218.09	34197.16
218.17	34305.08
218.24	34406.22
218.31	34490.72
218.38	34533.79
218.46	34495.76
218.53	34302.74
218.60	33998.89
218.67	33658.82
218.75	33395.48
218.82	33253.56
218.89	33307.56
218.96	33541.06
219.04	33860.90
219.11	34193.36
219.18	34492.80
219.25	34740.99
219.33	34947.39
219.40	35150.90
219.47	35327.70
219.54	35492.52
219.62	35653.55
219.69	35802.47
219.76	35944.50
219.83	36075.56
219.91	36210.30
219.98	36339.71
220.05	36428.07
220.12	36461.88
220.20	36466.72
220.27	36394.14
220.34	36214.95
220.41	35976.30
220.49	35727.82
220.56	35542.45
220.63	35481.29
220.70	35558.51
220.78	35758.82
220.85	36013.06
220.92	36234.22
220.99	36416.84
221.06	36573.38
221.14	36717.70
221.21	36856.07
221.28	37003.94
221.35	37155.32
221.43	37310.32
221.50	37457.26
221.57	37595.42
221.64	37733.50
221.72	37858.69
221.79	37972.10
221.86	38047.76
221.93	38119.20
222.00	38154.76
222.08	38155.47
222.15	38094.06
222.22	38009.18
222.29	37914.78
222.37	37854.18
222.44	37826.36
222.51	37861.49
222.58	37948.68
222.65	38046.46
222.73	38141.07
222.80	38242.31
222.87	38359.28
222.94	38470.95
223.02	38591.51
223.09	38710.34
223.16	38838.29
223.23	38966.15
223.30	39105.33
223.38	39256.12
223.45	39402.17
223.52	39527.07
223.59	39637.78
223.66	39712.94
223.74	39753.38
223.81	39771.64
223.88	39786.46
223.95	39789.65
224.03	39787.98
224.10	39781.60
224.17	39780.06
224.24	39780.68
224.31	39796.96
224.39	39852.86
224.46	39930.86
224.53	40023.64
224.60	40122.46
224.67	40221.66
224.75	40325.56
224.82	40438.06
224.89	40564.72
224.96	40699.10
225.03	40816.68
225.11	40929.08
225.18	41031.75
225.25	41131.89
225.32	41212.44
225.39	41295.76
225.47	41362.48
225.54	41404.34
225.61	41406.08
225.68	41394.17
225.75	41378.94
225.83	41387.98
225.90	41432.47
225.97	41509.82
226.04	41606.23
226.11	41717.08
226.19	41819.17
226.26	41919.05
226.33	42018.90
226.40	42114.93
226.47	42218.21
226.54	42315.85
226.62	42408.16
226.69	42503.05
226.76	42602.96
226.83	42695.36
226.90	42785.40
226.98	42842.61
227.05	42889.98
227.12	42949.66
227.19	42992.18
227.26	43033.40
227.34	43112.74
227.41	43181.57
227.48	43228.41
227.55	43259.58
227.62	43280.76
227.69	43303.90
227.77	43344.82
227.84	43408.24
227.91	43489.14
227.98	43587.61
228.05	43664.38
228.12	43741.57
228.20	43814.66
228.27	43892.79
228.34	43973.00
228.41	44081.52
228.48	44185.52
228.56	44291.97
228.63	44393.61
228.70	44479.02
228.77	44551.06
228.84	44636.71
228.91	44717.08
228.99	44804.72
229.06	44919.26
229.13	45024.26
229.20	45108.44
229.27	45182.08
229.34	45246.64
229.42	45295.50
229.49	45345.39
229.56	45399.57
229.63	45458.96
229.70	45512.03
229.77	45554.24
229.85	45602.40
229.92	45650.76
229.99	45697.86
230.06	45762.75
230.13	45850.34
230.20	45938.54
230.27	46037.63
230.35	46144.96
230.42	46253.27
230.49	46347.06
230.56	46443.12
230.63	46542.34
230.70	46611.54
230.78	46673.46
230.85	46731.45
230.92	46798.39
230.99	46850.68
231.06	46941.53
231.13	47044.68
231.20	47163.29
231.28	47257.51
231.35	47357.84
231.42	47440.61
231.49	47527.81
231.56	47601.42
231.63	47680.43
231.71	47751.66
231.78	47822.78
231.85	47870.46
231.92	47918.02
231.99	47967.86
232.06	48026.70
232.13	48111.98
232.21	48203.99
232.28	48298.72
232.35	48380.78
232.42	48464.97
232.49	48538.99
232.56	48634.96
232.63	48715.72
232.71	48814.63
232.78	48909.66
232.85	49000.58
232.92	49066.47
232.99	49139.68
233.06	49204.94
233.13	49261.50
233.20	49306.71
233.28	49352.97
233.35	49400.70
233.42	49453.41
233.49	49530.47
233.56	49611.90
233.63	49697.64
233.70	49797.00
233.78	49891.88
233.85	49990.32
233.92	50083.37
233.99	50164.41
234.06	50239.32
234.13	50323.44
234.20	50387.83
234.27	50450.10
234.35	50517.70
234.42	50576.00
234.49	50630.64
234.56	50663.24
234.63	50710.44
234.70	50747.96
234.77	50787.58
234.84	50817.74
234.92	50874.47
234.99	50938.04
235.06	51012.00
235.13	51096.41
235.20	51193.65
235.27	51274.14
235.34	51352.34
235.41	51424.28
235.48	51496.60
235.56	51554.82
235.63	51632.57
235.70	51681.98
235.77	51734.84
235.84	51767.16
235.91	51792.30
235.98	51801.34
236.05	51821.44
236.12	51851.24
236.20	51886.03
236.27	51930.64
236.34	51982.14
236.41	52033.02
236.48	52068.23
236.55	52107.64
236.62	52149.57
236.69	52200.48
236.76	52263.33
236.84	52330.60
236.91	52394.42
236.98	52460.12
237.05	52504.16
237.12	52546.32
237.19	52593.30
237.26	52636.91
237.33	52674.12
237.40	52723.70
237.47	52753.65
237.55	52793.20
237.62	52852.59
237.69	52925.72
237.76	52992.76
237.83	53070.05
237.90	53127.94
237.97	53170.12
238.04	53194.74
238.11	53217.60
238.18	53245.87
238.26	53276.11
238.33	53299.91
238.40	53330.40
238.47	53363.24
238.54	53385.46
238.61	53407.45
238.68	53428.02
238.75	53442.51
238.82	53469.68
238.89	53503.30
238.96	53556.94
239.04	53604.13
239.11	53663.70
239.18	53705.15
239.25	53731.36
239.32	53749.38
239.39	53763.06
239.46	53763.21
239.53	53758.01
239.60	53750.66
239.67	53747.90
239.74	53755.68
239.81	53766.71
239.89	53794.08
239.96	53832.22
240.03	53858.48
240.10	53886.93
240.17	53904.92
240.24	53912.76
240.31	53939.17
240.38	53967.58
240.45	54017.51
240.52	54085.12
240.59	54152.52
240.66	54197.80
240.73	54244.12
240.80	54268.12
240.88	54275.84
240.95	54291.62
241.02	54305.29
241.09	54322.54
241.16	54338.80
241.23	54356.79
241.30	54336.69
241.37	54305.21
241.44	54285.52
241.51	54277.87
241.58	54287.00
241.65	54326.90
241.72	54383.40
241.79	54408.34
241.86	54421.22
241.94	54418.36
242.01	54403.10
242.08	54382.64
242.15	54382.92
242.22	54386.72
242.29	54390.09
242.36	54409.14
242.43	54411.00
242.50	54400.76
242.57	54386.20
242.64	54376.30
242.71	54363.88
242.78	54371.64
242.85	54377.60
242.92	54386.20
242.99	54406.07
243.06	54414.46
243.14	54421.42
243.21	54421.29
243.28	54432.55
243.35	54443.82
243.42	54474.88
243.49	54499.56
243.56	54525.72
243.63	54545.98
243.70	54557.32
243.77	54545.07
243.84	54530.60
243.91	54514.88
243.98	54493.27
244.05	54460.87
244.12	54435.45
244.19	54415.40
244.26	54392.16
244.33	54366.36
244.40	54351.89
244.47	54343.20
244.54	54328.05
244.62	54292.64
244.69	54259.71
244.76	54241.08
244.83	54226.23
244.90	54232.64
244.97	54266.62
245.04	54294.98
245.11	54296.58
245.18	54292.12
245.25	54289.80
245.32	54294.95
245.39	54306.21
245.46	54319.24
245.53	54327.36
245.60	54314.94
245.67	54299.87
245.74	54282.78
245.81	54262.54
245.88	54247.52
245.95	54236.71
246.02	54214.94
246.09	54177.90
246.16	54139.54
246.23	54097.19
246.30	54059.53
246.37	54043.28
246.44	54057.45
246.51	54075.44
246.58	54097.25
246.65	54124.94
246.72	54143.40
246.79	54132.06
246.87	54132.75
246.94	54126.82
247.01	54102.36
247.08	54064.88
247.15	54013.84
247.22	53949.09
247.29	53886.82
247.36	53849.60
247.43	53812.26
247.50	53804.06
247.57	53806.70
247.64	53819.94
247.71	53830.09
247.78	53843.85
247.85	53867.58
247.92	53888.96
247.99	53895.24
248.06	53876.70
248.13	53856.50
248.20	53825.54
248.27	53797.56
248.34	53772.72
248.41	53764.75
248.48	53759.00
248.55	53746.70
248.62	53749.00
248.69	53749.46
248.76	53736.32
248.83	53719.85
248.90	53703.33
248.97	53657.84
249.04	53610.00
249.11	53561.92
249.18	53522.48
249.25	53489.76
249.32	53449.19
249.39	53405.13
249.46	53362.08
249.53	53319.16
249.60	53265.13
249.67	53238.10
249.74	53224.18
249.81	53225.41
249.88	53233.87
249.95	53264.28
250.02	53294.67
250.09	53312.58
250.16	53321.12
250.23	53310.56
250.30	53298.60
250.37	53275.80
250.44	53274.99
250.51	53275.87
250.58	53281.53
250.65	53264.94
250.72	53230.51
250.79	53181.47
250.86	53134.87
250.93	53092.46
251.00	53057.80
251.07	53038.86
251.14	53011.51
251.21	52986.88
251.28	52952.94
251.35	52922.58
251.42	52916.63
251.49	52920.76
251.56	52904.28
251.63	52887.99
251.70	52882.75
251.77	52850.20
251.84	52804.46
251.91	52762.18
251.98	52720.98
252.05	52670.88
252.12	52617.65
252.18	52575.76
252.25	52544.32
252.32	52551.14
252.39	52544.98
252.46	52535.38
252.53	52526.06
252.60	52509.31
252.67	52475.38
252.74	52454.87
252.81	52428.12
252.88	52403.63
252.95	52377.00
253.02	52327.09
253.09	52291.24
253.16	52277.14
253.23	52257.80
253.30	52256.67
253.37	52256.08
253.44	52239.27
253.51	52202.90
253.58	52178.67
253.65	52162.04
253.72	52151.72
253.79	52132.86
253.86	52138.72
253.93	52124.88
254.00	52093.95
254.07	52067.88
254.14	52040.83
254.21	51985.96
254.28	51946.48
254.35	51916.41
254.41	51884.07
254.48	51853.19
254.55	51847.15
254.62	51827.46
254.69	51793.37
254.76	51758.14
254.83	51726.22
254.90	51695.63
254.97	51683.66
255.04	51677.24
255.11	51665.17
255.18	51633.36
255.25	51582.00
255.32	51531.77
255.39	51482.30
255.46	51447.18
255.53	51432.68
255.60	51414.04
255.67	51396.12
255.74	51384.93
255.81	51370.64
255.87	51357.47
255.94	51348.89
256.01	51337.00
256.08	51313.02
256.15	51287.76
256.22	51261.23
256.29	51240.14
256.36	51209.98
256.43	51187.81
256.50	51179.28
256.57	51169.11
256.64	51150.16
256.71	51126.80
256.78	51103.58
256.85	51061.54
256.92	51028.01
256.99	51007.72
257.05	50997.43
257.12	50978.50
257.19	50949.32
257.26	50895.69
257.33	50837.98
257.40	50778.38
257.47	50714.08
257.54	50684.79
257.61	50673.68
257.68	50670.81
257.75	50664.77
257.82	50670.23
257.89	50648.24
257.96	50618.86
258.03	50576.41
258.09	50526.90
258.16	50467.54
258.23	50403.98
258.30	50347.17
258.37	50297.22
258.44	50258.77
258.51	50234.56
258.58	50222.44
258.65	50215.07
258.72	50211.40
258.79	50175.64
258.86	50138.95
258.93	50121.98
258.99	50085.35
259.06	50036.46
259.13	50017.75
259.20	49989.82
259.27	49933.26
259.34	49906.30
259.41	49896.09
259.48	49896.34
259.55	49880.84
259.62	49873.90
259.69	49840.22
259.76	49789.78
259.82	49717.48
259.89	49682.28
259.96	49648.33
260.03	49609.72
260.10	49575.56
260.17	49534.30
260.24	49476.50
260.31	49414.93
260.38	49382.48
260.45	49361.68
260.52	49352.03
260.59	49325.54
260.65	49304.74
260.72	49267.82
260.79	49233.33
260.86	49203.42
260.93	49181.34
261.00	49145.90
261.07	49103.87
261.14	49038.45
261.21	48965.24
261.28	48903.99
261.34	48842.36
261.41	48781.19
261.48	48736.38
261.55	48702.64
261.62	48662.83
261.69	48628.44
261.76	48597.61
261.83	48567.20
261.90	48537.04
261.97	48506.06
262.03	48478.10
262.10	48455.05
262.17	48419.94
262.24	48403.75
262.31	48378.85
262.38	48340.66
262.45	48318.18
262.52	48301.96
262.59	48250.58
262.65	48210.25
262.72	48183.57
262.79	48130.26
262.86	48087.24
262.93	48055.14
263.00	48021.96
263.07	47981.32
263.14	47945.72
263.21	47915.22
263.27	47886.44
263.34	47858.12
263.41	47826.79
263.48	47795.34
263.55	47743.78
263.62	47665.02
263.69	47595.81
263.76	47539.35
263.82	47485.23
263.89	47446.14
263.96	47446.46
264.03	47428.87
264.10	47400.77
264.17	47347.46
264.24	47285.46
264.31	47219.92
264.38	47154.13
264.44	47092.44
264.51	47051.18
264.58	47014.12
264.65	46969.06
264.72	46918.92
264.79	46868.15
264.86	46830.22
264.92	46786.58
264.99	46751.56
265.06	46726.64
265.13	46703.42
265.20	46678.76
265.27	46655.62
265.34	46614.88
265.41	46584.19
265.47	46552.69
265.54	46523.27
265.61	46500.13
265.68	46487.96
265.75	46454.35
265.82	46400.59
265.89	46337.99
265.95	46271.56
266.02	46196.44
266.09	46141.67
266.16	46109.52
266.23	46081.80
266.30	46045.78
266.37	45999.92
266.44	45936.10
266.50	45870.12
266.57	45802.06
266.64	45737.53
266.71	45689.62
266.78	45643.14
266.85	45574.53
266.91	45515.61
266.98	45471.97
267.05	45420.58
267.12	45383.64
267.19	45372.79
267.26	45362.05
267.33	45343.40
267.39	45327.15
267.46	45305.88
267.53	45271.62
267.60	45231.62
267.67	45189.64
267.74	45151.36
267.81	45105.19
267.87	45067.68
267.94	45033.88
268.01	44989.74
268.08	44943.80
268.15	44896.14
268.22	44849.06
268.28	44786.97
268.35	44735.38
268.42	44676.22
268.49	44622.60
268.56	44572.88
268.63	44534.42
268.69	44499.36
268.76	44460.31
268.83	44433.88
268.90	44410.68
268.97	44389.41
269.04	44367.04
269.11	44350.18
269.17	44322.26
269.24	44285.66
269.31	44261.56
269.38	44218.29
269.45	44178.91
269.52	44152.14
269.58	44122.94
269.65	44070.73
269.72	44025.16
269.79	43988.04
269.86	43943.02
269.92	43896.88
269.99	43857.22
270.06	43810.76
270.13	43766.50
270.20	43713.16
270.27	43687.90
270.33	43657.22
270.40	43632.32
270.47	43596.70
270.54	43578.35
270.61	43542.24
270.68	43520.19
270.74	43517.80
270.81	43510.90
270.88	43491.46
270.95	43462.17
271.02	43412.03
271.08	43352.36
271.15	43286.71
271.22	43236.01
271.29	43196.50
271.36	43141.29
271.43	43098.89
271.49	43075.42
271.56	43044.86
271.63	43003.40
271.70	42998.80
271.77	42988.03
271.83	42958.79
271.90	42923.74
271.97	42888.46
272.04	42843.08
272.11	42800.94
272.17	42780.63
272.24	42754.44
272.31	42729.04
272.38	42714.02
272.45	42688.59
272.52	42656.24
272.58	42637.47
272.65	42631.86
272.72	42605.20
272.79	42567.96
272.86	42535.26
272.92	42495.44
272.99	42445.04
273.06	42411.62
273.13	42383.06
273.20	42347.46
273.26	42308.70
273.33	42267.33
273.40	42222.58
273.47	42192.92
273.54	42167.60
273.60	42140.35
273.67	42121.34
273.74	42112.69
273.81	42093.12
273.88	42088.74
273.94	42094.36
274.01	42104.38
274.08	42106.08
274.15	42094.94
274.21	42062.38
274.28	42021.41
274.35	41958.87
274.42	41888.75
274.49	41830.66
274.55	41781.08
274.62	41744.14
274.69	41706.57
274.76	41671.60
274.83	41644.84
274.89	41614.54
274.96	41576.64
275.03	41561.64
275.10	41531.08
275.17	41502.42
275.23	41460.90
275.30	41432.56
275.37	41401.12
275.44	41380.20
275.50	41342.55
275.57	41333.10
275.64	41292.89
275.71	41244.02
275.78	41207.95
275.84	41181.86
275.91	41139.38
275.98	41112.42
276.05	41087.46
276.11	41058.65
276.18	41024.70
276.25	40975.94
276.32	40929.14
276.39	40883.64
276.45	40828.71
276.52	40772.50
276.59	40732.56
276.66	40701.91
276.72	40672.44
276.79	40657.20
276.86	40644.10
276.93	40628.22
276.99	40590.10
277.06	40562.88
277.13	40530.22
277.20	40499.26
277.26	40472.60
277.33	40476.40
277.40	40466.36
277.47	40444.78
277.54	40420.45
277.60	40391.51
277.67	40328.00
277.74	40250.67
277.81	40184.02
277.87	40122.33
277.94	40062.12
278.01	40030.62
278.08	40006.76
278.14	39987.12
278.21	39969.59
278.28	39977.02
278.35	39971.48
278.41	39975.92
278.48	39975.62
278.55	39970.24
278.62	39945.35
278.68	39909.22
278.75	39853.66
278.82	39798.94
278.89	39743.35
278.95	39681.16
279.02	39628.89
279.09	39611.44
279.16	39601.85
279.22	39594.39
279.29	39590.51
279.36	39590.27
279.43	39561.06
279.49	39506.17
279.56	39426.56
279.63	39339.46
279.70	39250.00
279.76	39173.67
279.83	39121.98
279.90	39110.56
279.97	39097.27
280.03	39082.67
280.10	39069.99
280.17	39049.79
280.24	39014.01
280.30	38996.77
280.37	38972.04
280.44	38948.58
280.51	38925.69
280.57	38899.83
280.64	38852.22
280.71	38810.40
280.77	38759.04
280.84	38692.38
280.91	38621.78
280.98	38536.64
281.04	38455.57
281.11	38378.12
281.18	38306.85
281.25	38228.54
281.31	38167.16
281.38	38096.26
281.45	38029.32
281.52	37962.35
281.58	37900.02
281.65	37845.36
281.72	37802.50
281.78	37760.50
281.85	37741.78
281.92	37731.46
281.99	37716.03
282.05	37702.40
282.12	37692.08
282.19	37669.29
282.26	37656.50
282.32	37643.13
282.39	37636.81
282.46	37614.88
282.52	37595.34
282.59	37557.66
282.66	37548.15
282.73	37521.59
282.79	37499.42
282.86	37470.66
282.93	37422.94
282.99	37343.90
283.06	37258.25
283.13	37169.72
283.20	37060.82
283.26	36973.31
283.33	36896.12
283.40	36828.40
283.46	36786.65
283.53	36759.30
283.60	36740.95
283.67	36736.18
283.73	36748.08
283.80	36730.24
283.87	36725.63
283.93	36735.35
284.00	36723.47
284.07	36699.74
284.13	36695.66
284.20	36678.08
284.27	36647.13
284.34	36615.58
284.40	36597.51
284.47	36568.18
284.54	36554.25
284.60	36534.83
284.67	36507.21
284.74	36474.50
284.81	36441.57
284.87	36391.26
284.94	36333.19
285.01	36279.32
285.07	36203.47
285.14	36136.77
285.21	36088.14
285.27	36046.62
285.34	36023.30
285.41	36018.72
285.47	36009.50
285.54	35998.32
285.61	35994.47
285.68	35991.58
285.74	35994.33
285.81	35992.18
285.88	35988.34
285.94	35992.06
286.01	35992.40
286.08	35983.05
286.14	35981.48
286.21	35970.57
286.28	35964.60
286.34	35940.66
286.41	35902.58
286.48	35845.47
286.55	35777.16
286.61	35695.42
286.68	35623.94
286.75	35554.76
286.81	35504.28
286.88	35469.57
286.95	35429.86
287.01	35409.09
287.08	35402.43
287.15	35389.19
287.21	35383.70
287.28	35388.90
287.35	35383.19
287.41	35371.82
287.48	35358.62
287.55	35358.89
287.61	35344.74
287.68	35325.54
287.75	35309.60
287.81	35302.77
287.88	35280.68
287.95	35273.78
288.01	35258.96
288.08	35244.64
288.15	35211.28
288.21	35182.54
288.28	35138.17
288.35	35112.14
288.41	35081.72
288.48	35054.75
288.55	35015.49
288.61	34979.47
288.68	34926.61
288.75	34876.17
288.81	34831.18
288.88	34795.73
288.95	34774.34
289.01	34769.41
289.08	34774.56
289.15	34794.96
289.21	34819.38
289.28	34838.18
289.35	34852.64
289.41	34855.16
289.48	34854.05
289.55	34836.92
289.61	34816.46
289.68	34805.22
289.75	34794.82
289.81	34773.20
289.88	34752.66
289.95	34722.07
290.01	34665.60
290.08	34617.46
290.15	34567.06
290.21	34523.73
290.28	34497.07
290.35	34483.55
290.41	34457.84
290.48	34435.66
290.55	34399.13
290.61	34348.36
290.68	34312.09
290.74	34298.95
290.81	34298.86
290.88	34308.82
290.94	34330.89
291.01	34352.06
291.08	34364.82
291.14	34372.42
291.21	34389.20
291.28	34406.52
291.34	34414.19
291.41	34407.85
291.48	34402.74
291.54	34390.86
291.61	34372.39
291.68	34340.72
291.74	34309.84
291.81	34273.04
291.87	34255.73
291.94	34214.30
292.01	34188.76
292.07	34154.90
292.14	34109.72
292.21	34036.77
292.27	33996.75
292.34	33955.30
292.41	33931.80
292.47	33917.47
292.54	33921.84
292.60	33919.08
292.67	33924.98
292.74	33925.72
292.80	33951.65
292.87	33968.64
292.94	33990.16
293.00	34013.81
293.07	34032.85
293.13	34039.62
293.20	34050.83
293.27	34065.98
293.33	34066.39
293.40	34069.55
293.47	34060.83
293.53	34044.28
293.60	34007.87
293.66	33955.80
293.73	33897.02
293.80	33825.18
293.86	33756.30
293.93	33696.34
294.00	33648.94
294.06	33620.09
294.13	33608.82
294.19	33594.88
294.26	33590.68
294.33	33588.98
294.39	33570.60
294.46	33552.32
294.52	33542.10
294.59	33546.28
294.66	33554.54
294.72	33573.77
294.79	33604.32
294.86	33643.78
294.92	33665.50
294.99	33696.79
295.05	33725.18
295.12	33748.28
295.19	33770.00
295.25	33789.08
295.32	33796.57
295.38	33795.02
295.45	33794.62
295.52	33775.36
295.58	33739.26
295.65	33698.81
295.71	33660.38
295.78	33590.14
295.85	33509.14
295.91	33446.58
295.98	33372.66
296.04	33288.88
296.11	33231.99
296.18	33211.12
296.24	33200.10
296.31	33208.87
296.37	33245.37
296.44	33305.02
296.51	33341.73
296.57	33377.80
296.64	33427.70
296.70	33470.68
296.77	33487.88
296.84	33509.40
296.90	33527.68
296.97	33528.02
297.03	33533.95
297.10	33545.04
297.17	33564.54
297.23	33578.47
297.30	33593.66
297.36	33591.83
297.43	33586.39
297.50	33568.76
297.56	33546.11
297.63	33511.60
297.69	33458.46
297.76	33386.70
297.82	33302.72
297.89	33216.31
297.96	33136.65
298.02	33084.29
298.09	33044.90
298.15	33023.49
298.22	33016.66
298.29	33019.76
298.35	33021.80
298.42	33040.39
298.48	33064.43
298.55	33087.02
298.61	33113.48
298.68	33153.02
298.75	33185.15
298.81	33215.65
298.88	33244.92
298.94	33274.88
299.01	33295.08
299.08	33307.79
299.14	33325.09
299.21	33340.01
299.27	33349.16
299.34	33341.84
299.40	33347.50
299.47	33338.70
299.54	33324.18
299.60	33303.92
299.67	33286.89
299.73	33240.48
299.80	33164.09
299.86	33067.84
299.93	32944.21
299.99	32837.91
300.06	32743.02
300.13	32687.89
300.19	32664.59
300.26	32668.64
300.32	32690.66
300.39	32718.67
300.45	32760.81
300.52	32798.98
300.59	32853.38
300.65	32891.60
300.72	32940.29
300.78	32972.18
300.85	33011.65
300.91	33022.46
300.98	33029.96
301.04	33034.54
301.11	33037.46
301.18	33029.44
301.24	33030.85
301.31	33026.60
301.37	33013.95
301.44	32996.58
301.50	32975.75
301.57	32962.17
301.63	32939.62
301.70	32902.16
301.77	32845.46
301.83	32770.94
301.90	32678.11
301.96	32580.20
302.03	32482.63
302.09	32414.31
302.16	32356.18
302.22	32323.39
302.29	32306.01
302.36	32307.47
302.42	32301.67
302.49	32321.10
302.55	32338.57
302.62	32354.94
302.68	32373.30
302.75	32406.38
302.81	32413.00
302.88	32418.70
302.94	32419.94
303.01	32430.93
303.07	32425.76
303.14	32432.93
303.21	32428.30
303.27	32425.22
303.34	32413.02
303.40	32389.40
303.47	32367.08
303.53	32337.79
303.60	32312.96
303.66	32276.59
303.73	32249.60
303.79	32210.64
303.86	32166.40
303.92	32106.27
303.99	32040.50
304.05	31947.47
304.12	31850.98
304.19	31765.32
304.25	31687.28
304.32	31623.42
304.38	31581.50
304.45	31563.23
304.51	31552.82
304.58	31547.22
304.64	31544.04
304.71	31561.36
304.77	31550.43
304.84	31543.35
304.90	31544.60
304.97	31535.29
305.03	31512.40
305.10	31515.12
305.16	31506.89
305.23	31492.37
305.29	31474.16
305.36	31450.76
305.42	31421.13
305.49	31390.84
305.56	31351.76
305.62	31316.88
305.69	31285.38
305.75	31238.51
305.82	31168.72
305.88	31066.66
305.95	30944.48
306.01	30807.78
306.08	30675.48
306.14	30563.18
306.21	30476.62
306.27	30410.33
306.34	30361.24
306.40	30311.87
306.47	30280.94
306.53	30285.40
306.60	30300.27
306.66	30318.54
306.73	30345.14
306.79	30350.40
306.86	30336.80
306.92	30310.69
306.99	30291.62
307.05	30270.36
307.12	30248.66
307.18	30228.79
307.25	30206.14
307.31	30167.69
307.38	30125.75
307.44	30093.02
307.51	30054.72
307.57	30012.58
307.64	29977.36
307.70	29940.51
307.77	29899.08
307.83	29857.03
307.90	29821.03
307.96	29775.36
308.03	29719.20
308.09	29659.86
308.16	29593.23
308.22	29531.63
308.29	29471.67
308.35	29414.24
308.42	29353.95
308.48	29282.54
308.55	29197.81
308.61	29123.12
308.68	29055.35
308.74	28996.20
308.81	28966.09
308.87	28953.07
308.94	28924.96
309.00	28910.56
309.07	28889.42
309.13	28856.26
309.20	28823.91
309.26	28788.96
309.33	28737.94
309.39	28697.61
309.45	28648.22
309.52	28593.20
309.58	28553.58
309.65	28506.16
309.71	28454.58
309.78	28409.13
309.84	28354.18
309.91	28301.40
309.97	28250.71
310.04	28207.98
310.10	28157.75
310.17	28115.38
310.23	28058.43
310.30	28009.26
310.36	27952.35
310.43	27894.69
310.49	27826.34
310.56	27769.44
310.62	27704.54
310.69	27628.04
310.75	27565.40
310.81	27519.16
310.88	27469.32
310.94	27435.08
311.01	27397.88
311.07	27367.07
311.14	27327.18
311.20	27281.02
311.27	27240.97
311.33	27217.20
311.40	27176.26
311.46	27135.67
311.53	27106.54
311.59	27071.21
311.66	27027.04
311.72	26988.01
311.78	26942.93
311.85	26902.73
311.91	26860.97
311.98	26818.86
312.04	26779.65
312.11	26748.62
312.17	26707.26
312.24	26662.96
312.30	26619.10
312.37	26559.58
312.43	26503.05
312.50	26445.31
312.56	26384.79
312.62	26321.60
312.69	26269.10
312.75	26202.89
312.82	26138.08
312.88	26074.62
312.95	26018.50
313.01	25958.11
313.08	25904.66
313.14	25863.12
313.20	25820.62
313.27	25770.52
313.33	25721.95
313.40	25683.66
313.46	25633.43
313.53	25584.22
313.59	25544.12
313.66	25515.18
313.72	25477.82
313.78	25442.09
313.85	25408.96
313.91	25374.81
313.98	25333.19
314.04	25292.62
314.11	25254.26
314.17	25202.76
314.24	25155.58
314.30	25108.75
314.36	25059.73
314.43	25012.17
314.49	24969.47
314.56	24923.28
314.62	24868.51
314.69	24820.83
314.75	24772.55
314.81	24724.10
314.88	24680.86
314.94	24644.10
315.01	24600.66
315.07	24550.16
315.14	24504.77
315.20	24460.90
315.27	24414.64
315.33	24381.66
315.39	24338.11
315.46	24291.74
315.52	24237.30
315.59	24200.88
315.65	24142.99
315.72	24103.88
315.78	24065.60
315.84	24031.76
315.91	23994.11
315.97	23974.06
316.04	23955.68
316.10	23930.66
316.16	23895.38
316.23	23829.06
316.29	23728.48
316.36	23597.64
316.42	23438.11
316.49	23256.40
316.55	23062.28
316.61	22875.08
316.68	22670.83
316.74	22475.37
316.81	22267.60
316.87	22060.70
316.93	21849.48
317.00	21648.23
317.06	21446.17
317.13	21241.51
317.19	21039.40
317.26	20829.84
317.32	20621.18
317.38	20418.89
317.45	20228.85
317.51	20034.92
317.58	19840.79
317.64	19644.16
317.70	19443.42
317.77	19242.03
317.83	19044.68
317.90	18855.22
317.96	18654.18
318.02	18459.04
318.09	18271.65
318.15	18078.86
318.22	17878.28
318.28	17686.04
318.34	17484.45
318.41	17269.41
318.47	17068.56
318.54	16874.83
318.60	16684.04
318.66	16502.63
318.73	16319.48
318.79	16132.89
318.86	15943.40
318.92	15761.38
318.98	15582.99
319.05	15403.18
319.11	15225.47
319.18	15043.61
319.24	14866.38
319.30	14668.76
319.37	14497.06
319.43	14324.62
319.50	14157.08
319.56	13981.10
319.62	13821.68
319.69	13645.96
319.75	13478.14
319.82	13310.38
319.88	13140.06
319.94	12967.33
320.01	12807.65
320.07	12627.46
320.13	12460.97
320.20	12292.11
320.26	12122.89
320.33	11945.56
320.39	11784.35
320.45	11613.50
320.52	11453.72
320.58	11289.53
320.65	11131.04
320.71	10962.47
320.77	10801.34
320.84	10634.61
320.90	10475.92
320.96	10315.34
321.03	10153.09
321.09	9982.52
321.16	9817.47
321.22	9647.42
321.28	9481.32
321.35	9326.09
321.41	9167.44
321.47	9009.79
321.54	8859.44
321.60	8696.32
321.67	8534.74
321.73	8382.72
321.79	8222.78
321.86	8067.32
321.92	7910.83
321.98	7740.60
322.05	7572.94
322.11	7400.25
322.18	7219.21
322.24	7047.27
322.30	6888.12
322.37	6724.75
322.43	6566.06
322.49	6414.12
322.56	6252.74
322.62	6095.90
322.68	5932.78
322.75	5779.66
322.81	5613.61
322.88	5456.18
322.94	5293.84
323.00	5135.64
323.07	4978.48
323.13	4826.59
323.19	4678.74
323.26	4533.86
323.32	4390.70
323.38	4244.04
323.45	4045.56
323.51	3460.38
323.57	2655.32
323.64	1816.28
323.70	1007.11
323.76	282.60
323.83	-27.42
323.89	-89.27
323.96	-89.60
