180.25	3501.00
180.33	-130.89
180.40	651.38
180.48	-36.73
180.56	3.63
180.63	35.84
180.71	73.89
180.78	73.05
180.86	74.43
180.93	78.84
181.01	81.95
181.08	80.54
181.16	80.24
181.23	81.26
181.31	81.19
181.39	102.57
181.46	111.53
181.54	121.05
181.61	136.13
181.69	144.35
181.76	137.92
181.84	132.64
181.91	134.55
181.99	136.36
182.06	136.87
182.14	142.57
182.22	149.11
182.29	159.97
182.37	164.68
182.44	177.47
182.52	176.92
182.59	194.25
182.67	202.57
182.74	209.15
182.82	213.91
182.89	222.68
182.97	223.25
183.04	233.22
183.12	242.77
183.20	264.06
183.27	279.52
183.35	309.99
183.42	336.61
183.50	382.07
183.57	412.97
183.65	463.02
183.72	512.60
183.80	570.89
183.87	618.71
183.95	668.05
184.02	719.77
184.10	753.15
184.17	772.97
184.25	773.11
184.32	763.53
184.40	733.59
184.47	683.28
184.55	638.38
184.62	636.69
184.70	665.87
184.78	720.66
184.85	835.25
184.93	971.39
185.00	1099.12
185.08	1228.83
185.15	1357.95
185.23	1486.85
185.30	1609.39
185.38	1725.04
185.45	1836.22
185.53	1958.42
185.60	2065.31
185.68	2189.86
185.75	2286.75
185.83	2361.29
185.90	2402.72
185.98	2382.09
186.05	2292.21
186.13	2174.64
186.20	2019.47
186.28	1880.62
186.35	1832.48
186.43	1881.75
186.50	2028.62
186.58	2257.12
186.65	2510.18
186.73	2762.75
186.80	2982.13
186.88	3181.38
186.95	3387.99
187.03	3586.95
187.10	3765.11
187.18	3970.97
187.25	4163.26
187.33	4351.80
187.40	4560.68
187.48	4749.88
187.55	4911.39
187.63	5051.25
187.70	5113.47
187.78	5104.35
187.85	5056.59
187.93	4891.54
188.00	4621.95
188.08	4316.17
188.15	4045.02
188.23	3873.95
188.30	3867.29
188.38	4027.01
188.45	4313.25
188.53	4635.23
188.60	4934.03
188.68	5202.35
188.75	5455.21
188.83	5721.11
188.90	5962.34
188.98	6203.46
189.05	6459.03
189.13	6687.21
189.20	6891.03
189.28	7111.17
189.35	7305.30
189.43	7479.08
189.50	7639.14
189.58	7726.34
189.65	7727.89
189.73	7666.15
189.80	7506.19
189.87	7267.69
189.95	6971.13
190.02	6598.15
190.10	6190.58
190.17	5877.58
190.25	5727.90
190.32	5769.67
190.40	5999.49
190.47	6382.97
190.55	6801.04
190.62	7192.39
190.70	7524.02
190.77	7835.91
190.85	8123.99
190.92	8356.23
191.00	8553.78
191.07	8738.78
191.15	8859.03
191.22	8947.99
191.29	9022.41
191.37	9061.12
191.44	9095.61
191.52	9166.12
191.59	9225.55
191.67	9275.95
191.74	9308.60
191.82	9296.27
191.89	9264.09
191.97	9236.23
192.04	9207.83
192.12	9146.93
192.19	9027.15
192.27	8833.86
192.34	8634.55
192.41	8512.37
192.49	8507.98
192.56	8639.71
192.64	8883.63
192.71	9153.78
192.79	9370.01
192.86	9519.96
192.94	9582.33
193.01	9608.60
193.09	9655.90
193.16	9764.13
193.23	9945.79
193.31	10184.29
193.38	10474.47
193.46	10733.53
193.53	10947.08
193.61	11115.57
193.68	11257.12
193.76	11336.42
193.83	11393.78
193.91	11424.21
193.98	11427.47
194.05	11416.63
194.13	11380.94
194.20	11306.85
194.28	11208.67
194.35	11098.71
194.43	10960.31
194.50	10776.77
194.58	10577.07
194.65	10420.90
194.72	10374.99
194.80	10461.72
194.87	10697.78
194.95	11061.05
195.02	11435.73
195.10	11751.15
195.17	12012.32
195.25	12224.99
195.32	12391.13
195.39	12530.43
195.47	12640.27
195.54	12700.07
195.62	12687.83
195.69	12570.63
195.77	12336.55
195.84	12021.39
195.91	11676.11
195.99	11435.16
196.06	11356.30
196.14	11452.17
196.21	11695.90
196.29	12043.87
196.36	12400.30
196.43	12711.25
196.51	12985.03
196.58	13195.41
196.66	13354.64
196.73	13471.86
196.81	13557.68
196.88	13609.99
196.95	13632.03
197.03	13578.73
197.10	13424.65
197.18	13183.41
197.25	12899.83
197.33	12623.41
197.40	12398.24
197.47	12248.53
197.55	12233.27
197.62	12306.20
197.70	12472.25
197.77	12732.34
197.84	13057.08
197.92	13380.06
197.99	13720.65
198.07	14021.55
198.14	14275.41
198.22	14488.07
198.29	14651.97
198.36	14771.44
198.44	14857.39
198.51	14874.75
198.59	14787.91
198.66	14600.29
198.73	14307.37
198.81	13937.85
198.88	13521.61
198.96	13152.84
199.03	12944.55
199.10	12949.16
199.18	13125.13
199.25	13464.84
199.33	13924.58
199.40	14375.19
199.48	14720.09
199.55	15000.59
199.62	15219.53
199.70	15417.81
199.77	15598.63
199.85	15791.91
199.92	15942.76
199.99	16048.58
200.07	16024.10
200.14	15857.22
200.22	15493.81
200.29	14970.36
200.36	14440.15
200.44	14037.63
200.51	13830.29
200.59	13872.73
200.66	14132.10
200.73	14487.19
200.81	14839.24
200.88	15171.53
200.95	15503.23
201.03	15838.84
201.10	16164.01
201.18	16469.78
201.25	16733.60
201.32	16935.89
201.40	17077.05
201.47	17168.77
201.55	17188.21
201.62	17086.04
201.69	16828.79
201.77	16495.85
201.84	16129.42
201.92	15729.11
201.99	15334.82
202.06	15082.47
202.14	15013.25
202.21	15107.29
202.28	15384.45
202.36	15839.01
202.43	16357.69
202.51	16829.98
202.58	17210.81
202.65	17506.79
202.73	17771.54
202.80	18018.11
202.87	18255.03
202.95	18496.05
203.02	18686.83
203.10	18771.61
203.17	18747.76
203.24	18555.59
203.32	18098.01
203.39	17425.89
203.46	16715.60
203.54	16135.86
203.61	15830.06
203.69	15857.81
203.76	16216.57
203.83	16751.88
203.91	17286.30
203.98	17764.34
204.05	18201.37
204.13	18616.41
204.20	18988.31
204.28	19328.24
204.35	19597.78
204.42	19801.97
204.50	19942.15
204.57	20034.73
204.64	20061.99
204.72	20011.12
204.79	19803.99
204.86	19415.81
204.94	18931.80
205.01	18431.04
205.09	17931.94
205.16	17553.49
205.23	17393.21
205.31	17457.29
205.38	17700.21
205.45	18127.23
205.53	18682.36
205.60	19282.95
205.67	19830.12
205.75	20287.43
205.82	20641.68
205.89	20924.99
205.97	21163.64
206.04	21377.71
206.12	21586.41
206.19	21793.57
206.26	21945.55
206.34	21997.18
206.41	21870.67
206.48	21513.54
206.56	20877.07
206.63	20061.99
206.70	19246.67
206.78	18645.95
206.85	18400.35
206.92	18575.34
207.00	19087.91
207.07	19748.84
207.14	20417.73
207.22	21006.41
207.29	21506.35
207.36	21945.20
207.44	22344.63
207.51	22691.24
207.58	23009.21
207.66	23288.12
207.73	23525.28
207.80	23707.57
207.88	23808.91
207.95	23786.92
208.02	23639.53
208.10	23259.31
208.17	22635.80
208.25	21917.21
208.32	21261.39
208.39	20751.23
208.47	20525.32
208.54	20620.77
208.61	20935.03
208.69	21345.40
208.76	21785.79
208.83	22260.35
208.90	22744.46
208.98	23229.64
209.05	23673.98
209.12	24088.29
209.20	24447.01
209.27	24759.76
209.34	25028.90
209.42	25283.44
209.49	25478.45
209.56	25598.59
209.64	25634.79
209.71	25511.59
209.78	25172.11
209.86	24659.49
209.93	24056.87
210.00	23390.80
210.08	22803.90
210.15	22451.39
210.22	22402.59
210.30	22597.86
210.37	23014.11
210.44	23567.12
210.52	24149.06
210.59	24674.49
210.66	25113.58
210.74	25498.27
210.81	25838.91
210.88	26161.22
210.96	26450.25
211.03	26740.87
211.10	27019.19
211.17	27260.85
211.25	27412.83
211.32	27472.07
211.39	27395.04
211.47	27123.82
211.54	26596.43
211.61	25885.04
211.69	25191.50
211.76	24687.54
211.83	24469.60
211.91	24604.38
211.98	25038.29
212.05	25576.87
212.12	26051.47
212.20	26452.09
212.27	26785.03
212.34	27049.05
212.42	27292.34
212.49	27534.86
212.56	27765.22
212.64	28017.94
212.71	28293.03
212.78	28555.07
212.85	28793.24
212.93	28966.00
213.00	29050.87
213.07	29042.21
213.15	28865.69
213.22	28520.07
213.29	28110.01
213.37	27680.85
213.44	27295.80
213.51	27079.75
213.58	27085.63
213.66	27255.51
213.73	27548.07
213.80	27904.39
213.88	28277.03
213.95	28582.53
214.02	28807.29
214.09	28998.95
214.17	29192.51
214.24	29404.97
214.31	29662.87
214.39	29956.76
214.46	30237.47
214.53	30471.49
214.60	30644.24
214.68	30775.64
214.75	30843.44
214.82	30837.16
214.90	30729.95
214.97	30464.34
215.04	30010.98
215.11	29506.05
215.19	29105.03
215.26	28899.61
215.33	28950.44
215.41	29270.45
215.48	29730.53
215.55	30161.95
215.62	30512.46
215.70	30799.06
215.77	31042.50
215.84	31275.48
215.91	31505.89
215.99	31736.87
216.06	31952.23
216.13	32125.42
216.21	32242.37
216.28	32345.23
216.35	32437.06
216.42	32512.73
216.50	32565.29
216.57	32587.49
216.64	32507.15
216.71	32265.83
216.79	31926.54
216.86	31595.49
216.93	31346.67
217.01	31233.20
217.08	31324.35
217.15	31562.43
217.22	31864.85
217.30	32177.26
217.37	32485.80
217.44	32771.68
217.51	33029.89
217.59	33265.05
217.66	33467.95
217.73	33639.10
217.80	33786.06
217.88	33905.45
217.95	34006.22
218.02	34087.35
218.09	34175.56
218.17	34286.35
218.24	34404.63
218.31	34498.01
218.38	34546.45
218.46	34507.64
218.53	34310.25
218.60	33999.28
218.67	33659.39
218.75	33391.74
218.82	33246.87
218.89	33306.11
218.96	33547.36
219.04	33872.62
219.11	34210.44
219.18	34506.14
219.25	34758.72
219.33	34959.39
219.40	35152.43
219.47	35330.56
219.54	35502.15
219.62	35653.46
219.69	35799.96
219.76	35946.00
219.83	36079.80
219.91	36209.16
219.98	36336.46
220.05	36422.73
220.12	36467.36
220.20	36459.71
220.27	36390.35
220.34	36208.50
220.41	35966.65
220.49	35723.05
220.56	35544.14
220.63	35472.21
220.70	35552.04
220.78	35763.77
220.85	36002.40
220.92	36221.74
220.99	36405.87
221.06	36561.95
221.14	36693.16
221.21	36831.26
221.28	36984.67
221.35	37148.68
221.43	37313.31
221.50	37458.01
221.57	37598.70
221.64	37729.41
221.72	37846.92
221.79	37952.90
221.86	38038.56
221.93	38100.48
222.00	38142.32
222.08	38152.86
222.15	38085.94
222.22	38000.64
222.29	37916.45
222.37	37851.43
222.44	37824.20
222.51	37871.07
222.58	37962.06
222.65	38058.72
222.73	38159.33
222.80	38255.93
222.87	38366.49
222.94	38467.18
223.02	38588.17
223.09	38715.94
223.16	38843.10
223.23	38967.55
223.30	39119.91
223.38	39267.69
223.45	39394.01
223.52	39516.81
223.59	39631.21
223.66	39710.51
223.74	39755.57
223.81	39776.19
223.88	39786.42
223.95	39798.42
224.03	39786.91
224.10	39768.04
224.17	39776.87
224.24	39784.25
224.31	39798.03
224.39	39856.18
224.46	39949.02
224.53	40037.97
224.60	40138.89
224.67	40232.67
224.75	40324.93
224.82	40430.89
224.89	40547.27
224.96	40676.34
225.03	40800.33
225.11	40916.35
225.18	41025.13
225.25	41125.09
225.32	41203.87
225.39	41276.87
225.47	41344.03
225.54	41388.60
225.61	41400.49
225.68	41393.77
225.75	41391.18
225.83	41400.41
225.90	41436.52
225.97	41510.65
226.04	41607.85
226.11	41713.01
226.19	41821.15
226.26	41925.15
226.33	42023.07
226.40	42117.05
226.47	42211.30
226.54	42303.99
226.62	42391.27
226.69	42485.00
226.76	42587.88
226.83	42693.53
226.90	42786.87
226.98	42857.54
227.05	42912.71
227.12	42962.03
227.19	42993.46
227.26	43029.20
227.34	43088.33
227.41	43143.31
227.48	43196.08
227.55	43232.05
227.62	43266.09
227.69	43300.94
227.77	43355.39
227.84	43416.11
227.91	43503.11
227.98	43597.99
228.05	43683.60
228.12	43760.18
228.20	43846.80
228.27	43929.23
228.34	44014.79
228.41	44103.93
228.48	44209.71
228.56	44302.73
228.63	44403.66
228.70	44478.21
228.77	44565.16
228.84	44641.77
228.91	44719.99
228.99	44804.15
229.06	44914.32
229.13	45011.15
229.20	45109.93
229.27	45195.21
229.34	45266.21
229.42	45323.71
229.49	45380.38
229.56	45422.51
229.63	45472.72
229.70	45516.15
229.77	45564.55
229.85	45614.91
229.92	45669.37
229.99	45718.47
230.06	45787.13
230.13	45863.17
230.20	45945.06
230.27	46043.53
230.35	46156.29
230.42	46261.97
230.49	46370.40
230.56	46462.19
230.63	46547.91
230.70	46612.64
230.78	46669.93
230.85	46718.67
230.92	46783.62
230.99	46856.33
231.06	46960.91
231.13	47077.29
231.20	47202.53
231.28	47306.41
231.35	47401.15
231.42	47474.06
231.49	47551.61
231.56	47619.33
231.63	47698.25
231.71	47768.40
231.78	47832.46
231.85	47886.31
231.92	47945.67
231.99	48009.08
232.06	48075.22
232.13	48163.94
232.21	48246.35
232.28	48329.87
232.35	48410.36
232.42	48494.79
232.49	48571.29
232.56	48659.81
232.63	48742.39
232.71	48831.23
232.78	48915.91
232.85	48999.76
232.92	49075.59
232.99	49157.37
233.06	49230.65
233.13	49302.13
233.20	49356.42
233.28	49402.25
233.35	49440.77
233.42	49492.48
233.49	49557.28
233.56	49632.92
233.63	49715.89
233.70	49814.52
233.78	49898.61
233.85	49997.99
233.92	50087.89
233.99	50172.19
234.06	50259.05
234.13	50350.78
234.20	50413.45
234.27	50482.43
234.35	50551.00
234.42	50600.01
234.49	50657.25
234.56	50701.69
234.63	50741.35
234.70	50781.45
234.77	50814.31
234.84	50834.33
234.92	50891.83
234.99	50953.87
235.06	51031.19
235.13	51109.35
235.20	51208.08
235.27	51284.31
235.34	51367.52
235.41	51449.13
235.48	51530.05
235.56	51595.70
235.63	51656.81
235.70	51705.83
235.77	51737.89
235.84	51765.05
235.91	51783.06
235.98	51801.59
236.05	51831.91
236.12	51867.24
236.20	51897.23
236.27	51942.73
236.34	51994.77
236.41	52040.50
236.48	52078.64
236.55	52125.14
236.62	52176.31
236.69	52221.00
236.76	52282.11
236.84	52350.54
236.91	52415.43
236.98	52480.43
237.05	52538.53
237.12	52576.45
237.19	52615.47
237.26	52662.96
237.33	52682.31
237.40	52703.73
237.47	52737.21
237.55	52779.67
237.62	52843.33
237.69	52915.57
237.76	53001.99
237.83	53079.70
237.90	53141.04
237.97	53172.19
238.04	53208.45
238.11	53242.57
238.18	53279.83
238.26	53311.53
238.33	53341.67
238.40	53373.08
238.47	53404.31
238.54	53423.18
238.61	53437.39
238.68	53454.67
238.75	53467.89
238.82	53490.77
238.89	53521.90
238.96	53576.41
239.04	53631.79
239.11	53693.46
239.18	53731.65
239.25	53761.40
239.32	53775.83
239.39	53782.92
239.46	53770.39
239.53	53763.66
239.60	53753.76
239.67	53760.61
239.74	53777.40
239.81	53805.11
239.89	53835.42
239.96	53875.11
240.03	53902.88
240.10	53926.28
240.17	53946.03
240.24	53970.33
240.31	53997.64
240.38	54030.13
240.45	54083.58
240.52	54149.70
240.59	54211.59
240.66	54261.14
240.73	54310.52
240.80	54325.41
240.88	54332.94
240.95	54336.95
241.02	54348.23
241.09	54351.31
241.16	54373.79
241.23	54391.44
241.30	54373.84
241.37	54344.15
241.44	54326.11
241.51	54323.70
241.58	54331.03
241.65	54365.37
241.72	54415.87
241.79	54444.66
241.86	54454.95
241.94	54453.15
242.01	54438.26
242.08	54424.46
242.15	54437.52
242.22	54441.69
242.29	54446.47
242.36	54470.67
242.43	54466.41
242.50	54444.30
242.57	54430.55
242.64	54430.24
242.71	54414.66
242.78	54416.83
242.85	54415.61
242.92	54420.84
242.99	54421.31
243.06	54430.77
243.14	54433.93
243.21	54453.17
243.28	54456.34
243.35	54462.69
243.42	54489.67
243.49	54522.77
243.56	54542.96
243.63	54583.30
243.70	54599.11
243.77	54590.81
243.84	54573.39
243.91	54558.53
243.98	54516.67
244.05	54488.61
244.12	54467.72
244.19	54447.68
244.26	54425.71
244.33	54408.52
244.40	54388.52
244.47	54377.28
244.54	54369.08
244.62	54330.64
244.69	54301.71
244.76	54287.71
244.83	54270.51
244.90	54264.50
244.97	54293.98
245.04	54325.29
245.11	54336.05
245.18	54326.71
245.25	54333.77
245.32	54336.97
245.39	54335.99
245.46	54339.27
245.53	54341.75
245.60	54330.31
245.67	54317.99
245.74	54311.79
245.81	54307.45
245.88	54306.58
245.95	54290.75
246.02	54264.73
246.09	54225.35
246.16	54173.11
246.23	54125.63
246.30	54094.64
246.37	54090.59
246.44	54105.19
246.51	54132.83
246.58	54166.10
246.65	54190.90
246.72	54199.69
246.79	54193.79
246.87	54190.89
246.94	54180.71
247.01	54155.91
247.08	54114.51
247.15	54058.15
247.22	53996.67
247.29	53930.70
247.36	53883.93
247.43	53850.88
247.50	53844.63
247.57	53844.33
247.64	53869.58
247.71	53886.07
247.78	53900.77
247.85	53910.90
247.92	53928.17
247.99	53913.21
248.06	53893.31
248.13	53878.59
248.20	53860.68
248.27	53822.73
248.34	53809.25
248.41	53803.15
248.48	53798.17
248.55	53798.55
248.62	53803.63
248.69	53806.65
248.76	53797.82
248.83	53776.54
248.90	53735.93
248.97	53695.31
249.04	53646.24
249.11	53601.66
249.18	53568.15
249.25	53531.36
249.32	53491.43
249.39	53437.47
249.46	53386.65
249.53	53334.15
249.60	53295.61
249.67	53272.29
249.74	53264.00
249.81	53278.93
249.88	53292.88
249.95	53320.29
250.02	53343.33
250.09	53360.11
250.16	53358.80
250.23	53354.46
250.30	53346.21
250.37	53327.97
250.44	53323.48
250.51	53323.05
250.58	53324.87
250.65	53312.37
250.72	53284.56
250.79	53248.33
250.86	53207.33
250.93	53167.46
251.00	53120.40
251.07	53098.86
251.14	53080.02
251.21	53056.11
251.28	53028.60
251.35	53010.95
251.42	52998.57
251.49	52976.18
251.56	52953.40
251.63	52926.25
251.70	52913.85
251.77	52883.99
251.84	52848.46
251.91	52807.80
251.98	52758.08
252.05	52708.12
252.12	52660.20
252.18	52629.47
252.25	52605.13
252.32	52612.69
252.39	52605.01
252.46	52593.21
252.53	52569.01
252.60	52547.90
252.67	52517.13
252.74	52495.00
252.81	52465.43
252.88	52451.31
252.95	52427.62
253.02	52401.75
253.09	52364.96
253.16	52339.19
253.23	52309.50
253.30	52305.75
253.37	52283.59
253.44	52270.01
253.51	52242.37
253.58	52211.75
253.65	52186.29
253.72	52192.37
253.79	52173.29
253.86	52174.57
253.93	52170.00
254.00	52153.64
254.07	52111.67
254.14	52074.39
254.21	52037.03
254.28	52007.79
254.35	51969.98
254.41	51937.99
254.48	51916.57
254.55	51906.79
254.62	51880.85
254.69	51843.20
254.76	51812.42
254.83	51777.80
254.90	51742.27
254.97	51725.99
255.04	51722.87
255.11	51701.81
255.18	51669.81
255.25	51617.51
255.32	51571.25
255.39	51518.53
255.46	51481.05
255.53	51456.35
255.60	51449.96
255.67	51430.91
255.74	51422.03
255.81	51413.30
255.87	51419.35
255.94	51405.80
256.01	51402.83
256.08	51378.21
256.15	51350.23
256.22	51315.83
256.29	51295.73
256.36	51255.11
256.43	51232.69
256.50	51221.64
256.57	51209.81
256.64	51182.65
256.71	51166.21
256.78	51141.52
256.85	51103.47
256.92	51070.29
256.99	51049.63
257.05	51030.55
257.12	51015.93
257.19	50985.89
257.26	50936.84
257.33	50880.19
257.40	50827.12
257.47	50758.48
257.54	50724.27
257.61	50702.29
257.68	50699.16
257.75	50687.45
257.82	50692.59
257.89	50683.89
257.96	50670.25
258.03	50624.09
258.09	50569.32
258.16	50504.69
258.23	50424.65
258.30	50361.63
258.37	50314.58
258.44	50281.46
258.51	50259.80
258.58	50255.96
258.65	50248.42
258.72	50245.75
258.79	50209.09
258.86	50178.12
258.93	50148.52
258.99	50111.88
259.06	50073.83
259.13	50051.49
259.20	50027.22
259.27	49991.14
259.34	49956.33
259.41	49929.43
259.48	49927.68
259.55	49909.55
259.62	49903.12
259.69	49868.77
259.76	49822.09
259.82	49763.17
259.89	49724.91
259.96	49687.39
260.03	49651.61
260.10	49618.53
260.17	49571.08
260.24	49515.28
260.31	49460.24
260.38	49436.08
260.45	49413.81
260.52	49404.95
260.59	49380.25
260.65	49352.66
260.72	49319.73
260.79	49296.33
260.86	49271.63
260.93	49249.44
261.00	49213.09
261.07	49161.47
261.14	49088.21
261.21	49003.59
261.28	48936.69
261.34	48867.35
261.41	48817.58
261.48	48769.30
261.55	48745.71
261.62	48712.33
261.69	48680.36
261.76	48650.88
261.83	48627.48
261.90	48591.57
261.97	48555.91
262.03	48525.28
262.10	48494.19
262.17	48461.25
262.24	48441.41
262.31	48416.87
262.38	48397.25
262.45	48375.91
262.52	48348.40
262.59	48303.95
262.65	48269.16
262.72	48219.85
262.79	48170.15
262.86	48131.85
262.93	48098.34
263.00	48057.81
263.07	48020.63
263.14	47978.58
263.21	47952.56
263.27	47929.79
263.34	47913.68
263.41	47887.73
263.48	47845.59
263.55	47781.15
263.62	47693.61
263.69	47607.37
263.76	47539.30
263.82	47490.61
263.89	47460.57
263.96	47448.99
264.03	47427.66
264.10	47408.83
264.17	47360.38
264.24	47298.50
264.31	47244.76
264.38	47193.15
264.44	47140.15
264.51	47100.07
264.58	47063.85
264.65	47027.19
264.72	46974.75
264.79	46921.35
264.86	46886.14
264.92	46838.65
264.99	46790.77
265.06	46758.65
265.13	46734.53
265.20	46706.77
265.27	46682.86
265.34	46657.26
265.41	46639.17
265.47	46616.43
265.54	46578.45
265.61	46548.99
265.68	46526.85
265.75	46481.67
265.82	46429.45
265.89	46381.17
265.95	46320.28
266.02	46245.51
266.09	46191.01
266.16	46150.01
266.23	46108.41
266.30	46084.78
266.37	46045.42
266.44	45990.79
266.50	45928.49
266.57	45868.33
266.64	45794.93
266.71	45728.55
266.78	45671.99
266.85	45604.43
266.91	45550.89
266.98	45494.59
267.05	45446.89
267.12	45407.43
267.19	45394.33
267.26	45374.69
267.33	45367.32
267.39	45357.97
267.46	45346.65
267.53	45307.12
267.60	45266.66
267.67	45222.83
267.74	45181.32
267.81	45139.49
267.87	45102.08
267.94	45073.74
268.01	45036.26
268.08	44996.89
268.15	44948.01
268.22	44898.79
268.28	44836.65
268.35	44768.59
268.42	44702.89
268.49	44641.42
268.56	44594.55
268.63	44547.70
268.69	44515.56
268.76	44480.56
268.83	44462.21
268.90	44434.79
268.97	44410.82
269.04	44403.95
269.11	44394.54
269.17	44362.23
269.24	44331.53
269.31	44309.91
269.38	44257.31
269.45	44208.75
269.52	44166.21
269.58	44135.48
269.65	44079.94
269.72	44048.03
269.79	44017.69
269.86	43996.09
269.92	43955.01
269.99	43928.34
270.06	43870.73
270.13	43818.96
270.20	43765.19
270.27	43727.01
270.33	43700.64
270.40	43675.05
270.47	43641.76
270.54	43615.90
270.61	43586.18
270.68	43556.12
270.74	43545.07
270.81	43542.83
270.88	43520.65
270.95	43495.40
271.02	43446.73
271.08	43394.15
271.15	43326.22
271.22	43264.44
271.29	43207.81
271.36	43153.99
271.43	43111.39
271.49	43089.13
271.56	43072.14
271.63	43049.17
271.70	43045.84
271.77	43034.69
271.83	43000.75
271.90	42966.70
271.97	42922.44
272.04	42875.45
272.11	42836.43
272.17	42820.84
272.24	42803.61
272.31	42782.39
272.38	42766.95
272.45	42737.75
272.52	42708.22
272.58	42685.08
272.65	42674.75
272.72	42646.93
272.79	42619.60
272.86	42587.90
272.92	42546.65
272.99	42498.13
273.06	42449.07
273.13	42409.03
273.20	42364.29
273.26	42315.77
273.33	42274.87
273.40	42239.76
273.47	42215.09
273.54	42193.56
273.60	42174.58
273.67	42154.41
273.74	42149.34
273.81	42132.03
273.88	42124.71
273.94	42137.09
274.01	42151.18
274.08	42148.84
274.15	42133.81
274.21	42092.79
274.28	42040.03
274.35	41972.61
274.42	41901.75
274.49	41830.29
274.55	41789.73
274.62	41754.23
274.69	41720.63
274.76	41691.06
274.83	41677.35
274.89	41638.56
274.96	41596.36
275.03	41572.42
275.10	41544.27
275.17	41514.66
275.23	41489.49
275.30	41461.29
275.37	41434.75
275.44	41409.95
275.50	41380.15
275.57	41351.57
275.64	41314.43
275.71	41270.35
275.78	41234.99
275.84	41210.95
275.91	41181.39
275.98	41158.83
276.05	41133.51
276.11	41104.38
276.18	41068.98
276.25	41013.78
276.32	40959.77
276.39	40903.97
276.45	40846.37
276.52	40783.52
276.59	40756.61
276.66	40734.12
276.72	40719.57
276.79	40704.77
276.86	40697.15
276.93	40673.64
276.99	40642.00
277.06	40611.07
277.13	40582.64
277.20	40548.14
277.26	40516.16
277.33	40504.97
277.40	40490.33
277.47	40464.30
277.54	40439.33
277.60	40416.48
277.67	40363.03
277.74	40292.28
277.81	40222.04
277.87	40156.48
277.94	40097.44
278.01	40061.96
278.08	40029.37
278.14	40017.68
278.21	40012.84
278.28	40013.71
278.35	40008.87
278.41	40018.22
278.48	40016.39
278.55	39996.47
278.62	39971.00
278.68	39936.37
278.75	39880.27
278.82	39827.03
278.89	39766.44
278.95	39706.78
279.02	39656.37
279.09	39634.14
279.16	39619.41
279.22	39626.47
279.29	39619.69
279.36	39620.66
279.43	39595.61
279.49	39543.96
279.56	39462.35
279.63	39377.75
279.70	39272.49
279.76	39197.41
279.83	39149.08
279.90	39132.47
279.97	39120.13
280.03	39112.11
280.10	39104.48
280.17	39082.46
280.24	39056.88
280.30	39034.64
280.37	39010.28
280.44	38980.02
280.51	38955.66
280.57	38918.60
280.64	38881.11
280.71	38835.23
280.77	38786.24
280.84	38714.12
280.91	38637.09
280.98	38554.89
281.04	38481.45
281.11	38398.81
281.18	38329.03
281.25	38255.75
281.31	38188.23
281.38	38114.27
281.45	38044.26
281.52	37986.36
281.58	37932.06
281.65	37873.68
281.72	37830.98
281.78	37798.47
281.85	37766.79
281.92	37746.68
281.99	37740.18
282.05	37730.31
282.12	37715.99
282.19	37703.72
282.26	37694.17
282.32	37684.21
282.39	37676.67
282.46	37650.69
282.52	37618.08
282.59	37589.58
282.66	37568.13
282.73	37540.13
282.79	37526.93
282.86	37496.67
282.93	37446.55
282.99	37371.03
283.06	37286.95
283.13	37183.63
283.20	37087.21
283.26	37001.30
283.33	36923.16
283.40	36853.23
283.46	36813.79
283.53	36781.42
283.60	36756.17
283.67	36748.55
283.73	36755.64
283.80	36749.71
283.87	36750.08
283.93	36759.29
284.00	36751.55
284.07	36741.47
284.13	36726.51
284.20	36707.72
284.27	36674.43
284.34	36640.40
284.40	36608.03
284.47	36591.84
284.54	36580.32
284.60	36561.35
284.67	36536.29
284.74	36506.03
284.81	36463.03
284.87	36415.81
284.94	36359.01
285.01	36299.94
285.07	36234.25
285.14	36167.57
285.21	36101.44
285.27	36064.75
285.34	36042.75
285.41	36028.08
285.47	36025.07
285.54	36027.01
285.61	36013.96
285.68	36009.24
285.74	36006.28
285.81	35992.28
285.88	35987.43
285.94	35987.91
286.01	35987.77
286.08	35986.23
286.14	35994.97
286.21	36005.31
286.28	36012.21
286.34	35984.60
286.41	35939.84
286.48	35877.90
286.55	35793.72
286.61	35703.66
286.68	35638.15
286.75	35576.51
286.81	35522.70
286.88	35478.61
286.95	35440.03
287.01	35421.11
287.08	35414.18
287.15	35413.31
287.21	35417.05
287.28	35425.60
287.35	35411.40
287.41	35401.57
287.48	35390.45
287.55	35374.11
287.61	35360.01
287.68	35346.60
287.75	35326.25
287.81	35298.33
287.88	35283.09
287.95	35268.12
288.01	35248.20
288.08	35234.43
288.15	35215.18
288.21	35184.77
288.28	35154.50
288.35	35130.08
288.41	35104.87
288.48	35080.18
288.55	35040.07
288.61	34985.62
288.68	34937.31
288.75	34880.78
288.81	34835.66
288.88	34805.81
288.95	34791.01
289.01	34789.03
289.08	34799.54
289.15	34815.23
289.21	34843.56
289.28	34866.07
289.35	34876.77
289.41	34882.29
289.48	34884.06
289.55	34864.31
289.61	34841.67
289.68	34829.63
289.75	34807.11
289.81	34783.61
289.88	34757.17
289.95	34725.73
290.01	34671.85
290.08	34629.97
290.15	34588.09
290.21	34556.53
290.28	34541.02
290.35	34524.53
290.41	34507.69
290.48	34474.91
290.55	34429.28
290.61	34370.29
290.68	34337.55
290.74	34313.73
290.81	34316.43
290.88	34330.86
290.94	34357.50
291.01	34368.93
291.08	34383.11
291.14	34393.41
291.21	34404.69
291.28	34413.82
291.34	34433.43
291.41	34427.13
291.48	34420.53
291.54	34414.91
291.61	34407.37
291.68	34376.75
291.74	34343.21
291.81	34310.39
291.87	34284.02
291.94	34242.59
292.01	34209.05
292.07	34175.37
292.14	34131.81
292.21	34065.43
292.27	34016.01
292.34	33970.33
292.41	33947.07
292.47	33922.47
292.54	33925.14
292.60	33927.27
292.67	33941.61
292.74	33947.77
292.80	33965.87
292.87	33983.98
292.94	34006.94
293.00	34028.28
293.07	34046.47
293.13	34071.59
293.20	34097.49
293.27	34114.36
293.33	34114.61
293.40	34118.45
293.47	34108.11
293.53	34079.13
293.60	34038.59
293.66	33986.07
293.73	33920.41
293.80	33844.83
293.86	33778.42
293.93	33721.41
294.00	33685.79
294.06	33657.23
294.13	33642.02
294.19	33623.72
294.26	33608.39
294.33	33600.13
294.39	33584.08
294.46	33574.71
294.52	33570.04
294.59	33574.13
294.66	33586.63
294.72	33612.66
294.79	33639.50
294.86	33663.66
294.92	33692.70
294.99	33722.69
295.05	33753.58
295.12	33777.27
295.19	33807.31
295.25	33821.76
295.32	33819.95
295.38	33817.01
295.45	33813.38
295.52	33785.31
295.58	33752.47
295.65	33712.91
295.71	33657.86
295.78	33587.58
295.85	33523.11
295.91	33462.55
295.98	33395.41
296.04	33321.61
296.11	33271.45
296.18	33239.10
296.24	33225.29
296.31	33228.75
296.37	33261.53
296.44	33311.45
296.51	33351.63
296.57	33396.58
296.64	33442.03
296.70	33486.87
296.77	33505.87
296.84	33526.95
296.90	33534.19
296.97	33543.35
297.03	33552.51
297.10	33564.49
297.17	33579.75
297.23	33600.92
297.30	33612.29
297.36	33620.92
297.43	33619.03
297.50	33615.50
297.56	33585.40
297.63	33554.03
297.69	33489.34
297.76	33413.05
297.82	33323.90
297.89	33243.81
297.96	33159.59
298.02	33103.13
298.09	33066.05
298.15	33042.01
298.22	33036.23
298.29	33035.66
298.35	33046.31
298.42	33061.09
298.48	33076.32
298.55	33091.61
298.61	33130.99
298.68	33168.85
298.75	33204.97
298.81	33249.86
298.88	33289.75
298.94	33308.55
299.01	33321.67
299.08	33342.75
299.14	33358.34
299.21	33363.37
299.27	33369.88
299.34	33371.22
299.40	33360.22
299.47	33344.07
299.54	33334.23
299.60	33318.24
299.67	33288.90
299.73	33254.18
299.80	33189.78
299.86	33080.62
299.93	32969.07
299.99	32864.98
300.06	32770.65
300.13	32712.07
300.19	32693.60
300.26	32692.41
300.32	32707.25
300.39	32724.94
300.45	32759.29
300.52	32809.25
300.59	32858.53
300.65	32913.17
300.72	32969.83
300.78	32992.48
300.85	33024.55
300.91	33041.99
300.98	33044.69
301.04	33043.15
301.11	33060.65
301.18	33057.23
301.24	33051.95
301.31	33044.51
301.37	33036.37
301.44	33019.90
301.50	33001.52
301.57	32985.22
301.63	32965.16
301.70	32927.09
301.77	32868.46
301.83	32793.09
301.90	32705.65
301.96	32601.38
302.03	32505.47
302.09	32432.63
302.16	32373.61
302.22	32333.89
302.29	32321.13
302.36	32316.13
302.42	32318.69
302.49	32333.57
302.55	32348.13
302.62	32366.79
302.68	32391.89
302.75	32413.65
302.81	32433.21
302.88	32453.67
302.94	32454.63
303.01	32458.23
303.07	32454.98
303.14	32446.51
303.21	32428.95
303.27	32431.93
303.34	32417.47
303.40	32399.55
303.47	32379.81
303.53	32356.95
303.60	32327.66
303.66	32291.10
303.73	32263.50
303.79	32216.39
303.86	32178.31
303.92	32123.04
303.99	32061.51
304.05	31958.96
304.12	31868.22
304.19	31773.07
304.25	31688.69
304.32	31621.72
304.38	31585.13
304.45	31561.52
304.51	31554.65
304.58	31559.17
304.64	31567.98
304.71	31580.03
304.77	31580.14
304.84	31570.07
304.90	31558.53
304.97	31541.67
305.03	31529.81
305.10	31523.03
305.16	31520.75
305.23	31512.26
305.29	31499.95
305.36	31473.43
305.42	31451.63
305.49	31418.30
305.56	31377.92
305.62	31338.47
305.69	31301.10
305.75	31255.90
305.82	31186.71
305.88	31085.84
305.95	30961.65
306.01	30828.82
306.08	30697.57
306.14	30581.39
306.21	30497.64
306.27	30433.62
306.34	30386.58
306.40	30334.37
306.47	30305.99
306.53	30307.64
306.60	30315.55
306.66	30334.71
306.73	30352.96
306.79	30358.97
306.86	30347.70
306.92	30332.34
306.99	30303.03
307.05	30283.19
307.12	30266.72
307.18	30235.77
307.25	30213.59
307.31	30186.32
307.38	30155.21
307.44	30117.44
307.51	30085.29
307.57	30026.83
307.64	29978.97
307.70	29940.34
307.77	29898.15
307.83	29850.59
307.90	29825.57
307.96	29789.04
308.03	29727.43
308.09	29667.83
308.16	29614.43
308.22	29552.60
308.29	29485.36
308.35	29429.81
308.42	29373.27
308.48	29297.32
308.55	29217.41
308.61	29155.46
308.68	29093.15
308.74	29028.77
308.81	28998.84
308.87	28970.37
308.94	28941.93
309.00	28914.63
309.07	28893.17
309.13	28848.57
309.20	28826.50
309.26	28788.05
309.33	28749.59
309.39	28708.31
309.45	28673.19
309.52	28623.34
309.58	28581.47
309.65	28531.54
309.71	28481.85
309.78	28438.49
309.84	28378.81
309.91	28326.13
309.97	28270.93
310.04	28225.98
310.10	28169.87
310.17	28123.40
310.23	28068.53
310.30	28026.74
310.36	27969.97
310.43	27912.94
310.49	27855.47
310.56	27797.77
310.62	27728.99
310.69	27666.09
310.75	27605.91
310.81	27547.92
310.88	27503.18
310.94	27468.65
311.01	27423.85
311.07	27382.61
311.14	27347.77
311.20	27303.13
311.27	27253.35
311.33	27219.29
311.40	27173.39
311.46	27134.83
311.53	27094.97
311.59	27070.97
311.66	27038.03
311.72	26999.01
311.78	26954.00
311.85	26913.27
311.91	26858.15
311.98	26812.36
312.04	26777.53
312.11	26741.69
312.17	26706.11
312.24	26678.68
312.30	26630.08
312.37	26578.99
312.43	26522.43
312.50	26459.20
312.56	26389.54
312.62	26329.77
312.69	26271.30
312.75	26214.09
312.82	26153.59
312.88	26093.73
312.95	26034.59
313.01	25980.62
313.08	25924.06
313.14	25883.13
313.20	25836.15
313.27	25795.32
313.33	25744.08
313.40	25707.93
313.46	25650.15
313.53	25605.75
313.59	25559.05
313.66	25523.99
313.72	25486.87
313.78	25458.57
313.85	25420.01
313.91	25389.37
313.98	25353.69
314.04	25303.09
314.11	25265.98
314.17	25220.51
314.24	25168.04
314.30	25123.36
314.36	25081.51
314.43	25037.02
314.49	24989.07
314.56	24948.15
314.62	24893.59
314.69	24842.99
314.75	24781.25
314.81	24741.32
314.88	24695.17
314.94	24654.77
315.01	24615.87
315.07	24570.25
315.14	24523.69
315.20	24480.13
315.27	24430.19
315.33	24388.90
315.39	24343.89
315.46	24299.89
315.52	24239.49
315.59	24201.43
315.65	24149.02
315.72	24112.36
315.78	24072.97
315.84	24045.59
315.91	24012.67
315.97	23989.07
316.04	23974.75
316.10	23948.22
316.16	23907.98
316.23	23835.07
316.29	23738.93
316.36	23603.75
316.42	23440.95
316.49	23261.56
316.55	23076.95
316.61	22880.75
316.68	22671.78
316.74	22485.56
316.81	22281.67
316.87	22076.75
316.93	21870.73
317.00	21679.55
317.06	21464.21
317.13	21260.38
317.19	21059.26
317.26	20853.65
317.32	20644.61
317.38	20444.59
317.45	20244.07
317.51	20045.89
317.58	19850.60
317.64	19650.47
317.70	19447.64
317.77	19250.25
317.83	19053.39
317.90	18860.27
317.96	18659.17
318.02	18467.10
318.09	18285.67
318.15	18090.31
318.22	17885.98
318.28	17697.03
318.34	17493.04
318.41	17277.96
318.47	17074.57
318.54	16890.83
318.60	16697.59
318.66	16515.67
318.73	16327.20
318.79	16144.81
318.86	15953.65
318.92	15767.22
318.98	15586.93
319.05	15408.98
319.11	15233.06
319.18	15051.24
319.24	14875.20
319.30	14689.61
319.37	14518.56
319.43	14343.18
319.50	14171.60
319.56	13998.25
319.62	13827.01
319.69	13653.89
319.75	13481.41
319.82	13319.47
319.88	13150.07
319.94	12985.74
320.01	12822.40
320.07	12649.85
320.13	12471.53
320.20	12306.98
320.26	12134.79
320.33	11960.30
320.39	11796.21
320.45	11628.17
320.52	11462.37
320.58	11299.77
320.65	11137.69
320.71	10975.99
320.77	10821.23
320.84	10656.07
320.90	10496.61
320.96	10332.69
321.03	10160.62
321.09	9987.96
321.16	9819.91
321.22	9644.14
321.28	9481.12
321.35	9328.90
321.41	9170.54
321.47	9014.95
321.54	8866.71
321.60	8704.67
321.67	8545.19
321.73	8385.88
321.79	8227.63
321.86	8071.53
321.92	7914.15
321.98	7744.47
322.05	7577.90
322.11	7402.65
322.18	7220.95
322.24	7052.82
322.30	6888.58
322.37	6730.38
322.43	6570.67
322.49	6420.41
322.56	6258.11
322.62	6101.06
322.68	5936.33
322.75	5785.75
322.81	5622.37
322.88	5461.71
322.94	5304.86
323.00	5146.57
323.07	4987.71
323.13	4837.27
323.19	4691.26
323.26	4542.71
323.32	4400.89
323.38	4253.17
323.45	4048.95
323.51	3463.75
323.57	2657.35
323.64	1816.29
323.70	1007.38
323.76	284.05
323.83	-27.99
323.89	-89.85
323.96	-90.22
