180.25	3498.00
180.33	-130.48
180.40	650.16
180.48	-38.48
180.56	1.16
180.63	33.15
180.71	70.46
180.78	69.85
180.86	71.60
180.93	75.91
181.01	77.54
181.08	76.34
181.16	75.90
181.23	77.65
181.31	77.25
181.39	98.56
181.46	106.65
181.54	115.55
181.61	129.91
181.69	138.25
181.76	132.61
181.84	127.73
181.91	130.55
181.99	132.04
182.06	134.01
182.14	139.28
182.22	146.11
182.29	157.15
182.37	162.82
182.44	174.39
182.52	174.08
182.59	191.25
182.67	199.27
182.74	204.61
182.82	208.14
182.89	216.99
182.97	216.81
183.04	226.26
183.12	236.20
183.20	258.21
183.27	274.19
183.35	306.19
183.42	333.40
183.50	377.95
183.57	409.62
183.65	460.23
183.72	508.51
183.80	566.75
183.87	615.81
183.95	664.60
184.02	715.68
184.10	750.64
184.17	773.60
184.25	776.15
184.32	766.89
184.40	736.91
184.47	686.61
184.55	639.85
184.62	633.47
184.70	662.41
184.78	717.01
184.85	831.85
184.93	967.77
185.00	1099.08
185.08	1232.05
185.15	1361.84
185.23	1490.99
185.30	1615.05
185.38	1730.59
185.45	1843.20
185.53	1965.69
185.60	2074.05
185.68	2197.53
185.75	2298.25
185.83	2372.49
185.90	2415.41
185.98	2393.12
186.05	2301.31
186.13	2178.72
186.20	2019.01
186.28	1878.15
186.35	1830.64
186.43	1880.86
186.50	2026.67
186.58	2257.71
186.65	2508.34
186.73	2758.58
186.80	2979.23
186.88	3182.15
186.95	3386.61
187.03	3590.77
187.10	3771.91
187.18	3978.25
187.25	4168.11
187.33	4355.81
187.40	4560.95
187.48	4747.53
187.55	4907.75
187.63	5048.21
187.70	5108.71
187.78	5102.31
187.85	5053.21
187.93	4886.58
188.00	4616.42
188.08	4312.69
188.15	4039.19
188.23	3868.74
188.30	3861.36
188.38	4021.26
188.45	4310.54
188.53	4631.37
188.60	4928.43
188.68	5201.77
188.75	5454.37
188.83	5715.81
188.90	5960.94
188.98	6204.17
189.05	6458.71
189.13	6689.26
189.20	6898.97
189.28	7117.09
189.35	7314.81
189.43	7488.85
189.50	7647.65
189.58	7728.33
189.65	7724.92
189.73	7659.99
189.80	7495.81
189.87	7256.01
189.95	6962.71
190.02	6596.58
190.10	6193.53
190.17	5879.88
190.25	5728.59
190.32	5770.97
190.40	5994.00
190.47	6370.49
190.55	6791.15
190.62	7178.31
190.70	7510.81
190.77	7825.99
190.85	8109.49
190.92	8341.58
191.00	8542.37
191.07	8717.27
191.15	8839.87
191.22	8931.40
191.29	9002.79
191.37	9040.47
191.44	9083.19
191.52	9156.36
191.59	9217.57
191.67	9273.45
191.74	9309.54
191.82	9296.82
191.89	9265.10
191.97	9242.03
192.04	9208.57
192.12	9151.50
192.19	9031.10
192.27	8833.18
192.34	8630.07
192.41	8510.25
192.49	8500.42
192.56	8632.70
192.64	8876.60
192.71	9151.44
192.79	9362.37
192.86	9516.34
192.94	9572.01
193.01	9595.43
193.09	9640.95
193.16	9751.02
193.23	9926.16
193.31	10165.15
193.38	10455.02
193.46	10710.15
193.53	10925.17
193.61	11097.75
193.68	11242.39
193.76	11323.84
193.83	11384.47
193.91	11415.78
193.98	11421.05
194.05	11416.07
194.13	11382.56
194.20	11310.55
194.28	11212.89
194.35	11096.09
194.43	10951.57
194.50	10769.47
194.58	10572.95
194.65	10416.95
194.72	10371.41
194.80	10460.14
194.87	10693.37
194.95	11044.33
195.02	11420.75
195.10	11736.56
195.17	12000.62
195.25	12213.70
195.32	12383.72
195.39	12522.27
195.47	12631.43
195.54	12689.76
195.62	12674.93
195.69	12561.16
195.77	12336.35
195.84	12024.97
195.91	11682.64
195.99	11448.64
196.06	11367.63
196.14	11459.49
196.21	11704.02
196.29	12050.55
196.36	12398.78
196.43	12704.15
196.51	12970.07
196.58	13180.45
196.66	13331.71
196.73	13451.89
196.81	13548.95
196.88	13594.65
196.95	13605.63
197.03	13560.88
197.10	13403.31
197.18	13152.83
197.25	12880.87
197.33	12612.51
197.40	12392.55
197.47	12250.64
197.55	12231.74
197.62	12298.47
197.70	12459.70
197.77	12705.31
197.84	13028.77
197.92	13357.02
197.99	13694.51
198.07	14010.99
198.14	14264.02
198.22	14470.76
198.29	14640.59
198.36	14767.61
198.44	14843.87
198.51	14867.23
198.59	14786.51
198.66	14597.05
198.73	14294.05
198.81	13927.33
198.88	13511.95
198.96	13140.41
199.03	12931.08
199.10	12940.18
199.18	13116.09
199.25	13460.37
199.33	13917.67
199.40	14367.78
199.48	14712.00
199.55	14984.95
199.62	15199.25
199.70	15399.09
199.77	15583.34
199.85	15788.45
199.92	15949.15
199.99	16053.79
200.07	16035.63
200.14	15868.57
200.22	15501.50
200.29	14978.99
200.36	14449.35
200.44	14044.00
200.51	13836.12
200.59	13881.02
200.66	14139.12
200.73	14489.74
200.81	14842.47
200.88	15174.97
200.95	15501.23
201.03	15836.68
201.10	16169.91
201.18	16470.88
201.25	16732.45
201.32	16925.55
201.40	17070.53
201.47	17157.16
201.55	17173.93
201.62	17077.55
201.69	16831.64
201.77	16488.35
201.84	16128.23
201.92	15728.95
201.99	15327.63
202.06	15076.41
202.14	15009.72
202.21	15101.74
202.28	15378.04
202.36	15829.11
202.43	16341.55
202.51	16814.18
202.58	17193.23
202.65	17497.03
202.73	17763.89
202.80	18005.72
202.87	18243.21
202.95	18477.69
203.02	18670.50
203.10	18758.24
203.17	18743.60
203.24	18561.48
203.32	18120.96
203.39	17443.82
203.46	16739.25
203.54	16164.35
203.61	15844.54
203.69	15864.19
203.76	16222.84
203.83	16741.95
203.91	17267.72
203.98	17749.76
204.05	18185.71
204.13	18596.76
204.20	18983.73
204.28	19325.90
204.35	19593.19
204.42	19802.02
204.50	19946.79
204.57	20030.36
204.64	20055.98
204.72	20009.87
204.79	19804.62
204.86	19420.67
204.94	18940.43
205.01	18446.46
205.09	17949.25
205.16	17562.13
205.23	17403.13
205.31	17473.39
205.38	17712.23
205.45	18134.46
205.53	18698.53
205.60	19295.53
205.67	19832.93
205.75	20284.57
205.82	20641.27
205.89	20914.76
205.97	21149.22
206.04	21369.43
206.12	21588.85
206.19	21795.03
206.26	21948.31
206.34	21996.84
206.41	21872.05
206.48	21520.07
206.56	20886.33
206.63	20072.91
206.70	19257.93
206.78	18656.05
206.85	18401.85
206.92	18564.24
207.00	19069.21
207.07	19736.71
207.14	20400.17
207.22	20985.57
207.29	21499.60
207.36	21940.61
207.44	22337.74
207.51	22689.63
207.58	23009.59
207.66	23281.99
207.73	23527.88
207.80	23708.87
207.88	23803.08
207.95	23785.29
208.02	23640.71
208.10	23257.74
208.17	22645.31
208.25	21924.72
208.32	21262.46
208.39	20755.76
208.47	20531.99
208.54	20616.46
208.61	20943.85
208.69	21348.65
208.76	21788.46
208.83	22262.69
208.90	22753.97
208.98	23231.15
209.05	23684.59
209.12	24095.78
209.20	24453.51
209.27	24757.22
209.34	25021.89
209.42	25258.77
209.49	25456.19
209.56	25572.25
209.64	25613.76
209.71	25502.14
209.78	25186.33
209.86	24671.19
209.93	24074.01
210.00	23412.57
210.08	22820.59
210.15	22463.99
210.22	22420.48
210.30	22610.53
210.37	23016.67
210.44	23567.01
210.52	24138.27
210.59	24657.94
210.66	25101.15
210.74	25498.01
210.81	25838.61
210.88	26164.50
210.96	26462.10
211.03	26751.07
211.10	27024.84
211.17	27272.13
211.25	27435.89
211.32	27497.44
211.39	27437.87
211.47	27174.62
211.54	26649.05
211.61	25930.94
211.69	25232.12
211.76	24715.48
211.83	24483.33
211.91	24609.37
211.98	25036.29
212.05	25560.55
212.12	26039.79
212.20	26443.44
212.27	26779.21
212.34	27044.81
212.42	27290.28
212.49	27522.58
212.56	27757.45
212.64	28017.49
212.71	28300.03
212.78	28573.20
212.85	28815.95
212.93	28984.43
213.00	29064.67
213.07	29056.41
213.15	28875.53
213.22	28531.36
213.29	28122.64
213.37	27700.48
213.44	27316.68
213.51	27103.09
213.58	27107.83
213.66	27272.07
213.73	27550.71
213.80	27909.97
213.88	28283.04
213.95	28582.51
214.02	28806.02
214.09	28997.00
214.17	29178.69
214.24	29390.19
214.31	29649.07
214.39	29948.03
214.46	30230.96
214.53	30473.23
214.60	30647.23
214.68	30778.65
214.75	30858.18
214.82	30860.97
214.90	30763.07
214.97	30501.87
215.04	30050.49
215.11	29546.66
215.19	29141.83
215.26	28937.25
215.33	28983.90
215.41	29309.78
215.48	29764.29
215.55	30207.60
215.62	30559.43
215.70	30851.55
215.77	31089.93
215.84	31321.10
215.91	31534.80
215.99	31752.39
216.06	31963.10
216.13	32138.65
216.21	32259.35
216.28	32372.73
216.35	32466.48
216.42	32546.46
216.50	32597.51
216.57	32614.75
216.64	32520.36
216.71	32290.08
216.79	31953.41
216.86	31621.95
216.93	31370.45
217.01	31263.01
217.08	31347.41
217.15	31581.79
217.22	31886.26
217.30	32205.51
217.37	32522.93
217.44	32804.45
217.51	33060.38
217.59	33292.11
217.66	33482.87
217.73	33650.94
217.80	33801.18
217.88	33921.43
217.95	34021.38
218.02	34107.67
218.09	34194.05
218.17	34296.83
218.24	34399.08
218.31	34487.01
218.38	34541.10
218.46	34499.74
218.53	34309.79
218.60	34014.99
218.67	33693.41
218.75	33421.63
218.82	33286.83
218.89	33347.74
218.96	33579.72
219.04	33894.24
219.11	34234.27
219.18	34522.96
219.25	34759.98
219.33	34961.46
219.40	35153.26
219.47	35335.75
219.54	35510.11
219.62	35660.39
219.69	35813.94
219.76	35966.39
219.83	36094.39
219.91	36224.26
219.98	36367.52
220.05	36460.77
220.12	36496.39
220.20	36496.17
220.27	36430.77
220.34	36260.50
220.41	36010.33
220.49	35764.50
220.56	35577.60
220.63	35503.90
220.70	35585.15
220.78	35802.72
220.85	36052.88
220.92	36272.15
220.99	36449.69
221.06	36589.16
221.14	36723.09
221.21	36868.37
221.28	37024.41
221.35	37191.38
221.43	37356.19
221.50	37503.71
221.57	37631.43
221.64	37762.20
221.72	37876.85
221.79	37982.75
221.86	38057.92
221.93	38124.72
222.00	38161.88
222.08	38166.81
222.15	38102.13
222.22	38018.02
222.29	37935.35
222.37	37875.17
222.44	37856.95
222.51	37894.83
222.58	37968.03
222.65	38056.18
222.73	38152.05
222.80	38243.22
222.87	38363.23
222.94	38488.04
223.02	38623.15
223.09	38740.96
223.16	38864.41
223.23	38990.39
223.30	39134.49
223.38	39272.35
223.45	39411.50
223.52	39539.11
223.59	39651.54
223.66	39721.68
223.74	39764.68
223.81	39781.43
223.88	39795.84
223.95	39800.27
224.03	39800.01
224.10	39791.61
224.17	39809.20
224.24	39812.04
224.31	39830.92
224.39	39887.29
224.46	39972.56
224.53	40056.53
224.60	40155.06
224.67	40242.80
224.75	40337.50
224.82	40440.54
224.89	40556.25
224.96	40690.56
225.03	40822.54
225.11	40941.86
225.18	41058.79
225.25	41159.05
225.32	41237.36
225.39	41320.86
225.47	41379.87
225.54	41414.25
225.61	41431.70
225.68	41432.54
225.75	41414.94
225.83	41432.03
225.90	41474.53
225.97	41547.01
226.04	41640.57
226.11	41747.72
226.19	41843.19
226.26	41935.74
226.33	42030.13
226.40	42132.11
226.47	42231.50
226.54	42333.05
226.62	42427.48
226.69	42521.65
226.76	42610.68
226.83	42703.31
226.90	42795.53
226.98	42864.42
227.05	42917.00
227.12	42966.01
227.19	43002.67
227.26	43041.66
227.34	43100.47
227.41	43163.41
227.48	43221.00
227.55	43259.79
227.62	43288.75
227.69	43323.78
227.77	43369.93
227.84	43426.27
227.91	43514.84
227.98	43614.10
228.05	43694.77
228.12	43772.69
228.20	43846.15
228.27	43924.15
228.34	44002.32
228.41	44101.39
228.48	44199.57
228.56	44305.81
228.63	44399.29
228.70	44478.66
228.77	44553.97
228.84	44634.46
228.91	44719.03
228.99	44816.05
229.06	44933.06
229.13	45034.53
229.20	45126.28
229.27	45201.59
229.34	45264.01
229.42	45306.35
229.49	45360.13
229.56	45415.65
229.63	45460.31
229.70	45495.84
229.77	45544.19
229.85	45589.25
229.92	45627.85
229.99	45689.97
230.06	45762.23
230.13	45845.13
230.20	45943.45
230.27	46060.25
230.35	46171.28
230.42	46283.81
230.49	46386.11
230.56	46472.05
230.63	46560.56
230.70	46626.33
230.78	46690.68
230.85	46746.67
230.92	46812.44
230.99	46874.07
231.06	46970.69
231.13	47068.66
231.20	47181.95
231.28	47288.43
231.35	47390.32
231.42	47467.27
231.49	47549.28
231.56	47626.61
231.63	47705.56
231.71	47760.68
231.78	47822.35
231.85	47879.73
231.92	47924.54
231.99	47972.73
232.06	48049.35
232.13	48138.17
232.21	48224.89
232.28	48311.92
232.35	48392.38
232.42	48465.72
232.49	48546.45
232.56	48635.50
232.63	48729.92
232.71	48825.47
232.78	48919.27
232.85	49002.75
232.92	49069.86
232.99	49142.35
233.06	49213.07
233.13	49282.03
233.20	49326.77
233.28	49371.49
233.35	49409.67
233.42	49460.39
233.49	49527.59
233.56	49606.35
233.63	49701.69
233.70	49803.60
233.78	49900.63
233.85	49994.33
233.92	50087.49
233.99	50166.95
234.06	50240.51
234.13	50323.51
234.20	50391.85
234.27	50463.74
234.35	50527.23
234.42	50589.00
234.49	50637.92
234.56	50668.01
234.63	50706.36
234.70	50756.91
234.77	50794.21
234.84	50831.44
234.92	50898.45
234.99	50967.65
235.06	51036.59
235.13	51121.77
235.20	51214.05
235.27	51284.26
235.34	51358.70
235.41	51422.83
235.48	51497.52
235.56	51570.53
235.63	51643.31
235.70	51691.82
235.77	51740.48
235.84	51766.19
235.91	51780.57
235.98	51805.81
236.05	51838.91
236.12	51884.07
236.20	51919.35
236.27	51961.44
236.34	51995.05
236.41	52037.25
236.48	52066.79
236.55	52105.53
236.62	52144.68
236.69	52198.34
236.76	52259.71
236.84	52329.81
236.91	52398.67
236.98	52470.09
237.05	52525.85
237.12	52564.46
237.19	52599.23
237.26	52647.01
237.33	52679.46
237.40	52710.92
237.47	52738.24
237.55	52775.69
237.62	52823.16
237.69	52884.29
237.76	52956.84
237.83	53035.63
237.90	53108.59
237.97	53155.68
238.04	53199.51
238.11	53236.39
238.18	53277.77
238.26	53303.43
238.33	53335.71
238.40	53359.62
238.47	53392.92
238.54	53408.70
238.61	53423.73
238.68	53442.99
238.75	53451.56
238.82	53470.22
238.89	53506.92
238.96	53561.81
239.04	53609.37
239.11	53676.21
239.18	53712.13
239.25	53736.90
239.32	53750.15
239.39	53763.11
239.46	53759.59
239.53	53758.63
239.60	53746.67
239.67	53754.57
239.74	53768.25
239.81	53781.25
239.89	53810.13
239.96	53845.09
240.03	53872.95
240.10	53897.53
240.17	53924.98
240.24	53941.00
240.31	53972.79
240.38	54006.69
240.45	54052.38
240.52	54112.09
240.59	54179.75
240.66	54237.44
240.73	54279.84
240.80	54300.59
240.88	54306.27
240.95	54312.08
241.02	54317.19
241.09	54330.45
241.16	54344.48
241.23	54374.94
241.30	54368.68
241.37	54342.07
241.44	54319.27
241.51	54316.73
241.58	54318.42
241.65	54352.27
241.72	54401.75
241.79	54428.42
241.86	54439.07
241.94	54439.24
242.01	54427.32
242.08	54412.09
242.15	54416.87
242.22	54430.71
242.29	54423.35
242.36	54423.81
242.43	54418.04
242.50	54405.42
242.57	54386.97
242.64	54389.81
242.71	54384.84
242.78	54399.57
242.85	54400.97
242.92	54401.13
242.99	54407.47
243.06	54416.19
243.14	54405.61
243.21	54430.09
243.28	54446.33
243.35	54458.18
243.42	54480.91
243.49	54511.97
243.56	54517.92
243.63	54535.42
243.70	54542.52
243.77	54527.81
243.84	54511.85
243.91	54493.20
243.98	54470.93
244.05	54435.59
244.12	54422.85
244.19	54407.75
244.26	54389.63
244.33	54360.37
244.40	54343.72
244.47	54326.09
244.54	54305.28
244.62	54274.53
244.69	54250.22
244.76	54229.95
244.83	54223.13
244.90	54237.29
244.97	54263.33
245.04	54292.39
245.11	54311.01
245.18	54305.03
245.25	54295.97
245.32	54302.59
245.39	54314.85
245.46	54327.32
245.53	54335.17
245.60	54318.33
245.67	54301.64
245.74	54287.07
245.81	54268.29
245.88	54244.92
245.95	54247.99
246.02	54231.79
246.09	54185.39
246.16	54143.01
246.23	54108.33
246.30	54069.88
246.37	54048.77
246.44	54062.89
246.51	54080.57
246.58	54106.55
246.65	54125.25
246.72	54146.91
246.79	54148.25
246.87	54149.42
246.94	54139.29
247.01	54118.40
247.08	54075.34
247.15	54020.21
247.22	53957.67
247.29	53893.41
247.36	53853.49
247.43	53819.83
247.50	53808.36
247.57	53813.49
247.64	53838.47
247.71	53848.09
247.78	53865.09
247.85	53879.03
247.92	53898.95
247.99	53889.16
248.06	53877.78
248.13	53854.21
248.20	53832.10
248.27	53790.69
248.34	53765.85
248.41	53743.23
248.48	53743.07
248.55	53732.07
248.62	53737.44
248.69	53751.31
248.76	53751.79
248.83	53727.69
248.90	53707.84
248.97	53661.54
249.04	53612.73
249.11	53582.64
249.18	53547.63
249.25	53505.41
249.32	53464.16
249.39	53408.46
249.46	53341.15
249.53	53291.02
249.60	53252.81
249.67	53227.71
249.74	53216.05
249.81	53221.64
249.88	53235.80
249.95	53267.73
250.02	53301.79
250.09	53322.75
250.16	53338.46
250.23	53336.05
250.30	53321.08
250.37	53303.90
250.44	53303.91
250.51	53291.35
250.58	53295.81
250.65	53289.36
250.72	53258.71
250.79	53213.63
250.86	53167.21
250.93	53113.16
251.00	53056.17
251.07	53038.42
251.14	53026.72
251.21	53014.59
251.28	52993.11
251.35	52973.17
251.42	52954.30
251.49	52930.03
251.56	52899.21
251.63	52868.97
251.70	52859.94
251.77	52828.90
251.84	52793.39
251.91	52756.99
251.98	52718.17
252.05	52657.67
252.12	52604.43
252.18	52554.46
252.25	52521.83
252.32	52522.74
252.39	52521.68
252.46	52518.93
252.53	52524.22
252.60	52529.08
252.67	52499.15
252.74	52480.59
252.81	52458.36
252.88	52424.99
252.95	52375.71
253.02	52340.35
253.09	52302.67
253.16	52276.61
253.23	52254.65
253.30	52259.03
253.37	52243.71
253.44	52232.21
253.51	52199.72
253.58	52170.21
253.65	52145.98
253.72	52141.82
253.79	52124.83
253.86	52130.02
253.93	52120.31
254.00	52094.41
254.07	52066.01
254.14	52029.47
254.21	51984.39
254.28	51961.89
254.35	51932.16
254.41	51904.56
254.48	51884.97
254.55	51870.13
254.62	51844.60
254.69	51801.52
254.76	51757.79
254.83	51715.83
254.90	51679.79
254.97	51657.29
255.04	51657.15
255.11	51639.63
255.18	51612.88
255.25	51569.56
255.32	51512.75
255.39	51463.75
255.46	51435.05
255.53	51413.77
255.60	51398.05
255.67	51392.92
255.74	51384.77
255.81	51366.97
255.87	51359.85
255.94	51348.28
256.01	51333.93
256.08	51309.39
256.15	51282.40
256.22	51252.33
256.29	51233.81
256.36	51196.71
256.43	51176.13
256.50	51166.09
256.57	51152.25
256.64	51126.66
256.71	51116.13
256.78	51089.19
256.85	51049.81
256.92	51024.42
256.99	51007.57
257.05	50991.19
257.12	50967.31
257.19	50932.54
257.26	50879.77
257.33	50814.75
257.40	50757.54
257.47	50697.75
257.54	50676.68
257.61	50650.33
257.68	50648.96
257.75	50634.85
257.82	50641.71
257.89	50622.74
257.96	50615.31
258.03	50574.05
258.09	50528.06
258.16	50463.81
258.23	50391.98
258.30	50330.05
258.37	50281.70
258.44	50247.77
258.51	50228.55
258.58	50225.25
258.65	50211.70
258.72	50205.33
258.79	50174.79
258.86	50148.70
258.93	50125.96
258.99	50095.11
259.06	50051.67
259.13	50021.34
259.20	49973.30
259.27	49926.63
259.34	49894.17
259.41	49879.13
259.48	49878.37
259.55	49877.75
259.62	49864.29
259.69	49838.03
259.76	49793.67
259.82	49729.49
259.89	49684.80
259.96	49653.14
260.03	49610.65
260.10	49564.01
260.17	49525.82
260.24	49464.29
260.31	49406.14
260.38	49371.30
260.45	49364.23
260.52	49344.72
260.59	49327.07
260.65	49294.99
260.72	49272.23
260.79	49234.12
260.86	49206.27
260.93	49184.95
261.00	49154.80
261.07	49099.37
261.14	49031.05
261.21	48964.56
261.28	48900.00
261.34	48838.03
261.41	48777.39
261.48	48733.82
261.55	48693.05
261.62	48660.85
261.69	48625.51
261.76	48600.52
261.83	48579.63
261.90	48560.79
261.97	48524.53
262.03	48495.71
262.10	48460.49
262.17	48417.57
262.24	48386.94
262.31	48360.21
262.38	48337.93
262.45	48313.22
262.52	48289.29
262.59	48244.83
262.65	48213.62
262.72	48165.91
262.79	48131.52
262.86	48101.22
262.93	48070.56
263.00	48028.48
263.07	47987.91
263.14	47937.23
263.21	47892.43
263.27	47862.49
263.34	47841.69
263.41	47815.69
263.48	47780.94
263.55	47733.42
263.62	47661.50
263.69	47578.95
263.76	47512.53
263.82	47460.90
263.89	47418.06
263.96	47392.53
264.03	47360.89
264.10	47334.81
264.17	47285.69
264.24	47234.61
264.31	47179.28
264.38	47140.77
264.44	47087.47
264.51	47052.75
264.58	47007.05
264.65	46964.53
264.72	46899.03
264.79	46850.13
264.86	46812.38
264.92	46772.00
264.99	46738.07
265.06	46723.63
265.13	46698.31
265.20	46671.75
265.27	46644.77
265.34	46608.39
265.41	46568.95
265.47	46540.71
265.54	46498.22
265.61	46478.65
265.68	46459.53
265.75	46431.01
265.82	46384.53
265.89	46335.93
265.95	46272.53
266.02	46198.81
266.09	46137.28
266.16	46097.87
266.23	46069.15
266.30	46031.45
266.37	45990.62
266.44	45932.71
266.50	45861.29
266.57	45791.98
266.64	45737.27
266.71	45677.93
266.78	45625.97
266.85	45564.08
266.91	45507.83
266.98	45448.30
267.05	45399.64
267.12	45365.79
267.19	45349.38
267.26	45334.31
267.33	45325.44
267.39	45315.21
267.46	45296.59
267.53	45265.25
267.60	45225.65
267.67	45172.43
267.74	45138.86
267.81	45094.55
267.87	45062.17
267.94	45034.06
268.01	45005.15
268.08	44953.37
268.15	44908.47
268.22	44855.45
268.28	44789.74
268.35	44721.33
268.42	44667.65
268.49	44610.33
268.56	44560.99
268.63	44514.03
268.69	44480.51
268.76	44442.44
268.83	44413.34
268.90	44389.51
268.97	44379.97
269.04	44363.09
269.11	44341.77
269.17	44317.53
269.24	44285.54
269.31	44245.03
269.38	44204.23
269.45	44163.27
269.52	44127.83
269.58	44092.51
269.65	44042.03
269.72	43999.65
269.79	43962.15
269.86	43927.43
269.92	43886.71
269.99	43849.12
270.06	43805.77
270.13	43760.49
270.20	43712.35
270.27	43674.62
270.33	43649.64
270.40	43616.27
270.47	43590.33
270.54	43566.04
270.61	43539.59
270.68	43514.54
270.74	43505.04
270.81	43488.83
270.88	43464.05
270.95	43443.86
271.02	43398.76
271.08	43342.29
271.15	43284.63
271.22	43233.98
271.29	43172.71
271.36	43112.66
271.43	43073.08
271.49	43045.32
271.56	43018.31
271.63	43005.26
271.70	43006.51
271.77	43000.83
271.83	42974.60
271.90	42938.81
271.97	42892.97
272.04	42844.84
272.11	42791.12
272.17	42761.79
272.24	42734.73
272.31	42708.62
272.38	42691.69
272.45	42670.89
272.52	42647.93
272.58	42636.05
272.65	42623.28
272.72	42593.32
272.79	42561.11
272.86	42518.01
272.92	42470.81
272.99	42422.45
273.06	42385.97
273.13	42344.77
273.20	42308.57
273.26	42265.01
273.33	42221.51
273.40	42177.90
273.47	42153.43
273.54	42135.09
273.60	42130.45
273.67	42107.41
273.74	42107.37
273.81	42090.85
273.88	42081.67
273.94	42074.16
274.01	42092.29
274.08	42091.69
274.15	42087.74
274.21	42059.72
274.28	42018.85
274.35	41960.10
274.42	41882.01
274.49	41818.89
274.55	41770.81
274.62	41725.49
274.69	41684.19
274.76	41654.13
274.83	41631.41
274.89	41599.13
274.96	41562.94
275.03	41538.61
275.10	41515.13
275.17	41479.50
275.23	41438.97
275.30	41410.71
275.37	41380.13
275.44	41354.25
275.50	41323.87
275.57	41304.82
275.64	41271.16
275.71	41229.49
275.78	41192.25
275.84	41168.49
275.91	41142.82
275.98	41121.89
276.05	41103.49
276.11	41076.59
276.18	41042.87
276.25	40985.47
276.32	40924.43
276.39	40863.79
276.45	40802.99
276.52	40735.81
276.59	40693.79
276.66	40669.01
276.72	40649.30
276.79	40640.95
276.86	40640.48
276.93	40638.31
276.99	40608.03
277.06	40576.10
277.13	40543.08
277.20	40509.31
277.26	40472.65
277.33	40465.99
277.40	40453.91
277.47	40432.79
277.54	40409.29
277.60	40380.69
277.67	40332.21
277.74	40273.73
277.81	40213.69
277.87	40153.61
277.94	40090.19
278.01	40042.72
278.08	40003.32
278.14	39977.35
278.21	39959.84
278.28	39962.11
278.35	39958.46
278.41	39967.20
278.48	39964.55
278.55	39955.27
278.62	39932.25
278.68	39899.57
278.75	39839.50
278.82	39786.33
278.89	39716.20
278.95	39653.37
279.02	39598.99
279.09	39586.05
279.16	39570.15
279.22	39571.98
279.29	39569.26
279.36	39565.46
279.43	39536.79
279.49	39487.22
279.56	39418.81
279.63	39325.25
279.70	39232.07
279.76	39154.73
279.83	39103.13
279.90	39077.84
279.97	39079.06
280.03	39076.94
280.10	39057.61
280.17	39035.93
280.24	39004.59
280.30	38976.31
280.37	38948.85
280.44	38932.37
280.51	38905.65
280.57	38878.25
280.64	38833.89
280.71	38791.31
280.77	38735.70
280.84	38666.93
280.91	38599.43
280.98	38520.64
281.04	38445.54
281.11	38367.52
281.18	38301.81
281.25	38225.90
281.31	38168.54
281.38	38091.23
281.45	38025.55
281.52	37967.20
281.58	37904.47
281.65	37845.76
281.72	37798.79
281.78	37755.61
281.85	37715.65
281.92	37697.74
281.99	37677.31
282.05	37670.26
282.12	37659.00
282.19	37650.67
282.26	37639.70
282.32	37628.97
282.39	37622.85
282.46	37599.62
282.52	37573.92
282.59	37550.99
282.66	37536.11
282.73	37512.41
282.79	37489.27
282.86	37462.91
282.93	37405.17
282.99	37329.14
283.06	37243.93
283.13	37156.85
283.20	37049.37
283.26	36961.36
283.33	36885.34
283.40	36815.90
283.46	36780.93
283.53	36761.39
283.60	36739.03
283.67	36731.29
283.73	36735.19
283.80	36724.91
283.87	36717.04
283.93	36729.87
284.00	36725.91
284.07	36713.16
284.13	36689.91
284.20	36673.10
284.27	36638.35
284.34	36604.60
284.40	36579.49
284.47	36564.33
284.54	36547.11
284.60	36525.23
284.67	36490.27
284.74	36453.06
284.81	36419.18
284.87	36377.52
284.94	36324.65
285.01	36278.18
285.07	36206.96
285.14	36130.51
285.21	36076.46
285.27	36035.51
285.34	36007.53
285.41	36006.94
285.47	36008.23
285.54	35999.89
285.61	35990.91
285.68	35991.21
285.74	35977.53
285.81	35969.87
285.88	35952.41
285.94	35952.15
286.01	35950.15
286.08	35956.27
286.14	35958.61
286.21	35961.75
286.28	35960.21
286.34	35932.74
286.41	35887.15
286.48	35830.59
286.55	35765.73
286.61	35687.89
286.68	35623.29
286.75	35552.55
286.81	35487.42
286.88	35441.07
286.95	35401.52
287.01	35382.92
287.08	35381.69
287.15	35389.22
287.21	35388.95
287.28	35391.89
287.35	35379.88
287.41	35373.65
287.48	35362.71
287.55	35355.47
287.61	35344.79
287.68	35330.56
287.75	35315.81
287.81	35298.97
287.88	35280.65
287.95	35270.47
288.01	35248.01
288.08	35226.07
288.15	35190.93
288.21	35156.05
288.28	35119.85
288.35	35095.01
288.41	35067.36
288.48	35039.25
288.55	35004.52
288.61	34950.61
288.68	34906.55
288.75	34856.73
288.81	34817.89
288.88	34784.25
288.95	34776.21
289.01	34767.67
289.08	34772.49
289.15	34785.01
289.21	34818.29
289.28	34830.87
289.35	34837.04
289.41	34832.32
289.48	34837.08
289.55	34819.34
289.61	34808.58
289.68	34805.17
289.75	34794.05
289.81	34769.57
289.88	34740.06
289.95	34700.13
290.01	34647.92
290.08	34606.18
290.15	34559.66
290.21	34524.97
290.28	34500.89
290.35	34483.79
290.41	34459.00
290.48	34434.29
290.55	34398.19
290.61	34351.93
290.68	34304.74
290.74	34285.13
290.81	34280.20
290.88	34286.74
290.94	34312.63
291.01	34339.30
291.08	34356.25
291.14	34368.14
291.21	34378.38
291.28	34387.97
291.34	34399.23
291.41	34393.53
291.48	34384.53
291.54	34386.72
291.61	34373.91
291.68	34349.79
291.74	34322.81
291.81	34288.15
291.87	34264.69
291.94	34219.71
292.01	34187.41
292.07	34151.75
292.14	34106.53
292.21	34031.12
292.27	33984.37
292.34	33939.52
292.41	33911.21
292.47	33892.45
292.54	33889.11
292.60	33896.69
292.67	33909.74
292.74	33920.51
292.80	33952.78
292.87	33974.76
292.94	33989.03
293.00	34006.11
293.07	34023.47
293.13	34033.83
293.20	34045.32
293.27	34068.77
293.33	34070.79
293.40	34070.17
293.47	34057.55
293.53	34036.41
293.60	33996.73
293.66	33951.16
293.73	33886.17
293.80	33816.33
293.86	33755.97
293.93	33702.69
294.00	33652.40
294.06	33631.96
294.13	33620.07
294.19	33601.87
294.26	33582.97
294.33	33574.21
294.39	33552.28
294.46	33536.95
294.52	33531.43
294.59	33536.47
294.66	33551.99
294.72	33577.15
294.79	33598.33
294.86	33628.92
294.92	33660.51
294.99	33697.22
295.05	33729.81
295.12	33762.88
295.19	33795.87
295.25	33811.28
295.32	33813.74
295.38	33806.79
295.45	33805.27
295.52	33775.37
295.58	33740.87
295.65	33689.88
295.71	33644.69
295.78	33569.35
295.85	33495.94
295.91	33429.95
295.98	33366.52
296.04	33281.25
296.11	33226.79
296.18	33201.00
296.24	33193.37
296.31	33193.17
296.37	33228.58
296.44	33272.45
296.51	33312.75
296.57	33342.87
296.64	33396.35
296.70	33438.48
296.77	33472.69
296.84	33479.89
296.90	33494.95
296.97	33493.70
297.03	33506.63
297.10	33515.05
297.17	33546.68
297.23	33575.75
297.30	33597.69
297.36	33592.59
297.43	33583.39
297.50	33574.09
297.56	33538.13
297.63	33491.11
297.69	33431.64
297.76	33361.52
297.82	33273.30
297.89	33193.97
297.96	33117.31
298.02	33072.65
298.09	33037.49
298.15	33022.17
298.22	33020.75
298.29	33021.33
298.35	33014.91
298.42	33036.57
298.48	33048.28
298.55	33065.87
298.61	33105.57
298.68	33164.06
298.75	33185.66
298.81	33219.15
298.88	33244.84
298.94	33272.46
299.01	33281.83
299.08	33309.44
299.14	33325.13
299.21	33337.67
299.27	33335.66
299.34	33333.80
299.40	33331.10
299.47	33320.25
299.54	33314.96
299.60	33303.03
299.67	33283.98
299.73	33233.77
299.80	33168.06
299.86	33060.77
299.93	32944.84
299.99	32843.35
300.06	32757.69
300.13	32699.14
300.19	32676.55
300.26	32684.86
300.32	32696.55
300.39	32721.07
300.45	32755.52
300.52	32809.69
300.59	32862.93
300.65	32910.76
300.72	32961.95
300.78	32996.47
300.85	33022.71
300.91	33029.93
300.98	33028.38
301.04	33020.52
301.11	33021.10
301.18	33021.73
301.24	33020.30
301.31	33015.85
301.37	33013.93
301.44	33002.19
301.50	32975.17
301.57	32954.67
301.63	32937.97
301.70	32897.39
301.77	32846.80
301.83	32777.63
301.90	32689.57
301.96	32592.55
302.03	32496.70
302.09	32415.37
302.16	32349.01
302.22	32316.34
302.29	32284.02
302.36	32274.37
302.42	32270.68
302.49	32287.29
302.55	32298.13
302.62	32324.24
302.68	32347.99
302.75	32382.07
302.81	32402.18
302.88	32411.33
302.94	32412.80
303.01	32423.38
303.07	32416.63
303.14	32416.86
303.21	32414.19
303.27	32410.82
303.34	32400.78
303.40	32387.89
303.47	32364.06
303.53	32333.34
303.60	32315.84
303.66	32280.43
303.73	32245.53
303.79	32208.99
303.86	32164.93
303.92	32092.20
303.99	32020.93
304.05	31927.87
304.12	31826.31
304.19	31738.62
304.25	31661.85
304.32	31604.75
304.38	31561.15
304.45	31531.59
304.51	31518.94
304.58	31520.59
304.64	31520.69
304.71	31536.49
304.77	31539.28
304.84	31536.77
304.90	31534.29
304.97	31517.81
305.03	31492.19
305.10	31491.15
305.16	31484.38
305.23	31470.11
305.29	31457.41
305.36	31435.00
305.42	31413.75
305.49	31383.17
305.56	31351.05
305.62	31321.49
305.69	31293.50
305.75	31242.13
305.82	31165.12
305.88	31055.11
305.95	30921.63
306.01	30785.63
306.08	30653.07
306.14	30547.13
306.21	30458.70
306.27	30394.50
306.34	30343.37
306.40	30293.31
306.47	30265.75
306.53	30276.42
306.60	30287.09
306.66	30309.73
306.73	30336.77
306.79	30337.38
306.86	30322.50
306.92	30303.17
306.99	30277.82
307.05	30252.77
307.12	30239.83
307.18	30216.65
307.25	30193.44
307.31	30158.41
307.38	30118.79
307.44	30085.11
307.51	30048.17
307.57	30003.26
307.64	29966.15
307.70	29936.07
307.77	29889.31
307.83	29842.07
307.90	29802.33
307.96	29759.45
308.03	29699.39
308.09	29641.70
308.16	29582.39
308.22	29526.43
308.29	29464.37
308.35	29405.74
308.42	29354.51
308.48	29284.71
308.55	29200.84
308.61	29128.01
308.68	29065.74
308.74	28991.96
308.81	28955.68
308.87	28934.17
308.94	28912.05
309.00	28884.89
309.07	28865.68
309.13	28827.53
309.20	28799.40
309.26	28761.33
309.33	28716.61
309.39	28679.43
309.45	28645.23
309.52	28587.33
309.58	28539.69
309.65	28493.01
309.71	28434.31
309.78	28381.94
309.84	28338.47
309.91	28282.68
309.97	28230.35
310.04	28189.61
310.10	28144.67
310.17	28102.51
310.23	28049.39
310.30	28010.43
310.36	27957.88
310.43	27898.21
310.49	27830.77
310.56	27775.33
310.62	27700.33
310.69	27629.89
310.75	27561.66
310.81	27509.26
310.88	27462.00
310.94	27421.15
311.01	27377.60
311.07	27345.45
311.14	27304.11
311.20	27256.59
311.27	27216.58
311.33	27190.75
311.40	27152.75
311.46	27115.08
311.53	27084.93
311.59	27049.84
311.66	27015.43
311.72	26970.93
311.78	26933.45
311.85	26895.71
311.91	26858.14
311.98	26806.89
312.04	26773.58
312.11	26732.75
312.17	26691.31
312.24	26645.78
312.30	26596.91
312.37	26535.58
312.43	26485.43
312.50	26427.64
312.56	26375.35
312.62	26318.34
312.69	26267.57
312.75	26199.17
312.82	26125.59
312.88	26060.68
312.95	26000.77
313.01	25940.39
313.08	25888.21
313.14	25855.24
313.20	25804.21
313.27	25754.19
313.33	25709.25
313.40	25666.74
313.46	25613.21
313.53	25570.63
313.59	25528.75
313.66	25496.42
313.72	25462.03
313.78	25426.85
313.85	25395.14
313.91	25363.25
313.98	25327.37
314.04	25286.78
314.11	25244.19
314.17	25201.08
314.24	25156.19
314.30	25101.53
314.36	25042.95
314.43	25007.72
314.49	24956.20
314.56	24910.91
314.62	24865.21
314.69	24826.21
314.75	24768.96
314.81	24722.53
314.88	24669.27
314.94	24626.37
315.01	24581.97
315.07	24523.18
315.14	24476.99
315.20	24443.22
315.27	24392.46
315.33	24350.55
315.39	24314.84
315.46	24276.09
315.52	24218.47
315.59	24176.89
315.65	24129.51
315.72	24089.79
315.78	24042.35
315.84	24013.94
315.91	23984.78
315.97	23959.34
316.04	23951.97
316.10	23932.29
316.16	23890.25
316.23	23827.17
316.29	23725.47
316.36	23582.69
316.42	23420.32
316.49	23243.19
316.55	23050.05
316.61	22865.92
316.68	22669.51
316.74	22471.77
316.81	22266.99
316.87	22064.05
316.93	21853.79
317.00	21651.81
317.06	21447.63
317.13	21249.64
317.19	21045.09
317.26	20834.72
317.32	20628.37
317.38	20421.81
317.45	20214.53
317.51	20017.35
317.58	19830.13
317.64	19627.73
317.70	19425.82
317.77	19233.61
317.83	19033.98
317.90	18828.89
317.96	18631.25
318.02	18447.42
318.09	18264.09
318.15	18072.94
318.22	17871.04
318.28	17683.19
318.34	17472.57
318.41	17254.65
318.47	17044.74
318.54	16862.32
318.60	16662.88
318.66	16481.97
318.73	16298.31
318.79	16117.63
318.86	15933.63
318.92	15750.37
318.98	15572.75
319.05	15390.86
319.11	15211.91
319.18	15027.86
319.24	14855.18
319.30	14662.19
319.37	14488.75
319.43	14319.91
319.50	14143.09
319.56	13965.90
319.62	13805.19
319.69	13631.42
319.75	13461.69
319.82	13298.15
319.88	13129.46
319.94	12963.11
320.01	12797.67
320.07	12621.01
320.13	12451.79
320.20	12282.14
320.26	12105.02
320.33	11937.03
320.39	11776.29
320.45	11608.47
320.52	11449.05
320.58	11289.02
320.65	11125.49
320.71	10961.91
320.77	10804.92
320.84	10640.37
320.90	10483.30
320.96	10319.25
321.03	10144.72
321.09	9973.30
321.16	9806.68
321.22	9632.53
321.28	9469.75
321.35	9320.51
321.41	9164.30
321.47	9005.01
321.54	8854.60
321.60	8694.43
321.67	8532.48
321.73	8374.37
321.79	8217.92
321.86	8060.97
321.92	7907.10
321.98	7738.20
322.05	7567.25
322.11	7394.88
322.18	7217.36
322.24	7043.65
322.30	6884.99
322.37	6729.11
322.43	6567.28
322.49	6416.32
322.56	6253.10
322.62	6095.05
322.68	5931.33
322.75	5781.68
322.81	5614.50
322.88	5456.45
322.94	5297.27
323.00	5140.24
323.07	4981.97
323.13	4832.28
323.19	4685.65
323.26	4540.00
323.32	4396.87
323.38	4248.61
323.45	4045.51
323.51	3460.59
323.57	2653.45
323.64	1811.95
323.70	1004.53
323.76	282.31
323.83	-28.20
323.89	-89.95
323.96	-89.85
