180.25	3489.83
180.33	-130.45
180.40	646.29
180.48	-41.19
180.56	-2.33
180.63	28.55
180.71	64.37
180.78	65.55
180.86	66.61
180.93	70.21
181.01	71.11
181.08	69.73
181.16	68.93
181.23	70.13
181.31	70.16
181.39	91.97
181.46	99.97
181.54	109.45
181.61	123.97
181.69	131.84
181.76	125.17
181.84	120.62
181.91	121.91
181.99	123.52
182.06	125.58
182.14	131.85
182.22	138.73
182.29	150.31
182.37	155.63
182.44	168.01
182.52	168.51
182.59	184.95
182.67	193.05
182.74	199.00
182.82	203.19
182.89	211.45
182.97	212.94
183.04	222.43
183.12	232.79
183.20	253.09
183.27	270.23
183.35	301.85
183.42	329.57
183.50	375.89
183.57	409.85
183.65	460.80
183.72	511.08
183.80	573.21
183.87	624.31
183.95	675.99
184.02	728.40
184.10	764.77
184.17	784.73
184.25	783.73
184.32	773.31
184.40	742.02
184.47	687.35
184.55	639.97
184.62	634.97
184.70	662.05
184.78	716.95
184.85	834.21
184.93	969.81
185.00	1102.41
185.08	1234.84
185.15	1367.16
185.23	1497.95
185.30	1624.77
185.38	1741.78
185.45	1858.61
185.53	1981.77
185.60	2091.17
185.68	2217.32
185.75	2317.17
185.83	2391.00
185.90	2433.53
185.98	2412.34
186.05	2320.23
186.13	2196.38
186.20	2035.37
186.28	1890.99
186.35	1839.32
186.43	1886.69
186.50	2031.84
186.58	2261.86
186.65	2516.21
186.73	2767.91
186.80	2991.02
186.88	3196.25
186.95	3404.51
187.03	3607.57
187.10	3788.93
187.18	3996.06
187.25	4189.51
187.33	4379.20
187.40	4587.53
187.48	4779.79
187.55	4941.43
187.63	5075.93
187.70	5138.87
187.78	5133.47
187.85	5080.88
187.93	4914.89
188.00	4646.95
188.08	4334.83
188.15	4053.09
188.23	3880.63
188.30	3866.37
188.38	4023.73
188.45	4314.36
188.53	4641.19
188.60	4941.17
188.68	5216.13
188.75	5470.12
188.83	5735.32
188.90	5976.66
188.98	6218.26
189.05	6470.31
189.13	6700.46
189.20	6904.06
189.28	7121.57
189.35	7317.39
189.43	7492.87
189.50	7650.28
189.58	7733.39
189.65	7740.05
189.73	7678.39
189.80	7520.47
189.87	7284.49
189.95	6994.65
190.02	6622.48
190.10	6213.13
190.17	5895.93
190.25	5743.46
190.32	5774.81
190.40	5997.99
190.47	6377.77
190.55	6795.27
190.62	7188.14
190.70	7529.87
190.77	7836.61
190.85	8119.54
190.92	8351.04
191.00	8547.34
191.07	8723.46
191.15	8851.79
191.22	8948.03
191.29	9021.55
191.37	9063.95
191.44	9106.47
191.52	9179.56
191.59	9239.77
191.67	9292.94
191.74	9323.45
191.82	9310.19
191.89	9274.78
191.97	9243.43
192.04	9211.49
192.12	9145.49
192.19	9019.95
192.27	8823.38
192.34	8623.47
192.41	8497.39
192.49	8496.39
192.56	8628.35
192.64	8878.15
192.71	9157.93
192.79	9382.56
192.86	9535.43
192.94	9598.63
193.01	9624.54
193.09	9666.11
193.16	9772.74
193.23	9950.49
193.31	10188.24
193.38	10471.64
193.46	10733.30
193.53	10945.00
193.61	11112.59
193.68	11251.38
193.76	11337.71
193.83	11392.14
193.91	11425.76
193.98	11438.75
194.05	11433.80
194.13	11394.09
194.20	11322.29
194.28	11228.80
194.35	11115.77
194.43	10973.99
194.50	10799.21
194.58	10605.82
194.65	10451.89
194.72	10400.03
194.80	10488.77
194.87	10719.22
194.95	11073.97
195.02	11444.91
195.10	11759.55
195.17	12023.19
195.25	12234.28
195.32	12400.63
195.39	12542.05
195.47	12655.53
195.54	12722.48
195.62	12710.59
195.69	12596.19
195.77	12369.37
195.84	12061.31
195.91	11722.77
195.99	11488.16
196.06	11407.31
196.14	11501.92
196.21	11740.14
196.29	12072.06
196.36	12419.48
196.43	12725.18
196.51	12985.42
196.58	13198.83
196.66	13356.51
196.73	13478.36
196.81	13570.51
196.88	13621.30
196.95	13632.25
197.03	13582.64
197.10	13428.31
197.18	13195.55
197.25	12924.70
197.33	12661.97
197.40	12442.83
197.47	12302.65
197.55	12276.69
197.62	12352.41
197.70	12511.54
197.77	12763.09
197.84	13075.99
197.92	13395.75
197.99	13717.15
198.07	14017.83
198.14	14271.63
198.22	14486.59
198.29	14660.08
198.36	14786.49
198.44	14872.31
198.51	14890.13
198.59	14809.85
198.66	14623.21
198.73	14336.99
198.81	13978.27
198.88	13572.30
198.96	13205.09
199.03	12998.32
199.10	13007.70
199.18	13176.33
199.25	13515.69
199.33	13967.87
199.40	14408.07
199.48	14746.78
199.55	15017.07
199.62	15223.81
199.70	15412.36
199.77	15594.09
199.85	15785.67
199.92	15948.42
199.99	16055.29
200.07	16045.75
200.14	15892.59
200.22	15540.91
200.29	15031.17
200.36	14513.59
200.44	14113.15
200.51	13903.45
200.59	13948.65
200.66	14195.91
200.73	14540.83
200.81	14891.86
200.88	15224.79
200.95	15544.57
201.03	15872.05
201.10	16200.68
201.18	16494.64
201.25	16747.33
201.32	16935.37
201.40	17084.72
201.47	17167.98
201.55	17196.57
201.62	17107.16
201.69	16868.56
201.77	16541.55
201.84	16190.26
201.92	15803.35
201.99	15415.75
202.06	15167.03
202.14	15097.27
202.21	15184.10
202.28	15450.31
202.36	15887.96
202.43	16396.86
202.51	16859.68
202.58	17234.45
202.65	17525.20
202.73	17790.15
202.80	18028.96
202.87	18261.36
202.95	18495.65
203.02	18680.61
203.10	18760.50
203.17	18745.03
203.24	18566.24
203.32	18141.30
203.39	17493.33
203.46	16810.95
203.54	16246.09
203.61	15936.59
203.69	15955.29
203.76	16306.22
203.83	16818.43
203.91	17335.49
203.98	17809.35
204.05	18235.55
204.13	18634.57
204.20	19000.07
204.28	19346.43
204.35	19609.82
204.42	19812.23
204.50	19963.15
204.57	20057.67
204.64	20085.80
204.72	20047.97
204.79	19852.65
204.86	19476.07
204.94	19018.19
205.01	18531.69
205.09	18043.82
205.16	17667.27
205.23	17506.21
205.31	17555.27
205.38	17788.05
205.45	18204.99
205.53	18757.58
205.60	19348.90
205.67	19888.17
205.75	20328.07
205.82	20677.43
205.89	20956.30
205.97	21192.17
206.04	21408.34
206.12	21622.99
206.19	21824.61
206.26	21968.14
206.34	22011.42
206.41	21890.05
206.48	21545.99
206.56	20934.66
206.63	20146.73
206.70	19348.47
206.78	18762.35
206.85	18518.56
206.92	18672.42
207.00	19165.34
207.07	19825.16
207.14	20483.91
207.22	21064.40
207.29	21567.95
207.36	21996.41
207.44	22386.69
207.51	22726.25
207.58	23031.55
207.66	23301.28
207.73	23542.60
207.80	23729.70
207.88	23828.67
207.95	23816.03
208.02	23677.49
208.10	23313.53
208.17	22707.21
208.25	22009.95
208.32	21369.31
208.39	20867.99
208.47	20650.53
208.54	20729.47
208.61	21034.94
208.69	21438.81
208.76	21878.24
208.83	22337.26
208.90	22819.13
208.98	23297.49
209.05	23741.25
209.12	24149.77
209.20	24502.26
209.27	24805.02
209.34	25066.07
209.42	25304.10
209.49	25496.91
209.56	25617.39
209.64	25661.13
209.71	25554.17
209.78	25234.59
209.86	24729.57
209.93	24138.55
210.00	23493.85
210.08	22911.83
210.15	22564.82
210.22	22517.09
210.30	22711.44
210.37	23116.85
210.44	23661.80
210.52	24236.60
210.59	24755.95
210.66	25197.06
210.74	25575.19
210.81	25898.61
210.88	26200.59
210.96	26483.87
211.03	26761.96
211.10	27031.80
211.17	27279.82
211.25	27447.09
211.32	27521.33
211.39	27462.20
211.47	27215.11
211.54	26716.86
211.61	26023.55
211.69	25338.85
211.76	24840.63
211.83	24613.49
211.91	24738.50
211.98	25154.93
212.05	25676.68
212.12	26150.73
212.20	26547.10
212.27	26876.90
212.34	27139.72
212.42	27378.37
212.49	27610.37
212.56	27840.75
212.64	28078.83
212.71	28349.19
212.78	28617.91
212.85	28855.92
212.93	29035.36
213.00	29134.92
213.07	29141.71
213.15	28968.27
213.22	28629.50
213.29	28222.58
213.37	27804.99
213.44	27425.73
213.51	27215.49
213.58	27223.54
213.66	27385.97
213.73	27659.78
213.80	28015.17
213.88	28377.27
213.95	28674.07
214.02	28901.09
214.09	29091.01
214.17	29269.79
214.24	29473.69
214.31	29722.44
214.39	30011.63
214.46	30303.46
214.53	30544.91
214.60	30731.82
214.68	30867.13
214.75	30945.17
214.82	30936.02
214.90	30837.91
214.97	30581.73
215.04	30140.89
215.11	29645.38
215.19	29245.64
215.26	29048.72
215.33	29097.76
215.41	29413.53
215.48	29861.85
215.55	30298.29
215.62	30634.10
215.70	30910.07
215.77	31149.70
215.84	31376.83
215.91	31591.78
215.99	31820.31
216.06	32032.67
216.13	32215.25
216.21	32339.71
216.28	32454.01
216.35	32541.01
216.42	32616.17
216.50	32654.41
216.57	32664.72
216.64	32575.37
216.71	32348.79
216.79	32026.47
216.86	31700.45
216.93	31448.49
217.01	31343.43
217.08	31426.71
217.15	31654.27
217.22	31963.65
217.30	32285.47
217.37	32583.89
217.44	32867.42
217.51	33125.01
217.59	33356.82
217.66	33556.89
217.73	33728.66
217.80	33876.53
217.88	34000.49
217.95	34100.97
218.02	34189.36
218.09	34276.02
218.17	34385.79
218.24	34489.56
218.31	34580.90
218.38	34625.94
218.46	34601.85
218.53	34411.52
218.60	34119.17
218.67	33782.05
218.75	33517.35
218.82	33374.52
218.89	33432.10
218.96	33656.31
219.04	33977.75
219.11	34310.09
219.18	34600.24
219.25	34842.40
219.33	35047.43
219.40	35238.33
219.47	35415.49
219.54	35577.30
219.62	35726.87
219.69	35870.18
219.76	36010.31
219.83	36131.21
219.91	36263.16
219.98	36387.75
220.05	36481.39
220.12	36533.24
220.20	36540.60
220.27	36475.77
220.34	36311.70
220.41	36068.95
220.49	35828.93
220.56	35648.53
220.63	35586.67
220.70	35664.19
220.78	35871.85
220.85	36106.41
220.92	36322.70
220.99	36495.96
221.06	36645.74
221.14	36777.25
221.21	36909.78
221.28	37058.09
221.35	37217.53
221.43	37366.09
221.50	37515.12
221.57	37654.25
221.64	37795.49
221.72	37912.23
221.79	38029.69
221.86	38111.43
221.93	38172.88
222.00	38202.95
222.08	38209.99
222.15	38151.45
222.22	38072.52
222.29	38007.35
222.37	37953.65
222.44	37926.45
222.51	37959.50
222.58	38037.25
222.65	38122.50
222.73	38212.49
222.80	38313.13
222.87	38430.21
222.94	38534.55
223.02	38652.15
223.09	38771.81
223.16	38896.32
223.23	39017.43
223.30	39164.57
223.38	39307.12
223.45	39453.35
223.52	39576.47
223.59	39691.30
223.66	39762.35
223.74	39810.05
223.81	39827.35
223.88	39835.72
223.95	39838.34
224.03	39832.65
224.10	39823.58
224.17	39824.09
224.24	39830.57
224.31	39848.23
224.39	39909.26
224.46	39987.49
224.53	40076.05
224.60	40183.37
224.67	40281.15
224.75	40386.87
224.82	40489.69
224.89	40608.99
224.96	40728.47
225.03	40856.39
225.11	40963.89
225.18	41087.25
225.25	41194.80
225.32	41286.91
225.39	41360.53
225.47	41425.19
225.54	41451.56
225.61	41457.69
225.68	41441.75
225.75	41434.37
225.83	41448.85
225.90	41494.85
225.97	41563.73
226.04	41665.57
226.11	41768.97
226.19	41873.35
226.26	41974.65
226.33	42073.12
226.40	42162.97
226.47	42259.60
226.54	42356.51
226.62	42454.21
226.69	42557.84
226.76	42647.01
226.83	42739.91
226.90	42824.07
226.98	42883.34
227.05	42917.17
227.12	42980.54
227.19	43024.46
227.26	43068.65
227.34	43123.85
227.41	43200.51
227.48	43247.56
227.55	43280.49
227.62	43305.64
227.69	43352.73
227.77	43392.97
227.84	43455.05
227.91	43544.95
227.98	43641.83
228.05	43708.19
228.12	43777.63
228.20	43847.96
228.27	43917.59
228.34	43989.25
228.41	44095.71
228.48	44209.18
228.56	44312.96
228.63	44419.27
228.70	44505.77
228.77	44580.19
228.84	44656.31
228.91	44745.26
228.99	44831.28
229.06	44939.28
229.13	45036.75
229.20	45122.95
229.27	45193.35
229.34	45253.87
229.42	45307.13
229.49	45363.21
229.56	45419.97
229.63	45479.25
229.70	45525.21
229.77	45570.82
229.85	45619.95
229.92	45662.48
229.99	45705.58
230.06	45767.78
230.13	45857.65
230.20	45946.32
230.27	46060.65
230.35	46179.91
230.42	46298.25
230.49	46394.63
230.56	46486.41
230.63	46568.33
230.70	46629.59
230.78	46677.98
230.85	46728.22
230.92	46778.59
230.99	46837.18
231.06	46937.72
231.13	47056.75
231.20	47165.14
231.28	47275.14
231.35	47374.97
231.42	47445.13
231.49	47518.03
231.56	47596.78
231.63	47673.08
231.71	47741.15
231.78	47803.14
231.85	47856.55
231.92	47911.27
231.99	47972.17
232.06	48041.85
232.13	48134.07
232.21	48219.36
232.28	48303.39
232.35	48375.57
232.42	48452.31
232.49	48521.78
232.56	48614.13
232.63	48706.28
232.71	48799.94
232.78	48885.70
232.85	48973.84
232.92	49052.85
232.99	49128.06
233.06	49202.23
233.13	49274.45
233.20	49327.57
233.28	49369.02
233.35	49397.40
233.42	49451.77
233.49	49508.97
233.56	49580.27
233.63	49666.42
233.70	49778.53
233.78	49868.21
233.85	49976.91
233.92	50071.19
233.99	50150.63
234.06	50220.55
234.13	50296.75
234.20	50352.73
234.27	50418.49
234.35	50483.97
234.42	50547.07
234.49	50612.29
234.56	50649.97
234.63	50685.19
234.70	50726.88
234.77	50748.62
234.84	50771.51
234.92	50826.31
234.99	50898.78
235.06	50964.21
235.13	51058.98
235.20	51155.41
235.27	51235.69
235.34	51315.45
235.41	51396.36
235.48	51469.28
235.56	51534.94
235.63	51608.36
235.70	51648.44
235.77	51684.74
235.84	51702.27
235.91	51724.97
235.98	51740.13
236.05	51776.59
236.12	51816.65
236.20	51852.81
236.27	51891.55
236.34	51937.10
236.41	51976.29
236.48	52019.68
236.55	52068.03
236.62	52107.62
236.69	52153.87
236.76	52216.81
236.84	52277.31
236.91	52342.37
236.98	52409.55
237.05	52462.56
237.12	52493.61
237.19	52538.02
237.26	52586.97
237.33	52626.32
237.40	52666.41
237.47	52712.61
237.55	52741.65
237.62	52789.91
237.69	52849.91
237.76	52917.51
237.83	52991.31
237.90	53061.78
237.97	53107.07
238.04	53139.25
238.11	53176.40
238.18	53210.53
238.26	53236.71
238.33	53267.84
238.40	53301.21
238.47	53327.60
238.54	53343.23
238.61	53359.89
238.68	53369.97
238.75	53385.06
238.82	53412.24
238.89	53449.70
238.96	53497.97
239.04	53557.40
239.11	53605.86
239.18	53643.35
239.25	53666.00
239.32	53682.08
239.39	53685.05
239.46	53688.03
239.53	53675.14
239.60	53669.78
239.67	53674.61
239.74	53686.15
239.81	53700.39
239.89	53734.52
239.96	53767.00
240.03	53801.63
240.10	53832.32
240.17	53867.81
240.24	53884.77
240.31	53908.59
240.38	53929.25
240.45	53982.45
240.52	54038.22
240.59	54107.21
240.66	54164.89
240.73	54219.68
240.80	54236.67
240.88	54241.85
240.95	54254.44
241.02	54275.70
241.09	54272.16
241.16	54281.10
241.23	54295.68
241.30	54273.70
241.37	54233.80
241.44	54221.39
241.51	54217.08
241.58	54230.79
241.65	54262.64
241.72	54303.47
241.79	54336.91
241.86	54347.05
241.94	54338.01
242.01	54317.63
242.08	54305.65
242.15	54307.70
242.22	54312.95
242.29	54311.28
242.36	54332.90
242.43	54323.74
242.50	54297.80
242.57	54278.87
242.64	54279.43
242.71	54267.14
242.78	54277.31
242.85	54289.79
242.92	54302.99
242.99	54312.09
243.06	54318.27
243.14	54328.67
243.21	54338.81
243.28	54347.09
243.35	54364.09
243.42	54397.11
243.49	54424.21
243.56	54449.77
243.63	54475.63
243.70	54478.34
243.77	54461.90
243.84	54442.15
243.91	54418.22
243.98	54393.31
244.05	54355.69
244.12	54341.16
244.19	54334.67
244.26	54314.64
244.33	54286.47
244.40	54272.77
244.47	54246.16
244.54	54218.60
244.62	54186.89
244.69	54161.35
244.76	54147.43
244.83	54141.53
244.90	54141.29
244.97	54161.48
245.04	54185.58
245.11	54192.15
245.18	54192.69
245.25	54198.01
245.32	54214.11
245.39	54237.07
245.46	54254.37
245.53	54251.47
245.60	54231.51
245.67	54211.41
245.74	54182.73
245.81	54164.19
245.88	54144.95
245.95	54137.81
246.02	54113.09
246.09	54068.06
246.16	54016.63
246.23	53978.99
246.30	53949.94
246.37	53937.73
246.44	53952.39
246.51	53981.59
246.58	54019.89
246.65	54035.13
246.72	54044.83
246.79	54040.48
246.87	54033.19
246.94	54015.25
247.01	53989.51
247.08	53953.75
247.15	53906.88
247.22	53840.64
247.29	53772.49
247.36	53734.07
247.43	53699.70
247.50	53684.85
247.57	53691.87
247.64	53723.09
247.71	53747.96
247.78	53767.23
247.85	53788.23
247.92	53808.04
247.99	53794.87
248.06	53768.77
248.13	53743.27
248.20	53708.34
248.27	53672.68
248.34	53659.87
248.41	53653.34
248.48	53647.54
248.55	53639.69
248.62	53642.80
248.69	53638.75
248.76	53627.37
248.83	53620.60
248.90	53597.19
248.97	53553.05
249.04	53502.39
249.11	53460.23
249.18	53421.11
249.25	53383.79
249.32	53348.84
249.39	53304.53
249.46	53251.17
249.53	53194.05
249.60	53157.71
249.67	53126.71
249.74	53113.07
249.81	53115.03
249.88	53130.33
249.95	53161.82
250.02	53193.67
250.09	53211.52
250.16	53219.31
250.23	53211.72
250.30	53189.61
250.37	53177.53
250.44	53177.80
250.51	53173.37
250.58	53180.17
250.65	53182.11
250.72	53154.08
250.79	53110.65
250.86	53072.56
250.93	53028.85
251.00	52974.40
251.07	52948.11
251.14	52932.96
251.21	52920.49
251.28	52894.82
251.35	52876.72
251.42	52845.77
251.49	52819.39
251.56	52788.05
251.63	52764.27
251.70	52756.67
251.77	52735.73
251.84	52706.75
251.91	52663.58
251.98	52617.12
252.05	52555.31
252.12	52505.06
252.18	52458.72
252.25	52438.54
252.32	52430.42
252.39	52427.20
252.46	52415.91
252.53	52410.73
252.60	52393.23
252.67	52373.74
252.74	52352.65
252.81	52337.89
252.88	52307.76
252.95	52271.10
253.02	52233.61
253.09	52202.35
253.16	52180.49
253.23	52157.73
253.30	52148.39
253.37	52138.16
253.44	52122.96
253.51	52076.53
253.58	52062.83
253.65	52045.15
253.72	52039.46
253.79	52027.35
253.86	52039.17
253.93	52020.97
254.00	52002.45
254.07	51969.20
254.14	51933.76
254.21	51885.35
254.28	51861.95
254.35	51835.63
254.41	51808.13
254.48	51779.65
254.55	51774.23
254.62	51751.45
254.69	51706.54
254.76	51672.58
254.83	51637.83
254.90	51601.17
254.97	51565.75
255.04	51567.31
255.11	51542.86
255.18	51513.47
255.25	51466.68
255.32	51430.23
255.39	51383.51
255.46	51350.21
255.53	51325.11
255.60	51310.81
255.67	51293.74
255.74	51278.67
255.81	51269.67
255.87	51279.05
255.94	51262.95
256.01	51248.28
256.08	51223.92
256.15	51192.87
256.22	51142.43
256.29	51131.40
256.36	51092.57
256.43	51068.42
256.50	51059.45
256.57	51050.81
256.64	51010.18
256.71	50993.55
256.78	50967.73
256.85	50922.86
256.92	50891.85
256.99	50889.63
257.05	50879.97
257.12	50863.27
257.19	50839.57
257.26	50792.24
257.33	50722.90
257.40	50672.91
257.47	50607.69
257.54	50572.99
257.61	50547.76
257.68	50547.99
257.75	50530.59
257.82	50543.91
257.89	50531.73
257.96	50521.09
258.03	50485.09
258.09	50435.35
258.16	50367.29
258.23	50292.94
258.30	50235.01
258.37	50177.94
258.44	50143.79
258.51	50118.92
258.58	50117.59
258.65	50105.50
258.72	50098.25
258.79	50066.36
258.86	50033.85
258.93	50004.19
258.99	49968.62
259.06	49929.93
259.13	49899.92
259.20	49861.35
259.27	49825.87
259.34	49793.75
259.41	49779.15
259.48	49776.16
259.55	49776.13
259.62	49758.71
259.69	49729.79
259.76	49673.10
259.82	49612.01
259.89	49572.17
259.96	49536.10
260.03	49493.95
260.10	49462.35
260.17	49421.07
260.24	49361.21
260.31	49307.41
260.38	49274.87
260.45	49259.71
260.52	49245.10
260.59	49228.81
260.65	49198.69
260.72	49177.99
260.79	49146.94
260.86	49117.57
260.93	49078.52
261.00	49047.05
261.07	48991.92
261.14	48924.05
261.21	48860.51
261.28	48819.07
261.34	48753.93
261.41	48697.11
261.48	48648.08
261.55	48599.90
261.62	48552.39
261.69	48528.69
261.76	48506.09
261.83	48490.11
261.90	48472.30
261.97	48431.35
262.03	48397.24
262.10	48361.03
262.17	48316.00
262.24	48293.78
262.31	48278.69
262.38	48243.54
262.45	48219.57
262.52	48195.57
262.59	48146.85
262.65	48102.21
262.72	48061.39
262.79	48013.96
262.86	47978.21
262.93	47942.11
263.00	47913.35
263.07	47883.71
263.14	47840.31
263.21	47808.51
263.27	47784.47
263.34	47753.83
263.41	47714.35
263.48	47679.85
263.55	47620.68
263.62	47542.61
263.69	47467.02
263.76	47411.17
263.82	47372.17
263.89	47337.95
263.96	47319.05
264.03	47296.58
264.10	47268.30
264.17	47212.17
264.24	47152.36
264.31	47095.29
264.38	47038.17
264.44	46976.57
264.51	46928.71
264.58	46894.12
264.65	46857.11
264.72	46799.25
264.79	46758.89
264.86	46726.23
264.92	46682.75
264.99	46651.23
265.06	46634.25
265.13	46600.62
265.20	46573.86
265.27	46550.47
265.34	46510.81
265.41	46488.56
265.47	46459.21
265.54	46429.78
265.61	46402.11
265.68	46390.12
265.75	46350.70
265.82	46308.79
265.89	46246.71
265.95	46181.00
266.02	46099.17
266.09	46038.66
266.16	45996.08
266.23	45961.71
266.30	45932.69
266.37	45879.09
266.44	45819.25
266.50	45760.04
266.57	45707.90
266.64	45639.54
266.71	45587.34
266.78	45538.36
266.85	45467.29
266.91	45411.06
266.98	45361.59
267.05	45322.15
267.12	45288.04
267.19	45276.77
267.26	45252.95
267.33	45244.35
267.39	45230.24
267.46	45207.85
267.53	45167.63
267.60	45124.01
267.67	45070.94
267.74	45034.33
267.81	44992.76
267.87	44954.32
267.94	44920.86
268.01	44891.23
268.08	44838.65
268.15	44794.21
268.22	44749.39
268.28	44696.45
268.35	44632.87
268.42	44572.97
268.49	44514.42
268.56	44460.93
268.63	44406.86
268.69	44367.71
268.76	44326.80
268.83	44292.09
268.90	44276.92
268.97	44268.50
269.04	44255.52
269.11	44244.99
269.17	44229.82
269.24	44196.82
269.31	44163.44
269.38	44125.81
269.45	44085.79
269.52	44051.99
269.58	44018.30
269.65	43971.65
269.72	43917.70
269.79	43887.65
269.86	43845.43
269.92	43808.03
269.99	43771.75
270.06	43731.73
270.13	43687.79
270.20	43645.68
270.27	43612.01
270.33	43589.09
270.40	43560.85
270.47	43526.31
270.54	43499.71
270.61	43471.79
270.68	43442.53
270.74	43434.45
270.81	43422.87
270.88	43396.31
270.95	43357.85
271.02	43309.09
271.08	43254.81
271.15	43195.34
271.22	43152.05
271.29	43117.70
271.36	43063.59
271.43	43021.86
271.49	42991.39
271.56	42957.96
271.63	42927.63
271.70	42917.83
271.77	42908.09
271.83	42871.85
271.90	42832.65
271.97	42788.95
272.04	42737.77
272.11	42698.61
272.17	42689.25
272.24	42673.11
272.31	42643.74
272.38	42636.13
272.45	42600.43
272.52	42558.47
272.58	42534.27
272.65	42522.73
272.72	42492.59
272.79	42463.63
272.86	42430.24
272.92	42397.09
272.99	42361.95
273.06	42326.53
273.13	42294.20
273.20	42263.55
273.26	42218.93
273.33	42176.08
273.40	42139.97
273.47	42115.21
273.54	42084.77
273.60	42060.15
273.67	42034.17
273.74	42016.03
273.81	41994.07
273.88	41994.47
273.94	41999.13
274.01	42006.13
274.08	42009.49
274.15	42000.17
274.21	41971.04
274.28	41924.73
274.35	41864.78
274.42	41796.37
274.49	41735.54
274.55	41686.16
274.62	41654.53
274.69	41624.39
274.76	41598.21
274.83	41574.05
274.89	41548.22
274.96	41514.65
275.03	41481.57
275.10	41444.96
275.17	41402.41
275.23	41358.77
275.30	41313.75
275.37	41288.73
275.44	41271.96
275.50	41263.61
275.57	41238.98
275.64	41204.19
275.71	41155.77
275.78	41114.15
275.84	41065.67
275.91	41042.19
275.98	41023.95
276.05	41009.71
276.11	40987.03
276.18	40971.55
276.25	40917.01
276.32	40868.81
276.39	40803.95
276.45	40739.35
276.52	40666.56
276.59	40628.67
276.66	40598.18
276.72	40585.42
276.79	40583.34
276.86	40580.07
276.93	40563.25
276.99	40532.33
277.06	40499.70
277.13	40461.29
277.20	40432.08
277.26	40401.92
277.33	40385.35
277.40	40371.59
277.47	40341.16
277.54	40308.25
277.60	40281.59
277.67	40232.89
277.74	40172.63
277.81	40120.39
277.87	40069.19
277.94	40011.26
278.01	39975.08
278.08	39938.55
278.14	39911.65
278.21	39892.62
278.28	39892.69
278.35	39889.99
278.41	39899.89
278.48	39902.64
278.55	39893.76
278.62	39868.58
278.68	39836.60
278.75	39790.77
278.82	39735.79
278.89	39678.85
278.95	39618.21
279.02	39559.79
279.09	39525.57
279.16	39513.63
279.22	39512.79
279.29	39516.54
279.36	39519.46
279.43	39493.73
279.49	39441.67
279.56	39363.57
279.63	39276.19
279.70	39187.10
279.76	39110.47
279.83	39059.27
279.90	39039.17
279.97	39018.87
280.03	39006.67
280.10	38993.56
280.17	38976.90
280.24	38946.69
280.30	38928.49
280.37	38905.53
280.44	38880.89
280.51	38849.91
280.57	38820.40
280.64	38783.77
280.71	38741.95
280.77	38694.42
280.84	38629.26
280.91	38557.55
280.98	38476.64
281.04	38399.18
281.11	38313.15
281.18	38242.73
281.25	38171.65
281.31	38104.91
281.38	38025.31
281.45	37966.47
281.52	37906.19
281.58	37837.63
281.65	37782.65
281.72	37743.61
281.78	37707.51
281.85	37683.48
281.92	37670.42
281.99	37653.91
282.05	37642.66
282.12	37625.51
282.19	37608.49
282.26	37592.71
282.32	37580.37
282.39	37574.49
282.46	37560.03
282.52	37541.53
282.59	37526.19
282.66	37514.99
282.73	37485.79
282.79	37460.71
282.86	37415.59
282.93	37358.95
282.99	37283.87
283.06	37203.03
283.13	37107.82
283.20	37007.03
283.26	36914.15
283.33	36829.31
283.40	36759.76
283.46	36726.91
283.53	36707.35
283.60	36697.52
283.67	36693.34
283.73	36698.81
283.80	36674.24
283.87	36671.88
283.93	36677.67
284.00	36671.76
284.07	36655.19
284.13	36642.37
284.20	36619.04
284.27	36572.39
284.34	36538.51
284.40	36503.99
284.47	36492.01
284.54	36480.29
284.60	36473.42
284.67	36451.42
284.74	36428.20
284.81	36387.21
284.87	36343.54
284.94	36275.48
285.01	36214.39
285.07	36142.20
285.14	36076.49
285.21	36014.15
285.27	35981.59
285.34	35956.69
285.41	35952.87
285.47	35957.07
285.54	35953.81
285.61	35955.14
285.68	35959.35
285.74	35948.09
285.81	35935.67
285.88	35929.40
285.94	35919.95
286.01	35917.88
286.08	35921.01
286.14	35914.47
286.21	35904.14
286.28	35900.77
286.34	35864.59
286.41	35813.11
286.48	35760.43
286.55	35691.06
286.61	35614.93
286.68	35556.72
286.75	35500.85
286.81	35449.71
286.88	35414.41
286.95	35367.43
287.01	35340.91
287.08	35337.24
287.15	35330.73
287.21	35332.20
287.28	35336.53
287.35	35326.92
287.41	35308.41
287.48	35287.11
287.55	35275.69
287.61	35273.95
287.68	35263.85
287.75	35250.69
287.81	35245.39
287.88	35227.93
287.95	35218.12
288.01	35210.05
288.08	35197.01
288.15	35164.25
288.21	35135.79
288.28	35093.51
288.35	35062.19
288.41	35038.56
288.48	35023.02
288.55	34983.77
288.61	34935.24
288.68	34879.03
288.75	34822.69
288.81	34774.65
288.88	34743.72
288.95	34735.73
289.01	34735.36
289.08	34739.17
289.15	34753.17
289.21	34773.77
289.28	34781.29
289.35	34788.41
289.41	34785.97
289.48	34777.87
289.55	34771.20
289.61	34759.61
289.68	34747.73
289.75	34736.77
289.81	34717.30
289.88	34682.85
289.95	34643.33
290.01	34592.05
290.08	34549.79
290.15	34497.94
290.21	34463.75
290.28	34444.39
290.35	34430.72
290.41	34412.05
290.48	34400.93
290.55	34365.69
290.61	34314.69
290.68	34268.98
290.74	34246.08
290.81	34235.31
290.88	34239.21
290.94	34263.83
291.01	34283.49
291.08	34303.72
291.14	34323.12
291.21	34330.03
291.28	34339.14
291.34	34357.59
291.41	34348.42
291.48	34338.49
291.54	34332.96
291.61	34313.25
291.68	34287.93
291.74	34244.86
291.81	34210.47
291.87	34192.18
291.94	34159.81
292.01	34123.72
292.07	34102.76
292.14	34058.95
292.21	33994.12
292.27	33948.79
292.34	33911.41
292.41	33878.41
292.47	33849.87
292.54	33843.59
292.60	33843.11
292.67	33850.21
292.74	33863.97
292.80	33900.49
292.87	33923.95
292.94	33949.30
293.00	33965.13
293.07	33977.68
293.13	33982.99
293.20	33996.14
293.27	34010.07
293.33	34013.98
293.40	34019.77
293.47	34015.56
293.53	33999.63
293.60	33969.19
293.66	33922.44
293.73	33861.22
293.80	33790.21
293.86	33728.04
293.93	33668.61
294.00	33634.03
294.06	33612.26
294.13	33598.71
294.19	33579.81
294.26	33566.67
294.33	33550.73
294.39	33527.56
294.46	33513.67
294.52	33502.75
294.59	33500.31
294.66	33507.35
294.72	33529.49
294.79	33555.44
294.86	33585.76
294.92	33611.66
294.99	33642.31
295.05	33670.75
295.12	33694.45
295.19	33715.98
295.25	33726.38
295.32	33726.71
295.38	33724.35
295.45	33718.30
295.52	33702.14
295.58	33676.23
295.65	33643.36
295.71	33591.94
295.78	33522.60
295.85	33448.02
295.91	33382.40
295.98	33311.56
296.04	33247.37
296.11	33191.17
296.18	33166.68
296.24	33159.11
296.31	33164.33
296.37	33192.11
296.44	33233.85
296.51	33267.39
296.57	33308.19
296.64	33354.66
296.70	33400.30
296.77	33432.10
296.84	33454.27
296.90	33459.84
296.97	33458.62
297.03	33454.51
297.10	33461.55
297.17	33476.96
297.23	33506.86
297.30	33530.39
297.36	33533.30
297.43	33537.30
297.50	33529.17
297.56	33499.28
297.63	33464.00
297.69	33419.79
297.76	33347.23
297.82	33266.69
297.89	33181.27
297.96	33097.71
298.02	33040.19
298.09	32997.04
298.15	32977.76
298.22	32972.39
298.29	32973.66
298.35	32972.37
298.42	32990.97
298.48	33006.12
298.55	33027.35
298.61	33069.03
298.68	33109.70
298.75	33139.89
298.81	33169.46
298.88	33200.65
298.94	33218.21
299.01	33243.63
299.08	33264.45
299.14	33284.28
299.21	33292.24
299.27	33298.63
299.34	33290.69
299.40	33290.23
299.47	33275.39
299.54	33267.15
299.60	33252.37
299.67	33224.99
299.73	33177.75
299.80	33112.19
299.86	33014.70
299.93	32900.75
299.99	32803.13
300.06	32716.21
300.13	32656.69
300.19	32629.49
300.26	32635.20
300.32	32649.13
300.39	32673.24
300.45	32710.91
300.52	32757.25
300.59	32802.24
300.65	32843.49
300.72	32891.28
300.78	32923.96
300.85	32960.22
300.91	32969.55
300.98	32977.21
301.04	32974.44
301.11	32977.89
301.18	32967.21
301.24	32974.33
301.31	32968.99
301.37	32958.27
301.44	32943.43
301.50	32928.77
301.57	32900.27
301.63	32882.73
301.70	32846.27
301.77	32785.89
301.83	32710.44
301.90	32629.38
301.96	32535.43
302.03	32446.59
302.09	32375.41
302.16	32317.03
302.22	32281.35
302.29	32249.29
302.36	32241.06
302.42	32243.63
302.49	32256.71
302.55	32270.97
302.62	32295.65
302.68	32318.55
302.75	32339.23
302.81	32354.83
302.88	32368.11
302.94	32375.49
303.01	32384.00
303.07	32381.14
303.14	32384.60
303.21	32376.58
303.27	32361.41
303.34	32347.30
303.40	32339.75
303.47	32305.27
303.53	32272.39
303.60	32256.57
303.66	32224.29
303.73	32186.21
303.79	32152.35
303.86	32111.77
303.92	32051.73
303.99	31984.63
304.05	31889.37
304.12	31796.45
304.19	31713.12
304.25	31624.60
304.32	31556.94
304.38	31517.71
304.45	31496.24
304.51	31476.89
304.58	31486.19
304.64	31493.51
304.71	31511.51
304.77	31509.01
304.84	31504.32
304.90	31499.08
304.97	31484.07
305.03	31459.67
305.10	31449.40
305.16	31442.11
305.23	31426.46
305.29	31414.89
305.36	31393.23
305.42	31366.27
305.49	31338.17
305.56	31302.27
305.62	31263.20
305.69	31229.75
305.75	31192.70
305.82	31117.15
305.88	31011.32
305.95	30890.21
306.01	30757.35
306.08	30619.49
306.14	30515.75
306.21	30428.69
306.27	30356.98
306.34	30303.82
306.40	30260.15
306.47	30227.42
306.53	30232.30
306.60	30252.22
306.66	30276.31
306.73	30298.81
306.79	30302.59
306.86	30295.58
306.92	30272.44
306.99	30246.95
307.05	30219.61
307.12	30204.07
307.18	30166.95
307.25	30143.97
307.31	30108.78
307.38	30073.14
307.44	30033.81
307.51	30006.83
307.57	29960.52
307.64	29922.50
307.70	29882.25
307.77	29842.61
307.83	29794.19
307.90	29754.89
307.96	29715.73
308.03	29659.98
308.09	29606.77
308.16	29554.25
308.22	29492.11
308.29	29423.75
308.35	29357.68
308.42	29289.50
308.48	29209.75
308.55	29127.77
308.61	29057.95
308.68	29006.62
308.74	28945.59
308.81	28911.91
308.87	28887.04
308.94	28866.30
309.00	28845.97
309.07	28827.97
309.13	28801.63
309.20	28778.75
309.26	28739.56
309.33	28692.63
309.39	28647.59
309.45	28605.18
309.52	28548.96
309.58	28508.75
309.65	28458.31
309.71	28402.44
309.78	28347.50
309.84	28299.77
309.91	28238.88
309.97	28183.93
310.04	28142.23
310.10	28092.97
310.17	28042.93
310.23	27995.37
310.30	27952.13
310.36	27904.39
310.43	27847.71
310.49	27782.80
310.56	27717.43
310.62	27645.24
310.69	27572.04
310.75	27505.73
310.81	27465.96
310.88	27427.24
310.94	27396.02
311.01	27358.99
311.07	27328.91
311.14	27276.03
311.20	27226.40
311.27	27178.11
311.33	27143.58
311.40	27100.35
311.46	27065.55
311.53	27036.40
311.59	27006.89
311.66	26974.19
311.72	26933.29
311.78	26893.02
311.85	26849.86
311.91	26806.83
311.98	26761.83
312.04	26726.06
312.11	26692.01
312.17	26652.33
312.24	26615.29
312.30	26562.75
312.37	26504.71
312.43	26446.95
312.50	26392.90
312.56	26329.17
312.62	26274.00
312.69	26229.31
312.75	26165.65
312.82	26089.55
312.88	26031.64
312.95	25978.11
313.01	25910.27
313.08	25857.11
313.14	25815.08
313.20	25762.33
313.27	25712.07
313.33	25669.61
313.40	25633.93
313.46	25592.61
313.53	25551.67
313.59	25508.10
313.66	25469.97
313.72	25431.79
313.78	25391.70
313.85	25356.90
313.91	25320.79
313.98	25288.82
314.04	25244.47
314.11	25206.73
314.17	25158.70
314.24	25109.97
314.30	25064.03
314.36	25009.06
314.43	24962.31
314.49	24915.46
314.56	24869.92
314.62	24812.60
314.69	24773.60
314.75	24728.81
314.81	24677.49
314.88	24631.27
314.94	24590.35
315.01	24547.22
315.07	24493.27
315.14	24453.18
315.20	24411.92
315.27	24359.50
315.33	24319.09
315.39	24273.93
315.46	24229.59
315.52	24181.19
315.59	24143.34
315.65	24090.62
315.72	24050.77
315.78	24009.61
315.84	23969.99
315.91	23943.78
315.97	23923.95
316.04	23911.12
316.10	23899.64
316.16	23859.16
316.23	23787.21
316.29	23684.81
316.36	23544.49
316.42	23373.53
316.49	23196.27
316.55	22998.59
316.61	22812.49
316.68	22616.77
316.74	22415.83
316.81	22220.38
316.87	22020.36
316.93	21810.40
317.00	21604.79
317.06	21408.87
317.13	21198.62
317.19	20994.74
317.26	20788.59
317.32	20590.82
317.38	20382.49
317.45	20179.85
317.51	19991.76
317.58	19787.03
317.64	19582.39
317.70	19383.67
317.77	19197.79
317.83	18998.04
317.90	18808.46
317.96	18606.74
318.02	18416.89
318.09	18223.71
318.15	18024.68
318.22	17828.03
318.28	17642.77
318.34	17435.45
318.41	17225.61
318.47	17023.49
318.54	16834.04
318.60	16643.84
318.66	16458.07
318.73	16271.87
318.79	16094.73
318.86	15904.15
318.92	15717.25
318.98	15544.07
319.05	15363.76
319.11	15183.71
319.18	15007.17
319.24	14824.38
319.30	14632.03
319.37	14460.83
319.43	14286.09
319.50	14110.33
319.56	13944.47
319.62	13780.02
319.69	13604.47
319.75	13436.86
319.82	13272.91
319.88	13102.18
319.94	12933.27
320.01	12770.14
320.07	12596.67
320.13	12425.93
320.20	12251.90
320.26	12084.36
320.33	11914.13
320.39	11752.89
320.45	11588.73
320.52	11433.51
320.58	11270.13
320.65	11106.47
320.71	10935.26
320.77	10778.31
320.84	10612.31
320.90	10451.24
320.96	10286.96
321.03	10126.45
321.09	9954.15
321.16	9787.15
321.22	9617.09
321.28	9456.96
321.35	9297.41
321.41	9136.03
321.47	8983.58
321.54	8835.30
321.60	8676.27
321.67	8518.01
321.73	8364.43
321.79	8200.83
321.86	8043.27
321.92	7879.73
321.98	7711.76
322.05	7544.44
322.11	7373.03
322.18	7197.03
322.24	7031.89
322.30	6871.74
322.37	6716.33
322.43	6559.03
322.49	6406.34
322.56	6243.32
322.62	6088.80
322.68	5920.50
322.75	5763.47
322.81	5597.48
322.88	5441.45
322.94	5281.63
323.00	5127.13
323.07	4972.51
323.13	4821.98
323.19	4674.63
323.26	4525.92
323.32	4382.54
323.38	4237.18
323.45	4033.99
323.51	3450.47
323.57	2646.89
323.64	1808.73
323.70	1001.57
323.76	282.28
323.83	-27.77
323.89	-88.55
323.96	-88.15
