180.25	3497.10
180.33	-129.49
180.40	649.21
180.48	-39.29
180.56	0.03
180.63	31.73
180.71	69.19
180.78	69.73
180.86	71.19
180.93	75.49
181.01	77.79
181.08	76.26
181.16	75.17
181.23	76.29
181.31	75.89
181.39	96.81
181.46	104.72
181.54	114.72
181.61	129.85
181.69	138.29
181.76	132.27
181.84	127.44
181.91	129.61
181.99	131.20
182.06	132.85
182.14	138.27
182.22	144.90
182.29	155.99
182.37	161.24
182.44	173.39
182.52	174.21
182.59	191.61
182.67	199.49
182.74	206.14
182.82	210.01
182.89	218.49
182.97	218.11
183.04	226.61
183.12	236.06
183.20	257.55
183.27	273.24
183.35	306.15
183.42	335.11
183.50	379.71
183.57	411.07
183.65	460.58
183.72	507.64
183.80	566.03
183.87	616.13
183.95	666.82
184.02	718.89
184.10	754.94
184.17	773.72
184.25	775.03
184.32	765.69
184.40	735.49
184.47	683.73
184.55	640.51
184.62	634.88
184.70	662.14
184.78	715.92
184.85	830.15
184.93	965.85
185.00	1098.47
185.08	1231.28
185.15	1361.21
185.23	1492.62
185.30	1615.93
185.38	1731.83
185.45	1844.39
185.53	1967.85
185.60	2074.91
185.68	2197.29
185.75	2295.88
185.83	2370.59
185.90	2410.61
185.98	2389.24
186.05	2299.91
186.13	2179.47
186.20	2020.93
186.28	1882.52
186.35	1835.15
186.43	1881.55
186.50	2025.62
186.58	2256.25
186.65	2509.18
186.73	2758.42
186.80	2980.53
186.88	3182.51
186.95	3385.26
187.03	3585.78
187.10	3762.60
187.18	3970.80
187.25	4162.51
187.33	4350.28
187.40	4558.87
187.48	4754.17
187.55	4916.69
187.63	5055.81
187.70	5123.15
187.78	5112.89
187.85	5060.57
187.93	4893.48
188.00	4623.27
188.08	4315.50
188.15	4046.71
188.23	3876.17
188.30	3867.25
188.38	4028.53
188.45	4315.48
188.53	4634.55
188.60	4934.02
188.68	5203.62
188.75	5452.60
188.83	5716.12
188.90	5962.59
188.98	6202.47
189.05	6455.49
189.13	6689.55
189.20	6900.11
189.28	7118.33
189.35	7313.73
189.43	7493.25
189.50	7652.91
189.58	7732.99
189.65	7729.38
189.73	7668.21
189.80	7506.10
189.87	7265.57
189.95	6972.63
190.02	6610.33
190.10	6204.39
190.17	5890.87
190.25	5737.34
190.32	5771.73
190.40	5992.39
190.47	6372.91
190.55	6786.91
190.62	7182.45
190.70	7522.09
190.77	7830.75
190.85	8115.41
190.92	8351.13
191.00	8545.84
191.07	8720.32
191.15	8842.57
191.22	8935.55
191.29	9008.43
191.37	9050.05
191.44	9086.72
191.52	9160.14
191.59	9218.35
191.67	9269.19
191.74	9302.35
191.82	9291.82
191.89	9253.89
191.97	9229.69
192.04	9199.07
192.12	9134.49
192.19	9015.68
192.27	8826.36
192.34	8622.65
192.41	8499.15
192.49	8492.92
192.56	8623.21
192.64	8864.44
192.71	9139.41
192.79	9358.44
192.86	9513.62
192.94	9580.67
193.01	9612.65
193.09	9652.83
193.16	9759.25
193.23	9932.99
193.31	10168.05
193.38	10454.49
193.46	10724.33
193.53	10938.50
193.61	11109.21
193.68	11250.05
193.76	11330.19
193.83	11380.11
193.91	11415.04
193.98	11423.89
194.05	11413.36
194.13	11376.46
194.20	11305.05
194.28	11207.29
194.35	11095.27
194.43	10953.71
194.50	10773.42
194.58	10575.77
194.65	10418.89
194.72	10369.33
194.80	10457.67
194.87	10694.00
194.95	11051.86
195.02	11421.86
195.10	11737.01
195.17	12000.51
195.25	12213.53
195.32	12379.91
195.39	12528.37
195.47	12633.52
195.54	12692.79
195.62	12678.81
195.69	12564.78
195.77	12333.81
195.84	12028.32
195.91	11685.39
195.99	11437.81
196.06	11355.19
196.14	11448.56
196.21	11689.66
196.29	12036.91
196.36	12399.49
196.43	12707.92
196.51	12971.13
196.58	13182.32
196.66	13345.46
196.73	13465.83
196.81	13557.03
196.88	13611.03
196.95	13630.95
197.03	13575.33
197.10	13416.94
197.18	13175.15
197.25	12895.11
197.33	12619.02
197.40	12391.17
197.47	12244.37
197.55	12218.81
197.62	12288.21
197.70	12449.61
197.77	12704.86
197.84	13027.53
197.92	13358.27
197.99	13700.71
198.07	14012.87
198.14	14274.37
198.22	14487.83
198.29	14649.90
198.36	14763.84
198.44	14848.51
198.51	14863.81
198.59	14779.41
198.66	14593.25
198.73	14304.55
198.81	13932.87
198.88	13519.29
198.96	13149.21
199.03	12940.91
199.10	12942.39
199.18	13115.93
199.25	13458.39
199.33	13918.17
199.40	14364.87
199.48	14715.41
199.55	14996.80
199.62	15209.15
199.70	15404.37
199.77	15593.54
199.85	15784.50
199.92	15945.79
199.99	16055.47
200.07	16032.32
200.14	15864.17
200.22	15509.41
200.29	14984.26
200.36	14453.35
200.44	14050.17
200.51	13844.12
200.59	13875.73
200.66	14132.85
200.73	14483.05
200.81	14839.72
200.88	15169.81
200.95	15513.25
201.03	15839.65
201.10	16171.31
201.18	16469.63
201.25	16734.55
201.32	16924.91
201.40	17073.33
201.47	17162.31
201.55	17190.87
201.62	17095.62
201.69	16842.35
201.77	16507.45
201.84	16137.94
201.92	15727.03
201.99	15330.40
202.06	15080.03
202.14	15009.09
202.21	15106.87
202.28	15383.70
202.36	15833.90
202.43	16352.40
202.51	16818.60
202.58	17195.77
202.65	17501.92
202.73	17762.85
202.80	18010.31
202.87	18259.19
202.95	18497.09
203.02	18686.65
203.10	18776.54
203.17	18758.91
203.24	18567.91
203.32	18129.92
203.39	17461.73
203.46	16752.69
203.54	16167.01
203.61	15847.28
203.69	15859.96
203.76	16215.29
203.83	16741.85
203.91	17270.91
203.98	17754.38
204.05	18192.73
204.13	18596.79
204.20	18972.35
204.28	19312.22
204.35	19583.54
204.42	19790.37
204.50	19945.09
204.57	20047.38
204.64	20075.79
204.72	20023.77
204.79	19820.85
204.86	19430.50
204.94	18941.95
205.01	18445.26
205.09	17948.85
205.16	17568.09
205.23	17409.53
205.31	17474.08
205.38	17716.44
205.45	18147.43
205.53	18706.01
205.60	19303.88
205.67	19844.47
205.75	20292.05
205.82	20638.73
205.89	20923.14
205.97	21158.90
206.04	21375.55
206.12	21590.81
206.19	21792.75
206.26	21928.42
206.34	21978.12
206.41	21857.71
206.48	21511.68
206.56	20883.73
206.63	20077.13
206.70	19260.40
206.78	18657.21
206.85	18403.97
206.92	18572.53
207.00	19077.79
207.07	19736.13
207.14	20404.86
207.22	20990.25
207.29	21495.87
207.36	21931.65
207.44	22330.89
207.51	22675.89
207.58	22997.65
207.66	23272.26
207.73	23519.57
207.80	23706.03
207.88	23802.46
207.95	23779.43
208.02	23636.09
208.10	23257.73
208.17	22635.47
208.25	21919.49
208.32	21266.97
208.39	20755.07
208.47	20525.55
208.54	20621.67
208.61	20936.09
208.69	21342.43
208.76	21788.42
208.83	22266.25
208.90	22755.26
208.98	23241.82
209.05	23693.29
209.12	24111.10
209.20	24470.00
209.27	24774.91
209.34	25045.87
209.42	25288.71
209.49	25481.35
209.56	25596.85
209.64	25637.54
209.71	25528.17
209.78	25204.86
209.86	24684.98
209.93	24085.05
210.00	23424.26
210.08	22820.84
210.15	22457.10
210.22	22412.98
210.30	22614.23
210.37	23024.99
210.44	23575.18
210.52	24166.13
210.59	24690.89
210.66	25125.67
210.74	25515.37
210.81	25847.42
210.88	26154.29
210.96	26450.99
211.03	26743.63
211.10	27017.95
211.17	27272.60
211.25	27437.59
211.32	27492.67
211.39	27424.91
211.47	27163.55
211.54	26644.79
211.61	25929.66
211.69	25239.17
211.76	24732.09
211.83	24502.02
211.91	24636.91
211.98	25061.73
212.05	25595.61
212.12	26062.13
212.20	26464.76
212.27	26791.35
212.34	27066.00
212.42	27301.85
212.49	27546.34
212.56	27775.47
212.64	28027.15
212.71	28309.85
212.78	28579.15
212.85	28823.51
212.93	28997.83
213.00	29088.88
213.07	29073.31
213.15	28890.16
213.22	28536.99
213.29	28130.83
213.37	27701.86
213.44	27318.07
213.51	27112.89
213.58	27119.60
213.66	27288.23
213.73	27570.77
213.80	27931.81
213.88	28298.61
213.95	28598.37
214.02	28822.69
214.09	29013.64
214.17	29197.90
214.24	29408.75
214.31	29671.68
214.39	29967.69
214.46	30260.62
214.53	30503.41
214.60	30686.08
214.68	30821.95
214.75	30901.84
214.82	30894.55
214.90	30785.07
214.97	30525.85
215.04	30073.11
215.11	29562.79
215.19	29150.09
215.26	28946.77
215.33	28987.02
215.41	29309.56
215.48	29761.97
215.55	30207.12
215.62	30558.32
215.70	30845.40
215.77	31085.20
215.84	31325.02
215.91	31549.86
215.99	31778.31
216.06	31996.59
216.13	32179.31
216.21	32301.71
216.28	32410.71
216.35	32506.99
216.42	32580.51
216.50	32627.01
216.57	32638.73
216.64	32551.41
216.71	32312.04
216.79	31970.21
216.86	31623.31
216.93	31358.31
217.01	31241.37
217.08	31322.57
217.15	31567.53
217.22	31884.59
217.30	32214.85
217.37	32539.01
217.44	32830.33
217.51	33089.60
217.59	33325.01
217.66	33518.97
217.73	33678.94
217.80	33821.99
217.88	33941.09
217.95	34049.33
218.02	34147.63
218.09	34236.48
218.17	34347.45
218.24	34451.42
218.31	34531.93
218.38	34567.30
218.46	34523.85
218.53	34323.92
218.60	34025.06
218.67	33700.90
218.75	33434.90
218.82	33300.33
218.89	33365.28
218.96	33595.18
219.04	33911.21
219.11	34240.29
219.18	34537.25
219.25	34779.78
219.33	34989.26
219.40	35182.42
219.47	35367.56
219.54	35524.95
219.62	35684.85
219.69	35825.59
219.76	35966.27
219.83	36096.85
219.91	36235.13
219.98	36364.74
220.05	36462.47
220.12	36506.84
220.20	36507.85
220.27	36435.04
220.34	36260.81
220.41	36015.99
220.49	35772.35
220.56	35591.84
220.63	35526.01
220.70	35596.49
220.78	35812.37
220.85	36057.93
220.92	36277.91
220.99	36459.56
221.06	36614.99
221.14	36739.28
221.21	36871.03
221.28	37032.79
221.35	37203.14
221.43	37361.43
221.50	37511.54
221.57	37648.10
221.64	37764.67
221.72	37877.28
221.79	37979.25
221.86	38062.47
221.93	38131.79
222.00	38170.42
222.08	38171.05
222.15	38112.40
222.22	38022.59
222.29	37940.87
222.37	37886.86
222.44	37860.75
222.51	37905.56
222.58	37983.87
222.65	38077.71
222.73	38168.89
222.80	38273.12
222.87	38394.71
222.94	38515.13
223.02	38636.29
223.09	38754.89
223.16	38876.21
223.23	38984.73
223.30	39125.92
223.38	39273.82
223.45	39421.38
223.52	39555.59
223.59	39676.86
223.66	39754.77
223.74	39796.17
223.81	39810.61
223.88	39813.23
223.95	39808.60
224.03	39803.35
224.10	39797.82
224.17	39804.80
224.24	39816.82
224.31	39842.53
224.39	39895.20
224.46	39975.36
224.53	40062.85
224.60	40151.13
224.67	40243.52
224.75	40337.31
224.82	40446.07
224.89	40575.33
224.96	40712.87
225.03	40845.27
225.11	40967.70
225.18	41072.76
225.25	41165.06
225.32	41246.33
225.39	41317.51
225.47	41380.27
225.54	41418.21
225.61	41437.64
225.68	41424.20
225.75	41416.99
225.83	41425.61
225.90	41467.78
225.97	41532.74
226.04	41632.47
226.11	41732.95
226.19	41844.77
226.26	41948.57
226.33	42046.45
226.40	42142.84
226.47	42250.49
226.54	42344.94
226.62	42442.52
226.69	42534.88
226.76	42630.05
226.83	42719.19
226.90	42806.26
226.98	42861.73
227.05	42915.76
227.12	42971.89
227.19	43013.81
227.26	43060.07
227.34	43129.55
227.41	43189.12
227.48	43241.15
227.55	43280.37
227.62	43307.82
227.69	43338.43
227.77	43387.43
227.84	43460.59
227.91	43542.65
227.98	43634.21
228.05	43706.32
228.12	43779.93
228.20	43847.38
228.27	43934.21
228.34	44024.10
228.41	44133.89
228.48	44239.12
228.56	44330.56
228.63	44420.99
228.70	44492.69
228.77	44563.87
228.84	44635.09
228.91	44720.34
228.99	44803.41
229.06	44919.34
229.13	45024.57
229.20	45127.51
229.27	45209.15
229.34	45288.29
229.42	45338.42
229.49	45387.43
229.56	45437.17
229.63	45491.35
229.70	45542.52
229.77	45582.43
229.85	45637.19
229.92	45681.69
229.99	45735.82
230.06	45788.97
230.13	45868.94
230.20	45950.05
230.27	46050.98
230.35	46158.44
230.42	46272.19
230.49	46384.24
230.56	46484.53
230.63	46578.53
230.70	46649.52
230.78	46719.82
230.85	46775.99
230.92	46835.73
230.99	46894.61
231.06	46978.73
231.13	47078.03
231.20	47187.59
231.28	47290.66
231.35	47395.55
231.42	47482.95
231.49	47557.43
231.56	47631.13
231.63	47708.69
231.71	47771.53
231.78	47831.95
231.85	47888.94
231.92	47940.88
231.99	47994.67
232.06	48067.66
232.13	48151.92
232.21	48240.31
232.28	48328.55
232.35	48407.41
232.42	48479.86
232.49	48559.97
232.56	48651.63
232.63	48735.29
232.71	48839.89
232.78	48928.57
232.85	49018.78
232.92	49091.79
232.99	49182.11
233.06	49253.73
233.13	49321.69
233.20	49364.70
233.28	49410.01
233.35	49437.37
233.42	49474.17
233.49	49543.41
233.56	49632.89
233.63	49714.25
233.70	49810.16
233.78	49915.69
233.85	50009.54
233.92	50079.84
233.99	50160.65
234.06	50239.08
234.13	50324.33
234.20	50405.54
234.27	50482.25
234.35	50544.28
234.42	50605.51
234.49	50649.77
234.56	50685.87
234.63	50729.74
234.70	50776.55
234.77	50814.07
234.84	50845.35
234.92	50901.63
234.99	50970.34
235.06	51044.18
235.13	51116.48
235.20	51208.10
235.27	51271.39
235.34	51345.69
235.41	51414.28
235.48	51497.85
235.56	51563.25
235.63	51637.56
235.70	51680.91
235.77	51730.67
235.84	51758.14
235.91	51775.75
235.98	51797.43
236.05	51836.35
236.12	51871.26
236.20	51899.49
236.27	51946.85
236.34	51994.52
236.41	52033.70
236.48	52070.48
236.55	52120.46
236.62	52169.91
236.69	52216.56
236.76	52281.53
236.84	52340.53
236.91	52401.27
236.98	52464.84
237.05	52519.71
237.12	52549.03
237.19	52590.05
237.26	52634.08
237.33	52663.94
237.40	52692.59
237.47	52731.03
237.55	52773.81
237.62	52827.98
237.69	52897.18
237.76	52967.51
237.83	53043.10
237.90	53111.30
237.97	53160.38
238.04	53205.83
238.11	53255.73
238.18	53293.77
238.26	53333.83
238.33	53368.20
238.40	53385.99
238.47	53406.02
238.54	53424.66
238.61	53430.26
238.68	53445.31
238.75	53468.18
238.82	53495.22
238.89	53532.05
238.96	53579.61
239.04	53622.89
239.11	53676.10
239.18	53711.89
239.25	53731.27
239.32	53750.38
239.39	53770.16
239.46	53766.28
239.53	53757.03
239.60	53749.72
239.67	53749.59
239.74	53755.80
239.81	53760.99
239.89	53795.52
239.96	53831.54
240.03	53870.89
240.10	53897.27
240.17	53931.41
240.24	53952.21
240.31	53981.09
240.38	54004.59
240.45	54053.79
240.52	54115.13
240.59	54175.27
240.66	54230.53
240.73	54267.67
240.80	54291.47
240.88	54304.70
240.95	54314.88
241.02	54328.39
241.09	54342.97
241.16	54354.97
241.23	54367.95
241.30	54357.39
241.37	54323.25
241.44	54313.57
241.51	54312.86
241.58	54319.45
241.65	54350.32
241.72	54399.01
241.79	54426.08
241.86	54440.57
241.94	54436.21
242.01	54419.81
242.08	54405.29
242.15	54408.68
242.22	54408.86
242.29	54409.55
242.36	54418.78
242.43	54418.14
242.50	54393.96
242.57	54370.75
242.64	54375.17
242.71	54371.24
242.78	54374.23
242.85	54389.30
242.92	54404.78
242.99	54409.26
243.06	54415.39
243.14	54426.65
243.21	54435.89
243.28	54445.91
243.35	54456.92
243.42	54487.55
243.49	54515.56
243.56	54538.91
243.63	54560.61
243.70	54572.29
243.77	54555.84
243.84	54533.23
243.91	54513.66
243.98	54489.34
244.05	54457.27
244.12	54433.77
244.19	54414.19
244.26	54397.33
244.33	54384.36
244.40	54371.59
244.47	54365.21
244.54	54346.82
244.62	54305.63
244.69	54263.49
244.76	54245.87
244.83	54236.35
244.90	54246.09
244.97	54271.71
245.04	54296.41
245.11	54306.95
245.18	54295.93
245.25	54292.17
245.32	54304.58
245.39	54321.85
245.46	54319.68
245.53	54318.77
245.60	54300.13
245.67	54278.65
245.74	54255.99
245.81	54254.51
245.88	54243.32
245.95	54246.23
246.02	54222.11
246.09	54187.95
246.16	54140.91
246.23	54107.86
246.30	54073.25
246.37	54068.31
246.44	54087.65
246.51	54106.11
246.58	54137.23
246.65	54157.56
246.72	54166.26
246.79	54153.93
246.87	54144.20
246.94	54124.85
247.01	54102.11
247.08	54063.89
247.15	54015.89
247.22	53954.07
247.29	53895.45
247.36	53853.68
247.43	53822.73
247.50	53805.05
247.57	53807.12
247.64	53821.28
247.71	53836.48
247.78	53855.89
247.85	53882.24
247.92	53913.87
247.99	53913.45
248.06	53893.57
248.13	53870.77
248.20	53839.71
248.27	53800.27
248.34	53773.51
248.41	53762.17
248.48	53752.57
248.55	53744.59
248.62	53738.98
248.69	53746.43
248.76	53733.79
248.83	53718.51
248.90	53687.70
248.97	53660.57
249.04	53611.14
249.11	53573.26
249.18	53528.10
249.25	53492.10
249.32	53442.73
249.39	53398.44
249.46	53348.30
249.53	53314.25
249.60	53273.73
249.67	53245.65
249.74	53228.84
249.81	53230.77
249.88	53232.76
249.95	53262.95
250.02	53303.88
250.09	53327.77
250.16	53337.71
250.23	53333.26
250.30	53319.55
250.37	53296.29
250.44	53290.13
250.51	53274.51
250.58	53274.97
250.65	53265.13
250.72	53222.12
250.79	53173.63
250.86	53142.36
250.93	53102.73
251.00	53056.60
251.07	53044.41
251.14	53028.93
251.21	53010.98
251.28	52980.63
251.35	52954.40
251.42	52924.41
251.49	52898.98
251.56	52875.23
251.63	52857.80
251.70	52853.70
251.77	52838.19
251.84	52816.63
251.91	52771.05
251.98	52717.88
252.05	52663.57
252.12	52613.91
252.18	52573.53
252.25	52558.41
252.32	52555.77
252.39	52549.25
252.46	52536.69
252.53	52517.01
252.60	52496.11
252.67	52469.05
252.74	52449.81
252.81	52415.46
252.88	52394.70
252.95	52361.57
253.02	52329.71
253.09	52296.01
253.16	52284.21
253.23	52269.85
253.30	52263.03
253.37	52253.71
253.44	52229.66
253.51	52203.15
253.58	52162.34
253.65	52132.86
253.72	52128.87
253.79	52127.37
253.86	52120.05
253.93	52126.75
254.00	52105.01
254.07	52062.69
254.14	52023.32
254.21	51989.93
254.28	51949.49
254.35	51927.95
254.41	51910.89
254.48	51881.87
254.55	51868.38
254.62	51849.21
254.69	51807.17
254.76	51771.21
254.83	51729.89
254.90	51690.27
254.97	51659.29
255.04	51657.39
255.11	51630.19
255.18	51611.17
255.25	51565.93
255.32	51524.64
255.39	51477.19
255.46	51445.96
255.53	51420.89
255.60	51415.05
255.67	51405.43
255.74	51397.48
255.81	51391.05
255.87	51394.79
255.94	51372.02
256.01	51352.18
256.08	51327.83
256.15	51294.39
256.22	51251.56
256.29	51237.35
256.36	51200.35
256.43	51170.31
256.50	51156.54
256.57	51152.43
256.64	51128.15
256.71	51119.90
256.78	51113.76
256.85	51080.24
256.92	51040.87
256.99	51023.44
257.05	51002.96
257.12	50972.60
257.19	50942.59
257.26	50896.57
257.33	50835.58
257.40	50783.09
257.47	50717.83
257.54	50681.99
257.61	50659.69
257.68	50649.67
257.75	50630.30
257.82	50632.67
257.89	50620.37
257.96	50616.53
258.03	50583.65
258.09	50543.59
258.16	50482.60
258.23	50406.95
258.30	50336.43
258.37	50279.43
258.44	50245.35
258.51	50212.20
258.58	50209.75
258.65	50207.78
258.72	50205.73
258.79	50182.18
258.86	50163.68
258.93	50134.01
258.99	50088.47
259.06	50035.76
259.13	49987.73
259.20	49946.69
259.27	49900.10
259.34	49873.22
259.41	49865.67
259.48	49873.55
259.55	49863.33
259.62	49864.07
259.69	49827.43
259.76	49769.52
259.82	49704.55
259.89	49671.31
259.96	49626.59
260.03	49592.01
260.10	49559.45
260.17	49511.51
260.24	49453.03
260.31	49391.71
260.38	49355.05
260.45	49344.25
260.52	49343.31
260.59	49316.26
260.65	49301.27
260.72	49283.12
260.79	49263.43
260.86	49225.75
260.93	49198.10
261.00	49152.39
261.07	49093.43
261.14	49008.27
261.21	48940.31
261.28	48886.34
261.34	48823.76
261.41	48768.73
261.48	48724.75
261.55	48687.38
261.62	48647.35
261.69	48616.97
261.76	48588.79
261.83	48563.19
261.90	48530.79
261.97	48494.09
262.03	48479.97
262.10	48445.17
262.17	48405.92
262.24	48385.32
262.31	48368.05
262.38	48330.29
262.45	48314.07
262.52	48293.72
262.59	48251.57
262.65	48209.01
262.72	48173.76
262.79	48126.53
262.86	48082.67
262.93	48037.23
263.00	48002.95
263.07	47962.21
263.14	47919.28
263.21	47891.27
263.27	47870.55
263.34	47849.81
263.41	47810.97
263.48	47769.19
263.55	47715.90
263.62	47643.09
263.69	47564.05
263.76	47506.61
263.82	47460.04
263.89	47427.88
263.96	47412.09
264.03	47388.19
264.10	47371.73
264.17	47321.81
264.24	47259.33
264.31	47194.15
264.38	47137.40
264.44	47061.33
264.51	47017.35
264.58	46972.85
264.65	46939.71
264.72	46890.25
264.79	46853.69
264.86	46820.91
264.92	46786.93
264.99	46753.11
265.06	46728.10
265.13	46700.81
265.20	46679.35
265.27	46652.79
265.34	46620.91
265.41	46587.01
265.47	46556.59
265.54	46514.31
265.61	46484.25
265.68	46458.10
265.75	46419.93
265.82	46368.55
265.89	46310.77
265.95	46251.49
266.02	46181.66
266.09	46129.53
266.16	46095.67
266.23	46065.43
266.30	46027.66
266.37	45984.73
266.44	45918.93
266.50	45858.25
266.57	45798.04
266.64	45741.99
266.71	45684.37
266.78	45632.59
266.85	45561.72
266.91	45507.78
266.98	45444.03
267.05	45394.68
267.12	45362.64
267.19	45348.90
267.26	45325.34
267.33	45318.63
267.39	45303.35
267.46	45284.08
267.53	45246.75
267.60	45211.04
267.67	45161.43
267.74	45117.32
267.81	45080.21
267.87	45046.59
267.94	45011.03
268.01	44986.03
268.08	44944.61
268.15	44892.32
268.22	44840.71
268.28	44779.65
268.35	44708.83
268.42	44647.67
268.49	44596.19
268.56	44549.95
268.63	44498.39
268.69	44464.41
268.76	44433.37
268.83	44398.63
268.90	44375.57
268.97	44365.35
269.04	44359.85
269.11	44342.59
269.17	44324.15
269.24	44284.23
269.31	44248.13
269.38	44193.13
269.45	44150.81
269.52	44111.61
269.58	44094.40
269.65	44064.11
269.72	44026.34
269.79	43989.19
269.86	43952.36
269.92	43905.21
269.99	43853.69
270.06	43804.77
270.13	43757.65
270.20	43710.97
270.27	43674.80
270.33	43651.64
270.40	43619.09
270.47	43600.11
270.54	43573.25
270.61	43541.69
270.68	43511.59
270.74	43505.21
270.81	43490.47
270.88	43473.01
270.95	43442.82
271.02	43399.38
271.08	43349.27
271.15	43282.89
271.22	43234.15
271.29	43183.36
271.36	43118.79
271.43	43072.45
271.49	43050.13
271.56	43015.84
271.63	42991.55
271.70	42990.64
271.77	42985.95
271.83	42957.85
271.90	42922.71
271.97	42879.87
272.04	42836.96
272.11	42787.53
272.17	42756.95
272.24	42736.75
272.31	42713.61
272.38	42696.20
272.45	42665.89
272.52	42633.04
272.58	42603.56
272.65	42594.79
272.72	42577.21
272.79	42557.72
272.86	42531.45
272.92	42504.33
272.99	42457.46
273.06	42409.72
273.13	42363.79
273.20	42320.26
273.26	42269.30
273.33	42228.57
273.40	42193.07
273.47	42165.19
273.54	42143.59
273.60	42124.45
273.67	42107.54
273.74	42094.14
273.81	42081.08
273.88	42079.43
273.94	42085.93
274.01	42090.49
274.08	42096.69
274.15	42087.64
274.21	42059.61
274.28	42007.69
274.35	41948.00
274.42	41872.36
274.49	41799.97
274.55	41744.13
274.62	41712.51
274.69	41685.87
274.76	41655.35
274.83	41641.86
274.89	41612.59
274.96	41576.29
275.03	41535.51
275.10	41507.47
275.17	41471.12
275.23	41430.15
275.30	41393.39
275.37	41374.37
275.44	41350.58
275.50	41326.70
275.57	41300.49
275.64	41268.60
275.71	41223.85
275.78	41181.45
275.84	41147.13
275.91	41123.59
275.98	41099.97
276.05	41068.64
276.11	41052.69
276.18	41025.64
276.25	40984.78
276.32	40942.78
276.39	40902.07
276.45	40837.36
276.52	40772.59
276.59	40718.37
276.66	40683.97
276.72	40656.80
276.79	40652.98
276.86	40649.99
276.93	40638.52
276.99	40597.75
277.06	40565.91
277.13	40526.84
277.20	40494.24
277.26	40463.79
277.33	40453.26
277.40	40440.04
277.47	40411.89
277.54	40382.16
277.60	40353.65
277.67	40305.13
277.74	40239.77
277.81	40176.79
277.87	40115.26
277.94	40064.11
278.01	40031.51
278.08	39996.75
278.14	39976.43
278.21	39962.59
278.28	39951.53
278.35	39946.55
278.41	39953.63
278.48	39960.51
278.55	39957.30
278.62	39943.84
278.68	39911.89
278.75	39861.27
278.82	39795.67
278.89	39722.07
278.95	39661.60
279.02	39601.59
279.09	39576.85
279.16	39569.41
279.22	39568.39
279.29	39558.97
279.36	39560.97
279.43	39538.66
279.49	39487.38
279.56	39416.99
279.63	39331.87
279.70	39238.31
279.76	39155.59
279.83	39102.69
279.90	39080.55
279.97	39069.00
280.03	39059.17
280.10	39043.57
280.17	39019.32
280.24	38997.71
280.30	38978.77
280.37	38956.09
280.44	38933.38
280.51	38911.79
280.57	38880.19
280.64	38841.60
280.71	38800.55
280.77	38756.59
280.84	38685.73
280.91	38608.72
280.98	38524.23
281.04	38442.45
281.11	38357.32
281.18	38284.97
281.25	38213.75
281.31	38141.75
281.38	38062.34
281.45	37992.91
281.52	37936.82
281.58	37884.21
281.65	37830.26
281.72	37798.01
281.78	37763.05
281.85	37743.78
281.92	37714.87
281.99	37704.29
282.05	37682.71
282.12	37665.12
282.19	37642.60
282.26	37633.37
282.32	37620.40
282.39	37617.75
282.46	37606.09
282.52	37586.33
282.59	37562.45
282.66	37545.10
282.73	37513.28
282.79	37486.85
282.86	37446.99
282.93	37390.38
282.99	37322.31
283.06	37252.73
283.13	37161.01
283.20	37059.63
283.26	36967.75
283.33	36885.87
283.40	36808.01
283.46	36763.26
283.53	36739.11
283.60	36733.14
283.67	36722.22
283.73	36730.05
283.80	36729.74
283.87	36729.68
283.93	36734.37
284.00	36731.05
284.07	36709.45
284.13	36682.31
284.20	36657.73
284.27	36614.73
284.34	36582.95
284.40	36561.81
284.47	36548.97
284.54	36533.49
284.60	36517.88
284.67	36495.62
284.74	36472.55
284.81	36441.71
284.87	36398.16
284.94	36347.36
285.01	36287.67
285.07	36208.62
285.14	36131.20
285.21	36074.52
285.27	36026.14
285.34	36005.19
285.41	36000.33
285.47	36008.72
285.54	36006.41
285.61	36006.28
285.68	36000.37
285.74	35997.05
285.81	35975.24
285.88	35958.24
285.94	35959.87
286.01	35956.14
286.08	35946.80
286.14	35951.31
286.21	35950.77
286.28	35941.98
286.34	35913.33
286.41	35873.01
286.48	35813.10
286.55	35745.89
286.61	35672.24
286.68	35607.15
286.75	35549.80
286.81	35497.11
286.88	35459.83
286.95	35416.01
287.01	35396.91
287.08	35387.14
287.15	35389.85
287.21	35388.03
287.28	35386.31
287.35	35368.65
287.41	35361.24
287.48	35350.13
287.55	35344.38
287.61	35341.98
287.68	35335.31
287.75	35307.32
287.81	35290.81
287.88	35266.28
287.95	35254.03
288.01	35235.38
288.08	35230.05
288.15	35198.17
288.21	35175.97
288.28	35143.47
288.35	35116.43
288.41	35091.11
288.48	35072.71
288.55	35025.75
288.61	34966.99
288.68	34913.75
288.75	34845.41
288.81	34786.81
288.88	34751.91
288.95	34734.89
289.01	34739.56
289.08	34757.00
289.15	34775.75
289.21	34803.78
289.28	34821.91
289.35	34832.41
289.41	34829.72
289.48	34831.77
289.55	34826.62
289.61	34813.97
289.68	34792.79
289.75	34781.87
289.81	34753.86
289.88	34724.48
289.95	34693.29
290.01	34649.79
290.08	34605.38
290.15	34565.34
290.21	34531.81
290.28	34506.66
290.35	34482.57
290.41	34458.21
290.48	34445.91
290.55	34403.07
290.61	34353.28
290.68	34313.74
290.74	34289.23
290.81	34271.57
290.88	34273.67
290.94	34301.85
291.01	34322.51
291.08	34340.45
291.14	34356.53
291.21	34374.83
291.28	34380.67
291.34	34399.65
291.41	34402.11
291.48	34397.07
291.54	34389.30
291.61	34380.15
291.68	34353.99
291.74	34319.56
291.81	34277.84
291.87	34255.77
291.94	34210.85
292.01	34169.09
292.07	34131.65
292.14	34088.48
292.21	34020.95
292.27	33982.41
292.34	33942.32
292.41	33916.13
292.47	33893.65
292.54	33892.03
292.60	33883.93
292.67	33902.69
292.74	33914.86
292.80	33945.51
292.87	33958.99
292.94	33989.32
293.00	34012.57
293.07	34030.93
293.13	34046.01
293.20	34073.65
293.27	34089.54
293.33	34079.03
293.40	34082.11
293.47	34068.71
293.53	34042.12
293.60	34001.09
293.66	33949.76
293.73	33883.68
293.80	33807.13
293.86	33741.44
293.93	33686.20
294.00	33645.59
294.06	33617.59
294.13	33606.11
294.19	33593.65
294.26	33575.99
294.33	33573.15
294.39	33563.35
294.46	33554.37
294.52	33542.80
294.59	33545.95
294.66	33560.59
294.72	33575.85
294.79	33600.06
294.86	33631.29
294.92	33661.25
294.99	33692.85
295.05	33728.83
295.12	33753.93
295.19	33771.83
295.25	33783.67
295.32	33779.14
295.38	33775.57
295.45	33774.05
295.52	33758.61
295.58	33725.93
295.65	33696.03
295.71	33642.43
295.78	33565.57
295.85	33495.69
295.91	33434.94
295.98	33358.07
296.04	33281.74
296.11	33241.00
296.18	33212.55
296.24	33206.37
296.31	33206.63
296.37	33233.96
296.44	33274.19
296.51	33314.90
296.57	33342.71
296.64	33391.39
296.70	33445.53
296.77	33467.62
296.84	33488.63
296.90	33509.95
296.97	33518.32
297.03	33517.87
297.10	33532.85
297.17	33545.48
297.23	33566.19
297.30	33578.80
297.36	33579.55
297.43	33572.61
297.50	33563.79
297.56	33538.55
297.63	33506.49
297.69	33462.88
297.76	33392.35
297.82	33299.97
297.89	33208.23
297.96	33127.05
298.02	33062.11
298.09	33018.39
298.15	32998.04
298.22	32999.58
298.29	32987.47
298.35	32988.12
298.42	33010.36
298.48	33034.58
298.55	33048.35
298.61	33092.97
298.68	33141.40
298.75	33173.81
298.81	33208.33
298.88	33241.51
298.94	33272.19
299.01	33289.37
299.08	33308.36
299.14	33332.59
299.21	33337.27
299.27	33344.56
299.34	33335.42
299.40	33337.18
299.47	33318.65
299.54	33312.54
299.60	33292.41
299.67	33272.23
299.73	33220.17
299.80	33150.55
299.86	33050.05
299.93	32932.98
299.99	32828.81
300.06	32748.12
300.13	32690.42
300.19	32666.63
300.26	32663.24
300.32	32686.25
300.39	32703.56
300.45	32741.81
300.52	32787.84
300.59	32845.19
300.65	32887.41
300.72	32933.49
300.78	32971.00
300.85	33004.90
300.91	33008.61
300.98	33011.50
301.04	33019.53
301.11	33018.92
301.18	33016.52
301.24	33027.43
301.31	33022.72
301.37	33011.17
301.44	32999.65
301.50	32980.93
301.57	32949.83
301.63	32930.07
301.70	32886.31
301.77	32826.74
301.83	32754.95
301.90	32673.10
301.96	32571.63
302.03	32476.80
302.09	32403.23
302.16	32341.34
302.22	32306.41
302.29	32282.92
302.36	32279.46
302.42	32274.60
302.49	32287.80
302.55	32307.15
302.62	32331.66
302.68	32357.23
302.75	32389.08
302.81	32397.41
302.88	32403.41
302.94	32405.13
303.01	32412.25
303.07	32405.07
303.14	32411.25
303.21	32406.96
303.27	32409.83
303.34	32400.66
303.40	32386.93
303.47	32361.23
303.53	32330.81
303.60	32303.03
303.66	32265.99
303.73	32233.17
303.79	32198.45
303.86	32156.39
303.92	32100.61
303.99	32028.81
304.05	31933.19
304.12	31831.67
304.19	31745.36
304.25	31658.83
304.32	31601.75
304.38	31570.96
304.45	31550.88
304.51	31531.30
304.58	31535.13
304.64	31535.14
304.71	31547.50
304.77	31547.38
304.84	31546.81
304.90	31541.77
304.97	31530.19
305.03	31502.26
305.10	31490.39
305.16	31485.83
305.23	31471.28
305.29	31455.24
305.36	31432.26
305.42	31414.33
305.49	31383.44
305.56	31345.73
305.62	31309.53
305.69	31285.91
305.75	31239.22
305.82	31164.81
305.88	31063.23
305.95	30942.97
306.01	30798.20
306.08	30658.37
306.14	30547.31
306.21	30456.47
306.27	30385.39
306.34	30333.25
306.40	30293.57
306.47	30262.83
306.53	30275.45
306.60	30292.75
306.66	30313.49
306.73	30334.49
306.79	30346.29
306.86	30325.59
306.92	30297.14
306.99	30278.60
307.05	30250.75
307.12	30230.29
307.18	30208.45
307.25	30190.07
307.31	30152.97
307.38	30123.25
307.44	30086.17
307.51	30050.18
307.57	30008.46
307.64	29976.96
307.70	29937.79
307.77	29897.56
307.83	29851.75
307.90	29809.64
307.96	29758.59
308.03	29698.63
308.09	29639.55
308.16	29579.65
308.22	29518.05
308.29	29449.35
308.35	29393.67
308.42	29337.22
308.48	29260.73
308.55	29180.63
308.61	29114.17
308.68	29053.33
308.74	28987.53
308.81	28953.61
308.87	28929.97
308.94	28912.71
309.00	28890.47
309.07	28873.87
309.13	28848.42
309.20	28822.88
309.26	28781.79
309.33	28733.95
309.39	28686.06
309.45	28641.30
309.52	28587.70
309.58	28546.18
309.65	28499.32
309.71	28448.42
309.78	28399.83
309.84	28350.63
309.91	28295.22
309.97	28238.15
310.04	28195.03
310.10	28151.90
310.17	28106.97
310.23	28051.91
310.30	28013.04
310.36	27963.95
310.43	27896.09
310.49	27826.91
310.56	27768.15
310.62	27693.65
310.69	27617.31
310.75	27557.79
310.81	27507.31
310.88	27459.49
310.94	27424.53
311.01	27387.27
311.07	27351.59
311.14	27318.64
311.20	27270.46
311.27	27225.75
311.33	27193.72
311.40	27148.77
311.46	27107.22
311.53	27079.51
311.59	27049.27
311.66	27014.78
311.72	26975.91
311.78	26936.17
311.85	26893.41
311.91	26859.67
311.98	26815.06
312.04	26774.85
312.11	26733.34
312.17	26699.69
312.24	26649.33
312.30	26593.17
312.37	26542.24
312.43	26488.49
312.50	26432.57
312.56	26373.59
312.62	26313.24
312.69	26256.11
312.75	26190.13
312.82	26112.67
312.88	26048.60
312.95	25999.55
313.01	25937.50
313.08	25886.85
313.14	25853.57
313.20	25810.37
313.27	25753.89
313.33	25712.34
313.40	25670.36
313.46	25616.45
313.53	25567.67
313.59	25532.39
313.66	25502.78
313.72	25468.43
313.78	25428.99
313.85	25390.03
313.91	25354.85
313.98	25311.07
314.04	25265.48
314.11	25229.79
314.17	25195.11
314.24	25145.91
314.30	25101.97
314.36	25053.95
314.43	25013.06
314.49	24966.40
314.56	24919.13
314.62	24861.85
314.69	24814.46
314.75	24760.59
314.81	24704.35
314.88	24656.45
314.94	24616.55
315.01	24573.45
315.07	24520.30
315.14	24475.77
315.20	24436.31
315.27	24388.61
315.33	24353.24
315.39	24313.39
315.46	24273.98
315.52	24226.25
315.59	24187.36
315.65	24136.61
315.72	24099.05
315.78	24055.94
315.84	24020.85
315.91	23989.21
315.97	23959.11
316.04	23944.88
316.10	23920.47
316.16	23880.80
316.23	23817.49
316.29	23726.13
316.36	23584.69
316.42	23423.83
316.49	23248.71
316.55	23058.37
316.61	22861.35
316.68	22660.25
316.74	22463.32
316.81	22251.17
316.87	22044.38
316.93	21836.19
317.00	21639.43
317.06	21438.29
317.13	21239.15
317.19	21032.94
317.26	20825.92
317.32	20618.21
317.38	20419.13
317.45	20217.04
317.51	20024.18
317.58	19835.64
317.64	19636.47
317.70	19435.69
317.77	19243.15
317.83	19042.15
317.90	18842.69
317.96	18641.15
318.02	18437.79
318.09	18249.07
318.15	18058.70
318.22	17864.04
318.28	17678.18
318.34	17481.03
318.41	17270.80
318.47	17064.97
318.54	16868.04
318.60	16668.34
318.66	16481.43
318.73	16295.36
318.79	16108.37
318.86	15924.02
318.92	15741.63
318.98	15567.25
319.05	15390.91
319.11	15219.17
319.18	15037.12
319.24	14861.53
319.30	14664.19
319.37	14489.49
319.43	14315.99
319.50	14142.21
319.56	13969.85
319.62	13810.49
319.69	13631.88
319.75	13460.82
319.82	13296.92
319.88	13123.71
319.94	12952.48
320.01	12794.72
320.07	12621.43
320.13	12452.61
320.20	12289.45
320.26	12122.52
320.33	11952.71
320.39	11784.98
320.45	11617.59
320.52	11448.93
320.58	11288.73
320.65	11124.51
320.71	10958.98
320.77	10802.15
320.84	10638.83
320.90	10479.87
320.96	10316.17
321.03	10150.09
321.09	9978.15
321.16	9812.83
321.22	9634.37
321.28	9468.82
321.35	9319.89
321.41	9161.59
321.47	9009.53
321.54	8860.82
321.60	8697.43
321.67	8533.01
321.73	8378.01
321.79	8211.59
321.86	8055.20
321.92	7904.08
321.98	7738.03
322.05	7566.44
322.11	7396.26
322.18	7220.45
322.24	7045.01
322.30	6881.33
322.37	6723.39
322.43	6564.00
322.49	6412.89
322.56	6253.35
322.62	6095.56
322.68	5932.20
322.75	5777.11
322.81	5608.57
322.88	5449.08
322.94	5292.04
323.00	5132.53
323.07	4976.85
323.13	4828.34
323.19	4683.27
323.26	4535.75
323.32	4394.97
323.38	4251.26
323.45	4049.29
323.51	3463.15
323.57	2657.09
323.64	1815.83
323.70	1006.17
323.76	282.98
323.83	-28.01
323.89	-89.79
323.96	-89.69
