180.25	3497.53
180.33	-131.45
180.40	649.38
180.48	-38.61
180.56	1.51
180.63	33.61
180.71	71.26
180.78	71.21
180.86	72.87
180.93	77.07
181.01	79.23
181.08	78.21
181.16	77.13
181.23	77.97
181.31	77.61
181.39	98.99
181.46	107.24
181.54	116.72
181.61	131.39
181.69	139.52
181.76	133.34
181.84	128.09
181.91	130.72
181.99	132.91
182.06	134.99
182.14	140.39
182.22	146.04
182.29	157.10
182.37	162.12
182.44	174.01
182.52	174.31
182.59	192.41
182.67	200.70
182.74	206.75
182.82	210.41
182.89	219.10
182.97	219.10
183.04	227.38
183.12	237.45
183.20	259.48
183.27	274.65
183.35	306.57
183.42	335.31
183.50	379.33
183.57	409.87
183.65	459.85
183.72	508.84
183.80	567.45
183.87	618.53
183.95	670.67
184.02	723.98
184.10	759.27
184.17	780.16
184.25	778.83
184.32	766.56
184.40	735.06
184.47	682.47
184.55	636.58
184.62	633.88
184.70	662.43
184.78	717.07
184.85	830.59
184.93	965.97
185.00	1096.35
185.08	1228.88
185.15	1361.14
185.23	1494.32
185.30	1618.82
185.38	1733.25
185.45	1847.07
185.53	1967.94
185.60	2073.35
185.68	2198.26
185.75	2297.99
185.83	2372.05
185.90	2414.35
185.98	2392.47
186.05	2300.19
186.13	2178.92
186.20	2019.46
186.28	1879.37
186.35	1831.83
186.43	1879.95
186.50	2024.07
186.58	2256.27
186.65	2508.06
186.73	2760.79
186.80	2983.87
186.88	3187.69
186.95	3390.28
187.03	3588.21
187.10	3764.79
187.18	3973.02
187.25	4164.79
187.33	4354.03
187.40	4564.54
187.48	4750.71
187.55	4910.49
187.63	5046.90
187.70	5106.26
187.78	5094.11
187.85	5050.61
187.93	4883.59
188.00	4615.76
188.08	4314.55
188.15	4044.80
188.23	3874.45
188.30	3865.51
188.38	4027.06
188.45	4318.95
188.53	4644.81
188.60	4945.09
188.68	5218.99
188.75	5471.01
188.83	5727.67
188.90	5971.34
188.98	6206.49
189.05	6456.61
189.13	6687.91
189.20	6897.03
189.28	7113.76
189.35	7309.31
189.43	7483.17
189.50	7640.18
189.58	7725.17
189.65	7724.56
189.73	7666.40
189.80	7510.98
189.87	7271.12
189.95	6972.91
190.02	6603.27
190.10	6199.02
190.17	5880.68
190.25	5731.70
190.32	5771.43
190.40	6001.29
190.47	6374.49
190.55	6793.93
190.62	7187.93
190.70	7525.96
190.77	7831.51
190.85	8121.33
190.92	8354.62
191.00	8544.96
191.07	8718.40
191.15	8837.45
191.22	8926.21
191.29	8996.91
191.37	9043.23
191.44	9084.59
191.52	9159.42
191.59	9224.51
191.67	9280.82
191.74	9311.69
191.82	9295.93
191.89	9258.19
191.97	9227.49
192.04	9190.58
192.12	9128.01
192.19	9009.65
192.27	8818.41
192.34	8617.41
192.41	8497.86
192.49	8490.76
192.56	8623.00
192.64	8867.19
192.71	9142.15
192.79	9359.59
192.86	9513.57
192.94	9571.37
193.01	9600.33
193.09	9642.66
193.16	9753.29
193.23	9931.57
193.31	10172.09
193.38	10461.96
193.46	10721.69
193.53	10933.93
193.61	11103.00
193.68	11245.82
193.76	11327.89
193.83	11384.48
193.91	11418.69
193.98	11429.47
194.05	11420.91
194.13	11379.12
194.20	11313.37
194.28	11207.90
194.35	11087.55
194.43	10947.11
194.50	10777.08
194.58	10577.39
194.65	10427.69
194.72	10379.17
194.80	10471.43
194.87	10703.39
194.95	11058.43
195.02	11434.10
195.10	11755.93
195.17	12018.25
195.25	12228.74
195.32	12399.07
195.39	12534.78
195.47	12644.35
195.54	12706.35
195.62	12689.25
195.69	12574.74
195.77	12343.75
195.84	12023.14
195.91	11676.26
195.99	11434.10
196.06	11350.60
196.14	11446.23
196.21	11691.46
196.29	12033.69
196.36	12391.27
196.43	12696.08
196.51	12963.95
196.58	13184.25
196.66	13348.87
196.73	13462.35
196.81	13555.32
196.88	13605.32
196.95	13616.43
197.03	13561.18
197.10	13408.41
197.18	13161.74
197.25	12885.09
197.33	12621.10
197.40	12397.55
197.47	12256.75
197.55	12237.59
197.62	12310.80
197.70	12465.30
197.77	12718.53
197.84	13034.98
197.92	13360.98
197.99	13694.97
198.07	14007.73
198.14	14261.81
198.22	14479.65
198.29	14645.03
198.36	14766.81
198.44	14845.50
198.51	14867.41
198.59	14781.49
198.66	14599.23
198.73	14305.75
198.81	13936.45
198.88	13518.21
198.96	13147.69
199.03	12938.85
199.10	12947.91
199.18	13119.96
199.25	13462.72
199.33	13917.59
199.40	14357.34
199.48	14701.35
199.55	14979.99
199.62	15191.54
199.70	15390.97
199.77	15584.43
199.85	15780.03
199.92	15944.57
199.99	16061.63
200.07	16040.27
200.14	15874.73
200.22	15510.54
200.29	14981.25
200.36	14443.44
200.44	14040.16
200.51	13833.49
200.59	13876.53
200.66	14139.41
200.73	14494.63
200.81	14854.40
200.88	15186.67
200.95	15519.85
201.03	15850.13
201.10	16170.42
201.18	16467.01
201.25	16720.85
201.32	16912.37
201.40	17058.07
201.47	17159.61
201.55	17184.83
201.62	17096.94
201.69	16847.74
201.77	16512.03
201.84	16137.77
201.92	15735.00
201.99	15334.80
202.06	15080.99
202.14	15013.66
202.21	15109.57
202.28	15389.34
202.36	15838.33
202.43	16356.67
202.51	16820.76
202.58	17199.85
202.65	17492.01
202.73	17761.21
202.80	18004.63
202.87	18247.39
202.95	18484.23
203.02	18678.16
203.10	18767.89
203.17	18756.35
203.24	18564.11
203.32	18124.08
203.39	17450.20
203.46	16738.67
203.54	16158.12
203.61	15847.60
203.69	15870.87
203.76	16230.33
203.83	16751.29
203.91	17270.17
203.98	17755.53
204.05	18191.85
204.13	18601.68
204.20	18983.73
204.28	19333.65
204.35	19601.27
204.42	19802.54
204.50	19946.31
204.57	20033.21
204.64	20060.08
204.72	20007.67
204.79	19799.51
204.86	19411.76
204.94	18932.57
205.01	18435.67
205.09	17941.78
205.16	17557.32
205.23	17393.53
205.31	17459.04
205.38	17691.97
205.45	18111.59
205.53	18678.93
205.60	19284.31
205.67	19828.07
205.75	20285.61
205.82	20645.09
205.89	20922.81
205.97	21162.93
206.04	21377.38
206.12	21591.98
206.19	21802.11
206.26	21952.58
206.34	21994.20
206.41	21873.90
206.48	21523.58
206.56	20884.45
206.63	20073.63
206.70	19260.69
206.78	18661.69
206.85	18399.16
206.92	18565.01
207.00	19064.87
207.07	19732.31
207.14	20391.89
207.22	20994.72
207.29	21498.64
207.36	21938.58
207.44	22331.29
207.51	22678.69
207.58	22993.27
207.66	23267.97
207.73	23506.85
207.80	23690.79
207.88	23788.98
207.95	23768.66
208.02	23621.03
208.10	23252.36
208.17	22634.19
208.25	21909.15
208.32	21250.81
208.39	20746.44
208.47	20515.56
208.54	20600.07
208.61	20923.76
208.69	21324.40
208.76	21766.92
208.83	22242.31
208.90	22744.41
208.98	23224.38
209.05	23685.50
209.12	24104.71
209.20	24464.35
209.27	24768.03
209.34	25045.88
209.42	25295.71
209.49	25490.29
209.56	25606.58
209.64	25641.05
209.71	25521.31
209.78	25187.47
209.86	24663.67
209.93	24067.09
210.00	23403.19
210.08	22812.89
210.15	22452.86
210.22	22412.44
210.30	22606.94
210.37	23028.52
210.44	23579.97
210.52	24168.41
210.59	24690.89
210.66	25132.66
210.74	25517.75
210.81	25848.48
210.88	26162.01
210.96	26461.31
211.03	26748.09
211.10	27024.24
211.17	27278.65
211.25	27444.45
211.32	27496.39
211.39	27427.61
211.47	27159.89
211.54	26637.81
211.61	25919.65
211.69	25236.64
211.76	24729.70
211.83	24498.71
211.91	24637.21
211.98	25056.28
212.05	25576.53
212.12	26046.03
212.20	26451.09
212.27	26772.87
212.34	27049.58
212.42	27297.39
212.49	27536.86
212.56	27772.84
212.64	28024.56
212.71	28302.33
212.78	28564.60
212.85	28806.54
212.93	28975.41
213.00	29066.31
213.07	29054.68
213.15	28879.21
213.22	28529.49
213.29	28120.95
213.37	27700.48
213.44	27318.27
213.51	27105.19
213.58	27117.50
213.66	27282.49
213.73	27557.01
213.80	27915.61
213.88	28284.84
213.95	28576.81
214.02	28802.50
214.09	28999.53
214.17	29183.09
214.24	29389.76
214.31	29654.71
214.39	29957.65
214.46	30244.70
214.53	30493.16
214.60	30679.16
214.68	30820.79
214.75	30897.63
214.82	30893.00
214.90	30777.81
214.97	30514.20
215.04	30051.83
215.11	29547.22
215.19	29136.11
215.26	28937.59
215.33	28984.29
215.41	29311.46
215.48	29765.55
215.55	30210.47
215.62	30557.53
215.70	30845.16
215.77	31085.33
215.84	31315.27
215.91	31530.55
215.99	31758.63
216.06	31971.24
216.13	32148.44
216.21	32269.71
216.28	32381.32
216.35	32473.37
216.42	32551.16
216.50	32597.80
216.57	32608.62
216.64	32519.02
216.71	32283.53
216.79	31946.51
216.86	31618.67
216.93	31365.96
217.01	31260.71
217.08	31350.13
217.15	31588.50
217.22	31895.04
217.30	32215.99
217.37	32529.01
217.44	32815.12
217.51	33074.55
217.59	33304.40
217.66	33499.33
217.73	33666.13
217.80	33804.37
217.88	33914.83
217.95	34026.95
218.02	34120.52
218.09	34204.77
218.17	34310.21
218.24	34422.89
218.31	34506.38
218.38	34549.09
218.46	34512.43
218.53	34317.85
218.60	34011.95
218.67	33674.23
218.75	33406.66
218.82	33269.71
218.89	33334.93
218.96	33577.30
219.04	33903.11
219.11	34239.57
219.18	34531.03
219.25	34785.15
219.33	34991.01
219.40	35184.41
219.47	35353.86
219.54	35524.01
219.62	35675.97
219.69	35816.69
219.76	35964.31
219.83	36093.87
219.91	36220.07
219.98	36339.96
220.05	36432.47
220.12	36465.20
220.20	36472.84
220.27	36404.82
220.34	36232.70
220.41	35993.81
220.49	35752.83
220.56	35572.17
220.63	35501.71
220.70	35584.13
220.78	35786.70
220.85	36028.94
220.92	36242.98
220.99	36423.79
221.06	36575.91
221.14	36710.71
221.21	36848.59
221.28	37008.91
221.35	37173.75
221.43	37322.63
221.50	37470.71
221.57	37605.67
221.64	37734.89
221.72	37856.65
221.79	37971.08
221.86	38056.82
221.93	38121.66
222.00	38158.43
222.08	38164.59
222.15	38107.51
222.22	38022.00
222.29	37941.18
222.37	37885.93
222.44	37856.37
222.51	37888.79
222.58	37967.38
222.65	38064.76
222.73	38156.63
222.80	38252.64
222.87	38375.55
222.94	38497.41
223.02	38623.51
223.09	38745.82
223.16	38879.97
223.23	38997.18
223.30	39138.34
223.38	39280.64
223.45	39419.85
223.52	39548.04
223.59	39665.03
223.66	39733.17
223.74	39773.11
223.81	39789.60
223.88	39798.39
223.95	39803.02
224.03	39799.99
224.10	39790.54
224.17	39803.33
224.24	39801.16
224.31	39824.60
224.39	39880.63
224.46	39968.07
224.53	40051.50
224.60	40153.59
224.67	40241.54
224.75	40337.19
224.82	40445.31
224.89	40575.59
224.96	40710.75
225.03	40845.01
225.11	40969.78
225.18	41080.45
225.25	41173.03
225.32	41245.15
225.39	41316.75
225.47	41377.54
225.54	41413.50
225.61	41428.58
225.68	41422.74
225.75	41416.12
225.83	41430.19
225.90	41472.81
225.97	41539.33
226.04	41639.07
226.11	41748.17
226.19	41845.69
226.26	41938.55
226.33	42034.88
226.40	42129.27
226.47	42223.29
226.54	42330.92
226.62	42435.00
226.69	42536.43
226.76	42641.92
226.83	42736.90
226.90	42806.12
226.98	42864.95
227.05	42916.73
227.12	42968.58
227.19	43002.32
227.26	43051.41
227.34	43110.86
227.41	43178.17
227.48	43225.66
227.55	43267.52
227.62	43298.19
227.69	43335.05
227.77	43372.65
227.84	43433.81
227.91	43518.79
227.98	43616.13
228.05	43693.89
228.12	43763.82
228.20	43836.24
228.27	43908.87
228.34	43987.41
228.41	44096.01
228.48	44204.05
228.56	44308.61
228.63	44410.29
228.70	44495.30
228.77	44554.15
228.84	44626.07
228.91	44701.27
228.99	44790.55
229.06	44901.85
229.13	45018.71
229.20	45121.65
229.27	45210.45
229.34	45281.38
229.42	45328.55
229.49	45375.34
229.56	45422.35
229.63	45466.27
229.70	45506.61
229.77	45550.01
229.85	45599.09
229.92	45651.69
229.99	45712.85
230.06	45784.40
230.13	45868.54
230.20	45958.95
230.27	46050.41
230.35	46151.19
230.42	46259.35
230.49	46369.01
230.56	46474.83
230.63	46578.39
230.70	46653.01
230.78	46722.69
230.85	46772.51
230.92	46825.99
230.99	46884.37
231.06	46974.49
231.13	47082.51
231.20	47198.25
231.28	47300.25
231.35	47401.36
231.42	47478.68
231.49	47543.81
231.56	47616.74
231.63	47692.73
231.71	47761.50
231.78	47835.87
231.85	47886.91
231.92	47936.90
231.99	47992.29
232.06	48061.43
232.13	48147.38
232.21	48249.74
232.28	48342.10
232.35	48420.55
232.42	48493.14
232.49	48564.00
232.56	48648.83
232.63	48740.46
232.71	48839.91
232.78	48928.09
232.85	49009.65
232.92	49080.44
232.99	49149.15
233.06	49225.15
233.13	49284.78
233.20	49334.97
233.28	49379.03
233.35	49422.38
233.42	49464.09
233.49	49537.04
233.56	49613.67
233.63	49699.57
233.70	49782.71
233.78	49877.79
233.85	49978.51
233.92	50069.95
233.99	50152.73
234.06	50238.21
234.13	50315.95
234.20	50375.90
234.27	50446.23
234.35	50508.37
234.42	50575.19
234.49	50629.45
234.56	50674.26
234.63	50718.77
234.70	50759.15
234.77	50788.10
234.84	50823.35
234.92	50884.07
234.99	50944.03
235.06	51019.58
235.13	51100.42
235.20	51189.98
235.27	51267.62
235.34	51353.03
235.41	51432.43
235.48	51518.47
235.56	51588.72
235.63	51650.94
235.70	51694.92
235.77	51730.64
235.84	51749.31
235.91	51767.71
235.98	51799.44
236.05	51841.67
236.12	51882.98
236.20	51919.45
236.27	51970.01
236.34	52013.65
236.41	52045.80
236.48	52083.09
236.55	52125.57
236.62	52162.94
236.69	52204.56
236.76	52265.23
236.84	52334.48
236.91	52397.46
236.98	52460.07
237.05	52519.97
237.12	52557.33
237.19	52586.19
237.26	52630.19
237.33	52664.55
237.40	52694.87
237.47	52733.03
237.55	52774.95
237.62	52830.40
237.69	52899.09
237.76	52967.42
237.83	53035.09
237.90	53096.73
237.97	53147.55
238.04	53192.77
238.11	53231.71
238.18	53275.69
238.26	53315.92
238.33	53340.01
238.40	53360.42
238.47	53389.51
238.54	53415.64
238.61	53425.21
238.68	53442.21
238.75	53452.44
238.82	53480.09
238.89	53511.97
238.96	53573.37
239.04	53625.81
239.11	53690.91
239.18	53727.56
239.25	53748.96
239.32	53754.11
239.39	53766.01
239.46	53764.57
239.53	53749.92
239.60	53742.09
239.67	53750.71
239.74	53765.15
239.81	53784.37
239.89	53825.43
239.96	53853.47
240.03	53886.59
240.10	53910.89
240.17	53929.71
240.24	53947.64
240.31	53983.65
240.38	54009.37
240.45	54060.43
240.52	54116.07
240.59	54175.51
240.66	54219.51
240.73	54263.58
240.80	54285.23
240.88	54300.51
240.95	54311.05
241.02	54332.67
241.09	54342.39
241.16	54355.14
241.23	54367.47
241.30	54353.08
241.37	54321.72
241.44	54301.35
241.51	54293.49
241.58	54306.29
241.65	54340.17
241.72	54391.32
241.79	54425.86
241.86	54435.15
241.94	54438.93
242.01	54430.94
242.08	54413.95
242.15	54417.91
242.22	54432.78
242.29	54429.27
242.36	54433.90
242.43	54429.83
242.50	54414.23
242.57	54397.97
242.64	54393.12
242.71	54384.23
242.78	54390.17
242.85	54389.67
242.92	54395.95
242.99	54407.53
243.06	54413.31
243.14	54419.31
243.21	54438.33
243.28	54439.63
243.35	54442.34
243.42	54475.49
243.49	54508.23
243.56	54529.41
243.63	54559.28
243.70	54572.41
243.77	54558.48
243.84	54540.43
243.91	54520.79
243.98	54496.52
244.05	54464.93
244.12	54443.70
244.19	54421.63
244.26	54394.76
244.33	54373.69
244.40	54359.22
244.47	54346.67
244.54	54327.16
244.62	54301.13
244.69	54275.42
244.76	54259.29
244.83	54248.36
244.90	54254.91
244.97	54261.17
245.04	54277.91
245.11	54279.03
245.18	54272.58
245.25	54266.59
245.32	54284.70
245.39	54292.79
245.46	54307.31
245.53	54305.13
245.60	54293.47
245.67	54286.19
245.74	54274.91
245.81	54255.27
245.88	54246.21
245.95	54234.67
246.02	54207.65
246.09	54171.19
246.16	54138.82
246.23	54104.71
246.30	54077.47
246.37	54064.89
246.44	54076.87
246.51	54096.37
246.58	54123.46
246.65	54150.77
246.72	54164.90
246.79	54159.85
246.87	54152.97
246.94	54143.40
247.01	54119.19
247.08	54083.21
247.15	54027.98
247.22	53963.71
247.29	53890.73
247.36	53838.31
247.43	53795.16
247.50	53779.55
247.57	53793.44
247.64	53824.29
247.71	53847.49
247.78	53870.03
247.85	53897.47
247.92	53904.52
247.99	53892.39
248.06	53873.29
248.13	53854.66
248.20	53827.11
248.27	53793.71
248.34	53784.67
248.41	53769.29
248.48	53770.33
248.55	53761.03
248.62	53762.30
248.69	53762.32
248.76	53754.96
248.83	53733.99
248.90	53704.37
248.97	53664.81
249.04	53605.33
249.11	53573.19
249.18	53536.77
249.25	53501.85
249.32	53460.77
249.39	53421.87
249.46	53365.99
249.53	53314.70
249.60	53274.51
249.67	53245.27
249.74	53232.75
249.81	53235.42
249.88	53240.76
249.95	53261.74
250.02	53289.85
250.09	53308.83
250.16	53314.99
250.23	53313.02
250.30	53304.59
250.37	53288.37
250.44	53278.28
250.51	53279.91
250.58	53286.49
250.65	53282.86
250.72	53258.24
250.79	53220.29
250.86	53179.44
250.93	53128.33
251.00	53074.82
251.07	53052.74
251.14	53029.01
251.21	53005.02
251.28	52982.84
251.35	52967.01
251.42	52941.59
251.49	52917.55
251.56	52889.05
251.63	52872.16
251.70	52864.40
251.77	52844.91
251.84	52824.15
251.91	52793.31
251.98	52743.68
252.05	52686.44
252.12	52638.41
252.18	52594.11
252.25	52561.44
252.32	52561.29
252.39	52554.66
252.46	52541.89
252.53	52526.64
252.60	52507.45
252.67	52484.09
252.74	52463.62
252.81	52439.89
252.88	52415.84
252.95	52394.85
253.02	52361.18
253.09	52326.86
253.16	52305.14
253.23	52287.78
253.30	52277.12
253.37	52252.19
253.44	52236.55
253.51	52204.54
253.58	52172.44
253.65	52148.77
253.72	52149.87
253.79	52126.61
253.86	52118.46
253.93	52115.49
254.00	52097.26
254.07	52061.10
254.14	52033.47
254.21	51997.37
254.28	51960.07
254.35	51924.67
254.41	51901.80
254.48	51875.99
254.55	51872.36
254.62	51854.79
254.69	51817.67
254.76	51783.15
254.83	51745.25
254.90	51705.49
254.97	51683.44
255.04	51681.61
255.11	51660.50
255.18	51636.89
255.25	51586.61
255.32	51532.68
255.39	51472.35
255.46	51433.43
255.53	51414.21
255.60	51402.66
255.67	51394.67
255.74	51398.49
255.81	51389.81
255.87	51388.18
255.94	51371.43
256.01	51351.31
256.08	51325.74
256.15	51305.72
256.22	51267.39
256.29	51252.15
256.36	51220.52
256.43	51191.83
256.50	51171.47
256.57	51152.80
256.64	51124.76
256.71	51101.10
256.78	51070.85
256.85	51037.52
256.92	51021.53
256.99	51015.34
257.05	51015.03
257.12	51003.58
257.19	50965.45
257.26	50900.71
257.33	50835.76
257.40	50768.25
257.47	50710.74
257.54	50690.61
257.61	50676.99
257.68	50661.13
257.75	50653.98
257.82	50657.95
257.89	50638.00
257.96	50620.11
258.03	50588.46
258.09	50540.01
258.16	50465.00
258.23	50386.67
258.30	50333.03
258.37	50291.34
258.44	50254.63
258.51	50236.38
258.58	50238.54
258.65	50224.49
258.72	50208.29
258.79	50180.49
258.86	50147.46
258.93	50111.79
258.99	50076.88
259.06	50037.19
259.13	50011.87
259.20	49976.16
259.27	49938.64
259.34	49905.35
259.41	49883.44
259.48	49876.25
259.55	49878.08
259.62	49870.27
259.69	49830.63
259.76	49783.41
259.82	49725.14
259.89	49682.59
259.96	49646.47
260.03	49612.63
260.10	49587.51
260.17	49542.53
260.24	49486.67
260.31	49428.95
260.38	49403.09
260.45	49381.02
260.52	49361.46
260.59	49338.48
260.65	49306.41
260.72	49276.51
260.79	49235.81
260.86	49211.04
260.93	49182.31
261.00	49144.77
261.07	49093.21
261.14	49029.44
261.21	48966.46
261.28	48898.69
261.34	48842.50
261.41	48783.39
261.48	48744.88
261.55	48704.77
261.62	48679.18
261.69	48649.16
261.76	48622.31
261.83	48589.25
261.90	48559.29
261.97	48518.29
262.03	48490.09
262.10	48458.19
262.17	48419.00
262.24	48395.61
262.31	48377.75
262.38	48347.21
262.45	48322.44
262.52	48297.57
262.59	48253.15
262.65	48207.22
262.72	48162.93
262.79	48132.71
262.86	48099.61
262.93	48063.19
263.00	48022.80
263.07	47986.39
263.14	47939.57
263.21	47911.54
263.27	47891.65
263.34	47880.29
263.41	47854.31
263.48	47810.40
263.55	47747.00
263.62	47661.45
263.69	47582.67
263.76	47520.25
263.82	47470.35
263.89	47446.65
263.96	47435.39
264.03	47413.48
264.10	47389.67
264.17	47343.66
264.24	47274.47
264.31	47218.63
264.38	47164.25
264.44	47099.74
264.51	47052.57
264.58	47015.23
264.65	46970.08
264.72	46913.26
264.79	46868.20
264.86	46834.26
264.92	46796.02
264.99	46772.19
265.06	46752.79
265.13	46723.35
265.20	46700.65
265.27	46670.29
265.34	46622.35
265.41	46591.17
265.47	46563.06
265.54	46515.29
265.61	46490.47
265.68	46476.27
265.75	46433.11
265.82	46389.16
265.89	46342.45
265.95	46282.05
266.02	46200.57
266.09	46150.69
266.16	46099.11
266.23	46066.01
266.30	46020.51
266.37	45990.39
266.44	45933.19
266.50	45880.78
266.57	45819.71
266.64	45766.61
266.71	45705.36
266.78	45651.12
266.85	45589.13
266.91	45535.57
266.98	45478.83
267.05	45429.13
267.12	45390.32
267.19	45369.16
267.26	45344.30
267.33	45332.17
267.39	45315.27
267.46	45296.23
267.53	45264.63
267.60	45222.71
267.67	45178.61
267.74	45143.43
267.81	45104.41
267.87	45066.05
267.94	45043.65
268.01	45007.36
268.08	44960.33
268.15	44907.90
268.22	44855.80
268.28	44792.57
268.35	44731.07
268.42	44673.19
268.49	44624.32
268.56	44570.58
268.63	44525.06
268.69	44493.79
268.76	44451.50
268.83	44424.43
268.90	44414.69
268.97	44404.15
269.04	44391.36
269.11	44382.26
269.17	44355.13
269.24	44313.01
269.31	44274.21
269.38	44224.81
269.45	44181.63
269.52	44141.20
269.58	44117.43
269.65	44075.09
269.72	44038.13
269.79	44008.93
269.86	43976.63
269.92	43931.42
269.99	43902.51
270.06	43851.93
270.13	43799.28
270.20	43742.51
270.27	43698.34
270.33	43656.55
270.40	43625.89
270.47	43594.24
270.54	43583.40
270.61	43558.76
270.68	43538.05
270.74	43520.43
270.81	43508.93
270.88	43475.95
270.95	43451.11
271.02	43404.81
271.08	43361.52
271.15	43300.09
271.22	43250.45
271.29	43199.95
271.36	43142.88
271.43	43101.03
271.49	43080.74
271.56	43049.37
271.63	43029.40
271.70	43018.95
271.77	43006.69
271.83	42971.99
271.90	42940.93
271.97	42895.61
272.04	42848.69
272.11	42813.02
272.17	42797.72
272.24	42774.48
272.31	42749.45
272.38	42729.29
272.45	42704.03
272.52	42660.55
272.58	42638.58
272.65	42630.97
272.72	42609.26
272.79	42579.50
272.86	42549.79
272.92	42508.62
272.99	42456.07
273.06	42422.33
273.13	42368.15
273.20	42324.34
273.26	42280.21
273.33	42237.63
273.40	42199.22
273.47	42176.67
273.54	42158.97
273.60	42144.81
273.67	42122.07
273.74	42109.33
273.81	42095.69
273.88	42093.89
273.94	42099.53
274.01	42112.41
274.08	42118.13
274.15	42111.05
274.21	42086.69
274.28	42040.55
274.35	41981.47
274.42	41905.55
274.49	41831.86
274.55	41779.93
274.62	41739.09
274.69	41703.84
274.76	41671.48
274.83	41662.43
274.89	41628.65
274.96	41595.12
275.03	41563.85
275.10	41530.80
275.17	41484.21
275.23	41444.13
275.30	41405.41
275.37	41380.72
275.44	41367.34
275.50	41345.92
275.57	41318.60
275.64	41285.05
275.71	41240.39
275.78	41196.67
275.84	41168.12
275.91	41144.44
275.98	41125.85
276.05	41102.93
276.11	41076.41
276.18	41042.66
276.25	40989.26
276.32	40937.23
276.39	40884.01
276.45	40828.18
276.52	40773.89
276.59	40739.29
276.66	40706.23
276.72	40690.38
276.79	40679.28
276.86	40666.71
276.93	40652.36
276.99	40627.49
277.06	40591.88
277.13	40556.24
277.20	40520.51
277.26	40489.47
277.33	40476.21
277.40	40464.77
277.47	40441.94
277.54	40423.20
277.60	40386.41
277.67	40336.82
277.74	40265.36
277.81	40197.38
277.87	40131.06
277.94	40086.94
278.01	40044.95
278.08	40020.69
278.14	40008.89
278.21	39993.41
278.28	39981.15
278.35	39980.39
278.41	39984.41
278.48	39975.83
278.55	39967.59
278.62	39944.59
278.68	39903.65
278.75	39848.33
278.82	39791.91
278.89	39730.79
278.95	39671.84
279.02	39618.17
279.09	39588.80
279.16	39576.97
279.22	39573.89
279.29	39565.17
279.36	39565.95
279.43	39545.52
279.49	39489.37
279.56	39406.89
279.63	39320.71
279.70	39230.93
279.76	39152.35
279.83	39115.37
279.90	39097.90
279.97	39097.93
280.03	39092.77
280.10	39079.88
280.17	39052.58
280.24	39027.64
280.30	39003.83
280.37	38974.45
280.44	38952.73
280.51	38933.13
280.57	38909.98
280.64	38866.84
280.71	38821.39
280.77	38770.72
280.84	38696.13
280.91	38608.56
280.98	38522.49
281.04	38452.95
281.11	38376.53
281.18	38307.31
281.25	38242.83
281.31	38180.45
281.38	38102.32
281.45	38031.23
281.52	37962.47
281.58	37899.66
281.65	37843.69
281.72	37801.13
281.78	37769.31
281.85	37744.33
281.92	37724.39
281.99	37712.06
282.05	37696.09
282.12	37675.71
282.19	37654.16
282.26	37651.97
282.32	37637.96
282.39	37642.05
282.46	37621.70
282.52	37607.37
282.59	37583.51
282.66	37574.57
282.73	37540.15
282.79	37525.42
282.86	37494.25
282.93	37433.29
282.99	37353.75
283.06	37273.73
283.13	37173.68
283.20	37070.75
283.26	36985.88
283.33	36906.17
283.40	36829.82
283.46	36793.14
283.53	36769.43
283.60	36754.69
283.67	36746.81
283.73	36752.57
283.80	36736.13
283.87	36729.75
283.93	36736.99
284.00	36736.29
284.07	36722.88
284.13	36707.99
284.20	36688.77
284.27	36647.85
284.34	36608.17
284.40	36579.47
284.47	36560.85
284.54	36543.87
284.60	36525.15
284.67	36497.47
284.74	36469.47
284.81	36431.69
284.87	36390.82
284.94	36335.99
285.01	36283.96
285.07	36214.81
285.14	36146.15
285.21	36091.67
285.27	36056.05
285.34	36041.58
285.41	36036.33
285.47	36032.86
285.54	36026.97
285.61	36017.32
285.68	36005.59
285.74	35997.63
285.81	35993.31
285.88	35977.85
285.94	35977.29
286.01	35971.44
286.08	35970.41
286.14	35972.34
286.21	35968.05
286.28	35964.72
286.34	35936.51
286.41	35887.04
286.48	35829.58
286.55	35768.85
286.61	35684.69
286.68	35617.46
286.75	35559.47
286.81	35499.41
286.88	35461.55
286.95	35420.29
287.01	35399.01
287.08	35387.77
287.15	35392.21
287.21	35388.92
287.28	35400.07
287.35	35394.43
287.41	35384.75
287.48	35368.47
287.55	35348.09
287.61	35337.47
287.68	35325.30
287.75	35312.61
287.81	35292.78
287.88	35280.99
287.95	35268.91
288.01	35250.32
288.08	35234.69
288.15	35210.95
288.21	35181.73
288.28	35151.06
288.35	35121.05
288.41	35093.73
288.48	35063.57
288.55	35018.85
288.61	34956.36
288.68	34905.99
288.75	34848.95
288.81	34807.99
288.88	34781.11
288.95	34779.49
289.01	34769.22
289.08	34773.65
289.15	34794.34
289.21	34813.35
289.28	34820.77
289.35	34844.83
289.41	34845.53
289.48	34838.44
289.55	34839.63
289.61	34829.55
289.68	34808.71
289.75	34797.28
289.81	34776.25
289.88	34740.17
289.95	34698.88
290.01	34660.55
290.08	34611.29
290.15	34563.50
290.21	34527.82
290.28	34513.76
290.35	34483.94
290.41	34472.29
290.48	34454.51
290.55	34415.60
290.61	34358.67
290.68	34321.83
290.74	34294.33
290.81	34287.53
290.88	34299.90
290.94	34329.97
291.01	34357.78
291.08	34373.23
291.14	34379.33
291.21	34385.80
291.28	34389.53
291.34	34396.81
291.41	34396.01
291.48	34403.77
291.54	34402.57
291.61	34385.98
291.68	34359.09
291.74	34326.14
291.81	34283.14
291.87	34259.52
291.94	34223.00
292.01	34190.81
292.07	34160.57
292.14	34111.79
292.21	34042.75
292.27	33998.39
292.34	33950.67
292.41	33920.37
292.47	33897.28
292.54	33898.95
292.60	33900.91
292.67	33917.48
292.74	33929.33
292.80	33961.71
292.87	33980.50
292.94	34001.45
293.00	34021.57
293.07	34043.60
293.13	34054.76
293.20	34069.65
293.27	34083.55
293.33	34077.82
293.40	34075.83
293.47	34066.53
293.53	34048.23
293.60	34021.80
293.66	33974.79
293.73	33915.23
293.80	33841.84
293.86	33774.31
293.93	33707.91
294.00	33668.71
294.06	33637.89
294.13	33629.42
294.19	33615.39
294.26	33607.78
294.33	33608.45
294.39	33592.51
294.46	33577.91
294.52	33572.39
294.59	33574.51
294.66	33570.51
294.72	33583.88
294.79	33608.86
294.86	33635.13
294.92	33653.37
294.99	33685.41
295.05	33729.47
295.12	33749.37
295.19	33771.51
295.25	33790.89
295.32	33803.51
295.38	33789.51
295.45	33795.69
295.52	33781.62
295.58	33751.19
295.65	33704.99
295.71	33661.51
295.78	33585.66
295.85	33510.88
295.91	33444.87
295.98	33372.63
296.04	33293.31
296.11	33242.75
296.18	33206.21
296.24	33199.09
296.31	33208.62
296.37	33239.93
296.44	33288.29
296.51	33333.71
296.57	33362.56
296.64	33405.05
296.70	33448.59
296.77	33470.59
296.84	33486.87
296.90	33512.15
296.97	33520.29
297.03	33524.90
297.10	33535.87
297.17	33552.31
297.23	33571.95
297.30	33587.89
297.36	33594.01
297.43	33592.23
297.50	33587.51
297.56	33562.05
297.63	33530.25
297.69	33481.63
297.76	33406.72
297.82	33317.99
297.89	33225.79
297.96	33140.46
298.02	33080.45
298.09	33043.79
298.15	33021.40
298.22	33026.63
298.29	33028.97
298.35	33034.16
298.42	33046.97
298.48	33069.26
298.55	33085.91
298.61	33119.63
298.68	33158.03
298.75	33192.68
298.81	33221.99
298.88	33247.99
298.94	33269.31
299.01	33289.61
299.08	33312.77
299.14	33329.33
299.21	33344.82
299.27	33353.55
299.34	33346.96
299.40	33345.54
299.47	33340.13
299.54	33328.28
299.60	33315.25
299.67	33289.70
299.73	33242.96
299.80	33165.58
299.86	33063.55
299.93	32944.17
299.99	32844.53
300.06	32751.79
300.13	32690.11
300.19	32668.35
300.26	32667.25
300.32	32684.53
300.39	32713.64
300.45	32759.99
300.52	32807.68
300.59	32865.71
300.65	32911.60
300.72	32953.73
300.78	32985.18
300.85	33007.97
300.91	33014.02
300.98	33022.49
301.04	33024.35
301.11	33030.26
301.18	33034.97
301.24	33045.75
301.31	33034.66
301.37	33026.65
301.44	33006.55
301.50	32979.83
301.57	32945.64
301.63	32924.09
301.70	32882.45
301.77	32828.42
301.83	32762.67
301.90	32679.49
301.96	32584.20
302.03	32480.72
302.09	32418.89
302.16	32357.25
302.22	32323.85
302.29	32308.41
302.36	32317.29
302.42	32301.63
302.49	32307.91
302.55	32318.79
302.62	32328.49
302.68	32348.66
302.75	32383.17
302.81	32405.69
302.88	32418.12
302.94	32426.84
303.01	32436.93
303.07	32428.52
303.14	32430.19
303.21	32433.53
303.27	32430.05
303.34	32419.17
303.40	32404.86
303.47	32378.30
303.53	32346.00
303.60	32321.61
303.66	32284.91
303.73	32258.00
303.79	32221.43
303.86	32171.38
303.92	32112.11
303.99	32042.26
304.05	31940.98
304.12	31845.03
304.19	31765.53
304.25	31692.28
304.32	31633.63
304.38	31604.11
304.45	31577.12
304.51	31562.05
304.58	31554.73
304.64	31554.83
304.71	31565.37
304.77	31560.93
304.84	31551.41
304.90	31544.02
304.97	31535.35
305.03	31506.91
305.10	31498.06
305.16	31496.11
305.23	31477.19
305.29	31462.65
305.36	31447.94
305.42	31436.27
305.49	31404.86
305.56	31374.87
305.62	31335.71
305.69	31296.13
305.75	31248.11
305.82	31171.86
305.88	31069.67
305.95	30951.55
306.01	30819.14
306.08	30681.63
306.14	30574.81
306.21	30484.13
306.27	30411.46
306.34	30355.19
306.40	30304.48
306.47	30272.93
306.53	30280.19
306.60	30290.73
306.66	30318.55
306.73	30343.81
306.79	30357.43
306.86	30350.91
306.92	30329.81
306.99	30306.94
307.05	30287.83
307.12	30259.71
307.18	30233.65
307.25	30206.68
307.31	30168.18
307.38	30124.22
307.44	30095.44
307.51	30055.13
307.57	30014.65
307.64	29973.45
307.70	29933.39
307.77	29882.51
307.83	29836.31
307.90	29796.95
307.96	29760.07
308.03	29712.35
308.09	29653.27
308.16	29598.54
308.22	29542.72
308.29	29475.26
308.35	29410.91
308.42	29357.15
308.48	29280.01
308.55	29201.77
308.61	29133.66
308.68	29079.94
308.74	29022.23
308.81	28989.26
308.87	28961.00
308.94	28942.51
309.00	28914.84
309.07	28893.36
309.13	28863.91
309.20	28841.24
309.26	28804.33
309.33	28761.64
309.39	28710.57
309.45	28662.08
309.52	28598.94
309.58	28551.43
309.65	28503.46
309.71	28455.12
309.78	28413.42
309.84	28367.57
309.91	28307.58
309.97	28251.27
310.04	28209.29
310.10	28155.69
310.17	28110.52
310.23	28061.99
310.30	28021.38
310.36	27968.63
310.43	27911.20
310.49	27847.57
310.56	27785.47
310.62	27711.85
310.69	27633.80
310.75	27567.86
310.81	27513.69
310.88	27468.41
310.94	27434.19
311.01	27407.09
311.07	27374.01
311.14	27331.61
311.20	27284.77
311.27	27235.84
311.33	27199.20
311.40	27157.29
311.46	27122.16
311.53	27090.64
311.59	27060.39
311.66	27024.00
311.72	26977.79
311.78	26937.82
311.85	26903.52
311.91	26870.20
311.98	26823.59
312.04	26794.13
312.11	26759.33
312.17	26715.55
312.24	26668.47
312.30	26622.15
312.37	26565.71
312.43	26511.83
312.50	26453.68
312.56	26390.12
312.62	26334.27
312.69	26280.09
312.75	26210.22
312.82	26148.19
312.88	26084.96
312.95	26027.00
313.01	25964.37
313.08	25916.09
313.14	25863.37
313.20	25822.62
313.27	25765.47
313.33	25718.89
313.40	25682.17
313.46	25636.73
313.53	25594.51
313.59	25553.67
313.66	25524.21
313.72	25487.27
313.78	25449.73
313.85	25401.99
313.91	25369.42
313.98	25322.96
314.04	25277.49
314.11	25247.15
314.17	25207.38
314.24	25163.95
314.30	25125.77
314.36	25075.61
314.43	25030.37
314.49	24983.94
314.56	24936.07
314.62	24876.29
314.69	24822.93
314.75	24767.11
314.81	24717.26
314.88	24673.65
314.94	24636.69
315.01	24599.17
315.07	24545.51
315.14	24503.89
315.20	24454.47
315.27	24401.07
315.33	24360.16
315.39	24327.76
315.46	24285.97
315.52	24238.34
315.59	24199.27
315.65	24153.01
315.72	24102.93
315.78	24059.10
315.84	24026.28
315.91	23999.86
315.97	23974.16
316.04	23971.93
316.10	23955.39
316.16	23914.89
316.23	23839.66
316.29	23741.71
316.36	23591.45
316.42	23428.67
316.49	23255.02
316.55	23066.19
316.61	22869.83
316.68	22668.77
316.74	22465.86
316.81	22252.59
316.87	22056.65
316.93	21846.32
317.00	21647.57
317.06	21446.69
317.13	21251.84
317.19	21045.93
317.26	20846.44
317.32	20643.68
317.38	20441.55
317.45	20237.02
317.51	20042.45
317.58	19846.97
317.64	19640.97
317.70	19440.08
317.77	19245.33
317.83	19043.44
317.90	18845.42
317.96	18648.84
318.02	18458.85
318.09	18266.17
318.15	18069.34
318.22	17871.73
318.28	17680.87
318.34	17472.59
318.41	17266.74
318.47	17063.92
318.54	16867.83
318.60	16674.99
318.66	16485.93
318.73	16298.74
318.79	16118.31
318.86	15935.53
318.92	15750.51
318.98	15582.56
319.05	15401.13
319.11	15222.55
319.18	15040.31
319.24	14862.63
319.30	14664.55
319.37	14494.65
319.43	14324.39
319.50	14151.13
319.56	13981.11
319.62	13816.05
319.69	13644.71
319.75	13476.43
319.82	13314.00
319.88	13140.14
319.94	12974.37
320.01	12810.85
320.07	12633.49
320.13	12459.90
320.20	12296.80
320.26	12127.93
320.33	11956.03
320.39	11793.85
320.45	11624.35
320.52	11457.70
320.58	11291.59
320.65	11124.18
320.71	10958.08
320.77	10805.77
320.84	10646.19
320.90	10492.09
320.96	10328.23
321.03	10162.19
321.09	9989.61
321.16	9816.37
321.22	9642.54
321.28	9481.52
321.35	9324.43
321.41	9164.49
321.47	9009.29
321.54	8857.77
321.60	8694.69
321.67	8529.00
321.73	8374.57
321.79	8220.43
321.86	8063.12
321.92	7908.48
321.98	7744.72
322.05	7572.69
322.11	7393.31
322.18	7215.80
322.24	7046.24
322.30	6881.57
322.37	6723.67
322.43	6568.33
322.49	6416.73
322.56	6251.54
322.62	6098.18
322.68	5933.99
322.75	5779.61
322.81	5613.98
322.88	5453.54
322.94	5291.85
323.00	5134.65
323.07	4976.06
323.13	4824.79
323.19	4679.98
323.26	4534.90
323.32	4393.79
323.38	4250.45
323.45	4048.27
323.51	3463.94
323.57	2656.85
323.64	1815.47
323.70	1005.73
323.76	282.35
323.83	-28.23
323.89	-88.81
323.96	-88.51
