180.21	3368.45
180.28	-116.01
180.36	625.76
180.44	-40.93
180.51	-11.54
180.59	10.42
180.66	37.80
180.74	33.99
180.81	31.70
180.89	33.07
180.97	33.70
181.04	31.11
181.12	29.84
181.19	29.85
181.27	30.42
181.34	49.00
181.42	56.09
181.50	64.38
181.57	76.39
181.65	82.14
181.72	75.47
181.80	70.46
181.87	70.59
181.95	70.61
182.03	69.38
182.10	71.70
182.18	73.56
182.25	78.81
182.33	78.94
182.40	85.90
182.48	81.54
182.55	92.65
182.63	96.24
182.71	98.21
182.78	100.64
182.86	106.75
182.93	103.53
183.01	105.97
183.08	106.64
183.16	111.54
183.23	107.53
183.31	114.01
183.39	113.22
183.46	122.86
183.54	117.12
183.61	125.13
183.69	126.86
183.76	137.30
183.84	136.61
183.91	139.04
183.99	148.28
184.06	151.01
184.14	153.96
184.22	158.66
184.29	162.14
184.37	160.39
184.44	154.67
184.52	142.81
184.59	138.82
184.67	142.59
184.74	136.56
184.82	148.77
184.89	161.86
184.97	171.42
185.04	179.73
185.12	189.49
185.20	197.56
185.27	206.02
185.35	215.54
185.42	215.57
185.50	227.56
185.57	228.07
185.65	232.45
185.72	232.31
185.80	240.46
185.87	238.54
185.95	237.60
186.02	240.28
186.10	238.58
186.17	238.87
186.25	238.45
186.33	231.29
186.40	223.21
186.48	225.46
186.55	228.63
186.63	231.34
186.70	259.70
186.78	278.38
186.85	295.64
186.93	307.09
187.00	323.02
187.08	318.34
187.15	326.22
187.23	330.57
187.30	338.08
187.38	350.44
187.45	368.10
187.53	381.74
187.60	390.12
187.68	402.49
187.75	413.41
187.83	423.05
187.90	420.86
187.98	423.10
188.05	423.34
188.13	407.42
188.21	385.16
188.28	382.40
188.36	377.08
188.43	375.91
188.51	390.94
188.58	417.85
188.66	424.58
188.73	440.34
188.81	462.02
188.88	473.63
188.96	485.99
189.03	514.81
189.11	540.55
189.18	555.50
189.26	573.93
189.33	598.47
189.41	623.88
189.48	643.76
189.56	663.90
189.63	683.41
189.71	680.91
189.78	659.57
189.86	637.15
189.93	616.83
190.01	589.86
190.08	573.94
190.16	561.49
190.23	545.11
190.31	539.35
190.38	536.46
190.46	543.35
190.53	567.02
190.61	611.41
190.68	639.58
190.76	686.15
190.83	723.55
190.91	751.39
190.98	764.80
191.06	788.57
191.13	800.70
191.21	807.77
191.28	808.32
191.35	809.73
191.43	802.98
191.50	790.52
191.58	788.40
191.65	795.73
191.73	801.32
191.80	813.47
191.88	819.30
191.95	821.77
192.03	824.59
192.10	833.65
192.18	844.68
192.25	864.71
192.33	876.96
192.40	880.03
192.48	877.23
192.55	872.16
192.63	858.17
192.70	855.83
192.78	860.85
192.85	874.66
192.93	881.77
193.00	882.43
193.08	869.08
193.15	854.86
193.22	845.83
193.30	847.75
193.37	884.46
193.45	925.51
193.52	978.53
193.60	1032.04
193.67	1079.05
193.75	1107.54
193.82	1141.81
193.90	1156.49
193.97	1158.86
194.05	1151.84
194.12	1132.55
194.20	1109.04
194.27	1083.13
194.34	1042.84
194.42	1005.07
194.49	984.30
194.57	966.34
194.64	947.18
194.72	939.99
194.79	943.90
194.87	959.18
194.94	994.56
195.02	1053.77
195.09	1124.32
195.17	1200.80
195.24	1264.20
195.31	1313.85
195.39	1345.56
195.46	1364.18
195.54	1374.35
195.61	1373.93
195.69	1353.83
195.76	1321.98
195.84	1277.72
195.91	1197.97
195.99	1104.70
196.06	1024.56
196.13	974.00
196.21	956.37
196.28	984.84
196.36	1055.34
196.43	1140.00
196.51	1225.83
196.58	1309.21
196.66	1382.01
196.73	1435.34
196.80	1472.24
196.88	1491.52
196.95	1500.75
197.03	1500.66
197.10	1480.42
197.18	1447.69
197.25	1393.23
197.33	1311.45
197.40	1225.78
197.47	1138.81
197.55	1070.57
197.62	1033.24
197.70	1033.33
197.77	1060.80
197.85	1122.78
197.92	1201.25
197.99	1291.77
198.07	1390.69
198.14	1483.13
198.22	1572.78
198.29	1642.25
198.37	1694.03
198.44	1729.09
198.51	1741.06
198.59	1727.00
198.66	1698.72
198.74	1643.12
198.81	1549.78
198.89	1431.82
198.96	1322.05
199.03	1213.14
199.11	1138.30
199.18	1108.71
199.26	1138.38
199.33	1200.45
199.41	1301.97
199.48	1408.59
199.55	1527.13
199.63	1622.93
199.70	1714.79
199.78	1783.52
199.85	1850.01
199.93	1897.72
200.00	1946.76
200.07	1959.31
200.15	1953.32
200.22	1910.20
200.30	1823.12
200.37	1690.95
200.44	1527.89
200.52	1374.65
200.59	1268.00
200.67	1214.18
200.74	1223.80
200.81	1297.70
200.89	1396.54
200.96	1506.40
201.04	1613.08
201.11	1731.53
201.19	1848.09
201.26	1952.82
201.33	2035.41
201.41	2108.54
201.48	2149.99
201.56	2165.19
201.63	2165.56
201.70	2123.98
201.78	2042.45
201.85	1922.83
201.93	1780.82
202.00	1638.87
202.07	1530.93
202.15	1442.88
202.22	1399.55
202.30	1422.54
202.37	1483.63
202.44	1576.02
202.52	1719.04
202.59	1882.75
202.67	2026.51
202.74	2160.63
202.81	2278.52
202.89	2377.20
202.96	2472.89
203.04	2560.87
203.11	2618.91
203.18	2649.17
203.26	2640.79
203.33	2571.71
203.41	2446.96
203.48	2272.61
203.55	2041.50
203.63	1822.03
203.70	1667.67
203.77	1594.29
203.85	1617.46
203.92	1738.37
204.00	1925.05
204.07	2109.71
204.14	2289.98
204.22	2457.87
204.29	2628.50
204.37	2766.45
204.44	2894.06
204.51	3002.03
204.59	3073.56
204.66	3097.32
204.73	3089.51
204.81	3034.83
204.88	2931.99
204.96	2778.61
205.03	2572.47
205.10	2346.97
205.18	2152.94
205.25	1997.70
205.32	1914.85
205.40	1928.71
205.47	2022.90
205.55	2169.57
205.62	2369.98
205.69	2606.61
205.77	2849.48
205.84	3080.19
205.91	3285.39
205.99	3456.92
206.06	3597.29
206.14	3725.57
206.21	3844.02
206.28	3930.63
206.36	3990.91
206.43	3993.56
206.50	3924.43
206.58	3758.77
206.65	3508.55
206.72	3173.99
206.80	2828.89
206.87	2537.73
206.95	2365.33
207.02	2348.70
207.09	2486.92
207.17	2737.07
207.24	3034.01
207.31	3340.96
207.39	3628.71
207.46	3899.93
207.53	4147.64
207.61	4385.96
207.68	4597.13
207.75	4785.94
207.83	4944.75
207.90	5056.76
207.98	5095.86
208.05	5069.45
208.12	4949.94
208.20	4740.37
208.27	4440.05
208.34	4066.42
208.42	3675.93
208.49	3371.24
208.56	3171.34
208.64	3130.36
208.71	3239.31
208.78	3456.74
208.86	3733.61
208.93	4043.45
209.00	4364.86
209.08	4701.50
209.15	5039.76
209.22	5356.31
209.30	5650.51
209.37	5907.29
209.44	6136.12
209.52	6325.46
209.59	6452.92
209.67	6522.97
209.74	6512.87
209.81	6405.37
209.89	6173.46
209.96	5824.77
210.03	5382.30
210.11	4945.50
210.18	4559.65
210.25	4293.18
210.33	4215.37
210.40	4329.90
210.47	4583.59
210.55	4940.11
210.62	5356.72
210.69	5775.49
210.77	6190.97
210.84	6571.36
210.91	6930.15
210.99	7255.72
211.06	7565.51
211.13	7845.30
211.21	8099.90
211.28	8301.64
211.35	8447.81
211.42	8481.32
211.50	8382.17
211.57	8135.80
211.64	7741.88
211.72	7211.53
211.79	6648.77
211.86	6198.26
211.94	5960.18
212.01	5951.80
212.08	6184.99
212.16	6580.58
212.23	7020.23
212.30	7422.64
212.38	7782.22
212.45	8114.11
212.52	8427.90
212.60	8721.50
212.67	9026.23
212.74	9346.05
212.82	9668.31
212.89	9984.15
212.96	10265.28
213.03	10459.63
213.11	10545.28
213.18	10494.61
213.25	10294.23
213.33	9936.65
213.40	9456.18
213.47	8983.87
213.55	8599.45
213.62	8347.95
213.69	8307.14
213.77	8499.58
213.84	8816.10
213.91	9217.87
213.98	9653.66
214.06	10060.31
214.13	10411.39
214.20	10717.52
214.28	11018.96
214.35	11348.13
214.42	11719.23
214.50	12121.46
214.57	12538.19
214.64	12900.68
214.72	13188.91
214.79	13383.16
214.86	13458.37
214.93	13403.23
215.01	13195.64
215.08	12824.26
215.15	12299.62
215.23	11703.96
215.30	11204.99
215.37	10937.39
215.44	10975.87
215.52	11309.17
215.59	11871.00
215.66	12492.15
215.74	13067.84
215.81	13549.77
215.88	13993.55
215.95	14398.34
216.03	14805.17
216.10	15193.29
216.17	15574.93
216.25	15898.81
216.32	16168.81
216.39	16346.21
216.46	16488.10
216.54	16565.12
216.61	16583.88
216.68	16495.30
216.76	16312.29
216.83	15956.13
216.90	15460.20
216.97	14928.01
217.05	14541.72
217.12	14362.53
217.19	14460.68
217.27	14835.00
217.34	15408.33
217.41	16055.85
217.48	16704.34
217.56	17323.82
217.63	17884.96
217.70	18360.75
217.78	18747.94
217.85	19072.88
217.92	19332.84
217.99	19562.70
218.07	19764.70
218.14	19946.08
218.21	20142.70
218.28	20340.20
218.36	20508.88
218.43	20612.77
218.50	20610.12
218.57	20417.78
218.65	20018.17
218.72	19449.78
218.79	18848.45
218.87	18380.96
218.94	18168.24
219.01	18293.28
219.08	18725.87
219.16	19367.79
219.23	20068.34
219.30	20736.73
219.37	21311.61
219.45	21822.80
219.52	22279.36
219.59	22687.16
219.66	23068.07
219.74	23444.12
219.81	23787.09
219.88	24095.60
219.95	24394.84
220.03	24665.20
220.10	24887.85
220.17	25047.17
220.24	25104.04
220.32	25012.59
220.39	24757.67
220.46	24343.53
220.53	23808.99
220.61	23279.65
220.68	22909.24
220.75	22793.59
220.82	22955.48
220.90	23346.24
220.97	23872.49
221.04	24396.40
221.11	24865.02
221.19	25285.00
221.26	25686.39
221.33	26070.41
221.40	26481.27
221.48	26877.36
221.55	27258.49
221.62	27617.39
221.69	27963.85
221.77	28264.93
221.84	28533.27
221.91	28746.58
221.98	28905.02
222.06	28973.83
222.13	28957.19
222.20	28847.64
222.27	28668.38
222.35	28413.53
222.42	28166.23
222.49	27987.43
222.56	27922.82
222.63	27969.67
222.71	28129.72
222.78	28365.43
222.85	28627.02
222.92	28885.60
223.00	29163.99
223.07	29461.32
223.14	29775.34
223.21	30103.67
223.29	30452.73
223.36	30800.53
223.43	31150.65
223.50	31486.09
223.57	31790.23
223.65	32050.84
223.72	32247.43
223.79	32376.00
223.86	32436.44
223.94	32442.03
224.01	32413.63
224.08	32373.32
224.15	32326.48
224.22	32275.99
224.30	32233.51
224.37	32229.53
224.44	32269.45
224.51	32347.71
224.59	32477.03
224.66	32675.12
224.73	32895.43
224.80	33107.95
224.87	33350.85
224.95	33616.96
225.02	33891.65
225.09	34159.18
225.16	34430.16
225.23	34689.60
225.31	34926.19
225.38	35113.90
225.45	35266.66
225.52	35386.81
225.60	35446.80
225.67	35450.17
225.74	35415.51
225.81	35334.60
225.88	35259.10
225.96	35238.87
226.03	35289.90
226.10	35387.97
226.17	35559.97
226.24	35757.39
226.32	35952.33
226.39	36141.52
226.46	36342.78
226.53	36552.79
226.60	36764.57
226.68	36968.72
226.75	37164.67
226.82	37343.73
226.89	37506.64
226.96	37641.91
227.04	37762.34
227.11	37859.97
227.18	37957.40
227.25	38038.66
227.32	38120.19
227.40	38181.16
227.47	38230.63
227.54	38244.56
227.61	38229.38
227.68	38171.69
227.76	38108.74
227.83	38069.39
227.90	38088.29
227.97	38160.76
228.04	38308.30
228.11	38496.65
228.19	38683.14
228.26	38867.01
228.33	39039.70
228.40	39188.24
228.47	39344.75
228.55	39495.67
228.62	39630.33
228.69	39761.42
228.76	39883.30
228.83	39971.87
228.90	40070.03
228.98	40164.78
229.05	40273.60
229.12	40399.88
229.19	40534.49
229.26	40662.25
229.34	40776.22
229.41	40852.43
229.48	40902.18
229.55	40937.08
229.62	40943.71
229.69	40927.09
229.77	40886.81
229.84	40857.64
229.91	40840.85
229.98	40862.41
230.05	40920.00
230.12	41021.03
230.20	41146.19
230.27	41277.46
230.34	41406.27
230.41	41548.99
230.48	41687.77
230.55	41793.23
230.63	41884.36
230.70	41978.99
230.77	42029.85
230.84	42065.91
230.91	42101.96
230.98	42151.42
231.06	42204.00
231.13	42279.56
231.20	42394.00
231.27	42510.69
231.34	42617.30
231.41	42703.01
231.49	42784.07
231.56	42834.32
231.63	42879.31
231.70	42928.45
231.77	42966.09
231.84	42994.14
231.92	43017.18
231.99	43043.90
232.06	43073.20
232.13	43119.16
232.20	43193.06
232.27	43268.73
232.34	43334.25
232.42	43389.99
232.49	43433.71
232.56	43459.68
232.63	43495.72
232.70	43546.40
232.77	43615.30
232.85	43680.00
232.92	43737.31
232.99	43794.43
233.06	43848.39
233.13	43888.73
233.20	43936.64
233.27	43982.16
233.35	44023.76
233.42	44056.83
233.49	44096.87
233.56	44132.94
233.63	44175.55
233.70	44213.81
233.77	44262.04
233.85	44302.29
233.92	44360.52
233.99	44412.80
234.06	44464.85
234.13	44514.55
234.20	44562.07
234.27	44602.05
234.35	44634.58
234.42	44659.01
234.49	44677.91
234.56	44698.99
234.63	44698.79
234.70	44703.24
234.77	44705.11
234.84	44700.01
234.92	44684.65
234.99	44687.38
235.06	44702.96
235.13	44732.81
235.20	44763.49
235.27	44809.26
235.34	44839.63
235.41	44881.13
235.49	44923.34
235.56	44962.00
235.63	44991.86
235.70	45029.78
235.77	45039.90
235.84	45043.12
235.91	45050.24
235.98	45054.79
236.06	45052.30
236.13	45051.77
236.20	45061.29
236.27	45060.63
236.34	45074.52
236.41	45092.39
236.48	45111.42
236.55	45112.39
236.63	45132.95
236.70	45134.80
236.77	45139.07
236.84	45156.23
236.91	45191.71
236.98	45213.98
237.05	45244.11
237.12	45261.02
237.19	45264.23
237.27	45254.47
237.34	45265.76
237.41	45264.19
237.48	45252.40
237.55	45243.48
237.62	45240.93
237.69	45240.17
237.76	45247.74
237.83	45283.48
237.91	45327.18
237.98	45353.59
238.05	45363.56
238.12	45376.92
238.19	45384.08
238.26	45395.25
238.33	45401.26
238.40	45404.89
238.47	45403.66
238.54	45393.46
238.62	45379.35
238.69	45383.80
238.76	45380.43
238.83	45383.71
238.90	45397.57
238.97	45417.07
239.04	45431.66
239.11	45456.93
239.18	45479.82
239.25	45497.33
239.33	45489.76
239.40	45486.08
239.47	45473.12
239.54	45451.93
239.61	45428.45
239.68	45408.99
239.75	45394.39
239.82	45392.56
239.89	45392.16
239.96	45398.34
240.03	45414.17
240.11	45410.56
240.18	45415.05
240.25	45422.44
240.32	45436.47
240.39	45438.42
240.46	45462.65
240.53	45492.56
240.60	45527.86
240.67	45554.92
240.74	45592.41
240.81	45623.28
240.88	45634.78
240.96	45643.25
241.03	45652.22
241.10	45655.71
241.17	45656.55
241.24	45665.31
241.31	45679.33
241.38	45680.89
241.45	45669.65
241.52	45679.37
241.59	45686.34
241.66	45700.04
241.73	45718.04
241.80	45746.67
241.88	45759.26
241.95	45773.17
242.02	45771.53
242.09	45774.62
242.16	45782.73
242.23	45801.90
242.30	45806.47
242.37	45813.17
242.44	45830.26
242.51	45841.37
242.58	45834.15
242.65	45836.27
242.72	45843.82
242.79	45849.62
242.87	45872.78
242.94	45898.26
243.01	45918.52
243.08	45948.87
243.15	45975.18
243.22	45992.62
243.29	46016.01
243.36	46051.15
243.43	46078.90
243.50	46123.81
243.57	46167.23
243.64	46191.12
243.71	46215.59
243.78	46240.88
243.85	46238.47
243.92	46245.65
243.99	46269.75
244.07	46292.04
244.14	46294.22
244.21	46313.85
244.28	46333.18
244.35	46356.87
244.42	46365.03
244.49	46397.82
244.56	46435.69
244.63	46457.02
244.70	46458.13
244.77	46476.15
244.84	46498.65
244.91	46506.08
244.98	46534.91
245.05	46584.22
245.12	46634.82
245.19	46682.70
245.26	46719.50
245.33	46752.59
245.40	46788.40
245.47	46828.49
245.55	46865.17
245.62	46902.01
245.69	46940.80
245.76	46990.18
245.83	47038.45
245.90	47077.81
245.97	47135.17
246.04	47198.88
246.11	47234.53
246.18	47258.31
246.25	47275.14
246.32	47275.69
246.39	47279.66
246.46	47295.26
246.53	47333.13
246.60	47395.08
246.67	47470.73
246.74	47542.46
246.81	47601.82
246.88	47652.52
246.95	47688.89
247.02	47728.86
247.09	47752.70
247.16	47779.14
247.23	47799.93
247.30	47820.49
247.37	47838.30
247.44	47864.93
247.51	47897.11
247.58	47942.07
247.66	47983.36
247.73	48037.01
247.80	48095.69
247.87	48163.51
247.94	48225.44
248.01	48298.13
248.08	48357.76
248.15	48410.73
248.22	48461.20
248.29	48520.25
248.36	48568.13
248.43	48613.61
248.50	48668.34
248.57	48729.00
248.64	48778.36
248.71	48844.01
248.78	48921.94
248.85	48993.20
248.92	49057.45
248.99	49105.72
249.06	49126.31
249.13	49143.26
249.20	49168.32
249.27	49187.86
249.34	49220.30
249.41	49275.12
249.48	49305.84
249.55	49313.66
249.62	49340.22
249.69	49353.07
249.76	49362.73
249.83	49406.33
249.90	49482.66
249.97	49553.05
250.04	49641.71
250.11	49738.50
250.18	49822.38
250.25	49885.35
250.32	49929.85
250.39	49976.09
250.46	50018.10
250.53	50068.81
250.60	50125.41
250.67	50204.73
250.74	50283.41
250.81	50345.07
250.88	50387.07
250.95	50415.59
251.02	50432.22
251.09	50432.49
251.16	50451.25
251.23	50479.51
251.30	50518.29
251.37	50559.76
251.44	50607.85
251.51	50664.20
251.58	50723.59
251.65	50783.68
251.72	50846.08
251.79	50920.44
251.86	50969.79
251.93	51012.01
252.00	51048.91
252.07	51070.50
252.14	51096.10
252.21	51124.86
252.28	51154.15
252.35	51182.93
252.42	51237.07
252.49	51278.64
252.56	51335.45
252.63	51409.79
252.70	51474.39
252.77	51534.25
252.84	51597.66
252.91	51641.98
252.98	51667.57
253.05	51704.37
253.12	51717.80
253.19	51744.05
253.25	51781.25
253.32	51817.32
253.39	51868.29
253.46	51912.54
253.53	51951.67
253.60	51973.78
253.67	51998.00
253.74	52017.96
253.81	52063.68
253.88	52090.59
253.95	52138.32
254.02	52191.55
254.09	52229.63
254.16	52258.72
254.23	52298.78
254.30	52322.12
254.37	52346.67
254.44	52378.45
254.51	52412.80
254.58	52440.42
254.65	52487.47
254.72	52522.07
254.79	52545.46
254.86	52578.14
254.93	52607.29
255.00	52635.65
255.07	52665.21
255.14	52713.95
255.21	52737.88
255.28	52738.18
255.34	52715.17
255.41	52704.17
255.48	52669.07
255.55	52657.99
255.62	52672.86
255.69	52700.78
255.76	52723.05
255.83	52782.74
255.90	52823.24
255.97	52878.72
256.04	52931.91
256.11	53002.64
256.18	53056.46
256.25	53118.57
256.32	53174.44
256.39	53232.68
256.46	53267.82
256.53	53301.40
256.60	53339.51
256.67	53366.38
256.74	53388.44
256.80	53416.02
256.87	53410.15
256.94	53398.65
257.01	53407.27
257.08	53419.77
257.15	53425.27
257.22	53452.79
257.29	53442.44
257.36	53395.36
257.43	53329.40
257.50	53274.83
257.57	53217.24
257.64	53217.49
257.71	53235.88
257.78	53297.45
257.85	53371.04
257.92	53460.04
257.98	53528.25
258.05	53584.86
258.12	53594.99
258.19	53561.08
258.26	53486.32
258.33	53400.91
258.40	53340.05
258.47	53305.37
258.54	53302.12
258.61	53341.25
258.68	53404.21
258.75	53458.55
258.82	53527.35
258.89	53578.21
258.95	53608.20
259.02	53612.62
259.09	53600.79
259.16	53557.60
259.23	53505.97
259.30	53464.20
259.37	53439.91
259.44	53437.21
259.51	53452.09
259.58	53487.19
259.65	53502.31
259.72	53501.28
259.79	53477.40
259.85	53439.12
259.92	53395.72
259.99	53387.67
260.06	53404.05
260.13	53422.38
260.20	53427.71
260.27	53431.43
260.34	53405.67
260.41	53372.46
260.48	53349.51
260.55	53357.21
260.62	53352.04
260.68	53334.83
260.75	53303.50
260.82	53294.01
260.89	53261.94
260.96	53263.80
261.03	53282.32
261.10	53284.47
261.17	53248.16
261.24	53200.11
261.31	53121.02
261.38	53033.27
261.44	52955.62
261.51	52886.79
261.58	52862.45
261.65	52868.36
261.72	52890.18
261.79	52918.73
261.86	52943.35
261.93	52934.18
262.00	52899.92
262.07	52845.33
262.13	52795.70
262.20	52769.57
262.27	52747.81
262.34	52752.52
262.41	52776.37
262.48	52800.28
262.55	52821.33
262.62	52844.93
262.69	52832.71
262.76	52816.63
262.82	52802.11
262.89	52783.29
262.96	52769.24
263.03	52773.02
263.10	52761.97
263.17	52743.24
263.24	52708.75
263.31	52678.23
263.38	52670.51
263.44	52696.02
263.51	52715.87
263.58	52724.56
263.65	52699.92
263.72	52610.14
263.79	52489.96
263.86	52373.31
263.93	52301.89
264.00	52261.22
264.06	52271.03
264.13	52282.99
264.20	52284.37
264.27	52232.24
264.34	52167.64
264.41	52078.14
264.48	52003.00
264.55	51919.53
264.61	51836.82
264.68	51754.50
264.75	51689.23
264.82	51604.40
264.89	51566.04
264.96	51572.40
265.03	51580.58
265.10	51595.51
265.16	51620.14
265.23	51608.97
265.30	51574.80
265.37	51528.84
265.44	51470.28
265.51	51426.84
265.58	51412.77
265.65	51430.16
265.71	51473.36
265.78	51524.76
265.85	51539.06
265.92	51492.80
265.99	51385.89
266.06	51265.04
266.13	51121.05
266.20	51010.36
266.26	50949.76
266.33	50918.03
266.40	50885.06
266.47	50853.75
266.54	50805.08
266.61	50771.68
266.68	50761.31
266.74	50739.37
266.81	50710.47
266.88	50646.24
266.95	50541.06
267.02	50419.92
267.09	50330.54
267.16	50280.66
267.22	50290.16
267.29	50338.04
267.36	50392.39
267.43	50448.38
267.50	50484.50
267.57	50485.33
267.64	50434.05
267.70	50357.50
267.77	50254.68
267.84	50174.38
267.91	50121.25
267.98	50114.73
268.05	50140.59
268.11	50179.86
268.18	50183.98
268.25	50140.16
268.32	50044.70
268.39	49898.23
268.46	49710.58
268.53	49507.13
268.59	49337.00
268.66	49206.56
268.73	49133.17
268.80	49142.95
268.87	49196.58
268.94	49285.30
269.00	49393.00
269.07	49492.22
269.14	49538.94
269.21	49546.83
269.28	49499.91
269.35	49420.51
269.41	49336.64
269.48	49268.33
269.55	49244.22
269.62	49261.96
269.69	49290.87
269.76	49294.98
269.82	49272.39
269.89	49225.53
269.96	49146.22
270.03	49070.11
270.10	48977.62
270.17	48871.94
270.23	48778.75
270.30	48720.90
270.37	48685.56
270.44	48691.88
270.51	48726.18
270.58	48756.70
270.64	48760.01
270.71	48745.00
270.78	48738.74
270.85	48753.76
270.92	48763.78
270.99	48768.13
271.05	48749.94
271.12	48687.73
271.19	48591.07
271.26	48467.81
271.33	48371.93
271.39	48300.35
271.46	48230.64
271.53	48169.09
271.60	48150.59
271.67	48107.79
271.74	48051.84
271.80	48011.22
271.87	47979.48
271.94	47925.12
272.01	47888.32
272.08	47857.00
272.14	47830.80
272.21	47805.37
272.28	47772.99
272.35	47735.59
272.42	47708.97
272.48	47697.01
272.55	47688.62
272.62	47688.51
272.69	47684.85
272.76	47679.60
272.83	47661.83
272.89	47631.38
272.96	47610.99
273.03	47605.76
273.10	47591.07
273.17	47570.43
273.23	47541.60
273.30	47476.69
273.37	47359.21
273.44	47218.07
273.51	47069.28
273.57	46967.58
273.64	46910.95
273.71	46909.45
273.78	46932.66
273.85	46995.33
273.91	47050.58
273.98	47129.20
274.05	47226.78
274.12	47367.97
274.19	47497.17
274.25	47602.75
274.32	47660.19
274.39	47661.40
274.46	47593.69
274.53	47477.55
274.59	47330.14
274.66	47179.09
274.73	47054.63
274.80	46933.71
274.86	46840.76
274.93	46788.37
275.00	46765.27
275.07	46735.84
275.14	46718.24
275.20	46705.75
275.27	46687.12
275.34	46648.34
275.41	46625.44
275.48	46623.26
275.54	46636.50
275.61	46657.03
275.68	46698.98
275.75	46708.86
275.81	46709.70
275.88	46701.65
275.95	46699.10
276.02	46690.33
276.09	46707.91
276.15	46723.62
276.22	46725.50
276.29	46696.77
276.36	46604.28
276.42	46485.06
276.49	46337.35
276.56	46191.39
276.63	46066.11
276.70	46001.90
276.76	45992.65
276.83	46030.12
276.90	46095.05
276.97	46165.67
277.03	46202.07
277.10	46182.97
277.17	46126.38
277.24	46043.32
277.30	45971.72
277.37	45951.22
277.44	45963.53
277.51	46015.64
277.58	46081.87
277.64	46118.94
277.71	46103.83
277.78	46043.89
277.85	45916.90
277.91	45756.67
277.98	45595.02
278.05	45459.95
278.12	45364.31
278.18	45322.10
278.25	45335.51
278.32	45387.71
278.39	45488.68
278.45	45606.02
278.52	45748.34
278.59	45879.69
278.66	45990.45
278.72	46039.06
278.79	46014.77
278.86	45903.50
278.93	45722.76
278.99	45496.90
279.06	45281.11
279.13	45137.28
279.20	45099.48
279.26	45162.67
279.33	45289.45
279.40	45459.52
279.47	45633.77
279.53	45740.68
279.60	45744.61
279.67	45626.83
279.74	45386.11
279.80	45081.23
279.87	44799.81
279.94	44581.63
280.01	44498.55
280.07	44517.77
280.14	44589.84
280.21	44654.40
280.28	44722.56
280.34	44770.38
280.41	44821.22
280.48	44864.63
280.55	44912.58
280.61	44958.91
280.68	44985.01
280.75	44997.88
280.82	45020.42
280.88	45045.62
280.95	45052.85
281.02	45037.80
281.08	44976.16
281.15	44874.25
281.22	44752.00
281.29	44605.07
281.35	44440.88
281.42	44290.42
281.49	44117.35
281.56	43947.79
281.62	43812.15
281.69	43703.98
281.76	43618.87
281.82	43579.79
281.89	43564.42
281.96	43564.01
282.03	43590.82
282.09	43642.82
282.16	43706.56
282.23	43784.81
282.30	43880.60
282.36	43995.94
282.43	44101.76
282.50	44214.03
282.56	44289.89
282.63	44338.00
282.70	44364.29
282.77	44399.24
282.83	44433.21
282.90	44466.44
282.97	44475.65
283.03	44409.04
283.10	44240.62
283.17	43977.61
283.24	43686.45
283.30	43390.79
283.37	43173.62
283.44	43052.42
283.50	43028.15
283.57	43061.41
283.64	43111.91
283.71	43167.85
283.77	43227.64
283.84	43288.66
283.91	43333.18
283.97	43413.51
284.04	43503.26
284.11	43594.10
284.18	43672.17
284.24	43741.92
284.31	43769.24
284.38	43746.10
284.44	43700.58
284.51	43664.15
284.58	43642.03
284.64	43630.06
284.71	43611.33
284.78	43558.49
284.85	43481.97
284.91	43386.91
284.98	43273.85
285.05	43161.27
285.11	43041.16
285.18	42870.21
285.25	42677.63
285.31	42506.45
285.38	42389.24
285.45	42345.91
285.52	42406.60
285.58	42517.80
285.65	42669.23
285.72	42808.92
285.78	42936.73
285.85	43049.53
285.92	43159.69
285.98	43256.58
286.05	43353.77
286.12	43462.17
286.18	43558.84
286.25	43652.90
286.32	43727.62
286.39	43793.64
286.45	43810.01
286.52	43744.02
286.59	43590.48
286.65	43357.25
286.72	43068.71
286.79	42767.29
286.85	42516.41
286.92	42357.67
286.99	42273.80
287.05	42242.08
287.12	42277.82
287.19	42354.62
287.25	42447.63
287.32	42559.95
287.39	42681.72
287.45	42779.11
287.52	42864.84
287.59	42934.55
287.65	42999.16
287.72	43066.69
287.79	43134.37
287.86	43200.68
287.92	43260.50
287.99	43317.46
288.06	43372.62
288.12	43425.07
288.19	43473.14
288.26	43506.38
288.32	43523.97
288.39	43527.27
288.46	43506.43
288.52	43449.75
288.59	43347.79
288.66	43181.26
288.72	42954.30
288.79	42702.39
288.86	42468.59
288.92	42295.94
288.99	42209.38
289.06	42226.52
289.12	42325.16
289.19	42490.47
289.26	42691.20
289.32	42926.55
289.39	43145.64
289.45	43348.68
289.52	43503.90
289.59	43617.32
289.65	43669.44
289.72	43666.70
289.79	43643.40
289.85	43604.72
289.92	43548.40
289.99	43479.93
290.05	43387.50
290.12	43263.18
290.19	43152.33
290.25	43063.62
290.32	43024.15
290.39	43045.44
290.45	43076.11
290.52	43079.01
290.59	43042.59
290.65	42921.83
290.72	42748.95
290.79	42599.58
290.85	42517.30
290.92	42522.98
290.98	42637.75
291.05	42829.70
291.12	43049.41
291.18	43264.94
291.25	43445.19
291.32	43611.17
291.38	43753.94
291.45	43894.64
291.52	44014.79
291.58	44110.15
291.65	44151.36
291.72	44150.32
291.78	44075.37
291.85	43937.47
291.91	43793.03
291.98	43653.32
292.05	43533.00
292.11	43421.12
292.18	43317.54
292.25	43181.00
292.31	43028.12
292.38	42882.84
292.45	42775.23
292.51	42718.10
292.58	42714.19
292.64	42774.08
292.71	42872.67
292.78	43018.80
292.84	43178.37
292.91	43376.44
292.98	43564.42
293.04	43751.31
293.11	43926.85
293.17	44098.76
293.24	44250.32
293.31	44400.34
293.37	44535.05
293.44	44631.49
293.51	44692.49
293.57	44705.82
293.64	44655.39
293.70	44542.35
293.77	44355.38
293.84	44083.25
293.90	43766.63
293.97	43474.91
294.04	43237.75
294.10	43094.78
294.17	43067.84
294.23	43117.96
294.30	43160.67
294.37	43192.53
294.43	43187.59
294.50	43152.65
294.56	43122.59
294.63	43144.04
294.70	43224.23
294.76	43393.27
294.83	43623.45
294.90	43885.95
294.96	44160.43
295.03	44414.60
295.09	44635.68
295.16	44836.39
295.23	45012.76
295.29	45163.62
295.36	45298.35
295.42	45389.88
295.49	45444.08
295.56	45473.33
295.62	45453.45
295.69	45359.25
295.75	45207.97
295.82	44995.72
295.89	44688.85
295.95	44337.06
296.02	44002.50
296.08	43694.01
296.15	43421.85
296.22	43236.74
296.28	43135.39
296.35	43130.53
296.41	43227.86
296.48	43411.50
296.55	43683.67
296.61	43998.67
296.68	44303.38
296.74	44591.05
296.81	44860.11
296.88	45057.78
296.94	45219.38
297.01	45358.33
297.07	45490.69
297.14	45629.07
297.20	45783.89
297.27	45946.59
297.34	46121.24
297.40	46270.47
297.47	46363.83
297.53	46411.95
297.60	46413.93
297.67	46338.92
297.73	46183.12
297.80	45939.96
297.86	45594.34
297.93	45156.27
298.00	44684.61
298.06	44264.09
298.13	43966.54
298.19	43802.35
298.26	43784.80
298.32	43874.85
298.39	44006.20
298.46	44138.18
298.52	44306.85
298.59	44496.41
298.65	44715.60
298.72	44962.63
298.78	45239.33
298.85	45510.93
298.92	45761.39
298.98	45994.46
299.05	46200.64
299.11	46380.35
299.18	46539.68
299.24	46681.17
299.31	46779.41
299.38	46882.52
299.44	46946.41
299.51	46998.46
299.57	47032.17
299.64	47064.11
299.70	47039.29
299.77	46978.75
299.84	46812.36
299.90	46500.09
299.97	46009.83
300.03	45382.79
300.10	44749.48
300.16	44226.02
300.23	43914.33
300.30	43854.08
300.36	44018.64
300.43	44317.69
300.49	44662.10
300.56	45003.96
300.62	45329.08
300.69	45644.39
300.75	45920.16
300.82	46182.09
300.89	46402.78
300.95	46597.25
301.02	46770.40
301.08	46915.22
301.15	47035.49
301.21	47174.35
301.28	47292.85
301.34	47398.18
301.41	47496.85
301.48	47573.23
301.54	47613.90
301.61	47636.56
301.67	47613.94
301.74	47542.40
301.80	47399.69
301.87	47160.56
301.93	46823.99
302.00	46408.28
302.06	45951.96
302.13	45498.63
302.20	45137.59
302.26	44891.83
302.33	44786.90
302.39	44802.46
302.46	44929.28
302.52	45107.22
302.59	45334.42
302.65	45587.43
302.72	45857.15
302.78	46118.33
302.85	46376.40
302.91	46601.47
302.98	46790.66
303.05	46956.97
303.11	47100.46
303.18	47223.23
303.24	47344.19
303.31	47441.40
303.37	47521.99
303.44	47601.71
303.50	47639.69
303.57	47641.09
303.63	47632.21
303.70	47609.50
303.76	47550.60
303.83	47495.50
303.89	47419.29
303.96	47280.76
304.03	47076.62
304.09	46799.99
304.16	46393.03
304.22	45909.96
304.29	45471.84
304.35	45116.60
304.42	44904.91
304.48	44886.12
304.55	45015.75
304.61	45214.47
304.68	45442.40
304.74	45673.98
304.81	45890.91
304.87	46093.66
304.94	46284.38
305.00	46452.24
305.07	46579.39
305.13	46681.30
305.20	46769.74
305.26	46849.19
305.33	46920.63
305.39	46981.90
305.46	47025.50
305.52	47066.13
305.59	47082.65
305.66	47076.99
305.72	47056.21
305.79	47036.64
305.85	46971.98
305.92	46860.46
305.98	46684.54
306.05	46438.25
306.11	46135.48
306.18	45821.34
306.24	45509.78
306.31	45211.27
306.37	44927.52
306.44	44659.02
306.50	44417.79
306.57	44266.69
306.63	44228.62
306.70	44312.78
306.76	44498.52
306.83	44736.56
306.89	44971.06
306.96	45164.58
307.02	45335.76
307.09	45479.96
307.15	45598.35
307.22	45684.36
307.28	45763.97
307.35	45807.46
307.41	45837.23
307.48	45859.47
307.54	45868.02
307.61	45856.22
307.67	45838.15
307.74	45801.19
307.80	45755.57
307.87	45717.92
307.93	45683.60
308.00	45649.25
308.06	45598.99
308.13	45516.34
308.19	45401.77
308.26	45283.33
308.32	45157.21
308.38	45011.43
308.45	44860.48
308.51	44683.01
308.58	44435.03
308.64	44175.39
308.71	43951.51
308.77	43785.32
308.84	43692.33
308.90	43717.52
308.97	43800.89
309.03	43912.02
309.10	44019.16
309.16	44127.81
309.23	44204.13
309.29	44268.24
309.36	44305.76
309.42	44335.86
309.49	44352.95
309.55	44376.47
309.62	44363.16
309.68	44345.93
309.75	44308.99
309.81	44256.33
309.88	44190.45
309.94	44125.10
310.00	44061.78
310.07	44003.20
310.13	43936.82
310.20	43847.31
310.26	43784.37
310.33	43696.96
310.39	43609.77
310.46	43531.58
310.52	43438.97
310.59	43303.03
310.65	43160.73
310.72	42991.51
310.78	42819.92
310.85	42686.15
310.91	42608.48
310.97	42581.88
311.04	42587.56
311.10	42611.89
311.17	42638.43
311.23	42642.49
311.30	42640.23
311.36	42651.30
311.43	42670.78
311.49	42690.22
311.56	42710.15
311.62	42722.66
311.69	42728.85
311.75	42724.86
311.81	42702.65
311.88	42668.59
311.94	42634.16
312.01	42592.77
312.07	42534.55
312.14	42492.22
312.20	42446.05
312.27	42394.63
312.33	42345.52
312.40	42284.47
312.46	42205.41
312.52	42142.30
312.59	42062.87
312.65	41981.66
312.72	41894.57
312.78	41804.66
312.85	41708.60
312.91	41604.48
312.98	41487.34
313.04	41371.64
313.10	41257.56
313.17	41137.27
313.23	41057.36
313.30	41006.30
313.36	40979.11
313.43	40963.22
313.49	40980.95
313.56	40978.81
313.62	40975.58
313.68	40975.36
313.75	40986.14
313.81	40973.53
313.88	40955.41
313.94	40923.75
314.01	40887.87
314.07	40859.40
314.13	40821.14
314.20	40800.44
314.26	40769.54
314.33	40728.72
314.39	40674.89
314.46	40610.57
314.52	40539.55
314.58	40470.87
314.65	40402.02
314.71	40313.84
314.78	40245.79
314.84	40169.64
314.91	40108.16
314.97	40047.23
315.03	40003.97
315.10	39955.63
315.16	39894.50
315.23	39816.71
315.29	39751.03
315.36	39688.68
315.42	39629.99
315.48	39588.31
315.55	39551.59
315.61	39498.74
315.68	39437.68
315.74	39370.82
315.81	39304.66
315.87	39246.73
315.93	39220.61
316.00	39221.61
316.06	39225.99
316.13	39243.71
316.19	39232.66
316.25	39177.51
316.32	39068.49
316.38	38922.20
316.45	38716.50
316.51	38503.11
316.58	38257.00
316.64	37995.24
316.70	37740.79
316.77	37485.00
316.83	37229.29
316.90	36979.86
316.96	36727.25
317.02	36469.27
317.09	36221.55
317.15	35960.76
317.22	35695.24
317.28	35439.08
317.34	35174.13
317.41	34913.93
317.47	34667.39
317.54	34418.43
317.60	34174.93
317.66	33929.44
317.73	33668.01
317.79	33395.17
317.86	33131.85
317.92	32859.85
317.98	32586.31
318.05	32312.95
318.11	32036.60
318.18	31763.21
318.24	31480.24
318.30	31204.49
318.37	30928.67
318.43	30654.07
318.50	30368.61
318.56	30089.04
318.62	29816.99
318.69	29546.02
318.75	29276.89
318.82	29005.22
318.88	28736.48
318.94	28463.27
319.01	28189.01
319.07	27911.87
319.13	27637.76
319.20	27360.14
319.26	27074.99
319.33	26796.62
319.39	26499.73
319.45	26213.96
319.52	25932.57
319.58	25640.59
319.65	25340.56
319.71	25054.45
319.77	24758.60
319.84	24464.70
319.90	24185.24
319.96	23904.53
320.03	23624.41
320.09	23349.80
320.16	23070.75
320.22	22784.04
320.28	22500.58
320.35	22214.62
320.41	21924.34
320.47	21640.00
320.54	21355.88
320.60	21075.38
320.67	20795.54
320.73	20523.49
320.79	20235.20
320.86	19954.91
320.92	19661.61
320.98	19369.47
321.05	19072.17
321.11	18768.05
321.18	18466.48
321.24	18178.90
321.30	17889.95
321.37	17614.19
321.43	17351.58
321.49	17077.35
321.56	16800.82
321.62	16545.92
321.68	16256.77
321.75	15977.06
321.81	15704.93
321.88	15416.21
321.94	15117.78
322.00	14842.02
322.07	14552.74
322.13	14263.84
322.19	13985.58
322.26	13700.77
322.32	13416.11
322.38	13138.61
322.45	12862.58
322.51	12584.48
322.58	12314.59
322.64	12040.04
322.70	11774.27
322.77	11494.24
322.83	11226.66
322.89	10948.73
322.96	10679.63
323.02	10405.23
323.08	10142.04
323.15	9875.86
323.21	9611.37
323.27	9346.61
323.34	9085.00
323.40	8832.65
323.46	8572.93
323.53	8209.90
323.59	7089.51
323.65	5485.30
323.72	3797.19
323.78	2170.08
323.85	701.62
323.91	42.56
323.97	-82.26
324.04	-82.16
