180.21	3368.15
180.28	-116.01
180.36	625.44
180.44	-41.80
180.51	-11.90
180.59	10.33
180.66	37.77
180.74	34.58
180.81	32.36
180.89	33.90
180.97	34.92
181.04	32.15
181.12	30.52
181.19	31.06
181.27	30.82
181.34	48.55
181.42	56.02
181.50	63.97
181.57	76.02
181.65	82.67
181.72	76.41
181.80	71.27
181.87	71.55
181.95	72.20
182.03	69.92
182.10	72.17
182.18	73.90
182.25	78.93
182.33	77.89
182.40	85.40
182.48	81.24
182.55	93.04
182.63	97.17
182.71	99.91
182.78	101.61
182.86	107.98
182.93	104.63
183.01	106.83
183.08	107.00
183.16	112.61
183.23	107.97
183.31	114.86
183.39	113.51
183.46	123.60
183.54	118.21
183.61	126.20
183.69	127.55
183.76	138.34
183.84	137.13
183.91	138.54
183.99	147.09
184.06	148.54
184.14	151.99
184.22	156.58
184.29	160.23
184.37	158.47
184.44	153.44
184.52	140.75
184.59	137.58
184.67	142.27
184.74	137.18
184.82	148.90
184.89	162.67
184.97	171.84
185.04	179.22
185.12	188.39
185.20	197.02
185.27	205.83
185.35	216.24
185.42	215.83
185.50	228.57
185.57	229.29
185.65	233.80
185.72	232.02
185.80	242.15
185.87	239.08
185.95	237.75
186.02	239.52
186.10	239.38
186.17	237.45
186.25	237.78
186.33	230.46
186.40	223.38
186.48	224.57
186.55	229.44
186.63	232.61
186.70	260.98
186.78	278.57
186.85	296.51
186.93	308.63
187.00	325.02
187.08	322.00
187.15	330.65
187.23	336.20
187.30	343.16
187.38	356.44
187.45	374.26
187.53	387.53
187.60	395.22
187.68	404.99
187.75	414.37
187.83	421.75
187.90	419.78
187.98	419.72
188.05	420.92
188.13	405.44
188.21	382.71
188.28	380.34
188.36	375.13
188.43	375.02
188.51	390.35
188.58	419.87
188.66	426.28
188.73	443.53
188.81	465.78
188.88	476.84
188.96	489.75
189.03	516.24
189.11	541.41
189.18	553.93
189.26	573.82
189.33	598.42
189.41	625.68
189.48	644.12
189.56	667.69
189.63	686.44
189.71	682.22
189.78	660.25
189.86	639.32
189.93	618.45
190.01	589.46
190.08	572.39
190.16	561.30
190.23	544.70
190.31	539.15
190.38	537.30
190.46	545.58
190.53	567.73
190.61	612.56
190.68	641.21
190.76	689.71
190.83	728.41
190.91	755.77
190.98	768.38
191.06	789.90
191.13	801.11
191.21	808.47
191.28	809.42
191.35	810.56
191.43	803.72
191.50	789.56
191.58	785.44
191.65	795.01
191.73	803.17
191.80	815.55
191.88	821.18
191.95	823.25
192.03	825.95
192.10	833.57
192.18	843.32
192.25	863.39
192.33	876.72
192.40	877.49
192.48	874.73
192.55	867.62
192.63	855.18
192.70	851.75
192.78	859.50
192.85	874.78
192.93	886.84
193.00	888.88
193.08	877.30
193.15	862.41
193.22	852.00
193.30	853.75
193.37	889.35
193.45	927.78
193.52	979.29
193.60	1034.00
193.67	1079.21
193.75	1108.26
193.82	1143.73
193.90	1158.35
193.97	1162.17
194.05	1155.83
194.12	1136.50
194.20	1111.55
194.27	1083.72
194.34	1039.22
194.42	1002.27
194.49	981.01
194.57	964.87
194.64	948.42
194.72	943.09
194.79	947.66
194.87	960.44
194.94	997.85
195.02	1059.86
195.09	1131.13
195.17	1204.85
195.24	1268.62
195.31	1315.94
195.39	1346.03
195.46	1366.40
195.54	1377.31
195.61	1378.32
195.69	1358.19
195.76	1322.72
195.84	1273.97
195.91	1195.08
195.99	1102.11
196.06	1021.14
196.13	972.89
196.21	955.17
196.28	984.66
196.36	1056.04
196.43	1143.23
196.51	1231.06
196.58	1316.12
196.66	1390.83
196.73	1442.55
196.80	1478.29
196.88	1497.29
196.95	1509.28
197.03	1503.99
197.10	1484.76
197.18	1450.90
197.25	1395.69
197.33	1313.02
197.40	1228.57
197.47	1140.92
197.55	1074.63
197.62	1033.87
197.70	1031.73
197.77	1060.11
197.85	1121.52
197.92	1198.07
197.99	1291.53
198.07	1390.91
198.14	1482.08
198.22	1572.05
198.29	1643.36
198.37	1696.94
198.44	1731.03
198.51	1745.78
198.59	1732.47
198.66	1703.78
198.74	1645.60
198.81	1552.97
198.89	1434.18
198.96	1324.59
199.03	1218.77
199.11	1144.64
199.18	1114.46
199.26	1143.56
199.33	1205.98
199.41	1305.15
199.48	1413.80
199.55	1531.61
199.63	1625.99
199.70	1715.31
199.78	1785.26
199.85	1850.80
199.93	1899.15
200.00	1947.99
200.07	1962.01
200.15	1953.16
200.22	1910.34
200.30	1824.52
200.37	1693.41
200.44	1531.39
200.52	1378.26
200.59	1272.45
200.67	1219.95
200.74	1229.68
200.81	1302.34
200.89	1403.54
200.96	1509.94
201.04	1615.24
201.11	1732.01
201.19	1848.94
201.26	1951.85
201.33	2036.13
201.41	2108.12
201.48	2150.11
201.56	2165.29
201.63	2164.27
201.70	2123.10
201.78	2043.86
201.85	1926.20
201.93	1783.78
202.00	1644.83
202.07	1533.09
202.15	1442.78
202.22	1400.17
202.30	1421.83
202.37	1482.82
202.44	1582.92
202.52	1727.81
202.59	1893.61
202.67	2039.23
202.74	2171.17
202.81	2283.50
202.89	2384.29
202.96	2477.40
203.04	2567.21
203.11	2625.93
203.18	2660.60
203.26	2647.72
203.33	2578.39
203.41	2448.74
203.48	2273.34
203.55	2034.18
203.63	1815.64
203.70	1658.39
203.77	1588.84
203.85	1610.50
203.92	1735.97
204.00	1921.66
204.07	2107.56
204.14	2290.22
204.22	2462.30
204.29	2632.94
204.37	2775.71
204.44	2906.56
204.51	3009.62
204.59	3078.91
204.66	3105.25
204.73	3097.35
204.81	3038.31
204.88	2936.74
204.96	2782.76
205.03	2574.06
205.10	2346.57
205.18	2153.15
205.25	1998.60
205.32	1918.04
205.40	1934.61
205.47	2027.54
205.55	2173.97
205.62	2371.57
205.69	2607.35
205.77	2850.50
205.84	3082.85
205.91	3287.15
205.99	3462.26
206.06	3603.19
206.14	3731.30
206.21	3848.84
206.28	3939.59
206.36	4001.67
206.43	4001.32
206.50	3926.93
206.58	3761.81
206.65	3509.34
206.72	3171.51
206.80	2826.53
206.87	2539.21
206.95	2371.61
207.02	2357.80
207.09	2493.59
207.17	2747.46
207.24	3047.47
207.31	3351.08
207.39	3639.81
207.46	3916.76
207.53	4164.04
207.61	4400.03
207.68	4610.15
207.75	4801.66
207.83	4957.88
207.90	5067.93
207.98	5104.42
208.05	5077.57
208.12	4955.10
208.20	4742.97
208.27	4443.83
208.34	4069.64
208.42	3680.46
208.49	3373.60
208.56	3177.79
208.64	3136.39
208.71	3248.31
208.78	3464.21
208.86	3738.25
208.93	4045.84
209.00	4365.26
209.08	4701.30
209.15	5045.38
209.22	5367.17
209.30	5663.21
209.37	5921.55
209.44	6148.29
209.52	6330.39
209.59	6458.96
209.67	6535.16
209.74	6527.29
209.81	6424.17
209.89	6194.91
209.96	5838.40
210.03	5383.91
210.11	4945.06
210.18	4552.52
210.25	4285.06
210.33	4212.12
210.40	4333.40
210.47	4585.11
210.55	4943.31
210.62	5359.13
210.69	5777.53
210.77	6188.37
210.84	6569.28
210.91	6929.57
210.99	7255.11
211.06	7569.61
211.13	7862.16
211.21	8123.66
211.28	8316.07
211.35	8462.10
211.42	8491.53
211.50	8383.37
211.57	8130.31
211.64	7746.40
211.72	7219.84
211.79	6653.30
211.86	6196.81
211.94	5957.76
212.01	5949.47
212.08	6180.69
212.16	6582.29
212.23	7025.05
212.30	7431.39
212.38	7795.18
212.45	8126.30
212.52	8436.42
212.60	8735.05
212.67	9042.96
212.74	9359.71
212.82	9686.61
212.89	10005.50
212.96	10284.60
213.03	10479.83
213.11	10561.60
213.18	10503.48
213.25	10303.18
213.33	9947.30
213.40	9463.84
213.47	8995.18
213.55	8607.64
213.62	8355.14
213.69	8310.02
213.77	8500.41
213.84	8820.00
213.91	9220.89
213.98	9655.36
214.06	10064.78
214.13	10417.40
214.20	10726.08
214.28	11033.56
214.35	11363.91
214.42	11732.89
214.50	12139.74
214.57	12546.16
214.64	12910.66
214.72	13206.83
214.79	13405.05
214.86	13476.03
214.93	13417.55
215.01	13215.01
215.08	12829.48
215.15	12305.44
215.23	11708.03
215.30	11215.01
215.37	10944.04
215.44	10989.21
215.52	11320.49
215.59	11873.91
215.66	12492.16
215.74	13069.90
215.81	13551.07
215.88	13997.04
215.95	14418.89
216.03	14822.35
216.10	15213.21
216.17	15595.92
216.25	15913.01
216.32	16173.92
216.39	16371.33
216.46	16508.04
216.54	16582.41
216.61	16596.57
216.68	16512.07
216.76	16311.58
216.83	15952.09
216.90	15461.53
216.97	14944.53
217.05	14558.68
217.12	14385.13
217.19	14483.46
217.27	14863.08
217.34	15437.47
217.41	16086.02
217.48	16735.34
217.56	17355.48
217.63	17910.37
217.70	18383.20
217.78	18769.68
217.85	19096.63
217.92	19372.90
217.99	19605.91
218.07	19808.86
218.14	19989.68
218.21	20183.44
218.28	20369.03
218.36	20536.31
218.43	20634.65
218.50	20637.68
218.57	20438.90
218.65	20041.62
218.72	19461.39
218.79	18868.42
218.87	18393.66
218.94	18191.43
219.01	18312.99
219.08	18759.79
219.16	19402.24
219.23	20115.00
219.30	20772.33
219.37	21351.52
219.45	21857.75
219.52	22306.54
219.59	22704.84
219.66	23094.89
219.74	23452.99
219.81	23800.83
219.88	24118.53
219.95	24415.96
220.03	24694.84
220.10	24931.20
220.17	25085.09
220.24	25126.11
220.32	25034.97
220.39	24773.35
220.46	24349.33
220.53	23811.25
220.61	23287.19
220.68	22913.61
220.75	22793.92
220.82	22955.71
220.90	23346.95
220.97	23870.43
221.04	24410.81
221.11	24888.25
221.19	25319.85
221.26	25732.10
221.33	26131.50
221.40	26535.19
221.48	26930.42
221.55	27315.68
221.62	27671.30
221.69	28006.88
221.77	28307.05
221.84	28581.41
221.91	28787.01
221.98	28941.37
222.06	29019.82
222.13	29001.71
222.20	28892.15
222.27	28705.72
222.35	28443.38
222.42	28193.46
222.49	28011.95
222.56	27937.34
222.63	27989.34
222.71	28155.33
222.78	28376.35
222.85	28620.69
222.92	28882.47
223.00	29157.83
223.07	29458.38
223.14	29785.81
223.21	30128.61
223.29	30480.97
223.36	30836.00
223.43	31189.63
223.50	31521.23
223.57	31830.65
223.65	32096.44
223.72	32286.42
223.79	32417.33
223.86	32474.46
223.94	32480.73
224.01	32443.53
224.08	32409.51
224.15	32358.75
224.22	32307.29
224.30	32261.22
224.37	32255.80
224.44	32296.89
224.51	32379.88
224.59	32523.76
224.66	32716.85
224.73	32927.47
224.80	33146.20
224.87	33390.94
224.95	33657.25
225.02	33942.27
225.09	34220.76
225.16	34487.24
225.23	34737.26
225.31	34959.56
225.38	35138.46
225.45	35295.31
225.52	35414.53
225.60	35476.68
225.67	35487.50
225.74	35441.46
225.81	35349.79
225.88	35271.30
225.96	35256.56
226.03	35303.08
226.10	35418.79
226.17	35594.71
226.24	35798.24
226.32	35989.86
226.39	36179.33
226.46	36374.30
226.53	36581.48
226.60	36786.04
226.68	36985.77
226.75	37186.21
226.82	37373.54
226.89	37540.03
226.96	37678.92
227.04	37799.61
227.11	37891.55
227.18	37982.45
227.25	38054.13
227.32	38132.05
227.40	38209.82
227.47	38267.49
227.54	38288.54
227.61	38286.23
227.68	38235.05
227.76	38156.58
227.83	38103.38
227.90	38113.17
227.97	38186.91
228.04	38338.81
228.11	38527.81
228.19	38733.14
228.26	38922.27
228.33	39092.36
228.40	39247.99
228.47	39406.24
228.55	39553.62
228.62	39686.91
228.69	39807.97
228.76	39905.29
228.83	39989.12
228.90	40075.82
228.98	40168.73
229.05	40278.78
229.12	40409.02
229.19	40551.47
229.26	40673.76
229.34	40772.81
229.41	40854.45
229.48	40910.15
229.55	40918.78
229.62	40921.66
229.69	40906.78
229.77	40874.71
229.84	40841.50
229.91	40855.03
229.98	40877.39
230.05	40951.26
230.12	41061.50
230.20	41193.18
230.27	41327.82
230.34	41475.21
230.41	41605.41
230.48	41701.84
230.55	41797.83
230.63	41887.02
230.70	41984.30
230.77	42052.19
230.84	42111.23
230.91	42163.89
230.98	42208.48
231.06	42240.55
231.13	42312.84
231.20	42433.95
231.27	42550.02
231.34	42656.60
231.41	42761.14
231.49	42842.32
231.56	42907.70
231.63	42955.30
231.70	43001.09
231.77	43034.15
231.84	43060.00
231.92	43064.67
231.99	43089.35
232.06	43125.37
232.13	43165.84
232.20	43238.83
232.27	43311.36
232.34	43379.94
232.42	43430.05
232.49	43480.62
232.56	43521.51
232.63	43568.86
232.70	43609.70
232.77	43663.34
232.85	43717.93
232.92	43762.01
232.99	43815.61
233.06	43869.67
233.13	43923.44
233.20	43982.15
233.27	44032.28
233.35	44062.66
233.42	44093.80
233.49	44128.84
233.56	44164.39
233.63	44215.42
233.70	44258.25
233.77	44314.27
233.85	44363.87
233.92	44416.02
233.99	44460.98
234.06	44511.23
234.13	44555.48
234.20	44600.56
234.27	44633.36
234.35	44656.46
234.42	44684.41
234.49	44698.76
234.56	44699.53
234.63	44699.94
234.70	44696.73
234.77	44684.18
234.84	44676.11
234.92	44676.76
234.99	44697.38
235.06	44731.57
235.13	44773.46
235.20	44816.16
235.27	44865.89
235.34	44896.98
235.41	44930.10
235.49	44964.10
235.56	45004.20
235.63	45033.00
235.70	45060.28
235.77	45080.97
235.84	45113.38
235.91	45115.11
235.98	45118.34
236.06	45123.39
236.13	45118.26
236.20	45100.35
236.27	45099.74
236.34	45116.26
236.41	45124.42
236.48	45140.34
236.55	45148.09
236.63	45149.20
236.70	45144.87
236.77	45157.96
236.84	45173.97
236.91	45206.53
236.98	45237.40
237.05	45263.14
237.12	45276.17
237.19	45278.24
237.27	45276.49
237.34	45284.83
237.41	45293.37
237.48	45293.32
237.55	45296.34
237.62	45303.22
237.69	45323.40
237.76	45342.34
237.83	45378.45
237.91	45400.50
237.98	45413.45
238.05	45408.38
238.12	45408.02
238.19	45394.41
238.26	45415.33
238.33	45432.34
238.40	45440.28
238.47	45438.26
238.54	45443.93
238.62	45436.13
238.69	45425.77
238.76	45417.79
238.83	45418.49
238.90	45422.95
238.97	45427.81
239.04	45450.51
239.11	45488.81
239.18	45514.00
239.25	45528.71
239.33	45529.55
239.40	45527.55
239.47	45510.29
239.54	45482.40
239.61	45450.95
239.68	45426.19
239.75	45405.83
239.82	45396.55
239.89	45387.57
239.96	45404.21
240.03	45418.60
240.11	45436.21
240.18	45444.21
240.25	45468.09
240.32	45472.13
240.39	45490.14
240.46	45507.86
240.53	45541.58
240.60	45587.89
240.67	45625.23
240.74	45655.76
240.81	45670.82
240.88	45691.29
240.96	45685.95
241.03	45692.92
241.10	45705.95
241.17	45709.34
241.24	45710.05
241.31	45717.89
241.38	45711.54
241.45	45702.11
241.52	45710.70
241.59	45713.72
241.66	45737.00
241.73	45762.70
241.80	45787.89
241.88	45804.49
241.95	45819.42
242.02	45813.84
242.09	45807.43
242.16	45795.53
242.23	45808.78
242.30	45815.26
242.37	45827.50
242.44	45853.67
242.51	45876.32
242.58	45870.86
242.65	45872.35
242.72	45877.80
242.79	45878.00
242.87	45897.67
242.94	45915.28
243.01	45943.88
243.08	45971.57
243.15	46001.94
243.22	46012.87
243.29	46060.07
243.36	46089.68
243.43	46133.57
243.50	46181.06
243.57	46237.52
243.64	46256.16
243.71	46284.46
243.78	46298.81
243.85	46304.28
243.92	46301.64
243.99	46319.80
244.07	46324.47
244.14	46327.44
244.21	46344.95
244.28	46375.52
244.35	46385.08
244.42	46405.93
244.49	46428.72
244.56	46457.07
244.63	46472.22
244.70	46481.82
244.77	46492.21
244.84	46521.32
244.91	46544.76
244.98	46564.91
245.05	46616.84
245.12	46668.50
245.19	46705.67
245.26	46734.85
245.33	46775.82
245.40	46805.55
245.47	46848.31
245.55	46880.81
245.62	46911.69
245.69	46953.61
245.76	47003.89
245.83	47041.80
245.90	47089.46
245.97	47156.49
246.04	47208.84
246.11	47243.01
246.18	47264.93
246.25	47276.73
246.32	47276.77
246.39	47287.80
246.46	47308.25
246.53	47358.53
246.60	47423.91
246.67	47493.50
246.74	47559.08
246.81	47626.49
246.88	47687.29
246.95	47732.86
247.02	47771.78
247.09	47797.60
247.16	47823.91
247.23	47825.48
247.30	47837.02
247.37	47850.61
247.44	47890.03
247.51	47920.80
247.58	47966.59
247.66	48011.02
247.73	48073.29
247.80	48115.59
247.87	48169.77
247.94	48234.97
248.01	48316.79
248.08	48381.71
248.15	48447.02
248.22	48496.31
248.29	48546.93
248.36	48579.64
248.43	48621.66
248.50	48672.32
248.57	48733.09
248.64	48789.16
248.71	48860.96
248.78	48933.25
248.85	48992.55
248.92	49051.72
248.99	49102.19
249.06	49137.63
249.13	49161.65
249.20	49197.51
249.27	49231.73
249.34	49267.75
249.41	49296.99
249.48	49324.19
249.55	49340.22
249.62	49350.29
249.69	49363.82
249.76	49386.29
249.83	49416.51
249.90	49478.99
249.97	49556.10
250.04	49638.35
250.11	49747.35
250.18	49849.60
250.25	49921.12
250.32	49972.69
250.39	50031.49
250.46	50064.32
250.53	50106.83
250.60	50163.53
250.67	50252.62
250.74	50325.44
250.81	50380.36
250.88	50423.06
250.95	50460.71
251.02	50473.63
251.09	50483.02
251.16	50499.12
251.23	50521.95
251.30	50539.03
251.37	50563.72
251.44	50610.25
251.51	50682.41
251.58	50749.44
251.65	50827.42
251.72	50898.06
251.79	50962.69
251.86	51011.17
251.93	51060.50
252.00	51083.86
252.07	51110.35
252.14	51133.58
252.21	51150.77
252.28	51171.69
252.35	51220.21
252.42	51282.00
252.49	51344.27
252.56	51401.05
252.63	51467.87
252.70	51518.57
252.77	51567.37
252.84	51612.38
252.91	51667.91
252.98	51710.61
253.05	51750.85
253.12	51783.43
253.19	51818.44
253.25	51857.74
253.32	51894.20
253.39	51932.65
253.46	51964.32
253.53	51988.01
253.60	51987.20
253.67	51995.35
253.74	52013.28
253.81	52052.07
253.88	52093.96
253.95	52153.31
254.02	52199.36
254.09	52249.07
254.16	52287.15
254.23	52315.58
254.30	52345.42
254.37	52384.74
254.44	52422.29
254.51	52461.42
254.58	52504.71
254.65	52548.47
254.72	52579.39
254.79	52592.03
254.86	52608.29
254.93	52620.58
255.00	52649.17
255.07	52679.86
255.14	52735.86
255.21	52761.76
255.28	52767.08
255.34	52729.89
255.41	52700.07
255.48	52662.82
255.55	52655.72
255.62	52671.71
255.69	52715.41
255.76	52744.95
255.83	52795.55
255.90	52837.65
255.97	52891.46
256.04	52933.40
256.11	52998.71
256.18	53052.84
256.25	53125.33
256.32	53183.49
256.39	53244.76
256.46	53296.43
256.53	53338.26
256.60	53380.93
256.67	53419.01
256.74	53446.12
256.80	53460.84
256.87	53455.19
256.94	53416.85
257.01	53394.22
257.08	53407.59
257.15	53427.09
257.22	53453.46
257.29	53456.91
257.36	53431.38
257.43	53368.18
257.50	53306.56
257.57	53253.75
257.64	53242.97
257.71	53270.19
257.78	53327.73
257.85	53395.77
257.92	53477.34
257.98	53553.98
258.05	53597.35
258.12	53609.35
258.19	53589.50
258.26	53532.82
258.33	53452.23
258.40	53387.81
258.47	53341.27
258.54	53324.65
258.61	53350.04
258.68	53411.01
258.75	53467.16
258.82	53538.86
258.89	53603.17
258.95	53633.42
259.02	53644.70
259.09	53648.15
259.16	53612.65
259.23	53570.89
259.30	53536.15
259.37	53505.39
259.44	53495.59
259.51	53508.88
259.58	53532.03
259.65	53547.16
259.72	53556.33
259.79	53534.22
259.85	53499.62
259.92	53454.38
259.99	53435.70
260.06	53440.82
260.13	53454.97
260.20	53470.07
260.27	53481.55
260.34	53465.56
260.41	53426.57
260.48	53404.97
260.55	53401.85
260.62	53392.44
260.68	53367.32
260.75	53349.47
260.82	53329.16
260.89	53306.63
260.96	53291.80
261.03	53312.76
261.10	53306.98
261.17	53284.40
261.24	53230.86
261.31	53159.52
261.38	53071.30
261.44	52993.40
261.51	52926.06
261.58	52905.03
261.65	52913.32
261.72	52932.06
261.79	52963.46
261.86	52986.39
261.93	52977.22
262.00	52944.63
262.07	52886.93
262.13	52823.29
262.20	52769.94
262.27	52740.30
262.34	52744.47
262.41	52777.33
262.48	52812.72
262.55	52848.36
262.62	52864.76
262.69	52847.70
262.76	52822.69
262.82	52791.62
262.89	52765.69
262.96	52748.22
263.03	52754.90
263.10	52755.93
263.17	52744.08
263.24	52732.56
263.31	52732.68
263.38	52721.52
263.44	52737.20
263.51	52747.46
263.58	52738.87
263.65	52693.93
263.72	52610.52
263.79	52495.15
263.86	52400.40
263.93	52326.22
264.00	52284.26
264.06	52295.23
264.13	52316.12
264.20	52316.58
264.27	52274.22
264.34	52205.42
264.41	52114.29
264.48	52034.76
264.55	51946.87
264.61	51866.83
264.68	51783.79
264.75	51716.12
264.82	51627.78
264.89	51581.28
264.96	51571.80
265.03	51586.39
265.10	51610.04
265.16	51636.98
265.23	51629.25
265.30	51601.56
265.37	51549.77
265.44	51481.69
265.51	51440.53
265.58	51427.90
265.65	51442.08
265.71	51484.25
265.78	51535.14
265.85	51537.47
265.92	51495.51
265.99	51404.85
266.06	51290.45
266.13	51155.94
266.20	51049.79
266.26	50981.63
266.33	50934.28
266.40	50896.06
266.47	50863.99
266.54	50821.82
266.61	50805.63
266.68	50793.11
266.74	50776.21
266.81	50735.11
266.88	50677.05
266.95	50555.41
267.02	50442.28
267.09	50359.21
267.16	50317.11
267.22	50314.13
267.29	50368.93
267.36	50440.01
267.43	50498.30
267.50	50515.33
267.57	50513.09
267.64	50472.65
267.70	50373.53
267.77	50261.91
267.84	50193.19
267.91	50147.09
267.98	50128.40
268.05	50161.92
268.11	50198.56
268.18	50198.92
268.25	50141.13
268.32	50048.91
268.39	49898.13
268.46	49710.26
268.53	49521.50
268.59	49365.31
268.66	49236.50
268.73	49167.22
268.80	49156.17
268.87	49201.34
268.94	49293.91
269.00	49388.64
269.07	49479.45
269.14	49550.96
269.21	49560.85
269.28	49510.93
269.35	49445.75
269.41	49368.21
269.48	49306.73
269.55	49284.60
269.62	49298.49
269.69	49313.45
269.76	49323.88
269.82	49295.68
269.89	49247.38
269.96	49182.68
270.03	49100.10
270.10	49003.68
270.17	48903.96
270.23	48819.02
270.30	48750.13
270.37	48724.41
270.44	48739.94
270.51	48766.54
270.58	48784.28
270.64	48780.92
270.71	48777.50
270.78	48765.42
270.85	48763.00
270.92	48773.35
270.99	48775.68
271.05	48736.07
271.12	48665.44
271.19	48578.61
271.26	48468.31
271.33	48380.78
271.39	48314.15
271.46	48247.37
271.53	48203.00
271.60	48163.77
271.67	48122.50
271.74	48077.32
271.80	48043.90
271.87	48003.54
271.94	47966.93
272.01	47915.76
272.08	47876.79
272.14	47846.30
272.21	47811.86
272.28	47776.86
272.35	47751.96
272.42	47723.83
272.48	47702.27
272.55	47700.84
272.62	47701.89
272.69	47691.06
272.76	47686.25
272.83	47669.81
272.89	47637.49
272.96	47612.66
273.03	47609.68
273.10	47595.75
273.17	47587.26
273.23	47555.00
273.30	47497.63
273.37	47390.64
273.44	47260.02
273.51	47117.94
273.57	47015.66
273.64	46951.57
273.71	46951.85
273.78	46982.97
273.85	47036.10
273.91	47093.28
273.98	47170.41
274.05	47260.33
274.12	47373.12
274.19	47503.23
274.25	47618.99
274.32	47683.39
274.39	47680.55
274.46	47616.64
274.53	47495.10
274.59	47336.17
274.66	47172.91
274.73	47042.56
274.80	46932.44
274.86	46848.61
274.93	46808.58
275.00	46788.80
275.07	46759.76
275.14	46739.07
275.20	46715.09
275.27	46687.94
275.34	46653.61
275.41	46639.26
275.48	46640.09
275.54	46650.34
275.61	46672.77
275.68	46707.16
275.75	46716.80
275.81	46714.44
275.88	46709.23
275.95	46717.88
276.02	46724.60
276.09	46734.66
276.15	46753.64
276.22	46772.68
276.29	46737.55
276.36	46645.78
276.42	46525.33
276.49	46377.00
276.56	46223.27
276.63	46091.66
276.70	46029.09
276.76	46020.35
276.83	46054.91
276.90	46120.59
276.97	46195.07
277.03	46234.33
277.10	46226.62
277.17	46170.37
277.24	46083.32
277.30	46004.45
277.37	45972.67
277.44	45986.72
277.51	46049.97
277.58	46106.11
277.64	46141.75
277.71	46124.15
277.78	46052.72
277.85	45914.48
277.91	45756.68
277.98	45597.60
278.05	45464.41
278.12	45372.55
278.18	45330.14
278.25	45338.58
278.32	45394.80
278.39	45497.32
278.45	45610.95
278.52	45761.47
278.59	45905.61
278.66	46020.00
278.72	46068.21
278.79	46055.44
278.86	45938.54
278.93	45753.20
278.99	45515.75
279.06	45292.12
279.13	45140.24
279.20	45104.66
279.26	45177.56
279.33	45320.54
279.40	45487.36
279.47	45660.44
279.53	45766.34
279.60	45761.46
279.67	45632.64
279.74	45396.46
279.80	45093.74
279.87	44807.21
279.94	44596.95
280.01	44510.19
280.07	44534.23
280.14	44597.76
280.21	44670.19
280.28	44734.73
280.34	44800.26
280.41	44853.12
280.48	44912.26
280.55	44959.64
280.61	45004.93
280.68	45016.52
280.75	45025.06
280.82	45041.61
280.88	45071.27
280.95	45074.13
281.02	45060.93
281.08	44995.42
281.15	44893.72
281.22	44757.08
281.29	44621.89
281.35	44468.90
281.42	44329.89
281.49	44163.02
281.56	44002.79
281.62	43862.38
281.69	43753.67
281.76	43661.71
281.82	43610.97
281.89	43593.48
281.96	43591.16
282.03	43611.55
282.09	43669.60
282.16	43750.02
282.23	43836.08
282.30	43932.59
282.36	44040.80
282.43	44138.56
282.50	44239.24
282.56	44300.07
282.63	44338.44
282.70	44362.80
282.77	44398.20
282.83	44428.29
282.90	44482.00
282.97	44508.23
283.03	44441.69
283.10	44277.14
283.17	44024.44
283.24	43716.73
283.30	43410.79
283.37	43196.01
283.44	43081.14
283.50	43043.41
283.57	43075.41
283.64	43126.88
283.71	43195.71
283.77	43255.42
283.84	43328.26
283.91	43388.90
283.97	43475.34
284.04	43562.16
284.11	43638.15
284.18	43714.28
284.24	43774.02
284.31	43794.08
284.38	43765.32
284.44	43736.04
284.51	43686.91
284.58	43652.44
284.64	43635.46
284.71	43614.76
284.78	43557.04
284.85	43478.19
284.91	43389.47
284.98	43289.46
285.05	43164.68
285.11	43036.59
285.18	42883.82
285.25	42702.42
285.31	42527.06
285.38	42420.60
285.45	42374.21
285.52	42427.03
285.58	42537.60
285.65	42673.89
285.72	42819.69
285.78	42961.58
285.85	43073.06
285.92	43170.95
285.98	43272.79
286.05	43375.48
286.12	43473.04
286.18	43563.18
286.25	43659.81
286.32	43739.02
286.39	43790.62
286.45	43801.02
286.52	43745.39
286.59	43599.33
286.65	43369.13
286.72	43084.28
286.79	42797.18
286.85	42548.06
286.92	42376.35
286.99	42298.56
287.05	42262.47
287.12	42297.55
287.19	42374.47
287.25	42471.22
287.32	42575.33
287.39	42693.21
287.45	42777.03
287.52	42857.36
287.59	42935.13
287.65	43009.33
287.72	43080.74
287.79	43166.72
287.86	43234.36
287.92	43290.14
287.99	43337.15
288.06	43406.35
288.12	43450.14
288.19	43497.31
288.26	43543.51
288.32	43576.87
288.39	43570.21
288.46	43551.01
288.52	43493.91
288.59	43368.18
288.66	43186.04
288.72	42960.63
288.79	42714.85
288.86	42482.51
288.92	42319.13
288.99	42236.62
289.06	42264.72
289.12	42353.59
289.19	42506.02
289.26	42702.40
289.32	42932.58
289.39	43148.60
289.45	43363.94
289.52	43527.76
289.59	43649.85
289.65	43692.32
289.72	43688.00
289.79	43656.07
289.85	43617.52
289.92	43564.91
289.99	43504.15
290.05	43413.48
290.12	43280.84
290.19	43173.87
290.25	43078.09
290.32	43026.36
290.39	43026.37
290.45	43071.64
290.52	43083.60
290.59	43047.18
290.65	42931.67
290.72	42765.29
290.79	42605.61
290.85	42523.55
290.92	42543.57
290.98	42665.89
291.05	42867.19
291.12	43090.88
291.18	43291.68
291.25	43462.35
291.32	43618.13
291.38	43765.77
291.45	43910.60
291.52	44038.35
291.58	44132.01
291.65	44188.18
291.72	44179.68
291.78	44115.53
291.85	43989.10
291.91	43831.15
291.98	43696.04
292.05	43573.41
292.11	43443.40
292.18	43320.82
292.25	43190.86
292.31	43033.16
292.38	42891.72
292.45	42790.94
292.51	42743.82
292.58	42752.87
292.64	42823.81
292.71	42922.38
292.78	43060.81
292.84	43206.97
292.91	43395.40
292.98	43572.64
293.04	43757.47
293.11	43930.22
293.17	44118.78
293.24	44276.05
293.31	44430.74
293.37	44558.59
293.44	44665.72
293.51	44720.77
293.57	44740.87
293.64	44698.76
293.70	44601.66
293.77	44394.64
293.84	44113.88
293.90	43784.15
293.97	43468.84
294.04	43224.65
294.10	43097.23
294.17	43083.60
294.23	43136.98
294.30	43188.68
294.37	43218.02
294.43	43218.62
294.50	43174.73
294.56	43131.37
294.63	43148.24
294.70	43225.28
294.76	43384.11
294.83	43620.45
294.90	43905.92
294.96	44184.08
295.03	44437.35
295.09	44676.73
295.16	44881.67
295.23	45048.51
295.29	45210.15
295.36	45346.61
295.42	45421.79
295.49	45465.50
295.56	45483.17
295.62	45454.24
295.69	45360.64
295.75	45217.73
295.82	45002.43
295.89	44712.77
295.95	44366.28
296.02	44041.26
296.08	43730.60
296.15	43457.21
296.22	43254.33
296.28	43151.51
296.35	43131.24
296.41	43221.92
296.48	43414.45
296.55	43697.22
296.61	44007.31
296.68	44330.08
296.74	44626.09
296.81	44892.33
296.88	45097.93
296.94	45265.22
297.01	45406.58
297.07	45540.64
297.14	45674.03
297.20	45828.67
297.27	45991.92
297.34	46144.15
297.40	46282.80
297.47	46383.34
297.53	46424.20
297.60	46424.23
297.67	46355.83
297.73	46208.23
297.80	45956.16
297.86	45602.03
297.93	45158.08
298.00	44699.96
298.06	44276.22
298.13	43987.41
298.19	43841.18
298.26	43836.90
298.32	43926.73
298.39	44054.00
298.46	44182.20
298.52	44341.15
298.59	44522.60
298.65	44732.37
298.72	44986.32
298.78	45270.08
298.85	45538.83
298.92	45795.01
298.98	46011.40
299.05	46206.26
299.11	46372.73
299.18	46528.43
299.24	46665.75
299.31	46787.42
299.38	46887.30
299.44	46964.81
299.51	47016.11
299.57	47046.86
299.64	47057.98
299.70	47054.05
299.77	46988.35
299.84	46826.62
299.90	46527.77
299.97	46041.12
300.03	45409.50
300.10	44768.63
300.16	44249.51
300.23	43915.64
300.30	43867.57
300.36	44032.00
300.43	44335.88
300.49	44678.32
300.56	45028.61
300.62	45360.28
300.69	45676.35
300.75	45958.97
300.82	46223.09
300.89	46458.51
300.95	46651.24
301.02	46808.78
301.08	46944.64
301.15	47067.43
301.21	47190.59
301.28	47309.65
301.34	47422.20
301.41	47523.50
301.48	47599.84
301.54	47639.22
301.61	47655.86
301.67	47640.62
301.74	47586.01
301.80	47455.90
301.87	47231.29
301.93	46897.09
302.00	46472.02
302.06	46003.37
302.13	45534.04
302.20	45163.94
302.26	44916.28
302.33	44818.29
302.39	44840.25
302.46	44965.71
302.52	45141.96
302.59	45367.60
302.65	45617.80
302.72	45880.71
302.78	46137.16
302.85	46400.91
302.91	46626.64
302.98	46821.70
303.05	46975.34
303.11	47128.87
303.18	47236.28
303.24	47346.84
303.31	47435.33
303.37	47522.32
303.44	47584.53
303.50	47629.27
303.57	47638.51
303.63	47639.34
303.70	47611.41
303.76	47567.25
303.83	47512.68
303.89	47438.49
303.96	47309.80
304.03	47115.90
304.09	46837.70
304.16	46432.36
304.22	45951.43
304.29	45494.17
304.35	45138.80
304.42	44944.80
304.48	44929.05
304.55	45056.05
304.61	45252.23
304.68	45486.85
304.74	45697.42
304.81	45913.95
304.87	46121.81
304.94	46317.41
305.00	46481.57
305.07	46610.04
305.13	46705.41
305.20	46780.48
305.26	46856.50
305.33	46920.52
305.39	47000.56
305.46	47053.86
305.52	47103.79
305.59	47125.39
305.66	47114.24
305.72	47078.76
305.79	47039.69
305.85	46977.06
305.92	46861.34
305.98	46691.34
306.05	46453.59
306.11	46173.86
306.18	45853.58
306.24	45539.63
306.31	45235.71
306.37	44942.65
306.44	44671.73
306.50	44442.91
306.57	44291.18
306.63	44270.14
306.70	44361.88
306.76	44532.13
306.83	44769.08
306.89	45002.49
306.96	45195.56
307.02	45351.43
307.09	45491.45
307.15	45604.89
307.22	45702.54
307.28	45760.15
307.35	45804.80
307.41	45846.01
307.48	45869.11
307.54	45880.38
307.61	45884.48
307.67	45877.75
307.74	45840.12
307.80	45790.82
307.87	45743.71
307.93	45697.39
308.00	45649.45
308.06	45602.02
308.13	45531.61
308.19	45422.60
308.26	45307.45
308.32	45180.22
308.38	45033.03
308.45	44862.32
308.51	44669.31
308.58	44438.02
308.64	44186.87
308.71	43953.60
308.77	43778.90
308.84	43687.37
308.90	43698.85
308.97	43785.93
309.03	43916.65
309.10	44040.48
309.16	44158.75
309.23	44244.96
309.29	44304.40
309.36	44326.90
309.42	44355.44
309.49	44378.37
309.55	44379.56
309.62	44358.13
309.68	44341.63
309.75	44301.98
309.81	44247.16
309.88	44193.21
309.94	44137.61
310.00	44078.06
310.07	44015.54
310.13	43955.48
310.20	43873.65
310.26	43797.32
310.33	43706.57
310.39	43622.37
310.46	43531.72
310.52	43438.48
310.59	43316.03
310.65	43173.90
310.72	43014.61
310.78	42843.68
310.85	42708.77
310.91	42627.64
310.97	42601.22
311.04	42607.11
311.10	42623.50
311.17	42651.52
311.23	42664.13
311.30	42665.99
311.36	42669.88
311.43	42687.23
311.49	42698.81
311.56	42709.91
311.62	42721.40
311.69	42741.01
311.75	42753.02
311.81	42737.58
311.88	42706.50
311.94	42664.58
312.01	42614.37
312.07	42548.46
312.14	42489.98
312.20	42445.54
312.27	42408.76
312.33	42352.19
312.40	42288.71
312.46	42224.66
312.52	42149.53
312.59	42065.06
312.65	41987.59
312.72	41910.22
312.78	41817.13
312.85	41728.53
312.91	41620.50
312.98	41505.54
313.04	41388.81
313.10	41275.39
313.17	41169.09
313.23	41087.09
313.30	41025.97
313.36	40991.15
313.43	40983.99
313.49	40993.56
313.56	41006.08
313.62	41011.90
313.68	41023.78
313.75	41020.12
313.81	40992.25
313.88	40955.10
313.94	40919.39
314.01	40878.64
314.07	40845.19
314.13	40820.53
314.20	40804.82
314.26	40781.49
314.33	40744.97
314.39	40710.82
314.46	40651.61
314.52	40582.20
314.58	40510.64
314.65	40428.86
314.71	40342.69
314.78	40265.67
314.84	40192.23
314.91	40123.50
314.97	40073.43
315.03	40024.06
315.10	39986.36
315.16	39931.03
315.23	39867.90
315.29	39799.88
315.36	39723.82
315.42	39656.21
315.48	39593.86
315.55	39548.19
315.61	39494.30
315.68	39449.81
315.74	39386.33
315.81	39343.17
315.87	39291.75
315.93	39270.53
316.00	39272.27
316.06	39276.38
316.13	39279.32
316.19	39265.50
316.25	39201.42
316.32	39073.97
316.38	38923.39
316.45	38723.99
316.51	38502.57
316.58	38256.67
316.64	38009.32
316.70	37762.61
316.77	37505.79
316.83	37247.82
316.90	36998.40
316.96	36744.18
317.02	36477.50
317.09	36231.66
317.15	35972.84
317.22	35711.43
317.28	35456.03
317.34	35206.88
317.41	34938.68
317.47	34683.23
317.54	34441.76
317.60	34191.46
317.66	33935.87
317.73	33679.34
317.79	33414.34
317.86	33144.61
317.92	32878.72
317.98	32602.08
318.05	32322.31
318.11	32041.50
318.18	31767.01
318.24	31492.37
318.30	31215.84
318.37	30946.37
318.43	30673.75
318.50	30393.69
318.56	30101.48
318.62	29838.00
318.69	29566.69
318.75	29302.18
318.82	29030.74
318.88	28767.90
318.94	28486.90
319.01	28211.97
319.07	27941.50
319.13	27663.93
319.20	27391.87
319.26	27104.77
319.33	26812.63
319.39	26503.90
319.45	26217.97
319.52	25927.73
319.58	25631.21
319.65	25354.42
319.71	25080.99
319.77	24795.01
319.84	24508.62
319.90	24227.46
319.96	23939.06
320.03	23643.64
320.09	23357.45
320.16	23060.71
320.22	22778.47
320.28	22485.05
320.35	22199.48
320.41	21906.77
320.47	21630.40
320.54	21340.98
320.60	21066.16
320.67	20795.89
320.73	20522.14
320.79	20240.76
320.86	19965.74
320.92	19677.49
320.98	19385.01
321.05	19086.92
321.11	18783.13
321.18	18482.34
321.24	18195.11
321.30	17903.32
321.37	17626.17
321.43	17355.89
321.49	17081.64
321.56	16801.36
321.62	16532.20
321.68	16257.14
321.75	15983.20
321.81	15703.24
321.88	15421.88
321.94	15137.58
322.00	14849.45
322.07	14558.39
322.13	14285.17
322.19	13993.60
322.26	13704.51
322.32	13423.79
322.38	13141.10
322.45	12858.69
322.51	12582.03
322.58	12315.48
322.64	12034.43
322.70	11772.88
322.77	11497.13
322.83	11237.07
322.89	10960.06
322.96	10694.08
323.02	10417.73
323.08	10147.03
323.15	9878.17
323.21	9621.26
323.27	9361.13
323.34	9101.40
323.40	8850.03
323.46	8594.05
323.53	8227.35
323.59	7103.19
323.65	5494.68
323.72	3806.76
323.78	2174.65
323.85	702.79
323.91	42.21
323.97	-81.81
324.04	-81.61
