180.21	3368.80
180.28	-114.70
180.36	626.21
180.44	-40.91
180.51	-11.80
180.59	10.90
180.66	37.61
180.74	34.03
180.81	31.38
180.89	33.20
180.97	33.32
181.04	30.98
181.12	29.37
181.19	30.45
181.27	30.82
181.34	48.33
181.42	55.98
181.50	64.50
181.57	76.43
181.65	81.94
181.72	76.49
181.80	70.88
181.87	70.24
181.95	69.92
182.03	68.57
182.10	70.11
182.18	71.59
182.25	77.64
182.33	77.43
182.40	85.11
182.48	80.46
182.55	91.81
182.63	95.42
182.71	97.47
182.78	98.67
182.86	105.18
182.93	103.03
183.01	105.34
183.08	106.41
183.16	111.69
183.23	107.60
183.31	113.67
183.39	113.41
183.46	123.49
183.54	118.54
183.61	126.08
183.69	127.71
183.76	137.62
183.84	136.77
183.91	139.38
183.99	149.79
184.06	151.72
184.14	155.17
184.22	158.91
184.29	162.17
184.37	159.78
184.44	154.54
184.52	141.95
184.59	138.05
184.67	141.72
184.74	135.87
184.82	148.05
184.89	161.39
184.97	172.05
185.04	179.04
185.12	188.16
185.20	196.13
185.27	204.60
185.35	213.97
185.42	214.39
185.50	227.78
185.57	228.39
185.65	234.03
185.72	233.58
185.80	242.79
185.87	239.79
185.95	238.67
186.02	240.29
186.10	238.65
186.17	237.37
186.25	236.81
186.33	228.57
186.40	218.96
186.48	220.18
186.55	223.73
186.63	226.78
186.70	254.74
186.78	274.07
186.85	291.59
186.93	304.38
187.00	319.86
187.08	317.70
187.15	325.93
187.23	331.30
187.30	338.45
187.38	351.15
187.45	368.27
187.53	381.90
187.60	390.62
187.68	401.59
187.75	412.85
187.83	421.62
187.90	419.43
187.98	420.05
188.05	421.78
188.13	405.76
188.21	383.32
188.28	380.65
188.36	376.17
188.43	374.43
188.51	389.99
188.58	417.70
188.66	423.44
188.73	439.43
188.81	460.85
188.88	472.13
188.96	485.30
189.03	514.65
189.11	539.08
189.18	554.99
189.26	574.47
189.33	600.45
189.41	625.07
189.48	645.33
189.56	664.43
189.63	681.70
189.71	677.68
189.78	658.20
189.86	636.43
189.93	617.85
190.01	591.63
190.08	574.04
190.16	561.99
190.23	544.60
190.31	537.75
190.38	536.52
190.46	544.73
190.53	567.36
190.61	611.93
190.68	640.35
190.76	685.41
190.83	723.76
190.91	750.71
190.98	764.95
191.06	788.76
191.13	801.53
191.21	808.99
191.28	809.95
191.35	811.41
191.43	803.35
191.50	788.35
191.58	784.40
191.65	792.37
191.73	797.87
191.80	809.06
191.88	815.87
191.95	818.73
192.03	822.42
192.10	830.94
192.18	843.55
192.25	863.93
192.33	874.55
192.40	875.58
192.48	872.10
192.55	863.74
192.63	851.21
192.70	848.33
192.78	854.14
192.85	869.51
192.93	880.38
193.00	880.26
193.08	867.99
193.15	854.11
193.22	844.38
193.30	844.18
193.37	882.27
193.45	924.42
193.52	978.29
193.60	1032.91
193.67	1081.28
193.75	1107.42
193.82	1140.05
193.90	1155.12
193.97	1157.27
194.05	1150.58
194.12	1133.12
194.20	1108.56
194.27	1078.53
194.34	1035.67
194.42	997.00
194.49	975.39
194.57	959.00
194.64	944.14
194.72	938.13
194.79	943.67
194.87	956.64
194.94	993.90
195.02	1051.88
195.09	1122.89
195.17	1198.00
195.24	1262.88
195.31	1309.92
195.39	1339.96
195.46	1359.00
195.54	1371.59
195.61	1371.04
195.69	1350.92
195.76	1319.33
195.84	1274.02
195.91	1191.82
195.99	1097.86
196.06	1018.09
196.13	968.69
196.21	951.75
196.28	981.59
196.36	1053.76
196.43	1140.64
196.51	1227.65
196.58	1310.28
196.66	1384.17
196.73	1437.45
196.80	1471.91
196.88	1491.33
196.95	1502.48
197.03	1497.68
197.10	1476.63
197.18	1444.88
197.25	1388.39
197.33	1306.69
197.40	1221.63
197.47	1134.47
197.55	1067.56
197.62	1030.06
197.70	1026.61
197.77	1055.21
197.85	1119.80
197.92	1194.64
197.99	1285.52
198.07	1387.14
198.14	1480.64
198.22	1570.56
198.29	1640.96
198.37	1691.94
198.44	1722.93
198.51	1733.10
198.59	1715.68
198.66	1687.35
198.74	1634.11
198.81	1541.77
198.89	1427.90
198.96	1317.87
199.03	1212.69
199.11	1136.68
199.18	1107.85
199.26	1132.91
199.33	1196.67
199.41	1295.77
199.48	1403.43
199.55	1521.03
199.63	1616.35
199.70	1705.50
199.78	1773.45
199.85	1838.26
199.93	1888.30
200.00	1935.55
200.07	1949.41
200.15	1944.65
200.22	1901.36
200.30	1815.96
200.37	1689.31
200.44	1526.99
200.52	1373.72
200.59	1268.11
200.67	1213.74
200.74	1223.17
200.81	1299.33
200.89	1397.46
200.96	1506.22
201.04	1613.23
201.11	1728.12
201.19	1843.20
201.26	1946.86
201.33	2029.46
201.41	2101.54
201.48	2142.58
201.56	2153.80
201.63	2155.23
201.70	2113.50
201.78	2032.77
201.85	1917.88
201.93	1781.70
202.00	1642.49
202.07	1530.66
202.15	1442.46
202.22	1398.75
202.30	1419.15
202.37	1477.95
202.44	1577.85
202.52	1721.94
202.59	1887.44
202.67	2029.31
202.74	2165.14
202.81	2279.73
202.89	2377.23
202.96	2469.92
203.04	2558.56
203.11	2614.07
203.18	2645.66
203.26	2635.90
203.33	2564.24
203.41	2437.45
203.48	2264.09
203.55	2031.90
203.63	1814.38
203.70	1660.61
203.77	1591.24
203.85	1615.68
203.92	1738.08
204.00	1922.34
204.07	2107.23
204.14	2289.86
204.22	2453.72
204.29	2624.33
204.37	2765.37
204.44	2892.10
204.51	2997.71
204.59	3071.23
204.66	3093.26
204.73	3084.03
204.81	3027.48
204.88	2924.42
204.96	2774.95
205.03	2569.80
205.10	2343.47
205.18	2154.62
205.25	1999.33
205.32	1913.63
205.40	1928.51
205.47	2025.18
205.55	2171.98
205.62	2366.39
205.69	2601.77
205.77	2843.18
205.84	3068.84
205.91	3268.97
205.99	3447.16
206.06	3590.08
206.14	3715.86
206.21	3834.43
206.28	3926.16
206.36	3983.47
206.43	3982.59
206.50	3913.62
206.58	3749.30
206.65	3497.20
206.72	3165.38
206.80	2820.76
206.87	2531.35
206.95	2363.62
207.02	2349.82
207.09	2487.93
207.17	2737.70
207.24	3033.08
207.31	3334.90
207.39	3620.37
207.46	3888.54
207.53	4139.32
207.61	4378.12
207.68	4588.51
207.75	4784.56
207.83	4944.99
207.90	5054.08
207.98	5092.03
208.05	5064.77
208.12	4941.79
208.20	4729.23
208.27	4429.90
208.34	4057.50
208.42	3667.39
208.49	3358.64
208.56	3167.13
208.64	3126.15
208.71	3238.77
208.78	3455.15
208.86	3722.18
208.93	4021.83
209.00	4342.01
209.08	4671.64
209.15	5015.50
209.22	5343.91
209.30	5639.20
209.37	5894.27
209.44	6125.17
209.52	6310.69
209.59	6439.34
209.67	6514.26
209.74	6509.11
209.81	6400.59
209.89	6170.94
209.96	5816.73
210.03	5371.12
210.11	4933.66
210.18	4546.61
210.25	4278.84
210.33	4201.75
210.40	4315.38
210.47	4567.31
210.55	4926.44
210.62	5343.08
210.69	5762.44
210.77	6177.16
210.84	6551.32
210.91	6910.87
210.99	7232.55
211.06	7539.15
211.13	7818.16
211.21	8078.40
211.28	8271.10
211.35	8416.44
211.42	8451.51
211.50	8354.45
211.57	8107.09
211.64	7723.39
211.72	7200.01
211.79	6637.34
211.86	6185.35
211.94	5945.02
212.01	5930.66
212.08	6164.09
212.16	6564.44
212.23	7008.14
212.30	7414.76
212.38	7780.91
212.45	8113.46
212.52	8415.14
212.60	8703.65
212.67	9013.26
212.74	9335.64
212.82	9656.98
212.89	9974.44
212.96	10257.23
213.03	10438.26
213.11	10519.00
213.18	10457.72
213.25	10266.32
213.33	9908.29
213.40	9439.86
213.47	8963.95
213.55	8580.51
213.62	8322.58
213.69	8285.93
213.77	8471.44
213.84	8792.75
213.91	9192.55
213.98	9628.86
214.06	10037.27
214.13	10389.92
214.20	10692.86
214.28	10995.02
214.35	11321.67
214.42	11686.03
214.50	12088.98
214.57	12506.20
214.64	12875.26
214.72	13164.26
214.79	13360.58
214.86	13435.65
214.93	13372.06
215.01	13165.46
215.08	12797.75
215.15	12270.23
215.23	11666.58
215.30	11171.18
215.37	10899.62
215.44	10939.73
215.52	11280.63
215.59	11843.27
215.66	12468.98
215.74	13043.09
215.81	13524.43
215.88	13959.41
215.95	14370.86
216.03	14771.28
216.10	15163.01
216.17	15531.83
216.25	15851.93
216.32	16112.05
216.39	16303.02
216.46	16444.93
216.54	16537.96
216.61	16557.43
216.68	16471.15
216.76	16277.28
216.83	15923.77
216.90	15419.43
216.97	14891.40
217.05	14509.91
217.12	14327.10
217.19	14419.95
217.27	14804.31
217.34	15383.37
217.41	16020.41
217.48	16669.15
217.56	17279.12
217.63	17825.41
217.70	18288.84
217.78	18687.32
217.85	19013.35
217.92	19288.08
217.99	19526.24
218.07	19727.30
218.14	19909.75
218.21	20098.09
218.28	20296.79
218.36	20460.81
218.43	20562.78
218.50	20546.67
218.57	20356.36
218.65	19954.23
218.72	19388.92
218.79	18805.03
218.87	18345.15
218.94	18136.87
219.01	18256.13
219.08	18690.59
219.16	19328.07
219.23	20030.40
219.30	20699.44
219.37	21276.47
219.45	21774.41
219.52	22222.33
219.59	22637.01
219.66	23021.85
219.74	23388.78
219.81	23748.48
219.88	24064.00
219.95	24346.87
220.03	24615.77
220.10	24847.40
220.17	24993.03
220.24	25043.22
220.32	24961.04
220.39	24711.62
220.46	24292.05
220.53	23759.88
220.61	23214.80
220.68	22826.36
220.75	22697.44
220.82	22856.07
220.90	23239.59
220.97	23772.26
221.04	24315.87
221.11	24787.68
221.19	25214.51
221.26	25626.86
221.33	26026.68
221.40	26428.32
221.48	26822.67
221.55	27197.23
221.62	27553.16
221.69	27891.20
221.77	28197.44
221.84	28471.72
221.91	28682.58
221.98	28841.00
222.06	28919.41
222.13	28902.70
222.20	28795.95
222.27	28622.46
222.35	28366.38
222.42	28111.45
222.49	27935.55
222.56	27862.73
222.63	27903.30
222.71	28060.42
222.78	28284.37
222.85	28520.92
222.92	28785.50
223.00	29053.34
223.07	29354.65
223.14	29672.45
223.21	30014.83
223.29	30357.19
223.36	30717.30
223.43	31060.45
223.50	31399.57
223.57	31708.33
223.65	31987.62
223.72	32183.51
223.79	32310.30
223.86	32368.43
223.94	32369.37
224.01	32329.32
224.08	32288.33
224.15	32233.30
224.22	32179.35
224.30	32138.09
224.37	32123.79
224.44	32166.35
224.51	32261.82
224.59	32409.47
224.66	32597.73
224.73	32818.55
224.80	33040.24
224.87	33290.21
224.95	33540.68
225.02	33822.35
225.09	34081.04
225.16	34341.66
225.23	34580.73
225.31	34808.38
225.38	34989.29
225.45	35162.77
225.52	35279.36
225.60	35348.79
225.67	35366.66
225.74	35325.30
225.81	35240.78
225.88	35171.04
225.96	35153.33
226.03	35192.98
226.10	35312.58
226.17	35479.47
226.24	35675.87
226.32	35872.56
226.39	36066.56
226.46	36262.77
226.53	36470.88
226.60	36673.77
226.68	36876.14
226.75	37074.98
226.82	37251.97
226.89	37413.40
226.96	37561.45
227.04	37679.79
227.11	37768.08
227.18	37870.78
227.25	37949.34
227.32	38023.15
227.40	38090.51
227.47	38156.07
227.54	38166.11
227.61	38147.94
227.68	38093.52
227.76	38015.72
227.83	37961.13
227.90	37989.85
227.97	38080.78
228.04	38228.11
228.11	38414.22
228.19	38605.33
228.26	38779.75
228.33	38938.66
228.40	39091.49
228.47	39245.12
228.55	39402.57
228.62	39531.55
228.69	39665.06
228.76	39772.67
228.83	39876.75
228.90	39966.60
228.98	40059.88
229.05	40153.49
229.12	40281.47
229.19	40409.33
229.26	40534.25
229.34	40636.18
229.41	40720.20
229.48	40764.07
229.55	40777.41
229.62	40775.84
229.69	40770.28
229.77	40731.39
229.84	40717.01
229.91	40727.74
229.98	40751.79
230.05	40817.26
230.12	40930.73
230.20	41052.71
230.27	41185.36
230.34	41328.83
230.41	41454.58
230.48	41564.56
230.55	41654.69
230.63	41748.40
230.70	41828.98
230.77	41892.34
230.84	41944.29
230.91	41999.09
230.98	42034.78
231.06	42085.63
231.13	42161.95
231.20	42277.09
231.27	42393.53
231.34	42506.88
231.41	42608.59
231.49	42693.20
231.56	42751.64
231.63	42796.95
231.70	42831.37
231.77	42857.82
231.84	42881.54
231.92	42896.33
231.99	42921.43
232.06	42960.75
232.13	43015.67
232.20	43082.90
232.27	43154.04
232.34	43220.28
232.42	43273.63
232.49	43318.77
232.56	43361.78
232.63	43412.84
232.70	43458.62
232.77	43518.95
232.85	43565.49
232.92	43610.92
232.99	43651.44
233.06	43709.49
233.13	43767.83
233.20	43827.52
233.27	43874.72
233.35	43914.15
233.42	43939.96
233.49	43967.58
233.56	44004.76
233.63	44051.93
233.70	44098.51
233.77	44151.09
233.85	44193.07
233.92	44252.00
233.99	44309.80
234.06	44366.09
234.13	44420.31
234.20	44473.43
234.27	44504.18
234.35	44531.65
234.42	44547.35
234.49	44543.32
234.56	44555.47
234.63	44555.85
234.70	44559.43
234.77	44572.59
234.84	44581.40
234.92	44566.05
234.99	44575.78
235.06	44589.05
235.13	44607.00
235.20	44636.74
235.27	44701.30
235.34	44738.18
235.41	44777.97
235.49	44820.84
235.56	44868.99
235.63	44889.90
235.70	44924.49
235.77	44944.47
235.84	44944.49
235.91	44942.22
235.98	44944.60
236.06	44937.81
236.13	44928.39
236.20	44929.91
236.27	44931.48
236.34	44939.27
236.41	44967.61
236.48	44985.72
236.55	45004.02
236.63	45024.56
236.70	45033.58
236.77	45020.15
236.84	45035.84
236.91	45059.38
236.98	45083.72
237.05	45104.88
237.12	45131.17
237.19	45137.15
237.27	45130.68
237.34	45128.88
237.41	45132.20
237.48	45132.84
237.55	45129.79
237.62	45146.05
237.69	45158.94
237.76	45183.89
237.83	45215.46
237.91	45240.27
237.98	45258.65
238.05	45264.37
238.12	45257.44
238.19	45249.73
238.26	45274.33
238.33	45284.99
238.40	45300.70
238.47	45307.90
238.54	45309.62
238.62	45294.07
238.69	45284.09
238.76	45263.35
238.83	45259.32
238.90	45268.06
238.97	45280.53
239.04	45305.59
239.11	45344.52
239.18	45376.66
239.25	45399.93
239.33	45390.32
239.40	45374.64
239.47	45348.77
239.54	45309.82
239.61	45268.68
239.68	45248.57
239.75	45237.07
239.82	45239.16
239.89	45250.02
239.96	45269.53
240.03	45288.69
240.11	45296.91
240.18	45299.90
240.25	45303.08
240.32	45313.48
240.39	45316.82
240.46	45341.40
240.53	45376.27
240.60	45419.81
240.67	45456.05
240.74	45509.53
240.81	45538.23
240.88	45556.13
240.96	45558.35
241.03	45563.50
241.10	45556.82
241.17	45552.73
241.24	45555.04
241.31	45576.21
241.38	45574.94
241.45	45569.35
241.52	45576.36
241.59	45576.98
241.66	45568.96
241.73	45581.08
241.80	45613.08
241.88	45633.01
241.95	45642.89
242.02	45654.46
242.09	45644.90
242.16	45631.61
242.23	45642.40
242.30	45664.06
242.37	45671.50
242.44	45709.54
242.51	45727.26
242.58	45728.87
242.65	45722.41
242.72	45733.28
242.79	45730.43
242.87	45744.16
242.94	45762.79
243.01	45790.87
243.08	45825.53
243.15	45847.34
243.22	45876.17
243.29	45904.09
243.36	45932.23
243.43	45960.09
243.50	46008.13
243.57	46052.62
243.64	46083.49
243.71	46119.60
243.78	46139.99
243.85	46155.35
243.92	46173.28
243.99	46184.04
244.07	46191.47
244.14	46205.15
244.21	46209.95
244.28	46214.61
244.35	46226.40
244.42	46246.81
244.49	46268.67
244.56	46292.29
244.63	46318.31
244.70	46339.75
244.77	46344.30
244.84	46360.96
244.91	46393.23
244.98	46405.72
245.05	46445.78
245.12	46487.33
245.19	46520.00
245.26	46546.79
245.33	46591.63
245.40	46628.82
245.47	46684.07
245.55	46736.33
245.62	46771.11
245.69	46815.25
245.76	46861.42
245.83	46902.86
245.90	46943.24
245.97	47009.13
246.04	47062.13
246.11	47102.60
246.18	47126.25
246.25	47137.30
246.32	47139.46
246.39	47143.75
246.46	47158.47
246.53	47198.60
246.60	47255.41
246.67	47317.99
246.74	47385.13
246.81	47448.30
246.88	47508.38
246.95	47550.08
247.02	47585.79
247.09	47615.76
247.16	47636.37
247.23	47655.54
247.30	47676.98
247.37	47684.80
247.44	47714.75
247.51	47758.55
247.58	47788.97
247.66	47846.20
247.73	47930.24
247.80	47986.15
247.87	48046.31
247.94	48118.66
248.01	48186.37
248.08	48240.76
248.15	48293.43
248.22	48337.03
248.29	48390.94
248.36	48435.99
248.43	48478.86
248.50	48545.11
248.57	48605.20
248.64	48651.89
248.71	48716.51
248.78	48787.75
248.85	48844.19
248.92	48905.90
248.99	48961.70
249.06	48986.52
249.13	49002.15
249.20	49033.37
249.27	49058.08
249.34	49082.04
249.41	49110.97
249.48	49143.39
249.55	49151.90
249.62	49169.52
249.69	49184.81
249.76	49220.75
249.83	49261.15
249.90	49321.30
249.97	49389.45
250.04	49479.81
250.11	49573.03
250.18	49662.69
250.25	49745.41
250.32	49800.26
250.39	49845.03
250.46	49888.00
250.53	49937.48
250.60	49988.38
250.67	50068.35
250.74	50151.02
250.81	50196.08
250.88	50225.52
250.95	50257.35
251.02	50272.99
251.09	50279.37
251.16	50301.71
251.23	50334.42
251.30	50360.53
251.37	50397.54
251.44	50435.37
251.51	50501.55
251.58	50578.42
251.65	50658.37
251.72	50732.35
251.79	50809.22
251.86	50851.65
251.93	50883.93
252.00	50905.86
252.07	50924.95
252.14	50946.01
252.21	50976.78
252.28	51003.62
252.35	51041.58
252.42	51098.97
252.49	51155.53
252.56	51206.98
252.63	51274.17
252.70	51333.60
252.77	51388.42
252.84	51442.07
252.91	51495.27
252.98	51536.59
253.05	51568.64
253.12	51585.36
253.19	51610.48
253.25	51644.08
253.32	51676.67
253.39	51733.92
253.46	51779.19
253.53	51807.81
253.60	51825.64
253.67	51848.07
253.74	51862.99
253.81	51892.93
253.88	51936.12
253.95	51987.57
254.02	52030.84
254.09	52073.21
254.16	52120.38
254.23	52157.91
254.30	52192.18
254.37	52231.89
254.44	52277.08
254.51	52314.49
254.58	52334.01
254.65	52369.81
254.72	52409.49
254.79	52425.11
254.86	52440.96
254.93	52460.03
255.00	52476.66
255.07	52500.51
255.14	52543.31
255.21	52575.59
255.28	52591.90
255.34	52584.27
255.41	52559.75
255.48	52511.52
255.55	52492.11
255.62	52509.14
255.69	52534.40
255.76	52564.83
255.83	52623.84
255.90	52665.95
255.97	52715.70
256.04	52764.43
256.11	52825.41
256.18	52889.89
256.25	52959.61
256.32	53010.62
256.39	53069.71
256.46	53117.67
256.53	53149.26
256.60	53178.78
256.67	53212.22
256.74	53227.02
256.80	53232.52
256.87	53236.74
256.94	53229.25
257.01	53225.32
257.08	53250.13
257.15	53275.32
257.22	53298.86
257.29	53297.22
257.36	53265.08
257.43	53197.67
257.50	53132.01
257.57	53065.58
257.64	53043.22
257.71	53058.24
257.78	53117.75
257.85	53188.32
257.92	53290.49
257.98	53373.75
258.05	53437.35
258.12	53454.69
258.19	53438.12
258.26	53364.16
258.33	53284.86
258.40	53218.44
258.47	53182.11
258.54	53175.96
258.61	53212.36
258.68	53267.58
258.75	53326.23
258.82	53396.29
258.89	53447.71
258.95	53479.90
259.02	53488.07
259.09	53465.63
259.16	53422.72
259.23	53387.90
259.30	53357.62
259.37	53340.35
259.44	53341.20
259.51	53347.00
259.58	53353.74
259.65	53360.29
259.72	53359.31
259.79	53349.95
259.85	53322.88
259.92	53296.96
259.99	53284.93
260.06	53290.41
260.13	53300.63
260.20	53318.88
260.27	53308.03
260.34	53277.13
260.41	53243.93
260.48	53222.87
260.55	53213.43
260.62	53204.84
260.68	53182.59
260.75	53152.83
260.82	53130.21
260.89	53098.19
260.96	53103.77
261.03	53125.71
261.10	53135.50
261.17	53109.82
261.24	53068.79
261.31	52994.81
261.38	52916.73
261.44	52841.77
261.51	52775.67
261.58	52751.48
261.65	52765.00
261.72	52796.52
261.79	52814.98
261.86	52828.57
261.93	52816.02
262.00	52777.24
262.07	52701.33
262.13	52640.95
262.20	52613.01
262.27	52590.83
262.34	52588.49
262.41	52625.33
262.48	52663.55
262.55	52696.05
262.62	52721.56
262.69	52724.33
262.76	52704.47
262.82	52679.25
262.89	52655.17
262.96	52634.25
263.03	52627.91
263.10	52619.32
263.17	52601.17
263.24	52560.69
263.31	52537.62
263.38	52534.19
263.44	52558.75
263.51	52584.88
263.58	52606.04
263.65	52583.74
263.72	52488.52
263.79	52365.68
263.86	52253.20
263.93	52173.33
264.00	52128.75
264.06	52132.75
264.13	52142.04
264.20	52140.33
264.27	52096.06
264.34	52017.51
264.41	51940.14
264.48	51864.51
264.55	51785.70
264.61	51703.23
264.68	51628.39
264.75	51556.46
264.82	51480.00
264.89	51431.44
264.96	51426.34
265.03	51439.10
265.10	51462.94
265.16	51489.71
265.23	51484.60
265.30	51449.10
265.37	51388.99
265.44	51318.33
265.51	51275.98
265.58	51266.43
265.65	51283.59
265.71	51335.11
265.78	51388.98
265.85	51388.11
265.92	51349.76
265.99	51257.56
266.06	51138.72
266.13	51006.06
266.20	50892.88
266.26	50815.57
266.33	50774.29
266.40	50743.16
266.47	50700.59
266.54	50658.39
266.61	50637.65
266.68	50619.80
266.74	50596.54
266.81	50576.97
266.88	50528.78
266.95	50420.56
267.02	50316.43
267.09	50243.84
267.16	50188.10
267.22	50188.43
267.29	50231.69
267.36	50291.36
267.43	50330.75
267.50	50364.47
267.57	50356.11
267.64	50301.66
267.70	50208.65
267.77	50111.05
267.84	50037.82
267.91	49992.00
267.98	49983.21
268.05	50016.73
268.11	50050.06
268.18	50044.65
268.25	49993.51
268.32	49901.78
268.39	49752.45
268.46	49567.41
268.53	49372.40
268.59	49204.61
268.66	49087.92
268.73	49017.76
268.80	49015.30
268.87	49067.00
268.94	49161.81
269.00	49260.51
269.07	49347.93
269.14	49403.39
269.21	49419.94
269.28	49383.96
269.35	49314.38
269.41	49245.35
269.48	49195.04
269.55	49158.85
269.62	49160.53
269.69	49176.12
269.76	49172.04
269.82	49144.90
269.89	49109.64
269.96	49047.06
270.03	48960.28
270.10	48876.79
270.17	48771.16
270.23	48674.45
270.30	48605.30
270.37	48581.45
270.44	48589.57
270.51	48620.75
270.58	48637.65
270.64	48643.92
270.71	48626.58
270.78	48616.64
270.85	48626.11
270.92	48644.69
270.99	48644.86
271.05	48621.73
271.12	48548.85
271.19	48449.26
271.26	48328.51
271.33	48226.77
271.39	48158.36
271.46	48096.02
271.53	48048.75
271.60	48015.27
271.67	47974.37
271.74	47923.04
271.80	47886.51
271.87	47849.72
271.94	47818.81
272.01	47778.40
272.08	47743.58
272.14	47709.39
272.21	47678.73
272.28	47650.90
272.35	47636.23
272.42	47619.86
272.48	47628.89
272.55	47620.67
272.62	47606.30
272.69	47590.52
272.76	47584.71
272.83	47541.45
272.89	47519.21
272.96	47502.78
273.03	47496.49
273.10	47474.75
273.17	47462.35
273.23	47432.21
273.30	47371.80
273.37	47269.79
273.44	47135.11
273.51	47002.95
273.57	46897.79
273.64	46831.09
273.71	46812.96
273.78	46838.48
273.85	46887.08
273.91	46939.63
273.98	47026.51
274.05	47133.54
274.12	47262.56
274.19	47394.32
274.25	47507.29
274.32	47562.30
274.39	47559.58
274.46	47497.00
274.53	47373.00
274.59	47209.69
274.66	47057.61
274.73	46919.89
274.80	46802.99
274.86	46715.82
274.93	46682.52
275.00	46660.66
275.07	46640.98
275.14	46614.01
275.20	46598.81
275.27	46575.11
275.34	46547.69
275.41	46523.27
275.48	46530.07
275.54	46540.96
275.61	46557.89
275.68	46575.70
275.75	46585.88
275.81	46576.52
275.88	46575.45
275.95	46573.55
276.02	46580.77
276.09	46599.51
276.15	46627.22
276.22	46628.17
276.29	46601.26
276.36	46506.23
276.42	46379.31
276.49	46225.69
276.56	46087.66
276.63	45973.47
276.70	45911.78
276.76	45906.26
276.83	45946.97
276.90	46009.12
276.97	46066.03
277.03	46114.09
277.10	46097.87
277.17	46038.24
277.24	45947.50
277.30	45876.16
277.37	45842.19
277.44	45861.41
277.51	45915.22
277.58	45974.43
277.64	46009.23
277.71	45987.78
277.78	45915.53
277.85	45795.06
277.91	45637.33
277.98	45468.12
278.05	45338.48
278.12	45253.74
278.18	45217.40
278.25	45240.87
278.32	45305.44
278.39	45408.62
278.45	45523.08
278.52	45649.39
278.59	45779.73
278.66	45884.30
278.72	45927.71
278.79	45905.53
278.86	45808.06
278.93	45617.40
278.99	45392.55
279.06	45171.02
279.13	45025.90
279.20	44987.82
279.26	45056.61
279.33	45187.52
279.40	45368.97
279.47	45537.73
279.53	45642.80
279.60	45638.12
279.67	45509.19
279.74	45266.71
279.80	44956.65
279.87	44652.89
279.94	44450.88
280.01	44370.54
280.07	44383.72
280.14	44462.08
280.21	44542.08
280.28	44613.21
280.34	44669.97
280.41	44722.42
280.48	44755.86
280.55	44807.52
280.61	44846.36
280.68	44879.24
280.75	44884.41
280.82	44912.29
280.88	44941.71
280.95	44938.77
281.02	44917.69
281.08	44868.20
281.15	44773.46
281.22	44647.74
281.29	44511.45
281.35	44364.65
281.42	44219.82
281.49	44060.04
281.56	43894.92
281.62	43763.80
281.69	43647.33
281.76	43560.42
281.82	43511.78
281.89	43494.47
281.96	43498.22
282.03	43526.87
282.09	43574.34
282.16	43638.09
282.23	43715.00
282.30	43804.53
282.36	43915.03
282.43	44022.46
282.50	44133.15
282.56	44210.96
282.63	44262.04
282.70	44285.01
282.77	44321.51
282.83	44345.71
282.90	44378.71
282.97	44380.17
283.03	44307.12
283.10	44138.92
283.17	43891.50
283.24	43592.26
283.30	43293.97
283.37	43077.79
283.44	42957.82
283.50	42926.33
283.57	42959.72
283.64	43023.91
283.71	43087.62
283.77	43141.45
283.84	43209.88
283.91	43272.39
283.97	43350.63
284.04	43437.00
284.11	43528.54
284.18	43599.06
284.24	43652.75
284.31	43673.80
284.38	43652.49
284.44	43623.41
284.51	43586.99
284.58	43563.85
284.64	43549.58
284.71	43531.52
284.78	43472.77
284.85	43389.73
284.91	43290.99
284.98	43183.89
285.05	43071.72
285.11	42944.77
285.18	42787.09
285.25	42601.61
285.31	42432.43
285.38	42309.98
285.45	42272.38
285.52	42324.12
285.58	42448.64
285.65	42600.11
285.72	42748.95
285.78	42878.60
285.85	42993.88
285.92	43081.85
285.98	43166.87
286.05	43266.28
286.12	43369.41
286.18	43472.54
286.25	43583.65
286.32	43665.95
286.39	43721.81
286.45	43734.42
286.52	43668.81
286.59	43517.32
286.65	43284.98
286.72	42998.02
286.79	42693.36
286.85	42446.02
286.92	42270.41
286.99	42182.43
287.05	42147.57
287.12	42181.07
287.19	42253.22
287.25	42358.99
287.32	42471.08
287.39	42600.34
287.45	42702.17
287.52	42770.54
287.59	42831.51
287.65	42901.00
287.72	42957.37
287.79	43030.10
287.86	43107.98
287.92	43178.27
287.99	43245.31
288.06	43323.31
288.12	43367.72
288.19	43414.61
288.26	43444.61
288.32	43459.45
288.39	43435.36
288.46	43406.85
288.52	43349.76
288.59	43246.09
288.66	43065.10
288.72	42848.54
288.79	42622.12
288.86	42393.08
288.92	42220.85
288.99	42147.88
289.06	42171.10
289.12	42267.37
289.19	42430.20
289.26	42621.69
289.32	42841.68
289.39	43047.68
289.45	43243.88
289.52	43401.63
289.59	43517.09
289.65	43568.81
289.72	43574.98
289.79	43555.02
289.85	43520.45
289.92	43464.61
289.99	43398.58
290.05	43305.71
290.12	43180.94
290.19	43065.96
290.25	42983.90
290.32	42943.63
290.39	42964.10
290.45	42994.47
290.52	43007.42
290.59	42963.96
290.65	42846.36
290.72	42671.29
290.79	42514.40
290.85	42422.18
290.92	42451.72
290.98	42567.46
291.05	42768.97
291.12	42990.99
291.18	43204.16
291.25	43373.54
291.32	43537.54
291.38	43685.78
291.45	43832.17
291.52	43956.30
291.58	44044.79
291.65	44084.39
291.72	44071.65
291.78	43997.34
291.85	43866.19
291.91	43715.84
291.98	43594.31
292.05	43469.20
292.11	43355.80
292.18	43239.15
292.25	43106.83
292.31	42936.96
292.38	42799.10
292.45	42697.31
292.51	42647.40
292.58	42658.46
292.64	42728.91
292.71	42825.28
292.78	42964.38
292.84	43122.92
292.91	43301.93
292.98	43481.65
293.04	43664.62
293.11	43819.41
293.17	43991.23
293.24	44160.31
293.31	44319.84
293.37	44456.67
293.44	44572.07
293.51	44634.59
293.57	44639.20
293.64	44598.51
293.70	44491.83
293.77	44293.56
293.84	44023.48
293.90	43698.16
293.97	43400.34
294.04	43163.05
294.10	43031.15
294.17	43002.02
294.23	43054.71
294.30	43101.58
294.37	43122.48
294.43	43109.64
294.50	43075.29
294.56	43044.53
294.63	43055.75
294.70	43149.99
294.76	43322.79
294.83	43550.09
294.90	43812.77
294.96	44078.94
295.03	44326.80
295.09	44553.49
295.16	44752.22
295.23	44920.07
295.29	45077.15
295.36	45201.91
295.42	45297.62
295.49	45357.29
295.56	45395.26
295.62	45372.83
295.69	45284.40
295.75	45129.28
295.82	44910.90
295.89	44613.77
295.95	44282.68
296.02	43947.41
296.08	43633.59
296.15	43355.00
296.22	43152.18
296.28	43035.45
296.35	43030.71
296.41	43121.19
296.48	43312.97
296.55	43601.70
296.61	43926.88
296.68	44248.36
296.74	44552.77
296.81	44818.74
296.88	45009.62
296.94	45155.09
297.01	45286.29
297.07	45413.88
297.14	45560.91
297.20	45725.62
297.27	45908.11
297.34	46071.29
297.40	46219.04
297.47	46305.18
297.53	46344.50
297.60	46317.36
297.67	46238.13
297.73	46072.75
297.80	45824.00
297.86	45474.85
297.93	45053.38
298.00	44600.32
298.06	44191.67
298.13	43900.08
298.19	43741.36
298.26	43728.18
298.32	43812.09
298.39	43931.23
298.46	44072.95
298.52	44243.40
298.59	44426.52
298.65	44641.49
298.72	44903.44
298.78	45168.52
298.85	45432.40
298.92	45680.26
298.98	45898.44
299.05	46094.80
299.11	46277.70
299.18	46429.57
299.24	46575.66
299.31	46696.34
299.38	46801.05
299.44	46863.32
299.51	46920.02
299.57	46950.44
299.64	46964.76
299.70	46944.88
299.77	46892.73
299.84	46733.11
299.90	46420.19
299.97	45939.09
300.03	45312.43
300.10	44667.45
300.16	44140.50
300.23	43835.17
300.30	43775.37
300.36	43934.74
300.43	44243.66
300.49	44582.42
300.56	44920.10
300.62	45254.86
300.69	45569.49
300.75	45850.82
300.82	46119.28
300.89	46346.37
300.95	46540.58
301.02	46706.29
301.08	46843.88
301.15	46969.93
301.21	47096.79
301.28	47207.59
301.34	47331.46
301.41	47428.70
301.48	47504.68
301.54	47556.48
301.61	47578.53
301.67	47545.86
301.74	47474.93
301.80	47330.49
301.87	47092.26
301.93	46758.85
302.00	46336.80
302.06	45874.73
302.13	45422.43
302.20	45060.25
302.26	44809.48
302.33	44712.30
302.39	44719.82
302.46	44838.68
302.52	45006.63
302.59	45237.93
302.65	45488.59
302.72	45768.25
302.78	46035.54
302.85	46296.76
302.91	46520.74
302.98	46719.39
303.05	46882.78
303.11	47034.05
303.18	47149.05
303.24	47263.08
303.31	47363.26
303.37	47446.74
303.44	47503.03
303.50	47546.76
303.57	47560.11
303.63	47549.31
303.70	47526.71
303.76	47487.09
303.83	47429.45
303.89	47340.91
303.96	47204.28
304.03	47000.17
304.09	46719.11
304.16	46324.79
304.22	45857.60
304.29	45412.57
304.35	45066.66
304.42	44861.07
304.48	44836.21
304.55	44952.10
304.61	45148.31
304.68	45380.54
304.74	45607.38
304.81	45820.86
304.87	46024.00
304.94	46227.03
305.00	46393.01
305.07	46532.37
305.13	46634.47
305.20	46731.83
305.26	46803.03
305.33	46857.79
305.39	46916.82
305.46	46968.35
305.52	47013.29
305.59	47026.77
305.66	47030.24
305.72	47004.89
305.79	46962.36
305.85	46890.38
305.92	46777.38
305.98	46597.06
306.05	46346.25
306.11	46070.89
306.18	45752.31
306.24	45445.12
306.31	45142.19
306.37	44860.35
306.44	44593.07
306.50	44366.13
306.57	44207.12
306.63	44177.54
306.70	44267.08
306.76	44443.81
306.83	44680.75
306.89	44913.54
306.96	45108.74
307.02	45277.05
307.09	45418.55
307.15	45523.18
307.22	45619.98
307.28	45692.69
307.35	45733.92
307.41	45749.75
307.48	45767.24
307.54	45768.65
307.61	45759.52
307.67	45737.64
307.74	45717.92
307.80	45692.59
307.87	45653.22
307.93	45622.92
308.00	45586.46
308.06	45527.33
308.13	45435.97
308.19	45319.34
308.26	45189.89
308.32	45055.29
308.38	44916.68
308.45	44759.60
308.51	44589.35
308.58	44354.46
308.64	44092.42
308.71	43862.54
308.77	43708.02
308.84	43614.93
308.90	43629.88
308.97	43724.66
309.03	43835.72
309.10	43943.91
309.16	44051.64
309.23	44138.17
309.29	44201.71
309.36	44238.76
309.42	44262.04
309.49	44277.32
309.55	44284.84
309.62	44268.82
309.68	44251.59
309.75	44213.66
309.81	44171.59
309.88	44120.43
309.94	44061.48
310.00	44002.67
310.07	43930.80
310.13	43865.72
310.20	43770.81
310.26	43695.18
310.33	43605.83
310.39	43540.41
310.46	43451.92
310.52	43368.08
310.59	43240.08
310.65	43099.21
310.72	42923.39
310.78	42760.50
310.85	42620.50
310.91	42540.82
310.97	42503.93
311.04	42511.37
311.10	42531.88
311.17	42569.70
311.23	42576.97
311.30	42581.40
311.36	42587.99
311.43	42603.51
311.49	42608.20
311.56	42630.75
311.62	42646.96
311.69	42651.51
311.75	42655.32
311.81	42637.93
311.88	42612.72
311.94	42573.92
312.01	42540.22
312.07	42471.63
312.14	42422.16
312.20	42368.75
312.27	42318.29
312.33	42259.85
312.40	42209.50
312.46	42132.32
312.52	42061.05
312.59	41983.65
312.65	41900.34
312.72	41814.37
312.78	41743.57
312.85	41649.77
312.91	41547.09
312.98	41427.23
313.04	41305.64
313.10	41183.81
313.17	41075.40
313.23	41000.78
313.30	40952.86
313.36	40914.88
313.43	40892.76
313.49	40901.67
313.56	40905.22
313.62	40910.11
313.68	40909.77
313.75	40918.15
313.81	40906.05
313.88	40876.43
313.94	40839.77
314.01	40815.40
314.07	40784.26
314.13	40751.50
314.20	40733.83
314.26	40715.90
314.33	40671.49
314.39	40630.86
314.46	40576.68
314.52	40507.89
314.58	40422.83
314.65	40352.38
314.71	40259.31
314.78	40177.27
314.84	40098.83
314.91	40038.09
314.97	39994.21
315.03	39954.62
315.10	39905.80
315.16	39841.74
315.23	39773.59
315.29	39692.38
315.36	39627.55
315.42	39561.33
315.48	39517.49
315.55	39478.21
315.61	39429.66
315.68	39365.81
315.74	39314.34
315.81	39256.32
315.87	39188.29
315.93	39161.32
316.00	39163.40
316.06	39156.49
316.13	39157.94
316.19	39158.48
316.25	39100.95
316.32	38982.45
316.38	38835.88
316.45	38641.08
316.51	38416.66
316.58	38183.22
316.64	37933.39
316.70	37681.06
316.77	37427.67
316.83	37177.62
316.90	36920.90
316.96	36671.25
317.02	36412.77
317.09	36162.26
317.15	35908.20
317.22	35634.13
317.28	35360.20
317.34	35098.68
317.41	34846.57
317.47	34589.39
317.54	34348.88
317.60	34109.31
317.66	33870.39
317.73	33602.01
317.79	33342.34
317.86	33080.30
317.92	32815.51
317.98	32532.96
318.05	32254.54
318.11	31971.67
318.18	31692.55
318.24	31413.01
318.30	31146.01
318.37	30878.21
318.43	30601.40
318.50	30316.76
318.56	30040.82
318.62	29764.89
318.69	29498.81
318.75	29234.90
318.82	28974.14
318.88	28707.62
318.94	28434.29
319.01	28159.00
319.07	27881.88
319.13	27604.85
319.20	27329.27
319.26	27045.47
319.33	26755.72
319.39	26460.15
319.45	26169.36
319.52	25872.23
319.58	25587.25
319.65	25293.71
319.71	25017.19
319.77	24723.17
319.84	24440.68
319.90	24152.59
319.96	23872.45
320.03	23578.74
320.09	23308.32
320.16	23020.10
320.22	22735.33
320.28	22448.29
320.35	22163.40
320.41	21873.55
320.47	21590.04
320.54	21308.17
320.60	21040.19
320.67	20770.20
320.73	20499.23
320.79	20220.90
320.86	19943.17
320.92	19638.85
320.98	19339.31
321.05	19034.31
321.11	18732.99
321.18	18429.19
321.24	18153.98
321.30	17879.21
321.37	17605.32
321.43	17337.59
321.49	17067.77
321.56	16794.75
321.62	16526.60
321.68	16251.73
321.75	15970.34
321.81	15694.66
321.88	15406.04
321.94	15110.82
322.00	14823.66
322.07	14537.85
322.13	14244.26
322.19	13952.46
322.26	13664.93
322.32	13381.07
322.38	13102.14
322.45	12835.53
322.51	12560.29
322.58	12298.07
322.64	12016.25
322.70	11753.45
322.77	11474.01
322.83	11212.79
322.89	10932.56
322.96	10670.91
323.02	10391.76
323.08	10121.62
323.15	9849.66
323.21	9585.16
323.27	9322.72
323.34	9068.10
323.40	8819.39
323.46	8567.88
323.53	8207.53
323.59	7088.50
323.65	5484.07
323.72	3799.60
323.78	2171.82
323.85	702.99
323.91	42.57
323.97	-83.15
324.04	-83.75
