180.21	3364.75
180.28	-115.02
180.36	624.44
180.44	-43.17
180.51	-15.14
180.59	6.18
180.66	31.96
180.74	28.28
180.81	26.93
180.89	28.95
180.97	29.24
181.04	27.19
181.12	26.35
181.19	26.36
181.27	26.74
181.34	44.95
181.42	51.90
181.50	59.13
181.57	70.84
181.65	76.91
181.72	70.03
181.80	65.03
181.87	65.34
181.95	64.77
182.03	63.26
182.10	66.22
182.18	67.70
182.25	72.80
182.33	72.51
182.40	78.83
182.48	73.80
182.55	85.03
182.63	88.94
182.71	91.93
182.78	94.40
182.86	101.09
182.93	98.27
183.01	100.57
183.08	101.06
183.16	105.98
183.23	102.85
183.31	109.68
183.39	109.13
183.46	119.24
183.54	114.15
183.61	121.39
183.69	123.50
183.76	134.16
183.84	133.20
183.91	136.21
183.99	145.89
184.06	147.59
184.14	151.68
184.22	156.20
184.29	159.66
184.37	158.33
184.44	153.28
184.52	140.77
184.59	138.09
184.67	142.24
184.74	137.67
184.82	151.21
184.89	164.99
184.97	175.07
185.04	183.93
185.12	194.00
185.20	203.39
185.27	214.02
185.35	225.24
185.42	226.50
185.50	239.67
185.57	241.16
185.65	247.42
185.72	249.10
185.80	259.16
185.87	258.78
185.95	260.19
186.02	263.30
186.10	263.76
186.17	264.85
186.25	264.74
186.33	255.92
186.40	246.88
186.48	247.22
186.55	250.73
186.63	255.39
186.70	285.29
186.78	306.99
186.85	329.05
186.93	345.89
187.00	367.54
187.08	371.02
187.15	387.34
187.23	399.43
187.30	411.80
187.38	429.42
187.45	450.97
187.53	467.05
187.60	475.43
187.68	488.49
187.75	499.48
187.83	508.00
187.90	504.18
187.98	503.00
188.05	501.18
188.13	481.63
188.21	456.12
188.28	451.44
188.36	447.87
188.43	451.28
188.51	471.36
188.58	508.38
188.66	526.90
188.73	554.12
188.81	584.70
188.88	606.45
188.96	626.26
189.03	657.78
189.11	684.86
189.18	703.69
189.26	723.95
189.33	749.52
189.41	775.45
189.48	797.52
189.56	816.02
189.63	838.17
189.71	840.55
189.78	827.16
189.86	811.10
189.93	798.88
190.01	772.21
190.08	754.28
190.16	740.49
190.23	721.87
190.31	714.77
190.38	716.40
190.46	728.65
190.53	757.10
190.61	806.92
190.68	840.41
190.76	891.49
190.83	931.24
190.91	963.54
190.98	984.81
191.06	1015.23
191.13	1034.02
191.21	1053.97
191.28	1067.02
191.35	1081.49
191.43	1088.93
191.50	1092.12
191.58	1102.49
191.65	1115.62
191.73	1124.66
191.80	1137.68
191.88	1143.49
191.95	1142.72
192.03	1143.58
192.10	1146.90
192.18	1147.44
192.25	1154.94
192.33	1154.11
192.40	1144.93
192.48	1136.35
192.55	1134.47
192.63	1130.60
192.70	1141.62
192.78	1162.95
192.85	1193.77
192.93	1218.72
193.00	1237.06
193.08	1247.70
193.15	1258.64
193.22	1269.88
193.30	1286.18
193.37	1324.31
193.45	1358.31
193.52	1398.54
193.60	1439.87
193.67	1470.90
193.75	1491.88
193.82	1516.30
193.90	1531.17
193.97	1535.79
194.05	1537.99
194.12	1528.80
194.20	1522.64
194.27	1512.32
194.34	1488.72
194.42	1469.81
194.49	1464.67
194.57	1456.54
194.64	1444.21
194.72	1441.24
194.79	1444.42
194.87	1454.73
194.94	1484.44
195.02	1528.36
195.09	1582.34
195.17	1641.93
195.24	1691.05
195.31	1726.94
195.39	1752.96
195.46	1770.18
195.54	1782.43
195.61	1788.85
195.69	1781.62
195.76	1768.45
195.84	1746.40
195.91	1701.28
195.99	1650.21
196.06	1607.91
196.13	1585.13
196.21	1584.22
196.28	1610.56
196.36	1663.72
196.43	1724.40
196.51	1785.91
196.58	1844.14
196.66	1892.30
196.73	1924.66
196.80	1947.40
196.88	1958.01
196.95	1964.78
197.03	1965.70
197.10	1954.90
197.18	1937.25
197.25	1909.62
197.33	1868.41
197.40	1831.62
197.47	1789.69
197.55	1760.29
197.62	1744.36
197.70	1747.18
197.77	1766.55
197.85	1812.11
197.92	1863.46
197.99	1928.75
198.07	1996.33
198.14	2054.91
198.22	2112.63
198.29	2153.09
198.37	2182.24
198.44	2205.40
198.51	2211.56
198.59	2200.72
198.66	2190.24
198.74	2161.32
198.81	2107.43
198.89	2044.68
198.96	1984.54
199.03	1926.57
199.11	1890.67
199.18	1881.37
199.26	1908.90
199.33	1962.31
199.41	2035.09
199.48	2107.06
199.55	2185.77
199.63	2247.18
199.70	2303.86
199.78	2346.41
199.85	2387.25
199.93	2414.63
200.00	2440.60
200.07	2440.66
200.15	2434.41
200.22	2409.46
200.30	2361.35
200.37	2295.07
200.44	2215.10
200.52	2139.89
200.59	2097.47
200.67	2087.72
200.74	2108.49
200.81	2168.77
200.89	2239.64
200.96	2313.57
201.04	2380.08
201.11	2458.33
201.19	2529.28
201.26	2596.00
201.33	2645.23
201.41	2690.64
201.48	2718.76
201.56	2730.44
201.63	2734.28
201.70	2713.90
201.78	2675.97
201.85	2616.50
201.93	2547.32
202.00	2474.58
202.07	2422.17
202.15	2376.37
202.22	2354.80
202.30	2377.62
202.37	2428.81
202.44	2503.13
202.52	2609.16
202.59	2725.22
202.67	2815.52
202.74	2900.38
202.81	2970.09
202.89	3025.22
202.96	3078.62
203.04	3132.54
203.11	3163.81
203.18	3182.20
203.26	3178.57
203.33	3137.86
203.41	3069.27
203.48	2982.48
203.55	2858.72
203.63	2748.65
203.70	2682.22
203.77	2669.84
203.85	2708.98
203.92	2810.08
204.00	2948.84
204.07	3080.04
204.14	3205.07
204.22	3314.39
204.29	3424.13
204.37	3505.77
204.44	3579.15
204.51	3640.69
204.59	3688.37
204.66	3705.90
204.73	3718.54
204.81	3704.30
204.88	3666.80
204.96	3603.02
205.03	3508.08
205.10	3395.58
205.18	3306.14
205.25	3235.81
205.32	3203.00
205.40	3227.35
205.47	3299.44
205.55	3401.78
205.62	3536.50
205.69	3693.82
205.77	3850.99
205.84	4002.91
205.91	4137.31
205.99	4243.29
206.06	4328.71
206.14	4405.17
206.21	4475.49
206.28	4523.33
206.36	4566.12
206.43	4570.91
206.50	4545.32
206.58	4462.42
206.65	4343.54
206.72	4179.92
206.80	4019.46
206.87	3883.28
206.95	3828.04
207.02	3866.99
207.09	3988.21
207.17	4174.57
207.24	4389.41
207.31	4595.71
207.39	4783.02
207.46	4952.97
207.53	5099.23
207.61	5240.63
207.68	5362.20
207.75	5469.46
207.83	5567.68
207.90	5638.77
207.98	5668.09
208.05	5671.67
208.12	5628.19
208.20	5535.81
208.27	5413.10
208.34	5257.63
208.42	5090.08
208.49	4974.43
208.56	4921.83
208.64	4945.25
208.71	5051.83
208.78	5219.73
208.86	5413.09
208.93	5612.79
209.00	5818.29
209.08	6015.30
209.15	6218.23
209.22	6400.16
209.30	6573.07
209.37	6723.99
209.44	6870.23
209.52	6986.90
209.59	7079.47
209.67	7147.79
209.74	7171.29
209.81	7152.19
209.89	7068.97
209.96	6936.54
210.03	6752.11
210.11	6580.01
210.18	6422.59
210.25	6336.32
210.33	6344.76
210.40	6456.57
210.47	6644.30
210.55	6891.31
210.62	7157.47
210.69	7415.30
210.77	7664.05
210.84	7884.81
210.91	8099.38
210.99	8297.13
211.06	8481.14
211.13	8654.78
211.21	8816.23
211.28	8947.28
211.35	9043.30
211.42	9094.27
211.50	9079.90
211.57	8995.28
211.64	8849.73
211.72	8650.06
211.79	8429.11
211.86	8270.20
211.94	8232.73
212.01	8309.83
212.08	8503.39
212.16	8777.62
212.23	9067.42
212.30	9326.86
212.38	9552.09
212.45	9761.60
212.52	9961.54
212.60	10146.76
212.67	10335.85
212.74	10532.37
212.82	10728.87
212.89	10925.25
212.96	11101.47
213.03	11237.14
213.11	11334.46
213.18	11367.24
213.25	11335.30
213.33	11248.44
213.40	11106.12
213.47	10953.25
213.55	10845.38
213.62	10799.32
213.69	10842.29
213.77	10995.38
213.84	11213.06
213.91	11475.67
213.98	11747.32
214.06	12009.69
214.13	12240.42
214.20	12452.45
214.28	12657.21
214.35	12874.16
214.42	13096.59
214.50	13343.27
214.57	13583.37
214.64	13803.42
214.72	13988.89
214.79	14140.85
214.86	14226.71
214.93	14259.33
215.01	14230.57
215.08	14130.65
215.15	13971.72
215.23	13783.30
215.30	13640.45
215.37	13600.87
215.44	13710.96
215.52	13949.97
215.59	14290.90
215.66	14654.36
215.74	14992.81
215.81	15280.16
215.88	15541.78
215.95	15788.43
216.03	16039.94
216.10	16286.57
216.17	16524.11
216.25	16743.61
216.32	16933.53
216.39	17101.48
216.46	17242.19
216.54	17345.59
216.61	17430.13
216.68	17471.23
216.76	17451.53
216.83	17369.91
216.90	17252.95
216.97	17119.63
217.05	17046.13
217.12	17066.09
217.19	17200.53
217.27	17443.50
217.34	17762.67
217.41	18111.19
217.48	18463.25
217.56	18795.45
217.63	19104.19
217.70	19379.29
217.78	19631.03
217.85	19849.41
217.92	20051.42
217.99	20242.00
218.07	20415.47
218.14	20571.13
218.21	20737.74
218.28	20900.74
218.36	21044.09
218.43	21170.49
218.50	21258.69
218.57	21272.96
218.65	21194.19
218.72	21047.15
218.79	20886.85
218.87	20778.11
218.94	20768.70
219.01	20903.89
219.08	21175.34
219.16	21530.40
219.23	21909.53
219.30	22272.44
219.37	22595.35
219.45	22884.17
219.52	23157.31
219.59	23400.65
219.66	23634.98
219.74	23866.28
219.81	24100.03
219.88	24307.75
219.95	24524.95
220.03	24728.00
220.10	24903.18
220.17	25039.38
220.24	25144.98
220.32	25192.37
220.39	25174.54
220.46	25104.65
220.53	24992.25
220.61	24860.02
220.68	24788.34
220.75	24820.62
220.82	24967.92
220.90	25215.33
220.97	25513.16
221.04	25815.33
221.11	26081.03
221.19	26334.64
221.26	26560.10
221.33	26798.23
221.40	27036.04
221.48	27274.82
221.55	27492.86
221.62	27707.30
221.69	27921.08
221.77	28119.34
221.84	28315.97
221.91	28497.08
221.98	28643.91
222.06	28758.57
222.13	28840.21
222.20	28882.73
222.27	28899.24
222.35	28893.18
222.42	28878.36
222.49	28896.04
222.56	28944.45
222.63	29029.43
222.71	29169.65
222.78	29332.72
222.85	29501.46
222.92	29689.55
223.00	29870.99
223.07	30067.31
223.14	30268.88
223.21	30472.34
223.29	30674.00
223.36	30888.99
223.43	31108.24
223.50	31317.51
223.57	31517.45
223.65	31706.67
223.72	31855.23
223.79	31968.00
223.86	32053.52
223.94	32127.93
224.01	32179.64
224.08	32234.71
224.15	32277.22
224.22	32323.06
224.30	32364.90
224.37	32423.73
224.44	32514.07
224.51	32616.69
224.59	32753.57
224.66	32911.75
224.73	33069.33
224.80	33212.13
224.87	33369.08
224.95	33540.27
225.02	33702.35
225.09	33871.93
225.16	34054.01
225.23	34236.92
225.31	34371.05
225.38	34497.99
225.45	34622.01
225.52	34731.13
225.60	34813.14
225.67	34896.70
225.74	34949.48
225.81	34980.74
225.88	35006.58
225.96	35052.23
226.03	35129.82
226.10	35248.74
226.17	35387.68
226.24	35533.77
226.32	35682.15
226.39	35824.86
226.46	35953.72
226.53	36078.17
226.60	36206.66
226.68	36330.47
226.75	36449.97
226.82	36575.56
226.89	36697.39
226.96	36812.94
227.04	36907.71
227.11	36989.92
227.18	37070.94
227.25	37145.64
227.32	37218.04
227.40	37296.26
227.47	37382.15
227.54	37445.82
227.61	37505.14
227.68	37547.22
227.76	37575.58
227.83	37602.32
227.90	37671.02
227.97	37746.25
228.04	37842.60
228.11	37956.57
228.19	38071.33
228.26	38174.20
228.33	38278.54
228.40	38382.13
228.47	38496.14
228.55	38606.40
228.62	38706.11
228.69	38804.36
228.76	38892.52
228.83	38980.21
228.90	39070.69
228.98	39154.73
229.05	39250.46
229.12	39357.27
229.19	39457.88
229.26	39545.83
229.34	39636.83
229.41	39706.77
229.48	39763.43
229.55	39801.88
229.62	39853.07
229.69	39888.31
229.77	39913.47
229.84	39936.28
229.91	39972.74
229.98	39995.26
230.05	40049.33
230.12	40114.90
230.20	40205.13
230.27	40300.42
230.34	40410.15
230.41	40509.67
230.48	40596.49
230.55	40679.34
230.63	40755.77
230.70	40824.09
230.77	40867.48
230.84	40927.29
230.91	40957.85
230.98	40991.59
231.06	41041.05
231.13	41121.41
231.20	41214.40
231.27	41309.25
231.34	41408.48
231.41	41488.03
231.49	41544.52
231.56	41586.61
231.63	41649.30
231.70	41695.53
231.77	41739.90
231.84	41776.98
231.92	41809.42
231.99	41832.17
232.06	41859.88
232.13	41897.66
232.20	41952.67
232.27	42015.34
232.34	42074.91
232.42	42128.52
232.49	42171.37
232.56	42216.92
232.63	42276.17
232.70	42331.96
232.77	42395.18
232.85	42452.94
232.92	42510.18
232.99	42541.49
233.06	42581.93
233.13	42618.46
233.20	42667.10
233.27	42692.20
233.35	42721.06
233.42	42733.91
233.49	42747.22
233.56	42768.59
233.63	42814.30
233.70	42854.54
233.77	42919.40
233.85	42968.55
233.92	43021.34
233.99	43067.91
234.06	43114.87
234.13	43151.89
234.20	43208.53
234.27	43237.86
234.35	43258.49
234.42	43289.78
234.49	43306.53
234.56	43318.37
234.63	43328.06
234.70	43339.91
234.77	43341.14
234.84	43351.64
234.92	43347.06
234.99	43357.32
235.06	43375.44
235.13	43399.03
235.20	43428.13
235.27	43466.75
235.34	43493.19
235.41	43532.28
235.49	43564.69
235.56	43585.48
235.63	43615.74
235.70	43648.03
235.77	43657.19
235.84	43671.77
235.91	43685.13
235.98	43676.76
236.06	43670.75
236.13	43666.47
236.20	43655.21
236.27	43647.85
236.34	43666.08
236.41	43673.91
236.48	43683.90
236.55	43693.43
236.63	43695.53
236.70	43691.22
236.77	43701.04
236.84	43727.77
236.91	43754.76
236.98	43783.81
237.05	43810.38
237.12	43832.98
237.19	43834.66
237.27	43835.91
237.34	43840.29
237.41	43841.29
237.48	43836.20
237.55	43839.70
237.62	43843.92
237.69	43859.81
237.76	43879.37
237.83	43915.32
237.91	43939.71
237.98	43961.85
238.05	43976.24
238.12	43986.68
238.19	43984.55
238.26	43990.77
238.33	43997.49
238.40	44009.36
238.47	44014.55
238.54	44014.93
238.62	44012.17
238.69	44008.21
238.76	43990.81
238.83	43981.75
238.90	43986.76
238.97	44001.16
239.04	44023.84
239.11	44045.01
239.18	44070.40
239.25	44077.65
239.33	44070.85
239.40	44062.74
239.47	44041.65
239.54	44017.36
239.61	44004.74
239.68	43993.08
239.75	43990.40
239.82	44001.50
239.89	44001.93
239.96	44012.78
240.03	44028.15
240.11	44030.71
240.18	44037.45
240.25	44056.75
240.32	44073.59
240.39	44090.95
240.46	44111.33
240.53	44146.54
240.60	44178.81
240.67	44201.05
240.74	44231.56
240.81	44255.03
240.88	44258.56
240.96	44253.78
241.03	44256.06
241.10	44260.36
241.17	44279.55
241.24	44295.48
241.31	44322.44
241.38	44326.44
241.45	44305.19
241.52	44288.76
241.59	44285.46
241.66	44281.69
241.73	44311.64
241.80	44354.58
241.88	44383.73
241.95	44412.98
242.02	44434.72
242.09	44428.83
242.16	44422.18
242.23	44426.14
242.30	44424.39
242.37	44430.99
242.44	44454.40
242.51	44474.99
242.58	44492.98
242.65	44501.65
242.72	44513.51
242.79	44522.41
242.87	44547.22
242.94	44556.76
243.01	44576.43
243.08	44610.88
243.15	44632.44
243.22	44637.61
243.29	44662.65
243.36	44695.90
243.43	44711.66
243.50	44760.71
243.57	44808.55
243.64	44852.21
243.71	44890.98
243.78	44930.95
243.85	44942.50
243.92	44959.58
243.99	44974.23
244.07	44985.24
244.14	44987.30
244.21	45005.00
244.28	45037.16
244.35	45062.22
244.42	45083.66
244.49	45115.46
244.56	45137.32
244.63	45152.70
244.70	45160.42
244.77	45178.52
244.84	45202.98
244.91	45233.18
244.98	45263.85
245.05	45308.95
245.12	45352.12
245.19	45389.91
245.26	45429.16
245.33	45472.26
245.40	45526.22
245.47	45587.85
245.55	45651.40
245.62	45687.83
245.69	45707.00
245.76	45736.54
245.83	45775.00
245.90	45798.93
245.97	45844.43
246.04	45906.06
246.11	45940.68
246.18	45949.95
246.25	45972.20
246.32	45993.39
246.39	46016.22
246.46	46053.18
246.53	46103.96
246.60	46156.82
246.67	46229.84
246.74	46297.46
246.81	46363.26
246.88	46427.61
246.95	46480.04
247.02	46515.12
247.09	46556.77
247.16	46571.76
247.23	46581.27
247.30	46597.94
247.37	46614.97
247.44	46630.63
247.51	46669.34
247.58	46712.03
247.66	46764.10
247.73	46833.37
247.80	46897.74
247.87	46966.07
247.94	47040.06
248.01	47116.73
248.08	47180.11
248.15	47243.01
248.22	47299.82
248.29	47355.62
248.36	47403.19
248.43	47453.52
248.50	47504.01
248.57	47556.66
248.64	47608.79
248.71	47666.98
248.78	47735.66
248.85	47791.73
248.92	47845.77
248.99	47900.22
249.06	47939.97
249.13	47962.01
249.20	47994.81
249.27	48036.97
249.34	48063.07
249.41	48101.50
249.48	48131.87
249.55	48163.50
249.62	48198.11
249.69	48221.07
249.76	48252.00
249.83	48302.77
249.90	48363.94
249.97	48427.78
250.04	48532.37
250.11	48636.09
250.18	48731.54
250.25	48805.20
250.32	48871.20
250.39	48931.28
250.46	48981.12
250.53	49024.11
250.60	49082.08
250.67	49150.14
250.74	49209.15
250.81	49244.57
250.88	49287.70
250.95	49330.47
251.02	49359.82
251.09	49379.94
251.16	49423.41
251.23	49465.17
251.30	49519.58
251.37	49574.27
251.44	49622.86
251.51	49684.76
251.58	49748.21
251.65	49801.10
251.72	49850.95
251.79	49925.44
251.86	49971.92
251.93	50013.52
252.00	50041.26
252.07	50054.31
252.14	50067.88
252.21	50085.71
252.28	50121.20
252.35	50155.10
252.42	50225.75
252.49	50284.54
252.56	50353.55
252.63	50415.26
252.70	50473.84
252.77	50523.08
252.84	50576.64
252.91	50627.07
252.98	50674.15
253.05	50719.84
253.12	50754.44
253.19	50790.44
253.25	50825.12
253.32	50859.26
253.39	50912.53
253.46	50965.71
253.53	51008.72
253.60	51044.01
253.67	51071.30
253.74	51102.35
253.81	51146.92
253.88	51191.00
253.95	51245.01
254.02	51310.75
254.09	51358.80
254.16	51388.91
254.23	51425.79
254.30	51453.86
254.37	51490.96
254.44	51536.88
254.51	51584.24
254.58	51617.88
254.65	51666.33
254.72	51689.38
254.79	51700.99
254.86	51722.30
254.93	51746.22
255.00	51767.47
255.07	51809.92
255.14	51864.63
255.21	51907.38
255.28	51933.31
255.34	51940.94
255.41	51943.00
255.48	51940.66
255.55	51949.34
255.62	51980.05
255.69	52019.22
255.76	52058.05
255.83	52115.30
255.90	52156.39
255.97	52208.38
256.04	52252.37
256.11	52296.27
256.18	52328.88
256.25	52370.75
256.32	52395.34
256.39	52434.42
256.46	52463.05
256.53	52493.44
256.60	52516.77
256.67	52552.07
256.74	52577.25
256.80	52592.66
256.87	52594.65
256.94	52610.99
257.01	52626.53
257.08	52648.99
257.15	52683.69
257.22	52721.51
257.29	52735.27
257.36	52732.40
257.43	52712.35
257.50	52696.89
257.57	52676.97
257.64	52688.47
257.71	52710.59
257.78	52761.47
257.85	52806.81
257.92	52857.49
257.98	52900.79
258.05	52942.47
258.12	52954.24
258.19	52946.64
258.26	52927.00
258.33	52879.66
258.40	52834.02
258.47	52810.19
258.54	52811.62
258.61	52833.22
258.68	52879.77
258.75	52923.24
258.82	52970.05
258.89	52997.01
258.95	53016.22
259.02	53026.45
259.09	53034.31
259.16	53021.31
259.23	53008.09
259.30	52990.83
259.37	52971.79
259.44	52969.06
259.51	52973.74
259.58	53000.64
259.65	53016.55
259.72	53034.20
259.79	53023.92
259.85	53011.21
259.92	52981.13
259.99	52978.71
260.06	52984.49
260.13	52988.20
260.20	52989.94
260.27	52989.16
260.34	52964.84
260.41	52935.12
260.48	52929.90
260.55	52934.41
260.62	52945.12
260.68	52943.10
260.75	52938.85
260.82	52942.91
260.89	52944.19
260.96	52936.78
261.03	52950.92
261.10	52957.98
261.17	52943.28
261.24	52908.89
261.31	52885.91
261.38	52851.34
261.44	52813.91
261.51	52774.62
261.58	52749.70
261.65	52729.88
261.72	52725.32
261.79	52719.90
261.86	52716.64
261.93	52722.51
262.00	52709.39
262.07	52673.01
262.13	52645.52
262.20	52628.97
262.27	52592.95
262.34	52584.40
262.41	52594.28
262.48	52605.39
262.55	52614.61
262.62	52624.58
262.69	52601.62
262.76	52582.68
262.82	52567.34
262.89	52541.69
262.96	52535.54
263.03	52544.37
263.10	52540.83
263.17	52516.68
263.24	52490.95
263.31	52464.92
263.38	52446.33
263.44	52437.56
263.51	52433.65
263.58	52424.79
263.65	52388.81
263.72	52335.99
263.79	52271.63
263.86	52215.25
263.93	52182.64
264.00	52159.97
264.06	52147.31
264.13	52148.21
264.20	52145.25
264.27	52109.34
264.34	52066.72
264.41	52028.68
264.48	51977.79
264.55	51927.59
264.61	51886.03
264.68	51858.19
264.75	51831.42
264.82	51794.86
264.89	51755.45
264.96	51734.65
265.03	51715.79
265.10	51691.87
265.16	51691.73
265.23	51680.68
265.30	51662.30
265.37	51639.29
265.44	51602.11
265.51	51569.91
265.58	51550.12
265.65	51528.83
265.71	51515.04
265.78	51528.98
265.85	51506.72
265.92	51482.87
265.99	51447.44
266.06	51394.08
266.13	51321.59
266.20	51274.32
266.26	51235.23
266.33	51206.16
266.40	51185.53
266.47	51146.56
266.54	51103.14
266.61	51053.49
266.68	51003.59
266.74	50959.12
266.81	50924.08
266.88	50872.88
266.95	50815.11
267.02	50749.43
267.09	50692.80
267.16	50651.76
267.22	50637.79
267.29	50635.98
267.36	50660.18
267.43	50672.76
267.50	50680.52
267.57	50667.68
267.64	50636.88
267.70	50586.76
267.77	50534.19
267.84	50488.47
267.91	50451.45
267.98	50427.89
268.05	50415.69
268.11	50404.56
268.18	50377.35
268.25	50342.42
268.32	50291.23
268.39	50210.90
268.46	50126.16
268.53	50042.07
268.59	49970.89
268.66	49909.62
268.73	49874.25
268.80	49856.02
268.87	49846.90
268.94	49843.32
269.00	49864.53
269.07	49877.84
269.14	49892.40
269.21	49890.72
269.28	49863.67
269.35	49818.49
269.41	49776.40
269.48	49728.90
269.55	49693.47
269.62	49673.39
269.69	49670.72
269.76	49642.20
269.82	49605.42
269.89	49579.69
269.96	49552.55
270.03	49501.81
270.10	49475.05
270.17	49434.17
270.23	49377.30
270.30	49322.62
270.37	49293.09
270.44	49273.49
270.51	49259.06
270.58	49251.87
270.64	49252.33
270.71	49239.82
270.78	49222.56
270.85	49215.74
270.92	49213.53
270.99	49191.59
271.05	49158.71
271.12	49113.53
271.19	49064.97
271.26	48999.63
271.33	48947.94
271.39	48912.57
271.46	48874.92
271.53	48840.95
271.60	48825.94
271.67	48802.35
271.74	48772.40
271.80	48742.27
271.87	48734.80
271.94	48708.18
272.01	48679.14
272.08	48644.25
272.14	48616.91
272.21	48580.48
272.28	48564.97
272.35	48548.41
272.42	48534.36
272.48	48537.16
272.55	48522.11
272.62	48497.39
272.69	48482.57
272.76	48490.93
272.83	48470.98
272.89	48457.50
272.96	48445.94
273.03	48427.95
273.10	48390.19
273.17	48372.31
273.23	48345.38
273.30	48304.07
273.37	48263.26
273.44	48208.13
273.51	48148.02
273.57	48111.00
273.64	48089.35
273.71	48080.13
273.78	48086.48
273.85	48104.34
273.91	48115.36
273.98	48141.18
274.05	48180.41
274.12	48228.76
274.19	48265.30
274.25	48302.62
274.32	48318.23
274.39	48297.48
274.46	48239.85
274.53	48167.91
274.59	48078.57
274.66	47999.55
274.73	47932.70
274.80	47880.23
274.86	47849.09
274.93	47825.41
275.00	47806.27
275.07	47791.64
275.14	47778.57
275.20	47749.33
275.27	47722.17
275.34	47696.45
275.41	47668.33
275.48	47656.62
275.54	47658.99
275.61	47663.88
275.68	47660.32
275.75	47663.20
275.81	47642.08
275.88	47626.53
275.95	47607.35
276.02	47597.03
276.09	47585.01
276.15	47578.71
276.22	47568.19
276.29	47553.79
276.36	47503.47
276.42	47442.74
276.49	47387.04
276.56	47324.83
276.63	47254.89
276.70	47222.85
276.76	47211.05
276.83	47214.30
276.90	47222.36
276.97	47252.75
277.03	47275.36
277.10	47268.79
277.17	47241.22
277.24	47215.15
277.30	47178.68
277.37	47152.82
277.44	47159.28
277.51	47171.43
277.58	47179.28
277.64	47185.39
277.71	47161.66
277.78	47115.90
277.85	47047.33
277.91	46967.04
277.98	46891.44
278.05	46830.42
278.12	46792.98
278.18	46774.32
278.25	46769.95
278.32	46778.81
278.39	46814.87
278.45	46850.09
278.52	46911.25
278.59	46971.22
278.66	47010.97
278.72	47017.29
278.79	46996.11
278.86	46926.04
278.93	46842.55
278.99	46747.78
279.06	46656.27
279.13	46580.10
279.20	46562.74
279.26	46578.71
279.33	46625.16
279.40	46685.71
279.47	46754.43
279.53	46778.10
279.60	46763.74
279.67	46698.37
279.74	46583.90
279.80	46450.70
279.87	46337.35
279.94	46249.06
280.01	46217.71
280.07	46220.71
280.14	46241.18
280.21	46247.71
280.28	46264.78
280.34	46268.36
280.41	46277.20
280.48	46273.74
280.55	46281.27
280.61	46266.76
280.68	46244.53
280.75	46223.46
280.82	46217.82
280.88	46203.21
280.95	46174.29
281.02	46131.36
281.08	46067.15
281.15	45985.60
281.22	45899.75
281.29	45826.15
281.35	45755.59
281.42	45685.03
281.49	45603.52
281.56	45524.64
281.62	45448.44
281.69	45376.28
281.76	45318.22
281.82	45287.16
281.89	45270.96
281.96	45268.71
282.03	45279.15
282.09	45298.62
282.16	45312.35
282.23	45319.39
282.30	45331.90
282.36	45344.04
282.43	45359.07
282.50	45402.28
282.56	45422.05
282.63	45437.01
282.70	45442.72
282.77	45459.38
282.83	45440.16
282.90	45445.83
282.97	45428.19
283.03	45398.99
283.10	45324.51
283.17	45215.09
283.24	45094.97
283.30	44977.65
283.37	44865.41
283.44	44789.77
283.50	44760.11
283.57	44749.89
283.64	44736.40
283.71	44737.22
283.77	44749.59
283.84	44761.79
283.91	44773.55
283.97	44795.78
284.04	44823.38
284.11	44841.96
284.18	44864.52
284.24	44881.49
284.31	44890.81
284.38	44893.03
284.44	44881.34
284.51	44867.37
284.58	44861.99
284.64	44863.22
284.71	44868.55
284.78	44859.87
284.85	44835.10
284.91	44795.28
284.98	44761.76
285.05	44690.36
285.11	44624.88
285.18	44544.53
285.25	44470.93
285.31	44403.07
285.38	44364.65
285.45	44355.12
285.52	44385.06
285.58	44420.89
285.65	44469.77
285.72	44521.54
285.78	44562.49
285.85	44598.06
285.92	44624.30
285.98	44649.99
286.05	44682.90
286.12	44719.49
286.18	44752.57
286.25	44795.89
286.32	44820.51
286.39	44842.87
286.45	44841.15
286.52	44811.74
286.59	44742.59
286.65	44641.13
286.72	44522.28
286.79	44410.19
286.85	44321.12
286.92	44257.73
286.99	44231.75
287.05	44212.45
287.12	44220.43
287.19	44243.41
287.25	44294.20
287.32	44330.81
287.39	44390.24
287.45	44429.40
287.52	44455.82
287.59	44468.90
287.65	44503.81
287.72	44523.65
287.79	44554.72
287.86	44573.66
287.92	44591.24
287.99	44606.06
288.06	44625.65
288.12	44637.34
288.19	44660.77
288.26	44669.40
288.32	44664.89
288.39	44663.21
288.46	44655.05
288.52	44624.84
288.59	44596.55
288.66	44556.66
288.72	44474.92
288.79	44387.23
288.86	44313.21
288.92	44238.29
288.99	44195.38
289.06	44203.15
289.12	44225.17
289.19	44277.60
289.26	44359.52
289.32	44449.67
289.39	44528.43
289.45	44625.43
289.52	44690.09
289.59	44745.77
289.65	44762.10
289.72	44762.60
289.79	44759.35
289.85	44748.00
289.92	44723.25
289.99	44710.15
290.05	44683.72
290.12	44639.28
290.19	44600.73
290.25	44562.76
290.32	44535.83
290.39	44545.91
290.45	44558.29
290.52	44567.78
290.59	44568.88
290.65	44527.60
290.72	44461.01
290.79	44397.19
290.85	44369.54
290.92	44378.39
290.98	44429.60
291.05	44509.15
291.12	44600.80
291.18	44685.82
291.25	44756.41
291.32	44823.51
291.38	44882.56
291.45	44941.83
291.52	44990.55
291.58	45029.54
291.65	45054.95
291.72	45069.16
291.78	45054.31
291.85	45017.37
291.91	44972.89
291.98	44938.07
292.05	44896.71
292.11	44861.62
292.18	44823.45
292.25	44770.61
292.31	44701.48
292.38	44652.78
292.45	44618.41
292.51	44609.50
292.58	44621.98
292.64	44665.34
292.71	44705.42
292.78	44759.86
292.84	44809.89
292.91	44882.39
292.98	44956.82
293.04	45030.36
293.11	45095.05
293.17	45173.40
293.24	45249.23
293.31	45316.31
293.37	45377.49
293.44	45419.63
293.51	45452.73
293.57	45454.38
293.64	45440.83
293.70	45411.01
293.77	45346.33
293.84	45245.77
293.90	45145.91
293.97	45033.10
294.04	44951.18
294.10	44906.98
294.17	44918.32
294.23	44932.74
294.30	44962.11
294.37	44965.88
294.43	44976.48
294.50	44966.38
294.56	44964.30
294.63	44979.43
294.70	45028.25
294.76	45098.39
294.83	45186.05
294.90	45299.72
294.96	45412.12
295.03	45515.85
295.09	45616.96
295.16	45718.51
295.23	45787.99
295.29	45861.46
295.36	45926.99
295.42	45966.81
295.49	45974.46
295.56	46004.11
295.62	46001.71
295.69	45967.30
295.75	45924.53
295.82	45859.59
295.89	45745.65
295.95	45617.85
296.02	45512.13
296.08	45396.67
296.15	45298.22
296.22	45229.62
296.28	45203.43
296.35	45201.79
296.41	45243.85
296.48	45327.63
296.55	45444.24
296.61	45581.29
296.68	45714.21
296.74	45849.66
296.81	45963.35
296.88	46061.92
296.94	46129.01
297.01	46195.16
297.07	46246.32
297.14	46307.43
297.20	46370.83
297.27	46442.48
297.34	46507.82
297.40	46576.95
297.47	46625.23
297.53	46655.15
297.60	46665.88
297.67	46645.97
297.73	46594.81
297.80	46513.49
297.86	46386.57
297.93	46233.78
298.00	46074.13
298.06	45929.24
298.13	45833.15
298.19	45789.50
298.26	45785.67
298.32	45834.51
298.39	45895.56
298.46	45943.63
298.52	46015.44
298.59	46100.33
298.65	46183.00
298.72	46283.74
298.78	46404.08
298.85	46513.09
298.92	46615.44
298.98	46714.31
299.05	46798.39
299.11	46876.94
299.18	46947.62
299.24	47011.59
299.31	47051.10
299.38	47105.79
299.44	47128.57
299.51	47149.39
299.57	47167.52
299.64	47196.90
299.70	47194.25
299.77	47190.10
299.84	47152.42
299.90	47035.93
299.97	46847.58
300.03	46615.38
300.10	46380.37
300.16	46178.53
300.23	46075.49
300.30	46078.39
300.36	46141.21
300.43	46270.55
300.49	46407.30
300.56	46550.37
300.62	46690.33
300.69	46836.59
300.75	46948.10
300.82	47066.82
300.89	47160.66
300.95	47230.38
301.02	47286.76
301.08	47347.87
301.15	47391.20
301.21	47437.04
301.28	47482.57
301.34	47534.67
301.41	47566.17
301.48	47594.89
301.54	47599.77
301.61	47605.65
301.67	47586.68
301.74	47566.67
301.80	47518.96
301.87	47446.21
301.93	47313.48
302.00	47154.32
302.06	46970.25
302.13	46791.15
302.20	46646.67
302.26	46560.43
302.33	46520.66
302.39	46529.67
302.46	46580.63
302.52	46656.79
302.59	46739.82
302.65	46837.58
302.72	46935.24
302.78	47029.89
302.85	47128.92
302.91	47207.54
302.98	47280.94
303.05	47340.85
303.11	47395.71
303.18	47425.63
303.24	47458.38
303.31	47484.65
303.37	47507.04
303.44	47523.74
303.50	47535.42
303.57	47534.00
303.63	47520.62
303.70	47502.34
303.76	47473.20
303.83	47441.95
303.89	47412.08
303.96	47356.05
304.03	47276.22
304.09	47166.12
304.16	46993.30
304.22	46796.72
304.29	46615.01
304.35	46466.47
304.42	46378.38
304.48	46358.09
304.55	46388.40
304.61	46451.64
304.68	46517.30
304.74	46584.89
304.81	46667.59
304.87	46730.55
304.94	46785.04
305.00	46841.98
305.07	46858.79
305.13	46872.58
305.20	46893.50
305.26	46902.54
305.33	46903.12
305.39	46916.91
305.46	46906.40
305.52	46898.52
305.59	46888.45
305.66	46876.93
305.72	46844.24
305.79	46825.03
305.85	46791.23
305.92	46724.60
305.98	46609.78
306.05	46459.60
306.11	46260.71
306.18	46044.46
306.24	45844.57
306.31	45659.92
306.37	45495.79
306.44	45371.77
306.50	45272.11
306.57	45232.03
306.63	45263.95
306.70	45353.17
306.76	45468.30
306.83	45585.93
306.89	45669.05
306.96	45728.71
307.02	45758.78
307.09	45793.74
307.15	45810.54
307.22	45826.54
307.28	45820.12
307.35	45810.16
307.41	45777.96
307.48	45759.08
307.54	45732.06
307.61	45698.48
307.67	45672.17
307.74	45635.94
307.80	45600.25
307.87	45555.44
307.93	45523.02
308.00	45467.07
308.06	45421.51
308.13	45351.66
308.19	45276.73
308.26	45192.65
308.32	45121.15
308.38	45031.03
308.45	44950.53
308.51	44865.44
308.58	44741.83
308.64	44609.56
308.71	44494.29
308.77	44399.69
308.84	44324.93
308.90	44314.57
308.97	44321.27
309.03	44329.13
309.10	44335.75
309.16	44348.65
309.23	44340.89
309.29	44329.37
309.36	44308.46
309.42	44284.89
309.49	44251.52
309.55	44211.60
309.62	44161.99
309.68	44117.98
309.75	44061.32
309.81	43993.30
309.88	43941.53
309.94	43886.66
310.00	43830.35
310.07	43771.91
310.13	43726.89
310.20	43657.72
310.26	43594.40
310.33	43527.47
310.39	43465.80
310.46	43396.42
310.52	43338.56
310.59	43259.74
310.65	43170.33
310.72	43075.97
310.78	42978.73
310.85	42881.48
310.91	42820.50
310.97	42782.86
311.04	42741.42
311.10	42716.33
311.17	42685.35
311.23	42654.89
311.30	42628.66
311.36	42615.22
311.43	42598.00
311.49	42592.63
311.56	42572.10
311.62	42546.99
311.69	42514.93
311.75	42485.93
311.81	42429.45
311.88	42373.41
311.94	42315.46
312.01	42255.92
312.07	42185.19
312.14	42147.06
312.20	42113.73
312.27	42059.19
312.33	42013.28
312.40	41959.56
312.46	41898.71
312.52	41824.81
312.59	41770.18
312.65	41700.85
312.72	41632.77
312.78	41551.38
312.85	41475.33
312.91	41385.26
312.98	41307.44
313.04	41239.79
313.10	41167.75
313.17	41090.60
313.23	41039.37
313.30	40975.43
313.36	40910.94
313.43	40867.32
313.49	40849.02
313.56	40806.83
313.62	40776.13
313.68	40753.28
313.75	40723.82
313.81	40672.36
313.88	40624.70
313.94	40576.87
314.01	40525.29
314.07	40472.82
314.13	40432.39
314.20	40406.61
314.26	40373.21
314.33	40333.11
314.39	40289.92
314.46	40229.90
314.52	40172.18
314.58	40105.43
314.65	40037.33
314.71	39971.90
314.78	39913.72
314.84	39836.07
314.91	39782.41
314.97	39721.57
315.03	39665.47
315.10	39620.07
315.16	39570.87
315.23	39514.23
315.29	39480.86
315.36	39429.56
315.42	39372.87
315.48	39321.81
315.55	39267.46
315.61	39193.90
315.68	39142.78
315.74	39080.88
315.81	39028.24
315.87	38981.30
315.93	38966.02
316.00	38948.90
316.06	38933.82
316.13	38921.87
316.19	38889.13
316.25	38794.91
316.32	38664.29
316.38	38507.85
316.45	38298.44
316.51	38078.73
316.58	37839.13
316.64	37595.62
316.70	37344.28
316.77	37096.48
316.83	36834.98
316.90	36590.15
316.96	36339.62
317.02	36099.10
317.09	35853.56
317.15	35606.46
317.22	35357.12
317.28	35097.09
317.34	34832.24
317.41	34578.65
317.47	34335.04
317.54	34078.96
317.60	33828.17
317.66	33577.62
317.73	33309.79
317.79	33037.41
317.86	32780.95
317.92	32523.80
317.98	32254.11
318.05	31988.90
318.11	31720.16
318.18	31448.90
318.24	31170.01
318.30	30898.32
318.37	30628.16
318.43	30345.49
318.50	30065.66
318.56	29779.99
318.62	29499.71
318.69	29218.44
318.75	28943.06
318.82	28655.34
318.88	28388.26
318.94	28111.39
319.01	27830.49
319.07	27564.56
319.13	27300.87
319.20	27023.79
319.26	26745.27
319.33	26467.42
319.39	26176.64
319.45	25882.26
319.52	25600.63
319.58	25307.78
319.65	25028.24
319.71	24747.57
319.77	24464.72
319.84	24180.14
319.90	23913.40
319.96	23633.95
320.03	23356.90
320.09	23087.38
320.16	22802.90
320.22	22505.50
320.28	22212.04
320.35	21921.30
320.41	21625.90
320.47	21345.49
320.54	21064.36
320.60	20792.06
320.67	20511.86
320.73	20244.32
320.79	19965.54
320.86	19694.83
320.92	19402.10
320.98	19117.02
321.05	18815.35
321.11	18520.08
321.18	18222.82
321.24	17941.43
321.30	17659.81
321.37	17391.10
321.43	17118.07
321.49	16850.82
321.56	16575.94
321.62	16306.51
321.68	16032.94
321.75	15751.87
321.81	15469.54
321.88	15189.61
321.94	14906.30
322.00	14619.79
322.07	14336.96
322.13	14051.62
322.19	13771.26
322.26	13489.11
322.32	13211.63
322.38	12939.12
322.45	12673.99
322.51	12406.60
322.58	12137.67
322.64	11865.10
322.70	11603.81
322.77	11334.08
322.83	11067.47
322.89	10797.88
322.96	10533.46
323.02	10263.40
323.08	9992.63
323.15	9724.18
323.21	9459.03
323.27	9195.72
323.34	8940.17
323.40	8691.18
323.46	8440.29
323.53	8086.49
323.59	6986.09
323.65	5402.32
323.72	3745.42
323.78	2139.99
323.85	691.71
323.91	40.87
323.97	-84.42
324.04	-82.47
