180.21	3365.05
180.28	-115.54
180.36	624.17
180.44	-43.38
180.51	-14.40
180.59	7.70
180.66	34.04
180.74	30.24
180.81	28.46
180.89	29.87
180.97	30.16
181.04	27.98
181.12	27.14
181.19	27.73
181.27	28.15
181.34	45.85
181.42	52.33
181.50	59.13
181.57	71.30
181.65	77.59
181.72	70.64
181.80	64.98
181.87	65.84
181.95	65.03
182.03	63.03
182.10	65.51
182.18	67.92
182.25	72.39
182.33	71.79
182.40	78.46
182.48	74.29
182.55	85.34
182.63	89.67
182.71	92.14
182.78	93.57
182.86	100.49
182.93	97.86
183.01	100.31
183.08	101.44
183.16	107.31
183.23	103.08
183.31	109.81
183.39	109.23
183.46	118.76
183.54	114.40
183.61	122.25
183.69	124.82
183.76	135.24
183.84	135.41
183.91	137.15
183.99	146.50
184.06	147.61
184.14	151.45
184.22	155.10
184.29	159.39
184.37	157.51
184.44	153.05
184.52	141.03
184.59	138.62
184.67	142.39
184.74	137.16
184.82	149.69
184.89	163.61
184.97	174.42
185.04	183.72
185.12	195.36
185.20	204.91
185.27	214.87
185.35	225.30
185.42	226.39
185.50	240.37
185.57	243.34
185.65	250.93
185.72	252.65
185.80	263.38
185.87	262.84
185.95	263.67
186.02	265.60
186.10	266.49
186.17	265.31
186.25	264.45
186.33	256.12
186.40	247.78
186.48	247.71
186.55	252.82
186.63	257.24
186.70	286.44
186.78	308.12
186.85	329.89
186.93	347.35
187.00	369.17
187.08	373.04
187.15	388.69
187.23	401.52
187.30	415.30
187.38	433.75
187.45	456.01
187.53	472.83
187.60	482.52
187.68	494.14
187.75	503.95
187.83	511.06
187.90	506.61
187.98	504.11
188.05	502.26
188.13	483.15
188.21	458.02
188.28	453.98
188.36	450.12
188.43	452.37
188.51	474.11
188.58	511.37
188.66	530.51
188.73	559.69
188.81	591.64
188.88	611.49
188.96	629.35
189.03	660.13
189.11	686.27
189.18	702.53
189.26	724.72
189.33	752.70
189.41	779.19
189.48	799.78
189.56	821.26
189.63	840.43
189.71	840.01
189.78	826.78
189.86	814.23
189.93	801.84
190.01	778.62
190.08	763.69
190.16	747.58
190.23	725.65
190.31	716.16
190.38	714.71
190.46	726.42
190.53	757.52
190.61	807.80
190.68	840.03
190.76	892.23
190.83	931.74
190.91	959.91
190.98	980.47
191.06	1013.50
191.13	1033.83
191.21	1053.44
191.28	1069.94
191.35	1085.13
191.43	1095.38
191.50	1097.81
191.58	1107.25
191.65	1122.45
191.73	1132.23
191.80	1139.52
191.88	1146.46
191.95	1147.12
192.03	1146.60
192.10	1148.79
192.18	1153.52
192.25	1158.06
192.33	1155.60
192.40	1146.03
192.48	1138.11
192.55	1135.49
192.63	1133.38
192.70	1145.75
192.78	1166.87
192.85	1198.50
192.93	1225.47
193.00	1245.91
193.08	1256.59
193.15	1268.00
193.22	1275.04
193.30	1286.54
193.37	1324.16
193.45	1356.65
193.52	1396.06
193.60	1438.13
193.67	1472.11
193.75	1490.94
193.82	1517.73
193.90	1532.62
193.97	1540.77
194.05	1541.21
194.12	1533.70
194.20	1525.73
194.27	1512.81
194.34	1487.83
194.42	1470.80
194.49	1462.94
194.57	1454.58
194.64	1446.59
194.72	1446.36
194.79	1451.61
194.87	1463.60
194.94	1492.85
195.02	1535.97
195.09	1586.15
195.17	1639.17
195.24	1687.08
195.31	1724.73
195.39	1749.67
195.46	1767.08
195.54	1780.96
195.61	1785.86
195.69	1776.45
195.76	1761.38
195.84	1741.87
195.91	1697.07
195.99	1645.38
196.06	1603.98
196.13	1585.65
196.21	1583.53
196.28	1612.64
196.36	1667.73
196.43	1731.07
196.51	1791.06
196.58	1846.52
196.66	1895.02
196.73	1929.15
196.80	1950.31
196.88	1961.60
196.95	1969.92
197.03	1970.41
197.10	1957.05
197.18	1939.51
197.25	1909.08
197.33	1868.43
197.40	1828.12
197.47	1784.43
197.55	1754.73
197.62	1740.51
197.70	1746.06
197.77	1770.99
197.85	1821.94
197.92	1874.77
197.99	1937.26
198.07	2005.46
198.14	2059.04
198.22	2114.09
198.29	2157.28
198.37	2188.69
198.44	2206.67
198.51	2216.12
198.59	2202.54
198.66	2187.19
198.74	2156.67
198.81	2109.46
198.89	2048.35
198.96	1993.50
199.03	1934.94
199.11	1897.99
199.18	1884.17
199.26	1906.48
199.33	1957.46
199.41	2034.01
199.48	2110.03
199.55	2188.82
199.63	2252.83
199.70	2308.94
199.78	2353.21
199.85	2390.67
199.93	2416.73
200.00	2443.00
200.07	2444.23
200.15	2434.83
200.22	2413.74
200.30	2366.34
200.37	2299.86
200.44	2220.19
200.52	2145.08
200.59	2098.70
200.67	2089.83
200.74	2108.80
200.81	2166.35
200.89	2237.18
200.96	2313.47
201.04	2380.51
201.11	2459.17
201.19	2531.67
201.26	2600.72
201.33	2645.49
201.41	2692.96
201.48	2720.83
201.56	2731.49
201.63	2732.13
201.70	2717.68
201.78	2677.50
201.85	2621.41
201.93	2553.93
202.00	2484.71
202.07	2434.14
202.15	2388.27
202.22	2364.37
202.30	2384.99
202.37	2429.53
202.44	2500.08
202.52	2603.45
202.59	2719.55
202.67	2817.96
202.74	2909.06
202.81	2979.26
202.89	3040.25
202.96	3092.64
203.04	3144.13
203.11	3172.28
203.18	3190.77
203.26	3181.31
203.33	3138.65
203.41	3065.15
203.48	2973.20
203.55	2845.81
203.63	2737.95
203.70	2676.19
203.77	2666.11
203.85	2714.52
203.92	2818.39
204.00	2955.38
204.07	3087.98
204.14	3210.27
204.22	3313.02
204.29	3419.98
204.37	3501.62
204.44	3575.12
204.51	3642.51
204.59	3694.53
204.66	3714.95
204.73	3724.22
204.81	3704.16
204.88	3657.89
204.96	3589.45
205.03	3493.82
205.10	3386.46
205.18	3300.99
205.25	3230.55
205.32	3201.62
205.40	3228.38
205.47	3300.14
205.55	3402.11
205.62	3539.79
205.69	3696.40
205.77	3852.37
205.84	4000.31
205.91	4131.67
205.99	4244.45
206.06	4328.06
206.14	4409.32
206.21	4483.94
206.28	4532.90
206.36	4574.32
206.43	4584.47
206.50	4550.62
206.58	4470.99
206.65	4355.00
206.72	4187.16
206.80	4023.93
206.87	3893.48
206.95	3835.96
207.02	3871.03
207.09	3996.10
207.17	4180.29
207.24	4393.23
207.31	4601.36
207.39	4787.16
207.46	4954.28
207.53	5101.66
207.61	5239.14
207.68	5354.66
207.75	5468.64
207.83	5563.20
207.90	5634.28
207.98	5671.12
208.05	5680.74
208.12	5638.17
208.20	5549.56
208.27	5423.28
208.34	5263.87
208.42	5096.09
208.49	4978.02
208.56	4920.93
208.64	4947.79
208.71	5054.39
208.78	5213.89
208.86	5404.95
208.93	5611.49
209.00	5815.86
209.08	6018.70
209.15	6226.19
209.22	6412.90
209.30	6585.43
209.37	6737.49
209.44	6877.46
209.52	6995.09
209.59	7082.11
209.67	7144.37
209.74	7167.99
209.81	7148.10
209.89	7067.01
209.96	6930.69
210.03	6753.43
210.11	6587.49
210.18	6435.15
210.25	6349.87
210.33	6359.76
210.40	6467.26
210.47	6647.05
210.55	6893.32
210.62	7160.76
210.69	7425.59
210.77	7681.33
210.84	7910.62
210.91	8123.58
210.99	8313.20
211.06	8495.08
211.13	8663.18
211.21	8814.04
211.28	8937.99
211.35	9039.06
211.42	9093.23
211.50	9082.39
211.57	9008.10
211.64	8864.68
211.72	8663.29
211.79	8439.04
211.86	8278.35
211.94	8233.73
212.01	8311.50
212.08	8506.00
212.16	8780.95
212.23	9075.75
212.30	9337.90
212.38	9560.81
212.45	9775.68
212.52	9981.60
212.60	10165.25
212.67	10354.15
212.74	10556.89
212.82	10750.57
212.89	10939.75
212.96	11115.94
213.03	11255.90
213.11	11345.74
213.18	11377.47
213.25	11354.26
213.33	11260.39
213.40	11106.70
213.47	10964.35
213.55	10859.55
213.62	10807.04
213.69	10853.90
213.77	11015.77
213.84	11227.59
213.91	11490.82
213.98	11758.63
214.06	12018.96
214.13	12247.96
214.20	12459.42
214.28	12656.25
214.35	12870.70
214.42	13100.60
214.50	13343.52
214.57	13576.86
214.64	13794.41
214.72	13987.16
214.79	14133.38
214.86	14225.68
214.93	14266.79
215.01	14246.19
215.08	14145.98
215.15	13980.45
215.23	13785.76
215.30	13639.78
215.37	13593.66
215.44	13703.78
215.52	13951.58
215.59	14295.20
215.66	14666.28
215.74	15007.89
215.81	15291.63
215.88	15555.96
215.95	15803.79
216.03	16049.75
216.10	16288.69
216.17	16516.46
216.25	16711.79
216.32	16898.64
216.39	17057.95
216.46	17203.94
216.54	17328.69
216.61	17428.21
216.68	17475.59
216.76	17466.79
216.83	17396.73
216.90	17265.13
216.97	17130.91
217.05	17057.02
217.12	17079.99
217.19	17207.79
217.27	17448.61
217.34	17760.56
217.41	18103.41
217.48	18447.20
217.56	18784.59
217.63	19102.85
217.70	19391.49
217.78	19643.88
217.85	19868.60
217.92	20061.19
217.99	20242.81
218.07	20415.51
218.14	20570.94
218.21	20741.40
218.28	20904.28
218.36	21055.44
218.43	21177.97
218.50	21270.49
218.57	21273.57
218.65	21196.62
218.72	21049.76
218.79	20889.80
218.87	20780.56
218.94	20783.81
219.01	20921.87
219.08	21187.34
219.16	21549.75
219.23	21927.98
219.30	22291.66
219.37	22618.52
219.45	22907.88
219.52	23172.25
219.59	23416.42
219.66	23647.10
219.74	23884.92
219.81	24130.02
219.88	24338.50
219.95	24550.36
220.03	24749.60
220.10	24915.70
220.17	25058.38
220.24	25157.52
220.32	25210.55
220.39	25190.00
220.46	25110.96
220.53	24980.85
220.61	24865.35
220.68	24796.10
220.75	24833.06
220.82	24990.96
220.90	25230.00
220.97	25524.73
221.04	25813.26
221.11	26089.38
221.19	26332.90
221.26	26570.98
221.33	26806.64
221.40	27054.61
221.48	27296.20
221.55	27528.39
221.62	27756.07
221.69	27966.82
221.77	28175.12
221.84	28355.26
221.91	28516.15
221.98	28655.81
222.06	28775.36
222.13	28839.69
222.20	28887.69
222.27	28903.91
222.35	28893.24
222.42	28876.88
222.49	28892.59
222.56	28939.90
222.63	29026.49
222.71	29160.70
222.78	29321.22
222.85	29506.67
222.92	29699.76
223.00	29892.34
223.07	30086.90
223.14	30284.31
223.21	30473.73
223.29	30669.65
223.36	30877.89
223.43	31085.11
223.50	31289.54
223.57	31491.53
223.65	31673.98
223.72	31839.00
223.79	31965.59
223.86	32058.24
223.94	32127.58
224.01	32187.01
224.08	32224.51
224.15	32270.20
224.22	32320.62
224.30	32368.68
224.37	32430.17
224.44	32522.90
224.51	32630.18
224.59	32749.91
224.66	32891.76
224.73	33046.03
224.80	33206.47
224.87	33366.11
224.95	33553.79
225.02	33737.52
225.09	33911.05
225.16	34071.88
225.23	34240.20
225.31	34388.78
225.38	34514.19
225.45	34634.68
225.52	34744.44
225.60	34827.83
225.67	34896.67
225.74	34940.23
225.81	34964.79
225.88	34993.14
225.96	35050.02
226.03	35122.88
226.10	35257.72
226.17	35402.57
226.24	35544.95
226.32	35683.42
226.39	35818.03
226.46	35942.80
226.53	36072.28
226.60	36209.23
226.68	36338.07
226.75	36471.65
226.82	36599.41
226.89	36723.26
226.96	36846.70
227.04	36942.66
227.11	37020.91
227.18	37098.71
227.25	37156.88
227.32	37213.63
227.40	37302.71
227.47	37385.76
227.54	37448.55
227.61	37504.98
227.68	37549.13
227.76	37574.83
227.83	37605.11
227.90	37661.81
227.97	37742.24
228.04	37841.31
228.11	37938.08
228.19	38039.81
228.26	38141.88
228.33	38239.27
228.40	38335.26
228.47	38448.35
228.55	38573.15
228.62	38681.16
228.69	38794.50
228.76	38891.19
228.83	38979.95
228.90	39056.60
228.98	39137.32
229.05	39227.30
229.12	39332.44
229.19	39434.48
229.26	39524.84
229.34	39606.36
229.41	39673.13
229.48	39726.60
229.55	39766.35
229.62	39815.29
229.69	39863.53
229.77	39901.66
229.84	39934.45
229.91	39965.22
229.98	40006.73
230.05	40055.27
230.12	40108.68
230.20	40191.99
230.27	40301.62
230.34	40394.86
230.41	40498.48
230.48	40597.39
230.55	40691.01
230.63	40769.57
230.70	40847.12
230.77	40895.63
230.84	40946.71
230.91	40967.13
230.98	40985.99
231.06	41029.73
231.13	41093.72
231.20	41167.69
231.27	41269.15
231.34	41372.53
231.41	41451.96
231.49	41513.72
231.56	41578.56
231.63	41626.38
231.70	41673.18
231.77	41718.88
231.84	41755.79
231.92	41782.03
231.99	41818.89
232.06	41852.04
232.13	41889.00
232.20	41941.50
232.27	41999.85
232.34	42047.31
232.42	42089.64
232.49	42130.49
232.56	42173.82
232.63	42220.24
232.70	42267.77
232.77	42331.04
232.85	42402.77
232.92	42465.86
232.99	42520.74
233.06	42576.57
233.13	42611.14
233.20	42636.34
233.27	42659.20
233.35	42680.68
233.42	42688.72
233.49	42711.59
233.56	42743.06
233.63	42790.37
233.70	42828.95
233.77	42883.96
233.85	42936.08
233.92	42991.20
233.99	43023.82
234.06	43076.27
234.13	43113.83
234.20	43159.32
234.27	43189.70
234.35	43227.00
234.42	43243.88
234.49	43268.22
234.56	43279.96
234.63	43286.96
234.70	43299.86
234.77	43304.40
234.84	43301.27
234.92	43292.79
234.99	43305.16
235.06	43324.96
235.13	43353.40
235.20	43387.72
235.27	43431.85
235.34	43465.68
235.41	43500.90
235.49	43537.47
235.56	43579.88
235.63	43618.43
235.70	43649.92
235.77	43661.04
235.84	43665.13
235.91	43660.50
235.98	43647.85
236.06	43640.77
236.13	43646.81
236.20	43652.33
236.27	43645.31
236.34	43650.10
236.41	43657.53
236.48	43651.72
236.55	43661.46
236.63	43676.69
236.70	43684.01
236.77	43691.24
236.84	43718.69
236.91	43743.70
236.98	43763.40
237.05	43783.32
237.12	43793.39
237.19	43790.67
237.27	43781.01
237.34	43791.08
237.41	43796.16
237.48	43797.24
237.55	43792.27
237.62	43791.32
237.69	43799.35
237.76	43820.43
237.83	43849.13
237.91	43882.25
237.98	43919.47
238.05	43939.76
238.12	43953.18
238.19	43957.60
238.26	43974.25
238.33	43979.12
238.40	43975.44
238.47	43974.97
238.54	43986.84
238.62	43977.48
238.69	43970.13
238.76	43960.95
238.83	43943.87
238.90	43941.00
238.97	43954.93
239.04	43967.58
239.11	43999.20
239.18	44035.26
239.25	44053.16
239.33	44052.86
239.40	44054.61
239.47	44034.28
239.54	44011.43
239.61	43982.70
239.68	43957.32
239.75	43950.97
239.82	43949.80
239.89	43954.23
239.96	43956.95
240.03	43978.46
240.11	43978.21
240.18	43999.20
240.25	44017.36
240.32	44033.74
240.39	44050.10
240.46	44079.01
240.53	44103.14
240.60	44124.30
240.67	44162.43
240.74	44196.38
240.81	44215.49
240.88	44229.38
240.96	44231.44
241.03	44237.51
241.10	44238.76
241.17	44247.41
241.24	44252.32
241.31	44274.30
241.38	44274.84
241.45	44258.65
241.52	44259.16
241.59	44264.24
241.66	44275.14
241.73	44294.04
241.80	44326.72
241.88	44352.68
241.95	44361.95
242.02	44366.39
242.09	44360.23
242.16	44359.65
242.23	44358.56
242.30	44366.30
242.37	44374.06
242.44	44404.22
242.51	44418.14
242.58	44427.71
242.65	44442.46
242.72	44459.93
242.79	44454.39
242.87	44463.02
242.94	44476.21
243.01	44501.96
243.08	44521.95
243.15	44555.07
243.22	44594.55
243.29	44629.18
243.36	44647.13
243.43	44679.54
243.50	44723.83
243.57	44764.14
243.64	44800.95
243.71	44849.05
243.78	44876.44
243.85	44883.56
243.92	44897.94
243.99	44913.14
244.07	44919.01
244.14	44931.26
244.21	44956.99
244.28	44973.17
244.35	44985.71
244.42	45003.72
244.49	45015.36
244.56	45035.21
244.63	45060.69
244.70	45084.07
244.77	45112.29
244.84	45154.57
244.91	45180.60
244.98	45207.03
245.05	45238.77
245.12	45275.39
245.19	45322.14
245.26	45366.14
245.33	45415.63
245.40	45478.49
245.47	45537.60
245.55	45580.93
245.62	45628.99
245.69	45666.64
245.76	45707.56
245.83	45746.68
245.90	45779.07
245.97	45816.88
246.04	45856.48
246.11	45877.20
246.18	45890.47
246.25	45910.96
246.32	45915.74
246.39	45933.68
246.46	45964.33
246.53	46011.73
246.60	46067.22
246.67	46143.41
246.74	46208.76
246.81	46274.38
246.88	46322.88
246.95	46371.61
247.02	46411.90
247.09	46458.34
247.16	46493.94
247.23	46525.88
247.30	46537.02
247.37	46555.39
247.44	46576.38
247.51	46603.29
247.58	46644.60
247.66	46714.83
247.73	46787.17
247.80	46845.41
247.87	46904.78
247.94	46971.96
248.01	47038.29
248.08	47107.20
248.15	47175.94
248.22	47235.25
248.29	47294.74
248.36	47333.64
248.43	47373.01
248.50	47423.71
248.57	47481.51
248.64	47523.54
248.71	47582.71
248.78	47653.36
248.85	47703.58
248.92	47765.60
248.99	47824.82
249.06	47865.15
249.13	47878.57
249.20	47922.76
249.27	47941.74
249.34	47971.42
249.41	48004.64
249.48	48039.33
249.55	48056.85
249.62	48096.73
249.69	48132.72
249.76	48178.84
249.83	48237.48
249.90	48302.99
249.97	48374.32
250.04	48457.51
250.11	48542.43
250.18	48627.28
250.25	48700.91
250.32	48749.29
250.39	48804.21
250.46	48854.38
250.53	48901.06
250.60	48963.46
250.67	49041.47
250.74	49106.59
250.81	49153.20
250.88	49198.00
250.95	49235.19
251.02	49267.22
251.09	49299.69
251.16	49343.30
251.23	49388.02
251.30	49442.03
251.37	49485.00
251.44	49527.35
251.51	49596.89
251.58	49662.04
251.65	49714.51
251.72	49779.79
251.79	49844.17
251.86	49887.92
251.93	49930.43
252.00	49965.32
252.07	49982.54
252.14	49997.04
252.21	50010.15
252.28	50038.39
252.35	50082.44
252.42	50150.70
252.49	50215.08
252.56	50284.85
252.63	50332.23
252.70	50392.61
252.77	50444.72
252.84	50501.28
252.91	50545.61
252.98	50607.69
253.05	50637.76
253.12	50673.35
253.19	50705.19
253.25	50754.48
253.32	50787.55
253.39	50847.65
253.46	50885.21
253.53	50935.32
253.60	50959.23
253.67	50984.98
253.74	51009.19
253.81	51062.14
253.88	51106.13
253.95	51165.06
254.02	51224.03
254.09	51274.46
254.16	51315.43
254.23	51341.83
254.30	51369.74
254.37	51406.75
254.44	51433.33
254.51	51461.90
254.58	51497.94
254.65	51536.84
254.72	51572.27
254.79	51597.84
254.86	51619.66
254.93	51648.74
255.00	51682.84
255.07	51712.30
255.14	51769.86
255.21	51814.64
255.28	51830.33
255.34	51831.67
255.41	51847.20
255.48	51853.54
255.55	51865.87
255.62	51902.25
255.69	51937.95
255.76	51967.24
255.83	51995.68
255.90	52041.41
255.97	52093.79
256.04	52137.75
256.11	52190.55
256.18	52241.59
256.25	52273.08
256.32	52300.10
256.39	52341.72
256.46	52369.38
256.53	52390.84
256.60	52432.75
256.67	52466.84
256.74	52485.07
256.80	52505.28
256.87	52521.19
256.94	52523.47
257.01	52536.44
257.08	52562.09
257.15	52585.02
257.22	52621.60
257.29	52635.71
257.36	52629.97
257.43	52623.14
257.50	52620.06
257.57	52599.79
257.64	52609.85
257.71	52637.86
257.78	52676.63
257.85	52703.78
257.92	52753.07
257.98	52792.57
258.05	52818.64
258.12	52820.92
258.19	52820.85
258.26	52787.74
258.33	52753.09
258.40	52734.41
258.47	52723.91
258.54	52727.41
258.61	52754.63
258.68	52793.02
258.75	52820.41
258.82	52855.08
258.89	52876.49
258.95	52895.90
259.02	52908.66
259.09	52903.84
259.16	52898.39
259.23	52890.65
259.30	52878.08
259.37	52863.58
259.44	52872.87
259.51	52885.12
259.58	52916.60
259.65	52936.66
259.72	52950.82
259.79	52950.35
259.85	52930.18
259.92	52907.53
259.99	52905.09
260.06	52913.20
260.13	52924.44
260.20	52934.05
260.27	52930.01
260.34	52902.49
260.41	52867.84
260.48	52844.18
260.55	52838.52
260.62	52842.91
260.68	52844.37
260.75	52843.35
260.82	52842.64
260.89	52835.43
260.96	52830.08
261.03	52845.44
261.10	52852.48
261.17	52842.25
261.24	52814.08
261.31	52774.55
261.38	52730.81
261.44	52689.02
261.51	52654.59
261.58	52644.20
261.65	52625.48
261.72	52626.31
261.79	52624.18
261.86	52610.52
261.93	52604.74
262.00	52602.52
262.07	52569.78
262.13	52536.83
262.20	52532.01
262.27	52511.80
262.34	52511.04
262.41	52510.95
262.48	52514.61
262.55	52518.76
262.62	52515.62
262.69	52499.05
262.76	52472.63
262.82	52440.52
262.89	52414.03
262.96	52399.69
263.03	52385.35
263.10	52386.62
263.17	52391.01
263.24	52372.91
263.31	52357.77
263.38	52337.38
263.44	52341.22
263.51	52344.62
263.58	52349.99
263.65	52331.07
263.72	52292.06
263.79	52221.28
263.86	52158.44
263.93	52093.07
264.00	52062.71
264.06	52061.05
264.13	52058.34
264.20	52052.84
264.27	52030.11
264.34	51979.75
264.41	51932.53
264.48	51886.70
264.55	51833.81
264.61	51793.26
264.68	51768.78
264.75	51729.19
264.82	51683.95
264.89	51641.57
264.96	51617.72
265.03	51580.82
265.10	51560.89
265.16	51560.34
265.23	51559.31
265.30	51536.00
265.37	51526.32
265.44	51503.88
265.51	51479.93
265.58	51464.52
265.65	51450.20
265.71	51434.18
265.78	51429.76
265.85	51411.30
265.92	51370.51
265.99	51325.44
266.06	51273.62
266.13	51206.22
266.20	51156.81
266.26	51123.10
266.33	51099.74
266.40	51070.53
266.47	51030.45
266.54	50975.19
266.61	50933.84
266.68	50891.83
266.74	50844.74
266.81	50807.84
266.88	50767.74
266.95	50701.55
267.02	50648.58
267.09	50610.07
267.16	50581.80
267.22	50565.03
267.29	50564.76
267.36	50558.47
267.43	50556.84
267.50	50550.61
267.57	50537.81
267.64	50514.55
267.70	50479.95
267.77	50425.25
267.84	50387.03
267.91	50358.63
267.98	50334.38
268.05	50315.15
268.11	50314.63
268.18	50284.15
268.25	50232.22
268.32	50178.68
268.39	50118.76
268.46	50034.54
268.53	49955.37
268.59	49893.08
268.66	49834.16
268.73	49784.55
268.80	49757.06
268.87	49744.33
268.94	49744.69
269.00	49760.53
269.07	49782.98
269.14	49794.37
269.21	49778.86
269.28	49740.11
269.35	49696.22
269.41	49645.74
269.48	49595.97
269.55	49583.97
269.62	49585.87
269.69	49568.58
269.76	49546.78
269.82	49525.30
269.89	49481.80
269.96	49445.37
270.03	49402.20
270.10	49363.97
270.17	49313.89
270.23	49275.18
270.30	49221.46
270.37	49208.52
270.44	49194.80
270.51	49201.88
270.58	49196.17
270.64	49186.22
270.71	49164.46
270.78	49153.72
270.85	49137.76
270.92	49126.28
270.99	49120.43
271.05	49094.95
271.12	49050.74
271.19	48989.02
271.26	48930.17
271.33	48864.13
271.39	48821.31
271.46	48764.97
271.53	48738.78
271.60	48720.58
271.67	48703.08
271.74	48674.05
271.80	48663.44
271.87	48662.75
271.94	48632.61
272.01	48608.25
272.08	48585.13
272.14	48553.14
272.21	48508.20
272.28	48487.76
272.35	48470.73
272.42	48454.82
272.48	48449.89
272.55	48444.26
272.62	48431.29
272.69	48414.82
272.76	48409.96
272.83	48394.33
272.89	48369.82
272.96	48341.18
273.03	48321.34
273.10	48285.00
273.17	48247.05
273.23	48220.06
273.30	48200.60
273.37	48151.94
273.44	48097.85
273.51	48063.57
273.57	48032.63
273.64	47993.23
273.71	47993.28
273.78	47998.19
273.85	48003.79
273.91	47994.00
273.98	48021.84
274.05	48058.22
274.12	48110.66
274.19	48156.83
274.25	48206.28
274.32	48219.55
274.39	48190.89
274.46	48132.49
274.53	48060.19
274.59	47972.67
274.66	47902.85
274.73	47848.24
274.80	47804.83
274.86	47760.57
274.93	47739.02
275.00	47712.68
275.07	47687.27
275.14	47663.05
275.20	47645.22
275.27	47628.22
275.34	47602.49
275.41	47576.07
275.48	47567.74
275.54	47574.61
275.61	47573.42
275.68	47575.57
275.75	47570.81
275.81	47541.58
275.88	47519.98
275.95	47507.10
276.02	47501.46
276.09	47506.55
276.15	47514.66
276.22	47505.50
276.29	47492.77
276.36	47441.94
276.42	47382.86
276.49	47326.22
276.56	47253.10
276.63	47178.05
276.70	47142.16
276.76	47129.21
276.83	47129.56
276.90	47140.66
276.97	47160.60
277.03	47178.48
277.10	47170.13
277.17	47139.89
277.24	47118.40
277.30	47080.84
277.37	47060.03
277.44	47064.00
277.51	47087.89
277.58	47089.13
277.64	47098.74
277.71	47075.05
277.78	47022.70
277.85	46949.70
277.91	46878.48
277.98	46806.10
278.05	46746.08
278.12	46709.53
278.18	46681.56
278.25	46683.10
278.32	46691.92
278.39	46716.40
278.45	46758.21
278.52	46804.22
278.59	46849.18
278.66	46879.32
278.72	46894.68
278.79	46864.44
278.86	46821.69
278.93	46750.09
278.99	46665.00
279.06	46586.32
279.13	46522.35
279.20	46499.53
279.26	46512.64
279.33	46566.51
279.40	46616.72
279.47	46662.71
279.53	46680.87
279.60	46669.87
279.67	46603.51
279.74	46489.05
279.80	46370.50
279.87	46249.82
279.94	46153.37
280.01	46106.34
280.07	46105.09
280.14	46131.22
280.21	46152.62
280.28	46173.18
280.34	46181.17
280.41	46196.41
280.48	46191.68
280.55	46194.53
280.61	46186.98
280.68	46185.66
280.75	46162.45
280.82	46159.52
280.88	46143.13
280.95	46110.60
281.02	46061.01
281.08	46001.96
281.15	45919.25
281.22	45838.78
281.29	45765.70
281.35	45678.37
281.42	45604.60
281.49	45524.76
281.56	45441.02
281.62	45369.14
281.69	45317.24
281.76	45263.08
281.82	45219.51
281.89	45200.09
281.96	45188.44
282.03	45191.95
282.09	45202.29
282.16	45228.53
282.23	45242.68
282.30	45251.34
282.36	45265.47
282.43	45277.34
282.50	45301.03
282.56	45314.33
282.63	45330.53
282.70	45332.44
282.77	45347.07
282.83	45348.00
282.90	45360.44
282.97	45355.63
283.03	45320.91
283.10	45255.68
283.17	45153.81
283.24	45019.34
283.30	44900.17
283.37	44789.05
283.44	44712.96
283.50	44671.32
283.57	44665.34
283.64	44650.67
283.71	44658.69
283.77	44660.42
283.84	44671.07
283.91	44682.89
283.97	44708.96
284.04	44750.72
284.11	44784.59
284.18	44806.09
284.24	44823.95
284.31	44833.90
284.38	44822.11
284.44	44811.52
284.51	44812.27
284.58	44808.67
284.64	44806.76
284.71	44802.79
284.78	44781.64
284.85	44749.42
284.91	44713.18
284.98	44677.02
285.05	44620.86
285.11	44570.43
285.18	44486.98
285.25	44410.40
285.31	44328.67
285.38	44279.73
285.45	44259.54
285.52	44294.41
285.58	44338.29
285.65	44384.75
285.72	44440.17
285.78	44494.82
285.85	44516.99
285.92	44528.02
285.98	44559.25
286.05	44601.26
286.12	44627.73
286.18	44680.52
286.25	44731.62
286.32	44763.78
286.39	44770.38
286.45	44769.29
286.52	44730.20
286.59	44666.38
286.65	44573.31
286.72	44456.74
286.79	44343.10
286.85	44251.32
286.92	44188.44
286.99	44158.37
287.05	44144.11
287.12	44154.31
287.19	44176.94
287.25	44221.97
287.32	44264.94
287.39	44319.62
287.45	44353.11
287.52	44385.25
287.59	44402.32
287.65	44428.99
287.72	44449.01
287.79	44469.54
287.86	44485.91
287.92	44500.60
287.99	44514.68
288.06	44545.30
288.12	44573.06
288.19	44596.34
288.26	44605.66
288.32	44604.50
288.39	44595.27
288.46	44588.92
288.52	44568.61
288.59	44536.78
288.66	44485.81
288.72	44419.61
288.79	44328.54
288.86	44233.59
288.92	44163.28
288.99	44119.64
289.06	44105.82
289.12	44141.70
289.19	44211.29
289.26	44289.29
289.32	44376.25
289.39	44474.98
289.45	44562.46
289.52	44625.45
289.59	44675.52
289.65	44703.05
289.72	44691.56
289.79	44674.61
289.85	44666.44
289.92	44659.04
289.99	44643.15
290.05	44615.44
290.12	44579.02
290.19	44534.20
290.25	44488.56
290.32	44465.36
290.39	44470.94
290.45	44475.79
290.52	44478.99
290.59	44484.02
290.65	44447.99
290.72	44383.13
290.79	44327.35
290.85	44293.83
290.92	44304.95
290.98	44362.16
291.05	44447.27
291.12	44546.88
291.18	44633.12
291.25	44699.06
291.32	44767.11
291.38	44830.49
291.45	44883.12
291.52	44953.36
291.58	44991.40
291.65	45005.63
291.72	45011.36
291.78	45001.85
291.85	44954.84
291.91	44908.12
291.98	44876.54
292.05	44829.29
292.11	44791.49
292.18	44745.69
292.25	44698.69
292.31	44630.71
292.38	44586.98
292.45	44541.92
292.51	44534.49
292.58	44535.44
292.64	44578.62
292.71	44618.85
292.78	44683.89
292.84	44739.91
292.91	44818.91
292.98	44888.83
293.04	44976.50
293.11	45045.46
293.17	45122.31
293.24	45192.79
293.31	45260.05
293.37	45320.82
293.44	45362.61
293.51	45391.37
293.57	45400.15
293.64	45387.51
293.70	45344.22
293.77	45278.59
293.84	45190.54
293.90	45082.29
293.97	44974.85
294.04	44894.45
294.10	44843.44
294.17	44845.89
294.23	44875.70
294.30	44894.33
294.37	44903.44
294.43	44917.73
294.50	44891.82
294.56	44886.02
294.63	44903.49
294.70	44953.13
294.76	45023.47
294.83	45125.43
294.90	45225.10
294.96	45351.24
295.03	45453.43
295.09	45556.27
295.16	45655.37
295.23	45742.50
295.29	45811.32
295.36	45869.03
295.42	45902.22
295.49	45916.49
295.56	45931.53
295.62	45936.53
295.69	45905.17
295.75	45854.41
295.82	45792.39
295.89	45688.56
295.95	45550.76
296.02	45438.11
296.08	45330.73
296.15	45226.96
296.22	45156.17
296.28	45121.01
296.35	45119.78
296.41	45155.23
296.48	45229.14
296.55	45346.71
296.61	45487.12
296.68	45623.46
296.74	45763.62
296.81	45898.00
296.88	45989.74
296.94	46050.41
297.01	46104.89
297.07	46152.08
297.14	46201.17
297.20	46278.15
297.27	46362.53
297.34	46445.82
297.40	46517.90
297.47	46575.24
297.53	46586.23
297.60	46591.85
297.67	46567.46
297.73	46538.16
297.80	46441.82
297.86	46320.60
297.93	46161.39
298.00	46005.71
298.06	45844.14
298.13	45752.31
298.19	45709.02
298.26	45717.50
298.32	45765.82
298.39	45821.88
298.46	45875.70
298.52	45954.58
298.59	46042.10
298.65	46127.14
298.72	46241.70
298.78	46362.56
298.85	46468.15
298.92	46568.32
298.98	46660.40
299.05	46745.14
299.11	46826.90
299.18	46905.55
299.24	46963.19
299.31	47009.81
299.38	47052.99
299.44	47071.70
299.51	47082.07
299.57	47105.40
299.64	47135.02
299.70	47141.95
299.77	47133.04
299.84	47098.87
299.90	46983.91
299.97	46785.02
300.03	46550.81
300.10	46324.90
300.16	46126.20
300.23	46017.74
300.30	46015.03
300.36	46079.90
300.43	46199.61
300.49	46336.47
300.56	46484.51
300.62	46626.81
300.69	46749.76
300.75	46866.70
300.82	46977.54
300.89	47064.39
300.95	47153.00
301.02	47227.01
301.08	47284.16
301.15	47325.02
301.21	47374.70
301.28	47405.10
301.34	47459.81
301.41	47488.48
301.48	47511.62
301.54	47527.33
301.61	47545.01
301.67	47528.66
301.74	47514.83
301.80	47481.72
301.87	47396.79
301.93	47269.61
302.00	47117.05
302.06	46942.55
302.13	46760.68
302.20	46615.28
302.26	46505.61
302.33	46463.28
302.39	46459.60
302.46	46512.74
302.52	46582.74
302.59	46683.80
302.65	46785.68
302.72	46901.96
302.78	46997.32
302.85	47097.03
302.91	47166.76
302.98	47224.80
303.05	47271.47
303.11	47320.84
303.18	47352.75
303.24	47400.69
303.31	47429.75
303.37	47453.84
303.44	47483.88
303.50	47505.01
303.57	47498.07
303.63	47493.37
303.70	47473.81
303.76	47435.30
303.83	47399.48
303.89	47359.49
303.96	47287.87
304.03	47196.07
304.09	47069.66
304.16	46906.98
304.22	46713.24
304.29	46539.47
304.35	46396.32
304.42	46318.46
304.48	46295.43
304.55	46328.95
304.61	46394.82
304.68	46475.79
304.74	46544.50
304.81	46622.03
304.87	46692.44
304.94	46750.98
305.00	46799.54
305.07	46835.63
305.13	46852.89
305.20	46866.56
305.26	46870.19
305.33	46872.65
305.39	46879.10
305.46	46866.90
305.52	46857.10
305.59	46838.96
305.66	46820.79
305.72	46794.19
305.79	46769.19
305.85	46726.79
305.92	46661.81
305.98	46538.34
306.05	46362.39
306.11	46165.05
306.18	45952.61
306.24	45752.99
306.31	45583.16
306.37	45436.75
306.44	45300.10
306.50	45193.43
306.57	45140.20
306.63	45168.71
306.70	45256.71
306.76	45386.77
306.83	45517.60
306.89	45618.40
306.96	45677.09
307.02	45711.05
307.09	45740.35
307.15	45768.35
307.22	45791.95
307.28	45799.23
307.35	45778.97
307.41	45753.56
307.48	45712.30
307.54	45674.86
307.61	45629.47
307.67	45601.82
307.74	45566.56
307.80	45536.30
307.87	45493.85
307.93	45445.39
308.00	45394.20
308.06	45341.31
308.13	45271.88
308.19	45195.59
308.26	45120.53
308.32	45050.50
308.38	44968.32
308.45	44898.67
308.51	44813.29
308.58	44705.08
308.64	44572.75
308.71	44461.94
308.77	44356.72
308.84	44277.53
308.90	44259.39
308.97	44268.51
309.03	44288.65
309.10	44307.37
309.16	44323.98
309.23	44311.89
309.29	44294.58
309.36	44251.15
309.42	44223.23
309.49	44196.43
309.55	44158.28
309.62	44108.40
309.68	44060.46
309.75	43994.99
309.81	43928.88
309.88	43873.97
309.94	43821.35
310.00	43768.72
310.07	43713.05
310.13	43649.50
310.20	43579.20
310.26	43515.48
310.33	43450.34
310.39	43390.67
310.46	43343.92
310.52	43277.12
310.59	43204.94
310.65	43117.01
310.72	43022.25
310.78	42921.90
310.85	42837.91
310.91	42775.14
310.97	42733.97
311.04	42705.69
311.10	42666.91
311.17	42644.18
311.23	42609.28
311.30	42574.22
311.36	42544.90
311.43	42531.15
311.49	42501.02
311.56	42483.49
311.62	42466.28
311.69	42438.94
311.75	42419.42
311.81	42382.57
311.88	42328.31
311.94	42271.27
312.01	42218.58
312.07	42145.92
312.14	42109.60
312.20	42070.80
312.27	42028.14
312.33	41971.80
312.40	41916.86
312.46	41844.23
312.52	41768.02
312.59	41693.50
312.65	41634.39
312.72	41563.08
312.78	41488.63
312.85	41417.47
312.91	41343.81
312.98	41256.13
313.04	41185.33
313.10	41117.00
313.17	41048.06
313.23	40992.96
313.30	40933.54
313.36	40880.57
313.43	40842.66
313.49	40818.84
313.56	40781.62
313.62	40751.47
313.68	40714.75
313.75	40668.34
313.81	40619.57
313.88	40570.87
313.94	40520.85
314.01	40479.47
314.07	40439.99
314.13	40391.97
314.20	40351.64
314.26	40311.52
314.33	40265.81
314.39	40220.11
314.46	40156.38
314.52	40101.94
314.58	40048.06
314.65	39980.19
314.71	39909.72
314.78	39862.74
314.84	39792.42
314.91	39729.91
314.97	39677.12
315.03	39626.94
315.10	39580.67
315.16	39541.14
315.23	39482.25
315.29	39421.85
315.36	39367.88
315.42	39312.20
315.48	39251.01
315.55	39207.34
315.61	39153.41
315.68	39096.49
315.74	39025.91
315.81	38965.94
315.87	38911.79
315.93	38890.30
316.00	38873.53
316.06	38859.30
316.13	38846.97
316.19	38814.75
316.25	38728.30
316.32	38606.44
316.38	38459.41
316.45	38262.77
316.51	38039.17
316.58	37810.63
316.64	37561.26
316.70	37313.78
316.77	37068.04
316.83	36823.08
316.90	36568.17
316.96	36322.93
317.02	36069.71
317.09	35815.36
317.15	35569.99
317.22	35319.81
317.28	35063.64
317.34	34801.96
317.41	34550.35
317.47	34295.42
317.54	34044.20
317.60	33791.18
317.66	33535.85
317.73	33269.62
317.79	33003.16
317.86	32734.74
317.92	32473.12
317.98	32205.47
318.05	31937.73
318.11	31651.29
318.18	31386.43
318.24	31111.28
318.30	30837.82
318.37	30571.59
318.43	30301.49
318.50	30017.80
318.56	29728.28
318.62	29459.12
318.69	29185.60
318.75	28913.03
318.82	28630.03
318.88	28366.86
318.94	28076.15
319.01	27793.71
319.07	27526.19
319.13	27257.05
319.20	26979.54
319.26	26704.11
319.33	26419.23
319.39	26126.93
319.45	25851.30
319.52	25572.26
319.58	25302.50
319.65	25025.41
319.71	24744.75
319.77	24450.59
319.84	24167.61
319.90	23878.59
319.96	23600.17
320.03	23313.87
320.09	23045.55
320.16	22749.90
320.22	22461.90
320.28	22165.85
320.35	21885.08
320.41	21594.56
320.47	21324.36
320.54	21045.23
320.60	20772.29
320.67	20500.22
320.73	20221.40
320.79	19934.04
320.86	19661.60
320.92	19369.15
320.98	19075.87
321.05	18788.42
321.11	18504.24
321.18	18212.50
321.24	17929.04
321.30	17645.71
321.37	17374.79
321.43	17103.35
321.49	16827.86
321.56	16563.36
321.62	16297.76
321.68	16018.29
321.75	15742.91
321.81	15465.22
321.88	15174.72
321.94	14891.07
322.00	14604.41
322.07	14313.30
322.13	14031.26
322.19	13763.21
322.26	13488.17
322.32	13211.86
322.38	12938.09
322.45	12663.58
322.51	12383.11
322.58	12116.41
322.64	11850.01
322.70	11585.81
322.77	11322.01
322.83	11065.41
322.89	10790.95
322.96	10519.16
323.02	10254.77
323.08	9983.93
323.15	9717.43
323.21	9454.92
323.27	9205.63
323.34	8952.43
323.40	8702.79
323.46	8451.94
323.53	8099.28
323.59	6988.07
323.65	5402.86
323.72	3747.38
323.78	2140.28
323.85	688.19
323.91	40.80
323.97	-82.99
324.04	-81.29
