180.21	3364.65
180.28	-115.26
180.36	624.54
180.44	-42.74
180.51	-14.16
180.59	7.22
180.66	33.24
180.74	29.67
180.81	27.97
180.89	29.43
180.97	30.48
181.04	27.76
181.12	26.76
181.19	26.79
181.27	27.02
181.34	44.71
181.42	51.53
181.50	59.07
181.57	71.14
181.65	76.90
181.72	69.05
181.80	64.12
181.87	64.45
181.95	64.25
182.03	62.99
182.10	65.53
182.18	67.86
182.25	72.60
182.33	71.71
182.40	78.68
182.48	75.04
182.55	85.92
182.63	89.65
182.71	92.11
182.78	94.06
182.86	100.39
182.93	98.10
183.01	101.36
183.08	101.72
183.16	106.35
183.23	102.86
183.31	108.90
183.39	107.90
183.46	118.59
183.54	115.53
183.61	123.27
183.69	125.71
183.76	136.36
183.84	136.31
183.91	137.87
183.99	146.48
184.06	148.63
184.14	151.17
184.22	154.88
184.29	158.36
184.37	156.86
184.44	151.39
184.52	141.17
184.59	138.78
184.67	142.87
184.74	137.89
184.82	150.86
184.89	164.14
184.97	174.83
185.04	183.47
185.12	195.03
185.20	205.11
185.27	214.34
185.35	225.22
185.42	226.66
185.50	239.52
185.57	241.90
185.65	248.60
185.72	250.32
185.80	260.94
185.87	260.95
185.95	261.07
186.02	264.83
186.10	265.27
186.17	265.47
186.25	264.44
186.33	256.51
186.40	247.15
186.48	247.70
186.55	252.51
186.63	259.24
186.70	289.19
186.78	311.09
186.85	331.44
186.93	347.27
187.00	367.37
187.08	370.15
187.15	386.62
187.23	400.67
187.30	415.64
187.38	433.40
187.45	455.52
187.53	470.77
187.60	478.89
187.68	490.49
187.75	501.78
187.83	509.86
187.90	506.28
187.98	504.55
188.05	501.65
188.13	481.46
188.21	455.22
188.28	451.40
188.36	448.25
188.43	450.33
188.51	471.71
188.58	509.10
188.66	526.79
188.73	554.59
188.81	588.05
188.88	609.44
188.96	630.19
189.03	661.72
189.11	688.43
189.18	702.56
189.26	723.46
189.33	748.02
189.41	775.32
189.48	795.19
189.56	818.82
189.63	838.30
189.71	839.01
189.78	826.57
189.86	815.60
189.93	802.74
190.01	779.08
190.08	762.39
190.16	743.04
190.23	720.46
190.31	711.37
190.38	713.48
190.46	725.49
190.53	755.48
190.61	803.63
190.68	837.98
190.76	886.45
190.83	926.63
190.91	959.00
190.98	980.88
191.06	1011.73
191.13	1031.32
191.21	1051.93
191.28	1066.89
191.35	1080.88
191.43	1088.66
191.50	1089.72
191.58	1097.86
191.65	1111.48
191.73	1119.87
191.80	1132.74
191.88	1139.65
191.95	1140.32
192.03	1142.35
192.10	1147.64
192.18	1147.60
192.25	1154.55
192.33	1152.87
192.40	1143.15
192.48	1135.79
192.55	1132.96
192.63	1129.03
192.70	1140.60
192.78	1161.91
192.85	1193.79
192.93	1220.96
193.00	1241.44
193.08	1252.58
193.15	1262.94
193.22	1269.77
193.30	1281.72
193.37	1320.60
193.45	1355.26
193.52	1394.32
193.60	1435.72
193.67	1467.74
193.75	1486.92
193.82	1513.32
193.90	1528.22
193.97	1535.90
194.05	1538.94
194.12	1534.62
194.20	1526.89
194.27	1515.15
194.34	1493.84
194.42	1475.03
194.49	1463.91
194.57	1456.33
194.64	1447.54
194.72	1440.95
194.79	1445.20
194.87	1456.18
194.94	1480.84
195.02	1525.28
195.09	1579.87
195.17	1637.40
195.24	1687.09
195.31	1724.98
195.39	1750.74
195.46	1769.78
195.54	1781.44
195.61	1785.76
195.69	1779.47
195.76	1763.50
195.84	1743.75
195.91	1702.29
195.99	1652.68
196.06	1609.34
196.13	1587.54
196.21	1583.54
196.28	1609.92
196.36	1662.98
196.43	1726.55
196.51	1789.66
196.58	1846.18
196.66	1894.03
196.73	1925.74
196.80	1948.57
196.88	1958.24
196.95	1963.55
197.03	1964.72
197.10	1955.99
197.18	1936.14
197.25	1907.39
197.33	1868.50
197.40	1827.68
197.47	1785.05
197.55	1758.77
197.62	1744.20
197.70	1746.11
197.77	1767.97
197.85	1814.76
197.92	1864.25
197.99	1928.90
198.07	1999.27
198.14	2056.79
198.22	2112.64
198.29	2155.03
198.37	2185.35
198.44	2204.94
198.51	2212.28
198.59	2202.09
198.66	2192.03
198.74	2160.48
198.81	2108.47
198.89	2047.41
198.96	1987.92
199.03	1926.30
199.11	1890.13
199.18	1881.24
199.26	1907.44
199.33	1960.25
199.41	2036.95
199.48	2109.32
199.55	2188.66
199.63	2249.35
199.70	2305.94
199.78	2348.72
199.85	2388.88
199.93	2415.23
200.00	2442.49
200.07	2445.47
200.15	2438.64
200.22	2415.45
200.30	2366.53
200.37	2299.08
200.44	2215.01
200.52	2138.78
200.59	2092.88
200.67	2082.84
200.74	2103.92
200.81	2162.40
200.89	2233.62
200.96	2312.16
201.04	2380.27
201.11	2454.63
201.19	2528.31
201.26	2589.41
201.33	2634.83
201.41	2678.10
201.48	2706.41
201.56	2716.87
201.63	2726.80
201.70	2710.35
201.78	2675.84
201.85	2618.69
201.93	2552.74
202.00	2479.57
202.07	2425.45
202.15	2377.01
202.22	2356.33
202.30	2377.32
202.37	2425.97
202.44	2502.51
202.52	2608.70
202.59	2724.22
202.67	2819.13
202.74	2907.43
202.81	2973.34
202.89	3031.45
202.96	3085.89
203.04	3136.88
203.11	3164.90
203.18	3184.16
203.26	3178.31
203.33	3136.76
203.41	3063.41
203.48	2972.51
203.55	2848.08
203.63	2737.27
203.70	2677.72
203.77	2672.06
203.85	2719.33
203.92	2824.70
204.00	2964.94
204.07	3089.56
204.14	3209.60
204.22	3313.49
204.29	3418.21
204.37	3497.60
204.44	3573.78
204.51	3636.01
204.59	3686.91
204.66	3705.91
204.73	3716.59
204.81	3699.13
204.88	3660.44
204.96	3594.78
205.03	3499.68
205.10	3387.61
205.18	3297.90
205.25	3227.73
205.32	3194.36
205.40	3218.97
205.47	3294.08
205.55	3403.49
205.62	3538.63
205.69	3696.89
205.77	3857.78
205.84	4007.22
205.91	4136.64
205.99	4246.50
206.06	4327.59
206.14	4402.92
206.21	4476.27
206.28	4520.91
206.36	4559.52
206.43	4566.73
206.50	4539.40
206.58	4458.54
206.65	4342.78
206.72	4179.56
206.80	4020.05
206.87	3886.22
206.95	3828.73
207.02	3867.61
207.09	3990.04
207.17	4174.06
207.24	4390.67
207.31	4596.02
207.39	4777.64
207.46	4947.29
207.53	5094.64
207.61	5231.54
207.68	5351.44
207.75	5464.87
207.83	5560.57
207.90	5635.66
207.98	5664.87
208.05	5672.86
208.12	5629.82
208.20	5540.22
208.27	5414.59
208.34	5261.28
208.42	5091.86
208.49	4972.17
208.56	4913.88
208.64	4938.72
208.71	5043.84
208.78	5206.14
208.86	5399.32
208.93	5602.04
209.00	5807.77
209.08	6011.80
209.15	6217.52
209.22	6405.92
209.30	6581.92
209.37	6729.93
209.44	6866.81
209.52	6983.83
209.59	7073.75
209.67	7140.37
209.74	7163.94
209.81	7142.47
209.89	7060.66
209.96	6922.90
210.03	6739.87
210.11	6567.24
210.18	6413.09
210.25	6327.17
210.33	6339.46
210.40	6451.99
210.47	6641.70
210.55	6893.36
210.62	7157.36
210.69	7416.16
210.77	7668.08
210.84	7889.67
210.91	8099.16
210.99	8290.07
211.06	8474.94
211.13	8643.41
211.21	8803.19
211.28	8925.15
211.35	9029.05
211.42	9082.51
211.50	9067.56
211.57	8984.90
211.64	8844.17
211.72	8641.04
211.79	8415.50
211.86	8261.87
211.94	8225.78
212.01	8302.71
212.08	8500.75
212.16	8775.94
212.23	9065.54
212.30	9324.15
212.38	9550.01
212.45	9761.18
212.52	9958.57
212.60	10145.37
212.67	10332.76
212.74	10529.11
212.82	10724.99
212.89	10924.20
212.96	11095.78
213.03	11235.36
213.11	11333.36
213.18	11360.15
213.25	11321.09
213.33	11226.23
213.40	11072.35
213.47	10925.09
213.55	10826.59
213.62	10784.22
213.69	10834.86
213.77	10993.22
213.84	11210.77
213.91	11460.44
213.98	11735.98
214.06	11987.38
214.13	12224.11
214.20	12426.92
214.28	12634.81
214.35	12848.90
214.42	13091.10
214.50	13326.90
214.57	13573.10
214.64	13797.20
214.72	13985.22
214.79	14122.84
214.86	14212.21
214.93	14242.10
215.01	14212.31
215.08	14108.27
215.15	13944.83
215.23	13757.65
215.30	13619.10
215.37	13580.42
215.44	13691.39
215.52	13946.68
215.59	14291.34
215.66	14664.03
215.74	15000.97
215.81	15287.91
215.88	15547.94
215.95	15790.06
216.03	16028.22
216.10	16267.63
216.17	16493.99
216.25	16702.58
216.32	16896.01
216.39	17057.19
216.46	17202.13
216.54	17316.90
216.61	17400.28
216.68	17442.89
216.76	17440.88
216.83	17366.43
216.90	17248.09
216.97	17121.57
217.05	17047.89
217.12	17063.46
217.19	17195.49
217.27	17434.08
217.34	17746.52
217.41	18090.21
217.48	18436.87
217.56	18771.60
217.63	19090.61
217.70	19362.54
217.78	19614.33
217.85	19832.49
217.92	20031.95
217.99	20215.12
218.07	20392.58
218.14	20549.29
218.21	20707.67
218.28	20869.62
218.36	21020.15
218.43	21145.81
218.50	21236.62
218.57	21250.06
218.65	21170.43
218.72	21020.48
218.79	20870.09
218.87	20761.32
218.94	20767.16
219.01	20913.40
219.08	21186.66
219.16	21535.03
219.23	21910.72
219.30	22266.63
219.37	22577.92
219.45	22867.65
219.52	23130.10
219.59	23367.89
219.66	23605.28
219.74	23834.76
219.81	24066.91
219.88	24280.79
219.95	24482.21
220.03	24671.58
220.10	24859.41
220.17	24989.96
220.24	25090.11
220.32	25154.29
220.39	25144.56
220.46	25058.19
220.53	24946.76
220.61	24825.10
220.68	24757.41
220.75	24802.92
220.82	24965.93
220.90	25204.37
220.97	25503.11
221.04	25802.95
221.11	26059.96
221.19	26293.26
221.26	26533.56
221.33	26765.66
221.40	26998.62
221.48	27227.72
221.55	27454.39
221.62	27669.18
221.69	27895.09
221.77	28106.71
221.84	28318.50
221.91	28492.44
221.98	28647.08
222.06	28755.19
222.13	28838.10
222.20	28873.70
222.27	28893.86
222.35	28876.95
222.42	28859.77
222.49	28866.51
222.56	28917.26
222.63	29007.31
222.71	29144.77
222.78	29312.35
222.85	29488.09
222.92	29668.49
223.00	29850.94
223.07	30034.63
223.14	30225.41
223.21	30417.38
223.29	30614.14
223.36	30819.62
223.43	31030.76
223.50	31237.12
223.57	31446.21
223.65	31640.47
223.72	31800.39
223.79	31935.26
223.86	32026.86
223.94	32097.97
224.01	32146.75
224.08	32188.89
224.15	32223.12
224.22	32270.58
224.30	32308.82
224.37	32371.20
224.44	32466.48
224.51	32577.02
224.59	32707.63
224.66	32855.33
224.73	33022.09
224.80	33180.18
224.87	33346.61
224.95	33527.56
225.02	33717.98
225.09	33884.64
225.16	34044.05
225.23	34210.54
225.31	34352.93
225.38	34473.64
225.45	34591.69
225.52	34713.37
225.60	34784.68
225.67	34853.48
225.74	34897.75
225.81	34919.14
225.88	34935.67
225.96	34998.57
226.03	35069.57
226.10	35188.30
226.17	35334.76
226.24	35491.75
226.32	35628.20
226.39	35768.77
226.46	35888.72
226.53	36008.10
226.60	36134.12
226.68	36263.02
226.75	36399.39
226.82	36524.40
226.89	36660.32
226.96	36769.87
227.04	36869.03
227.11	36946.67
227.18	37036.43
227.25	37105.20
227.32	37181.22
227.40	37259.69
227.47	37339.22
227.54	37403.32
227.61	37452.71
227.68	37485.40
227.76	37514.10
227.83	37549.19
227.90	37608.14
227.97	37692.57
228.04	37800.84
228.11	37908.64
228.19	38023.31
228.26	38138.48
228.33	38245.95
228.40	38344.83
228.47	38461.29
228.55	38567.17
228.62	38661.97
228.69	38764.12
228.76	38847.97
228.83	38919.97
228.90	38999.23
228.98	39086.25
229.05	39173.07
229.12	39282.84
229.19	39395.22
229.26	39492.56
229.34	39568.70
229.41	39620.62
229.48	39664.46
229.55	39700.90
229.62	39745.93
229.69	39785.64
229.77	39821.06
229.84	39856.12
229.91	39893.76
229.98	39927.18
230.05	39976.62
230.12	40053.72
230.20	40135.04
230.27	40223.01
230.34	40313.27
230.41	40417.04
230.48	40507.00
230.55	40600.99
230.63	40680.19
230.70	40764.88
230.77	40819.96
230.84	40867.35
230.91	40891.64
230.98	40932.60
231.06	40971.22
231.13	41039.79
231.20	41122.44
231.27	41219.10
231.34	41312.14
231.41	41402.30
231.49	41464.38
231.56	41524.74
231.63	41583.64
231.70	41621.42
231.77	41659.65
231.84	41701.63
231.92	41741.24
231.99	41761.05
232.06	41807.66
232.13	41843.31
232.20	41899.06
232.27	41951.63
232.34	42012.51
232.42	42055.45
232.49	42110.53
232.56	42144.72
232.63	42196.30
232.70	42248.94
232.77	42306.83
232.85	42363.78
232.92	42422.45
232.99	42460.15
233.06	42508.93
233.13	42561.19
233.20	42591.90
233.27	42617.36
233.35	42646.95
233.42	42657.99
233.49	42664.35
233.56	42698.15
233.63	42739.33
233.70	42782.82
233.77	42831.65
233.85	42876.17
233.92	42926.01
233.99	42973.32
234.06	43011.02
234.13	43067.96
234.20	43118.60
234.27	43147.36
234.35	43178.55
234.42	43206.26
234.49	43211.14
234.56	43230.40
234.63	43243.50
234.70	43247.71
234.77	43251.68
234.84	43256.26
234.92	43249.81
234.99	43256.63
235.06	43276.53
235.13	43295.89
235.20	43332.24
235.27	43382.48
235.34	43415.10
235.41	43446.34
235.49	43481.88
235.56	43529.48
235.63	43566.08
235.70	43598.76
235.77	43616.34
235.84	43627.35
235.91	43614.91
235.98	43596.71
236.06	43591.22
236.13	43593.50
236.20	43602.28
236.27	43594.57
236.34	43593.91
236.41	43596.14
236.48	43594.85
236.55	43599.11
236.63	43619.84
236.70	43633.89
236.77	43645.13
236.84	43669.55
236.91	43682.41
236.98	43693.78
237.05	43715.72
237.12	43722.57
237.19	43723.09
237.27	43728.33
237.34	43746.57
237.41	43740.36
237.48	43748.59
237.55	43752.39
237.62	43761.31
237.69	43768.55
237.76	43791.35
237.83	43813.05
237.91	43833.53
237.98	43858.83
238.05	43873.96
238.12	43885.61
238.19	43889.76
238.26	43916.30
238.33	43921.22
238.40	43916.90
238.47	43911.77
238.54	43919.52
238.62	43905.52
238.69	43899.31
238.76	43901.24
238.83	43888.24
238.90	43890.79
238.97	43898.12
239.04	43915.89
239.11	43932.77
239.18	43968.55
239.25	43985.37
239.33	43989.87
239.40	43979.41
239.47	43971.64
239.54	43960.98
239.61	43941.60
239.68	43925.97
239.75	43922.56
239.82	43919.16
239.89	43917.42
239.96	43922.35
240.03	43921.67
240.11	43926.97
240.18	43938.51
240.25	43942.93
240.32	43946.71
240.39	43975.24
240.46	44005.05
240.53	44037.41
240.60	44075.57
240.67	44127.32
240.74	44165.64
240.81	44186.92
240.88	44193.02
240.96	44198.07
241.03	44200.11
241.10	44208.55
241.17	44214.88
241.24	44233.50
241.31	44253.78
241.38	44252.23
241.45	44226.30
241.52	44216.22
241.59	44208.12
241.66	44209.01
241.73	44235.59
241.80	44273.69
241.88	44305.90
241.95	44321.42
242.02	44333.96
242.09	44322.58
242.16	44316.86
242.23	44323.46
242.30	44333.19
242.37	44341.48
242.44	44374.54
242.51	44390.89
242.58	44391.74
242.65	44402.98
242.72	44423.44
242.79	44429.13
242.87	44462.06
242.94	44481.97
243.01	44500.14
243.08	44516.27
243.15	44523.41
243.22	44528.50
243.29	44561.76
243.36	44583.63
243.43	44614.01
243.50	44666.65
243.57	44711.93
243.64	44746.87
243.71	44791.77
243.78	44815.89
243.85	44831.71
243.92	44841.83
243.99	44853.99
244.07	44863.53
244.14	44875.50
244.21	44891.67
244.28	44915.83
244.35	44934.51
244.42	44949.80
244.49	44986.10
244.56	45011.64
244.63	45034.85
244.70	45052.03
244.77	45078.87
244.84	45095.65
244.91	45127.20
244.98	45161.50
245.05	45213.34
245.12	45260.09
245.19	45301.25
245.26	45324.66
245.33	45363.48
245.40	45400.77
245.47	45445.44
245.55	45488.27
245.62	45539.26
245.69	45563.63
245.76	45605.40
245.83	45648.10
245.90	45695.48
245.97	45724.52
246.04	45780.18
246.11	45809.35
246.18	45823.82
246.25	45833.13
246.32	45861.52
246.39	45878.94
246.46	45908.21
246.53	45967.21
246.60	46035.33
246.67	46099.41
246.74	46156.44
246.81	46226.16
246.88	46276.90
246.95	46316.36
247.02	46369.38
247.09	46417.51
247.16	46447.64
247.23	46469.11
247.30	46487.82
247.37	46483.10
247.44	46492.80
247.51	46518.11
247.58	46555.12
247.66	46612.23
247.73	46697.17
247.80	46780.75
247.87	46848.40
247.94	46927.95
248.01	47001.44
248.08	47053.06
248.15	47105.77
248.22	47156.36
248.29	47194.62
248.36	47230.97
248.43	47277.99
248.50	47334.48
248.57	47403.01
248.64	47468.18
248.71	47538.05
248.78	47612.49
248.85	47664.90
248.92	47715.49
248.99	47757.68
249.06	47791.85
249.13	47815.14
249.20	47851.45
249.27	47876.51
249.34	47916.79
249.41	47955.13
249.48	47991.68
249.55	48022.81
249.62	48069.10
249.69	48102.06
249.76	48141.67
249.83	48195.32
249.90	48261.79
249.97	48324.14
250.04	48404.35
250.11	48486.27
250.18	48567.65
250.25	48637.71
250.32	48686.81
250.39	48734.51
250.46	48778.65
250.53	48844.08
250.60	48903.31
250.67	48981.42
250.74	49054.27
250.81	49113.83
250.88	49142.67
250.95	49171.62
251.02	49201.06
251.09	49229.48
251.16	49275.47
251.23	49327.99
251.30	49386.57
251.37	49435.94
251.44	49473.74
251.51	49520.00
251.58	49563.12
251.65	49607.45
251.72	49659.36
251.79	49730.39
251.86	49784.44
251.93	49833.57
252.00	49862.74
252.07	49888.91
252.14	49905.76
252.21	49936.22
252.28	49974.96
252.35	50023.18
252.42	50085.14
252.49	50152.25
252.56	50203.78
252.63	50255.54
252.70	50327.01
252.77	50384.71
252.84	50435.48
252.91	50485.07
252.98	50532.07
253.05	50565.12
253.12	50590.19
253.19	50621.64
253.25	50665.92
253.32	50707.43
253.39	50762.51
253.46	50817.23
253.53	50864.49
253.60	50904.78
253.67	50933.70
253.74	50967.76
253.81	51014.85
253.88	51051.98
253.95	51099.51
254.02	51153.95
254.09	51198.33
254.16	51238.98
254.23	51277.06
254.30	51299.67
254.37	51330.09
254.44	51370.52
254.51	51404.15
254.58	51438.27
254.65	51485.86
254.72	51523.69
254.79	51538.87
254.86	51565.68
254.93	51598.43
255.00	51622.45
255.07	51655.93
255.14	51710.15
255.21	51739.10
255.28	51761.69
255.34	51779.94
255.41	51791.24
255.48	51791.86
255.55	51806.90
255.62	51834.79
255.69	51858.15
255.76	51888.49
255.83	51922.63
255.90	51971.39
255.97	52021.62
256.04	52063.47
256.11	52108.46
256.18	52150.95
256.25	52186.72
256.32	52224.66
256.39	52272.23
256.46	52307.44
256.53	52347.25
256.60	52390.02
256.67	52424.44
256.74	52446.41
256.80	52463.92
256.87	52469.84
256.94	52471.46
257.01	52476.29
257.08	52501.53
257.15	52540.71
257.22	52580.76
257.29	52590.55
257.36	52588.91
257.43	52567.84
257.50	52555.55
257.57	52528.91
257.64	52542.27
257.71	52562.64
257.78	52600.85
257.85	52626.18
257.92	52669.63
257.98	52703.44
258.05	52731.23
258.12	52740.31
258.19	52739.65
258.26	52712.97
258.33	52669.81
258.40	52644.81
258.47	52630.88
258.54	52634.00
258.61	52666.34
258.68	52711.61
258.75	52748.42
258.82	52796.21
258.89	52829.80
258.95	52849.48
259.02	52859.56
259.09	52857.37
259.16	52837.57
259.23	52818.49
259.30	52804.71
259.37	52800.40
259.44	52807.97
259.51	52831.89
259.58	52864.49
259.65	52884.88
259.72	52894.86
259.79	52883.80
259.85	52859.72
259.92	52825.88
259.99	52826.84
260.06	52833.63
260.13	52840.48
260.20	52849.78
260.27	52853.97
260.34	52817.44
260.41	52787.21
260.48	52777.08
260.55	52780.33
260.62	52781.08
260.68	52783.02
260.75	52782.63
260.82	52779.72
260.89	52767.68
260.96	52762.25
261.03	52782.93
261.10	52786.82
261.17	52778.35
261.24	52744.96
261.31	52722.30
261.38	52679.18
261.44	52644.76
261.51	52621.84
261.58	52613.63
261.65	52598.49
261.72	52596.42
261.79	52581.23
261.86	52560.51
261.93	52551.21
262.00	52549.74
262.07	52517.54
262.13	52504.91
262.20	52488.76
262.27	52471.87
262.34	52451.37
262.41	52457.06
262.48	52461.07
262.55	52471.77
262.62	52479.12
262.69	52467.26
262.76	52446.98
262.82	52421.51
262.89	52393.60
262.96	52372.08
263.03	52360.04
263.10	52350.04
263.17	52334.45
263.24	52314.33
263.31	52294.21
263.38	52279.86
263.44	52280.61
263.51	52270.48
263.58	52274.18
263.65	52245.52
263.72	52194.44
263.79	52124.34
263.86	52063.56
263.93	52006.50
264.00	51982.17
264.06	51984.80
264.13	51984.74
264.20	51982.83
264.27	51955.50
264.34	51923.02
264.41	51866.47
264.48	51831.69
264.55	51791.28
264.61	51755.80
264.68	51712.01
264.75	51685.96
264.82	51634.10
264.89	51589.36
264.96	51568.29
265.03	51535.97
265.10	51512.62
265.16	51507.70
265.23	51497.95
265.30	51482.05
265.37	51473.61
265.44	51444.24
265.51	51415.63
265.58	51396.46
265.65	51376.87
265.71	51369.45
265.78	51383.53
265.85	51365.65
265.92	51337.17
265.99	51288.36
266.06	51226.60
266.13	51142.57
266.20	51092.22
266.26	51060.82
266.33	51024.54
266.40	51001.66
266.47	50968.36
266.54	50919.90
266.61	50871.44
266.68	50839.94
266.74	50798.20
266.81	50774.28
266.88	50725.07
266.95	50661.69
267.02	50601.94
267.09	50551.23
267.16	50510.80
267.22	50494.83
267.29	50491.77
267.36	50496.20
267.43	50505.12
267.50	50496.54
267.57	50489.45
267.64	50461.39
267.70	50415.11
267.77	50363.16
267.84	50324.11
267.91	50288.43
267.98	50261.64
268.05	50255.42
268.11	50230.02
268.18	50199.18
268.25	50154.90
268.32	50102.17
268.39	50024.15
268.46	49952.18
268.53	49872.50
268.59	49805.68
268.66	49755.65
268.73	49720.35
268.80	49701.72
268.87	49690.73
268.94	49695.78
269.00	49703.36
269.07	49717.68
269.14	49731.14
269.21	49736.72
269.28	49709.75
269.35	49671.17
269.41	49628.06
269.48	49587.63
269.55	49546.95
269.62	49528.59
269.69	49521.21
269.76	49498.46
269.82	49458.16
269.89	49428.26
269.96	49383.78
270.03	49345.68
270.10	49311.90
270.17	49260.86
270.23	49209.13
270.30	49162.76
270.37	49128.47
270.44	49111.28
270.51	49104.52
270.58	49106.99
270.64	49122.52
270.71	49105.47
270.78	49092.99
270.85	49090.72
270.92	49077.01
270.99	49052.64
271.05	49034.41
271.12	48983.58
271.19	48928.95
271.26	48869.63
271.33	48818.37
271.39	48777.26
271.46	48731.06
271.53	48698.66
271.60	48682.42
271.67	48657.31
271.74	48630.85
271.80	48611.70
271.87	48602.51
271.94	48570.77
272.01	48534.59
272.08	48493.96
272.14	48470.25
272.21	48445.06
272.28	48427.09
272.35	48413.49
272.42	48401.63
272.48	48389.08
272.55	48368.39
272.62	48349.32
272.69	48335.00
272.76	48334.87
272.83	48318.51
272.89	48300.14
272.96	48287.51
273.03	48275.25
273.10	48248.21
273.17	48223.10
273.23	48193.80
273.30	48162.07
273.37	48111.08
273.44	48060.75
273.51	48019.27
273.57	47983.11
273.64	47946.19
273.71	47940.10
273.78	47933.83
273.85	47942.26
273.91	47956.41
273.98	47989.80
274.05	48023.62
274.12	48065.07
274.19	48104.76
274.25	48132.46
274.32	48134.92
274.39	48112.40
274.46	48071.62
274.53	48002.91
274.59	47917.85
274.66	47845.26
274.73	47777.17
274.80	47714.09
274.86	47676.91
274.93	47658.93
275.00	47640.65
275.07	47628.28
275.14	47624.17
275.20	47608.35
275.27	47594.87
275.34	47567.85
275.41	47546.43
275.48	47528.23
275.54	47523.37
275.61	47515.56
275.68	47518.37
275.75	47513.05
275.81	47503.87
275.88	47487.10
275.95	47482.01
276.02	47469.45
276.09	47461.88
276.15	47451.69
276.22	47449.13
276.29	47428.31
276.36	47389.75
276.42	47329.55
276.49	47265.37
276.56	47193.31
276.63	47125.14
276.70	47082.31
276.76	47072.55
276.83	47076.92
276.90	47091.83
276.97	47108.70
277.03	47133.46
277.10	47125.97
277.17	47102.77
277.24	47072.50
277.30	47046.03
277.37	47013.63
277.44	47009.34
277.51	47019.54
277.58	47020.15
277.64	47021.40
277.71	47007.15
277.78	46973.79
277.85	46909.94
277.91	46846.84
277.98	46775.69
278.05	46711.36
278.12	46670.44
278.18	46635.15
278.25	46620.44
278.32	46624.98
278.39	46660.78
278.45	46694.11
278.52	46744.80
278.59	46789.93
278.66	46834.11
278.72	46848.87
278.79	46840.40
278.86	46794.76
278.93	46734.41
278.99	46637.00
279.06	46542.62
279.13	46470.64
279.20	46453.66
279.26	46469.31
279.33	46519.48
279.40	46576.60
279.47	46625.19
279.53	46653.99
279.60	46631.56
279.67	46566.67
279.74	46453.92
279.80	46334.95
279.87	46214.06
279.94	46120.82
280.01	46083.24
280.07	46090.76
280.14	46102.54
280.21	46113.75
280.28	46125.07
280.34	46117.29
280.41	46117.62
280.48	46126.04
280.55	46134.64
280.61	46145.31
280.68	46150.85
280.75	46133.34
280.82	46115.23
280.88	46092.24
280.95	46058.73
281.02	46013.47
281.08	45959.95
281.15	45887.37
281.22	45812.56
281.29	45726.71
281.35	45631.83
281.42	45550.71
281.49	45466.34
281.56	45381.36
281.62	45311.17
281.69	45253.08
281.76	45193.49
281.82	45159.24
281.89	45134.93
281.96	45123.62
282.03	45132.18
282.09	45146.33
282.16	45156.65
282.23	45175.35
282.30	45196.36
282.36	45221.49
282.43	45239.94
282.50	45280.27
282.56	45300.95
282.63	45309.05
282.70	45309.00
282.77	45334.69
282.83	45327.17
282.90	45328.96
282.97	45320.98
283.03	45287.78
283.10	45204.93
283.17	45107.27
283.24	44987.23
283.30	44856.73
283.37	44752.26
283.44	44684.18
283.50	44635.62
283.57	44624.50
283.64	44624.31
283.71	44627.16
283.77	44628.62
283.84	44639.89
283.91	44655.62
283.97	44673.45
284.04	44712.52
284.11	44745.43
284.18	44770.97
284.24	44779.56
284.31	44797.61
284.38	44780.42
284.44	44770.07
284.51	44760.69
284.58	44753.52
284.64	44755.21
284.71	44752.36
284.78	44733.07
284.85	44714.44
284.91	44682.49
284.98	44638.76
285.05	44580.26
285.11	44510.20
285.18	44430.02
285.25	44346.43
285.31	44271.20
285.38	44226.89
285.45	44226.35
285.52	44241.63
285.58	44284.67
285.65	44332.63
285.72	44373.88
285.78	44412.31
285.85	44458.34
285.92	44496.92
285.98	44531.85
286.05	44575.79
286.12	44610.24
286.18	44645.73
286.25	44681.13
286.32	44700.41
286.39	44716.96
286.45	44715.35
286.52	44676.89
286.59	44608.46
286.65	44526.97
286.72	44429.66
286.79	44325.30
286.85	44228.56
286.92	44172.01
286.99	44131.11
287.05	44097.70
287.12	44091.97
287.19	44131.87
287.25	44170.89
287.32	44220.95
287.39	44271.22
287.45	44320.69
287.52	44345.34
287.59	44363.12
287.65	44387.67
287.72	44412.47
287.79	44439.96
287.86	44466.46
287.92	44495.10
287.99	44507.77
288.06	44525.41
288.12	44539.71
288.19	44559.97
288.26	44558.06
288.32	44559.99
288.39	44548.98
288.46	44532.74
288.52	44512.53
288.59	44483.95
288.66	44424.74
288.72	44346.81
288.79	44267.28
288.86	44179.07
288.92	44113.66
288.99	44081.33
289.06	44100.16
289.12	44138.21
289.19	44188.61
289.26	44257.69
289.32	44336.17
289.39	44416.11
289.45	44487.22
289.52	44553.24
289.59	44603.21
289.65	44641.60
289.72	44649.24
289.79	44646.34
289.85	44634.50
289.92	44620.72
289.99	44596.04
290.05	44571.04
290.12	44525.53
290.19	44488.19
290.25	44448.55
290.32	44437.34
290.39	44439.35
290.45	44452.22
290.52	44462.06
290.59	44455.93
290.65	44402.35
290.72	44329.08
290.79	44274.86
290.85	44248.00
290.92	44273.91
290.98	44336.21
291.05	44419.04
291.12	44515.63
291.18	44599.08
291.25	44664.34
291.32	44734.22
291.38	44794.73
291.45	44852.15
291.52	44899.66
291.58	44932.85
291.65	44952.88
291.72	44978.19
291.78	44967.31
291.85	44930.18
291.91	44881.94
291.98	44838.39
292.05	44783.98
292.11	44745.63
292.18	44712.03
292.25	44668.27
292.31	44615.79
292.38	44564.11
292.45	44514.51
292.51	44511.39
292.58	44520.12
292.64	44540.76
292.71	44585.35
292.78	44654.49
292.84	44704.83
292.91	44784.17
292.98	44864.61
293.04	44944.64
293.11	45009.82
293.17	45084.17
293.24	45153.87
293.31	45215.83
293.37	45268.74
293.44	45317.81
293.51	45344.89
293.57	45347.48
293.64	45343.41
293.70	45317.61
293.77	45240.83
293.84	45135.70
293.90	45023.41
293.97	44916.45
294.04	44828.41
294.10	44788.11
294.17	44789.11
294.23	44820.47
294.30	44846.60
294.37	44855.48
294.43	44871.58
294.50	44871.45
294.56	44866.46
294.63	44884.84
294.70	44932.98
294.76	44990.26
294.83	45079.22
294.90	45185.37
294.96	45286.26
295.03	45397.34
295.09	45502.09
295.16	45597.81
295.23	45675.17
295.29	45757.03
295.36	45807.45
295.42	45847.90
295.49	45870.47
295.56	45901.11
295.62	45893.94
295.69	45873.66
295.75	45824.58
295.82	45768.65
295.89	45654.11
295.95	45528.39
296.02	45404.97
296.08	45291.25
296.15	45171.97
296.22	45101.05
296.28	45075.29
296.35	45085.18
296.41	45139.88
296.48	45224.19
296.55	45337.97
296.61	45467.58
296.68	45604.19
296.74	45726.12
296.81	45854.92
296.88	45954.55
296.94	46024.04
297.01	46077.71
297.07	46133.57
297.14	46184.02
297.20	46238.76
297.27	46315.71
297.34	46383.86
297.40	46455.06
297.47	46495.09
297.53	46527.82
297.60	46542.04
297.67	46533.77
297.73	46479.45
297.80	46404.10
297.86	46277.54
297.93	46120.07
298.00	45966.48
298.06	45823.03
298.13	45732.47
298.19	45691.11
298.26	45685.90
298.32	45718.30
298.39	45779.91
298.46	45828.75
298.52	45903.89
298.59	45993.93
298.65	46095.53
298.72	46205.73
298.78	46326.84
298.85	46425.24
298.92	46524.82
298.98	46608.43
299.05	46690.48
299.11	46774.74
299.18	46852.89
299.24	46926.13
299.31	46979.38
299.38	47024.69
299.44	47038.68
299.51	47063.04
299.57	47073.12
299.64	47088.63
299.70	47091.03
299.77	47087.98
299.84	47046.89
299.90	46934.54
299.97	46756.38
300.03	46506.35
300.10	46268.16
300.16	46060.75
300.23	45952.30
300.30	45932.98
300.36	46015.35
300.43	46149.76
300.49	46301.51
300.56	46444.52
300.62	46608.22
300.69	46746.17
300.75	46852.32
300.82	46955.88
300.89	47048.21
300.95	47114.71
301.02	47171.57
301.08	47228.83
301.15	47274.39
301.21	47319.73
301.28	47354.17
301.34	47400.71
301.41	47440.58
301.48	47464.98
301.54	47480.10
301.61	47492.87
301.67	47490.03
301.74	47473.87
301.80	47432.42
301.87	47358.87
301.93	47241.57
302.00	47084.39
302.06	46899.58
302.13	46723.40
302.20	46582.81
302.26	46483.69
302.33	46450.04
302.39	46457.91
302.46	46506.99
302.52	46560.39
302.59	46636.48
302.65	46722.40
302.72	46827.84
302.78	46940.38
302.85	47045.16
302.91	47127.41
302.98	47207.29
303.05	47259.69
303.11	47295.41
303.18	47335.83
303.24	47380.89
303.31	47396.01
303.37	47424.73
303.44	47446.83
303.50	47451.28
303.57	47448.80
303.63	47448.55
303.70	47424.50
303.76	47392.16
303.83	47367.23
303.89	47324.53
303.96	47261.09
304.03	47177.28
304.09	47061.73
304.16	46896.43
304.22	46700.32
304.29	46519.94
304.35	46371.46
304.42	46284.87
304.48	46261.21
304.55	46300.30
304.61	46356.17
304.68	46429.06
304.74	46503.81
304.81	46578.88
304.87	46633.87
304.94	46699.21
305.00	46749.54
305.07	46788.17
305.13	46798.67
305.20	46811.68
305.26	46813.27
305.33	46813.11
305.39	46809.16
305.46	46810.13
305.52	46806.50
305.59	46800.83
305.66	46781.35
305.72	46760.10
305.79	46738.86
305.85	46706.05
305.92	46644.28
305.98	46532.34
306.05	46353.20
306.11	46146.36
306.18	45930.97
306.24	45722.98
306.31	45556.82
306.37	45409.78
306.44	45290.21
306.50	45196.17
306.57	45154.29
306.63	45177.64
306.70	45260.53
306.76	45372.42
306.83	45497.42
306.89	45587.50
306.96	45642.10
307.02	45674.33
307.09	45708.06
307.15	45724.20
307.22	45750.15
307.28	45748.36
307.35	45745.75
307.41	45724.32
307.48	45701.72
307.54	45664.19
307.61	45635.59
307.67	45599.76
307.74	45557.96
307.80	45520.36
307.87	45474.18
307.93	45429.41
308.00	45385.72
308.06	45331.51
308.13	45262.47
308.19	45185.54
308.26	45100.00
308.32	45025.43
308.38	44949.53
308.45	44861.67
308.51	44780.11
308.58	44675.10
308.64	44541.86
308.71	44423.62
308.77	44338.86
308.84	44258.19
308.90	44235.62
308.97	44243.60
309.03	44261.37
309.10	44269.30
309.16	44288.23
309.23	44273.79
309.29	44250.51
309.36	44208.80
309.42	44172.22
309.49	44137.76
309.55	44113.76
309.62	44077.62
309.68	44045.92
309.75	43988.96
309.81	43927.34
309.88	43869.96
309.94	43807.57
310.00	43746.10
310.07	43689.42
310.13	43635.31
310.20	43570.33
310.26	43507.43
310.33	43440.54
310.39	43386.13
310.46	43321.21
310.52	43245.33
310.59	43168.31
310.65	43088.38
310.72	42982.36
310.78	42887.25
310.85	42808.19
310.91	42744.67
310.97	42688.82
311.04	42671.49
311.10	42643.49
311.17	42621.77
311.23	42594.77
311.30	42568.34
311.36	42532.75
311.43	42509.11
311.49	42476.51
311.56	42454.31
311.62	42430.02
311.69	42406.62
311.75	42380.44
311.81	42335.89
311.88	42275.70
311.94	42224.20
312.01	42171.81
312.07	42113.41
312.14	42075.77
312.20	42039.80
312.27	41991.12
312.33	41935.99
312.40	41879.41
312.46	41813.03
312.52	41746.85
312.59	41684.03
312.65	41614.91
312.72	41540.52
312.78	41467.67
312.85	41388.80
312.91	41313.03
312.98	41242.21
313.04	41167.89
313.10	41089.17
313.17	41026.06
313.23	40959.07
313.30	40897.35
313.36	40837.62
313.43	40793.83
313.49	40757.58
313.56	40718.07
313.62	40684.19
313.68	40660.36
313.75	40638.27
313.81	40600.07
313.88	40556.28
313.94	40504.80
314.01	40457.40
314.07	40413.70
314.13	40370.59
314.20	40341.38
314.26	40308.05
314.33	40264.86
314.39	40206.71
314.46	40132.29
314.52	40066.78
314.58	39997.65
314.65	39934.02
314.71	39872.06
314.78	39826.17
314.84	39769.11
314.91	39717.60
314.97	39661.69
315.03	39610.60
315.10	39555.86
315.16	39485.06
315.23	39423.78
315.29	39376.77
315.36	39327.98
315.42	39282.51
315.48	39238.86
315.55	39191.88
315.61	39118.88
315.68	39057.88
315.74	38994.45
315.81	38948.51
315.87	38898.18
315.93	38872.92
316.00	38856.97
316.06	38841.59
316.13	38820.56
316.19	38783.24
316.25	38706.43
316.32	38572.40
316.38	38412.13
316.45	38219.07
316.51	37997.81
316.58	37766.18
316.64	37533.37
316.70	37291.14
316.77	37030.91
316.83	36785.10
316.90	36540.52
316.96	36289.55
317.02	36033.78
317.09	35795.38
317.15	35546.12
317.22	35288.18
317.28	35023.35
317.34	34772.25
317.41	34518.47
317.47	34262.51
317.54	34019.11
317.60	33777.76
317.66	33524.54
317.73	33268.87
317.79	33005.83
317.86	32737.95
317.92	32469.99
317.98	32201.66
318.05	31928.44
318.11	31651.36
318.18	31373.53
318.24	31099.48
318.30	30825.22
318.37	30550.93
318.43	30280.98
318.50	30002.39
318.56	29722.65
318.62	29448.37
318.69	29169.95
318.75	28902.50
318.82	28623.88
318.88	28350.38
318.94	28077.31
319.01	27799.90
319.07	27526.79
319.13	27260.50
319.20	26980.19
319.26	26693.05
319.33	26419.54
319.39	26124.22
319.45	25837.70
319.52	25551.18
319.58	25267.03
319.65	24974.40
319.71	24694.36
319.77	24406.84
319.84	24132.51
319.90	23855.52
319.96	23585.51
320.03	23294.60
320.09	23014.41
320.16	22725.60
320.22	22440.57
320.28	22140.61
320.35	21868.30
320.41	21587.59
320.47	21312.70
320.54	21032.05
320.60	20767.32
320.67	20490.06
320.73	20220.96
320.79	19941.03
320.86	19663.63
320.92	19371.88
320.98	19077.08
321.05	18781.53
321.11	18485.62
321.18	18192.36
321.24	17909.79
321.30	17634.80
321.37	17360.58
321.43	17085.40
321.49	16814.40
321.56	16540.36
321.62	16274.73
321.68	15996.86
321.75	15724.10
321.81	15447.20
321.88	15163.79
321.94	14875.59
322.00	14595.35
322.07	14309.09
322.13	14021.48
322.19	13745.83
322.26	13463.86
322.32	13186.71
322.38	12920.58
322.45	12659.58
322.51	12382.24
322.58	12120.31
322.64	11841.67
322.70	11575.52
322.77	11301.31
322.83	11040.10
322.89	10770.74
322.96	10510.11
323.02	10241.41
323.08	9972.70
323.15	9709.65
323.21	9449.32
323.27	9186.47
323.34	8934.49
323.40	8690.09
323.46	8435.67
323.53	8077.99
323.59	6979.13
323.65	5395.47
323.72	3737.05
323.78	2137.70
323.85	689.00
323.91	40.72
323.97	-81.61
324.04	-84.71
