180.21	3366.25
180.28	-115.28
180.36	624.77
180.44	-43.25
180.51	-14.51
180.59	7.36
180.66	33.54
180.74	29.79
180.81	28.90
180.89	30.71
180.97	31.53
181.04	29.53
181.12	28.57
181.19	28.63
181.27	28.50
181.34	45.37
181.42	51.98
181.50	58.98
181.57	70.56
181.65	76.31
181.72	70.58
181.80	65.39
181.87	66.11
181.95	66.06
182.03	65.36
182.10	67.55
182.18	70.26
182.25	75.01
182.33	74.68
182.40	81.44
182.48	77.73
182.55	87.69
182.63	91.79
182.71	93.83
182.78	95.11
182.86	100.56
182.93	98.43
183.01	101.75
183.08	102.74
183.16	108.19
183.23	104.71
183.31	111.40
183.39	109.82
183.46	120.48
183.54	116.30
183.61	124.59
183.69	126.87
183.76	137.69
183.84	136.48
183.91	137.82
183.99	147.79
184.06	149.47
184.14	152.30
184.22	156.23
184.29	160.26
184.37	157.79
184.44	152.36
184.52	140.88
184.59	137.95
184.67	142.35
184.74	136.92
184.82	150.16
184.89	164.15
184.97	175.71
185.04	184.88
185.12	195.68
185.20	204.26
185.27	213.82
185.35	223.61
185.42	223.64
185.50	236.88
185.57	239.85
185.65	246.06
185.72	247.44
185.80	258.24
185.87	256.93
185.95	256.51
186.02	258.19
186.10	258.03
186.17	258.00
186.25	258.76
186.33	251.45
186.40	244.04
186.48	244.26
186.55	248.04
186.63	252.16
186.70	281.05
186.78	301.65
186.85	323.29
186.93	339.59
187.00	358.72
187.08	360.95
187.15	375.53
187.23	386.04
187.30	397.58
187.38	414.97
187.45	435.95
187.53	453.26
187.60	463.17
187.68	473.36
187.75	485.16
187.83	492.20
187.90	486.34
187.98	485.05
188.05	485.61
188.13	464.68
188.21	441.28
188.28	437.50
188.36	432.27
188.43	433.11
188.51	454.41
188.58	489.32
188.66	507.78
188.73	534.03
188.81	565.62
188.88	584.61
188.96	601.14
189.03	631.64
189.11	657.59
189.18	673.45
189.26	693.96
189.33	721.03
189.41	744.01
189.48	764.20
189.56	783.84
189.63	802.40
189.71	801.81
189.78	787.53
189.86	771.82
189.93	756.54
190.01	731.31
190.08	714.47
190.16	699.32
190.23	680.06
190.31	675.00
190.38	675.71
190.46	688.22
190.53	716.89
190.61	766.63
190.68	797.23
190.76	846.79
190.83	886.90
190.91	917.12
190.98	937.19
191.06	965.80
191.13	983.43
191.21	998.74
191.28	1009.32
191.35	1016.63
191.43	1021.81
191.50	1019.26
191.58	1026.22
191.65	1039.28
191.73	1050.30
191.80	1061.91
191.88	1070.08
191.95	1069.39
192.03	1072.10
192.10	1074.97
192.18	1078.49
192.25	1088.83
192.33	1089.75
192.40	1083.71
192.48	1077.54
192.55	1075.79
192.63	1070.13
192.70	1080.82
192.78	1095.28
192.85	1122.27
192.93	1142.23
193.00	1156.07
193.08	1160.43
193.15	1164.59
193.22	1169.45
193.30	1181.15
193.37	1218.78
193.45	1252.90
193.52	1298.27
193.60	1343.63
193.67	1381.14
193.75	1402.77
193.82	1433.40
193.90	1446.95
193.97	1452.07
194.05	1450.72
194.12	1443.69
194.20	1430.18
194.27	1413.49
194.34	1385.61
194.42	1360.56
194.49	1345.14
194.57	1333.87
194.64	1322.61
194.72	1317.70
194.79	1320.42
194.87	1334.81
194.94	1366.71
195.02	1417.06
195.09	1476.63
195.17	1540.63
195.24	1592.60
195.31	1632.38
195.39	1658.76
195.46	1677.74
195.54	1688.96
195.61	1690.49
195.69	1677.45
195.76	1656.34
195.84	1627.74
195.91	1574.67
195.99	1513.06
196.06	1460.89
196.13	1432.73
196.21	1423.29
196.28	1454.09
196.36	1517.72
196.43	1588.41
196.51	1657.84
196.58	1725.74
196.66	1779.46
196.73	1816.36
196.80	1842.19
196.88	1855.04
196.95	1862.02
197.03	1860.31
197.10	1844.60
197.18	1821.51
197.25	1783.93
197.33	1730.83
197.40	1678.53
197.47	1621.40
197.55	1581.20
197.62	1560.02
197.70	1563.77
197.77	1587.95
197.85	1643.25
197.92	1703.72
197.99	1774.68
198.07	1848.54
198.14	1916.59
198.22	1978.78
198.29	2029.41
198.37	2065.46
198.44	2091.11
198.51	2100.94
198.59	2093.21
198.66	2076.01
198.74	2040.39
198.81	1979.28
198.89	1901.01
198.96	1824.83
199.03	1750.07
199.11	1699.98
199.18	1680.90
199.26	1704.95
199.33	1762.42
199.41	1847.99
199.48	1937.52
199.55	2031.20
199.63	2104.97
199.70	2172.27
199.78	2219.23
199.85	2262.41
199.93	2292.42
200.00	2322.57
200.07	2324.28
200.15	2318.17
200.22	2286.38
200.30	2227.21
200.37	2141.53
200.44	2036.74
200.52	1938.88
200.59	1878.74
200.67	1858.26
200.74	1877.97
200.81	1944.72
200.89	2024.61
200.96	2110.65
201.04	2191.62
201.11	2282.89
201.19	2365.70
201.26	2441.46
201.33	2498.56
201.41	2550.00
201.48	2578.70
201.56	2594.01
201.63	2600.19
201.70	2576.12
201.78	2525.25
201.85	2450.35
201.93	2357.22
202.00	2263.71
202.07	2193.22
202.15	2134.77
202.22	2106.98
202.30	2128.68
202.37	2184.53
202.44	2269.25
202.52	2385.81
202.59	2517.20
202.67	2631.03
202.74	2727.98
202.81	2808.49
202.89	2876.04
202.96	2941.45
203.04	2999.54
203.11	3035.84
203.18	3054.53
203.26	3046.61
203.33	2991.76
203.41	2902.92
203.48	2786.19
203.55	2630.43
203.63	2489.96
203.70	2403.41
203.77	2379.46
203.85	2425.25
203.92	2542.27
204.00	2700.96
204.07	2852.47
204.14	2992.35
204.22	3116.69
204.29	3239.38
204.37	3337.64
204.44	3425.13
204.51	3499.33
204.59	3552.01
204.66	3568.73
204.73	3569.87
204.81	3542.87
204.88	3485.58
204.96	3394.87
205.03	3269.12
205.10	3127.62
205.18	3007.09
205.25	2912.07
205.32	2866.15
205.40	2889.09
205.47	2972.26
205.55	3091.02
205.62	3251.36
205.69	3438.30
205.77	3625.96
205.84	3799.13
205.91	3951.68
205.99	4072.23
206.06	4168.36
206.14	4252.51
206.21	4328.29
206.28	4386.96
206.36	4428.51
206.43	4428.61
206.50	4388.39
206.58	4286.20
206.65	4123.84
206.72	3913.78
206.80	3702.92
206.87	3526.29
206.95	3441.49
207.02	3469.77
207.09	3601.79
207.17	3813.10
207.24	4058.44
207.31	4297.28
207.39	4513.60
207.46	4714.78
207.53	4885.44
207.61	5048.92
207.68	5188.72
207.75	5318.61
207.83	5423.43
207.90	5503.34
207.98	5531.11
208.05	5526.06
208.12	5460.54
208.20	5343.26
208.27	5169.95
208.34	4957.19
208.42	4731.67
208.49	4567.37
208.56	4473.89
208.64	4487.71
208.71	4600.54
208.78	4782.31
208.86	4999.37
208.93	5238.52
209.00	5471.70
209.08	5710.34
209.15	5948.05
209.22	6170.45
209.30	6370.13
209.37	6546.80
209.44	6700.62
209.52	6834.01
209.59	6930.01
209.67	6989.91
209.74	7008.32
209.81	6968.82
209.89	6849.42
209.96	6653.16
210.03	6413.25
210.11	6169.82
210.18	5958.93
210.25	5821.05
210.33	5815.59
210.40	5927.78
210.47	6137.91
210.55	6417.60
210.62	6733.67
210.69	7038.81
210.77	7330.89
210.84	7589.75
210.91	7835.67
210.99	8057.47
211.06	8273.49
211.13	8465.83
211.21	8653.58
211.28	8796.54
211.35	8902.91
211.42	8940.57
211.50	8904.89
211.57	8774.74
211.64	8569.82
211.72	8291.32
211.79	7985.86
211.86	7760.59
211.94	7683.52
212.01	7744.29
212.08	7954.51
212.16	8268.21
212.23	8594.82
212.30	8885.81
212.38	9146.44
212.45	9389.54
212.52	9614.94
212.60	9828.32
212.67	10047.41
212.74	10272.56
212.82	10492.24
212.89	10713.13
212.96	10914.33
213.03	11059.90
213.11	11150.03
213.18	11159.85
213.25	11083.68
213.33	10928.09
213.40	10706.13
213.47	10482.87
213.55	10311.63
213.62	10220.07
213.69	10254.08
213.77	10416.52
213.84	10658.18
213.91	10956.62
213.98	11270.80
214.06	11557.28
214.13	11820.56
214.20	12046.82
214.28	12271.35
214.35	12512.82
214.42	12778.13
214.50	13055.01
214.57	13340.34
214.64	13591.37
214.72	13804.51
214.79	13956.34
214.86	14045.01
214.93	14057.01
215.01	13992.18
215.08	13827.03
215.15	13586.33
215.23	13298.47
215.30	13078.01
215.37	12983.77
215.44	13081.84
215.52	13347.94
215.59	13744.99
215.66	14170.28
215.74	14572.91
215.81	14903.99
215.88	15212.85
215.95	15495.76
216.03	15776.05
216.10	16041.35
216.17	16298.15
216.25	16523.03
216.32	16731.54
216.39	16895.63
216.46	17037.34
216.54	17144.06
216.61	17216.73
216.68	17226.02
216.76	17178.62
216.83	17043.44
216.90	16842.22
216.97	16628.78
217.05	16486.84
217.12	16457.42
217.19	16582.63
217.27	16855.41
217.34	17225.19
217.41	17638.29
217.48	18058.06
217.56	18449.72
217.63	18819.18
217.70	19142.57
217.78	19422.20
217.85	19665.70
217.92	19890.50
217.99	20083.33
218.07	20259.30
218.14	20418.17
218.21	20585.14
218.28	20739.92
218.36	20891.59
218.43	21006.06
218.50	21073.49
218.57	21041.49
218.65	20906.14
218.72	20671.48
218.79	20423.99
218.87	20240.46
218.94	20197.04
219.01	20322.57
219.08	20625.38
219.16	21042.32
219.23	21493.96
219.30	21925.89
219.37	22306.36
219.45	22636.71
219.52	22935.12
219.59	23217.65
219.66	23469.07
219.74	23724.65
219.81	23992.29
219.88	24225.23
219.95	24442.14
220.03	24659.28
220.10	24847.71
220.17	24976.25
220.24	25073.61
220.32	25094.55
220.39	25031.86
220.46	24881.83
220.53	24676.26
220.61	24466.52
220.68	24338.34
220.75	24337.19
220.82	24501.92
220.90	24775.32
220.97	25113.02
221.04	25449.94
221.11	25763.78
221.19	26032.99
221.26	26305.03
221.33	26582.10
221.40	26862.75
221.48	27140.50
221.55	27400.05
221.62	27645.89
221.69	27879.31
221.77	28112.04
221.84	28307.09
221.91	28494.31
221.98	28643.43
222.06	28747.91
222.13	28802.84
222.20	28817.76
222.27	28786.21
222.35	28727.19
222.42	28667.84
222.49	28638.33
222.56	28671.30
222.63	28758.00
222.71	28898.27
222.78	29078.21
222.85	29258.83
222.92	29456.34
223.00	29654.77
223.07	29870.91
223.14	30088.51
223.21	30319.27
223.29	30539.66
223.36	30780.80
223.43	31015.80
223.50	31241.94
223.57	31455.68
223.65	31663.87
223.72	31819.20
223.79	31940.92
223.86	32032.79
223.94	32094.78
224.01	32132.60
224.08	32170.10
224.15	32199.86
224.22	32237.42
224.30	32266.31
224.37	32324.48
224.44	32414.42
224.51	32516.35
224.59	32631.21
224.66	32791.32
224.73	32951.18
224.80	33110.17
224.87	33289.08
224.95	33495.24
225.02	33707.54
225.09	33903.40
225.16	34086.60
225.23	34273.80
225.31	34428.30
225.38	34555.89
225.45	34682.06
225.52	34797.78
225.60	34875.43
225.67	34935.95
225.74	34955.83
225.81	34952.50
225.88	34958.40
225.96	34984.90
226.03	35051.64
226.10	35173.84
226.17	35318.71
226.24	35463.36
226.32	35623.18
226.39	35770.22
226.46	35913.14
226.53	36055.76
226.60	36210.33
226.68	36350.96
226.75	36493.74
226.82	36632.14
226.89	36777.08
226.96	36895.38
227.04	36988.08
227.11	37062.87
227.18	37149.80
227.25	37203.36
227.32	37264.85
227.40	37353.17
227.47	37442.31
227.54	37492.77
227.61	37540.50
227.68	37573.03
227.76	37581.48
227.83	37597.49
227.90	37655.82
227.97	37729.90
228.04	37840.24
228.11	37966.17
228.19	38088.36
228.26	38194.95
228.33	38323.84
228.40	38424.25
228.47	38537.78
228.55	38650.93
228.62	38758.84
228.69	38853.20
228.76	38942.68
228.83	39024.82
228.90	39111.48
228.98	39207.09
229.05	39305.15
229.12	39426.83
229.19	39538.31
229.26	39649.21
229.34	39724.30
229.41	39797.11
229.48	39850.06
229.55	39889.64
229.62	39918.74
229.69	39959.95
229.77	39971.27
229.84	39973.81
229.91	40007.89
229.98	40046.59
230.05	40085.09
230.12	40146.95
230.20	40250.96
230.27	40334.70
230.34	40427.13
230.41	40543.94
230.48	40652.14
230.55	40735.68
230.63	40824.57
230.70	40912.32
230.77	40969.14
230.84	41022.31
230.91	41069.38
230.98	41109.89
231.06	41142.37
231.13	41204.97
231.20	41294.10
231.27	41399.71
231.34	41496.43
231.41	41591.27
231.49	41656.66
231.56	41714.78
231.63	41752.96
231.70	41792.50
231.77	41828.80
231.84	41866.59
231.92	41886.44
231.99	41908.09
232.06	41940.26
232.13	41978.22
232.20	42041.85
232.27	42109.53
232.34	42170.81
232.42	42215.59
232.49	42254.02
232.56	42285.22
232.63	42322.09
232.70	42374.03
232.77	42436.43
232.85	42500.16
232.92	42567.31
232.99	42622.84
233.06	42675.53
233.13	42728.33
233.20	42774.63
233.27	42787.85
233.35	42811.97
233.42	42823.40
233.49	42838.06
233.56	42869.10
233.63	42919.06
233.70	42960.56
233.77	43014.61
233.85	43057.15
233.92	43111.22
233.99	43153.27
234.06	43195.53
234.13	43232.79
234.20	43291.03
234.27	43315.38
234.35	43348.13
234.42	43380.95
234.49	43398.82
234.56	43404.88
234.63	43407.68
234.70	43409.34
234.77	43409.92
234.84	43411.22
234.92	43406.93
234.99	43422.42
235.06	43446.11
235.13	43477.69
235.20	43503.51
235.27	43554.65
235.34	43590.92
235.41	43624.22
235.49	43653.60
235.56	43707.39
235.63	43733.17
235.70	43761.62
235.77	43771.97
235.84	43785.62
235.91	43773.66
235.98	43761.19
236.06	43753.66
236.13	43749.62
236.20	43742.43
236.27	43741.68
236.34	43751.23
236.41	43763.67
236.48	43794.18
236.55	43803.81
236.63	43818.85
236.70	43816.86
236.77	43826.13
236.84	43839.68
236.91	43864.31
236.98	43885.92
237.05	43917.11
237.12	43927.61
237.19	43920.77
237.27	43922.54
237.34	43930.80
237.41	43932.22
237.48	43927.58
237.55	43930.31
237.62	43932.94
237.69	43944.89
237.76	43973.03
237.83	44018.27
237.91	44045.16
237.98	44066.50
238.05	44078.38
238.12	44076.64
238.19	44063.24
238.26	44079.26
238.33	44088.94
238.40	44083.97
238.47	44087.06
238.54	44096.86
238.62	44085.98
238.69	44070.79
238.76	44067.73
238.83	44059.51
238.90	44053.32
238.97	44058.32
239.04	44076.99
239.11	44109.75
239.18	44133.07
239.25	44144.13
239.33	44151.37
239.40	44152.64
239.47	44123.13
239.54	44107.26
239.61	44103.47
239.68	44079.00
239.75	44060.15
239.82	44062.31
239.89	44067.22
239.96	44068.33
240.03	44089.75
240.11	44102.16
240.18	44109.83
240.25	44113.79
240.32	44118.56
240.39	44129.19
240.46	44148.73
240.53	44189.96
240.60	44233.31
240.67	44277.50
240.74	44309.42
240.81	44340.33
240.88	44341.57
240.96	44344.15
241.03	44343.66
241.10	44358.82
241.17	44372.29
241.24	44392.09
241.31	44405.23
241.38	44408.43
241.45	44394.32
241.52	44383.82
241.59	44380.08
241.66	44386.75
241.73	44404.91
241.80	44433.40
241.88	44451.15
241.95	44465.21
242.02	44471.61
242.09	44461.05
242.16	44446.15
242.23	44457.50
242.30	44470.08
242.37	44474.37
242.44	44507.89
242.51	44525.92
242.58	44530.27
242.65	44532.25
242.72	44553.36
242.79	44554.78
242.87	44585.15
242.94	44604.71
243.01	44628.70
243.08	44659.21
243.15	44678.73
243.22	44695.19
243.29	44732.25
243.36	44765.86
243.43	44784.03
243.50	44834.68
243.57	44874.00
243.64	44895.53
243.71	44921.32
243.78	44949.42
243.85	44970.37
243.92	44977.31
243.99	44995.61
244.07	45016.49
244.14	45030.31
244.21	45039.76
244.28	45064.24
244.35	45088.03
244.42	45107.32
244.49	45119.21
244.56	45138.24
244.63	45167.43
244.70	45176.98
244.77	45186.01
244.84	45211.23
244.91	45237.28
244.98	45266.42
245.05	45315.22
245.12	45359.68
245.19	45410.50
245.26	45456.82
245.33	45499.83
245.40	45546.27
245.47	45607.66
245.55	45657.75
245.62	45698.49
245.69	45727.10
245.76	45759.26
245.83	45792.62
245.90	45836.43
245.97	45876.41
246.04	45928.21
246.11	45971.69
246.18	45988.85
246.25	45999.60
246.32	46016.82
246.39	46034.26
246.46	46063.83
246.53	46126.42
246.60	46186.64
246.67	46240.01
246.74	46300.78
246.81	46359.72
246.88	46407.54
246.95	46454.60
247.02	46509.07
247.09	46541.88
247.16	46558.33
247.23	46569.55
247.30	46577.57
247.37	46593.44
247.44	46623.21
247.51	46657.11
247.58	46698.34
247.66	46761.61
247.73	46828.81
247.80	46890.88
247.87	46962.37
247.94	47037.12
248.01	47114.61
248.08	47183.21
248.15	47244.41
248.22	47297.74
248.29	47349.96
248.36	47382.44
248.43	47418.64
248.50	47461.82
248.57	47521.82
248.64	47569.34
248.71	47634.87
248.78	47714.27
248.85	47776.57
248.92	47823.70
248.99	47872.69
249.06	47902.82
249.13	47915.84
249.20	47958.10
249.27	47992.64
249.34	48024.71
249.41	48056.00
249.48	48084.57
249.55	48108.92
249.62	48150.97
249.69	48187.02
249.76	48231.13
249.83	48291.30
249.90	48352.65
249.97	48418.97
250.04	48508.59
250.11	48591.40
250.18	48664.62
250.25	48737.37
250.32	48788.57
250.39	48833.14
250.46	48883.51
250.53	48942.73
250.60	49009.03
250.67	49076.16
250.74	49143.85
250.81	49197.35
250.88	49221.23
250.95	49250.70
251.02	49273.27
251.09	49292.34
251.16	49316.67
251.23	49368.43
251.30	49402.65
251.37	49444.43
251.44	49489.00
251.51	49554.66
251.58	49623.76
251.65	49687.24
251.72	49765.13
251.79	49838.47
251.86	49897.96
251.93	49932.99
252.00	49963.09
252.07	49971.27
252.14	49988.82
252.21	50003.63
252.28	50028.35
252.35	50071.67
252.42	50145.90
252.49	50216.85
252.56	50283.63
252.63	50349.72
252.70	50405.17
252.77	50453.70
252.84	50507.58
252.91	50557.55
252.98	50599.32
253.05	50633.74
253.12	50662.73
253.19	50683.37
253.25	50708.11
253.32	50752.41
253.39	50812.95
253.46	50855.51
253.53	50905.02
253.60	50946.01
253.67	50969.96
253.74	51001.82
253.81	51048.21
253.88	51084.31
253.95	51132.20
254.02	51184.07
254.09	51225.94
254.16	51263.37
254.23	51300.18
254.30	51328.95
254.37	51371.35
254.44	51405.71
254.51	51442.73
254.58	51474.68
254.65	51510.41
254.72	51533.72
254.79	51548.01
254.86	51574.22
254.93	51594.36
255.00	51622.04
255.07	51656.27
255.14	51719.79
255.21	51746.70
255.28	51766.90
255.34	51762.02
255.41	51757.30
255.48	51750.95
255.55	51766.15
255.62	51795.90
255.69	51841.86
255.76	51882.35
255.83	51923.18
255.90	51967.34
255.97	52020.83
256.04	52063.03
256.11	52105.45
256.18	52146.47
256.25	52185.11
256.32	52222.41
256.39	52270.12
256.46	52317.05
256.53	52350.87
256.60	52393.51
256.67	52416.84
256.74	52444.87
256.80	52470.72
256.87	52482.51
256.94	52472.83
257.01	52485.04
257.08	52503.00
257.15	52520.71
257.22	52552.28
257.29	52576.92
257.36	52573.66
257.43	52552.07
257.50	52520.15
257.57	52476.70
257.64	52478.59
257.71	52496.21
257.78	52536.83
257.85	52594.13
257.92	52668.99
257.98	52726.59
258.05	52767.86
258.12	52779.34
258.19	52773.74
258.26	52730.68
258.33	52668.49
258.40	52623.29
258.47	52594.39
258.54	52574.77
258.61	52592.87
258.68	52637.40
258.75	52696.40
258.82	52753.22
258.89	52804.18
258.95	52831.89
259.02	52847.79
259.09	52832.61
259.16	52810.80
259.23	52781.04
259.30	52758.89
259.37	52733.27
259.44	52730.33
259.51	52743.02
259.58	52781.38
259.65	52800.82
259.72	52817.65
259.79	52815.13
259.85	52797.40
259.92	52773.14
259.99	52769.49
260.06	52772.18
260.13	52776.83
260.20	52783.58
260.27	52771.05
260.34	52744.28
260.41	52714.05
260.48	52710.92
260.55	52720.42
260.62	52731.25
260.68	52735.27
260.75	52735.24
260.82	52729.79
260.89	52713.53
260.96	52702.56
261.03	52715.56
261.10	52716.65
261.17	52694.03
261.24	52650.06
261.31	52610.24
261.38	52561.64
261.44	52523.19
261.51	52493.86
261.58	52488.28
261.65	52486.83
261.72	52488.11
261.79	52485.89
261.86	52477.93
261.93	52465.63
262.00	52434.50
262.07	52399.22
262.13	52369.65
262.20	52350.88
262.27	52331.70
262.34	52337.33
262.41	52349.87
262.48	52348.98
262.55	52352.40
262.62	52357.99
262.69	52342.18
262.76	52320.08
262.82	52298.32
262.89	52279.93
262.96	52260.78
263.03	52247.64
263.10	52239.85
263.17	52229.05
263.24	52200.24
263.31	52171.90
263.38	52167.96
263.44	52168.43
263.51	52184.88
263.58	52186.77
263.65	52173.86
263.72	52113.33
263.79	52034.26
263.86	51964.19
263.93	51912.00
264.00	51880.73
264.06	51877.90
264.13	51887.41
264.20	51871.13
264.27	51843.71
264.34	51792.85
264.41	51743.63
264.48	51693.45
264.55	51640.28
264.61	51592.72
264.68	51549.21
264.75	51502.52
264.82	51445.70
264.89	51404.55
264.96	51373.98
265.03	51358.76
265.10	51353.02
265.16	51354.92
265.23	51340.88
265.30	51332.26
265.37	51309.94
265.44	51277.12
265.51	51256.50
265.58	51243.45
265.65	51220.66
265.71	51214.23
265.78	51225.79
265.85	51209.64
265.92	51170.18
265.99	51119.15
266.06	51057.34
266.13	50967.21
266.20	50904.94
266.26	50860.77
266.33	50834.87
266.40	50820.48
266.47	50793.93
266.54	50735.85
266.61	50706.20
266.68	50674.05
266.74	50630.75
266.81	50599.22
266.88	50558.84
266.95	50490.70
267.02	50423.65
267.09	50365.41
267.16	50314.61
267.22	50301.35
267.29	50310.02
267.36	50322.29
267.43	50340.72
267.50	50355.15
267.57	50351.57
267.64	50306.82
267.70	50254.72
267.77	50190.86
267.84	50140.69
267.91	50089.29
267.98	50072.54
268.05	50065.11
268.11	50056.67
268.18	50023.85
268.25	49985.11
268.32	49920.16
268.39	49841.46
268.46	49747.10
268.53	49653.09
268.59	49563.98
268.66	49502.26
268.73	49445.87
268.80	49421.68
268.87	49422.42
268.94	49443.15
269.00	49474.58
269.07	49505.05
269.14	49522.57
269.21	49505.72
269.28	49473.72
269.35	49426.75
269.41	49381.61
269.48	49339.09
269.55	49320.11
269.62	49310.06
269.69	49300.69
269.76	49272.51
269.82	49241.80
269.89	49215.07
269.96	49177.69
270.03	49128.48
270.10	49087.80
270.17	49024.83
270.23	48960.37
270.30	48904.56
270.37	48880.28
270.44	48866.07
270.51	48873.11
270.58	48880.74
270.64	48890.33
270.71	48878.58
270.78	48867.21
270.85	48860.28
270.92	48852.27
270.99	48831.63
271.05	48814.21
271.12	48776.97
271.19	48719.32
271.26	48642.52
271.33	48589.28
271.39	48533.38
271.46	48474.37
271.53	48425.40
271.60	48405.33
271.67	48365.77
271.74	48332.54
271.80	48318.66
271.87	48312.61
271.94	48289.36
272.01	48261.37
272.08	48228.63
272.14	48182.50
272.21	48150.05
272.28	48123.28
272.35	48105.92
272.42	48094.95
272.48	48110.34
272.55	48106.57
272.62	48106.84
272.69	48105.98
272.76	48102.77
272.83	48076.21
272.89	48052.00
272.96	48024.79
273.03	48000.98
273.10	47965.71
273.17	47935.92
273.23	47901.54
273.30	47860.70
273.37	47804.02
273.44	47734.99
273.51	47671.75
273.57	47634.53
273.64	47604.66
273.71	47602.37
273.78	47607.50
273.85	47629.69
273.91	47638.81
273.98	47677.42
274.05	47721.52
274.12	47774.39
274.19	47828.66
274.25	47876.21
274.32	47890.12
274.39	47872.71
274.46	47835.01
274.53	47753.97
274.59	47653.45
274.66	47559.51
274.73	47478.76
274.80	47406.08
274.86	47350.58
274.93	47333.41
275.00	47320.26
275.07	47304.52
275.14	47303.07
275.20	47295.38
275.27	47267.13
275.34	47231.49
275.41	47204.00
275.48	47189.43
275.54	47195.52
275.61	47207.26
275.68	47221.55
275.75	47225.11
275.81	47204.40
275.88	47182.74
275.95	47162.02
276.02	47148.42
276.09	47149.52
276.15	47158.90
276.22	47152.94
276.29	47146.68
276.36	47101.00
276.42	47033.97
276.49	46948.46
276.56	46874.06
276.63	46784.15
276.70	46740.28
276.76	46717.13
276.83	46724.10
276.90	46742.67
276.97	46771.86
277.03	46791.42
277.10	46784.25
277.17	46757.38
277.24	46717.01
277.30	46692.83
277.37	46671.95
277.44	46679.71
277.51	46701.49
277.58	46711.25
277.64	46708.58
277.71	46698.79
277.78	46642.87
277.85	46563.32
277.91	46482.55
277.98	46386.97
278.05	46293.51
278.12	46255.72
278.18	46228.51
278.25	46224.36
278.32	46253.54
278.39	46298.29
278.45	46339.36
278.52	46408.98
278.59	46474.19
278.66	46514.72
278.72	46539.07
278.79	46527.16
278.86	46466.34
278.93	46370.69
278.99	46256.32
279.06	46144.27
279.13	46062.73
279.20	46034.54
279.26	46057.87
279.33	46115.90
279.40	46195.35
279.47	46272.53
279.53	46318.79
279.60	46311.15
279.67	46245.49
279.74	46110.50
279.80	45946.23
279.87	45788.98
279.94	45675.03
280.01	45631.65
280.07	45635.81
280.14	45666.49
280.21	45693.66
280.28	45721.66
280.34	45725.34
280.41	45733.07
280.48	45738.44
280.55	45747.58
280.61	45752.57
280.68	45757.37
280.75	45754.11
280.82	45747.08
280.88	45735.56
280.95	45703.85
281.02	45663.82
281.08	45595.53
281.15	45518.97
281.22	45431.51
281.29	45337.68
281.35	45230.49
281.42	45136.26
281.49	45025.96
281.56	44930.74
281.62	44849.71
281.69	44789.11
281.76	44742.35
281.82	44716.38
281.89	44701.56
281.96	44696.63
282.03	44707.45
282.09	44726.08
282.16	44757.65
282.23	44782.29
282.30	44814.32
282.36	44848.88
282.43	44890.01
282.50	44929.36
282.56	44963.66
282.63	44975.26
282.70	44984.15
282.77	44989.15
282.83	44994.25
282.90	45000.40
282.97	45005.08
283.03	44959.97
283.10	44868.34
283.17	44739.72
283.24	44583.89
283.30	44432.09
283.37	44308.81
283.44	44230.72
283.50	44192.12
283.57	44188.23
283.64	44194.66
283.71	44212.79
283.77	44224.59
283.84	44244.84
283.91	44260.04
283.97	44286.33
284.04	44333.75
284.11	44383.01
284.18	44419.39
284.24	44453.38
284.31	44466.93
284.38	44447.82
284.44	44416.19
284.51	44406.62
284.58	44407.20
284.64	44405.77
284.71	44398.68
284.78	44382.57
284.85	44337.76
284.91	44275.48
284.98	44226.92
285.05	44163.22
285.11	44096.49
285.18	44014.89
285.25	43929.57
285.31	43818.53
285.38	43754.07
285.45	43735.91
285.52	43753.26
285.58	43798.69
285.65	43879.93
285.72	43957.37
285.78	44018.13
285.85	44062.92
285.92	44109.92
285.98	44150.96
286.05	44192.90
286.12	44238.54
286.18	44287.12
286.25	44329.49
286.32	44369.42
286.39	44400.87
286.45	44415.20
286.52	44389.65
286.59	44310.38
286.65	44194.73
286.72	44048.24
286.79	43893.56
286.85	43763.44
286.92	43678.13
286.99	43632.20
287.05	43611.64
287.12	43624.93
287.19	43667.49
287.25	43714.56
287.32	43775.25
287.39	43834.05
287.45	43883.82
287.52	43920.45
287.59	43967.24
287.65	44007.05
287.72	44046.26
287.79	44079.01
287.86	44109.18
287.92	44124.69
287.99	44134.77
288.06	44160.01
288.12	44178.55
288.19	44199.07
288.26	44217.05
288.32	44227.83
288.39	44214.95
288.46	44201.79
288.52	44181.68
288.59	44148.02
288.66	44063.79
288.72	43963.28
288.79	43849.06
288.86	43733.23
288.92	43627.03
288.99	43602.50
289.06	43608.10
289.12	43652.77
289.19	43724.64
289.26	43822.28
289.32	43919.62
289.39	44030.26
289.45	44141.18
289.52	44230.96
289.59	44299.15
289.65	44329.77
289.72	44328.61
289.79	44312.96
289.85	44290.84
289.92	44264.20
289.99	44230.45
290.05	44191.76
290.12	44129.10
290.19	44078.01
290.25	44034.59
290.32	44020.33
290.39	44032.52
290.45	44056.09
290.52	44068.00
290.59	44056.64
290.65	43990.19
290.72	43907.77
290.79	43826.96
290.85	43780.81
290.92	43793.24
290.98	43867.87
291.05	43974.69
291.12	44093.92
291.18	44215.56
291.25	44318.13
291.32	44404.45
291.38	44486.64
291.45	44569.33
291.52	44620.33
291.58	44660.17
291.65	44684.41
291.72	44677.62
291.78	44646.76
291.85	44585.82
291.91	44517.78
291.98	44462.63
292.05	44406.97
292.11	44353.73
292.18	44317.11
292.25	44255.25
292.31	44170.64
292.38	44100.85
292.45	44056.55
292.51	44032.73
292.58	44043.42
292.64	44092.21
292.71	44146.08
292.78	44207.17
292.84	44280.10
292.91	44378.71
292.98	44470.77
293.04	44566.84
293.11	44667.32
293.17	44767.84
293.24	44851.64
293.31	44929.34
293.37	45011.91
293.44	45064.00
293.51	45101.14
293.57	45106.32
293.64	45087.62
293.70	45033.40
293.77	44939.84
293.84	44798.28
293.90	44647.13
293.97	44515.30
294.04	44403.35
294.10	44346.57
294.17	44347.24
294.23	44380.96
294.30	44406.38
294.37	44429.64
294.43	44433.46
294.50	44411.86
294.56	44395.08
294.63	44412.55
294.70	44461.45
294.76	44553.10
294.83	44686.40
294.90	44835.36
294.96	44971.77
295.03	45095.63
295.09	45216.58
295.16	45321.73
295.23	45417.48
295.29	45502.00
295.36	45579.04
295.42	45620.03
295.49	45653.84
295.56	45673.91
295.62	45672.70
295.69	45637.17
295.75	45576.94
295.82	45482.79
295.89	45333.31
295.95	45158.23
296.02	45000.55
296.08	44847.22
296.15	44701.84
296.22	44603.55
296.28	44571.57
296.35	44568.97
296.41	44628.74
296.48	44740.59
296.55	44892.97
296.61	45062.12
296.68	45232.20
296.74	45389.56
296.81	45535.27
296.88	45646.08
296.94	45727.82
297.01	45800.85
297.07	45872.41
297.14	45955.53
297.20	46056.70
297.27	46153.64
297.34	46251.59
297.40	46334.79
297.47	46381.66
297.53	46407.29
297.60	46420.11
297.67	46389.90
297.73	46320.76
297.80	46207.02
297.86	46032.10
297.93	45817.81
298.00	45599.75
298.06	45403.00
298.13	45270.53
298.19	45210.24
298.26	45212.98
298.32	45265.12
298.39	45334.91
298.46	45407.59
298.52	45498.44
298.59	45596.17
298.65	45709.73
298.72	45849.10
298.78	45995.91
298.85	46137.60
298.92	46279.48
298.98	46394.32
299.05	46504.03
299.11	46600.38
299.18	46684.20
299.24	46750.72
299.31	46810.12
299.38	46865.68
299.44	46899.30
299.51	46923.74
299.57	46956.38
299.64	46977.77
299.70	46968.67
299.77	46964.12
299.84	46891.00
299.90	46732.40
299.97	46490.93
300.03	46184.17
300.10	45857.57
300.16	45605.29
300.23	45444.88
300.30	45424.82
300.36	45510.94
300.43	45669.92
300.49	45843.28
300.56	46034.49
300.62	46213.65
300.69	46380.99
300.75	46533.25
300.82	46688.85
300.89	46808.58
300.95	46914.35
301.02	46997.88
301.08	47067.48
301.15	47129.49
301.21	47204.64
301.28	47264.48
301.34	47333.67
301.41	47377.92
301.48	47405.84
301.54	47418.37
301.61	47421.77
301.67	47403.05
301.74	47381.45
301.80	47322.46
301.87	47208.37
301.93	47037.37
302.00	46827.04
302.06	46582.55
302.13	46339.42
302.20	46147.91
302.26	46025.71
302.33	45967.64
302.39	45974.93
302.46	46037.25
302.52	46120.93
302.59	46241.10
302.65	46377.79
302.72	46522.93
302.78	46661.58
302.85	46797.15
302.91	46900.61
302.98	46985.51
303.05	47054.23
303.11	47137.56
303.18	47200.16
303.24	47261.64
303.31	47307.41
303.37	47348.41
303.44	47361.22
303.50	47368.17
303.57	47366.02
303.63	47353.97
303.70	47332.15
303.76	47289.75
303.83	47259.96
303.89	47209.22
303.96	47137.98
304.03	47029.82
304.09	46877.49
304.16	46659.40
304.22	46402.18
304.29	46179.76
304.35	45992.85
304.42	45901.68
304.48	45878.89
304.55	45943.75
304.61	46016.04
304.68	46122.02
304.74	46212.34
304.81	46332.76
304.87	46416.96
304.94	46514.64
305.00	46585.35
305.07	46638.56
305.13	46650.84
305.20	46668.44
305.26	46683.26
305.33	46701.21
305.39	46727.10
305.46	46744.13
305.52	46770.34
305.59	46771.21
305.66	46756.17
305.72	46723.43
305.79	46694.59
305.85	46637.36
305.92	46552.44
305.98	46423.72
306.05	46253.12
306.11	46035.75
306.18	45807.40
306.24	45594.47
306.31	45397.76
306.37	45197.57
306.44	45042.70
306.50	44905.35
306.57	44829.54
306.63	44841.22
306.70	44940.20
306.76	45065.72
306.83	45227.12
306.89	45354.92
306.96	45441.52
307.02	45508.91
307.09	45565.16
307.15	45593.65
307.22	45619.90
307.28	45634.77
307.35	45630.81
307.41	45613.38
307.48	45599.07
307.54	45580.16
307.61	45551.61
307.67	45513.06
307.74	45482.81
307.80	45445.79
307.87	45400.36
307.93	45352.33
308.00	45310.25
308.06	45248.37
308.13	45173.90
308.19	45087.24
308.26	45003.95
308.32	44921.98
308.38	44833.98
308.45	44742.86
308.51	44629.00
308.58	44490.61
308.64	44336.14
308.71	44197.36
308.77	44094.74
308.84	44030.19
308.90	44017.08
308.97	44034.18
309.03	44074.22
309.10	44105.02
309.16	44135.06
309.23	44145.45
309.29	44149.57
309.36	44129.73
309.42	44097.43
309.49	44086.19
309.55	44064.70
309.62	44034.67
309.68	44000.85
309.75	43958.68
309.81	43893.89
309.88	43843.94
309.94	43785.91
310.00	43718.49
310.07	43661.37
310.13	43606.59
310.20	43530.80
310.26	43459.44
310.33	43394.56
310.39	43333.18
310.46	43260.09
310.52	43187.95
310.59	43090.87
310.65	42994.51
310.72	42881.25
310.78	42761.41
310.85	42665.19
310.91	42606.99
310.97	42570.48
311.04	42544.21
311.10	42532.75
311.17	42516.30
311.23	42498.43
311.30	42466.56
311.36	42453.01
311.43	42451.80
311.49	42433.43
311.56	42413.18
311.62	42397.43
311.69	42375.58
311.75	42346.09
311.81	42310.23
311.88	42266.32
311.94	42220.30
312.01	42160.15
312.07	42108.76
312.14	42067.21
312.20	42016.09
312.27	41964.58
312.33	41920.52
312.40	41854.89
312.46	41784.67
312.52	41721.68
312.59	41648.92
312.65	41582.85
312.72	41512.46
312.78	41444.92
312.85	41368.82
312.91	41296.13
312.98	41200.41
313.04	41114.79
313.10	41028.36
313.17	40948.40
313.23	40890.86
313.30	40847.77
313.36	40791.85
313.43	40754.41
313.49	40733.86
313.56	40694.56
313.62	40669.52
313.68	40650.00
313.75	40626.45
313.81	40590.02
313.88	40548.72
313.94	40494.25
314.01	40459.75
314.07	40411.57
314.13	40370.58
314.20	40329.54
314.26	40287.67
314.33	40233.69
314.39	40192.85
314.46	40125.89
314.52	40068.60
314.58	40006.20
314.65	39951.32
314.71	39875.01
314.78	39819.56
314.84	39758.50
314.91	39696.26
314.97	39629.94
315.03	39590.11
315.10	39537.84
315.16	39482.53
315.23	39431.08
315.29	39382.25
315.36	39325.54
315.42	39270.60
315.48	39225.31
315.55	39174.77
315.61	39115.34
315.68	39047.75
315.74	38991.90
315.81	38928.52
315.87	38875.38
315.93	38856.12
316.00	38853.94
316.06	38837.93
316.13	38833.26
316.19	38806.96
316.25	38711.06
316.32	38579.92
316.38	38422.35
316.45	38218.50
316.51	37991.85
316.58	37765.82
316.64	37525.08
316.70	37287.96
316.77	37041.00
316.83	36795.53
316.90	36544.79
316.96	36293.37
317.02	36040.61
317.09	35793.75
317.15	35545.36
317.22	35293.53
317.28	35034.82
317.34	34772.80
317.41	34518.08
317.47	34268.15
317.54	34020.03
317.60	33778.28
317.66	33529.62
317.73	33267.20
317.79	33000.53
317.86	32744.15
317.92	32472.19
317.98	32199.64
318.05	31918.30
318.11	31643.75
318.18	31366.23
318.24	31089.24
318.30	30816.41
318.37	30547.78
318.43	30264.46
318.50	29976.83
318.56	29694.98
318.62	29418.33
318.69	29151.88
318.75	28888.24
318.82	28625.01
318.88	28359.15
318.94	28087.59
319.01	27811.37
319.07	27541.80
319.13	27261.78
319.20	26975.57
319.26	26702.83
319.33	26424.11
319.39	26126.00
319.45	25846.18
319.52	25575.58
319.58	25288.92
319.65	25001.00
319.71	24727.77
319.77	24442.88
319.84	24163.12
319.90	23878.19
319.96	23597.83
320.03	23311.81
320.09	23034.51
320.16	22748.89
320.22	22463.10
320.28	22180.59
320.35	21896.76
320.41	21606.65
320.47	21320.47
320.54	21042.22
320.60	20763.13
320.67	20491.57
320.73	20215.81
320.79	19945.04
320.86	19665.10
320.92	19379.43
320.98	19087.37
321.05	18800.39
321.11	18498.89
321.18	18210.44
321.24	17927.77
321.30	17654.53
321.37	17376.62
321.43	17113.64
321.49	16837.80
321.56	16564.93
321.62	16290.68
321.68	16013.69
321.75	15735.34
321.81	15460.46
321.88	15179.51
321.94	14901.92
322.00	14621.57
322.07	14334.84
322.13	14048.36
322.19	13770.41
322.26	13481.22
322.32	13205.08
322.38	12933.61
322.45	12673.40
322.51	12399.14
322.58	12138.14
322.64	11867.26
322.70	11601.63
322.77	11323.79
322.83	11064.90
322.89	10789.42
322.96	10521.04
323.02	10252.42
323.08	9985.17
323.15	9717.02
323.21	9460.23
323.27	9204.37
323.34	8947.04
323.40	8701.79
323.46	8449.08
323.53	8092.41
323.59	6984.49
323.65	5404.16
323.72	3743.21
323.78	2138.51
323.85	688.08
323.91	40.87
323.97	-81.98
324.04	-82.43
