180.21	3365.85
180.28	-115.70
180.36	624.54
180.44	-42.70
180.51	-13.88
180.59	7.65
180.66	34.69
180.74	31.37
180.81	29.54
180.89	31.51
180.97	32.41
181.04	29.04
181.12	27.57
181.19	27.12
181.27	26.80
181.34	44.27
181.42	51.39
181.50	59.38
181.57	71.49
181.65	77.18
181.72	70.72
181.80	65.54
181.87	64.64
181.95	64.93
182.03	63.73
182.10	66.04
182.18	68.59
182.25	74.94
182.33	74.23
182.40	81.28
182.48	77.04
182.55	87.37
182.63	91.35
182.71	93.58
182.78	95.36
182.86	101.69
182.93	99.12
183.01	101.02
183.08	102.05
183.16	107.15
183.23	102.92
183.31	110.26
183.39	109.46
183.46	119.91
183.54	115.65
183.61	123.31
183.69	125.33
183.76	136.46
183.84	135.69
183.91	137.11
183.99	146.88
184.06	148.17
184.14	150.67
184.22	154.85
184.29	158.86
184.37	156.83
184.44	151.77
184.52	140.91
184.59	137.88
184.67	142.38
184.74	137.75
184.82	150.09
184.89	163.22
184.97	173.48
185.04	181.92
185.12	192.00
185.20	201.22
185.27	210.98
185.35	221.53
185.42	222.37
185.50	235.57
185.57	238.19
185.65	244.06
185.72	245.27
185.80	256.46
185.87	255.67
185.95	255.40
186.02	258.34
186.10	258.96
186.17	257.97
186.25	258.61
186.33	251.32
186.40	243.10
186.48	244.18
186.55	248.79
186.63	252.87
186.70	280.90
186.78	300.31
186.85	319.29
186.93	333.82
187.00	352.85
187.08	355.83
187.15	370.93
187.23	384.03
187.30	397.23
187.38	414.96
187.45	434.68
187.53	453.23
187.60	459.14
187.68	468.92
187.75	478.99
187.83	487.14
187.90	480.64
187.98	479.93
188.05	479.85
188.13	461.38
188.21	437.38
188.28	434.58
188.36	431.89
188.43	433.75
188.51	453.35
188.58	488.17
188.66	502.55
188.73	527.10
188.81	557.46
188.88	577.84
188.96	594.95
189.03	626.64
189.11	653.61
189.18	669.28
189.26	690.17
189.33	716.41
189.41	742.85
189.48	762.45
189.56	784.22
189.63	801.61
189.71	803.24
189.78	786.02
189.86	772.46
189.93	755.83
190.01	731.53
190.08	713.18
190.16	698.63
190.23	677.36
190.31	670.49
190.38	668.91
190.46	682.04
190.53	710.09
190.61	757.85
190.68	790.08
190.76	841.90
190.83	882.29
190.91	915.05
190.98	936.74
191.06	966.86
191.13	985.29
191.21	999.88
191.28	1008.56
191.35	1017.99
191.43	1021.34
191.50	1018.13
191.58	1023.82
191.65	1038.14
191.73	1045.65
191.80	1057.44
191.88	1065.13
191.95	1066.13
192.03	1067.01
192.10	1071.77
192.18	1075.96
192.25	1084.39
192.33	1086.40
192.40	1079.18
192.48	1075.77
192.55	1072.16
192.63	1067.40
192.70	1078.05
192.78	1096.58
192.85	1121.71
192.93	1143.14
193.00	1157.11
193.08	1159.87
193.15	1161.99
193.22	1165.01
193.30	1176.92
193.37	1214.70
193.45	1248.43
193.52	1293.62
193.60	1341.43
193.67	1378.88
193.75	1402.90
193.82	1434.32
193.90	1449.27
193.97	1453.43
194.05	1453.45
194.12	1442.78
194.20	1428.70
194.27	1411.04
194.34	1382.69
194.42	1357.83
194.49	1344.69
194.57	1333.35
194.64	1322.57
194.72	1319.77
194.79	1322.05
194.87	1336.15
194.94	1366.66
195.02	1417.67
195.09	1477.04
195.17	1543.38
195.24	1596.05
195.31	1635.91
195.39	1659.00
195.46	1675.81
195.54	1685.23
195.61	1688.52
195.69	1678.58
195.76	1660.26
195.84	1630.96
195.91	1578.09
195.99	1516.15
196.06	1463.64
196.13	1432.88
196.21	1428.81
196.28	1457.47
196.36	1516.73
196.43	1588.20
196.51	1661.90
196.58	1723.44
196.66	1777.55
196.73	1815.13
196.80	1837.43
196.88	1847.77
196.95	1856.68
197.03	1856.58
197.10	1844.32
197.18	1822.51
197.25	1784.92
197.33	1732.47
197.40	1678.07
197.47	1620.22
197.55	1580.62
197.62	1560.95
197.70	1564.99
197.77	1588.33
197.85	1639.87
197.92	1700.22
197.99	1774.12
198.07	1851.00
198.14	1919.43
198.22	1984.36
198.29	2033.17
198.37	2065.32
198.44	2089.76
198.51	2100.67
198.59	2090.85
198.66	2074.84
198.74	2039.04
198.81	1976.76
198.89	1897.51
198.96	1822.94
199.03	1749.45
199.11	1701.01
199.18	1682.93
199.26	1708.81
199.33	1767.31
199.41	1852.17
199.48	1939.16
199.55	2028.68
199.63	2099.93
199.70	2163.55
199.78	2212.11
199.85	2255.39
199.93	2288.89
200.00	2322.38
200.07	2326.66
200.15	2320.78
200.22	2290.98
200.30	2233.35
200.37	2147.51
200.44	2044.47
200.52	1944.81
200.59	1884.74
200.67	1864.51
200.74	1883.94
200.81	1948.89
200.89	2032.07
200.96	2120.52
201.04	2197.34
201.11	2286.99
201.19	2370.69
201.26	2448.32
201.33	2502.09
201.41	2553.56
201.48	2583.08
201.56	2595.02
201.63	2597.89
201.70	2574.26
201.78	2525.52
201.85	2451.17
201.93	2360.37
202.00	2265.08
202.07	2194.43
202.15	2135.05
202.22	2108.04
202.30	2133.46
202.37	2189.14
202.44	2273.92
202.52	2394.03
202.59	2521.89
202.67	2630.18
202.74	2731.75
202.81	2811.75
202.89	2878.45
202.96	2944.56
203.04	3005.99
203.11	3036.24
203.18	3055.24
203.26	3042.20
203.33	2987.50
203.41	2895.63
203.48	2783.19
203.55	2629.82
203.63	2489.77
203.70	2405.60
203.77	2387.06
203.85	2430.53
203.92	2542.80
204.00	2701.14
204.07	2851.46
204.14	2989.16
204.22	3113.02
204.29	3234.70
204.37	3334.15
204.44	3421.86
204.51	3496.84
204.59	3551.89
204.66	3574.36
204.73	3575.76
204.81	3547.55
204.88	3486.12
204.96	3394.57
205.03	3269.49
205.10	3130.97
205.18	3013.84
205.25	2924.50
205.32	2878.70
205.40	2901.20
205.47	2982.24
205.55	3099.63
205.62	3252.30
205.69	3435.67
205.77	3623.47
205.84	3791.65
205.91	3945.30
205.99	4074.64
206.06	4170.05
206.14	4252.75
206.21	4335.11
206.28	4390.89
206.36	4427.74
206.43	4428.63
206.50	4386.80
206.58	4279.58
206.65	4124.30
206.72	3915.92
206.80	3705.77
206.87	3527.70
206.95	3443.57
207.02	3466.52
207.09	3603.03
207.17	3818.29
207.24	4069.28
207.31	4313.18
207.39	4527.26
207.46	4722.78
207.53	4888.99
207.61	5043.53
207.68	5180.82
207.75	5315.03
207.83	5416.03
207.90	5493.77
207.98	5525.41
208.05	5518.01
208.12	5448.31
208.20	5332.84
208.27	5161.93
208.34	4956.13
208.42	4731.34
208.49	4568.55
208.56	4479.26
208.64	4496.66
208.71	4604.31
208.78	4789.98
208.86	5005.30
208.93	5238.79
209.00	5473.93
209.08	5710.78
209.15	5947.44
209.22	6169.75
209.30	6365.70
209.37	6536.75
209.44	6690.68
209.52	6821.21
209.59	6914.44
209.67	6980.28
209.74	6995.22
209.81	6958.83
209.89	6843.30
209.96	6660.28
210.03	6414.82
210.11	6182.23
210.18	5970.20
210.25	5832.49
210.33	5818.01
210.40	5935.80
210.47	6142.71
210.55	6422.04
210.62	6736.83
210.69	7038.60
210.77	7333.59
210.84	7589.10
210.91	7831.80
210.99	8053.25
211.06	8267.77
211.13	8460.54
211.21	8643.14
211.28	8783.94
211.35	8888.71
211.42	8929.82
211.50	8892.41
211.57	8767.97
211.64	8563.43
211.72	8284.96
211.79	7984.92
211.86	7757.28
211.94	7675.31
212.01	7739.34
212.08	7951.51
212.16	8262.68
212.23	8600.79
212.30	8904.19
212.38	9172.62
212.45	9416.46
212.52	9643.52
212.60	9848.32
212.67	10061.37
212.74	10276.07
212.82	10495.06
212.89	10712.08
212.96	10910.08
213.03	11059.14
213.11	11156.58
213.18	11162.86
213.25	11095.22
213.33	10939.38
213.40	10713.59
213.47	10487.77
213.55	10327.70
213.62	10236.03
213.69	10267.41
213.77	10427.62
213.84	10672.76
213.91	10962.71
213.98	11268.73
214.06	11559.77
214.13	11822.95
214.20	12047.71
214.28	12268.75
214.35	12510.64
214.42	12770.01
214.50	13046.24
214.57	13326.57
214.64	13577.97
214.72	13777.41
214.79	13932.21
214.86	14014.74
214.93	14021.02
215.01	13956.47
215.08	13810.61
215.15	13571.74
215.23	13286.86
215.30	13072.68
215.37	12983.68
215.44	13080.80
215.52	13347.96
215.59	13751.16
215.66	14181.44
215.74	14575.33
215.81	14894.41
215.88	15193.35
215.95	15471.46
216.03	15747.14
216.10	16016.71
216.17	16279.40
216.25	16513.30
216.32	16720.61
216.39	16889.43
216.46	17025.88
216.54	17127.02
216.61	17200.59
216.68	17204.55
216.76	17150.76
216.83	17024.66
216.90	16830.85
216.97	16612.31
217.05	16487.10
217.12	16469.43
217.19	16587.78
217.27	16858.32
217.34	17228.77
217.41	17630.55
217.48	18039.91
217.56	18432.02
217.63	18806.08
217.70	19131.60
217.78	19414.18
217.85	19651.37
217.92	19869.40
217.99	20058.72
218.07	20231.35
218.14	20398.32
218.21	20574.46
218.28	20739.23
218.36	20894.78
218.43	21010.20
218.50	21068.84
218.57	21033.38
218.65	20886.12
218.72	20638.30
218.79	20390.75
218.87	20213.28
218.94	20165.03
219.01	20307.54
219.08	20619.49
219.16	21042.36
219.23	21502.20
219.30	21932.10
219.37	22303.07
219.45	22625.62
219.52	22923.19
219.59	23190.06
219.66	23447.38
219.74	23706.95
219.81	23977.22
219.88	24215.39
219.95	24436.00
220.03	24652.81
220.10	24845.03
220.17	24981.28
220.24	25066.51
220.32	25082.57
220.39	25019.31
220.46	24866.17
220.53	24665.71
220.61	24463.07
220.68	24341.68
220.75	24350.44
220.82	24509.45
220.90	24783.50
220.97	25119.96
221.04	25461.74
221.11	25771.13
221.19	26047.79
221.26	26311.29
221.33	26587.01
221.40	26866.13
221.48	27137.22
221.55	27401.62
221.62	27635.23
221.69	27870.02
221.77	28086.88
221.84	28291.34
221.91	28456.28
221.98	28613.73
222.06	28717.77
222.13	28776.36
222.20	28786.27
222.27	28776.71
222.35	28721.03
222.42	28658.67
222.49	28637.05
222.56	28663.29
222.63	28746.11
222.71	28890.62
222.78	29075.05
222.85	29259.64
222.92	29463.40
223.00	29653.18
223.07	29861.25
223.14	30073.55
223.21	30295.76
223.29	30516.10
223.36	30763.56
223.43	31001.63
223.50	31234.55
223.57	31456.84
223.65	31654.38
223.72	31814.14
223.79	31936.28
223.86	32034.25
223.94	32096.22
224.01	32146.33
224.08	32181.58
224.15	32209.30
224.22	32236.69
224.30	32258.25
224.37	32306.42
224.44	32384.74
224.51	32490.35
224.59	32612.37
224.66	32775.69
224.73	32929.99
224.80	33093.55
224.87	33271.56
224.95	33463.53
225.02	33658.27
225.09	33861.49
225.16	34037.95
225.23	34222.95
225.31	34380.32
225.38	34518.90
225.45	34643.43
225.52	34756.25
225.60	34823.98
225.67	34878.94
225.74	34910.31
225.81	34912.91
225.88	34923.00
225.96	34958.69
226.03	35034.26
226.10	35149.07
226.17	35296.46
226.24	35454.29
226.32	35619.47
226.39	35778.53
226.46	35927.67
226.53	36073.73
226.60	36209.05
226.68	36340.18
226.75	36473.93
226.82	36613.02
226.89	36741.93
226.96	36871.12
227.04	36975.98
227.11	37047.39
227.18	37123.41
227.25	37191.12
227.32	37260.47
227.40	37332.21
227.47	37411.88
227.54	37469.77
227.61	37506.30
227.68	37530.20
227.76	37546.59
227.83	37573.06
227.90	37628.96
227.97	37713.37
228.04	37829.63
228.11	37952.57
228.19	38073.23
228.26	38176.27
228.33	38296.28
228.40	38398.41
228.47	38515.05
228.55	38634.64
228.62	38758.04
228.69	38863.33
228.76	38955.86
228.83	39034.96
228.90	39118.02
228.98	39203.02
229.05	39296.15
229.12	39408.38
229.19	39514.57
229.26	39620.47
229.34	39698.13
229.41	39761.02
229.48	39812.04
229.55	39867.66
229.62	39904.15
229.69	39941.20
229.77	39965.95
229.84	39988.48
229.91	40010.18
229.98	40040.58
230.05	40085.10
230.12	40153.61
230.20	40237.45
230.27	40337.52
230.34	40439.27
230.41	40541.99
230.48	40646.18
230.55	40734.37
230.63	40819.18
230.70	40897.99
230.77	40956.77
230.84	41000.59
230.91	41031.13
230.98	41070.56
231.06	41117.85
231.13	41178.64
231.20	41275.95
231.27	41397.08
231.34	41494.91
231.41	41584.35
231.49	41658.91
231.56	41714.05
231.63	41757.30
231.70	41795.57
231.77	41828.95
231.84	41861.14
231.92	41878.95
231.99	41902.62
232.06	41948.64
232.13	41988.87
232.20	42053.10
232.27	42120.22
232.34	42180.89
232.42	42216.49
232.49	42256.83
232.56	42304.22
232.63	42361.65
232.70	42416.42
232.77	42487.03
232.85	42556.68
232.92	42620.63
232.99	42660.10
233.06	42705.28
233.13	42740.33
233.20	42770.21
233.27	42779.55
233.35	42798.73
233.42	42820.55
233.49	42846.73
233.56	42883.72
233.63	42925.77
233.70	42969.67
233.77	43010.41
233.85	43048.25
233.92	43094.71
233.99	43145.30
234.06	43194.16
234.13	43236.30
234.20	43281.05
234.27	43317.11
234.35	43343.69
234.42	43375.41
234.49	43406.84
234.56	43431.26
234.63	43432.92
234.70	43439.73
234.77	43431.86
234.84	43423.39
234.92	43407.48
234.99	43418.44
235.06	43442.76
235.13	43464.58
235.20	43500.90
235.27	43554.23
235.34	43587.26
235.41	43620.73
235.49	43666.66
235.56	43694.85
235.63	43717.72
235.70	43751.13
235.77	43767.12
235.84	43776.88
235.91	43788.78
235.98	43790.68
236.06	43781.52
236.13	43773.51
236.20	43780.53
236.27	43769.99
236.34	43772.95
236.41	43789.33
236.48	43797.86
236.55	43807.19
236.63	43817.43
236.70	43814.89
236.77	43814.29
236.84	43834.06
236.91	43843.82
236.98	43858.72
237.05	43889.88
237.12	43913.22
237.19	43920.77
237.27	43929.97
237.34	43958.09
237.41	43964.31
237.48	43951.30
237.55	43947.27
237.62	43945.27
237.69	43945.45
237.76	43950.31
237.83	43989.22
237.91	44026.08
237.98	44047.04
238.05	44056.69
238.12	44071.58
238.19	44075.01
238.26	44085.59
238.33	44100.62
238.40	44103.40
238.47	44097.93
238.54	44099.81
238.62	44089.91
238.69	44081.69
238.76	44082.75
238.83	44081.75
238.90	44080.88
238.97	44083.50
239.04	44093.02
239.11	44112.19
239.18	44142.34
239.25	44154.27
239.33	44153.62
239.40	44146.92
239.47	44136.35
239.54	44110.18
239.61	44089.21
239.68	44082.92
239.75	44085.62
239.82	44085.84
239.89	44089.03
239.96	44097.26
240.03	44102.05
240.11	44111.14
240.18	44112.92
240.25	44125.89
240.32	44130.53
240.39	44146.65
240.46	44154.39
240.53	44190.64
240.60	44226.89
240.67	44274.61
240.74	44305.98
240.81	44339.69
240.88	44347.36
240.96	44351.24
241.03	44364.09
241.10	44381.80
241.17	44382.14
241.24	44384.77
241.31	44403.23
241.38	44391.49
241.45	44369.63
241.52	44366.64
241.59	44365.80
241.66	44371.04
241.73	44400.39
241.80	44437.93
241.88	44464.73
241.95	44474.13
242.02	44471.31
242.09	44457.01
242.16	44428.91
242.23	44433.55
242.30	44448.75
242.37	44459.28
242.44	44480.94
242.51	44500.36
242.58	44497.52
242.65	44512.07
242.72	44523.50
242.79	44533.16
242.87	44564.65
242.94	44582.99
243.01	44608.53
243.08	44639.38
243.15	44669.99
243.22	44693.65
243.29	44735.98
243.36	44758.62
243.43	44783.98
243.50	44821.11
243.57	44865.03
243.64	44901.44
243.71	44947.41
243.78	44981.61
243.85	44993.66
243.92	45002.22
243.99	45005.92
244.07	44998.72
244.14	45000.44
244.21	45027.51
244.28	45045.13
244.35	45052.11
244.42	45080.32
244.49	45109.50
244.56	45120.82
244.63	45149.01
244.70	45175.35
244.77	45195.24
244.84	45220.47
244.91	45257.44
244.98	45286.61
245.05	45330.61
245.12	45374.87
245.19	45417.03
245.26	45445.38
245.33	45485.33
245.40	45534.35
245.47	45586.96
245.55	45630.53
245.62	45676.54
245.69	45717.87
245.76	45758.42
245.83	45799.34
245.90	45833.16
245.97	45875.00
246.04	45926.15
246.11	45957.98
246.18	45969.09
246.25	45995.98
246.32	46014.72
246.39	46017.40
246.46	46049.69
246.53	46113.69
246.60	46176.85
246.67	46237.21
246.74	46310.20
246.81	46377.17
246.88	46429.10
246.95	46470.63
247.02	46512.79
247.09	46553.55
247.16	46574.53
247.23	46591.08
247.30	46609.49
247.37	46616.13
247.44	46622.70
247.51	46646.09
247.58	46675.70
247.66	46717.71
247.73	46784.61
247.80	46864.82
247.87	46936.14
247.94	47012.84
248.01	47092.64
248.08	47169.86
248.15	47225.22
248.22	47288.09
248.29	47333.90
248.36	47383.04
248.43	47437.05
248.50	47483.00
248.57	47533.85
248.64	47592.44
248.71	47654.86
248.78	47720.12
248.85	47781.58
248.92	47844.34
248.99	47902.53
249.06	47935.47
249.13	47956.53
249.20	47996.47
249.27	48025.37
249.34	48050.31
249.41	48085.93
249.48	48109.85
249.55	48132.30
249.62	48162.21
249.69	48197.67
249.76	48236.27
249.83	48291.40
249.90	48362.13
249.97	48425.62
250.04	48501.36
250.11	48584.72
250.18	48663.61
250.25	48727.31
250.32	48786.89
250.39	48845.22
250.46	48892.34
250.53	48950.35
250.60	49013.52
250.67	49090.31
250.74	49158.97
250.81	49212.66
250.88	49253.67
250.95	49278.01
251.02	49297.63
251.09	49316.16
251.16	49351.98
251.23	49387.02
251.30	49440.02
251.37	49487.28
251.44	49532.42
251.51	49589.52
251.58	49660.56
251.65	49718.47
251.72	49776.97
251.79	49845.83
251.86	49900.20
251.93	49941.83
252.00	49976.26
252.07	49997.14
252.14	50023.78
252.21	50047.95
252.28	50067.12
252.35	50106.09
252.42	50172.26
252.49	50223.72
252.56	50290.78
252.63	50358.14
252.70	50410.73
252.77	50464.32
252.84	50517.60
252.91	50563.87
252.98	50614.44
253.05	50658.28
253.12	50680.39
253.19	50709.58
253.25	50747.73
253.32	50779.52
253.39	50831.85
253.46	50879.23
253.53	50922.26
253.60	50943.51
253.67	50966.32
253.74	51002.24
253.81	51062.06
253.88	51119.50
253.95	51175.13
254.02	51228.45
254.09	51269.99
254.16	51310.13
254.23	51338.41
254.30	51373.87
254.37	51410.72
254.44	51447.99
254.51	51481.64
254.58	51515.66
254.65	51553.29
254.72	51596.38
254.79	51612.73
254.86	51625.35
254.93	51652.36
255.00	51677.91
255.07	51703.46
255.14	51760.68
255.21	51802.26
255.28	51823.05
255.34	51835.65
255.41	51847.44
255.48	51845.11
255.55	51849.31
255.62	51871.22
255.69	51897.67
255.76	51921.79
255.83	51956.39
255.90	52007.58
255.97	52059.96
256.04	52102.27
256.11	52159.81
256.18	52201.42
256.25	52244.42
256.32	52276.17
256.39	52312.35
256.46	52340.10
256.53	52374.64
256.60	52396.66
256.67	52429.27
256.74	52465.58
256.80	52503.72
256.87	52517.39
256.94	52527.57
257.01	52544.22
257.08	52563.58
257.15	52575.75
257.22	52603.26
257.29	52611.95
257.36	52600.09
257.43	52579.65
257.50	52560.56
257.57	52536.10
257.64	52551.61
257.71	52570.80
257.78	52601.43
257.85	52638.43
257.92	52699.32
257.98	52740.70
258.05	52782.23
258.12	52804.67
258.19	52797.21
258.26	52758.81
258.33	52712.30
258.40	52669.02
258.47	52645.25
258.54	52646.68
258.61	52666.02
258.68	52701.12
258.75	52749.93
258.82	52803.11
258.89	52830.24
258.95	52860.57
259.02	52873.12
259.09	52867.14
259.16	52839.29
259.23	52824.93
259.30	52807.11
259.37	52797.06
259.44	52789.49
259.51	52805.93
259.58	52824.48
259.65	52833.75
259.72	52852.38
259.79	52859.99
259.85	52837.91
259.92	52835.51
259.99	52838.91
260.06	52843.80
260.13	52847.86
260.20	52864.29
260.27	52848.70
260.34	52822.57
260.41	52787.74
260.48	52776.87
260.55	52772.15
260.62	52770.64
260.68	52754.50
260.75	52743.73
260.82	52723.29
260.89	52706.37
260.96	52699.56
261.03	52719.96
261.10	52726.49
261.17	52724.64
261.24	52702.34
261.31	52675.02
261.38	52639.08
261.44	52598.60
261.51	52558.43
261.58	52536.34
261.65	52526.62
261.72	52520.50
261.79	52520.68
261.86	52522.41
261.93	52516.55
262.00	52497.87
262.07	52461.49
262.13	52423.88
262.20	52396.29
262.27	52373.36
262.34	52364.92
262.41	52378.96
262.48	52385.21
262.55	52390.90
262.62	52393.43
262.69	52380.14
262.76	52359.51
262.82	52343.91
262.89	52328.33
262.96	52318.06
263.03	52314.17
263.10	52311.87
263.17	52297.75
263.24	52261.88
263.31	52242.06
263.38	52226.13
263.44	52225.00
263.51	52228.15
263.58	52239.08
263.65	52215.43
263.72	52160.17
263.79	52077.58
263.86	52012.63
263.93	51961.30
264.00	51937.01
264.06	51943.06
264.13	51951.83
264.20	51952.93
264.27	51917.86
264.34	51861.90
264.41	51795.41
264.48	51732.57
264.55	51663.09
264.61	51619.66
264.68	51586.04
264.75	51544.81
264.82	51499.29
264.89	51465.48
264.96	51445.06
265.03	51416.24
265.10	51419.24
265.16	51423.42
265.23	51414.33
265.30	51392.96
265.37	51377.39
265.44	51323.40
265.51	51301.88
265.58	51296.02
265.65	51295.94
265.71	51285.40
265.78	51307.62
265.85	51295.88
265.92	51247.43
265.99	51177.01
266.06	51117.06
266.13	51027.24
266.20	50954.96
266.26	50917.53
266.33	50896.42
266.40	50865.94
266.47	50844.00
266.54	50803.99
266.61	50765.51
266.68	50727.82
266.74	50686.59
266.81	50655.65
266.88	50604.90
266.95	50530.82
267.02	50465.21
267.09	50420.83
267.16	50372.53
267.22	50358.74
267.29	50373.77
267.36	50386.41
267.43	50400.15
267.50	50414.55
267.57	50415.39
267.64	50378.94
267.70	50336.38
267.77	50274.86
267.84	50221.40
267.91	50181.83
267.98	50158.60
268.05	50154.74
268.11	50147.76
268.18	50112.23
268.25	50062.57
268.32	50003.75
268.39	49910.45
268.46	49801.81
268.53	49711.61
268.59	49622.24
268.66	49563.22
268.73	49511.36
268.80	49502.56
268.87	49492.58
268.94	49514.11
269.00	49540.10
269.07	49586.00
269.14	49605.67
269.21	49623.57
269.28	49599.12
269.35	49541.97
269.41	49481.27
269.48	49438.29
269.55	49393.37
269.62	49375.39
269.69	49379.93
269.76	49365.17
269.82	49340.56
269.89	49321.86
269.96	49277.89
270.03	49217.03
270.10	49166.42
270.17	49105.94
270.23	49041.63
270.30	49005.40
270.37	48992.57
270.44	48986.21
270.51	48992.06
270.58	48998.12
270.64	48991.50
270.71	48961.62
270.78	48950.59
270.85	48937.05
270.92	48919.55
270.99	48910.19
271.05	48895.77
271.12	48837.59
271.19	48772.50
271.26	48705.92
271.33	48639.63
271.39	48587.94
271.46	48540.20
271.53	48501.68
271.60	48475.04
271.67	48441.62
271.74	48398.10
271.80	48382.14
271.87	48371.18
271.94	48343.81
272.01	48313.09
272.08	48296.66
272.14	48270.29
272.21	48232.43
272.28	48212.28
272.35	48195.17
272.42	48178.41
272.48	48168.29
272.55	48164.07
272.62	48160.11
272.69	48152.43
272.76	48156.88
272.83	48141.75
272.89	48123.23
272.96	48101.27
273.03	48088.64
273.10	48063.34
273.17	48042.67
273.23	48015.89
273.30	47969.92
273.37	47903.47
273.44	47822.48
273.51	47745.10
273.57	47691.22
273.64	47661.36
273.71	47664.52
273.78	47685.00
273.85	47720.21
273.91	47737.14
273.98	47781.02
274.05	47819.06
274.12	47874.44
274.19	47927.75
274.25	47984.68
274.32	47992.05
274.39	47981.93
274.46	47918.54
274.53	47830.19
274.59	47734.20
274.66	47651.42
274.73	47562.44
274.80	47495.15
274.86	47444.24
274.93	47410.33
275.00	47397.83
275.07	47386.82
275.14	47385.46
275.20	47378.75
275.27	47357.01
275.34	47313.20
275.41	47283.85
275.48	47278.83
275.54	47292.09
275.61	47302.31
275.68	47314.58
275.75	47320.85
275.81	47296.67
275.88	47263.70
275.95	47249.88
276.02	47243.04
276.09	47240.50
276.15	47235.88
276.22	47237.14
276.29	47224.38
276.36	47178.29
276.42	47114.05
276.49	47041.33
276.56	46950.00
276.63	46861.55
276.70	46817.15
276.76	46806.10
276.83	46817.69
276.90	46842.85
276.97	46876.84
277.03	46891.95
277.10	46881.11
277.17	46850.49
277.24	46817.44
277.30	46778.46
277.37	46759.59
277.44	46755.47
277.51	46773.54
277.58	46792.15
277.64	46806.84
277.71	46787.08
277.78	46736.93
277.85	46661.15
277.91	46563.02
277.98	46470.53
278.05	46390.18
278.12	46346.77
278.18	46319.41
278.25	46331.64
278.32	46353.57
278.39	46406.80
278.45	46466.03
278.52	46538.29
278.59	46602.86
278.66	46650.57
278.72	46664.45
278.79	46634.17
278.86	46562.41
278.93	46462.66
278.99	46345.76
279.06	46230.75
279.13	46151.35
279.20	46133.68
279.26	46149.49
279.33	46214.23
279.40	46303.49
279.47	46380.60
279.53	46410.48
279.60	46401.31
279.67	46319.42
279.74	46180.91
279.80	46027.61
279.87	45881.24
279.94	45774.18
280.01	45723.45
280.07	45729.06
280.14	45749.12
280.21	45781.64
280.28	45797.68
280.34	45820.59
280.41	45827.00
280.48	45833.89
280.55	45849.52
280.61	45865.98
280.68	45865.41
280.75	45866.23
280.82	45863.80
280.88	45846.94
280.95	45814.66
281.02	45778.92
281.08	45706.95
281.15	45635.73
281.22	45551.33
281.29	45466.70
281.35	45364.37
281.42	45271.43
281.49	45157.52
281.56	45062.53
281.62	44975.84
281.69	44903.56
281.76	44850.91
281.82	44832.80
281.89	44810.20
281.96	44800.20
282.03	44807.56
282.09	44830.56
282.16	44856.53
282.23	44884.90
282.30	44922.07
282.36	44958.02
282.43	44995.56
282.50	45024.75
282.56	45043.46
282.63	45064.00
282.70	45076.82
282.77	45093.24
282.83	45110.43
282.90	45138.25
282.97	45122.17
283.03	45079.46
283.10	44980.24
283.17	44850.73
283.24	44679.18
283.30	44517.75
283.37	44392.87
283.44	44317.97
283.50	44273.66
283.57	44270.26
283.64	44293.55
283.71	44310.07
283.77	44330.07
283.84	44352.26
283.91	44370.63
283.97	44404.22
284.04	44444.67
284.11	44477.69
284.18	44514.73
284.24	44550.86
284.31	44551.14
284.38	44535.65
284.44	44522.61
284.51	44514.62
284.58	44503.90
284.64	44502.71
284.71	44503.47
284.78	44477.47
284.85	44429.25
284.91	44379.75
284.98	44332.59
285.05	44264.48
285.11	44194.01
285.18	44099.11
285.25	44000.21
285.31	43902.37
285.38	43837.07
285.45	43810.42
285.52	43845.05
285.58	43901.40
285.65	43978.40
285.72	44047.72
285.78	44104.54
285.85	44153.84
285.92	44203.28
285.98	44247.14
286.05	44294.46
286.12	44352.25
286.18	44394.49
286.25	44434.12
286.32	44460.48
286.39	44490.88
286.45	44496.30
286.52	44470.84
286.59	44395.53
286.65	44275.95
286.72	44134.21
286.79	43983.24
286.85	43850.57
286.92	43756.66
286.99	43726.84
287.05	43701.02
287.12	43725.86
287.19	43763.92
287.25	43830.29
287.32	43874.81
287.39	43936.69
287.45	43972.97
287.52	44017.19
287.59	44049.89
287.65	44086.54
287.72	44127.79
287.79	44173.17
287.86	44198.57
287.92	44225.70
287.99	44245.73
288.06	44268.83
288.12	44277.71
288.19	44294.58
288.26	44304.01
288.32	44317.42
288.39	44315.41
288.46	44306.61
288.52	44292.92
288.59	44252.63
288.66	44175.40
288.72	44064.82
288.79	43945.93
288.86	43825.49
288.92	43729.39
288.99	43676.53
289.06	43685.96
289.12	43729.77
289.19	43811.94
289.26	43900.51
289.32	44012.75
289.39	44116.07
289.45	44227.87
289.52	44307.65
289.59	44387.01
289.65	44421.40
289.72	44432.45
289.79	44422.46
289.85	44400.79
289.92	44369.67
289.99	44347.20
290.05	44302.05
290.12	44239.91
290.19	44192.35
290.25	44150.51
290.32	44124.53
290.39	44125.32
290.45	44137.89
290.52	44159.98
290.59	44153.24
290.65	44097.28
290.72	44011.95
290.79	43944.48
290.85	43892.04
290.92	43903.74
290.98	43963.02
291.05	44075.16
291.12	44181.08
291.18	44291.39
291.25	44383.62
291.32	44474.67
291.38	44560.56
291.45	44656.61
291.52	44729.34
291.58	44775.83
291.65	44806.21
291.72	44804.16
291.78	44771.06
291.85	44699.59
291.91	44626.19
291.98	44568.24
292.05	44512.57
292.11	44455.49
292.18	44411.53
292.25	44343.73
292.31	44260.54
292.38	44193.46
292.45	44144.57
292.51	44124.35
292.58	44133.47
292.64	44169.40
292.71	44221.33
292.78	44298.79
292.84	44383.23
292.91	44479.09
292.98	44569.82
293.04	44663.32
293.11	44748.54
293.17	44836.75
293.24	44932.46
293.31	45023.10
293.37	45099.56
293.44	45159.10
293.51	45199.15
293.57	45204.52
293.64	45185.10
293.70	45141.58
293.77	45057.53
293.84	44920.25
293.90	44770.49
293.97	44634.99
294.04	44523.05
294.10	44444.80
294.17	44442.06
294.23	44477.66
294.30	44491.92
294.37	44505.88
294.43	44516.83
294.50	44498.32
294.56	44482.45
294.63	44508.10
294.70	44558.49
294.76	44642.65
294.83	44763.62
294.90	44907.83
294.96	45051.42
295.03	45178.34
295.09	45298.95
295.16	45418.72
295.23	45508.11
295.29	45597.25
295.36	45672.15
295.42	45732.53
295.49	45757.05
295.56	45780.93
295.62	45781.79
295.69	45750.78
295.75	45678.65
295.82	45577.74
295.89	45431.25
295.95	45259.33
296.02	45102.25
296.08	44961.07
296.15	44828.83
296.22	44742.06
296.28	44693.21
296.35	44692.74
296.41	44738.74
296.48	44842.06
296.55	44993.22
296.61	45162.75
296.68	45331.81
296.74	45501.90
296.81	45659.14
296.88	45765.76
296.94	45851.44
297.01	45923.28
297.07	45990.22
297.14	46056.55
297.20	46145.48
297.27	46251.36
297.34	46352.81
297.40	46441.87
297.47	46505.18
297.53	46525.34
297.60	46523.23
297.67	46477.61
297.73	46408.11
297.80	46284.93
297.86	46132.28
297.93	45926.22
298.00	45716.32
298.06	45512.14
298.13	45382.97
298.19	45305.54
298.26	45302.35
298.32	45357.27
298.39	45424.12
298.46	45491.09
298.52	45585.03
298.59	45687.46
298.65	45793.36
298.72	45942.16
298.78	46089.59
298.85	46234.29
298.92	46371.17
298.98	46501.73
299.05	46593.90
299.11	46701.35
299.18	46784.71
299.24	46850.81
299.31	46897.28
299.38	46957.25
299.44	46976.62
299.51	47004.65
299.57	47035.79
299.64	47059.14
299.70	47069.26
299.77	47053.91
299.84	46978.80
299.90	46828.57
299.97	46581.63
300.03	46270.42
300.10	45962.54
300.16	45710.82
300.23	45557.45
300.30	45543.04
300.36	45628.95
300.43	45786.40
300.49	45958.88
300.56	46145.69
300.62	46331.47
300.69	46489.92
300.75	46640.18
300.82	46790.88
300.89	46909.13
300.95	47006.01
301.02	47086.85
301.08	47157.28
301.15	47212.77
301.21	47266.53
301.28	47323.10
301.34	47393.48
301.41	47443.82
301.48	47481.77
301.54	47499.45
301.61	47510.59
301.67	47491.99
301.74	47460.46
301.80	47393.73
301.87	47290.24
301.93	47121.11
302.00	46915.20
302.06	46680.08
302.13	46451.27
302.20	46264.37
302.26	46140.73
302.33	46090.19
302.39	46088.48
302.46	46144.05
302.52	46229.77
302.59	46343.91
302.65	46472.33
302.72	46606.62
302.78	46743.26
302.85	46873.49
302.91	46973.46
302.98	47051.90
303.05	47138.98
303.11	47211.65
303.18	47267.31
303.24	47338.56
303.31	47384.70
303.37	47418.93
303.44	47451.46
303.50	47472.70
303.57	47460.66
303.63	47448.69
303.70	47435.86
303.76	47388.71
303.83	47345.31
303.89	47301.43
303.96	47236.30
304.03	47127.64
304.09	46988.34
304.16	46783.67
304.22	46535.67
304.29	46305.74
304.35	46119.89
304.42	46014.14
304.48	45993.90
304.55	46049.24
304.61	46127.12
304.68	46222.87
304.74	46312.01
304.81	46405.39
304.87	46495.37
304.94	46583.80
305.00	46660.99
305.07	46711.56
305.13	46739.78
305.20	46765.71
305.26	46791.65
305.33	46805.82
305.39	46824.82
305.46	46832.92
305.52	46835.62
305.59	46831.88
305.66	46818.52
305.72	46795.30
305.79	46771.45
305.85	46718.51
305.92	46631.70
305.98	46501.17
306.05	46324.21
306.11	46116.17
306.18	45896.88
306.24	45687.00
306.31	45485.79
306.37	45313.91
306.44	45156.25
306.50	45026.35
306.57	44949.59
306.63	44966.93
306.70	45044.34
306.76	45177.38
306.83	45324.12
306.89	45447.46
306.96	45534.67
307.02	45590.89
307.09	45640.56
307.15	45679.61
307.22	45716.54
307.28	45729.40
307.35	45736.79
307.41	45715.53
307.48	45685.43
307.54	45662.72
307.61	45630.08
307.67	45592.36
307.74	45560.69
307.80	45532.94
307.87	45479.86
307.93	45446.47
308.00	45407.34
308.06	45360.56
308.13	45299.39
308.19	45215.39
308.26	45121.27
308.32	45034.69
308.38	44942.69
308.45	44844.49
308.51	44749.05
308.58	44619.37
308.64	44463.50
308.71	44325.52
308.77	44214.43
308.84	44135.57
308.90	44115.43
308.97	44132.92
309.03	44163.21
309.10	44184.62
309.16	44209.53
309.23	44214.87
309.29	44221.62
309.36	44199.54
309.42	44188.58
309.49	44172.03
309.55	44154.10
309.62	44112.54
309.68	44088.15
309.75	44035.50
309.81	43980.24
309.88	43919.40
309.94	43854.28
310.00	43775.33
310.07	43716.86
310.13	43656.67
310.20	43585.00
310.26	43523.25
310.33	43454.92
310.39	43381.51
310.46	43312.26
310.52	43243.15
310.59	43155.52
310.65	43064.75
310.72	42967.32
310.78	42854.99
310.85	42758.42
310.91	42697.03
310.97	42663.24
311.04	42636.97
311.10	42632.19
311.17	42626.67
311.23	42601.04
311.30	42577.74
311.36	42561.08
311.43	42549.09
311.49	42525.87
311.56	42505.29
311.62	42472.89
311.69	42447.39
311.75	42411.35
311.81	42373.40
311.88	42325.73
311.94	42279.98
312.01	42239.59
312.07	42184.14
312.14	42139.83
312.20	42107.52
312.27	42065.39
312.33	42005.93
312.40	41953.81
312.46	41888.99
312.52	41823.74
312.59	41757.75
312.65	41680.89
312.72	41596.90
312.78	41520.19
312.85	41434.61
312.91	41339.60
312.98	41255.46
313.04	41168.60
313.10	41085.58
313.17	41009.40
313.23	40957.52
313.30	40903.64
313.36	40865.48
313.43	40834.00
313.49	40807.49
313.56	40766.56
313.62	40730.28
313.68	40699.65
313.75	40663.26
313.81	40630.15
313.88	40594.52
313.94	40560.54
314.01	40521.28
314.07	40481.39
314.13	40440.26
314.20	40414.66
314.26	40383.36
314.33	40330.56
314.39	40284.78
314.46	40229.76
314.52	40164.20
314.58	40086.06
314.65	40025.13
314.71	39958.06
314.78	39897.32
314.84	39829.28
314.91	39774.15
314.97	39722.62
315.03	39669.94
315.10	39618.55
315.16	39566.07
315.23	39517.43
315.29	39459.62
315.36	39411.77
315.42	39356.24
315.48	39302.92
315.55	39238.74
315.61	39173.78
315.68	39115.16
315.74	39053.98
315.81	38991.49
315.87	38949.79
315.93	38934.15
316.00	38904.86
316.06	38891.02
316.13	38900.77
316.19	38860.93
316.25	38775.47
316.32	38656.55
316.38	38492.53
316.45	38270.95
316.51	38057.71
316.58	37816.18
316.64	37571.05
316.70	37341.03
316.77	37106.59
316.83	36851.43
316.90	36614.52
316.96	36373.05
317.02	36106.63
317.09	35854.73
317.15	35608.51
317.22	35348.50
317.28	35090.38
317.34	34835.24
317.41	34580.49
317.47	34325.81
317.54	34086.34
317.60	33838.02
317.66	33589.36
317.73	33332.47
317.79	33075.91
317.86	32807.40
317.92	32543.25
317.98	32273.67
318.05	31993.46
318.11	31715.52
318.18	31452.78
318.24	31178.43
318.30	30902.59
318.37	30632.83
318.43	30351.55
318.50	30058.77
318.56	29763.55
318.62	29488.19
318.69	29213.04
318.75	28946.99
318.82	28671.60
318.88	28419.14
318.94	28142.48
319.01	27861.37
319.07	27583.65
319.13	27311.94
319.20	27019.00
319.26	26739.72
319.33	26464.76
319.39	26170.15
319.45	25879.93
319.52	25603.31
319.58	25322.89
319.65	25037.96
319.71	24760.31
319.77	24478.07
319.84	24193.59
319.90	23913.16
319.96	23630.15
320.03	23346.41
320.09	23070.86
320.16	22788.89
320.22	22504.09
320.28	22215.89
320.35	21940.92
320.41	21657.02
320.47	21376.92
320.54	21095.90
320.60	20818.13
320.67	20539.65
320.73	20263.81
320.79	19980.62
320.86	19700.13
320.92	19417.92
320.98	19122.61
321.05	18822.46
321.11	18528.59
321.18	18237.87
321.24	17955.61
321.30	17676.34
321.37	17411.92
321.43	17144.50
321.49	16867.72
321.56	16595.47
321.62	16333.19
321.68	16044.68
321.75	15766.35
321.81	15487.37
321.88	15200.91
321.94	14913.31
322.00	14637.26
322.07	14354.34
322.13	14079.29
322.19	13801.16
322.26	13516.01
322.32	13242.21
322.38	12960.00
322.45	12684.06
322.51	12416.95
322.58	12150.73
322.64	11873.72
322.70	11615.37
322.77	11342.84
322.83	11076.17
322.89	10812.39
322.96	10546.78
323.02	10276.67
323.08	10011.22
323.15	9739.12
323.21	9470.58
323.27	9212.36
323.34	8955.66
323.40	8705.52
323.46	8457.52
323.53	8102.32
323.59	6997.53
323.65	5413.49
323.72	3753.15
323.78	2145.03
323.85	692.77
323.91	41.14
323.97	-80.35
324.04	-79.70
