180.21	3366.25
180.28	-116.43
180.36	625.01
180.44	-42.67
180.51	-13.43
180.59	8.14
180.66	34.95
180.74	30.90
180.81	29.23
180.89	30.42
180.97	31.66
181.04	28.50
181.12	27.47
181.19	28.12
181.27	28.37
181.34	45.69
181.42	52.91
181.50	60.46
181.57	72.30
181.65	78.12
181.72	70.82
181.80	65.94
181.87	66.08
181.95	66.07
182.03	64.95
182.10	68.67
182.18	70.38
182.25	75.43
182.33	73.89
182.40	80.50
182.48	75.13
182.55	86.51
182.63	90.03
182.71	93.41
182.78	95.15
182.86	101.56
182.93	97.89
183.01	101.01
183.08	101.03
183.16	106.61
183.23	103.30
183.31	110.70
183.39	110.62
183.46	120.70
183.54	116.31
183.61	124.50
183.69	126.54
183.76	136.28
183.84	136.17
183.91	138.16
183.99	147.23
184.06	148.63
184.14	151.55
184.22	155.63
184.29	159.78
184.37	157.51
184.44	152.51
184.52	141.55
184.59	138.46
184.67	141.64
184.74	137.10
184.82	150.39
184.89	164.21
184.97	175.27
185.04	184.32
185.12	195.32
185.20	205.24
185.27	215.15
185.35	225.94
185.42	226.84
185.50	240.85
185.57	241.71
185.65	248.15
185.72	249.50
185.80	260.76
185.87	258.08
185.95	259.44
186.02	260.71
186.10	259.89
186.17	260.32
186.25	260.38
186.33	251.48
186.40	244.10
186.48	245.38
186.55	249.33
186.63	254.52
186.70	283.83
186.78	303.70
186.85	324.19
186.93	338.01
187.00	358.76
187.08	360.66
187.15	375.63
187.23	387.70
187.30	400.87
187.38	416.32
187.45	438.08
187.53	454.58
187.60	462.99
187.68	475.50
187.75	487.20
187.83	493.79
187.90	489.28
187.98	488.31
188.05	486.33
188.13	467.57
188.21	444.36
188.28	440.10
188.36	436.73
188.43	438.98
188.51	458.43
188.58	493.64
188.66	510.63
188.73	535.33
188.81	565.14
188.88	583.98
188.96	600.31
189.03	630.51
189.11	656.59
189.18	672.38
189.26	693.22
189.33	719.89
189.41	746.64
189.48	766.20
189.56	787.46
189.63	806.82
189.71	807.22
189.78	792.16
189.86	777.52
189.93	762.23
190.01	736.83
190.08	720.91
190.16	705.29
190.23	684.92
190.31	678.12
190.38	677.48
190.46	687.68
190.53	715.72
190.61	764.22
190.68	796.36
190.76	847.06
190.83	886.85
190.91	917.74
190.98	938.11
191.06	967.58
191.13	985.49
191.21	1002.27
191.28	1011.90
191.35	1023.15
191.43	1026.80
191.50	1024.65
191.58	1030.15
191.65	1044.41
191.73	1051.74
191.80	1063.19
191.88	1068.45
191.95	1069.09
192.03	1070.55
192.10	1075.29
192.18	1079.84
192.25	1091.09
192.33	1093.96
192.40	1086.78
192.48	1081.87
192.55	1078.40
192.63	1073.25
192.70	1081.16
192.78	1099.07
192.85	1125.96
192.93	1146.14
193.00	1162.22
193.08	1164.75
193.15	1169.02
193.22	1171.37
193.30	1184.01
193.37	1219.63
193.45	1259.32
193.52	1303.41
193.60	1349.35
193.67	1385.98
193.75	1409.62
193.82	1437.64
193.90	1448.55
193.97	1454.54
194.05	1455.36
194.12	1444.96
194.20	1430.16
194.27	1417.15
194.34	1388.11
194.42	1360.80
194.49	1349.48
194.57	1340.40
194.64	1327.24
194.72	1322.43
194.79	1326.57
194.87	1338.09
194.94	1367.66
195.02	1418.21
195.09	1478.16
195.17	1542.50
195.24	1598.42
195.31	1639.79
195.39	1665.25
195.46	1684.39
195.54	1699.01
195.61	1699.45
195.69	1687.48
195.76	1667.72
195.84	1635.05
195.91	1575.14
195.99	1511.48
196.06	1457.33
196.13	1428.83
196.21	1425.83
196.28	1455.39
196.36	1518.23
196.43	1587.72
196.51	1659.59
196.58	1724.23
196.66	1782.73
196.73	1822.44
196.80	1850.67
196.88	1863.58
196.95	1870.14
197.03	1866.13
197.10	1848.78
197.18	1826.57
197.25	1786.45
197.33	1735.19
197.40	1685.83
197.47	1630.13
197.55	1590.41
197.62	1571.39
197.70	1572.38
197.77	1594.27
197.85	1647.86
197.92	1706.43
197.99	1778.30
198.07	1858.67
198.14	1928.13
198.22	1993.82
198.29	2042.92
198.37	2079.67
198.44	2101.16
198.51	2110.00
198.59	2096.89
198.66	2081.63
198.74	2041.62
198.81	1978.11
198.89	1896.35
198.96	1821.81
199.03	1744.38
199.11	1697.70
199.18	1682.91
199.26	1712.69
199.33	1771.96
199.41	1862.09
199.48	1949.83
199.55	2041.43
199.63	2113.10
199.70	2176.61
199.78	2223.03
199.85	2266.88
199.93	2298.76
200.00	2330.61
200.07	2333.00
200.15	2321.83
200.22	2290.36
200.30	2229.71
200.37	2142.76
200.44	2036.14
200.52	1941.38
200.59	1880.49
200.67	1858.74
200.74	1881.03
200.81	1948.63
200.89	2032.78
200.96	2122.22
201.04	2202.93
201.11	2290.24
201.19	2378.68
201.26	2455.05
201.33	2510.34
201.41	2565.33
201.48	2597.06
201.56	2608.05
201.63	2611.72
201.70	2585.96
201.78	2533.91
201.85	2458.42
201.93	2367.90
202.00	2272.55
202.07	2202.19
202.15	2139.73
202.22	2111.05
202.30	2133.51
202.37	2187.87
202.44	2271.94
202.52	2394.66
202.59	2528.47
202.67	2644.38
202.74	2745.84
202.81	2827.30
202.89	2894.89
202.96	2957.81
203.04	3010.30
203.11	3046.19
203.18	3064.92
203.26	3055.40
203.33	3001.23
203.41	2913.91
203.48	2797.76
203.55	2640.12
203.63	2499.85
203.70	2414.16
203.77	2390.15
203.85	2434.31
203.92	2549.37
204.00	2704.61
204.07	2852.48
204.14	2995.38
204.22	3121.77
204.29	3246.81
204.37	3345.26
204.44	3437.90
204.51	3511.62
204.59	3562.58
204.66	3581.17
204.73	3583.02
204.81	3547.60
204.88	3486.00
204.96	3393.10
205.03	3268.64
205.10	3129.52
205.18	3015.55
205.25	2921.77
205.32	2876.92
205.40	2898.11
205.47	2974.53
205.55	3092.62
205.62	3252.68
205.69	3437.07
205.77	3626.47
205.84	3805.18
205.91	3954.60
205.99	4079.56
206.06	4179.55
206.14	4266.42
206.21	4349.21
206.28	4405.34
206.36	4441.91
206.43	4438.07
206.50	4392.50
206.58	4287.09
206.65	4134.79
206.72	3927.80
206.80	3717.27
206.87	3541.62
206.95	3453.17
207.02	3481.64
207.09	3618.23
207.17	3832.71
207.24	4077.60
207.31	4311.81
207.39	4524.35
207.46	4721.33
207.53	4892.78
207.61	5056.53
207.68	5203.36
207.75	5337.76
207.83	5438.77
207.90	5515.56
207.98	5542.55
208.05	5533.19
208.12	5461.62
208.20	5346.67
208.27	5171.91
208.34	4958.39
208.42	4730.87
208.49	4564.03
208.56	4470.90
208.64	4488.82
208.71	4602.38
208.78	4783.97
208.86	5008.77
208.93	5244.32
209.00	5483.98
209.08	5727.41
209.15	5976.48
209.22	6191.91
209.30	6396.39
209.37	6567.97
209.44	6722.40
209.52	6853.50
209.59	6958.30
209.67	7018.93
209.74	7030.74
209.81	6986.48
209.89	6857.16
209.96	6657.76
210.03	6411.70
210.11	6177.75
210.18	5965.61
210.25	5838.21
210.33	5833.86
210.40	5952.09
210.47	6158.27
210.55	6442.31
210.62	6758.27
210.69	7055.56
210.77	7345.18
210.84	7603.65
210.91	7849.41
210.99	8066.57
211.06	8291.62
211.13	8486.96
211.21	8674.41
211.28	8811.51
211.35	8923.75
211.42	8962.57
211.50	8928.67
211.57	8799.83
211.64	8599.88
211.72	8316.73
211.79	8006.15
211.86	7774.35
211.94	7694.04
212.01	7751.97
212.08	7965.77
212.16	8285.47
212.23	8621.67
212.30	8920.69
212.38	9185.86
212.45	9425.42
212.52	9645.56
212.60	9855.45
212.67	10068.79
212.74	10296.74
212.82	10518.62
212.89	10739.50
212.96	10938.19
213.03	11090.30
213.11	11179.90
213.18	11194.39
213.25	11124.69
213.33	10970.82
213.40	10739.00
213.47	10517.80
213.55	10339.84
213.62	10247.83
213.69	10277.12
213.77	10447.27
213.84	10686.40
213.91	10987.21
213.98	11299.98
214.06	11598.08
214.13	11862.10
214.20	12094.54
214.28	12323.06
214.35	12562.58
214.42	12824.71
214.50	13100.47
214.57	13381.41
214.64	13630.71
214.72	13835.50
214.79	13996.06
214.86	14084.27
214.93	14091.30
215.01	14023.76
215.08	13863.64
215.15	13606.64
215.23	13314.82
215.30	13094.78
215.37	13007.71
215.44	13106.23
215.52	13380.28
215.59	13779.25
215.66	14213.20
215.74	14605.26
215.81	14933.29
215.88	15237.51
215.95	15525.85
216.03	15803.06
216.10	16073.62
216.17	16339.92
216.25	16570.12
216.32	16781.86
216.39	16943.31
216.46	17090.29
216.54	17204.64
216.61	17276.51
216.68	17277.27
216.76	17239.99
216.83	17097.40
216.90	16880.97
216.97	16658.00
217.05	16520.33
217.12	16489.47
217.19	16621.55
217.27	16899.44
217.34	17285.00
217.41	17698.26
217.48	18110.39
217.56	18500.51
217.63	18869.30
217.70	19187.73
217.78	19465.44
217.85	19707.91
217.92	19920.79
217.99	20110.17
218.07	20288.91
218.14	20453.86
218.21	20628.64
218.28	20805.01
218.36	20968.32
218.43	21082.87
218.50	21144.03
218.57	21104.35
218.65	20953.32
218.72	20716.02
218.79	20469.71
218.87	20293.83
218.94	20249.07
219.01	20378.00
219.08	20681.60
219.16	21106.26
219.23	21558.12
219.30	21985.91
219.37	22370.91
219.45	22698.54
219.52	22996.03
219.59	23267.77
219.66	23528.34
219.74	23784.04
219.81	24047.51
219.88	24274.79
219.95	24503.86
220.03	24724.28
220.10	24912.22
220.17	25052.30
220.24	25139.64
220.32	25161.80
220.39	25088.86
220.46	24939.38
220.53	24733.96
220.61	24534.90
220.68	24400.04
220.75	24404.43
220.82	24569.83
220.90	24842.57
220.97	25182.35
221.04	25532.30
221.11	25857.64
221.19	26137.75
221.26	26412.91
221.33	26678.95
221.40	26955.34
221.48	27226.93
221.55	27474.55
221.62	27716.02
221.69	27968.16
221.77	28196.20
221.84	28399.90
221.91	28587.84
221.98	28739.29
222.06	28840.66
222.13	28899.32
222.20	28906.18
222.27	28876.01
222.35	28805.72
222.42	28736.38
222.49	28703.14
222.56	28729.05
222.63	28808.04
222.71	28964.25
222.78	29150.24
222.85	29339.69
222.92	29536.58
223.00	29744.26
223.07	29951.12
223.14	30166.18
223.21	30396.31
223.29	30630.93
223.36	30871.89
223.43	31107.10
223.50	31332.65
223.57	31552.67
223.65	31765.14
223.72	31935.24
223.79	32075.54
223.86	32171.62
223.94	32217.76
224.01	32241.10
224.08	32262.06
224.15	32277.55
224.22	32316.12
224.30	32351.86
224.37	32404.60
224.44	32492.73
224.51	32592.91
224.59	32701.13
224.66	32861.32
224.73	33027.02
224.80	33187.79
224.87	33363.53
224.95	33563.98
225.02	33762.71
225.09	33954.97
225.16	34151.20
225.23	34333.48
225.31	34508.37
225.38	34647.83
225.45	34777.87
225.52	34885.28
225.60	34973.66
225.67	35032.39
225.74	35054.76
225.81	35054.94
225.88	35060.94
225.96	35092.95
226.03	35155.35
226.10	35273.57
226.17	35430.09
226.24	35592.66
226.32	35754.88
226.39	35906.79
226.46	36056.49
226.53	36194.03
226.60	36337.77
226.68	36479.73
226.75	36615.84
226.82	36753.53
226.89	36887.80
226.96	36999.36
227.04	37081.77
227.11	37160.88
227.18	37240.87
227.25	37313.90
227.32	37386.74
227.40	37469.72
227.47	37547.85
227.54	37600.44
227.61	37632.48
227.68	37658.34
227.76	37674.07
227.83	37690.50
227.90	37739.69
227.97	37823.00
228.04	37932.10
228.11	38058.52
228.19	38199.88
228.26	38328.85
228.33	38457.86
228.40	38571.33
228.47	38683.56
228.55	38784.50
228.62	38898.35
228.69	38994.02
228.76	39089.47
228.83	39180.52
228.90	39272.28
228.98	39349.94
229.05	39439.46
229.12	39547.21
229.19	39659.86
229.26	39763.97
229.34	39852.54
229.41	39926.93
229.48	39964.95
229.55	39998.89
229.62	40031.38
229.69	40050.32
229.77	40066.80
229.84	40094.83
229.91	40123.44
229.98	40159.17
230.05	40222.57
230.12	40297.70
230.20	40393.67
230.27	40491.61
230.34	40592.04
230.41	40699.26
230.48	40785.98
230.55	40863.75
230.63	40949.51
230.70	41026.91
230.77	41073.78
230.84	41130.96
230.91	41175.19
230.98	41221.27
231.06	41264.26
231.13	41342.81
231.20	41442.02
231.27	41539.13
231.34	41624.81
231.41	41709.90
231.49	41770.16
231.56	41817.00
231.63	41865.65
231.70	41912.39
231.77	41952.89
231.84	41998.43
231.92	42028.59
231.99	42068.18
232.06	42098.67
232.13	42140.58
232.20	42201.05
232.27	42264.91
232.34	42317.39
232.42	42362.54
232.49	42410.72
232.56	42435.90
232.63	42479.88
232.70	42540.36
232.77	42607.58
232.85	42665.16
232.92	42729.59
232.99	42787.00
233.06	42821.29
233.13	42864.12
233.20	42898.22
233.27	42921.96
233.35	42946.39
233.42	42978.94
233.49	43002.58
233.56	43043.86
233.63	43089.70
233.70	43121.71
233.77	43155.17
233.85	43204.59
233.92	43266.99
233.99	43303.54
234.06	43351.28
234.13	43401.79
234.20	43450.10
234.27	43471.85
234.35	43512.59
234.42	43547.35
234.49	43567.74
234.56	43571.88
234.63	43562.29
234.70	43557.45
234.77	43555.54
234.84	43544.33
234.92	43537.31
234.99	43559.56
235.06	43585.25
235.13	43602.78
235.20	43633.38
235.27	43682.15
235.34	43711.28
235.41	43746.43
235.49	43783.47
235.56	43826.31
235.63	43861.50
235.70	43891.52
235.77	43909.90
235.84	43928.35
235.91	43926.40
235.98	43907.43
236.06	43907.18
236.13	43902.68
236.20	43899.92
236.27	43902.00
236.34	43921.73
236.41	43927.80
236.48	43937.31
236.55	43945.45
236.63	43952.84
236.70	43940.26
236.77	43949.23
236.84	43968.54
236.91	43991.23
236.98	44018.96
237.05	44064.39
237.12	44079.01
237.19	44082.60
237.27	44088.52
237.34	44096.52
237.41	44092.83
237.48	44092.75
237.55	44104.47
237.62	44105.01
237.69	44113.89
237.76	44136.78
237.83	44168.08
237.91	44193.16
237.98	44217.49
238.05	44221.44
238.12	44218.11
238.19	44213.32
238.26	44221.76
238.33	44231.41
238.40	44245.39
238.47	44246.41
238.54	44267.40
238.62	44256.22
238.69	44246.68
238.76	44242.86
238.83	44244.85
238.90	44245.87
238.97	44245.42
239.04	44267.48
239.11	44287.64
239.18	44309.92
239.25	44308.98
239.33	44305.59
239.40	44294.97
239.47	44285.35
239.54	44258.50
239.61	44240.08
239.68	44236.16
239.75	44225.44
239.82	44222.24
239.89	44231.57
239.96	44239.62
240.03	44248.68
240.11	44254.02
240.18	44266.98
240.25	44282.32
240.32	44303.73
240.39	44326.46
240.46	44345.99
240.53	44373.96
240.60	44407.55
240.67	44436.77
240.74	44473.11
240.81	44505.34
240.88	44513.90
240.96	44526.15
241.03	44526.86
241.10	44532.25
241.17	44534.02
241.24	44541.17
241.31	44558.42
241.38	44566.26
241.45	44555.66
241.52	44559.05
241.59	44561.94
241.66	44555.83
241.73	44575.61
241.80	44587.23
241.88	44601.68
241.95	44609.38
242.02	44607.99
242.09	44595.72
242.16	44595.49
242.23	44604.29
242.30	44613.36
242.37	44626.39
242.44	44655.84
242.51	44671.71
242.58	44678.80
242.65	44686.21
242.72	44706.56
242.79	44726.60
242.87	44758.88
242.94	44778.41
243.01	44804.94
243.08	44827.12
243.15	44831.79
243.22	44848.63
243.29	44883.94
243.36	44912.56
243.43	44940.62
243.50	44993.12
243.57	45041.07
243.64	45065.38
243.71	45098.19
243.78	45126.82
243.85	45132.98
243.92	45142.04
243.99	45165.85
244.07	45181.33
244.14	45190.53
244.21	45211.25
244.28	45228.22
244.35	45245.04
244.42	45276.65
244.49	45308.46
244.56	45318.44
244.63	45335.59
244.70	45333.84
244.77	45332.69
244.84	45345.55
244.91	45386.16
244.98	45430.02
245.05	45486.31
245.12	45540.99
245.19	45591.10
245.26	45635.70
245.33	45670.42
245.40	45714.88
245.47	45763.48
245.55	45801.01
245.62	45846.58
245.69	45887.63
245.76	45933.77
245.83	45972.12
245.90	46022.63
245.97	46045.45
246.04	46088.63
246.11	46130.34
246.18	46147.45
246.25	46157.15
246.32	46190.51
246.39	46208.54
246.46	46235.88
246.53	46291.52
246.60	46346.47
246.67	46400.50
246.74	46470.20
246.81	46538.89
246.88	46595.07
246.95	46656.89
247.02	46712.93
247.09	46743.41
247.16	46757.02
247.23	46779.60
247.30	46788.70
247.37	46791.31
247.44	46814.41
247.51	46836.11
247.58	46864.51
247.66	46913.98
247.73	46988.77
247.80	47054.02
247.87	47125.47
247.94	47205.23
248.01	47283.36
248.08	47343.81
248.15	47401.42
248.22	47461.06
248.29	47508.62
248.36	47536.72
248.43	47580.57
248.50	47633.11
248.57	47684.74
248.64	47741.92
248.71	47825.47
248.78	47897.10
248.85	47961.08
248.92	48022.12
248.99	48066.43
249.06	48099.24
249.13	48124.73
249.20	48159.52
249.27	48189.74
249.34	48224.24
249.41	48257.16
249.48	48292.20
249.55	48320.73
249.62	48361.65
249.69	48397.49
249.76	48434.32
249.83	48477.43
249.90	48529.89
249.97	48590.95
250.04	48681.82
250.11	48774.95
250.18	48855.01
250.25	48921.96
250.32	48972.20
250.39	49026.27
250.46	49075.32
250.53	49135.03
250.60	49207.03
250.67	49285.20
250.74	49337.23
250.81	49371.17
250.88	49404.47
250.95	49431.07
251.02	49447.75
251.09	49474.76
251.16	49529.09
251.23	49576.93
251.30	49628.16
251.37	49691.17
251.44	49733.32
251.51	49791.13
251.58	49858.09
251.65	49910.10
251.72	49955.32
251.79	50018.24
251.86	50056.93
251.93	50090.79
252.00	50121.08
252.07	50143.99
252.14	50169.69
252.21	50196.65
252.28	50230.19
252.35	50274.98
252.42	50349.69
252.49	50420.81
252.56	50489.80
252.63	50550.84
252.70	50612.69
252.77	50654.50
252.84	50695.40
252.91	50727.08
252.98	50767.23
253.05	50801.33
253.12	50832.78
253.19	50861.38
253.25	50906.87
253.32	50947.72
253.39	51003.59
253.46	51050.98
253.53	51100.31
253.60	51125.03
253.67	51154.21
253.74	51193.85
253.81	51237.42
253.88	51285.83
253.95	51347.47
254.02	51403.36
254.09	51430.34
254.16	51471.94
254.23	51495.40
254.30	51526.18
254.37	51558.32
254.44	51602.83
254.51	51635.28
254.58	51665.77
254.65	51705.90
254.72	51733.66
254.79	51750.28
254.86	51761.43
254.93	51783.61
255.00	51798.37
255.07	51841.82
255.14	51904.42
255.21	51953.87
255.28	51977.41
255.34	51982.40
255.41	51977.14
255.48	51962.67
255.55	51966.90
255.62	51998.40
255.69	52035.46
255.76	52065.66
255.83	52111.01
255.90	52153.75
255.97	52205.97
256.04	52254.61
256.11	52304.98
256.18	52350.77
256.25	52390.53
256.32	52423.05
256.39	52462.24
256.46	52501.65
256.53	52538.20
256.60	52583.42
256.67	52617.40
256.74	52639.29
256.80	52662.27
256.87	52663.64
256.94	52657.88
257.01	52667.11
257.08	52690.56
257.15	52704.45
257.22	52728.94
257.29	52736.87
257.36	52729.91
257.43	52702.42
257.50	52691.10
257.57	52667.93
257.64	52673.94
257.71	52682.03
257.78	52728.86
257.85	52760.01
257.92	52820.05
257.98	52874.11
258.05	52922.19
258.12	52927.41
258.19	52928.20
258.26	52901.34
258.33	52849.34
258.40	52812.08
258.47	52792.76
258.54	52780.33
258.61	52793.39
258.68	52838.65
258.75	52882.30
258.82	52936.87
258.89	52967.30
258.95	52986.63
259.02	52997.82
259.09	52994.27
259.16	52970.75
259.23	52959.05
259.30	52944.16
259.37	52925.58
259.44	52923.89
259.51	52927.38
259.58	52951.81
259.65	52970.15
259.72	52983.94
259.79	52991.09
259.85	52988.89
259.92	52962.99
259.99	52955.24
260.06	52962.45
260.13	52962.12
260.20	52980.12
260.27	52979.78
260.34	52956.71
260.41	52937.21
260.48	52922.12
260.55	52899.05
260.62	52901.06
260.68	52898.10
260.75	52875.65
260.82	52867.98
260.89	52861.73
260.96	52867.40
261.03	52878.99
261.10	52882.24
261.17	52866.96
261.24	52839.56
261.31	52792.55
261.38	52756.54
261.44	52722.00
261.51	52688.70
261.58	52669.38
261.65	52660.79
261.72	52644.10
261.79	52639.17
261.86	52633.61
261.93	52626.23
262.00	52609.31
262.07	52583.49
262.13	52547.91
262.20	52523.21
262.27	52493.20
262.34	52486.93
262.41	52494.03
262.48	52508.53
262.55	52529.53
262.62	52545.63
262.69	52532.58
262.76	52504.26
262.82	52475.21
262.89	52451.35
262.96	52431.40
263.03	52429.18
263.10	52430.33
263.17	52418.70
263.24	52377.32
263.31	52363.30
263.38	52353.29
263.44	52361.06
263.51	52362.77
263.58	52370.90
263.65	52343.43
263.72	52286.48
263.79	52217.36
263.86	52159.26
263.93	52110.32
264.00	52083.22
264.06	52072.07
264.13	52063.66
264.20	52053.19
264.27	52017.66
264.34	51963.21
264.41	51911.07
264.48	51861.49
264.55	51812.37
264.61	51758.99
264.68	51724.19
264.75	51679.97
264.82	51628.18
264.89	51579.06
264.96	51555.61
265.03	51536.91
265.10	51529.49
265.16	51524.52
265.23	51516.87
265.30	51520.74
265.37	51496.38
265.44	51458.85
265.51	51437.12
265.58	51430.05
265.65	51395.77
265.71	51391.00
265.78	51396.98
265.85	51378.28
265.92	51334.89
265.99	51288.17
266.06	51219.59
266.13	51144.65
266.20	51080.32
266.26	51036.87
266.33	50999.50
266.40	50967.28
266.47	50933.02
266.54	50888.75
266.61	50837.78
266.68	50796.85
266.74	50768.11
266.81	50731.29
266.88	50682.34
266.95	50623.28
267.02	50564.93
267.09	50505.61
267.16	50474.90
267.22	50464.96
267.29	50482.32
267.36	50506.14
267.43	50524.17
267.50	50526.01
267.57	50519.76
267.64	50468.47
267.70	50396.05
267.77	50322.47
267.84	50274.71
267.91	50236.95
267.98	50225.96
268.05	50239.64
268.11	50244.35
268.18	50206.45
268.25	50155.41
268.32	50096.87
268.39	50008.60
268.46	49908.08
268.53	49818.12
268.59	49730.55
268.66	49655.65
268.73	49607.20
268.80	49596.85
268.87	49595.80
268.94	49612.09
269.00	49642.71
269.07	49680.65
269.14	49691.58
269.21	49686.36
269.28	49654.41
269.35	49602.86
269.41	49543.99
269.48	49495.31
269.55	49469.54
269.62	49465.36
269.69	49474.12
269.76	49460.61
269.82	49424.69
269.89	49390.67
269.96	49354.64
270.03	49299.63
270.10	49246.21
270.17	49193.42
270.23	49130.07
270.30	49073.87
270.37	49034.75
270.44	49016.00
270.51	49019.12
270.58	49023.16
270.64	49007.61
270.71	49005.95
270.78	49001.30
270.85	48998.34
270.92	49001.00
270.99	48996.36
271.05	48960.27
271.12	48915.61
271.19	48847.07
271.26	48763.80
271.33	48710.64
271.39	48661.06
271.46	48606.45
271.53	48573.27
271.60	48553.55
271.67	48527.72
271.74	48494.51
271.80	48470.77
271.87	48456.89
271.94	48438.13
272.01	48395.66
272.08	48369.00
272.14	48337.87
272.21	48300.64
272.28	48275.06
272.35	48257.60
272.42	48246.70
272.48	48245.75
272.55	48243.84
272.62	48224.64
272.69	48220.07
272.76	48218.78
272.83	48196.14
272.89	48169.91
272.96	48152.62
273.03	48113.30
273.10	48071.82
273.17	48058.75
273.23	48036.65
273.30	48003.65
273.37	47965.63
273.44	47905.19
273.51	47835.68
273.57	47786.04
273.64	47747.79
273.71	47738.75
273.78	47741.16
273.85	47750.18
273.91	47760.43
273.98	47799.45
274.05	47842.52
274.12	47907.40
274.19	47966.69
274.25	48011.79
274.32	48024.85
274.39	48015.75
274.46	47957.88
274.53	47876.04
274.59	47776.24
274.66	47687.31
274.73	47602.42
274.80	47547.28
274.86	47505.89
274.93	47484.94
275.00	47468.98
275.07	47454.89
275.14	47439.80
275.20	47413.37
275.27	47393.29
275.34	47360.03
275.41	47335.02
275.48	47318.52
275.54	47324.14
275.61	47336.32
275.68	47340.19
275.75	47330.83
275.81	47318.65
275.88	47310.82
275.95	47292.88
276.02	47288.40
276.09	47298.47
276.15	47304.78
276.22	47299.13
276.29	47283.38
276.36	47225.97
276.42	47148.50
276.49	47057.72
276.56	46962.67
276.63	46882.17
276.70	46841.11
276.76	46832.43
276.83	46847.57
276.90	46886.27
276.97	46910.89
277.03	46941.98
277.10	46935.72
277.17	46904.97
277.24	46846.34
277.30	46811.31
277.37	46784.78
277.44	46786.98
277.51	46813.98
277.58	46838.10
277.64	46841.36
277.71	46816.03
277.78	46767.82
277.85	46672.14
277.91	46585.27
277.98	46494.29
278.05	46419.82
278.12	46361.74
278.18	46342.57
278.25	46342.31
278.32	46363.99
278.39	46412.69
278.45	46476.00
278.52	46542.57
278.59	46599.88
278.66	46649.48
278.72	46668.40
278.79	46638.11
278.86	46574.56
278.93	46488.94
278.99	46374.38
279.06	46255.98
279.13	46178.97
279.20	46165.10
279.26	46195.79
279.33	46264.12
279.40	46346.19
279.47	46426.10
279.53	46464.98
279.60	46442.54
279.67	46363.00
279.74	46228.66
279.80	46071.23
279.87	45924.93
279.94	45815.48
280.01	45767.81
280.07	45769.28
280.14	45793.42
280.21	45816.63
280.28	45830.87
280.34	45842.21
280.41	45858.30
280.48	45863.01
280.55	45872.67
280.61	45877.35
280.68	45874.76
280.75	45860.87
280.82	45861.27
280.88	45853.83
280.95	45833.35
281.02	45795.31
281.08	45726.64
281.15	45646.31
281.22	45555.00
281.29	45474.43
281.35	45377.23
281.42	45279.59
281.49	45173.26
281.56	45070.31
281.62	44975.45
281.69	44905.61
281.76	44861.51
281.82	44835.01
281.89	44817.28
281.96	44811.23
282.03	44823.72
282.09	44831.04
282.16	44851.13
282.23	44879.76
282.30	44903.78
282.36	44939.10
282.43	44988.27
282.50	45031.99
282.56	45055.81
282.63	45089.23
282.70	45091.46
282.77	45111.60
282.83	45116.23
282.90	45135.44
282.97	45131.53
283.03	45100.27
283.10	45007.52
283.17	44874.52
283.24	44703.39
283.30	44536.40
283.37	44402.43
283.44	44316.27
283.50	44278.05
283.57	44277.49
283.64	44290.38
283.71	44298.58
283.77	44322.09
283.84	44349.51
283.91	44376.70
283.97	44408.07
284.04	44469.77
284.11	44505.11
284.18	44539.00
284.24	44568.43
284.31	44581.91
284.38	44568.55
284.44	44550.05
284.51	44534.58
284.58	44519.12
284.64	44511.64
284.71	44494.94
284.78	44469.49
284.85	44419.17
284.91	44373.47
284.98	44319.71
285.05	44251.89
285.11	44180.91
285.18	44105.44
285.25	43997.87
285.31	43905.98
285.38	43843.86
285.45	43821.98
285.52	43858.11
285.58	43924.28
285.65	43994.00
285.72	44060.41
285.78	44113.78
285.85	44150.13
285.92	44189.57
285.98	44242.34
286.05	44295.22
286.12	44357.02
286.18	44405.18
286.25	44461.49
286.32	44479.55
286.39	44501.10
286.45	44498.09
286.52	44467.26
286.59	44387.07
286.65	44284.58
286.72	44147.75
286.79	43999.09
286.85	43866.96
286.92	43778.11
286.99	43733.16
287.05	43708.02
287.12	43726.96
287.19	43764.54
287.25	43815.29
287.32	43866.02
287.39	43933.64
287.45	43982.46
287.52	44034.34
287.59	44071.14
287.65	44115.42
287.72	44140.34
287.79	44186.69
287.86	44201.89
287.92	44227.64
287.99	44230.03
288.06	44261.03
288.12	44274.79
288.19	44305.32
288.26	44307.66
288.32	44329.04
288.39	44321.42
288.46	44303.90
288.52	44276.23
288.59	44239.01
288.66	44156.75
288.72	44054.01
288.79	43930.68
288.86	43804.62
288.92	43709.99
288.99	43670.24
289.06	43675.78
289.12	43735.44
289.19	43820.28
289.26	43920.97
289.32	44029.69
289.39	44138.69
289.45	44238.81
289.52	44328.43
289.59	44407.34
289.65	44440.10
289.72	44453.49
289.79	44450.03
289.85	44436.77
289.92	44399.07
289.99	44367.73
290.05	44309.12
290.12	44237.00
290.19	44170.75
290.25	44123.59
290.32	44095.44
290.39	44112.75
290.45	44137.88
290.52	44150.62
290.59	44140.54
290.65	44094.48
290.72	44000.19
290.79	43911.65
290.85	43867.05
290.92	43875.65
290.98	43935.20
291.05	44046.56
291.12	44177.08
291.18	44303.62
291.25	44401.84
291.32	44488.18
291.38	44570.87
291.45	44649.21
291.52	44707.58
291.58	44754.04
291.65	44787.58
291.72	44788.91
291.78	44755.37
291.85	44689.13
291.91	44613.73
291.98	44556.19
292.05	44496.63
292.11	44449.49
292.18	44406.72
292.25	44344.91
292.31	44265.26
292.38	44202.61
292.45	44151.82
292.51	44128.04
292.58	44135.64
292.64	44170.37
292.71	44223.19
292.78	44292.25
292.84	44362.53
292.91	44463.83
292.98	44558.54
293.04	44652.17
293.11	44742.46
293.17	44841.52
293.24	44927.79
293.31	45013.96
293.37	45101.83
293.44	45153.16
293.51	45190.38
293.57	45201.11
293.64	45182.25
293.70	45126.77
293.77	45044.53
293.84	44905.71
293.90	44753.02
293.97	44605.64
294.04	44490.63
294.10	44425.42
294.17	44436.71
294.23	44469.36
294.30	44498.47
294.37	44523.62
294.43	44541.82
294.50	44511.62
294.56	44493.88
294.63	44498.07
294.70	44530.44
294.76	44606.77
294.83	44742.86
294.90	44888.21
294.96	45041.12
295.03	45185.84
295.09	45304.64
295.16	45432.73
295.23	45531.98
295.29	45623.87
295.36	45693.59
295.42	45735.51
295.49	45742.95
295.56	45769.57
295.62	45767.98
295.69	45732.53
295.75	45678.85
295.82	45579.65
295.89	45420.44
295.95	45253.82
296.02	45092.24
296.08	44941.88
296.15	44802.83
296.22	44708.14
296.28	44650.08
296.35	44651.77
296.41	44696.73
296.48	44815.21
296.55	44973.32
296.61	45139.76
296.68	45312.18
296.74	45481.07
296.81	45629.01
296.88	45750.69
296.94	45855.79
297.01	45927.80
297.07	46006.17
297.14	46071.91
297.20	46151.63
297.27	46245.28
297.34	46345.78
297.40	46425.14
297.47	46478.10
297.53	46501.82
297.60	46502.60
297.67	46472.04
297.73	46406.92
297.80	46293.78
297.86	46134.37
297.93	45928.55
298.00	45705.43
298.06	45492.64
298.13	45355.92
298.19	45287.91
298.26	45286.22
298.32	45328.91
298.39	45405.57
298.46	45480.65
298.52	45574.15
298.59	45666.96
298.65	45789.49
298.72	45931.35
298.78	46088.49
298.85	46225.48
298.92	46369.79
298.98	46505.64
299.05	46610.35
299.11	46700.72
299.18	46787.77
299.24	46862.88
299.31	46911.89
299.38	46972.23
299.44	47014.15
299.51	47043.58
299.57	47073.25
299.64	47092.64
299.70	47087.05
299.77	47058.05
299.84	46985.34
299.90	46828.31
299.97	46576.97
300.03	46263.82
300.10	45957.73
300.16	45705.98
300.23	45548.82
300.30	45527.30
300.36	45610.58
300.43	45765.77
300.49	45937.81
300.56	46129.68
300.62	46315.79
300.69	46487.68
300.75	46630.77
300.82	46785.56
300.89	46903.35
300.95	46999.08
301.02	47081.98
301.08	47150.12
301.15	47202.41
301.21	47259.30
301.28	47326.11
301.34	47385.62
301.41	47443.56
301.48	47476.04
301.54	47495.45
301.61	47501.34
301.67	47497.80
301.74	47472.81
301.80	47406.96
301.87	47286.43
301.93	47111.47
302.00	46888.44
302.06	46646.61
302.13	46415.41
302.20	46234.35
302.26	46109.91
302.33	46057.98
302.39	46075.70
302.46	46141.59
302.52	46238.38
302.59	46359.43
302.65	46490.53
302.72	46616.26
302.78	46749.20
302.85	46877.81
302.91	46983.78
302.98	47083.11
303.05	47159.56
303.11	47240.46
303.18	47295.21
303.24	47354.40
303.31	47391.95
303.37	47435.94
303.44	47457.08
303.50	47469.42
303.57	47454.88
303.63	47436.67
303.70	47413.62
303.76	47369.37
303.83	47341.20
303.89	47303.49
303.96	47245.69
304.03	47128.88
304.09	46992.89
304.16	46771.32
304.22	46524.16
304.29	46282.98
304.35	46096.35
304.42	45971.53
304.48	45951.65
304.55	46002.16
304.61	46094.15
304.68	46200.14
304.74	46306.64
304.81	46422.52
304.87	46509.83
304.94	46588.95
305.00	46665.42
305.07	46715.31
305.13	46738.05
305.20	46769.21
305.26	46795.93
305.33	46811.47
305.39	46828.34
305.46	46831.77
305.52	46843.43
305.59	46839.92
305.66	46823.93
305.72	46809.12
305.79	46782.17
305.85	46725.68
305.92	46643.05
305.98	46512.42
306.05	46315.79
306.11	46112.39
306.18	45891.71
306.24	45674.03
306.31	45476.72
306.37	45311.09
306.44	45149.52
306.50	45013.15
306.57	44929.45
306.63	44931.64
306.70	45008.51
306.76	45130.68
306.83	45284.40
306.89	45426.05
306.96	45526.38
307.02	45583.06
307.09	45642.64
307.15	45673.54
307.22	45702.30
307.28	45720.83
307.35	45737.72
307.41	45727.71
307.48	45710.82
307.54	45689.46
307.61	45660.79
307.67	45628.65
307.74	45587.23
307.80	45564.52
307.87	45516.89
307.93	45469.45
308.00	45420.57
308.06	45371.25
308.13	45287.34
308.19	45205.33
308.26	45115.88
308.32	45020.24
308.38	44919.15
308.45	44829.92
308.51	44720.29
308.58	44584.50
308.64	44436.22
308.71	44292.37
308.77	44173.51
308.84	44100.83
308.90	44093.94
308.97	44116.08
309.03	44164.85
309.10	44205.01
309.16	44241.18
309.23	44241.86
309.29	44240.74
309.36	44221.53
309.42	44198.37
309.49	44168.89
309.55	44149.90
309.62	44103.94
309.68	44070.09
309.75	44024.80
309.81	43965.76
309.88	43911.18
309.94	43857.61
310.00	43798.43
310.07	43740.83
310.13	43691.98
310.20	43611.91
310.26	43546.00
310.33	43467.53
310.39	43396.27
310.46	43329.65
310.52	43260.20
310.59	43174.49
310.65	43075.90
310.72	42976.10
310.78	42860.08
310.85	42764.13
310.91	42700.70
310.97	42661.44
311.04	42632.46
311.10	42610.36
311.17	42601.94
311.23	42574.65
311.30	42552.38
311.36	42523.09
311.43	42514.59
311.49	42492.99
311.56	42480.97
311.62	42473.86
311.69	42458.73
311.75	42438.16
311.81	42396.46
311.88	42350.39
311.94	42290.14
312.01	42228.55
312.07	42161.71
312.14	42121.99
312.20	42077.65
312.27	42028.92
312.33	41986.55
312.40	41933.86
312.46	41874.69
312.52	41817.87
312.59	41754.50
312.65	41685.47
312.72	41610.73
312.78	41533.46
312.85	41450.64
312.91	41363.10
312.98	41274.29
313.04	41187.67
313.10	41098.64
313.17	41013.24
313.23	40954.16
313.30	40902.15
313.36	40863.11
313.43	40825.85
313.49	40810.13
313.56	40772.82
313.62	40740.96
313.68	40707.22
313.75	40678.86
313.81	40640.06
313.88	40600.75
313.94	40558.98
314.01	40519.36
314.07	40482.13
314.13	40437.93
314.20	40393.58
314.26	40353.26
314.33	40307.49
314.39	40260.96
314.46	40197.70
314.52	40145.42
314.58	40081.45
314.65	40011.93
314.71	39936.09
314.78	39878.53
314.84	39822.87
314.91	39773.80
314.97	39724.50
315.03	39675.88
315.10	39628.67
315.16	39567.06
315.23	39504.72
315.29	39447.87
315.36	39394.81
315.42	39337.49
315.48	39288.33
315.55	39224.37
315.61	39162.06
315.68	39102.13
315.74	39039.92
315.81	38985.36
315.87	38943.92
315.93	38916.62
316.00	38907.79
316.06	38901.35
316.13	38886.01
316.19	38853.40
316.25	38773.76
316.32	38647.64
316.38	38485.14
316.45	38284.51
316.51	38064.67
316.58	37840.96
316.64	37597.84
316.70	37355.10
316.77	37107.59
316.83	36858.41
316.90	36604.37
316.96	36360.99
317.02	36113.13
317.09	35870.83
317.15	35623.85
317.22	35365.52
317.28	35102.47
317.34	34841.21
317.41	34581.51
317.47	34326.84
317.54	34079.00
317.60	33825.53
317.66	33574.73
317.73	33308.32
317.79	33043.24
317.86	32780.91
317.92	32519.62
317.98	32237.56
318.05	31959.77
318.11	31685.90
318.18	31410.81
318.24	31130.31
318.30	30857.65
318.37	30599.41
318.43	30325.00
318.50	30048.31
318.56	29769.01
318.62	29499.65
318.69	29218.55
318.75	28947.96
318.82	28673.06
318.88	28411.95
318.94	28134.83
319.01	27867.60
319.07	27595.95
319.13	27322.91
319.20	27039.08
319.26	26761.27
319.33	26481.03
319.39	26191.48
319.45	25902.42
319.52	25621.87
319.58	25342.52
319.65	25049.63
319.71	24769.06
319.77	24492.55
319.84	24206.70
319.90	23924.42
319.96	23651.64
320.03	23360.02
320.09	23075.49
320.16	22790.31
320.22	22500.55
320.28	22204.39
320.35	21917.63
320.41	21630.89
320.47	21351.27
320.54	21074.71
320.60	20802.36
320.67	20541.13
320.73	20273.42
320.79	19992.64
320.86	19714.22
320.92	19429.43
320.98	19132.11
321.05	18833.48
321.11	18541.50
321.18	18246.68
321.24	17964.60
321.30	17689.75
321.37	17411.26
321.43	17145.61
321.49	16871.57
321.56	16591.38
321.62	16324.11
321.68	16046.35
321.75	15763.85
321.81	15487.42
321.88	15207.34
321.94	14917.46
322.00	14644.61
322.07	14357.24
322.13	14068.96
322.19	13786.92
322.26	13504.31
322.32	13230.75
322.38	12963.37
322.45	12699.52
322.51	12430.60
322.58	12168.64
322.64	11893.84
322.70	11624.51
322.77	11352.05
322.83	11084.59
322.89	10806.27
322.96	10532.40
323.02	10260.69
323.08	9994.92
323.15	9727.65
323.21	9468.44
323.27	9212.71
323.34	8960.32
323.40	8709.29
323.46	8457.24
323.53	8100.96
323.59	6994.40
323.65	5409.23
323.72	3747.97
323.78	2144.77
323.85	692.94
323.91	41.68
323.97	-82.78
324.04	-81.68
