180.21	3367.15
180.28	-116.36
180.36	624.47
180.44	-43.44
180.51	-14.67
180.59	7.38
180.66	34.13
180.74	30.94
180.81	29.42
180.89	31.38
180.97	31.74
181.04	28.64
181.12	27.53
181.19	28.32
181.27	28.36
181.34	46.06
181.42	53.40
181.50	60.74
181.57	71.93
181.65	77.81
181.72	70.59
181.80	65.58
181.87	66.31
181.95	66.70
182.03	65.43
182.10	68.00
182.18	69.56
182.25	74.67
182.33	73.49
182.40	80.29
182.48	75.89
182.55	87.08
182.63	91.09
182.71	93.94
182.78	95.72
182.86	102.46
182.93	99.91
183.01	102.10
183.08	101.89
183.16	106.94
183.23	102.61
183.31	108.53
183.39	108.38
183.46	119.35
183.54	115.39
183.61	124.45
183.69	127.10
183.76	136.65
183.84	135.95
183.91	137.64
183.99	146.70
184.06	149.13
184.14	152.71
184.22	157.32
184.29	160.51
184.37	158.02
184.44	152.31
184.52	140.69
184.59	137.88
184.67	142.92
184.74	138.36
184.82	152.03
184.89	165.66
184.97	175.57
185.04	184.16
185.12	194.43
185.20	202.96
185.27	212.70
185.35	224.67
185.42	225.96
185.50	239.84
185.57	241.90
185.65	248.33
185.72	249.03
185.80	260.06
185.87	257.61
185.95	257.10
186.02	259.47
186.10	258.43
186.17	257.64
186.25	259.34
186.33	251.65
186.40	243.48
186.48	243.73
186.55	248.42
186.63	252.97
186.70	282.93
186.78	304.04
186.85	325.74
186.93	340.37
187.00	359.37
187.08	361.90
187.15	375.76
187.23	388.01
187.30	401.12
187.38	417.47
187.45	437.52
187.53	455.02
187.60	462.32
187.68	473.39
187.75	484.27
187.83	492.29
187.90	487.67
187.98	487.05
188.05	485.60
188.13	468.27
188.21	442.93
188.28	437.69
188.36	432.99
188.43	435.71
188.51	454.71
188.58	490.50
188.66	508.09
188.73	534.63
188.81	563.79
188.88	583.41
188.96	602.07
189.03	632.16
189.11	658.26
189.18	675.92
189.26	697.49
189.33	722.53
189.41	748.28
189.48	767.66
189.56	788.26
189.63	806.96
189.71	807.26
189.78	791.32
189.86	776.53
189.93	761.36
190.01	735.67
190.08	719.81
190.16	705.09
190.23	684.43
190.31	676.01
190.38	676.06
190.46	687.25
190.53	716.15
190.61	763.51
190.68	796.80
190.76	847.28
190.83	888.20
190.91	919.81
190.98	942.36
191.06	969.20
191.13	986.97
191.21	1002.41
191.28	1011.12
191.35	1021.81
191.43	1027.36
191.50	1026.66
191.58	1031.30
191.65	1045.64
191.73	1054.02
191.80	1064.53
191.88	1067.82
191.95	1066.83
192.03	1068.86
192.10	1074.48
192.18	1080.59
192.25	1092.38
192.33	1096.39
192.40	1089.96
192.48	1082.72
192.55	1079.19
192.63	1074.80
192.70	1082.88
192.78	1100.50
192.85	1126.98
192.93	1149.30
193.00	1162.36
193.08	1166.92
193.15	1168.45
193.22	1171.98
193.30	1182.02
193.37	1220.10
193.45	1259.68
193.52	1304.87
193.60	1349.56
193.67	1387.54
193.75	1409.82
193.82	1437.10
193.90	1449.25
193.97	1453.66
194.05	1450.85
194.12	1444.00
194.20	1430.45
194.27	1416.64
194.34	1390.64
194.42	1369.41
194.49	1352.59
194.57	1340.08
194.64	1325.95
194.72	1322.81
194.79	1322.53
194.87	1335.35
194.94	1367.87
195.02	1421.00
195.09	1479.96
195.17	1547.44
195.24	1603.18
195.31	1641.66
195.39	1667.82
195.46	1685.70
195.54	1694.66
195.61	1696.51
195.69	1684.67
195.76	1663.91
195.84	1635.47
195.91	1581.16
195.99	1519.31
196.06	1466.34
196.13	1435.54
196.21	1429.98
196.28	1459.25
196.36	1519.64
196.43	1592.37
196.51	1662.19
196.58	1727.80
196.66	1784.27
196.73	1822.09
196.80	1845.48
196.88	1859.71
196.95	1866.12
197.03	1864.02
197.10	1849.00
197.18	1829.36
197.25	1791.60
197.33	1738.15
197.40	1683.90
197.47	1628.04
197.55	1584.98
197.62	1563.41
197.70	1565.50
197.77	1592.48
197.85	1645.82
197.92	1707.25
197.99	1779.34
198.07	1856.91
198.14	1923.55
198.22	1989.54
198.29	2038.41
198.37	2074.52
198.44	2098.07
198.51	2108.10
198.59	2095.34
198.66	2080.30
198.74	2045.19
198.81	1983.02
198.89	1904.50
198.96	1829.33
199.03	1754.17
199.11	1703.74
199.18	1688.98
199.26	1714.26
199.33	1772.73
199.41	1858.71
199.48	1947.28
199.55	2040.97
199.63	2116.55
199.70	2183.90
199.78	2231.71
199.85	2277.06
199.93	2305.96
200.00	2335.15
200.07	2337.97
200.15	2328.39
200.22	2298.76
200.30	2238.51
200.37	2154.18
200.44	2048.11
200.52	1952.08
200.59	1888.85
200.67	1867.73
200.74	1886.20
200.81	1952.33
200.89	2034.83
200.96	2120.19
201.04	2200.25
201.11	2291.29
201.19	2377.02
201.26	2454.89
201.33	2515.47
201.41	2570.85
201.48	2598.86
201.56	2607.58
201.63	2612.42
201.70	2586.84
201.78	2532.44
201.85	2457.25
201.93	2368.13
202.00	2271.46
202.07	2197.70
202.15	2140.07
202.22	2114.91
202.30	2140.13
202.37	2194.18
202.44	2283.30
202.52	2397.52
202.59	2523.56
202.67	2632.89
202.74	2735.40
202.81	2817.32
202.89	2889.53
202.96	2958.45
203.04	3018.21
203.11	3051.99
203.18	3068.18
203.26	3056.50
203.33	3001.06
203.41	2910.67
203.48	2796.18
203.55	2638.00
203.63	2496.78
203.70	2409.49
203.77	2386.59
203.85	2429.17
203.92	2544.54
204.00	2702.18
204.07	2854.70
204.14	2995.09
204.22	3118.08
204.29	3242.43
204.37	3342.21
204.44	3427.33
204.51	3505.65
204.59	3561.40
204.66	3582.16
204.73	3584.35
204.81	3555.98
204.88	3495.51
204.96	3402.26
205.03	3274.71
205.10	3134.68
205.18	3019.80
205.25	2923.23
205.32	2877.50
205.40	2900.49
205.47	2983.09
205.55	3101.82
205.62	3261.33
205.69	3447.63
205.77	3632.85
205.84	3801.42
205.91	3952.05
205.99	4077.01
206.06	4179.08
206.14	4265.28
206.21	4349.51
206.28	4406.94
206.36	4450.31
206.43	4444.24
206.50	4405.49
206.58	4299.25
206.65	4140.15
206.72	3925.79
206.80	3715.78
206.87	3536.81
206.95	3450.04
207.02	3480.59
207.09	3616.72
207.17	3826.73
207.24	4074.34
207.31	4316.14
207.39	4532.98
207.46	4731.16
207.53	4907.10
207.61	5069.09
207.68	5204.24
207.75	5326.87
207.83	5435.52
207.90	5515.80
207.98	5546.16
208.05	5544.93
208.12	5483.90
208.20	5359.19
208.27	5187.03
208.34	4971.44
208.42	4745.43
208.49	4578.78
208.56	4488.79
208.64	4501.59
208.71	4615.98
208.78	4798.34
208.86	5017.64
208.93	5252.41
209.00	5488.56
209.08	5728.68
209.15	5968.19
209.22	6190.33
209.30	6395.62
209.37	6575.91
209.44	6734.28
209.52	6864.61
209.59	6958.70
209.67	7024.20
209.74	7030.95
209.81	6987.55
209.89	6870.86
209.96	6681.46
210.03	6434.05
210.11	6198.85
210.18	5981.16
210.25	5843.71
210.33	5828.13
210.40	5939.48
210.47	6145.26
210.55	6427.52
210.62	6745.25
210.69	7056.49
210.77	7351.27
210.84	7611.83
210.91	7863.77
210.99	8088.28
211.06	8301.53
211.13	8497.90
211.21	8686.36
211.28	8826.39
211.35	8930.80
211.42	8972.87
211.50	8932.80
211.57	8800.56
211.64	8593.79
211.72	8313.41
211.79	8007.81
211.86	7781.99
211.94	7702.03
212.01	7762.97
212.08	7974.28
212.16	8289.97
212.23	8626.67
212.30	8925.88
212.38	9191.79
212.45	9434.96
212.52	9657.47
212.60	9868.44
212.67	10088.07
212.74	10312.12
212.82	10533.00
212.89	10753.17
212.96	10950.94
213.03	11094.80
213.11	11188.76
213.18	11197.06
213.25	11128.44
213.33	10966.10
213.40	10739.24
213.47	10514.73
213.55	10350.60
213.62	10264.37
213.69	10299.64
213.77	10467.41
213.84	10703.71
213.91	10993.11
213.98	11297.20
214.06	11592.56
214.13	11856.39
214.20	12091.56
214.28	12322.48
214.35	12566.00
214.42	12832.79
214.50	13105.51
214.57	13385.47
214.64	13634.54
214.72	13843.64
214.79	13992.97
214.86	14079.17
214.93	14089.54
215.01	14022.20
215.08	13861.89
215.15	13615.40
215.23	13334.04
215.30	13112.09
215.37	13019.98
215.44	13114.68
215.52	13388.63
215.59	13790.92
215.66	14214.86
215.74	14612.22
215.81	14946.43
215.88	15251.47
215.95	15527.92
216.03	15820.96
216.10	16094.40
216.17	16349.69
216.25	16585.81
216.32	16797.65
216.39	16962.06
216.46	17102.05
216.54	17213.22
216.61	17281.84
216.68	17290.71
216.76	17236.78
216.83	17098.48
216.90	16886.26
216.97	16658.29
217.05	16519.67
217.12	16494.10
217.19	16625.29
217.27	16904.66
217.34	17282.66
217.41	17693.75
217.48	18104.87
217.56	18497.87
217.63	18871.84
217.70	19200.19
217.78	19479.23
217.85	19733.94
217.92	19949.03
217.99	20145.16
218.07	20316.46
218.14	20481.65
218.21	20647.29
218.28	20819.58
218.36	20968.23
218.43	21093.63
218.50	21155.25
218.57	21114.24
218.65	20962.87
218.72	20725.58
218.79	20472.14
218.87	20291.59
218.94	20258.57
219.01	20393.86
219.08	20702.03
219.16	21117.67
219.23	21565.89
219.30	21992.86
219.37	22373.16
219.45	22709.33
219.52	23019.58
219.59	23299.36
219.66	23554.64
219.74	23819.91
219.81	24082.80
219.88	24314.09
219.95	24537.08
220.03	24748.42
220.10	24935.80
220.17	25069.08
220.24	25162.25
220.32	25181.54
220.39	25118.90
220.46	24959.92
220.53	24753.48
220.61	24538.47
220.68	24410.59
220.75	24417.08
220.82	24582.72
220.90	24858.54
220.97	25203.51
221.04	25550.78
221.11	25864.01
221.19	26142.26
221.26	26406.64
221.33	26679.03
221.40	26964.84
221.48	27237.24
221.55	27496.47
221.62	27751.61
221.69	27989.83
221.77	28206.90
221.84	28417.33
221.91	28592.27
221.98	28730.52
222.06	28831.77
222.13	28885.02
222.20	28890.35
222.27	28870.88
222.35	28813.02
222.42	28760.42
222.49	28734.86
222.56	28758.14
222.63	28830.39
222.71	28969.25
222.78	29149.61
222.85	29341.94
222.92	29559.15
223.00	29773.74
223.07	29995.86
223.14	30202.06
223.21	30422.48
223.29	30638.95
223.36	30868.97
223.43	31101.14
223.50	31338.56
223.57	31570.15
223.65	31775.58
223.72	31943.14
223.79	32080.82
223.86	32171.88
223.94	32233.71
224.01	32267.40
224.08	32288.60
224.15	32307.54
224.22	32331.55
224.30	32356.58
224.37	32406.04
224.44	32496.39
224.51	32595.40
224.59	32719.38
224.66	32867.44
224.73	33030.96
224.80	33191.71
224.87	33377.96
224.95	33578.57
225.02	33784.82
225.09	33990.39
225.16	34183.59
225.23	34349.44
225.31	34514.96
225.38	34644.63
225.45	34770.35
225.52	34885.05
225.60	34985.99
225.67	35043.17
225.74	35081.15
225.81	35084.33
225.88	35088.70
225.96	35117.32
226.03	35196.45
226.10	35318.06
226.17	35472.22
226.24	35630.27
226.32	35788.31
226.39	35932.34
226.46	36071.40
226.53	36209.12
226.60	36354.78
226.68	36488.74
226.75	36631.34
226.82	36767.32
226.89	36907.26
226.96	37040.50
227.04	37139.67
227.11	37222.68
227.18	37304.76
227.25	37367.36
227.32	37419.52
227.40	37509.39
227.47	37572.83
227.54	37624.53
227.61	37662.71
227.68	37691.40
227.76	37691.90
227.83	37714.39
227.90	37762.99
227.97	37843.66
228.04	37954.00
228.11	38079.69
228.19	38209.52
228.26	38343.92
228.33	38468.80
228.40	38580.20
228.47	38705.30
228.55	38829.46
228.62	38934.26
228.69	39039.56
228.76	39131.33
228.83	39207.77
228.90	39285.10
228.98	39371.39
229.05	39465.30
229.12	39576.83
229.19	39696.22
229.26	39801.23
229.34	39894.65
229.41	39948.00
229.48	39988.67
229.55	40020.53
229.62	40053.98
229.69	40076.87
229.77	40110.77
229.84	40146.57
229.91	40169.42
229.98	40199.43
230.05	40245.94
230.12	40309.74
230.20	40399.14
230.27	40506.71
230.34	40620.28
230.41	40728.13
230.48	40832.05
230.55	40916.34
230.63	40993.17
230.70	41075.03
230.77	41131.73
230.84	41178.48
230.91	41216.01
230.98	41265.93
231.06	41309.05
231.13	41389.78
231.20	41478.38
231.27	41577.90
231.34	41662.81
231.41	41752.98
231.49	41812.95
231.56	41860.42
231.63	41903.67
231.70	41953.53
231.77	41981.30
231.84	42005.60
231.92	42034.14
231.99	42068.32
232.06	42098.28
232.13	42135.65
232.20	42210.51
232.27	42275.68
232.34	42335.06
232.42	42386.77
232.49	42431.73
232.56	42462.49
232.63	42515.40
232.70	42553.73
232.77	42613.92
232.85	42683.17
232.92	42745.78
232.99	42796.74
233.06	42855.84
233.13	42904.31
233.20	42938.35
233.27	42956.04
233.35	42977.97
233.42	43012.48
233.49	43031.61
233.56	43069.64
233.63	43114.78
233.70	43158.79
233.77	43192.16
233.85	43225.23
233.92	43276.20
233.99	43331.07
234.06	43370.67
234.13	43417.43
234.20	43480.28
234.27	43502.68
234.35	43528.08
234.42	43565.63
234.49	43580.08
234.56	43586.93
234.63	43604.01
234.70	43602.15
234.77	43594.73
234.84	43588.60
234.92	43581.59
234.99	43579.45
235.06	43600.72
235.13	43634.70
235.20	43673.73
235.27	43721.19
235.34	43765.28
235.41	43812.38
235.49	43849.13
235.56	43878.03
235.63	43917.98
235.70	43941.86
235.77	43949.41
235.84	43954.21
235.91	43967.66
235.98	43949.08
236.06	43945.81
236.13	43946.90
236.20	43954.82
236.27	43952.45
236.34	43962.30
236.41	43977.17
236.48	43985.16
236.55	43995.33
236.63	44006.94
236.70	44015.41
236.77	44015.58
236.84	44030.66
236.91	44041.90
236.98	44055.17
237.05	44082.73
237.12	44090.64
237.19	44094.37
237.27	44099.31
237.34	44112.25
237.41	44109.38
237.48	44111.20
237.55	44109.89
237.62	44108.56
237.69	44120.81
237.76	44135.50
237.83	44170.55
237.91	44207.97
237.98	44231.69
238.05	44248.20
238.12	44264.81
238.19	44269.81
238.26	44284.94
238.33	44302.18
238.40	44297.15
238.47	44294.47
238.54	44300.91
238.62	44290.77
238.69	44286.20
238.76	44276.32
238.83	44269.62
238.90	44264.40
238.97	44265.89
239.04	44271.83
239.11	44298.76
239.18	44318.28
239.25	44327.04
239.33	44327.68
239.40	44325.81
239.47	44308.08
239.54	44291.51
239.61	44275.71
239.68	44259.65
239.75	44249.00
239.82	44254.99
239.89	44251.32
239.96	44255.13
240.03	44258.09
240.11	44273.77
240.18	44277.09
240.25	44294.53
240.32	44313.52
240.39	44341.52
240.46	44353.60
240.53	44392.04
240.60	44435.25
240.67	44476.16
240.74	44498.10
240.81	44518.50
240.88	44531.15
240.96	44538.39
241.03	44545.38
241.10	44567.38
241.17	44586.81
241.24	44597.28
241.31	44603.21
241.38	44598.51
241.45	44579.47
241.52	44572.37
241.59	44573.19
241.66	44579.78
241.73	44591.95
241.80	44623.72
241.88	44639.99
241.95	44642.21
242.02	44647.10
242.09	44649.85
242.16	44637.84
242.23	44645.90
242.30	44664.77
242.37	44678.23
242.44	44696.30
242.51	44712.22
242.58	44720.62
242.65	44728.23
242.72	44738.65
242.79	44750.78
242.87	44781.76
242.94	44806.94
243.01	44831.74
243.08	44860.60
243.15	44884.83
243.22	44902.98
243.29	44920.89
243.36	44943.85
243.43	44972.74
243.50	45025.51
243.57	45061.70
243.64	45101.41
243.71	45141.89
243.78	45168.88
243.85	45181.12
243.92	45205.70
243.99	45211.99
244.07	45227.20
244.14	45241.48
244.21	45260.06
244.28	45287.16
244.35	45319.33
244.42	45337.74
244.49	45349.47
244.56	45357.33
244.63	45374.74
244.70	45375.79
244.77	45387.10
244.84	45424.41
244.91	45457.53
244.98	45488.10
245.05	45539.08
245.12	45590.23
245.19	45632.86
245.26	45669.18
245.33	45689.63
245.40	45730.93
245.47	45777.06
245.55	45807.93
245.62	45846.02
245.69	45896.41
245.76	45941.39
245.83	45987.85
245.90	46038.46
245.97	46077.11
246.04	46123.74
246.11	46153.55
246.18	46164.26
246.25	46180.90
246.32	46209.52
246.39	46232.31
246.46	46268.38
246.53	46317.49
246.60	46377.91
246.67	46438.33
246.74	46497.84
246.81	46562.96
246.88	46621.01
246.95	46668.43
247.02	46713.85
247.09	46757.79
247.16	46779.46
247.23	46801.75
247.30	46817.10
247.37	46829.76
247.44	46844.69
247.51	46878.49
247.58	46914.30
247.66	46963.58
247.73	47034.47
247.80	47099.44
247.87	47163.97
247.94	47240.82
248.01	47322.88
248.08	47389.93
248.15	47446.17
248.22	47497.31
248.29	47546.90
248.36	47586.24
248.43	47631.15
248.50	47684.64
248.57	47751.16
248.64	47794.51
248.71	47851.84
248.78	47911.30
248.85	47970.96
248.92	48019.90
248.99	48080.77
249.06	48121.60
249.13	48141.08
249.20	48169.92
249.27	48195.20
249.34	48220.50
249.41	48251.27
249.48	48287.40
249.55	48317.18
249.62	48363.01
249.69	48390.15
249.76	48433.77
249.83	48492.63
249.90	48565.75
249.97	48636.83
250.04	48727.93
250.11	48821.51
250.18	48906.82
250.25	48968.46
250.32	49016.76
250.39	49065.48
250.46	49097.31
250.53	49145.72
250.60	49210.36
250.67	49280.03
250.74	49349.84
250.81	49409.53
250.88	49452.99
250.95	49485.36
251.02	49517.01
251.09	49539.91
251.16	49570.09
251.23	49606.63
251.30	49652.36
251.37	49698.46
251.44	49739.86
251.51	49797.24
251.58	49849.04
251.65	49905.93
251.72	49963.47
251.79	50039.76
251.86	50088.63
251.93	50130.31
252.00	50163.26
252.07	50183.97
252.14	50205.63
252.21	50237.22
252.28	50273.98
252.35	50310.63
252.42	50376.96
252.49	50432.33
252.56	50494.80
252.63	50557.63
252.70	50613.66
252.77	50659.42
252.84	50712.29
252.91	50757.24
252.98	50801.21
253.05	50841.93
253.12	50871.46
253.19	50896.97
253.25	50932.46
253.32	50968.64
253.39	51027.17
253.46	51079.58
253.53	51132.78
253.60	51161.31
253.67	51191.43
253.74	51221.08
253.81	51259.12
253.88	51303.15
253.95	51357.56
254.02	51411.94
254.09	51453.05
254.16	51493.47
254.23	51522.47
254.30	51536.15
254.37	51568.29
254.44	51609.74
254.51	51650.60
254.58	51694.88
254.65	51754.48
254.72	51797.85
254.79	51815.93
254.86	51841.77
254.93	51853.15
255.00	51879.83
255.07	51907.80
255.14	51963.28
255.21	51999.59
255.28	52022.13
255.34	52023.87
255.41	52031.00
255.48	52023.12
255.55	52025.76
255.62	52063.10
255.69	52097.55
255.76	52123.03
255.83	52163.79
255.90	52203.37
255.97	52242.64
256.04	52287.98
256.11	52340.58
256.18	52387.16
256.25	52424.01
256.32	52463.85
256.39	52511.62
256.46	52534.97
256.53	52562.33
256.60	52612.48
256.67	52647.34
256.74	52667.22
256.80	52701.27
256.87	52715.88
256.94	52701.77
257.01	52697.21
257.08	52721.44
257.15	52737.99
257.22	52757.73
257.29	52772.25
257.36	52775.13
257.43	52742.23
257.50	52730.94
257.57	52712.39
257.64	52724.55
257.71	52744.16
257.78	52788.24
257.85	52826.32
257.92	52881.38
257.98	52933.72
258.05	52967.57
258.12	52979.81
258.19	52975.84
258.26	52945.37
258.33	52900.90
258.40	52858.02
258.47	52833.00
258.54	52836.37
258.61	52860.73
258.68	52892.28
258.75	52942.38
258.82	52996.55
258.89	53021.16
258.95	53037.64
259.02	53050.84
259.09	53048.36
259.16	53018.98
259.23	52988.31
259.30	52970.02
259.37	52953.29
259.44	52946.99
259.51	52962.67
259.58	52993.11
259.65	53017.55
259.72	53034.12
259.79	53035.49
259.85	53008.36
259.92	52973.69
259.99	52961.71
260.06	52967.56
260.13	52972.16
260.20	52988.22
260.27	52996.70
260.34	52970.93
260.41	52932.75
260.48	52915.41
260.55	52925.18
260.62	52927.04
260.68	52933.01
260.75	52925.62
260.82	52917.09
260.89	52895.62
260.96	52899.25
261.03	52899.77
261.10	52902.00
261.17	52893.26
261.24	52865.38
261.31	52827.45
261.38	52788.54
261.44	52757.37
261.51	52720.41
261.58	52702.74
261.65	52685.81
261.72	52669.83
261.79	52660.17
261.86	52658.91
261.93	52657.81
262.00	52634.11
262.07	52612.25
262.13	52587.14
262.20	52557.62
262.27	52528.79
262.34	52537.96
262.41	52542.99
262.48	52549.44
262.55	52570.71
262.62	52577.46
262.69	52562.70
262.76	52544.60
262.82	52520.49
262.89	52494.57
262.96	52480.08
263.03	52462.69
263.10	52465.88
263.17	52448.29
263.24	52418.96
263.31	52400.38
263.38	52390.45
263.44	52384.57
263.51	52389.64
263.58	52395.59
263.65	52366.17
263.72	52314.87
263.79	52237.32
263.86	52175.32
263.93	52115.64
264.00	52082.30
264.06	52074.30
264.13	52069.82
264.20	52063.81
264.27	52033.89
264.34	51991.51
264.41	51934.30
264.48	51886.97
264.55	51830.72
264.61	51775.74
264.68	51726.76
264.75	51693.49
264.82	51638.36
264.89	51599.84
264.96	51585.78
265.03	51563.04
265.10	51547.40
265.16	51549.87
265.23	51537.31
265.30	51532.40
265.37	51524.35
265.44	51494.08
265.51	51479.23
265.58	51465.58
265.65	51443.97
265.71	51441.33
265.78	51456.59
265.85	51439.56
265.92	51409.84
265.99	51353.23
266.06	51281.91
266.13	51198.91
266.20	51130.44
266.26	51073.57
266.33	51036.78
266.40	51008.58
266.47	50967.68
266.54	50914.50
266.61	50868.86
266.68	50834.22
266.74	50795.66
266.81	50754.08
266.88	50707.27
266.95	50646.03
267.02	50578.34
267.09	50525.85
267.16	50495.29
267.22	50487.05
267.29	50501.22
267.36	50523.14
267.43	50535.51
267.50	50534.01
267.57	50526.75
267.64	50496.50
267.70	50443.18
267.77	50379.98
267.84	50333.18
267.91	50290.57
267.98	50264.39
268.05	50257.36
268.11	50255.89
268.18	50229.22
268.25	50187.40
268.32	50123.55
268.39	50036.96
268.46	49930.20
268.53	49840.47
268.59	49745.75
268.66	49672.23
268.73	49621.78
268.80	49607.37
268.87	49601.78
268.94	49625.50
269.00	49650.15
269.07	49688.55
269.14	49706.39
269.21	49698.77
269.28	49671.36
269.35	49629.74
269.41	49585.63
269.48	49548.32
269.55	49524.40
269.62	49513.22
269.69	49519.43
269.76	49491.55
269.82	49454.25
269.89	49420.90
269.96	49375.57
270.03	49305.74
270.10	49261.88
270.17	49209.66
270.23	49153.95
270.30	49112.22
270.37	49099.34
270.44	49084.33
270.51	49079.86
270.58	49077.77
270.64	49071.88
270.71	49043.09
270.78	49028.71
270.85	49022.19
270.92	49027.04
270.99	49022.03
271.05	49008.91
271.12	48953.64
271.19	48896.21
271.26	48810.43
271.33	48736.84
271.39	48686.78
271.46	48641.69
271.53	48594.18
271.60	48577.92
271.67	48559.77
271.74	48529.82
271.80	48499.92
271.87	48489.99
271.94	48462.03
272.01	48420.51
272.08	48388.60
272.14	48374.33
272.21	48340.42
272.28	48308.72
272.35	48299.21
272.42	48279.32
272.48	48264.34
272.55	48266.79
272.62	48266.35
272.69	48258.81
272.76	48259.32
272.83	48242.97
272.89	48214.45
272.96	48182.59
273.03	48149.19
273.10	48122.13
273.17	48104.48
273.23	48071.25
273.30	48037.52
273.37	47986.08
273.44	47916.82
273.51	47835.61
273.57	47796.03
273.64	47765.49
273.71	47757.12
273.78	47760.79
273.85	47790.42
273.91	47807.27
273.98	47845.05
274.05	47887.65
274.12	47949.39
274.19	48003.84
274.25	48046.36
274.32	48052.95
274.39	48042.93
274.46	47991.79
274.53	47914.87
274.59	47821.79
274.66	47739.80
274.73	47668.29
274.80	47598.74
274.86	47545.63
274.93	47514.08
275.00	47485.08
275.07	47446.17
275.14	47428.28
275.20	47409.40
275.27	47382.65
275.34	47361.68
275.41	47351.12
275.48	47345.53
275.54	47358.21
275.61	47364.11
275.68	47374.62
275.75	47376.16
275.81	47355.81
275.88	47343.83
275.95	47341.86
276.02	47330.33
276.09	47318.59
276.15	47326.98
276.22	47305.95
276.29	47285.29
276.36	47238.23
276.42	47178.97
276.49	47093.37
276.56	47015.95
276.63	46936.63
276.70	46887.70
276.76	46880.52
276.83	46907.68
276.90	46933.42
276.97	46965.15
277.03	46995.33
277.10	46979.28
277.17	46936.63
277.24	46892.97
277.30	46850.29
277.37	46811.55
277.44	46809.21
277.51	46830.45
277.58	46848.01
277.64	46855.46
277.71	46845.57
277.78	46795.56
277.85	46706.82
277.91	46611.65
277.98	46525.18
278.05	46437.48
278.12	46386.43
278.18	46370.19
278.25	46374.89
278.32	46395.39
278.39	46454.34
278.45	46511.86
278.52	46583.27
278.59	46647.12
278.66	46686.26
278.72	46703.72
278.79	46678.45
278.86	46599.38
278.93	46501.07
278.99	46394.20
279.06	46274.56
279.13	46194.50
279.20	46167.14
279.26	46195.07
279.33	46246.96
279.40	46327.23
279.47	46402.69
279.53	46462.05
279.60	46456.53
279.67	46391.66
279.74	46263.07
279.80	46101.10
279.87	45949.68
279.94	45830.32
280.01	45782.85
280.07	45779.64
280.14	45811.56
280.21	45833.86
280.28	45863.26
280.34	45874.61
280.41	45885.86
280.48	45902.91
280.55	45915.25
280.61	45914.03
280.68	45913.71
280.75	45909.14
280.82	45898.23
280.88	45893.27
280.95	45876.42
281.02	45827.60
281.08	45759.84
281.15	45683.02
281.22	45594.20
281.29	45503.68
281.35	45410.39
281.42	45330.26
281.49	45228.47
281.56	45122.47
281.62	45023.63
281.69	44953.49
281.76	44884.76
281.82	44839.58
281.89	44827.22
281.96	44833.15
282.03	44842.64
282.09	44870.49
282.16	44904.90
282.23	44922.58
282.30	44946.26
282.36	44986.77
282.43	45023.87
282.50	45067.91
282.56	45096.89
282.63	45123.27
282.70	45126.86
282.77	45129.64
282.83	45142.02
282.90	45167.73
282.97	45161.63
283.03	45117.40
283.10	45026.29
283.17	44891.63
283.24	44719.85
283.30	44555.21
283.37	44440.58
283.44	44375.04
283.50	44324.43
283.57	44329.29
283.64	44335.11
283.71	44338.84
283.77	44343.28
283.84	44379.10
283.91	44398.99
283.97	44441.11
284.04	44485.72
284.11	44518.18
284.18	44544.46
284.24	44570.17
284.31	44590.88
284.38	44584.98
284.44	44584.40
284.51	44573.14
284.58	44563.32
284.64	44546.89
284.71	44528.85
284.78	44496.32
284.85	44451.26
284.91	44402.59
284.98	44353.10
285.05	44294.30
285.11	44228.77
285.18	44147.75
285.25	44046.79
285.31	43950.68
285.38	43883.82
285.45	43865.54
285.52	43882.42
285.58	43936.31
285.65	43997.92
285.72	44066.98
285.78	44129.37
285.85	44190.67
285.92	44234.84
285.98	44285.73
286.05	44337.29
286.12	44383.05
286.18	44426.12
286.25	44472.04
286.32	44513.28
286.39	44541.27
286.45	44537.42
286.52	44493.69
286.59	44416.40
286.65	44287.17
286.72	44143.48
286.79	43999.72
286.85	43889.66
286.92	43801.12
286.99	43768.11
287.05	43747.04
287.12	43766.15
287.19	43799.63
287.25	43864.04
287.32	43912.27
287.39	43970.64
287.45	44007.00
287.52	44045.87
287.59	44063.69
287.65	44103.13
287.72	44146.44
287.79	44187.55
287.86	44217.40
287.92	44252.80
287.99	44280.45
288.06	44302.62
288.12	44324.05
288.19	44346.78
288.26	44360.19
288.32	44362.94
288.39	44355.52
288.46	44337.52
288.52	44313.33
288.59	44258.95
288.66	44174.29
288.72	44064.74
288.79	43956.03
288.86	43837.80
288.92	43752.49
288.99	43714.89
289.06	43723.34
289.12	43766.28
289.19	43839.39
289.26	43943.31
289.32	44060.57
289.39	44186.65
289.45	44291.00
289.52	44374.44
289.59	44436.60
289.65	44456.31
289.72	44446.47
289.79	44437.82
289.85	44433.32
289.92	44398.41
289.99	44366.86
290.05	44327.50
290.12	44260.70
290.19	44201.64
290.25	44160.54
290.32	44145.44
290.39	44153.22
290.45	44173.21
290.52	44181.69
290.59	44181.14
290.65	44123.36
290.72	44023.97
290.79	43951.47
290.85	43908.91
290.92	43921.36
290.98	43987.32
291.05	44100.38
291.12	44216.93
291.18	44337.26
291.25	44417.99
291.32	44509.91
291.38	44593.87
291.45	44675.59
291.52	44737.55
291.58	44797.51
291.65	44813.90
291.72	44825.31
291.78	44800.88
291.85	44735.41
291.91	44662.29
291.98	44619.24
292.05	44558.99
292.11	44502.41
292.18	44449.76
292.25	44379.52
292.31	44282.67
292.38	44209.41
292.45	44160.31
292.51	44145.53
292.58	44156.40
292.64	44202.47
292.71	44246.54
292.78	44312.11
292.84	44376.24
292.91	44473.25
292.98	44564.21
293.04	44673.44
293.11	44771.37
293.17	44872.08
293.24	44956.90
293.31	45046.67
293.37	45119.88
293.44	45171.91
293.51	45216.92
293.57	45235.42
293.64	45210.44
293.70	45169.86
293.77	45085.87
293.84	44963.34
293.90	44810.15
293.97	44670.29
294.04	44546.09
294.10	44476.91
294.17	44456.36
294.23	44478.62
294.30	44505.52
294.37	44523.50
294.43	44529.13
294.50	44515.25
294.56	44500.11
294.63	44517.41
294.70	44568.25
294.76	44657.48
294.83	44780.42
294.90	44930.42
294.96	45081.76
295.03	45219.85
295.09	45350.36
295.16	45469.49
295.23	45571.31
295.29	45653.28
295.36	45719.46
295.42	45768.09
295.49	45798.56
295.56	45815.02
295.62	45812.64
295.69	45777.92
295.75	45709.66
295.82	45607.87
295.89	45467.15
295.95	45304.73
296.02	45141.75
296.08	44989.75
296.15	44858.54
296.22	44765.14
296.28	44711.87
296.35	44712.68
296.41	44766.70
296.48	44860.70
296.55	45003.63
296.61	45168.15
296.68	45339.09
296.74	45493.83
296.81	45643.87
296.88	45757.51
296.94	45860.37
297.01	45946.32
297.07	46011.68
297.14	46093.15
297.20	46173.27
297.27	46254.85
297.34	46342.38
297.40	46437.40
297.47	46496.76
297.53	46538.37
297.60	46550.18
297.67	46525.64
297.73	46459.19
297.80	46332.72
297.86	46158.27
297.93	45946.74
298.00	45715.95
298.06	45507.59
298.13	45376.76
298.19	45307.18
298.26	45297.40
298.32	45357.59
298.39	45431.99
298.46	45499.67
298.52	45588.37
298.59	45700.60
298.65	45808.06
298.72	45938.83
298.78	46088.29
298.85	46227.07
298.92	46364.04
298.98	46493.95
299.05	46611.36
299.11	46712.76
299.18	46807.57
299.24	46878.55
299.31	46933.54
299.38	46984.29
299.44	47012.07
299.51	47054.22
299.57	47078.19
299.64	47099.06
299.70	47106.48
299.77	47088.76
299.84	47007.20
299.90	46854.47
299.97	46608.05
300.03	46291.58
300.10	45975.22
300.16	45714.81
300.23	45561.41
300.30	45542.47
300.36	45633.62
300.43	45808.76
300.49	45995.37
300.56	46175.45
300.62	46355.09
300.69	46522.15
300.75	46660.47
300.82	46792.18
300.89	46918.81
300.95	47023.55
301.02	47103.40
301.08	47183.03
301.15	47257.83
301.21	47320.12
301.28	47377.82
301.34	47440.57
301.41	47489.65
301.48	47518.91
301.54	47535.03
301.61	47536.24
301.67	47533.75
301.74	47498.94
301.80	47435.57
301.87	47327.94
301.93	47165.57
302.00	46945.75
302.06	46695.97
302.13	46451.17
302.20	46258.51
302.26	46127.69
302.33	46076.73
302.39	46100.26
302.46	46166.74
302.52	46261.79
302.59	46375.08
302.65	46507.95
302.72	46638.40
302.78	46780.75
302.85	46913.60
302.91	47031.59
302.98	47116.77
303.05	47192.20
303.11	47260.51
303.18	47316.62
303.24	47370.10
303.31	47417.52
303.37	47457.07
303.44	47487.60
303.50	47497.13
303.57	47489.89
303.63	47474.50
303.70	47452.22
303.76	47413.16
303.83	47378.56
303.89	47332.38
303.96	47265.49
304.03	47162.47
304.09	47009.57
304.16	46801.25
304.22	46551.50
304.29	46314.78
304.35	46124.81
304.42	46004.45
304.48	45974.97
304.55	46034.47
304.61	46118.39
304.68	46219.33
304.74	46334.98
304.81	46445.79
304.87	46526.73
304.94	46624.58
305.00	46708.29
305.07	46761.09
305.13	46789.04
305.20	46820.64
305.26	46833.09
305.33	46842.09
305.39	46855.38
305.46	46863.11
305.52	46869.52
305.59	46873.20
305.66	46854.69
305.72	46832.40
305.79	46806.28
305.85	46763.78
305.92	46674.61
305.98	46544.31
306.05	46360.68
306.11	46141.72
306.18	45908.23
306.24	45692.81
306.31	45509.23
306.37	45333.03
306.44	45190.26
306.50	45055.94
306.57	44971.19
306.63	44976.06
306.70	45050.72
306.76	45170.55
306.83	45324.16
306.89	45465.70
306.96	45558.56
307.02	45627.78
307.09	45678.86
307.15	45721.57
307.22	45742.67
307.28	45750.01
307.35	45753.29
307.41	45741.44
307.48	45724.17
307.54	45703.94
307.61	45669.05
307.67	45636.19
307.74	45595.97
307.80	45554.08
307.87	45520.08
307.93	45481.54
308.00	45431.95
308.06	45383.44
308.13	45308.04
308.19	45218.83
308.26	45139.48
308.32	45059.87
308.38	44970.22
308.45	44870.91
308.51	44768.91
308.58	44629.04
308.64	44476.62
308.71	44342.52
308.77	44251.37
308.84	44176.63
308.90	44156.33
308.97	44177.06
309.03	44207.76
309.10	44228.10
309.16	44249.60
309.23	44255.68
309.29	44254.26
309.36	44230.17
309.42	44211.19
309.49	44191.29
309.55	44173.20
309.62	44131.90
309.68	44101.09
309.75	44051.91
309.81	43993.31
309.88	43936.84
309.94	43878.96
310.00	43811.94
310.07	43757.49
310.13	43700.25
310.20	43627.50
310.26	43560.46
310.33	43497.25
310.39	43437.02
310.46	43374.05
310.52	43300.27
310.59	43215.53
310.65	43117.19
310.72	42994.67
310.78	42880.14
310.85	42795.90
310.91	42744.24
310.97	42705.83
311.04	42693.46
311.10	42680.05
311.17	42657.69
311.23	42616.26
311.30	42587.94
311.36	42562.17
311.43	42545.20
311.49	42530.48
311.56	42522.30
311.62	42498.57
311.69	42480.37
311.75	42456.51
311.81	42419.53
311.88	42370.65
311.94	42326.10
312.01	42262.10
312.07	42199.81
312.14	42153.27
312.20	42110.10
312.27	42066.52
312.33	42019.77
312.40	41967.18
312.46	41897.09
312.52	41830.88
312.59	41765.87
312.65	41700.65
312.72	41621.70
312.78	41542.67
312.85	41458.89
312.91	41366.85
312.98	41283.69
313.04	41209.56
313.10	41130.19
313.17	41056.30
313.23	40992.63
313.30	40933.27
313.36	40877.17
313.43	40850.31
313.49	40832.18
313.56	40805.63
313.62	40776.58
313.68	40750.04
313.75	40720.47
313.81	40679.03
313.88	40635.71
313.94	40589.91
314.01	40548.17
314.07	40505.96
314.13	40472.27
314.20	40433.74
314.26	40402.91
314.33	40358.04
314.39	40310.81
314.46	40236.44
314.52	40181.32
314.58	40112.91
314.65	40049.88
314.71	39970.33
314.78	39911.44
314.84	39845.99
314.91	39790.06
314.97	39726.28
315.03	39673.18
315.10	39628.46
315.16	39573.19
315.23	39517.37
315.29	39473.23
315.36	39421.17
315.42	39359.27
315.48	39306.91
315.55	39251.38
315.61	39195.93
315.68	39145.20
315.74	39083.61
315.81	39025.87
315.87	38979.77
315.93	38948.74
316.00	38931.21
316.06	38929.81
316.13	38929.12
316.19	38895.74
316.25	38817.76
316.32	38694.71
316.38	38533.39
316.45	38323.67
316.51	38100.70
316.58	37865.58
316.64	37619.33
316.70	37378.34
316.77	37132.58
316.83	36883.10
316.90	36639.01
316.96	36393.02
317.02	36133.72
317.09	35891.88
317.15	35642.56
317.22	35379.26
317.28	35112.79
317.34	34855.31
317.41	34580.24
317.47	34326.04
317.54	34072.90
317.60	33838.46
317.66	33595.29
317.73	33355.80
317.79	33089.20
317.86	32830.48
317.92	32565.29
317.98	32280.50
318.05	32000.06
318.11	31724.12
318.18	31457.78
318.24	31179.42
318.30	30915.09
318.37	30637.86
318.43	30362.74
318.50	30079.96
318.56	29794.78
318.62	29519.22
318.69	29254.99
318.75	28983.68
318.82	28699.91
318.88	28427.51
318.94	28147.17
319.01	27866.56
319.07	27590.76
319.13	27317.78
319.20	27044.24
319.26	26769.67
319.33	26482.32
319.39	26186.66
319.45	25906.64
319.52	25629.46
319.58	25349.50
319.65	25074.17
319.71	24799.08
319.77	24512.62
319.84	24228.45
319.90	23942.90
319.96	23657.64
320.03	23374.26
320.09	23095.54
320.16	22800.11
320.22	22515.78
320.28	22226.68
320.35	21946.60
320.41	21660.67
320.47	21384.60
320.54	21102.56
320.60	20824.79
320.67	20551.10
320.73	20278.89
320.79	20006.45
320.86	19725.59
320.92	19439.29
320.98	19145.57
321.05	18847.88
321.11	18546.73
321.18	18250.56
321.24	17975.53
321.30	17687.20
321.37	17418.60
321.43	17145.37
321.49	16872.16
321.56	16591.54
321.62	16335.87
321.68	16061.09
321.75	15788.49
321.81	15512.83
321.88	15230.84
321.94	14934.51
322.00	14643.95
322.07	14357.06
322.13	14076.54
322.19	13800.16
322.26	13523.42
322.32	13248.28
322.38	12977.99
322.45	12703.71
322.51	12425.22
322.58	12167.57
322.64	11892.56
322.70	11617.51
322.77	11347.42
322.83	11087.17
322.89	10807.32
322.96	10541.57
323.02	10274.21
323.08	10009.62
323.15	9742.26
323.21	9483.93
323.27	9222.21
323.34	8967.51
323.40	8714.57
323.46	8460.23
323.53	8098.57
323.59	6994.27
323.65	5410.04
323.72	3749.68
323.78	2142.03
323.85	692.06
323.91	41.67
323.97	-81.91
324.04	-82.46
