180.21	3364.65
180.28	-114.55
180.36	624.79
180.44	-42.22
180.51	-13.89
180.59	7.61
180.66	33.48
180.74	29.84
180.81	28.14
180.89	30.18
180.97	30.98
181.04	28.67
181.12	27.56
181.19	27.83
181.27	27.93
181.34	45.63
181.42	52.71
181.50	60.30
181.57	71.92
181.65	77.32
181.72	70.58
181.80	65.49
181.87	65.54
181.95	65.62
182.03	65.18
182.10	68.09
182.18	70.45
182.25	76.63
182.33	75.49
182.40	82.26
182.48	77.56
182.55	88.75
182.63	91.38
182.71	93.68
182.78	94.46
182.86	100.86
182.93	98.09
183.01	100.59
183.08	101.69
183.16	106.53
183.23	102.29
183.31	109.25
183.39	108.88
183.46	118.96
183.54	114.86
183.61	122.79
183.69	124.22
183.76	135.10
183.84	135.03
183.91	137.92
183.99	146.93
184.06	148.60
184.14	150.76
184.22	154.87
184.29	157.62
184.37	156.46
184.44	151.27
184.52	140.15
184.59	137.28
184.67	142.34
184.74	138.17
184.82	150.86
184.89	164.33
184.97	173.96
185.04	183.39
185.12	192.80
185.20	202.26
185.27	211.95
185.35	222.90
185.42	222.58
185.50	236.42
185.57	238.55
185.65	244.90
185.72	245.48
185.80	255.61
185.87	254.61
185.95	254.67
186.02	258.14
186.10	258.98
186.17	259.51
186.25	260.58
186.33	251.70
186.40	242.40
186.48	242.99
186.55	246.74
186.63	249.36
186.70	279.32
186.78	299.80
186.85	321.19
186.93	336.84
187.00	356.92
187.08	358.79
187.15	373.31
187.23	383.27
187.30	396.02
187.38	410.88
187.45	432.47
187.53	448.33
187.60	456.87
187.68	468.19
187.75	481.52
187.83	489.54
187.90	486.49
187.98	486.35
188.05	485.14
188.13	466.14
188.21	441.11
188.28	437.40
188.36	433.59
188.43	435.59
188.51	455.04
188.58	490.49
188.66	506.18
188.73	531.82
188.81	563.02
188.88	582.11
188.96	599.88
189.03	630.56
189.11	656.30
189.18	671.66
189.26	691.51
189.33	715.94
189.41	741.64
189.48	760.93
189.56	779.96
189.63	801.11
189.71	801.34
189.78	786.08
189.86	770.78
189.93	756.34
190.01	730.31
190.08	713.62
190.16	698.53
190.23	679.20
190.31	672.05
190.38	672.99
190.46	685.14
190.53	713.06
190.61	760.11
190.68	792.07
190.76	841.85
190.83	881.59
190.91	911.40
190.98	930.84
191.06	961.15
191.13	977.55
191.21	993.95
191.28	1005.56
191.35	1018.79
191.43	1023.05
191.50	1022.09
191.58	1027.21
191.65	1039.53
191.73	1047.98
191.80	1058.29
191.88	1065.23
191.95	1067.18
192.03	1067.25
192.10	1070.78
192.18	1076.23
192.25	1086.00
192.33	1089.58
192.40	1084.88
192.48	1080.87
192.55	1078.23
192.63	1073.91
192.70	1080.08
192.78	1099.94
192.85	1125.97
192.93	1146.83
193.00	1160.34
193.08	1164.51
193.15	1167.40
193.22	1169.40
193.30	1179.97
193.37	1215.95
193.45	1249.42
193.52	1292.76
193.60	1340.34
193.67	1377.17
193.75	1400.03
193.82	1431.44
193.90	1444.92
193.97	1450.00
194.05	1449.71
194.12	1442.29
194.20	1430.86
194.27	1416.28
194.34	1387.56
194.42	1362.89
194.49	1349.31
194.57	1338.11
194.64	1325.45
194.72	1321.39
194.79	1324.21
194.87	1337.64
194.94	1369.23
195.02	1417.00
195.09	1474.04
195.17	1539.29
195.24	1590.01
195.31	1628.24
195.39	1656.81
195.46	1675.42
195.54	1684.40
195.61	1688.70
195.69	1676.84
195.76	1655.42
195.84	1626.02
195.91	1574.31
195.99	1514.36
196.06	1462.08
196.13	1433.32
196.21	1429.37
196.28	1456.97
196.36	1516.28
196.43	1588.74
196.51	1657.49
196.58	1722.54
196.66	1778.31
196.73	1812.56
196.80	1835.11
196.88	1849.44
196.95	1855.20
197.03	1854.54
197.10	1839.88
197.18	1818.39
197.25	1781.86
197.33	1732.61
197.40	1680.20
197.47	1626.72
197.55	1587.38
197.62	1565.60
197.70	1568.09
197.77	1591.61
197.85	1643.14
197.92	1704.19
197.99	1777.83
198.07	1855.52
198.14	1922.47
198.22	1990.03
198.29	2037.60
198.37	2070.83
198.44	2090.86
198.51	2100.23
198.59	2088.14
198.66	2072.54
198.74	2039.44
198.81	1976.96
198.89	1899.02
198.96	1825.33
199.03	1753.49
199.11	1702.81
199.18	1687.65
199.26	1714.04
199.33	1769.25
199.41	1853.24
199.48	1939.74
199.55	2032.47
199.63	2107.68
199.70	2175.96
199.78	2223.80
199.85	2271.68
199.93	2299.55
200.00	2327.36
200.07	2330.11
200.15	2320.29
200.22	2288.11
200.30	2231.44
200.37	2148.19
200.44	2043.32
200.52	1947.55
200.59	1883.89
200.67	1862.68
200.74	1880.71
200.81	1946.66
200.89	2029.72
200.96	2116.27
201.04	2197.61
201.11	2287.92
201.19	2371.95
201.26	2447.00
201.33	2506.96
201.41	2559.98
201.48	2589.51
201.56	2599.41
201.63	2603.34
201.70	2575.20
201.78	2523.36
201.85	2448.53
201.93	2358.50
202.00	2265.66
202.07	2197.58
202.15	2139.28
202.22	2115.93
202.30	2142.56
202.37	2196.22
202.44	2282.24
202.52	2401.06
202.59	2528.75
202.67	2641.59
202.74	2739.88
202.81	2815.44
202.89	2881.24
202.96	2945.56
203.04	3000.98
203.11	3037.39
203.18	3061.42
203.26	3048.81
203.33	2993.50
203.41	2901.27
203.48	2785.01
203.55	2626.40
203.63	2490.42
203.70	2404.27
203.77	2383.68
203.85	2429.68
203.92	2545.34
204.00	2702.49
204.07	2854.19
204.14	2994.56
204.22	3119.27
204.29	3243.16
204.37	3342.93
204.44	3431.02
204.51	3504.38
204.59	3555.53
204.66	3571.72
204.73	3571.69
204.81	3544.46
204.88	3487.43
204.96	3395.70
205.03	3272.55
205.10	3131.02
205.18	3013.69
205.25	2922.71
205.32	2879.42
205.40	2903.14
205.47	2986.50
205.55	3103.69
205.62	3257.95
205.69	3442.27
205.77	3626.26
205.84	3793.45
205.91	3940.11
205.99	4068.33
206.06	4165.09
206.14	4250.30
206.21	4333.97
206.28	4393.65
206.36	4427.42
206.43	4430.53
206.50	4392.71
206.58	4290.13
206.65	4134.62
206.72	3927.62
206.80	3712.57
206.87	3537.06
206.95	3452.70
207.02	3483.86
207.09	3618.10
207.17	3835.35
207.24	4078.26
207.31	4314.16
207.39	4526.79
207.46	4720.99
207.53	4889.79
207.61	5046.17
207.68	5183.46
207.75	5311.78
207.83	5420.63
207.90	5500.24
207.98	5536.22
208.05	5535.31
208.12	5472.56
208.20	5352.75
208.27	5178.69
208.34	4968.06
208.42	4743.84
208.49	4578.73
208.56	4491.00
208.64	4506.51
208.71	4619.31
208.78	4800.06
208.86	5014.79
208.93	5249.64
209.00	5487.24
209.08	5720.97
209.15	5958.11
209.22	6181.08
209.30	6380.61
209.37	6552.04
209.44	6710.69
209.52	6843.93
209.59	6933.39
209.67	6992.88
209.74	7007.95
209.81	6962.58
209.89	6843.59
209.96	6659.71
210.03	6421.84
210.11	6181.62
210.18	5974.75
210.25	5846.28
210.33	5839.79
210.40	5956.77
210.47	6166.13
210.55	6440.76
210.62	6746.57
210.69	7047.24
210.77	7336.54
210.84	7600.55
210.91	7853.33
210.99	8075.27
211.06	8285.72
211.13	8476.69
211.21	8652.21
211.28	8789.13
211.35	8897.07
211.42	8939.57
211.50	8904.55
211.57	8784.41
211.64	8580.76
211.72	8306.93
211.79	8006.47
211.86	7784.11
211.94	7702.88
212.01	7766.28
212.08	7973.87
212.16	8288.81
212.23	8617.99
212.30	8914.27
212.38	9178.94
212.45	9420.52
212.52	9641.65
212.60	9854.28
212.67	10064.70
212.74	10285.79
212.82	10500.21
212.89	10718.92
212.96	10915.94
213.03	11067.91
213.11	11154.24
213.18	11165.36
213.25	11093.91
213.33	10937.25
213.40	10716.24
213.47	10498.35
213.55	10332.80
213.62	10247.90
213.69	10282.10
213.77	10444.45
213.84	10693.14
213.91	10994.95
213.98	11302.37
214.06	11596.61
214.13	11867.79
214.20	12090.01
214.28	12312.89
214.35	12547.26
214.42	12804.69
214.50	13070.45
214.57	13345.65
214.64	13593.77
214.72	13802.94
214.79	13956.58
214.86	14048.63
214.93	14070.39
215.01	14005.03
215.08	13844.39
215.15	13599.30
215.23	13307.89
215.30	13084.09
215.37	12986.19
215.44	13086.88
215.52	13349.32
215.59	13741.18
215.66	14168.63
215.74	14567.24
215.81	14898.91
215.88	15208.58
215.95	15496.91
216.03	15777.30
216.10	16055.04
216.17	16311.60
216.25	16541.20
216.32	16750.26
216.39	16906.06
216.46	17042.72
216.54	17156.33
216.61	17231.62
216.68	17243.20
216.76	17204.16
216.83	17077.31
216.90	16876.57
216.97	16664.58
217.05	16521.96
217.12	16496.42
217.19	16612.83
217.27	16876.99
217.34	17249.31
217.41	17659.68
217.48	18069.35
217.56	18465.26
217.63	18831.92
217.70	19152.96
217.78	19437.61
217.85	19686.28
217.92	19891.92
217.99	20084.55
218.07	20259.89
218.14	20426.37
218.21	20596.84
218.28	20772.13
218.36	20925.83
218.43	21041.48
218.50	21095.50
218.57	21053.43
218.65	20909.44
218.72	20672.65
218.79	20423.35
218.87	20251.73
218.94	20208.79
219.01	20348.68
219.08	20663.90
219.16	21085.32
219.23	21533.19
219.30	21963.68
219.37	22338.26
219.45	22670.99
219.52	22971.45
219.59	23241.40
219.66	23501.44
219.74	23752.04
219.81	24000.59
219.88	24233.56
219.95	24458.31
220.03	24675.66
220.10	24868.53
220.17	25009.27
220.24	25099.90
220.32	25122.26
220.39	25050.47
220.46	24891.59
220.53	24691.93
220.61	24491.42
220.68	24372.86
220.75	24383.01
220.82	24544.33
220.90	24818.51
220.97	25159.29
221.04	25498.96
221.11	25812.89
221.19	26100.36
221.26	26365.65
221.33	26631.23
221.40	26899.70
221.48	27173.63
221.55	27428.63
221.62	27666.71
221.69	27899.24
221.77	28131.59
221.84	28332.61
221.91	28506.85
221.98	28660.74
222.06	28777.97
222.13	28833.87
222.20	28836.11
222.27	28819.39
222.35	28766.06
222.42	28701.68
222.49	28670.52
222.56	28704.45
222.63	28786.03
222.71	28924.94
222.78	29098.49
222.85	29290.40
222.92	29492.78
223.00	29692.48
223.07	29902.63
223.14	30127.44
223.21	30348.76
223.29	30582.67
223.36	30828.43
223.43	31074.03
223.50	31306.34
223.57	31532.23
223.65	31721.49
223.72	31877.94
223.79	32003.07
223.86	32078.27
223.94	32131.62
224.01	32179.10
224.08	32213.40
224.15	32234.96
224.22	32278.04
224.30	32313.98
224.37	32362.49
224.44	32440.99
224.51	32542.45
224.59	32654.57
224.66	32801.32
224.73	32966.69
224.80	33127.02
224.87	33305.82
224.95	33507.07
225.02	33713.25
225.09	33897.86
225.16	34081.98
225.23	34261.37
225.31	34425.61
225.38	34564.06
225.45	34697.18
225.52	34819.60
225.60	34902.19
225.67	34958.68
225.74	34979.53
225.81	34984.46
225.88	34988.60
225.96	35035.28
226.03	35108.82
226.10	35230.42
226.17	35373.22
226.24	35522.79
226.32	35661.75
226.39	35810.65
226.46	35950.94
226.53	36103.99
226.60	36264.26
226.68	36407.32
226.75	36549.58
226.82	36694.68
226.89	36821.00
226.96	36936.46
227.04	37032.07
227.11	37104.05
227.18	37177.58
227.25	37244.10
227.32	37312.35
227.40	37398.81
227.47	37477.47
227.54	37534.05
227.61	37578.25
227.68	37602.45
227.76	37612.65
227.83	37642.90
227.90	37700.22
227.97	37781.21
228.04	37875.83
228.11	38000.09
228.19	38121.13
228.26	38240.40
228.33	38357.07
228.40	38482.47
228.47	38595.44
228.55	38710.66
228.62	38820.13
228.69	38930.53
228.76	39015.32
228.83	39094.42
228.90	39170.97
228.98	39252.63
229.05	39337.86
229.12	39446.33
229.19	39563.08
229.26	39666.49
229.34	39756.27
229.41	39829.21
229.48	39888.49
229.55	39931.23
229.62	39977.97
229.69	40009.05
229.77	40024.87
229.84	40051.29
229.91	40078.51
229.98	40104.14
230.05	40151.29
230.12	40221.94
230.20	40299.18
230.27	40404.56
230.34	40511.12
230.41	40615.23
230.48	40724.62
230.55	40823.00
230.63	40899.53
230.70	40968.07
230.77	41031.39
230.84	41074.42
230.91	41110.44
230.98	41145.87
231.06	41199.66
231.13	41275.01
231.20	41370.94
231.27	41464.94
231.34	41559.41
231.41	41647.87
231.49	41707.49
231.56	41757.72
231.63	41803.86
231.70	41851.47
231.77	41884.39
231.84	41919.37
231.92	41936.83
231.99	41975.59
232.06	42009.59
232.13	42052.27
232.20	42112.47
232.27	42193.11
232.34	42254.52
232.42	42304.77
232.49	42360.45
232.56	42398.16
232.63	42441.57
232.70	42490.62
232.77	42554.37
232.85	42619.93
232.92	42688.54
232.99	42742.21
233.06	42785.90
233.13	42832.74
233.20	42859.53
233.27	42872.92
233.35	42890.81
233.42	42905.35
233.49	42918.96
233.56	42953.46
233.63	42996.44
233.70	43039.33
233.77	43099.39
233.85	43147.19
233.92	43197.96
233.99	43247.29
234.06	43288.93
234.13	43328.89
234.20	43381.69
234.27	43415.05
234.35	43431.40
234.42	43454.48
234.49	43466.88
234.56	43469.80
234.63	43471.13
234.70	43492.75
234.77	43497.79
234.84	43507.00
234.92	43508.75
234.99	43518.44
235.06	43528.69
235.13	43550.94
235.20	43580.60
235.27	43629.31
235.34	43667.76
235.41	43719.12
235.49	43765.81
235.56	43802.08
235.63	43827.30
235.70	43859.98
235.77	43870.41
235.84	43890.70
235.91	43899.52
235.98	43891.53
236.06	43885.18
236.13	43878.39
236.20	43868.88
236.27	43848.55
236.34	43857.05
236.41	43860.16
236.48	43872.07
236.55	43882.11
236.63	43903.44
236.70	43911.79
236.77	43922.34
236.84	43946.74
236.91	43961.45
236.98	43990.02
237.05	44010.00
237.12	44036.32
237.19	44040.40
237.27	44045.05
237.34	44047.96
237.41	44051.09
237.48	44035.87
237.55	44026.09
237.62	44022.82
237.69	44033.97
237.76	44056.33
237.83	44091.60
237.91	44116.20
237.98	44151.10
238.05	44162.95
238.12	44163.24
238.19	44157.12
238.26	44181.19
238.33	44185.34
238.40	44176.12
238.47	44180.80
238.54	44201.86
238.62	44205.91
238.69	44195.49
238.76	44194.01
238.83	44193.85
238.90	44187.14
238.97	44182.21
239.04	44200.28
239.11	44230.59
239.18	44257.97
239.25	44271.64
239.33	44280.83
239.40	44280.56
239.47	44263.74
239.54	44238.44
239.61	44213.99
239.68	44193.00
239.75	44179.66
239.82	44181.55
239.89	44176.74
239.96	44188.68
240.03	44199.03
240.11	44220.64
240.18	44231.42
240.25	44256.79
240.32	44269.38
240.39	44284.71
240.46	44300.81
240.53	44335.24
240.60	44374.95
240.67	44409.36
240.74	44440.68
240.81	44459.46
240.88	44457.93
240.96	44451.72
241.03	44467.70
241.10	44473.95
241.17	44474.17
241.24	44488.65
241.31	44503.45
241.38	44488.61
241.45	44479.83
241.52	44485.91
241.59	44477.94
241.66	44472.69
241.73	44495.26
241.80	44525.93
241.88	44554.71
241.95	44579.57
242.02	44600.80
242.09	44599.91
242.16	44589.92
242.23	44585.94
242.30	44598.29
242.37	44601.10
242.44	44628.10
242.51	44640.59
242.58	44658.57
242.65	44667.77
242.72	44677.00
242.79	44681.30
242.87	44707.46
242.94	44724.57
243.01	44755.70
243.08	44793.86
243.15	44808.19
243.22	44817.19
243.29	44837.23
243.36	44854.01
243.43	44882.84
243.50	44929.55
243.57	44987.26
243.64	45023.09
243.71	45064.59
243.78	45075.91
243.85	45088.64
243.92	45102.07
243.99	45119.68
244.07	45134.78
244.14	45156.28
244.21	45183.55
244.28	45194.86
244.35	45216.35
244.42	45237.49
244.49	45262.98
244.56	45284.20
244.63	45318.10
244.70	45320.78
244.77	45328.50
244.84	45360.43
244.91	45400.84
244.98	45436.78
245.05	45490.07
245.12	45539.53
245.19	45569.18
245.26	45598.41
245.33	45638.92
245.40	45691.84
245.47	45750.07
245.55	45804.56
245.62	45841.35
245.69	45869.75
245.76	45912.99
245.83	45947.69
245.90	46003.00
245.97	46056.56
246.04	46109.84
246.11	46134.19
246.18	46140.63
246.25	46136.32
246.32	46135.50
246.39	46141.18
246.46	46169.73
246.53	46231.29
246.60	46305.57
246.67	46387.97
246.74	46460.50
246.81	46536.03
246.88	46592.92
246.95	46630.25
247.02	46662.90
247.09	46697.98
247.16	46708.48
247.23	46722.48
247.30	46740.54
247.37	46756.77
247.44	46785.22
247.51	46820.96
247.58	46859.57
247.66	46913.91
247.73	46984.04
247.80	47049.83
247.87	47120.25
247.94	47197.48
248.01	47280.82
248.08	47341.87
248.15	47393.07
248.22	47440.16
248.29	47501.80
248.36	47532.77
248.43	47582.00
248.50	47636.78
248.57	47698.70
248.64	47743.08
248.71	47808.64
248.78	47877.49
248.85	47943.55
248.92	48001.79
248.99	48050.06
249.06	48090.12
249.13	48117.96
249.20	48143.10
249.27	48172.68
249.34	48199.52
249.41	48224.65
249.48	48257.35
249.55	48289.19
249.62	48323.37
249.69	48357.50
249.76	48400.95
249.83	48433.34
249.90	48491.47
249.97	48563.65
250.04	48650.73
250.11	48748.26
250.18	48842.33
250.25	48913.64
250.32	48966.94
250.39	49020.87
250.46	49059.17
250.53	49114.50
250.60	49185.16
250.67	49257.61
250.74	49332.01
250.81	49380.60
250.88	49425.09
250.95	49456.06
251.02	49482.57
251.09	49498.45
251.16	49542.89
251.23	49584.73
251.30	49625.54
251.37	49674.37
251.44	49718.93
251.51	49777.54
251.58	49840.67
251.65	49902.22
251.72	49956.67
251.79	50025.02
251.86	50070.05
251.93	50107.15
252.00	50139.39
252.07	50156.24
252.14	50179.00
252.21	50213.36
252.28	50247.79
252.35	50294.22
252.42	50368.07
252.49	50431.59
252.56	50480.31
252.63	50532.11
252.70	50581.13
252.77	50626.33
252.84	50673.24
252.91	50720.96
252.98	50771.74
253.05	50816.43
253.12	50865.29
253.19	50901.45
253.25	50950.26
253.32	50993.86
253.39	51040.27
253.46	51072.24
253.53	51119.77
253.60	51146.70
253.67	51165.29
253.74	51196.08
253.81	51241.48
253.88	51287.05
253.95	51341.56
254.02	51399.22
254.09	51445.93
254.16	51484.63
254.23	51500.48
254.30	51525.81
254.37	51564.37
254.44	51604.04
254.51	51647.84
254.58	51698.07
254.65	51745.78
254.72	51773.70
254.79	51790.11
254.86	51806.69
254.93	51811.99
255.00	51832.02
255.07	51865.19
255.14	51919.22
255.21	51947.93
255.28	51979.54
255.34	51975.09
255.41	51978.36
255.48	51972.97
255.55	51996.48
255.62	52031.98
255.69	52081.94
255.76	52117.76
255.83	52162.15
255.90	52193.26
255.97	52244.03
256.04	52281.29
256.11	52330.40
256.18	52370.30
256.25	52425.00
256.32	52453.40
256.39	52495.98
256.46	52529.61
256.53	52569.52
256.60	52596.90
256.67	52639.37
256.74	52663.21
256.80	52691.82
256.87	52696.67
256.94	52698.94
257.01	52702.71
257.08	52730.64
257.15	52757.55
257.22	52789.19
257.29	52793.78
257.36	52770.82
257.43	52729.68
257.50	52707.01
257.57	52683.21
257.64	52694.22
257.71	52732.80
257.78	52793.72
257.85	52827.96
257.92	52886.37
257.98	52933.05
258.05	52967.81
258.12	52974.68
258.19	52978.88
258.26	52947.10
258.33	52904.11
258.40	52869.34
258.47	52852.35
258.54	52846.11
258.61	52873.69
258.68	52924.20
258.75	52964.40
258.82	53009.61
258.89	53036.04
258.95	53045.98
259.02	53049.27
259.09	53055.31
259.16	53035.64
259.23	53019.99
259.30	53003.56
259.37	52984.67
259.44	52970.49
259.51	52992.31
259.58	53020.78
259.65	53041.69
259.72	53056.72
259.79	53044.70
259.85	53014.98
259.92	52984.30
259.99	52978.34
260.06	52982.79
260.13	52996.85
260.20	53002.30
260.27	53000.61
260.34	52979.99
260.41	52951.47
260.48	52938.15
260.55	52953.50
260.62	52961.06
260.68	52954.37
260.75	52947.29
260.82	52944.62
260.89	52927.20
260.96	52929.19
261.03	52939.78
261.10	52950.02
261.17	52939.87
261.24	52906.10
261.31	52861.37
261.38	52822.75
261.44	52775.86
261.51	52733.90
261.58	52715.70
261.65	52700.38
261.72	52689.84
261.79	52688.05
261.86	52691.74
261.93	52683.29
262.00	52667.43
262.07	52649.43
262.13	52622.03
262.20	52601.31
262.27	52581.12
262.34	52575.81
262.41	52576.20
262.48	52580.92
262.55	52587.85
262.62	52599.93
262.69	52586.71
262.76	52563.39
262.82	52541.72
262.89	52511.68
262.96	52483.36
263.03	52478.17
263.10	52470.77
263.17	52455.13
263.24	52440.09
263.31	52427.55
263.38	52415.85
263.44	52419.90
263.51	52430.51
263.58	52423.91
263.65	52397.04
263.72	52346.46
263.79	52270.05
263.86	52197.42
263.93	52145.62
264.00	52110.04
264.06	52109.23
264.13	52103.57
264.20	52095.82
264.27	52057.01
264.34	52012.54
264.41	51948.38
264.48	51901.35
264.55	51848.25
264.61	51795.37
264.68	51752.41
264.75	51725.61
264.82	51671.03
264.89	51637.02
264.96	51631.30
265.03	51613.24
265.10	51591.77
265.16	51597.06
265.23	51582.08
265.30	51569.30
265.37	51538.04
265.44	51503.55
265.51	51474.00
265.58	51448.68
265.65	51427.40
265.71	51436.44
265.78	51441.63
265.85	51423.18
265.92	51394.94
265.99	51338.31
266.06	51275.00
266.13	51196.91
266.20	51150.68
266.26	51105.50
266.33	51078.89
266.40	51047.30
266.47	51012.68
266.54	50959.94
266.61	50922.76
266.68	50883.71
266.74	50847.28
266.81	50813.30
266.88	50756.88
266.95	50682.54
267.02	50609.23
267.09	50546.12
267.16	50502.85
267.22	50494.84
267.29	50508.70
267.36	50534.90
267.43	50558.19
267.50	50565.87
267.57	50551.99
267.64	50526.91
267.70	50475.13
267.77	50408.65
267.84	50357.56
267.91	50314.63
267.98	50293.72
268.05	50296.66
268.11	50299.97
268.18	50282.66
268.25	50243.43
268.32	50163.75
268.39	50075.08
268.46	49966.40
268.53	49862.02
268.59	49785.24
268.66	49724.66
268.73	49677.16
268.80	49660.94
268.87	49672.74
268.94	49690.08
269.00	49713.74
269.07	49744.96
269.14	49773.13
269.21	49757.81
269.28	49732.70
269.35	49688.18
269.41	49631.05
269.48	49568.19
269.55	49540.05
269.62	49520.85
269.69	49518.62
269.76	49492.25
269.82	49453.42
269.89	49420.28
269.96	49376.48
270.03	49329.53
270.10	49273.52
270.17	49229.18
270.23	49175.81
270.30	49129.50
270.37	49099.92
270.44	49102.34
270.51	49096.92
270.58	49098.95
270.64	49098.39
270.71	49083.90
270.78	49074.81
270.85	49085.10
270.92	49077.07
270.99	49060.91
271.05	49036.45
271.12	48982.72
271.19	48915.21
271.26	48837.29
271.33	48778.02
271.39	48740.17
271.46	48687.68
271.53	48643.35
271.60	48625.06
271.67	48600.61
271.74	48564.08
271.80	48555.28
271.87	48543.67
271.94	48517.95
272.01	48477.27
272.08	48434.65
272.14	48395.70
272.21	48358.18
272.28	48329.67
272.35	48318.14
272.42	48311.25
272.48	48306.91
272.55	48313.68
272.62	48306.85
272.69	48293.60
272.76	48284.90
272.83	48269.31
272.89	48241.49
272.96	48211.68
273.03	48188.82
273.10	48164.20
273.17	48137.47
273.23	48110.67
273.30	48083.38
273.37	48031.58
273.44	47960.11
273.51	47895.00
273.57	47841.08
273.64	47804.73
273.71	47796.06
273.78	47802.53
273.85	47820.13
273.91	47842.00
273.98	47878.94
274.05	47920.32
274.12	47982.77
274.19	48042.49
274.25	48096.12
274.32	48112.96
274.39	48101.30
274.46	48048.46
274.53	47961.35
274.59	47854.51
274.66	47762.79
274.73	47686.06
274.80	47614.69
274.86	47564.66
274.93	47534.39
275.00	47513.09
275.07	47492.86
275.14	47481.08
275.20	47466.84
275.27	47435.94
275.34	47410.24
275.41	47387.85
275.48	47371.24
275.54	47377.40
275.61	47411.17
275.68	47428.33
275.75	47429.20
275.81	47423.78
275.88	47410.93
275.95	47385.91
276.02	47373.28
276.09	47371.62
276.15	47380.80
276.22	47374.41
276.29	47366.44
276.36	47317.58
276.42	47251.79
276.49	47165.61
276.56	47074.46
276.63	46991.67
276.70	46943.50
276.76	46923.03
276.83	46934.13
276.90	46967.07
276.97	46991.76
277.03	47013.92
277.10	47008.92
277.17	46974.49
277.24	46929.96
277.30	46891.20
277.37	46857.99
277.44	46863.55
277.51	46886.07
277.58	46896.45
277.64	46897.67
277.71	46887.75
277.78	46834.92
277.85	46758.65
277.91	46682.17
277.98	46593.50
278.05	46516.60
278.12	46466.90
278.18	46432.80
278.25	46426.70
278.32	46460.61
278.39	46500.21
278.45	46559.40
278.52	46624.28
278.59	46686.87
278.66	46729.10
278.72	46750.67
278.79	46726.87
278.86	46664.40
278.93	46572.18
278.99	46449.17
279.06	46335.27
279.13	46258.41
279.20	46244.04
279.26	46271.84
279.33	46343.57
279.40	46416.01
279.47	46486.84
279.53	46528.28
279.60	46513.61
279.67	46432.70
279.74	46294.16
279.80	46128.85
279.87	45966.55
279.94	45845.41
280.01	45799.15
280.07	45811.64
280.14	45844.13
280.21	45878.99
280.28	45917.84
280.34	45935.99
280.41	45951.51
280.48	45954.49
280.55	45968.24
280.61	45964.03
280.68	45952.77
280.75	45933.86
280.82	45932.08
280.88	45922.10
280.95	45905.27
281.02	45871.86
281.08	45820.27
281.15	45746.63
281.22	45666.95
281.29	45567.77
281.35	45473.17
281.42	45377.93
281.49	45269.84
281.56	45163.83
281.62	45082.32
281.69	45006.52
281.76	44947.76
281.82	44909.59
281.89	44874.13
281.96	44858.57
282.03	44865.52
282.09	44891.86
282.16	44927.47
282.23	44968.78
282.30	45014.67
282.36	45056.82
282.43	45104.55
282.50	45143.27
282.56	45159.47
282.63	45171.04
282.70	45178.68
282.77	45187.77
282.83	45192.85
282.90	45215.86
282.97	45208.41
283.03	45164.75
283.10	45072.21
283.17	44946.79
283.24	44792.17
283.30	44640.51
283.37	44522.45
283.44	44431.06
283.50	44381.11
283.57	44376.65
283.64	44374.96
283.71	44387.10
283.77	44406.07
283.84	44429.48
283.91	44430.69
283.97	44468.80
284.04	44513.13
284.11	44562.64
284.18	44601.44
284.24	44634.79
284.31	44642.02
284.38	44626.70
284.44	44596.63
284.51	44578.34
284.58	44581.56
284.64	44583.58
284.71	44573.33
284.78	44540.57
284.85	44501.13
284.91	44445.14
284.98	44391.26
285.05	44327.27
285.11	44270.36
285.18	44186.67
285.25	44093.80
285.31	44002.85
285.38	43942.06
285.45	43919.66
285.52	43937.28
285.58	43996.27
285.65	44066.64
285.72	44135.27
285.78	44192.68
285.85	44250.78
285.92	44290.58
285.98	44340.22
286.05	44375.31
286.12	44427.60
286.18	44480.04
286.25	44523.67
286.32	44555.61
286.39	44585.65
286.45	44580.42
286.52	44534.59
286.59	44451.21
286.65	44326.65
286.72	44192.21
286.79	44048.20
286.85	43928.68
286.92	43851.66
286.99	43807.94
287.05	43782.31
287.12	43804.37
287.19	43835.11
287.25	43887.68
287.32	43946.67
287.39	44010.55
287.45	44059.31
287.52	44107.52
287.59	44139.94
287.65	44165.15
287.72	44196.28
287.79	44222.06
287.86	44251.56
287.92	44274.72
287.99	44311.86
288.06	44334.74
288.12	44357.23
288.19	44383.02
288.26	44396.44
288.32	44405.03
288.39	44402.63
288.46	44396.63
288.52	44367.67
288.59	44323.75
288.66	44242.52
288.72	44142.80
288.79	44018.86
288.86	43895.08
288.92	43797.40
288.99	43750.08
289.06	43757.05
289.12	43807.64
289.19	43890.64
289.26	44003.40
289.32	44112.30
289.39	44234.37
289.45	44344.20
289.52	44426.32
289.59	44476.92
289.65	44509.76
289.72	44497.87
289.79	44483.68
289.85	44468.21
289.92	44448.26
289.99	44426.88
290.05	44390.87
290.12	44327.10
290.19	44282.64
290.25	44240.94
290.32	44203.01
290.39	44203.77
290.45	44230.89
290.52	44235.31
290.59	44225.36
290.65	44178.09
290.72	44097.07
290.79	44008.98
290.85	43961.75
290.92	43969.44
290.98	44030.70
291.05	44139.16
291.12	44258.57
291.18	44372.41
291.25	44461.48
291.32	44547.18
291.38	44619.99
291.45	44691.51
291.52	44744.46
291.58	44795.11
291.65	44820.57
291.72	44834.89
291.78	44824.08
291.85	44781.19
291.91	44717.37
291.98	44665.83
292.05	44593.11
292.11	44532.10
292.18	44479.66
292.25	44417.01
292.31	44332.69
292.38	44268.11
292.45	44216.37
292.51	44196.61
292.58	44204.54
292.64	44247.68
292.71	44310.00
292.78	44384.30
292.84	44457.41
292.91	44550.16
292.98	44640.52
293.04	44730.82
293.11	44818.09
293.17	44916.49
293.24	45011.14
293.31	45100.66
293.37	45171.54
293.44	45226.60
293.51	45254.79
293.57	45250.20
293.64	45220.63
293.70	45175.26
293.77	45090.89
293.84	44971.43
293.90	44823.28
293.97	44688.90
294.04	44566.99
294.10	44498.20
294.17	44498.33
294.23	44522.68
294.30	44550.83
294.37	44581.38
294.43	44595.41
294.50	44564.47
294.56	44556.71
294.63	44573.52
294.70	44622.90
294.76	44706.24
294.83	44836.46
294.90	44985.62
294.96	45129.18
295.03	45249.85
295.09	45369.48
295.16	45480.06
295.23	45579.59
295.29	45669.32
295.36	45749.38
295.42	45808.55
295.49	45839.08
295.56	45853.28
295.62	45844.41
295.69	45807.79
295.75	45733.31
295.82	45637.87
295.89	45495.69
295.95	45340.27
296.02	45181.89
296.08	45040.42
296.15	44899.82
296.22	44803.65
296.28	44742.30
296.35	44755.66
296.41	44812.87
296.48	44922.03
296.55	45068.90
296.61	45225.93
296.68	45382.95
296.74	45538.82
296.81	45692.24
296.88	45808.83
296.94	45915.64
297.01	45995.20
297.07	46059.40
297.14	46134.36
297.20	46223.88
297.27	46308.98
297.34	46404.02
297.40	46494.50
297.47	46548.39
297.53	46572.24
297.60	46583.68
297.67	46546.31
297.73	46479.00
297.80	46353.40
297.86	46194.44
297.93	45988.62
298.00	45774.39
298.06	45575.27
298.13	45445.30
298.19	45359.52
298.26	45354.76
298.32	45412.75
298.39	45487.02
298.46	45552.75
298.52	45660.03
298.59	45753.51
298.65	45847.95
298.72	45972.18
298.78	46123.13
298.85	46258.42
298.92	46406.46
298.98	46539.59
299.05	46653.94
299.11	46755.01
299.18	46838.99
299.24	46905.65
299.31	46954.40
299.38	46995.12
299.44	47025.54
299.51	47065.27
299.57	47091.01
299.64	47113.60
299.70	47111.67
299.77	47096.33
299.84	47022.59
299.90	46876.79
299.97	46634.78
300.03	46327.42
300.10	46006.16
300.16	45745.80
300.23	45596.36
300.30	45591.01
300.36	45690.52
300.43	45847.63
300.49	46027.76
300.56	46207.45
300.62	46376.13
300.69	46540.82
300.75	46697.61
300.82	46839.65
300.89	46955.51
300.95	47066.20
301.02	47151.84
301.08	47229.50
301.15	47289.71
301.21	47361.36
301.28	47406.40
301.34	47460.20
301.41	47509.42
301.48	47554.93
301.54	47566.76
301.61	47581.59
301.67	47570.25
301.74	47533.81
301.80	47451.37
301.87	47331.51
301.93	47161.82
302.00	46959.03
302.06	46719.37
302.13	46498.98
302.20	46327.27
302.26	46201.13
302.33	46150.88
302.39	46153.94
302.46	46206.26
302.52	46290.29
302.59	46406.08
302.65	46536.20
302.72	46680.16
302.78	46816.63
302.85	46946.95
302.91	47061.98
302.98	47146.86
303.05	47225.46
303.11	47309.77
303.18	47369.17
303.24	47418.06
303.31	47458.73
303.37	47496.47
303.44	47516.42
303.50	47536.15
303.57	47532.05
303.63	47521.10
303.70	47487.28
303.76	47447.55
303.83	47403.16
303.89	47355.67
303.96	47285.39
304.03	47186.43
304.09	47041.77
304.16	46831.96
304.22	46590.20
304.29	46353.25
304.35	46165.72
304.42	46053.28
304.48	46031.75
304.55	46076.92
304.61	46163.14
304.68	46267.35
304.74	46372.47
304.81	46474.50
304.87	46565.22
304.94	46654.52
305.00	46731.22
305.07	46771.86
305.13	46798.48
305.20	46815.51
305.26	46833.09
305.33	46846.26
305.39	46860.74
305.46	46864.16
305.52	46883.98
305.59	46887.61
305.66	46864.21
305.72	46854.94
305.79	46835.97
305.85	46781.40
305.92	46702.30
305.98	46593.55
306.05	46410.52
306.11	46201.72
306.18	45989.44
306.24	45768.67
306.31	45560.24
306.37	45370.52
306.44	45209.11
306.50	45072.31
306.57	44994.72
306.63	44994.33
306.70	45080.11
306.76	45202.50
306.83	45350.93
306.89	45483.30
306.96	45576.22
307.02	45632.34
307.09	45683.52
307.15	45714.70
307.22	45742.51
307.28	45772.17
307.35	45781.42
307.41	45760.71
307.48	45750.93
307.54	45724.71
307.61	45684.30
307.67	45642.04
307.74	45612.63
307.80	45578.27
307.87	45537.94
307.93	45508.00
308.00	45478.09
308.06	45425.80
308.13	45352.15
308.19	45272.94
308.26	45172.44
308.32	45082.65
308.38	44989.53
308.45	44891.59
308.51	44793.12
308.58	44667.67
308.64	44509.96
308.71	44380.19
308.77	44273.08
308.84	44191.39
308.90	44175.83
308.97	44204.67
309.03	44236.69
309.10	44259.34
309.16	44277.23
309.23	44279.94
309.29	44278.21
309.36	44266.50
309.42	44251.52
309.49	44233.55
309.55	44206.99
309.62	44159.57
309.68	44115.06
309.75	44067.90
309.81	44021.13
309.88	43972.56
309.94	43912.10
310.00	43852.00
310.07	43781.56
310.13	43714.91
310.20	43640.28
310.26	43586.95
310.33	43523.69
310.39	43467.34
310.46	43396.94
310.52	43317.85
310.59	43229.51
310.65	43127.16
310.72	43019.30
310.78	42913.71
310.85	42823.90
310.91	42762.67
310.97	42728.80
311.04	42702.08
311.10	42678.67
311.17	42659.81
311.23	42627.18
311.30	42598.64
311.36	42572.96
311.43	42559.05
311.49	42542.48
311.56	42535.15
311.62	42514.45
311.69	42496.70
311.75	42486.04
311.81	42453.70
311.88	42400.89
311.94	42350.16
312.01	42299.62
312.07	42231.65
312.14	42184.35
312.20	42135.76
312.27	42090.03
312.33	42045.74
312.40	41987.49
312.46	41908.23
312.52	41846.11
312.59	41777.08
312.65	41703.65
312.72	41632.11
312.78	41574.22
312.85	41493.05
312.91	41399.63
312.98	41311.98
313.04	41223.56
313.10	41132.32
313.17	41062.13
313.23	41009.46
313.30	40950.28
313.36	40890.74
313.43	40855.32
313.49	40833.56
313.56	40799.84
313.62	40776.03
313.68	40760.60
313.75	40730.70
313.81	40690.58
313.88	40653.90
313.94	40599.85
314.01	40559.04
314.07	40524.07
314.13	40485.19
314.20	40450.85
314.26	40423.14
314.33	40382.51
314.39	40331.25
314.46	40257.71
314.52	40195.41
314.58	40120.40
314.65	40059.01
314.71	39991.06
314.78	39937.72
314.84	39863.24
314.91	39805.61
314.97	39741.90
315.03	39698.28
315.10	39652.17
315.16	39610.04
315.23	39556.50
315.29	39509.31
315.36	39447.74
315.42	39391.19
315.48	39335.98
315.55	39286.30
315.61	39219.77
315.68	39164.47
315.74	39097.54
315.81	39037.91
315.87	38984.71
315.93	38964.37
316.00	38949.59
316.06	38941.33
316.13	38940.09
316.19	38907.92
316.25	38823.64
316.32	38697.80
316.38	38544.12
316.45	38339.11
316.51	38117.26
316.58	37893.00
316.64	37645.63
316.70	37396.91
316.77	37147.78
316.83	36902.72
316.90	36642.73
316.96	36401.61
317.02	36147.54
317.09	35897.73
317.15	35647.93
317.22	35395.48
317.28	35135.93
317.34	34875.74
317.41	34619.60
317.47	34360.42
317.54	34107.96
317.60	33846.96
317.66	33595.52
317.73	33335.16
317.79	33077.22
317.86	32820.87
317.92	32567.12
317.98	32295.65
318.05	32027.48
318.11	31753.09
318.18	31474.65
318.24	31196.88
318.30	30926.03
318.37	30649.49
318.43	30371.25
318.50	30084.69
318.56	29805.03
318.62	29533.71
318.69	29258.62
318.75	28987.90
318.82	28723.46
318.88	28448.48
318.94	28168.72
319.01	27893.47
319.07	27622.58
319.13	27344.85
319.20	27066.30
319.26	26778.74
319.33	26494.84
319.39	26201.40
319.45	25916.51
319.52	25635.81
319.58	25357.62
319.65	25072.44
319.71	24792.11
319.77	24500.62
319.84	24218.40
319.90	23940.29
319.96	23666.73
320.03	23383.95
320.09	23113.84
320.16	22822.48
320.22	22537.50
320.28	22233.34
320.35	21940.37
320.41	21643.56
320.47	21370.33
320.54	21086.20
320.60	20820.33
320.67	20556.02
320.73	20288.71
320.79	20008.01
320.86	19730.74
320.92	19439.09
320.98	19144.88
321.05	18844.06
321.11	18546.12
321.18	18252.63
321.24	17977.39
321.30	17697.39
321.37	17430.80
321.43	17163.37
321.49	16889.44
321.56	16609.35
321.62	16338.87
321.68	16058.81
321.75	15780.79
321.81	15510.99
321.88	15231.49
321.94	14951.89
322.00	14670.87
322.07	14382.56
322.13	14089.38
322.19	13805.57
322.26	13515.98
322.32	13239.33
322.38	12967.44
322.45	12699.72
322.51	12431.03
322.58	12171.73
322.64	11896.42
322.70	11629.83
322.77	11359.15
322.83	11096.51
322.89	10823.64
322.96	10560.34
323.02	10288.72
323.08	10023.26
323.15	9752.43
323.21	9484.49
323.27	9222.43
323.34	8967.09
323.40	8716.29
323.46	8458.02
323.53	8106.31
323.59	6997.31
323.65	5413.78
323.72	3748.45
323.78	2146.96
323.85	691.34
323.91	41.71
323.97	-82.10
324.04	-82.60
