180.21	3366.25
180.28	-116.11
180.36	624.49
180.44	-43.62
180.51	-15.10
180.59	7.19
180.66	32.85
180.74	29.18
180.81	28.33
180.89	29.98
180.97	30.71
181.04	29.24
181.12	27.97
181.19	27.40
181.27	28.20
181.34	44.88
181.42	51.33
181.50	58.99
181.57	71.53
181.65	77.19
181.72	71.38
181.80	66.15
181.87	66.46
181.95	66.12
182.03	64.81
182.10	66.79
182.18	68.78
182.25	73.88
182.33	73.83
182.40	80.73
182.48	76.06
182.55	87.01
182.63	91.03
182.71	92.40
182.78	94.02
182.86	100.64
182.93	97.81
183.01	100.69
183.08	101.87
183.16	106.85
183.23	103.44
183.31	110.29
183.39	109.67
183.46	119.82
183.54	116.42
183.61	124.34
183.69	126.47
183.76	136.49
183.84	136.15
183.91	137.30
183.99	147.11
184.06	149.03
184.14	152.47
184.22	156.92
184.29	160.74
184.37	159.07
184.44	154.03
184.52	142.41
184.59	139.47
184.67	143.72
184.74	138.34
184.82	152.28
184.89	166.30
184.97	176.26
185.04	185.34
185.12	196.12
185.20	204.18
185.27	214.03
185.35	225.39
185.42	225.93
185.50	238.74
185.57	240.18
185.65	245.58
185.72	246.31
185.80	257.26
185.87	256.71
185.95	258.34
186.02	261.50
186.10	261.70
186.17	261.69
186.25	260.96
186.33	252.41
186.40	242.81
186.48	243.28
186.55	246.41
186.63	250.38
186.70	278.38
186.78	299.28
186.85	320.29
186.93	335.66
187.00	355.75
187.08	358.88
187.15	374.52
187.23	385.68
187.30	399.10
187.38	416.94
187.45	438.64
187.53	453.69
187.60	460.52
187.68	470.37
187.75	481.29
187.83	489.22
187.90	485.92
187.98	487.40
188.05	489.03
188.13	469.59
188.21	444.70
188.28	441.98
188.36	435.79
188.43	434.97
188.51	454.26
188.58	488.62
188.66	504.02
188.73	530.99
188.81	562.66
188.88	583.72
188.96	601.63
189.03	631.51
189.11	656.63
189.18	671.34
189.26	690.24
189.33	716.60
189.41	742.81
189.48	763.89
189.56	784.05
189.63	803.89
189.71	803.81
189.78	788.48
189.86	773.19
189.93	759.96
190.01	734.24
190.08	717.43
190.16	701.91
190.23	681.24
190.31	673.44
190.38	673.08
190.46	683.61
190.53	710.47
190.61	760.37
190.68	791.43
190.76	842.91
190.83	881.94
190.91	914.99
190.98	934.37
191.06	964.97
191.13	982.28
191.21	999.51
191.28	1008.17
191.35	1018.75
191.43	1022.03
191.50	1018.96
191.58	1024.20
191.65	1039.05
191.73	1049.15
191.80	1061.58
191.88	1068.84
191.95	1070.89
192.03	1072.14
192.10	1076.85
192.18	1080.56
192.25	1090.26
192.33	1092.29
192.40	1083.92
192.48	1076.00
192.55	1073.65
192.63	1068.34
192.70	1076.31
192.78	1095.95
192.85	1121.60
192.93	1142.83
193.00	1158.08
193.08	1161.22
193.15	1163.16
193.22	1166.41
193.30	1176.74
193.37	1213.87
193.45	1250.70
193.52	1297.64
193.60	1345.33
193.67	1383.19
193.75	1405.61
193.82	1436.16
193.90	1449.29
193.97	1454.75
194.05	1453.66
194.12	1445.73
194.20	1431.75
194.27	1416.70
194.34	1388.82
194.42	1364.11
194.49	1348.62
194.57	1336.75
194.64	1322.89
194.72	1315.29
194.79	1320.63
194.87	1335.56
194.94	1369.23
195.02	1419.17
195.09	1478.46
195.17	1538.80
195.24	1590.91
195.31	1628.35
195.39	1653.45
195.46	1672.67
195.54	1686.04
195.61	1690.60
195.69	1679.72
195.76	1659.60
195.84	1631.16
195.91	1578.03
195.99	1514.42
196.06	1460.88
196.13	1433.24
196.21	1427.31
196.28	1454.88
196.36	1514.55
196.43	1586.44
196.51	1658.39
196.58	1726.08
196.66	1782.66
196.73	1821.99
196.80	1845.84
196.88	1855.66
196.95	1861.00
197.03	1857.81
197.10	1843.07
197.18	1820.61
197.25	1784.91
197.33	1734.61
197.40	1684.48
197.47	1629.59
197.55	1590.96
197.62	1567.21
197.70	1564.94
197.77	1585.59
197.85	1635.97
197.92	1697.10
197.99	1771.10
198.07	1851.85
198.14	1919.81
198.22	1985.60
198.29	2034.62
198.37	2071.31
198.44	2092.30
198.51	2102.20
198.59	2090.69
198.66	2073.36
198.74	2035.77
198.81	1974.12
198.89	1895.54
198.96	1821.48
199.03	1745.41
199.11	1695.75
199.18	1681.39
199.26	1708.39
199.33	1765.63
199.41	1852.09
199.48	1939.26
199.55	2030.84
199.63	2105.12
199.70	2171.19
199.78	2215.92
199.85	2261.85
199.93	2291.43
200.00	2323.73
200.07	2326.96
200.15	2321.83
200.22	2290.43
200.30	2231.54
200.37	2143.85
200.44	2036.24
200.52	1939.30
200.59	1879.07
200.67	1857.71
200.74	1876.63
200.81	1944.92
200.89	2027.38
200.96	2111.87
201.04	2192.80
201.11	2282.70
201.19	2368.83
201.26	2444.22
201.33	2505.78
201.41	2558.75
201.48	2586.54
201.56	2593.47
201.63	2595.89
201.70	2567.06
201.78	2514.39
201.85	2442.09
201.93	2358.89
202.00	2267.98
202.07	2198.00
202.15	2140.80
202.22	2115.62
202.30	2139.08
202.37	2194.29
202.44	2278.48
202.52	2397.89
202.59	2525.85
202.67	2630.76
202.74	2729.03
202.81	2814.21
202.89	2879.79
202.96	2946.43
203.04	3005.76
203.11	3042.38
203.18	3056.83
203.26	3047.06
203.33	2991.09
203.41	2904.30
203.48	2786.46
203.55	2632.47
203.63	2492.70
203.70	2408.08
203.77	2384.60
203.85	2428.56
203.92	2541.37
204.00	2695.65
204.07	2844.13
204.14	2983.02
204.22	3108.43
204.29	3231.04
204.37	3332.14
204.44	3423.87
204.51	3499.99
204.59	3557.81
204.66	3579.92
204.73	3581.02
204.81	3549.29
204.88	3491.48
204.96	3394.99
205.03	3268.45
205.10	3125.25
205.18	3009.76
205.25	2915.57
205.32	2870.88
205.40	2893.15
205.47	2980.41
205.55	3096.60
205.62	3253.00
205.69	3435.31
205.77	3624.45
205.84	3796.28
205.91	3946.82
205.99	4073.43
206.06	4175.60
206.14	4256.93
206.21	4337.12
206.28	4393.60
206.36	4435.40
206.43	4435.01
206.50	4396.00
206.58	4290.35
206.65	4134.23
206.72	3923.08
206.80	3709.80
206.87	3531.47
206.95	3443.06
207.02	3469.89
207.09	3601.18
207.17	3812.36
207.24	4059.24
207.31	4294.68
207.39	4509.38
207.46	4708.22
207.53	4881.52
207.61	5041.26
207.68	5181.29
207.75	5310.90
207.83	5421.24
207.90	5499.07
207.98	5530.21
208.05	5527.68
208.12	5461.88
208.20	5339.62
208.27	5167.53
208.34	4952.97
208.42	4728.93
208.49	4564.06
208.56	4468.17
208.64	4477.44
208.71	4589.47
208.78	4768.38
208.86	4990.24
208.93	5226.11
209.00	5463.98
209.08	5706.70
209.15	5949.47
209.22	6165.94
209.30	6369.10
209.37	6548.81
209.44	6704.96
209.52	6835.55
209.59	6935.58
209.67	7001.08
209.74	7012.45
209.81	6972.95
209.89	6858.72
209.96	6662.21
210.03	6411.02
210.11	6171.38
210.18	5954.23
210.25	5819.32
210.33	5812.56
210.40	5934.85
210.47	6143.54
210.55	6426.47
210.62	6738.35
210.69	7041.75
210.77	7332.18
210.84	7592.86
210.91	7838.08
210.99	8059.21
211.06	8273.41
211.13	8464.82
211.21	8648.47
211.28	8787.81
211.35	8893.18
211.42	8934.98
211.50	8894.29
211.57	8771.27
211.64	8563.82
211.72	8284.15
211.79	7978.90
211.86	7753.19
211.94	7670.11
212.01	7736.93
212.08	7948.98
212.16	8268.42
212.23	8602.74
212.30	8899.34
212.38	9160.92
212.45	9402.65
212.52	9619.04
212.60	9832.90
212.67	10052.42
212.74	10279.88
212.82	10496.44
212.89	10715.65
212.96	10915.87
213.03	11058.49
213.11	11142.21
213.18	11157.18
213.25	11093.51
213.33	10937.89
213.40	10714.94
213.47	10492.00
213.55	10322.53
213.62	10226.41
213.69	10253.31
213.77	10417.56
213.84	10662.13
213.91	10958.24
213.98	11271.64
214.06	11567.04
214.13	11834.03
214.20	12064.29
214.28	12297.37
214.35	12541.09
214.42	12801.33
214.50	13070.60
214.57	13350.56
214.64	13594.19
214.72	13798.88
214.79	13946.60
214.86	14033.85
214.93	14044.75
215.01	13980.97
215.08	13817.99
215.15	13581.91
215.23	13298.42
215.30	13072.02
215.37	12981.40
215.44	13080.53
215.52	13351.38
215.59	13748.59
215.66	14184.12
215.74	14567.19
215.81	14896.25
215.88	15197.29
215.95	15480.80
216.03	15759.89
216.10	16044.17
216.17	16301.97
216.25	16532.36
216.32	16733.49
216.39	16901.49
216.46	17032.51
216.54	17140.84
216.61	17214.12
216.68	17228.94
216.76	17178.74
216.83	17043.39
216.90	16838.06
216.97	16615.64
217.05	16468.46
217.12	16444.64
217.19	16576.04
217.27	16854.47
217.34	17232.53
217.41	17648.27
217.48	18058.34
217.56	18444.44
217.63	18803.30
217.70	19117.52
217.78	19403.40
217.85	19645.25
217.92	19864.13
217.99	20067.35
218.07	20248.55
218.14	20407.75
218.21	20585.79
218.28	20752.93
218.36	20899.78
218.43	21021.32
218.50	21089.27
218.57	21045.32
218.65	20902.33
218.72	20670.66
218.79	20415.46
218.87	20227.91
218.94	20185.94
219.01	20321.44
219.08	20621.31
219.16	21047.02
219.23	21495.02
219.30	21920.99
219.37	22301.38
219.45	22638.91
219.52	22943.11
219.59	23224.05
219.66	23488.71
219.74	23743.57
219.81	24003.89
219.88	24223.12
219.95	24447.42
220.03	24659.08
220.10	24840.20
220.17	24974.32
220.24	25074.46
220.32	25094.43
220.39	25029.21
220.46	24884.86
220.53	24687.11
220.61	24474.64
220.68	24349.64
220.75	24351.52
220.82	24508.08
220.90	24773.92
220.97	25127.15
221.04	25467.70
221.11	25779.12
221.19	26057.03
221.26	26328.24
221.33	26598.40
221.40	26878.93
221.48	27153.77
221.55	27420.44
221.62	27665.99
221.69	27903.87
221.77	28114.68
221.84	28330.12
221.91	28492.99
221.98	28646.03
222.06	28738.06
222.13	28807.34
222.20	28806.53
222.27	28793.75
222.35	28723.65
222.42	28669.33
222.49	28639.48
222.56	28662.71
222.63	28747.95
222.71	28890.72
222.78	29065.22
222.85	29257.14
222.92	29458.80
223.00	29646.81
223.07	29859.16
223.14	30076.68
223.21	30301.57
223.29	30530.56
223.36	30776.30
223.43	31013.57
223.50	31248.46
223.57	31475.99
223.65	31689.50
223.72	31860.17
223.79	31993.37
223.86	32083.66
223.94	32136.66
224.01	32168.04
224.08	32203.66
224.15	32228.17
224.22	32246.87
224.30	32269.07
224.37	32315.36
224.44	32382.06
224.51	32478.44
224.59	32614.44
224.66	32775.29
224.73	32941.43
224.80	33110.71
224.87	33291.86
224.95	33477.76
225.02	33665.10
225.09	33856.98
225.16	34043.40
225.23	34217.13
225.31	34384.04
225.38	34535.89
225.45	34661.73
225.52	34774.56
225.60	34867.39
225.67	34931.21
225.74	34948.53
225.81	34955.59
225.88	34958.97
225.96	35003.21
226.03	35068.89
226.10	35186.47
226.17	35338.11
226.24	35492.37
226.32	35639.89
226.39	35787.94
226.46	35935.81
226.53	36075.30
226.60	36223.43
226.68	36371.43
226.75	36517.52
226.82	36648.46
226.89	36785.96
226.96	36908.53
227.04	36989.93
227.11	37067.74
227.18	37158.58
227.25	37227.17
227.32	37302.46
227.40	37393.99
227.47	37461.39
227.54	37510.70
227.61	37548.70
227.68	37568.68
227.76	37579.44
227.83	37604.42
227.90	37654.16
227.97	37728.89
228.04	37835.82
228.11	37952.17
228.19	38082.19
228.26	38218.49
228.33	38351.40
228.40	38465.12
228.47	38586.52
228.55	38702.06
228.62	38801.20
228.69	38898.75
228.76	38989.26
228.83	39069.79
228.90	39147.96
228.98	39231.96
229.05	39323.12
229.12	39435.78
229.19	39538.67
229.26	39639.99
229.34	39724.37
229.41	39785.87
229.48	39831.70
229.55	39880.25
229.62	39916.26
229.69	39948.65
229.77	39972.99
229.84	39986.12
229.91	40008.52
229.98	40042.39
230.05	40093.99
230.12	40157.05
230.20	40253.23
230.27	40355.91
230.34	40454.98
230.41	40552.80
230.48	40655.70
230.55	40743.87
230.63	40821.35
230.70	40912.58
230.77	40975.25
230.84	41009.67
230.91	41037.94
230.98	41073.04
231.06	41107.25
231.13	41180.30
231.20	41295.78
231.27	41398.70
231.34	41499.80
231.41	41595.91
231.49	41657.09
231.56	41693.38
231.63	41753.54
231.70	41799.61
231.77	41835.79
231.84	41869.21
231.92	41902.57
231.99	41925.46
232.06	41956.38
232.13	41993.90
232.20	42056.77
232.27	42114.35
232.34	42173.77
232.42	42219.14
232.49	42269.57
232.56	42315.25
232.63	42382.20
232.70	42439.42
232.77	42514.28
232.85	42571.49
232.92	42621.32
232.99	42648.92
233.06	42683.50
233.13	42722.50
233.20	42759.33
233.27	42786.98
233.35	42821.17
233.42	42842.48
233.49	42859.78
233.56	42888.27
233.63	42930.71
233.70	42967.90
233.77	43016.00
233.85	43056.86
233.92	43102.45
233.99	43137.47
234.06	43196.31
234.13	43239.89
234.20	43289.66
234.27	43337.34
234.35	43373.75
234.42	43393.63
234.49	43405.37
234.56	43423.76
234.63	43424.98
234.70	43432.73
234.77	43433.41
234.84	43443.90
234.92	43433.57
234.99	43445.54
235.06	43467.35
235.13	43478.63
235.20	43508.37
235.27	43550.44
235.34	43577.70
235.41	43614.34
235.49	43656.83
235.56	43699.66
235.63	43725.91
235.70	43760.82
235.77	43773.23
235.84	43788.45
235.91	43782.25
235.98	43778.23
236.06	43771.37
236.13	43777.68
236.20	43779.93
236.27	43774.69
236.34	43792.46
236.41	43807.27
236.48	43805.87
236.55	43813.61
236.63	43826.48
236.70	43823.45
236.77	43833.89
236.84	43867.96
236.91	43895.86
236.98	43927.41
237.05	43953.01
237.12	43949.73
237.19	43942.18
237.27	43942.99
237.34	43947.37
237.41	43954.54
237.48	43963.14
237.55	43958.33
237.62	43957.12
237.69	43963.33
237.76	43983.98
237.83	44024.03
237.91	44063.92
237.98	44089.14
238.05	44103.44
238.12	44102.47
238.19	44090.75
238.26	44105.15
238.33	44106.31
238.40	44107.30
238.47	44111.21
238.54	44118.31
238.62	44103.34
238.69	44096.02
238.76	44094.22
238.83	44085.45
238.90	44084.12
238.97	44084.18
239.04	44110.16
239.11	44127.80
239.18	44160.38
239.25	44182.45
239.33	44189.63
239.40	44181.57
239.47	44172.25
239.54	44145.65
239.61	44126.10
239.68	44101.43
239.75	44088.73
239.82	44082.75
239.89	44086.71
239.96	44096.37
240.03	44109.38
240.11	44127.35
240.18	44145.03
240.25	44163.33
240.32	44166.34
240.39	44185.78
240.46	44207.07
240.53	44239.31
240.60	44272.64
240.67	44312.54
240.74	44348.43
240.81	44372.00
240.88	44385.38
240.96	44390.14
241.03	44395.84
241.10	44403.65
241.17	44404.37
241.24	44405.59
241.31	44427.01
241.38	44424.46
241.45	44409.09
241.52	44401.77
241.59	44411.47
241.66	44409.63
241.73	44425.99
241.80	44466.69
241.88	44489.10
241.95	44490.17
242.02	44491.53
242.09	44482.86
242.16	44468.00
242.23	44474.67
242.30	44480.10
242.37	44483.88
242.44	44526.90
242.51	44541.53
242.58	44543.55
242.65	44558.35
242.72	44596.24
242.79	44588.75
242.87	44609.57
242.94	44624.22
243.01	44649.00
243.08	44654.36
243.15	44677.06
243.22	44704.08
243.29	44751.03
243.36	44781.50
243.43	44806.40
243.50	44847.15
243.57	44890.17
243.64	44925.33
243.71	44955.86
243.78	44999.36
243.85	45017.12
243.92	45024.99
243.99	45031.21
244.07	45042.50
244.14	45037.88
244.21	45059.67
244.28	45090.47
244.35	45115.89
244.42	45136.87
244.49	45162.77
244.56	45179.36
244.63	45190.26
244.70	45199.28
244.77	45213.35
244.84	45241.98
244.91	45276.61
244.98	45314.00
245.05	45360.01
245.12	45410.83
245.19	45456.04
245.26	45484.67
245.33	45524.45
245.40	45576.62
245.47	45623.98
245.55	45668.47
245.62	45710.57
245.69	45742.61
245.76	45768.90
245.83	45811.13
245.90	45846.77
245.97	45896.83
246.04	45950.16
246.11	45989.67
246.18	46009.02
246.25	46016.36
246.32	46026.00
246.39	46045.11
246.46	46073.25
246.53	46119.64
246.60	46183.29
246.67	46249.65
246.74	46309.04
246.81	46371.91
246.88	46429.37
246.95	46482.14
247.02	46526.82
247.09	46561.31
247.16	46585.68
247.23	46598.13
247.30	46608.89
247.37	46614.27
247.44	46629.11
247.51	46662.41
247.58	46708.31
247.66	46773.74
247.73	46849.91
247.80	46925.83
247.87	46997.94
247.94	47072.31
248.01	47139.33
248.08	47203.73
248.15	47257.85
248.22	47308.54
248.29	47360.15
248.36	47402.37
248.43	47454.04
248.50	47502.55
248.57	47557.25
248.64	47608.61
248.71	47674.81
248.78	47747.01
248.85	47807.58
248.92	47864.78
248.99	47916.40
249.06	47958.40
249.13	47972.52
249.20	48008.10
249.27	48038.79
249.34	48066.29
249.41	48084.99
249.48	48116.68
249.55	48149.40
249.62	48188.38
249.69	48222.22
249.76	48264.53
249.83	48311.59
249.90	48367.36
249.97	48424.48
250.04	48506.86
250.11	48607.50
250.18	48695.71
250.25	48777.05
250.32	48845.05
250.39	48890.88
250.46	48928.47
250.53	48984.80
250.60	49041.93
250.67	49111.36
250.74	49187.38
250.81	49239.68
250.88	49271.49
250.95	49299.06
251.02	49311.59
251.09	49324.25
251.16	49353.66
251.23	49403.35
251.30	49450.43
251.37	49513.83
251.44	49573.24
251.51	49633.43
251.58	49687.63
251.65	49747.08
251.72	49806.84
251.79	49877.00
251.86	49937.24
251.93	49992.49
252.00	50026.30
252.07	50038.42
252.14	50047.08
252.21	50063.64
252.28	50082.64
252.35	50123.21
252.42	50192.95
252.49	50261.98
252.56	50323.15
252.63	50379.23
252.70	50442.84
252.77	50493.96
252.84	50547.72
252.91	50608.05
252.98	50657.31
253.05	50690.01
253.12	50717.90
253.19	50748.55
253.25	50776.74
253.32	50809.03
253.39	50868.52
253.46	50915.12
253.53	50953.31
253.60	50982.21
253.67	51012.59
253.74	51030.74
253.81	51076.46
253.88	51121.05
253.95	51171.27
254.02	51225.51
254.09	51262.62
254.16	51298.48
254.23	51322.61
254.30	51349.97
254.37	51389.86
254.44	51437.40
254.51	51470.63
254.58	51527.08
254.65	51579.79
254.72	51615.37
254.79	51635.42
254.86	51659.44
254.93	51661.37
255.00	51675.05
255.07	51710.17
255.14	51759.85
255.21	51804.19
255.28	51839.50
255.34	51846.68
255.41	51837.12
255.48	51833.45
255.55	51827.25
255.62	51846.93
255.69	51886.75
255.76	51926.37
255.83	51972.76
255.90	52014.99
255.97	52062.58
256.04	52105.06
256.11	52151.69
256.18	52184.02
256.25	52232.06
256.32	52270.99
256.39	52312.34
256.46	52347.62
256.53	52395.02
256.60	52434.19
256.67	52468.43
256.74	52488.45
256.80	52518.84
256.87	52528.97
256.94	52529.47
257.01	52538.59
257.08	52572.81
257.15	52586.51
257.22	52610.44
257.29	52624.16
257.36	52613.80
257.43	52580.41
257.50	52564.69
257.57	52535.87
257.64	52538.84
257.71	52555.57
257.78	52599.12
257.85	52635.28
257.92	52695.31
257.98	52743.73
258.05	52782.88
258.12	52796.96
258.19	52798.40
258.26	52764.98
258.33	52722.84
258.40	52694.79
258.47	52671.86
258.54	52674.44
258.61	52697.15
258.68	52726.86
258.75	52760.74
258.82	52809.70
258.89	52837.45
258.95	52849.92
259.02	52856.49
259.09	52852.47
259.16	52833.23
259.23	52806.44
259.30	52792.12
259.37	52791.32
259.44	52799.66
259.51	52797.74
259.58	52824.26
259.65	52853.87
259.72	52860.15
259.79	52842.78
259.85	52834.64
259.92	52806.67
259.99	52796.33
260.06	52803.44
260.13	52812.53
260.20	52814.86
260.27	52807.84
260.34	52780.25
260.41	52766.65
260.48	52753.26
260.55	52760.06
260.62	52773.54
260.68	52769.26
260.75	52751.41
260.82	52744.74
260.89	52735.73
260.96	52734.30
261.03	52740.22
261.10	52736.11
261.17	52722.07
261.24	52690.07
261.31	52652.30
261.38	52613.46
261.44	52572.86
261.51	52547.74
261.58	52530.90
261.65	52524.01
261.72	52512.82
261.79	52505.94
261.86	52506.53
261.93	52500.14
262.00	52474.78
262.07	52454.59
262.13	52427.05
262.20	52397.20
262.27	52375.27
262.34	52368.10
262.41	52364.70
262.48	52380.10
262.55	52391.80
262.62	52387.62
262.69	52382.75
262.76	52377.60
262.82	52350.88
262.89	52332.05
262.96	52317.02
263.03	52293.12
263.10	52279.53
263.17	52272.89
263.24	52243.43
263.31	52228.84
263.38	52224.63
263.44	52234.39
263.51	52232.35
263.58	52228.47
263.65	52205.36
263.72	52160.15
263.79	52069.55
263.86	52000.55
263.93	51940.54
264.00	51908.06
264.06	51901.42
264.13	51911.96
264.20	51907.74
264.27	51882.61
264.34	51834.89
264.41	51773.49
264.48	51721.25
264.55	51666.68
264.61	51613.58
264.68	51569.01
264.75	51524.16
264.82	51473.24
264.89	51433.04
264.96	51428.68
265.03	51417.26
265.10	51421.80
265.16	51414.24
265.23	51403.07
265.30	51377.28
265.37	51346.77
265.44	51306.05
265.51	51286.34
265.58	51274.20
265.65	51261.41
265.71	51265.51
265.78	51281.31
265.85	51278.54
265.92	51239.00
265.99	51181.57
266.06	51110.09
266.13	51010.85
266.20	50934.23
266.26	50901.00
266.33	50883.61
266.40	50857.32
266.47	50835.47
266.54	50786.95
266.61	50739.72
266.68	50692.33
266.74	50656.40
266.81	50616.99
266.88	50568.04
266.95	50490.02
267.02	50423.58
267.09	50363.10
267.16	50322.80
267.22	50309.65
267.29	50319.01
267.36	50328.05
267.43	50341.16
267.50	50348.80
267.57	50345.04
267.64	50320.71
267.70	50263.83
267.77	50209.09
267.84	50165.24
267.91	50127.82
267.98	50099.94
268.05	50103.31
268.11	50096.44
268.18	50058.63
268.25	50013.20
268.32	49960.41
268.39	49870.97
268.46	49771.78
268.53	49680.74
268.59	49587.37
268.66	49502.76
268.73	49455.83
268.80	49429.68
268.87	49428.71
268.94	49456.08
269.00	49500.98
269.07	49540.82
269.14	49575.02
269.21	49575.31
269.28	49543.79
269.35	49484.05
269.41	49435.33
269.48	49387.51
269.55	49354.07
269.62	49342.47
269.69	49347.69
269.76	49312.63
269.82	49264.59
269.89	49233.46
269.96	49189.27
270.03	49127.35
270.10	49082.15
270.17	49022.40
270.23	48967.80
270.30	48918.95
270.37	48904.24
270.44	48903.86
270.51	48914.71
270.58	48912.29
270.64	48912.29
270.71	48896.38
270.78	48884.14
270.85	48886.24
270.92	48885.59
270.99	48879.45
271.05	48858.27
271.12	48805.72
271.19	48741.89
271.26	48660.87
271.33	48593.87
271.39	48537.67
271.46	48484.55
271.53	48436.62
271.60	48422.77
271.67	48394.62
271.74	48369.45
271.80	48351.11
271.87	48337.93
271.94	48302.74
272.01	48256.97
272.08	48222.57
272.14	48195.63
272.21	48166.72
272.28	48147.33
272.35	48140.94
272.42	48125.35
272.48	48122.30
272.55	48115.68
272.62	48106.59
272.69	48100.59
272.76	48095.82
272.83	48076.42
272.89	48058.00
272.96	48036.82
273.03	48016.08
273.10	47983.39
273.17	47948.32
273.23	47918.07
273.30	47884.23
273.37	47823.99
273.44	47761.38
273.51	47707.30
273.57	47665.44
273.64	47626.57
273.71	47622.97
273.78	47626.98
273.85	47650.08
273.91	47659.32
273.98	47696.25
274.05	47740.28
274.12	47801.09
274.19	47854.36
274.25	47900.57
274.32	47919.66
274.39	47898.37
274.46	47847.06
274.53	47769.30
274.59	47673.22
274.66	47582.46
274.73	47505.48
274.80	47441.91
274.86	47384.36
274.93	47367.50
275.00	47347.20
275.07	47334.64
275.14	47318.58
275.20	47304.14
275.27	47283.39
275.34	47259.07
275.41	47237.76
275.48	47223.96
275.54	47224.97
275.61	47231.99
275.68	47239.82
275.75	47245.12
275.81	47232.49
275.88	47224.62
275.95	47211.14
276.02	47199.37
276.09	47181.65
276.15	47168.76
276.22	47151.50
276.29	47121.64
276.36	47064.85
276.42	46996.68
276.49	46938.11
276.56	46853.37
276.63	46776.83
276.70	46734.55
276.76	46730.97
276.83	46734.52
276.90	46770.65
276.97	46801.51
277.03	46825.39
277.10	46818.93
277.17	46791.80
277.24	46749.73
277.30	46718.58
277.37	46687.09
277.44	46675.22
277.51	46695.82
277.58	46710.92
277.64	46717.33
277.71	46709.44
277.78	46668.68
277.85	46590.78
277.91	46492.19
277.98	46392.24
278.05	46301.14
278.12	46243.96
278.18	46211.89
278.25	46213.17
278.32	46235.95
278.39	46284.16
278.45	46339.05
278.52	46408.46
278.59	46477.36
278.66	46529.68
278.72	46550.65
278.79	46535.71
278.86	46468.64
278.93	46365.13
278.99	46242.05
279.06	46130.72
279.13	46044.30
279.20	46024.74
279.26	46053.99
279.33	46121.62
279.40	46204.76
279.47	46290.27
279.53	46331.39
279.60	46336.00
279.67	46261.04
279.74	46127.92
279.80	45958.00
279.87	45803.26
279.94	45679.25
280.01	45632.36
280.07	45636.30
280.14	45670.26
280.21	45703.04
280.28	45728.85
280.34	45733.75
280.41	45744.62
280.48	45750.49
280.55	45763.45
280.61	45767.88
280.68	45776.31
280.75	45762.79
280.82	45759.41
280.88	45746.41
280.95	45723.68
281.02	45680.01
281.08	45620.95
281.15	45544.63
281.22	45467.15
281.29	45377.86
281.35	45282.47
281.42	45192.68
281.49	45088.38
281.56	44967.65
281.62	44876.46
281.69	44800.35
281.76	44738.01
281.82	44696.26
281.89	44681.92
281.96	44674.55
282.03	44682.30
282.09	44701.64
282.16	44737.30
282.23	44769.46
282.30	44804.81
282.36	44846.96
282.43	44905.63
282.50	44959.08
282.56	44984.52
282.63	45002.51
282.70	45012.05
282.77	45013.66
282.83	45012.93
282.90	45028.61
282.97	45029.48
283.03	44997.69
283.10	44895.74
283.17	44765.72
283.24	44612.27
283.30	44451.60
283.37	44317.10
283.44	44246.13
283.50	44200.63
283.57	44194.93
283.64	44205.62
283.71	44221.24
283.77	44238.86
283.84	44263.17
283.91	44272.91
283.97	44299.18
284.04	44347.36
284.11	44396.37
284.18	44435.10
284.24	44468.06
284.31	44483.97
284.38	44474.44
284.44	44450.82
284.51	44445.33
284.58	44445.43
284.64	44448.06
284.71	44428.82
284.78	44391.74
284.85	44341.69
284.91	44290.36
284.98	44225.46
285.05	44156.64
285.11	44091.52
285.18	43998.18
285.25	43900.09
285.31	43810.48
285.38	43750.35
285.45	43726.33
285.52	43753.36
285.58	43803.86
285.65	43870.38
285.72	43945.80
285.78	44008.37
285.85	44055.45
285.92	44097.98
285.98	44141.09
286.05	44193.53
286.12	44252.12
286.18	44313.48
286.25	44368.95
286.32	44405.77
286.39	44427.32
286.45	44424.83
286.52	44384.33
286.59	44289.85
286.65	44160.22
286.72	44019.11
286.79	43863.24
286.85	43733.78
286.92	43661.81
286.99	43633.67
287.05	43613.23
287.12	43641.55
287.19	43682.56
287.25	43739.64
287.32	43794.33
287.39	43850.52
287.45	43891.24
287.52	43921.64
287.59	43954.97
287.65	43980.70
287.72	44015.02
287.79	44050.00
287.86	44085.62
287.92	44105.57
287.99	44141.59
288.06	44169.78
288.12	44194.05
288.19	44230.79
288.26	44251.53
288.32	44259.39
288.39	44256.66
288.46	44237.10
288.52	44202.09
288.59	44144.41
288.66	44066.09
288.72	43969.08
288.79	43860.60
288.86	43737.35
288.92	43654.52
288.99	43612.81
289.06	43616.18
289.12	43662.43
289.19	43745.37
289.26	43840.01
289.32	43938.78
289.39	44040.05
289.45	44150.08
289.52	44231.31
289.59	44297.85
289.65	44324.19
289.72	44332.01
289.79	44311.39
289.85	44303.23
289.92	44274.30
289.99	44256.02
290.05	44220.11
290.12	44155.27
290.19	44089.57
290.25	44044.24
290.32	44024.83
290.39	44032.43
290.45	44060.94
290.52	44071.59
290.59	44062.53
290.65	43995.82
290.72	43895.80
290.79	43814.69
290.85	43771.76
290.92	43779.48
290.98	43856.59
291.05	43973.61
291.12	44096.30
291.18	44216.39
291.25	44317.94
291.32	44398.98
291.38	44471.08
291.45	44549.01
291.52	44614.83
291.58	44660.55
291.65	44690.24
291.72	44696.78
291.78	44668.68
291.85	44601.72
291.91	44526.24
291.98	44469.98
292.05	44408.94
292.11	44351.43
292.18	44307.83
292.25	44234.70
292.31	44149.52
292.38	44083.92
292.45	44028.00
292.51	44007.99
292.58	44036.83
292.64	44070.53
292.71	44126.27
292.78	44207.56
292.84	44287.93
292.91	44383.43
292.98	44478.66
293.04	44574.02
293.11	44656.52
293.17	44745.72
293.24	44829.68
293.31	44931.37
293.37	45005.96
293.44	45071.72
293.51	45114.94
293.57	45120.20
293.64	45086.78
293.70	45041.91
293.77	44953.10
293.84	44814.87
293.90	44668.99
293.97	44527.39
294.04	44406.24
294.10	44330.41
294.17	44320.32
294.23	44347.90
294.30	44383.02
294.37	44409.90
294.43	44424.97
294.50	44420.09
294.56	44409.99
294.63	44425.05
294.70	44474.07
294.76	44562.34
294.83	44680.67
294.90	44809.90
294.96	44950.47
295.03	45078.50
295.09	45207.10
295.16	45319.71
295.23	45426.50
295.29	45510.58
295.36	45579.09
295.42	45614.15
295.49	45648.76
295.56	45668.02
295.62	45669.77
295.69	45637.23
295.75	45577.71
295.82	45474.50
295.89	45327.53
295.95	45150.90
296.02	44981.17
296.08	44828.33
296.15	44690.71
296.22	44604.73
296.28	44560.48
296.35	44570.17
296.41	44619.26
296.48	44735.85
296.55	44880.19
296.61	45053.09
296.68	45229.48
296.74	45402.02
296.81	45548.75
296.88	45664.34
296.94	45759.08
297.01	45827.73
297.07	45899.54
297.14	45973.53
297.20	46058.13
297.27	46151.59
297.34	46252.57
297.40	46340.93
297.47	46390.34
297.53	46418.32
297.60	46420.10
297.67	46383.83
297.73	46308.29
297.80	46200.88
297.86	46036.39
297.93	45831.30
298.00	45609.32
298.06	45407.29
298.13	45268.01
298.19	45197.39
298.26	45195.50
298.32	45249.86
298.39	45317.91
298.46	45392.01
298.52	45493.32
298.59	45586.34
298.65	45700.93
298.72	45848.53
298.78	45992.64
298.85	46132.02
298.92	46278.34
298.98	46414.26
299.05	46520.92
299.11	46627.05
299.18	46701.52
299.24	46770.49
299.31	46820.10
299.38	46870.37
299.44	46900.10
299.51	46946.12
299.57	46972.64
299.64	46988.49
299.70	47002.76
299.77	46979.23
299.84	46898.90
299.90	46746.62
299.97	46502.75
300.03	46179.35
300.10	45869.67
300.16	45611.04
300.23	45465.74
300.30	45457.84
300.36	45543.47
300.43	45697.09
300.49	45868.85
300.56	46049.97
300.62	46224.39
300.69	46399.62
300.75	46543.86
300.82	46697.91
300.89	46805.43
300.95	46917.26
301.02	46992.70
301.08	47077.04
301.15	47124.38
301.21	47193.63
301.28	47234.60
301.34	47290.67
301.41	47333.29
301.48	47379.26
301.54	47391.58
301.61	47408.34
301.67	47407.64
301.74	47372.20
301.80	47297.71
301.87	47190.60
301.93	47014.38
302.00	46800.45
302.06	46560.92
302.13	46338.87
302.20	46157.75
302.26	46033.92
302.33	45982.65
302.39	45998.41
302.46	46054.65
302.52	46147.39
302.59	46265.21
302.65	46397.34
302.72	46532.34
302.78	46669.07
302.85	46792.39
302.91	46904.60
302.98	46988.61
303.05	47064.36
303.11	47135.47
303.18	47190.03
303.24	47252.54
303.31	47302.83
303.37	47344.14
303.44	47368.88
303.50	47387.95
303.57	47364.56
303.63	47342.50
303.70	47324.70
303.76	47296.79
303.83	47257.41
303.89	47211.71
303.96	47136.59
304.03	47020.65
304.09	46876.35
304.16	46670.54
304.22	46429.09
304.29	46207.13
304.35	46025.25
304.42	45915.16
304.48	45888.86
304.55	45944.43
304.61	46025.37
304.68	46137.25
304.74	46231.51
304.81	46334.11
304.87	46419.75
304.94	46506.17
305.00	46565.60
305.07	46616.24
305.13	46640.52
305.20	46664.24
305.26	46686.75
305.33	46703.45
305.39	46727.87
305.46	46739.88
305.52	46751.93
305.59	46752.13
305.66	46745.05
305.72	46708.45
305.79	46688.72
305.85	46640.33
305.92	46551.24
305.98	46421.34
306.05	46247.26
306.11	46035.05
306.18	45797.56
306.24	45585.77
306.31	45387.52
306.37	45208.26
306.44	45043.11
306.50	44922.92
306.57	44841.67
306.63	44846.84
306.70	44924.71
306.76	45050.50
306.83	45201.28
306.89	45338.18
306.96	45434.03
307.02	45509.97
307.09	45571.71
307.15	45600.90
307.22	45625.14
307.28	45633.76
307.35	45620.35
307.41	45603.00
307.48	45589.83
307.54	45570.23
307.61	45543.97
307.67	45511.98
307.74	45479.60
307.80	45444.42
307.87	45407.96
307.93	45367.15
308.00	45339.57
308.06	45285.57
308.13	45226.27
308.19	45141.12
308.26	45055.97
308.32	44968.00
308.38	44876.54
308.45	44767.37
308.51	44662.88
308.58	44522.73
308.64	44366.68
308.71	44232.28
308.77	44135.73
308.84	44054.24
308.90	44052.96
308.97	44066.07
309.03	44096.27
309.10	44118.68
309.16	44150.96
309.23	44159.97
309.29	44163.90
309.36	44142.09
309.42	44123.12
309.49	44097.87
309.55	44059.24
309.62	44015.89
309.68	43992.01
309.75	43934.88
309.81	43884.85
309.88	43832.35
309.94	43769.20
310.00	43697.98
310.07	43643.27
310.13	43584.48
310.20	43517.76
310.26	43462.04
310.33	43396.63
310.39	43342.61
310.46	43270.82
310.52	43200.12
310.59	43117.82
310.65	43023.57
310.72	42909.39
310.78	42802.14
310.85	42708.47
310.91	42641.29
310.97	42597.58
311.04	42576.61
311.10	42552.26
311.17	42526.00
311.23	42502.36
311.30	42475.80
311.36	42453.85
311.43	42446.18
311.49	42430.45
311.56	42411.30
311.62	42399.31
311.69	42381.56
311.75	42360.91
311.81	42327.90
311.88	42278.60
311.94	42222.03
312.01	42159.85
312.07	42098.82
312.14	42056.14
312.20	42027.68
312.27	41985.95
312.33	41938.35
312.40	41879.75
312.46	41806.38
312.52	41726.32
312.59	41651.14
312.65	41582.75
312.72	41514.48
312.78	41442.25
312.85	41368.69
312.91	41289.48
312.98	41199.38
313.04	41114.44
313.10	41029.86
313.17	40947.89
313.23	40879.36
313.30	40824.26
313.36	40771.96
313.43	40737.09
313.49	40722.36
313.56	40691.86
313.62	40665.60
313.68	40640.94
313.75	40616.05
313.81	40566.60
313.88	40536.00
313.94	40498.16
314.01	40456.25
314.07	40413.55
314.13	40378.34
314.20	40334.12
314.26	40291.16
314.33	40256.38
314.39	40214.48
314.46	40152.89
314.52	40100.67
314.58	40043.78
314.65	39968.74
314.71	39885.46
314.78	39824.59
314.84	39756.79
314.91	39693.69
314.97	39645.90
315.03	39599.33
315.10	39549.47
315.16	39500.21
315.23	39441.48
315.29	39380.18
315.36	39326.34
315.42	39274.13
315.48	39217.27
315.55	39171.67
315.61	39117.73
315.68	39066.09
315.74	39004.95
315.81	38952.97
315.87	38899.67
315.93	38863.87
316.00	38852.55
316.06	38842.90
316.13	38825.87
316.19	38789.41
316.25	38716.65
316.32	38577.95
316.38	38416.23
316.45	38225.66
316.51	38002.25
316.58	37763.12
316.64	37518.56
316.70	37283.39
316.77	37028.31
316.83	36782.97
316.90	36531.44
316.96	36289.65
317.02	36033.94
317.09	35799.14
317.15	35555.54
317.22	35308.33
317.28	35051.78
317.34	34787.73
317.41	34524.03
317.47	34260.09
317.54	34004.95
317.60	33762.74
317.66	33511.52
317.73	33247.76
317.79	32991.80
317.86	32729.34
317.92	32462.24
317.98	32194.03
318.05	31925.44
318.11	31649.84
318.18	31384.65
318.24	31104.17
318.30	30834.64
318.37	30558.85
318.43	30280.62
318.50	30000.39
318.56	29719.49
318.62	29437.64
318.69	29162.99
318.75	28897.36
318.82	28621.62
318.88	28351.82
318.94	28079.53
319.01	27808.56
319.07	27534.32
319.13	27262.95
319.20	26989.51
319.26	26703.95
319.33	26420.44
319.39	26123.79
319.45	25838.18
319.52	25553.51
319.58	25275.85
319.65	24990.70
319.71	24715.22
319.77	24425.88
319.84	24142.57
319.90	23864.90
319.96	23581.25
320.03	23296.82
320.09	23025.42
320.16	22740.96
320.22	22454.94
320.28	22172.17
320.35	21885.27
320.41	21595.21
320.47	21321.28
320.54	21039.44
320.60	20766.16
320.67	20500.02
320.73	20230.27
320.79	19951.03
320.86	19676.81
320.92	19388.20
320.98	19090.54
321.05	18788.75
321.11	18494.16
321.18	18197.49
321.24	17918.53
321.30	17639.99
321.37	17372.52
321.43	17099.03
321.49	16825.09
321.56	16545.80
321.62	16286.71
321.68	16010.99
321.75	15734.65
321.81	15467.07
321.88	15189.14
321.94	14896.97
322.00	14610.62
322.07	14333.94
322.13	14047.04
322.19	13761.02
322.26	13478.79
322.32	13207.90
322.38	12927.88
322.45	12663.49
322.51	12398.28
322.58	12134.64
322.64	11860.38
322.70	11593.94
322.77	11315.63
322.83	11055.54
322.89	10780.39
322.96	10511.74
323.02	10245.65
323.08	9976.95
323.15	9705.10
323.21	9446.10
323.27	9186.93
323.34	8932.85
323.40	8690.40
323.46	8438.87
323.53	8088.26
323.59	6985.71
323.65	5403.03
323.72	3742.15
323.78	2138.86
323.85	689.22
323.91	40.54
323.97	-82.06
324.04	-82.71
