180.21	3366.05
180.28	-115.52
180.36	624.96
180.44	-42.93
180.51	-14.03
180.59	7.11
180.66	33.47
180.74	29.80
180.81	28.75
180.89	30.29
180.97	31.68
181.04	29.42
181.12	27.99
181.19	27.85
181.27	28.15
181.34	45.31
181.42	51.73
181.50	59.35
181.57	71.23
181.65	76.54
181.72	70.27
181.80	65.45
181.87	65.89
181.95	65.80
182.03	65.25
182.10	67.64
182.18	70.40
182.25	75.03
182.33	74.79
182.40	81.06
182.48	76.71
182.55	87.04
182.63	90.92
182.71	93.29
182.78	95.00
182.86	101.14
182.93	98.11
183.01	100.29
183.08	101.07
183.16	106.65
183.23	103.19
183.31	109.65
183.39	109.44
183.46	118.64
183.54	114.87
183.61	122.98
183.69	125.06
183.76	135.89
183.84	134.98
183.91	136.34
183.99	145.66
184.06	147.28
184.14	149.93
184.22	155.36
184.29	158.98
184.37	156.30
184.44	151.50
184.52	140.39
184.59	137.20
184.67	141.45
184.74	137.23
184.82	150.19
184.89	163.26
184.97	175.00
185.04	183.50
185.12	193.52
185.20	202.50
185.27	211.85
185.35	221.56
185.42	222.28
185.50	236.11
185.57	238.83
185.65	246.04
185.72	247.05
185.80	258.33
185.87	257.45
185.95	257.51
186.02	259.37
186.10	259.22
186.17	258.53
186.25	258.67
186.33	251.10
186.40	243.34
186.48	243.76
186.55	248.17
186.63	253.22
186.70	279.96
186.78	300.99
186.85	322.11
186.93	336.73
187.00	354.79
187.08	359.73
187.15	372.77
187.23	383.56
187.30	396.09
187.38	412.83
187.45	433.28
187.53	450.43
187.60	459.64
187.68	471.52
187.75	482.59
187.83	490.55
187.90	485.79
187.98	483.67
188.05	481.80
188.13	463.29
188.21	437.64
188.28	433.83
188.36	431.42
188.43	434.67
188.51	454.87
188.58	489.84
188.66	506.26
188.73	531.70
188.81	561.69
188.88	582.00
188.96	599.16
189.03	628.16
189.11	652.51
189.18	667.51
189.26	686.50
189.33	715.00
189.41	743.17
189.48	765.01
189.56	785.99
189.63	805.91
189.71	806.42
189.78	791.04
189.86	774.07
189.93	759.48
190.01	735.20
190.08	715.13
190.16	699.47
190.23	680.14
190.31	671.65
190.38	670.42
190.46	683.53
190.53	711.06
190.61	761.10
190.68	794.16
190.76	843.11
190.83	883.14
190.91	916.50
190.98	935.46
191.06	965.46
191.13	986.22
191.21	1003.45
191.28	1013.11
191.35	1023.65
191.43	1026.80
191.50	1023.35
191.58	1026.97
191.65	1040.34
191.73	1049.93
191.80	1059.95
191.88	1066.07
191.95	1067.10
192.03	1067.10
192.10	1072.08
192.18	1079.13
192.25	1089.36
192.33	1092.43
192.40	1086.39
192.48	1078.33
192.55	1075.37
192.63	1069.27
192.70	1077.55
192.78	1095.16
192.85	1122.99
192.93	1142.46
193.00	1156.89
193.08	1161.83
193.15	1164.67
193.22	1166.75
193.30	1177.70
193.37	1215.74
193.45	1250.67
193.52	1295.92
193.60	1343.21
193.67	1380.92
193.75	1404.65
193.82	1435.03
193.90	1448.23
193.97	1454.40
194.05	1452.35
194.12	1441.44
194.20	1426.96
194.27	1412.83
194.34	1382.22
194.42	1359.83
194.49	1346.74
194.57	1335.76
194.64	1322.87
194.72	1319.61
194.79	1321.50
194.87	1336.99
194.94	1368.70
195.02	1418.16
195.09	1475.85
195.17	1541.14
195.24	1594.42
195.31	1635.08
195.39	1662.84
195.46	1682.99
195.54	1694.39
195.61	1692.89
195.69	1679.10
195.76	1655.01
195.84	1625.23
195.91	1571.39
195.99	1511.49
196.06	1459.76
196.13	1433.09
196.21	1426.46
196.28	1454.15
196.36	1513.41
196.43	1582.61
196.51	1652.58
196.58	1719.77
196.66	1775.43
196.73	1815.14
196.80	1842.89
196.88	1856.50
196.95	1864.24
197.03	1864.16
197.10	1846.52
197.18	1823.16
197.25	1785.82
197.33	1732.48
197.40	1681.13
197.47	1629.60
197.55	1588.85
197.62	1566.64
197.70	1571.34
197.77	1593.59
197.85	1645.51
197.92	1707.98
197.99	1777.17
198.07	1853.12
198.14	1920.01
198.22	1984.56
198.29	2030.44
198.37	2070.65
198.44	2093.66
198.51	2102.22
198.59	2088.91
198.66	2073.83
198.74	2031.75
198.81	1969.34
198.89	1891.33
198.96	1819.24
199.03	1744.96
199.11	1700.81
199.18	1684.83
199.26	1712.98
199.33	1769.47
199.41	1855.37
199.48	1940.55
199.55	2032.14
199.63	2105.62
199.70	2172.40
199.78	2222.01
199.85	2266.08
199.93	2292.99
200.00	2320.91
200.07	2321.97
200.15	2313.17
200.22	2286.02
200.30	2227.03
200.37	2143.68
200.44	2039.62
200.52	1942.02
200.59	1880.29
200.67	1861.00
200.74	1879.42
200.81	1946.81
200.89	2028.48
200.96	2113.03
201.04	2195.65
201.11	2286.13
201.19	2369.72
201.26	2445.68
201.33	2504.55
201.41	2553.40
201.48	2583.55
201.56	2592.88
201.63	2596.90
201.70	2568.98
201.78	2521.04
201.85	2447.26
201.93	2361.67
202.00	2270.61
202.07	2205.37
202.15	2145.43
202.22	2120.11
202.30	2141.92
202.37	2195.12
202.44	2275.00
202.52	2396.13
202.59	2526.71
202.67	2636.01
202.74	2737.39
202.81	2818.04
202.89	2884.27
202.96	2948.43
203.04	3006.75
203.11	3037.35
203.18	3057.44
203.26	3047.80
203.33	2989.38
203.41	2901.89
203.48	2787.63
203.55	2632.18
203.63	2489.95
203.70	2405.71
203.77	2384.55
203.85	2432.47
203.92	2548.79
204.00	2709.27
204.07	2858.18
204.14	2999.73
204.22	3123.10
204.29	3242.59
204.37	3340.59
204.44	3426.70
204.51	3501.01
204.59	3548.99
204.66	3573.05
204.73	3573.02
204.81	3547.86
204.88	3486.90
204.96	3399.50
205.03	3272.22
205.10	3131.35
205.18	3013.03
205.25	2920.14
205.32	2872.80
205.40	2897.03
205.47	2978.14
205.55	3097.87
205.62	3257.55
205.69	3444.33
205.77	3626.81
205.84	3800.15
205.91	3948.52
205.99	4073.09
206.06	4167.83
206.14	4261.77
206.21	4336.93
206.28	4392.70
206.36	4432.63
206.43	4433.32
206.50	4385.82
206.58	4288.14
206.65	4135.22
206.72	3922.43
206.80	3711.39
206.87	3538.13
206.95	3452.29
207.02	3478.97
207.09	3614.75
207.17	3830.23
207.24	4070.21
207.31	4303.69
207.39	4516.22
207.46	4708.45
207.53	4874.54
207.61	5036.31
207.68	5181.53
207.75	5313.16
207.83	5421.88
207.90	5505.20
207.98	5539.30
208.05	5532.55
208.12	5465.10
208.20	5347.83
208.27	5175.06
208.34	4959.69
208.42	4736.96
208.49	4571.21
208.56	4476.85
208.64	4489.89
208.71	4603.74
208.78	4778.33
208.86	4999.58
208.93	5232.93
209.00	5470.53
209.08	5705.49
209.15	5947.62
209.22	6169.75
209.30	6372.02
209.37	6548.53
209.44	6707.37
209.52	6841.65
209.59	6935.84
209.67	6998.15
209.74	7009.61
209.81	6972.69
209.89	6854.08
209.96	6664.70
210.03	6425.01
210.11	6182.87
210.18	5965.21
210.25	5834.31
210.33	5821.86
210.40	5932.89
210.47	6146.90
210.55	6424.97
210.62	6733.49
210.69	7040.04
210.77	7334.42
210.84	7599.15
210.91	7849.42
210.99	8068.81
211.06	8283.51
211.13	8480.63
211.21	8656.76
211.28	8793.78
211.35	8907.87
211.42	8945.48
211.50	8907.91
211.57	8785.50
211.64	8585.44
211.72	8302.69
211.79	8000.37
211.86	7771.52
211.94	7694.35
212.01	7756.83
212.08	7968.48
212.16	8286.10
212.23	8621.86
212.30	8913.54
212.38	9173.13
212.45	9411.30
212.52	9634.32
212.60	9848.30
212.67	10062.73
212.74	10286.99
212.82	10508.68
212.89	10725.75
212.96	10917.10
213.03	11064.72
213.11	11159.85
213.18	11168.91
213.25	11107.20
213.33	10951.56
213.40	10725.20
213.47	10499.07
213.55	10335.22
213.62	10235.00
213.69	10269.44
213.77	10437.63
213.84	10682.70
213.91	10978.78
213.98	11288.01
214.06	11580.10
214.13	11838.19
214.20	12064.15
214.28	12284.51
214.35	12531.27
214.42	12799.88
214.50	13079.63
214.57	13360.05
214.64	13611.48
214.72	13814.59
214.79	13958.42
214.86	14044.91
214.93	14060.22
215.01	13996.04
215.08	13835.61
215.15	13588.06
215.23	13296.80
215.30	13075.01
215.37	12983.41
215.44	13080.55
215.52	13348.06
215.59	13743.02
215.66	14171.54
215.74	14567.17
215.81	14898.74
215.88	15206.24
215.95	15502.56
216.03	15778.75
216.10	16050.78
216.17	16313.73
216.25	16540.83
216.32	16733.66
216.39	16895.44
216.46	17035.02
216.54	17143.22
216.61	17219.78
216.68	17232.42
216.76	17190.91
216.83	17056.48
216.90	16850.42
216.97	16639.93
217.05	16502.57
217.12	16475.47
217.19	16603.33
217.27	16876.03
217.34	17240.07
217.41	17656.22
217.48	18074.69
217.56	18466.24
217.63	18832.40
217.70	19168.17
217.78	19447.69
217.85	19686.83
217.92	19899.38
217.99	20093.83
218.07	20261.89
218.14	20421.00
218.21	20584.22
218.28	20757.02
218.36	20914.32
218.43	21028.08
218.50	21085.93
218.57	21057.53
218.65	20907.74
218.72	20666.10
218.79	20422.14
218.87	20244.47
218.94	20199.54
219.01	20333.26
219.08	20637.29
219.16	21053.26
219.23	21509.64
219.30	21940.79
219.37	22320.05
219.45	22658.39
219.52	22965.02
219.59	23240.39
219.66	23496.69
219.74	23752.57
219.81	24007.90
219.88	24239.69
219.95	24466.30
220.03	24681.75
220.10	24872.05
220.17	25020.01
220.24	25114.09
220.32	25131.40
220.39	25069.11
220.46	24920.39
220.53	24702.83
220.61	24487.82
220.68	24356.52
220.75	24359.90
220.82	24514.52
220.90	24791.57
220.97	25140.89
221.04	25489.47
221.11	25797.78
221.19	26076.72
221.26	26346.82
221.33	26606.47
221.40	26880.50
221.48	27150.98
221.55	27415.01
221.62	27666.05
221.69	27913.95
221.77	28129.93
221.84	28338.61
221.91	28508.67
221.98	28642.39
222.06	28749.87
222.13	28821.23
222.20	28830.53
222.27	28818.46
222.35	28763.08
222.42	28700.95
222.49	28676.19
222.56	28708.58
222.63	28782.17
222.71	28925.26
222.78	29100.99
222.85	29283.91
222.92	29480.19
223.00	29686.15
223.07	29907.18
223.14	30124.46
223.21	30346.12
223.29	30578.57
223.36	30819.85
223.43	31043.96
223.50	31278.38
223.57	31506.29
223.65	31710.68
223.72	31876.59
223.79	32006.81
223.86	32089.62
223.94	32151.62
224.01	32180.88
224.08	32196.42
224.15	32217.07
224.22	32249.39
224.30	32273.49
224.37	32326.56
224.44	32420.31
224.51	32537.09
224.59	32657.76
224.66	32807.48
224.73	32966.79
224.80	33122.63
224.87	33293.46
224.95	33499.65
225.02	33707.99
225.09	33916.99
225.16	34113.12
225.23	34300.94
225.31	34460.66
225.38	34600.17
225.45	34715.33
225.52	34825.22
225.60	34906.54
225.67	34972.46
225.74	35001.90
225.81	35008.83
225.88	35017.66
225.96	35049.08
226.03	35103.85
226.10	35207.94
226.17	35346.92
226.24	35496.40
226.32	35651.02
226.39	35813.77
226.46	35970.00
226.53	36129.15
226.60	36286.72
226.68	36433.31
226.75	36559.69
226.82	36692.84
226.89	36815.93
226.96	36934.81
227.04	37034.91
227.11	37119.52
227.18	37197.70
227.25	37260.86
227.32	37329.91
227.40	37409.09
227.47	37482.09
227.54	37546.10
227.61	37594.03
227.68	37609.29
227.76	37626.51
227.83	37653.74
227.90	37692.90
227.97	37780.17
228.04	37886.74
228.11	38001.40
228.19	38127.30
228.26	38248.70
228.33	38367.70
228.40	38482.51
228.47	38610.30
228.55	38728.99
228.62	38845.78
228.69	38939.19
228.76	39036.40
228.83	39099.01
228.90	39175.95
228.98	39260.58
229.05	39352.46
229.12	39457.90
229.19	39581.12
229.26	39687.53
229.34	39777.84
229.41	39860.66
229.48	39912.21
229.55	39946.31
229.62	39989.57
229.69	40010.36
229.77	40022.28
229.84	40036.10
229.91	40059.45
229.98	40086.90
230.05	40139.68
230.12	40207.35
230.20	40306.85
230.27	40411.72
230.34	40514.86
230.41	40627.40
230.48	40724.59
230.55	40803.71
230.63	40872.38
230.70	40943.14
230.77	40985.18
230.84	41039.46
230.91	41079.26
230.98	41136.15
231.06	41183.23
231.13	41254.94
231.20	41342.05
231.27	41451.26
231.34	41541.35
231.41	41630.37
231.49	41701.39
231.56	41763.09
231.63	41812.22
231.70	41857.22
231.77	41899.30
231.84	41933.01
231.92	41957.21
231.99	41981.40
232.06	42010.19
232.13	42046.47
232.20	42116.70
232.27	42179.90
232.34	42250.31
232.42	42302.55
232.49	42357.54
232.56	42393.16
232.63	42449.01
232.70	42490.48
232.77	42562.48
232.85	42626.04
232.92	42686.85
232.99	42728.21
233.06	42770.43
233.13	42799.11
233.20	42832.48
233.27	42857.29
233.35	42877.38
233.42	42904.17
233.49	42929.15
233.56	42968.73
233.63	43012.19
233.70	43063.08
233.77	43110.82
233.85	43163.80
233.92	43199.96
233.99	43239.68
234.06	43281.46
234.13	43321.97
234.20	43372.91
234.27	43402.45
234.35	43425.83
234.42	43453.41
234.49	43472.24
234.56	43474.01
234.63	43481.94
234.70	43495.94
234.77	43497.49
234.84	43499.37
234.92	43492.06
234.99	43505.37
235.06	43533.40
235.13	43554.37
235.20	43585.70
235.27	43639.59
235.34	43672.03
235.41	43698.01
235.49	43739.83
235.56	43789.60
235.63	43818.31
235.70	43855.85
235.77	43876.21
235.84	43892.77
235.91	43886.48
235.98	43885.18
236.06	43868.45
236.13	43863.78
236.20	43853.62
236.27	43848.65
236.34	43850.76
236.41	43867.77
236.48	43886.57
236.55	43900.58
236.63	43911.34
236.70	43911.12
236.77	43921.71
236.84	43938.10
236.91	43958.34
236.98	43978.32
237.05	44011.19
237.12	44022.90
237.19	44018.46
237.27	44013.72
237.34	44015.68
237.41	44016.28
237.48	44020.49
237.55	44025.34
237.62	44044.05
237.69	44059.79
237.76	44071.45
237.83	44097.17
237.91	44121.74
237.98	44134.14
238.05	44150.21
238.12	44158.08
238.19	44153.54
238.26	44173.89
238.33	44191.42
238.40	44189.08
238.47	44198.31
238.54	44217.44
238.62	44200.99
238.69	44186.94
238.76	44184.25
238.83	44165.82
238.90	44163.59
238.97	44173.57
239.04	44192.12
239.11	44205.15
239.18	44241.74
239.25	44249.02
239.33	44249.61
239.40	44234.94
239.47	44235.16
239.54	44206.26
239.61	44176.25
239.68	44161.30
239.75	44162.15
239.82	44149.18
239.89	44154.00
239.96	44168.08
240.03	44181.77
240.11	44181.81
240.18	44199.17
240.25	44210.24
240.32	44218.54
240.39	44239.32
240.46	44256.86
240.53	44280.23
240.60	44317.52
240.67	44357.17
240.74	44376.54
240.81	44407.90
240.88	44424.78
240.96	44436.56
241.03	44436.40
241.10	44447.25
241.17	44454.81
241.24	44464.33
241.31	44470.78
241.38	44482.41
241.45	44469.94
241.52	44462.13
241.59	44467.13
241.66	44478.37
241.73	44494.41
241.80	44531.57
241.88	44550.78
241.95	44563.09
242.02	44569.13
242.09	44563.85
242.16	44557.58
242.23	44568.89
242.30	44575.77
242.37	44586.83
242.44	44616.46
242.51	44620.04
242.58	44627.53
242.65	44629.88
242.72	44644.65
242.79	44655.95
242.87	44691.00
242.94	44712.46
243.01	44739.07
243.08	44759.32
243.15	44771.85
243.22	44790.72
243.29	44826.23
243.36	44853.84
243.43	44881.00
243.50	44927.28
243.57	44977.80
243.64	45004.64
243.71	45062.80
243.78	45099.92
243.85	45120.40
243.92	45126.74
243.99	45146.23
244.07	45144.20
244.14	45151.91
244.21	45158.25
244.28	45164.49
244.35	45184.94
244.42	45197.77
244.49	45224.50
244.56	45253.76
244.63	45289.80
244.70	45302.63
244.77	45324.98
244.84	45340.23
244.91	45362.73
244.98	45401.18
245.05	45443.11
245.12	45485.34
245.19	45532.17
245.26	45581.17
245.33	45610.19
245.40	45654.48
245.47	45698.91
245.55	45750.51
245.62	45783.22
245.69	45823.32
245.76	45867.33
245.83	45910.71
245.90	45947.11
245.97	45998.86
246.04	46050.07
246.11	46083.24
246.18	46093.92
246.25	46106.60
246.32	46115.48
246.39	46123.31
246.46	46155.51
246.53	46216.44
246.60	46262.72
246.67	46324.12
246.74	46391.06
246.81	46455.66
246.88	46514.20
246.95	46581.89
247.02	46632.55
247.09	46682.57
247.16	46707.17
247.23	46714.83
247.30	46722.90
247.37	46726.14
247.44	46743.73
247.51	46766.75
247.58	46813.12
247.66	46874.96
247.73	46941.38
247.80	46999.74
247.87	47072.95
247.94	47159.60
248.01	47230.72
248.08	47298.09
248.15	47361.46
248.22	47414.97
248.29	47454.71
248.36	47494.45
248.43	47541.65
248.50	47591.79
248.57	47646.12
248.64	47697.35
248.71	47762.29
248.78	47838.19
248.85	47889.20
248.92	47944.02
248.99	47986.70
249.06	48017.56
249.13	48041.00
249.20	48090.39
249.27	48131.71
249.34	48180.77
249.41	48224.04
249.48	48249.09
249.55	48274.29
249.62	48303.72
249.69	48322.68
249.76	48348.85
249.83	48407.55
249.90	48463.42
249.97	48519.79
250.04	48614.03
250.11	48712.59
250.18	48784.96
250.25	48846.13
250.32	48907.23
250.39	48951.73
250.46	48998.55
250.53	49070.28
250.60	49149.29
250.67	49231.60
250.74	49302.20
250.81	49349.25
250.88	49386.96
250.95	49419.00
251.02	49444.15
251.09	49476.03
251.16	49518.65
251.23	49547.87
251.30	49581.43
251.37	49623.69
251.44	49654.91
251.51	49713.32
251.58	49781.07
251.65	49850.69
251.72	49912.37
251.79	49986.09
251.86	50030.94
251.93	50078.36
252.00	50097.63
252.07	50120.38
252.14	50139.84
252.21	50165.66
252.28	50193.66
252.35	50238.89
252.42	50303.06
252.49	50369.48
252.56	50437.15
252.63	50492.24
252.70	50547.92
252.77	50592.78
252.84	50644.17
252.91	50694.06
252.98	50745.40
253.05	50790.61
253.12	50825.29
253.19	50854.88
253.25	50891.52
253.32	50921.49
253.39	50975.21
253.46	51024.57
253.53	51065.79
253.60	51081.98
253.67	51109.93
253.74	51136.90
253.81	51172.52
253.88	51214.62
253.95	51271.88
254.02	51322.50
254.09	51371.03
254.16	51414.17
254.23	51441.86
254.30	51476.38
254.37	51516.77
254.44	51553.44
254.51	51595.53
254.58	51647.10
254.65	51689.05
254.72	51726.61
254.79	51747.97
254.86	51768.01
254.93	51783.94
255.00	51804.71
255.07	51844.55
255.14	51897.79
255.21	51937.71
255.28	51962.90
255.34	51968.50
255.41	51969.99
255.48	51978.81
255.55	51978.50
255.62	52009.90
255.69	52052.07
255.76	52090.35
255.83	52120.42
255.90	52167.12
255.97	52208.25
256.04	52239.89
256.11	52275.61
256.18	52320.07
256.25	52367.29
256.32	52404.75
256.39	52461.16
256.46	52500.57
256.53	52522.07
256.60	52562.44
256.67	52598.71
256.74	52615.13
256.80	52636.61
256.87	52661.48
256.94	52657.26
257.01	52657.71
257.08	52683.14
257.15	52705.98
257.22	52723.52
257.29	52731.95
257.36	52725.47
257.43	52698.49
257.50	52680.73
257.57	52668.94
257.64	52679.54
257.71	52704.79
257.78	52754.06
257.85	52786.90
257.92	52836.75
257.98	52883.87
258.05	52922.20
258.12	52933.58
258.19	52937.44
258.26	52905.43
258.33	52852.08
258.40	52804.88
258.47	52775.08
258.54	52760.16
258.61	52777.25
258.68	52825.68
258.75	52880.18
258.82	52929.04
258.89	52969.60
258.95	52988.31
259.02	52999.01
259.09	52993.84
259.16	52977.50
259.23	52961.41
259.30	52946.69
259.37	52926.40
259.44	52916.02
259.51	52933.51
259.58	52956.50
259.65	52976.17
259.72	52991.21
259.79	52997.42
259.85	52965.98
259.92	52940.82
259.99	52939.29
260.06	52951.44
260.13	52961.62
260.20	52983.03
260.27	52978.74
260.34	52942.70
260.41	52898.49
260.48	52873.86
260.55	52870.11
260.62	52873.64
260.68	52882.44
260.75	52881.66
260.82	52890.34
260.89	52874.51
260.96	52873.60
261.03	52878.76
261.10	52886.11
261.17	52860.45
261.24	52823.51
261.31	52777.48
261.38	52734.18
261.44	52679.11
261.51	52638.96
261.58	52626.90
261.65	52626.76
261.72	52617.08
261.79	52627.29
261.86	52626.50
261.93	52625.75
262.00	52606.48
262.07	52588.51
262.13	52558.25
262.20	52537.28
262.27	52506.84
262.34	52498.94
262.41	52492.53
262.48	52496.69
262.55	52508.95
262.62	52519.79
262.69	52508.78
262.76	52496.35
262.82	52476.73
262.89	52442.91
262.96	52423.80
263.03	52413.64
263.10	52413.33
263.17	52402.28
263.24	52391.82
263.31	52383.24
263.38	52375.64
263.44	52385.19
263.51	52383.98
263.58	52375.71
263.65	52350.09
263.72	52295.93
263.79	52212.25
263.86	52151.27
263.93	52104.70
264.00	52070.00
264.06	52068.47
264.13	52063.91
264.20	52052.28
264.27	52014.17
264.34	51959.22
264.41	51896.81
264.48	51841.76
264.55	51786.90
264.61	51757.01
264.68	51723.74
264.75	51688.84
264.82	51642.95
264.89	51608.79
264.96	51577.83
265.03	51561.71
265.10	51540.70
265.16	51546.14
265.23	51536.34
265.30	51517.45
265.37	51488.41
265.44	51460.14
265.51	51437.36
265.58	51423.07
265.65	51420.65
265.71	51423.59
265.78	51438.69
265.85	51407.22
265.92	51368.95
265.99	51297.62
266.06	51223.68
266.13	51139.29
266.20	51086.01
266.26	51044.12
266.33	51022.56
266.40	51000.47
266.47	50956.62
266.54	50899.51
266.61	50854.05
266.68	50808.28
266.74	50762.22
266.81	50752.79
266.88	50722.28
266.95	50655.55
267.02	50596.20
267.09	50551.50
267.16	50489.39
267.22	50469.18
267.29	50479.87
267.36	50494.45
267.43	50505.54
267.50	50525.52
267.57	50532.63
267.64	50512.98
267.70	50467.58
267.77	50399.22
267.84	50338.28
267.91	50288.69
267.98	50241.89
268.05	50231.88
268.11	50230.03
268.18	50204.59
268.25	50150.83
268.32	50092.68
268.39	50010.20
268.46	49923.06
268.53	49824.60
268.59	49726.83
268.66	49656.43
268.73	49599.15
268.80	49566.04
268.87	49557.53
268.94	49592.77
269.00	49635.27
269.07	49672.05
269.14	49693.78
269.21	49690.92
269.28	49656.01
269.35	49605.40
269.41	49556.21
269.48	49513.91
269.55	49487.37
269.62	49481.03
269.69	49478.41
269.76	49454.61
269.82	49411.47
269.89	49388.54
269.96	49356.74
270.03	49298.91
270.10	49259.60
270.17	49213.29
270.23	49155.44
270.30	49102.69
270.37	49085.00
270.44	49071.88
270.51	49068.10
270.58	49068.62
270.64	49061.70
270.71	49035.75
270.78	49017.09
270.85	49005.88
270.92	48995.79
270.99	48982.49
271.05	48965.16
271.12	48910.97
271.19	48856.12
271.26	48787.50
271.33	48721.88
271.39	48676.53
271.46	48634.56
271.53	48600.00
271.60	48583.61
271.67	48562.36
271.74	48523.45
271.80	48507.14
271.87	48490.99
271.94	48459.07
272.01	48412.99
272.08	48375.59
272.14	48338.16
272.21	48302.10
272.28	48287.10
272.35	48274.97
272.42	48275.77
272.48	48267.62
272.55	48265.37
272.62	48255.41
272.69	48250.19
272.76	48232.42
272.83	48217.87
272.89	48182.50
272.96	48147.26
273.03	48128.51
273.10	48099.61
273.17	48081.03
273.23	48063.34
273.30	48033.31
273.37	47978.36
273.44	47916.08
273.51	47849.72
273.57	47795.26
273.64	47759.45
273.71	47746.55
273.78	47751.20
273.85	47767.85
273.91	47790.23
273.98	47817.27
274.05	47867.02
274.12	47941.81
274.19	48002.83
274.25	48060.87
274.32	48084.30
274.39	48063.52
274.46	48002.96
274.53	47918.22
274.59	47811.86
274.66	47724.09
274.73	47650.91
274.80	47582.16
274.86	47536.11
274.93	47510.47
275.00	47486.29
275.07	47474.52
275.14	47455.29
275.20	47432.56
275.27	47410.13
275.34	47383.36
275.41	47350.44
275.48	47351.61
275.54	47363.76
275.61	47378.76
275.68	47394.58
275.75	47400.74
275.81	47378.43
275.88	47368.28
275.95	47357.34
276.02	47353.35
276.09	47346.80
276.15	47351.56
276.22	47340.79
276.29	47317.74
276.36	47256.04
276.42	47183.44
276.49	47105.61
276.56	47008.78
276.63	46926.90
276.70	46883.67
276.76	46861.64
276.83	46868.80
276.90	46909.06
276.97	46939.65
277.03	46966.35
277.10	46973.34
277.17	46945.99
277.24	46896.79
277.30	46860.41
277.37	46835.15
277.44	46839.39
277.51	46851.79
277.58	46871.10
277.64	46871.53
277.71	46851.54
277.78	46799.59
277.85	46724.13
277.91	46624.22
277.98	46539.11
278.05	46463.04
278.12	46413.93
278.18	46382.85
278.25	46396.26
278.32	46414.87
278.39	46453.02
278.45	46509.91
278.52	46579.39
278.59	46634.51
278.66	46684.51
278.72	46702.66
278.79	46679.18
278.86	46615.10
278.93	46520.05
278.99	46400.91
279.06	46284.06
279.13	46199.47
279.20	46179.75
279.26	46207.48
279.33	46264.95
279.40	46350.58
279.47	46429.14
279.53	46477.12
279.60	46463.89
279.67	46404.57
279.74	46264.28
279.80	46105.79
279.87	45946.50
279.94	45839.52
280.01	45775.15
280.07	45783.85
280.14	45804.28
280.21	45832.77
280.28	45859.14
280.34	45889.40
280.41	45905.41
280.48	45912.42
280.55	45918.58
280.61	45925.36
280.68	45918.39
280.75	45910.27
280.82	45908.81
280.88	45899.70
280.95	45877.64
281.02	45835.80
281.08	45772.30
281.15	45693.52
281.22	45616.56
281.29	45515.98
281.35	45426.86
281.42	45325.97
281.49	45215.90
281.56	45107.72
281.62	45023.54
281.69	44939.05
281.76	44894.15
281.82	44876.33
281.89	44864.72
281.96	44855.74
282.03	44867.85
282.09	44890.26
282.16	44903.04
282.23	44915.94
282.30	44955.18
282.36	44992.50
282.43	45022.49
282.50	45075.60
282.56	45110.69
282.63	45126.36
282.70	45141.79
282.77	45160.62
282.83	45163.50
282.90	45170.88
282.97	45165.48
283.03	45119.76
283.10	45024.82
283.17	44895.66
283.24	44743.93
283.30	44585.91
283.37	44457.91
283.44	44381.30
283.50	44347.03
283.57	44348.67
283.64	44356.58
283.71	44369.35
283.77	44389.61
283.84	44410.06
283.91	44417.13
283.97	44448.93
284.04	44491.08
284.11	44520.36
284.18	44550.79
284.24	44584.83
284.31	44600.84
284.38	44593.98
284.44	44570.38
284.51	44567.61
284.58	44568.76
284.64	44555.18
284.71	44552.14
284.78	44535.88
284.85	44489.22
284.91	44433.02
284.98	44385.42
285.05	44321.14
285.11	44252.96
285.18	44157.64
285.25	44061.65
285.31	43960.05
285.38	43887.23
285.45	43859.78
285.52	43893.42
285.58	43947.19
285.65	44022.21
285.72	44094.19
285.78	44160.24
285.85	44202.28
285.92	44246.28
285.98	44294.06
286.05	44336.95
286.12	44389.12
286.18	44439.53
286.25	44480.54
286.32	44509.52
286.39	44541.11
286.45	44541.05
286.52	44509.34
286.59	44436.84
286.65	44319.08
286.72	44177.63
286.79	44029.46
286.85	43899.72
286.92	43811.10
286.99	43768.26
287.05	43742.42
287.12	43751.36
287.19	43798.05
287.25	43848.30
287.32	43907.92
287.39	43981.21
287.45	44039.08
287.52	44076.03
287.59	44109.82
287.65	44143.12
287.72	44159.52
287.79	44189.96
287.86	44207.82
287.92	44228.53
287.99	44251.45
288.06	44297.16
288.12	44318.94
288.19	44351.95
288.26	44370.87
288.32	44382.67
288.39	44369.80
288.46	44361.63
288.52	44326.62
288.59	44275.46
288.66	44186.78
288.72	44084.48
288.79	43964.39
288.86	43854.64
288.92	43769.46
288.99	43731.66
289.06	43737.97
289.12	43788.68
289.19	43859.32
289.26	43961.87
289.32	44070.14
289.39	44171.85
289.45	44268.27
289.52	44353.36
289.59	44421.86
289.65	44448.76
289.72	44456.21
289.79	44456.96
289.85	44450.39
289.92	44427.58
289.99	44405.38
290.05	44366.96
290.12	44305.32
290.19	44256.88
290.25	44201.80
290.32	44175.41
290.39	44182.42
290.45	44198.38
290.52	44201.32
290.59	44197.23
290.65	44146.95
290.72	44050.90
290.79	43969.13
290.85	43925.43
290.92	43928.71
290.98	44002.48
291.05	44128.80
291.12	44249.73
291.18	44365.54
291.25	44456.45
291.32	44535.61
291.38	44602.89
291.45	44677.06
291.52	44739.22
291.58	44788.59
291.65	44810.77
291.72	44809.26
291.78	44787.49
291.85	44715.62
291.91	44656.73
291.98	44609.53
292.05	44557.65
292.11	44502.18
292.18	44455.45
292.25	44384.79
292.31	44296.89
292.38	44230.79
292.45	44182.86
292.51	44177.63
292.58	44191.45
292.64	44222.93
292.71	44268.25
292.78	44334.89
292.84	44403.03
292.91	44494.32
292.98	44604.07
293.04	44706.57
293.11	44792.71
293.17	44892.46
293.24	44986.42
293.31	45060.33
293.37	45137.49
293.44	45203.41
293.51	45236.25
293.57	45231.93
293.64	45208.37
293.70	45158.01
293.77	45074.14
293.84	44944.56
293.90	44799.59
293.97	44664.26
294.04	44545.89
294.10	44473.76
294.17	44467.40
294.23	44499.28
294.30	44537.08
294.37	44560.50
294.43	44562.15
294.50	44540.63
294.56	44530.48
294.63	44531.45
294.70	44577.63
294.76	44674.76
294.83	44807.08
294.90	44959.48
294.96	45119.93
295.03	45258.05
295.09	45379.02
295.16	45489.63
295.23	45577.10
295.29	45646.75
295.36	45713.56
295.42	45755.72
295.49	45777.20
295.56	45796.39
295.62	45801.18
295.69	45774.10
295.75	45717.69
295.82	45629.17
295.89	45484.69
295.95	45314.19
296.02	45144.86
296.08	44987.71
296.15	44841.53
296.22	44743.83
296.28	44696.75
296.35	44697.94
296.41	44749.66
296.48	44864.70
296.55	45015.54
296.61	45183.83
296.68	45354.24
296.74	45528.21
296.81	45675.47
296.88	45787.97
296.94	45885.85
297.01	45960.56
297.07	46020.22
297.14	46091.65
297.20	46181.56
297.27	46268.05
297.34	46364.94
297.40	46462.79
297.47	46527.12
297.53	46554.34
297.60	46554.71
297.67	46512.70
297.73	46436.75
297.80	46315.33
297.86	46146.43
297.93	45942.87
298.00	45730.65
298.06	45525.84
298.13	45385.23
298.19	45319.83
298.26	45320.93
298.32	45378.13
298.39	45448.37
298.46	45520.99
298.52	45615.31
298.59	45720.24
298.65	45842.68
298.72	45985.29
298.78	46142.14
298.85	46276.33
298.92	46410.17
298.98	46522.10
299.05	46628.43
299.11	46732.71
299.18	46812.86
299.24	46891.77
299.31	46955.30
299.38	47003.44
299.44	47024.09
299.51	47069.14
299.57	47086.75
299.64	47102.33
299.70	47109.62
299.77	47093.79
299.84	47025.76
299.90	46874.96
299.97	46635.13
300.03	46318.98
300.10	45999.12
300.16	45732.68
300.23	45580.85
300.30	45558.56
300.36	45648.97
300.43	45820.79
300.49	45998.52
300.56	46179.31
300.62	46362.59
300.69	46523.51
300.75	46663.70
300.82	46816.67
300.89	46938.45
300.95	47042.44
301.02	47125.46
301.08	47199.78
301.15	47255.50
301.21	47324.26
301.28	47375.01
301.34	47441.87
301.41	47486.27
301.48	47515.09
301.54	47529.46
301.61	47545.36
301.67	47533.36
301.74	47507.54
301.80	47440.54
301.87	47329.78
301.93	47154.84
302.00	46952.94
302.06	46709.77
302.13	46478.58
302.20	46289.74
302.26	46164.98
302.33	46110.16
302.39	46125.00
302.46	46191.45
302.52	46279.02
302.59	46394.34
302.65	46526.55
302.72	46667.73
302.78	46812.69
302.85	46942.40
302.91	47045.53
302.98	47120.58
303.05	47191.04
303.11	47250.75
303.18	47312.35
303.24	47377.02
303.31	47426.56
303.37	47458.79
303.44	47486.62
303.50	47496.12
303.57	47487.72
303.63	47473.83
303.70	47465.32
303.76	47435.32
303.83	47405.06
303.89	47356.77
303.96	47288.74
304.03	47180.11
304.09	47025.13
304.16	46811.55
304.22	46565.06
304.29	46333.60
304.35	46135.31
304.42	46028.16
304.48	46006.69
304.55	46055.56
304.61	46143.35
304.68	46246.79
304.74	46353.99
304.81	46455.12
304.87	46545.00
304.94	46621.59
305.00	46706.13
305.07	46746.84
305.13	46780.55
305.20	46813.49
305.26	46846.48
305.33	46858.11
305.39	46875.05
305.46	46884.85
305.52	46887.45
305.59	46881.44
305.66	46866.63
305.72	46850.03
305.79	46822.03
305.85	46780.40
305.92	46691.84
305.98	46566.21
306.05	46375.29
306.11	46159.47
306.18	45924.12
306.24	45710.09
306.31	45510.75
306.37	45341.96
306.44	45186.70
306.50	45055.88
306.57	44990.28
306.63	44998.05
306.70	45078.55
306.76	45202.77
306.83	45356.04
306.89	45481.50
306.96	45578.06
307.02	45635.40
307.09	45687.39
307.15	45728.47
307.22	45755.56
307.28	45761.63
307.35	45762.86
307.41	45743.20
307.48	45716.40
307.54	45685.47
307.61	45650.27
307.67	45613.68
307.74	45572.92
307.80	45538.11
307.87	45502.63
307.93	45467.73
308.00	45431.09
308.06	45392.27
308.13	45322.54
308.19	45241.51
308.26	45156.50
308.32	45065.85
308.38	44987.84
308.45	44894.65
308.51	44786.36
308.58	44648.12
308.64	44494.38
308.71	44332.70
308.77	44223.64
308.84	44151.61
308.90	44132.98
308.97	44151.83
309.03	44200.92
309.10	44227.04
309.16	44255.49
309.23	44265.22
309.29	44273.22
309.36	44252.59
309.42	44243.48
309.49	44211.75
309.55	44189.48
309.62	44153.23
309.68	44111.98
309.75	44056.39
309.81	44014.34
309.88	43961.46
309.94	43898.37
310.00	43834.99
310.07	43770.85
310.13	43717.86
310.20	43652.70
310.26	43593.26
310.33	43521.28
310.39	43465.62
310.46	43386.13
310.52	43313.28
310.59	43222.42
310.65	43128.85
310.72	43005.21
310.78	42879.14
310.85	42773.46
310.91	42710.63
310.97	42668.94
311.04	42649.85
311.10	42643.74
311.17	42631.44
311.23	42595.59
311.30	42579.38
311.36	42562.98
311.43	42560.41
311.49	42542.89
311.56	42541.08
311.62	42508.05
311.69	42487.06
311.75	42457.25
311.81	42427.73
311.88	42367.98
311.94	42326.51
312.01	42279.35
312.07	42224.60
312.14	42172.24
312.20	42135.69
312.27	42088.88
312.33	42035.40
312.40	41975.68
312.46	41913.10
312.52	41853.34
312.59	41782.29
312.65	41718.24
312.72	41634.79
312.78	41551.00
312.85	41460.77
312.91	41379.94
312.98	41286.78
313.04	41210.06
313.10	41128.42
313.17	41055.89
313.23	41002.76
313.30	40942.58
313.36	40891.08
313.43	40868.44
313.49	40846.93
313.56	40809.27
313.62	40789.08
313.68	40766.14
313.75	40729.48
313.81	40687.58
313.88	40644.11
313.94	40601.26
314.01	40556.54
314.07	40510.74
314.13	40469.32
314.20	40430.39
314.26	40399.26
314.33	40358.46
314.39	40310.68
314.46	40253.99
314.52	40201.71
314.58	40133.95
314.65	40063.22
314.71	39987.91
314.78	39926.51
314.84	39862.28
314.91	39792.01
314.97	39736.57
315.03	39686.90
315.10	39638.66
315.16	39574.59
315.23	39516.04
315.29	39467.31
315.36	39421.64
315.42	39362.02
315.48	39312.57
315.55	39274.49
315.61	39211.79
315.68	39154.54
315.74	39101.24
315.81	39047.03
315.87	38983.50
315.93	38955.55
316.00	38931.13
316.06	38909.21
316.13	38904.48
316.19	38878.48
316.25	38799.92
316.32	38685.71
316.38	38533.65
316.45	38327.41
316.51	38111.46
316.58	37881.06
316.64	37638.74
316.70	37400.89
316.77	37153.28
316.83	36894.41
316.90	36633.81
316.96	36379.57
317.02	36122.94
317.09	35878.98
317.15	35634.75
317.22	35378.16
317.28	35110.87
317.34	34847.82
317.41	34585.27
317.47	34327.94
317.54	34082.37
317.60	33842.86
317.66	33597.81
317.73	33339.22
317.79	33075.20
317.86	32822.56
317.92	32563.40
317.98	32290.76
318.05	32015.55
318.11	31745.05
318.18	31473.37
318.24	31187.76
318.30	30906.38
318.37	30638.11
318.43	30354.31
318.50	30064.13
318.56	29791.19
318.62	29529.72
318.69	29254.01
318.75	28984.82
318.82	28709.56
318.88	28433.10
318.94	28153.73
319.01	27883.59
319.07	27616.70
319.13	27349.46
319.20	27071.54
319.26	26784.26
319.33	26497.29
319.39	26205.13
319.45	25914.18
319.52	25632.90
319.58	25342.87
319.65	25055.85
319.71	24769.80
319.77	24483.81
319.84	24197.32
319.90	23927.25
319.96	23655.69
320.03	23376.32
320.09	23104.74
320.16	22826.86
320.22	22538.33
320.28	22246.48
320.35	21959.00
320.41	21667.32
320.47	21387.22
320.54	21102.97
320.60	20829.85
320.67	20558.51
320.73	20285.47
320.79	19999.09
320.86	19723.21
320.92	19430.45
320.98	19134.12
321.05	18841.09
321.11	18543.58
321.18	18249.63
321.24	17969.69
321.30	17695.13
321.37	17418.49
321.43	17160.11
321.49	16892.96
321.56	16615.81
321.62	16341.48
321.68	16061.12
321.75	15775.52
321.81	15498.67
321.88	15218.11
321.94	14935.79
322.00	14655.55
322.07	14367.26
322.13	14080.49
322.19	13792.05
322.26	13506.40
322.32	13233.58
322.38	12961.53
322.45	12694.21
322.51	12427.10
322.58	12168.60
322.64	11892.84
322.70	11632.19
322.77	11352.64
322.83	11085.88
322.89	10811.25
322.96	10546.96
323.02	10275.69
323.08	10007.60
323.15	9743.66
323.21	9479.89
323.27	9218.48
323.34	8962.87
323.40	8719.04
323.46	8470.71
323.53	8114.34
323.59	7009.39
323.65	5422.64
323.72	3757.01
323.78	2144.92
323.85	692.56
323.91	39.99
323.97	-83.32
324.04	-82.72
