180.21	3365.95
180.28	-113.99
180.36	625.25
180.44	-42.72
180.51	-14.64
180.59	6.75
180.66	33.47
180.74	30.20
180.81	28.99
180.89	31.05
180.97	32.16
181.04	28.91
181.12	27.13
181.19	27.64
181.27	27.35
181.34	43.86
181.42	51.32
181.50	58.95
181.57	70.36
181.65	76.38
181.72	70.33
181.80	65.10
181.87	66.07
181.95	66.69
182.03	65.82
182.10	68.86
182.18	69.93
182.25	74.74
182.33	73.64
182.40	80.85
182.48	75.80
182.55	87.38
182.63	90.93
182.71	93.60
182.78	94.93
182.86	101.51
182.93	98.74
183.01	102.09
183.08	102.70
183.16	107.71
183.23	103.77
183.31	109.87
183.39	108.09
183.46	118.14
183.54	113.38
183.61	121.84
183.69	125.36
183.76	136.58
183.84	136.08
183.91	138.35
183.99	146.74
184.06	147.43
184.14	149.58
184.22	152.80
184.29	157.07
184.37	156.03
184.44	151.96
184.52	140.66
184.59	139.03
184.67	143.06
184.74	137.27
184.82	149.45
184.89	163.46
184.97	173.15
185.04	181.30
185.12	192.67
185.20	201.93
185.27	211.82
185.35	223.20
185.42	225.53
185.50	238.63
185.57	240.14
185.65	246.66
185.72	246.80
185.80	257.10
185.87	256.44
185.95	257.29
186.02	259.73
186.10	260.12
186.17	259.17
186.25	259.05
186.33	250.93
186.40	243.24
186.48	243.12
186.55	246.48
186.63	250.92
186.70	279.21
186.78	298.99
186.85	320.54
186.93	337.22
187.00	356.67
187.08	359.60
187.15	372.29
187.23	383.80
187.30	395.72
187.38	411.73
187.45	432.36
187.53	451.20
187.60	459.43
187.68	471.06
187.75	483.23
187.83	491.44
187.90	487.10
187.98	486.47
188.05	485.10
188.13	466.86
188.21	441.67
188.28	437.31
188.36	433.36
188.43	434.74
188.51	452.80
188.58	488.39
188.66	504.51
188.73	528.36
188.81	558.65
188.88	578.35
188.96	595.35
189.03	625.47
189.11	652.43
189.18	669.17
189.26	689.34
189.33	715.74
189.41	742.96
189.48	763.65
189.56	784.32
189.63	804.75
189.71	804.64
189.78	789.62
189.86	774.15
189.93	757.00
190.01	731.99
190.08	714.88
190.16	698.38
190.23	678.51
190.31	671.33
190.38	671.15
190.46	683.37
190.53	710.83
190.61	760.23
190.68	794.08
190.76	843.82
190.83	883.58
190.91	914.85
190.98	934.44
191.06	963.37
191.13	982.31
191.21	997.45
191.28	1008.50
191.35	1017.61
191.43	1022.76
191.50	1020.09
191.58	1025.09
191.65	1036.02
191.73	1045.40
191.80	1055.16
191.88	1060.28
191.95	1062.59
192.03	1063.41
192.10	1069.67
192.18	1074.01
192.25	1085.74
192.33	1087.97
192.40	1083.96
192.48	1075.65
192.55	1073.43
192.63	1066.70
192.70	1076.06
192.78	1094.53
192.85	1120.93
192.93	1140.67
193.00	1155.30
193.08	1157.54
193.15	1160.01
193.22	1163.40
193.30	1176.57
193.37	1217.56
193.45	1255.97
193.52	1299.24
193.60	1346.36
193.67	1383.17
193.75	1400.63
193.82	1428.89
193.90	1446.29
193.97	1452.22
194.05	1451.44
194.12	1441.55
194.20	1427.91
194.27	1410.76
194.34	1381.89
194.42	1357.39
194.49	1346.66
194.57	1337.42
194.64	1324.73
194.72	1320.41
194.79	1324.80
194.87	1336.17
194.94	1367.05
195.02	1416.89
195.09	1475.09
195.17	1538.08
195.24	1591.64
195.31	1631.52
195.39	1660.44
195.46	1675.43
195.54	1684.61
195.61	1688.00
195.69	1675.64
195.76	1650.26
195.84	1624.71
195.91	1573.36
195.99	1510.45
196.06	1456.43
196.13	1429.51
196.21	1425.73
196.28	1453.99
196.36	1515.92
196.43	1586.59
196.51	1658.17
196.58	1721.68
196.66	1776.05
196.73	1815.42
196.80	1841.26
196.88	1850.24
196.95	1858.45
197.03	1857.33
197.10	1839.52
197.18	1815.76
197.25	1781.36
197.33	1732.14
197.40	1678.94
197.47	1626.35
197.55	1587.36
197.62	1565.72
197.70	1564.03
197.77	1587.95
197.85	1638.74
197.92	1699.20
197.99	1773.32
198.07	1849.09
198.14	1920.09
198.22	1985.32
198.29	2036.06
198.37	2067.65
198.44	2090.60
198.51	2095.60
198.59	2085.77
198.66	2067.44
198.74	2034.16
198.81	1972.28
198.89	1897.42
198.96	1825.93
199.03	1752.26
199.11	1701.08
199.18	1685.03
199.26	1710.76
199.33	1764.13
199.41	1848.38
199.48	1936.50
199.55	2031.84
199.63	2105.48
199.70	2170.56
199.78	2219.30
199.85	2264.74
199.93	2292.76
200.00	2321.09
200.07	2322.42
200.15	2314.91
200.22	2283.17
200.30	2223.29
200.37	2137.38
200.44	2032.89
200.52	1934.70
200.59	1871.97
200.67	1849.56
200.74	1871.21
200.81	1939.22
200.89	2021.74
200.96	2109.09
201.04	2190.16
201.11	2275.72
201.19	2359.22
201.26	2435.33
201.33	2492.63
201.41	2546.82
201.48	2578.38
201.56	2592.94
201.63	2599.19
201.70	2573.67
201.78	2520.22
201.85	2447.26
201.93	2357.53
202.00	2261.74
202.07	2193.14
202.15	2136.59
202.22	2110.66
202.30	2132.08
202.37	2187.73
202.44	2272.10
202.52	2390.22
202.59	2519.62
202.67	2633.14
202.74	2727.67
202.81	2809.37
202.89	2879.73
202.96	2941.92
203.04	3000.18
203.11	3039.31
203.18	3054.93
203.26	3043.05
203.33	2991.52
203.41	2898.35
203.48	2781.22
203.55	2627.08
203.63	2488.49
203.70	2402.32
203.77	2383.31
203.85	2431.64
203.92	2545.84
204.00	2700.39
204.07	2849.74
204.14	2987.26
204.22	3108.60
204.29	3233.64
204.37	3337.20
204.44	3426.34
204.51	3500.86
204.59	3552.10
204.66	3567.57
204.73	3563.72
204.81	3534.24
204.88	3479.09
204.96	3390.87
205.03	3268.96
205.10	3128.90
205.18	3012.21
205.25	2917.83
205.32	2874.87
205.40	2895.18
205.47	2978.26
205.55	3097.27
205.62	3253.14
205.69	3434.75
205.77	3618.89
205.84	3788.34
205.91	3937.03
205.99	4060.95
206.06	4155.02
206.14	4244.96
206.21	4326.27
206.28	4381.57
206.36	4422.87
206.43	4423.00
206.50	4377.17
206.58	4272.92
206.65	4119.53
206.72	3909.90
206.80	3701.87
206.87	3529.30
206.95	3444.39
207.02	3473.50
207.09	3610.40
207.17	3824.36
207.24	4068.81
207.31	4308.04
207.39	4519.82
207.46	4712.08
207.53	4883.15
207.61	5046.17
207.68	5186.91
207.75	5316.31
207.83	5421.64
207.90	5496.26
207.98	5526.71
208.05	5520.81
208.12	5455.83
208.20	5341.56
208.27	5172.82
208.34	4960.67
208.42	4734.90
208.49	4571.55
208.56	4477.07
208.64	4489.80
208.71	4602.04
208.78	4786.07
208.86	5002.12
208.93	5235.17
209.00	5471.68
209.08	5711.54
209.15	5946.75
209.22	6167.88
209.30	6370.32
209.37	6547.92
209.44	6704.72
209.52	6840.66
209.59	6934.67
209.67	6998.96
209.74	7010.51
209.81	6968.03
209.89	6846.75
209.96	6656.10
210.03	6409.11
210.11	6170.96
210.18	5959.81
210.25	5824.92
210.33	5820.24
210.40	5933.29
210.47	6142.68
210.55	6415.24
210.62	6728.35
210.69	7028.36
210.77	7327.87
210.84	7587.80
210.91	7840.12
210.99	8060.14
211.06	8275.74
211.13	8466.31
211.21	8648.31
211.28	8785.36
211.35	8892.90
211.42	8932.10
211.50	8893.40
211.57	8763.37
211.64	8561.70
211.72	8278.84
211.79	7977.88
211.86	7753.19
211.94	7675.46
212.01	7732.27
212.08	7945.54
212.16	8259.87
212.23	8591.25
212.30	8887.45
212.38	9149.95
212.45	9392.50
212.52	9614.28
212.60	9818.64
212.67	10033.07
212.74	10264.60
212.82	10486.57
212.89	10707.20
212.96	10910.74
213.03	11062.65
213.11	11151.14
213.18	11165.55
213.25	11099.23
213.33	10948.18
213.40	10720.14
213.47	10502.36
213.55	10328.18
213.62	10234.24
213.69	10261.17
213.77	10428.03
213.84	10666.41
213.91	10960.28
213.98	11269.91
214.06	11565.24
214.13	11822.64
214.20	12053.55
214.28	12284.00
214.35	12523.29
214.42	12781.59
214.50	13061.19
214.57	13329.80
214.64	13576.87
214.72	13782.41
214.79	13940.82
214.86	14023.17
214.93	14031.77
215.01	13965.43
215.08	13803.38
215.15	13563.76
215.23	13281.14
215.30	13067.30
215.37	12979.21
215.44	13082.45
215.52	13345.83
215.59	13748.33
215.66	14169.24
215.74	14560.93
215.81	14883.20
215.88	15187.63
215.95	15473.73
216.03	15760.92
216.10	16037.40
216.17	16300.02
216.25	16521.58
216.32	16714.96
216.39	16881.23
216.46	17015.63
216.54	17127.59
216.61	17209.67
216.68	17223.97
216.76	17176.51
216.83	17041.26
216.90	16839.15
216.97	16615.50
217.05	16480.31
217.12	16457.11
217.19	16585.61
217.27	16852.53
217.34	17226.35
217.41	17640.54
217.48	18053.01
217.56	18445.75
217.63	18820.65
217.70	19144.57
217.78	19428.68
217.85	19672.83
217.92	19889.20
217.99	20074.45
218.07	20249.65
218.14	20406.37
218.21	20575.55
218.28	20733.46
218.36	20890.89
218.43	21008.61
218.50	21071.20
218.57	21034.63
218.65	20895.72
218.72	20655.60
218.79	20403.92
218.87	20221.43
218.94	20177.01
219.01	20307.62
219.08	20612.47
219.16	21034.23
219.23	21475.96
219.30	21903.74
219.37	22279.30
219.45	22620.40
219.52	22926.89
219.59	23210.04
219.66	23466.93
219.74	23737.87
219.81	23981.70
219.88	24210.81
219.95	24433.51
220.03	24649.77
220.10	24829.86
220.17	24980.17
220.24	25077.54
220.32	25093.41
220.39	25035.98
220.46	24886.12
220.53	24673.44
220.61	24462.73
220.68	24340.53
220.75	24338.83
220.82	24501.48
220.90	24782.67
220.97	25129.91
221.04	25474.51
221.11	25788.15
221.19	26057.57
221.26	26319.07
221.33	26573.52
221.40	26848.96
221.48	27118.22
221.55	27378.39
221.62	27626.86
221.69	27872.90
221.77	28094.47
221.84	28304.28
221.91	28481.96
221.98	28626.77
222.06	28731.63
222.13	28795.34
222.20	28810.21
222.27	28793.24
222.35	28741.92
222.42	28684.58
222.49	28655.78
222.56	28670.23
222.63	28748.65
222.71	28881.65
222.78	29054.25
222.85	29235.80
222.92	29446.31
223.00	29644.50
223.07	29858.10
223.14	30081.15
223.21	30311.15
223.29	30535.01
223.36	30779.46
223.43	31010.32
223.50	31231.51
223.57	31443.49
223.65	31643.11
223.72	31809.17
223.79	31944.90
223.86	32031.38
223.94	32096.82
224.01	32134.00
224.08	32152.49
224.15	32169.94
224.22	32202.88
224.30	32234.44
224.37	32283.08
224.44	32369.12
224.51	32475.46
224.59	32602.45
224.66	32752.61
224.73	32919.78
224.80	33084.18
224.87	33264.21
224.95	33458.47
225.02	33669.39
225.09	33864.94
225.16	34056.80
225.23	34248.02
225.31	34405.93
225.38	34533.92
225.45	34662.88
225.52	34780.41
225.60	34858.18
225.67	34923.43
225.74	34962.97
225.81	34966.87
225.88	34977.43
225.96	35013.49
226.03	35084.34
226.10	35194.37
226.17	35332.04
226.24	35487.43
226.32	35629.10
226.39	35775.22
226.46	35917.57
226.53	36072.06
226.60	36218.31
226.68	36375.15
226.75	36519.92
226.82	36654.68
226.89	36787.19
226.96	36899.21
227.04	36980.02
227.11	37048.74
227.18	37122.82
227.25	37188.50
227.32	37255.77
227.40	37345.42
227.47	37422.84
227.54	37486.69
227.61	37534.55
227.68	37548.66
227.76	37549.57
227.83	37577.52
227.90	37632.61
227.97	37697.20
228.04	37814.16
228.11	37938.55
228.19	38058.22
228.26	38168.77
228.33	38286.08
228.40	38402.65
228.47	38534.23
228.55	38669.39
228.62	38792.98
228.69	38906.45
228.76	39003.53
228.83	39077.52
228.90	39149.85
228.98	39236.32
229.05	39331.04
229.12	39438.55
229.19	39549.07
229.26	39654.45
229.34	39730.53
229.41	39797.61
229.48	39826.70
229.55	39863.07
229.62	39899.39
229.69	39940.10
229.77	39955.73
229.84	39982.02
229.91	40019.36
229.98	40043.62
230.05	40078.83
230.12	40146.25
230.20	40253.95
230.27	40349.81
230.34	40455.54
230.41	40568.05
230.48	40677.62
230.55	40753.47
230.63	40830.16
230.70	40919.19
230.77	40988.99
230.84	41035.10
230.91	41085.08
230.98	41136.72
231.06	41177.15
231.13	41229.00
231.20	41322.87
231.27	41411.93
231.34	41497.64
231.41	41573.13
231.49	41631.03
231.56	41682.45
231.63	41732.68
231.70	41781.70
231.77	41829.16
231.84	41877.68
231.92	41897.78
231.99	41929.22
232.06	41966.20
232.13	42017.84
232.20	42077.78
232.27	42142.52
232.34	42190.70
232.42	42229.07
232.49	42260.94
232.56	42299.65
232.63	42356.22
232.70	42421.19
232.77	42493.57
232.85	42567.98
232.92	42621.89
232.99	42663.92
233.06	42693.04
233.13	42726.49
233.20	42745.06
233.27	42774.13
233.35	42794.19
233.42	42817.39
233.49	42848.56
233.56	42890.62
233.63	42935.89
233.70	42988.35
233.77	43046.67
233.85	43087.25
233.92	43154.92
233.99	43194.65
234.06	43237.38
234.13	43270.11
234.20	43311.29
234.27	43318.15
234.35	43351.37
234.42	43377.30
234.49	43398.52
234.56	43417.98
234.63	43432.51
234.70	43438.69
234.77	43441.64
234.84	43444.55
234.92	43426.98
234.99	43432.68
235.06	43447.69
235.13	43473.30
235.20	43524.51
235.27	43585.72
235.34	43630.33
235.41	43681.52
235.49	43704.07
235.56	43731.27
235.63	43747.55
235.70	43757.87
235.77	43759.75
235.84	43786.03
235.91	43778.79
235.98	43778.57
236.06	43784.58
236.13	43787.73
236.20	43791.56
236.27	43792.23
236.34	43797.42
236.41	43795.38
236.48	43797.98
236.55	43798.02
236.63	43811.86
236.70	43823.10
236.77	43846.49
236.84	43865.64
236.91	43880.44
236.98	43897.69
237.05	43922.90
237.12	43935.12
237.19	43942.17
237.27	43937.87
237.34	43943.77
237.41	43946.05
237.48	43959.63
237.55	43963.15
237.62	43973.67
237.69	43984.18
237.76	43992.55
237.83	44011.60
237.91	44035.65
237.98	44063.20
238.05	44077.02
238.12	44093.93
238.19	44086.15
238.26	44098.89
238.33	44109.73
238.40	44114.79
238.47	44108.78
238.54	44115.54
238.62	44110.62
238.69	44101.44
238.76	44095.76
238.83	44095.89
238.90	44103.01
238.97	44113.88
239.04	44128.24
239.11	44149.03
239.18	44177.78
239.25	44180.29
239.33	44175.39
239.40	44172.57
239.47	44162.76
239.54	44139.10
239.61	44118.74
239.68	44097.76
239.75	44084.98
239.82	44071.08
239.89	44063.68
239.96	44077.85
240.03	44101.14
240.11	44114.54
240.18	44134.42
240.25	44154.99
240.32	44160.40
240.39	44164.79
240.46	44174.40
240.53	44201.12
240.60	44246.74
240.67	44291.87
240.74	44321.26
240.81	44364.77
240.88	44380.63
240.96	44372.40
241.03	44377.24
241.10	44385.00
241.17	44385.63
241.24	44404.02
241.31	44421.56
241.38	44420.50
241.45	44416.63
241.52	44408.54
241.59	44395.42
241.66	44395.46
241.73	44415.35
241.80	44440.47
241.88	44472.56
241.95	44486.41
242.02	44497.56
242.09	44489.95
242.16	44482.41
242.23	44481.55
242.30	44490.06
242.37	44505.23
242.44	44530.38
242.51	44550.31
242.58	44556.49
242.65	44572.31
242.72	44577.81
242.79	44579.73
242.87	44613.19
242.94	44629.12
243.01	44650.59
243.08	44678.61
243.15	44722.64
243.22	44736.46
243.29	44763.85
243.36	44788.72
243.43	44817.22
243.50	44847.55
243.57	44887.91
243.64	44921.04
243.71	44963.24
243.78	44995.55
243.85	45011.14
243.92	45015.55
243.99	45033.03
244.07	45043.74
244.14	45056.74
244.21	45081.33
244.28	45114.40
244.35	45135.60
244.42	45153.50
244.49	45168.44
244.56	45174.91
244.63	45199.65
244.70	45221.81
244.77	45238.42
244.84	45260.86
244.91	45302.78
244.98	45330.65
245.05	45373.29
245.12	45415.12
245.19	45454.93
245.26	45484.48
245.33	45524.25
245.40	45559.41
245.47	45616.22
245.55	45668.59
245.62	45715.73
245.69	45746.76
245.76	45791.43
245.83	45832.62
245.90	45882.63
245.97	45920.20
246.04	45970.57
246.11	46001.83
246.18	46011.09
246.25	46022.62
246.32	46039.95
246.39	46053.41
246.46	46089.05
246.53	46147.30
246.60	46197.65
246.67	46255.75
246.74	46334.33
246.81	46398.94
246.88	46449.00
246.95	46505.20
247.02	46558.18
247.09	46582.97
247.16	46607.02
247.23	46623.49
247.30	46629.64
247.37	46637.06
247.44	46665.79
247.51	46704.56
247.58	46749.96
247.66	46806.11
247.73	46872.74
247.80	46933.17
247.87	46993.80
247.94	47072.31
248.01	47154.67
248.08	47222.09
248.15	47275.71
248.22	47322.54
248.29	47364.26
248.36	47404.96
248.43	47447.10
248.50	47513.48
248.57	47566.91
248.64	47616.76
248.71	47683.59
248.78	47757.75
248.85	47810.45
248.92	47872.68
248.99	47921.22
249.06	47949.35
249.13	47971.75
249.20	48005.28
249.27	48032.82
249.34	48068.02
249.41	48102.76
249.48	48139.82
249.55	48164.09
249.62	48210.44
249.69	48246.93
249.76	48284.69
249.83	48322.76
249.90	48388.96
249.97	48453.93
250.04	48531.54
250.11	48624.87
250.18	48715.18
250.25	48789.49
250.32	48837.99
250.39	48899.57
250.46	48941.17
250.53	49001.85
250.60	49069.02
250.67	49149.77
250.74	49214.82
250.81	49268.99
250.88	49308.55
250.95	49335.12
251.02	49356.78
251.09	49376.65
251.16	49410.00
251.23	49449.72
251.30	49494.94
251.37	49544.63
251.44	49602.81
251.51	49665.95
251.58	49724.09
251.65	49780.98
251.72	49834.18
251.79	49899.66
251.86	49951.15
251.93	49990.32
252.00	50016.92
252.07	50047.22
252.14	50065.42
252.21	50085.97
252.28	50115.62
252.35	50156.77
252.42	50218.94
252.49	50282.04
252.56	50342.32
252.63	50400.72
252.70	50458.36
252.77	50506.39
252.84	50553.03
252.91	50591.28
252.98	50626.60
253.05	50667.73
253.12	50691.65
253.19	50713.21
253.25	50759.68
253.32	50808.37
253.39	50865.00
253.46	50912.25
253.53	50968.03
253.60	50990.31
253.67	51003.18
253.74	51030.48
253.81	51085.44
253.88	51131.95
253.95	51188.35
254.02	51253.61
254.09	51301.79
254.16	51334.37
254.23	51372.48
254.30	51407.37
254.37	51447.07
254.44	51477.05
254.51	51505.71
254.58	51526.81
254.65	51577.09
254.72	51603.05
254.79	51618.10
254.86	51643.02
254.93	51661.01
255.00	51670.72
255.07	51707.13
255.14	51766.35
255.21	51807.00
255.28	51832.01
255.34	51839.53
255.41	51847.56
255.48	51848.08
255.55	51851.67
255.62	51881.38
255.69	51919.58
255.76	51963.00
255.83	52001.13
255.90	52046.52
255.97	52100.49
256.04	52152.13
256.11	52197.05
256.18	52244.51
256.25	52305.61
256.32	52339.37
256.39	52370.97
256.46	52395.80
256.53	52427.96
256.60	52443.76
256.67	52473.46
256.74	52500.79
256.80	52528.65
256.87	52544.06
256.94	52549.03
257.01	52546.69
257.08	52571.60
257.15	52595.36
257.22	52610.67
257.29	52622.85
257.36	52625.67
257.43	52600.53
257.50	52579.95
257.57	52556.78
257.64	52565.77
257.71	52594.85
257.78	52637.77
257.85	52675.24
257.92	52734.32
257.98	52780.05
258.05	52819.32
258.12	52828.64
258.19	52815.59
258.26	52781.10
258.33	52729.46
258.40	52693.17
258.47	52675.00
258.54	52680.67
258.61	52714.58
258.68	52753.80
258.75	52777.18
258.82	52816.17
258.89	52848.27
258.95	52853.27
259.02	52866.95
259.09	52872.59
259.16	52867.63
259.23	52858.17
259.30	52841.72
259.37	52839.93
259.44	52844.52
259.51	52850.81
259.58	52870.63
259.65	52901.21
259.72	52904.29
259.79	52889.55
259.85	52870.36
259.92	52842.94
259.99	52837.70
260.06	52851.86
260.13	52877.41
260.20	52886.42
260.27	52882.93
260.34	52856.76
260.41	52821.03
260.48	52794.44
260.55	52787.19
260.62	52798.52
260.68	52802.03
260.75	52783.02
260.82	52774.62
260.89	52762.61
260.96	52761.24
261.03	52757.51
261.10	52764.86
261.17	52751.09
261.24	52720.23
261.31	52664.85
261.38	52623.11
261.44	52594.81
261.51	52566.12
261.58	52553.01
261.65	52557.07
261.72	52551.06
261.79	52542.87
261.86	52537.25
261.93	52539.97
262.00	52513.14
262.07	52477.62
262.13	52443.32
262.20	52417.52
262.27	52389.77
262.34	52389.90
262.41	52401.48
262.48	52420.46
262.55	52444.85
262.62	52456.95
262.69	52441.78
262.76	52437.24
262.82	52406.12
262.89	52375.59
262.96	52349.77
263.03	52349.62
263.10	52337.02
263.17	52326.96
263.24	52306.55
263.31	52297.21
263.38	52280.94
263.44	52280.79
263.51	52285.10
263.58	52275.82
263.65	52251.92
263.72	52193.99
263.79	52105.40
263.86	52031.99
263.93	51967.89
264.00	51938.04
264.06	51942.79
264.13	51967.31
264.20	51970.72
264.27	51945.10
264.34	51888.60
264.41	51822.51
264.48	51752.70
264.55	51686.50
264.61	51643.75
264.68	51612.92
264.75	51585.65
264.82	51530.60
264.89	51497.89
264.96	51475.61
265.03	51448.47
265.10	51427.61
265.16	51433.03
265.23	51417.87
265.30	51399.22
265.37	51371.69
265.44	51334.13
265.51	51316.79
265.58	51312.17
265.65	51312.66
265.71	51314.45
265.78	51325.44
265.85	51308.19
265.92	51259.32
265.99	51191.08
266.06	51120.94
266.13	51037.10
266.20	50966.86
266.26	50932.65
266.33	50909.98
266.40	50882.72
266.47	50841.49
266.54	50795.70
266.61	50752.06
266.68	50714.23
266.74	50675.98
266.81	50659.30
266.88	50620.46
266.95	50547.66
267.02	50480.67
267.09	50433.66
267.16	50390.68
267.22	50374.68
267.29	50397.81
267.36	50420.77
267.43	50438.57
267.50	50450.16
267.57	50447.18
267.64	50409.48
267.70	50354.15
267.77	50281.54
267.84	50223.62
267.91	50181.88
267.98	50154.49
268.05	50145.64
268.11	50143.13
268.18	50111.91
268.25	50055.93
268.32	49988.23
268.39	49902.94
268.46	49797.08
268.53	49717.32
268.59	49630.90
268.66	49556.96
268.73	49502.32
268.80	49484.36
268.87	49477.99
268.94	49506.77
269.00	49545.02
269.07	49575.33
269.14	49596.29
269.21	49579.30
269.28	49546.23
269.35	49501.54
269.41	49449.05
269.48	49412.14
269.55	49395.63
269.62	49383.04
269.69	49379.40
269.76	49362.72
269.82	49328.62
269.89	49288.41
269.96	49254.76
270.03	49210.04
270.10	49164.26
270.17	49102.85
270.23	49056.67
270.30	49002.71
270.37	48978.22
270.44	48977.53
270.51	48984.77
270.58	48980.84
270.64	48981.16
270.71	48960.72
270.78	48944.59
270.85	48940.77
270.92	48945.93
270.99	48926.49
271.05	48900.19
271.12	48847.73
271.19	48781.16
271.26	48696.05
271.33	48637.74
271.39	48588.64
271.46	48538.29
271.53	48499.48
271.60	48473.61
271.67	48449.48
271.74	48426.69
271.80	48411.28
271.87	48391.55
271.94	48365.76
272.01	48320.73
272.08	48275.74
272.14	48234.81
272.21	48212.55
272.28	48195.55
272.35	48195.34
272.42	48190.72
272.48	48198.58
272.55	48177.58
272.62	48164.79
272.69	48153.37
272.76	48140.18
272.83	48113.56
272.89	48099.62
272.96	48072.21
273.03	48039.08
273.10	48017.65
273.17	48000.56
273.23	47972.44
273.30	47944.31
273.37	47894.86
273.44	47818.38
273.51	47750.46
273.57	47703.41
273.64	47668.10
273.71	47664.19
273.78	47672.44
273.85	47683.17
273.91	47695.66
273.98	47730.77
274.05	47776.49
274.12	47844.40
274.19	47909.39
274.25	47952.77
274.32	47967.08
274.39	47952.13
274.46	47906.51
274.53	47827.02
274.59	47735.41
274.66	47637.22
274.73	47555.96
274.80	47472.51
274.86	47418.82
274.93	47399.16
275.00	47392.80
275.07	47379.09
275.14	47374.85
275.20	47357.12
275.27	47331.30
275.34	47302.94
275.41	47284.40
275.48	47273.33
275.54	47283.26
275.61	47302.48
275.68	47306.70
275.75	47297.54
275.81	47276.71
275.88	47258.14
275.95	47229.80
276.02	47214.78
276.09	47208.66
276.15	47213.25
276.22	47198.30
276.29	47176.02
276.36	47134.63
276.42	47073.27
276.49	46999.15
276.56	46924.15
276.63	46856.59
276.70	46811.01
276.76	46786.24
276.83	46793.16
276.90	46816.21
276.97	46849.16
277.03	46867.62
277.10	46869.09
277.17	46834.04
277.24	46787.49
277.30	46751.04
277.37	46723.75
277.44	46717.82
277.51	46733.77
277.58	46755.52
277.64	46756.15
277.71	46737.50
277.78	46692.02
277.85	46614.50
277.91	46528.16
277.98	46438.51
278.05	46368.48
278.12	46327.04
278.18	46303.83
278.25	46307.80
278.32	46323.80
278.39	46361.17
278.45	46415.06
278.52	46492.50
278.59	46553.29
278.66	46601.61
278.72	46626.89
278.79	46603.81
278.86	46534.40
278.93	46436.56
278.99	46316.38
279.06	46197.53
279.13	46118.88
279.20	46095.78
279.26	46130.27
279.33	46207.21
279.40	46290.31
279.47	46361.26
279.53	46395.32
279.60	46374.60
279.67	46294.86
279.74	46159.77
279.80	46005.95
279.87	45860.47
279.94	45741.40
280.01	45686.28
280.07	45689.89
280.14	45710.67
280.21	45738.30
280.28	45768.70
280.34	45783.59
280.41	45794.47
280.48	45789.69
280.55	45800.17
280.61	45812.18
280.68	45817.28
280.75	45808.70
280.82	45828.12
280.88	45824.02
280.95	45793.81
281.02	45749.81
281.08	45690.03
281.15	45591.92
281.22	45504.09
281.29	45413.51
281.35	45313.84
281.42	45214.03
281.49	45113.05
281.56	44997.74
281.62	44909.34
281.69	44839.00
281.76	44786.23
281.82	44755.13
281.89	44741.04
281.96	44730.24
282.03	44740.41
282.09	44766.48
282.16	44797.18
282.23	44828.69
282.30	44865.08
282.36	44900.41
282.43	44937.40
282.50	44981.42
282.56	45002.87
282.63	45017.53
282.70	45029.79
282.77	45039.97
282.83	45047.81
282.90	45068.65
282.97	45071.48
283.03	45025.47
283.10	44936.98
283.17	44809.50
283.24	44651.43
283.30	44488.99
283.37	44365.88
283.44	44283.48
283.50	44242.53
283.57	44245.90
283.64	44265.87
283.71	44285.57
283.77	44300.57
283.84	44309.63
283.91	44323.56
283.97	44342.59
284.04	44377.80
284.11	44416.75
284.18	44461.08
284.24	44481.02
284.31	44493.83
284.38	44493.97
284.44	44487.03
284.51	44466.86
284.58	44473.39
284.64	44486.62
284.71	44465.71
284.78	44440.73
284.85	44411.54
284.91	44356.11
284.98	44295.53
285.05	44237.88
285.11	44158.73
285.18	44063.65
285.25	43960.65
285.31	43856.26
285.38	43787.38
285.45	43767.72
285.52	43795.83
285.58	43854.13
285.65	43931.57
285.72	44002.46
285.78	44061.85
285.85	44112.74
285.92	44149.04
285.98	44193.72
286.05	44246.64
286.12	44298.50
286.18	44346.93
286.25	44407.52
286.32	44453.01
286.39	44479.65
286.45	44484.87
286.52	44454.87
286.59	44369.86
286.65	44229.65
286.72	44080.17
286.79	43922.94
286.85	43787.36
286.92	43695.02
286.99	43663.87
287.05	43640.05
287.12	43658.84
287.19	43702.42
287.25	43757.41
287.32	43804.31
287.39	43889.42
287.45	43942.79
287.52	43973.24
287.59	44006.25
287.65	44052.31
287.72	44064.66
287.79	44104.73
287.86	44146.98
287.92	44172.82
287.99	44195.41
288.06	44236.56
288.12	44256.05
288.19	44282.34
288.26	44302.89
288.32	44315.47
288.39	44312.10
288.46	44292.61
288.52	44261.93
288.59	44212.37
288.66	44129.93
288.72	44023.67
288.79	43918.66
288.86	43801.32
288.92	43719.94
288.99	43661.58
289.06	43661.90
289.12	43699.16
289.19	43769.46
289.26	43863.29
289.32	43985.40
289.39	44096.92
289.45	44198.63
289.52	44279.77
289.59	44341.64
289.65	44369.91
289.72	44374.11
289.79	44367.66
289.85	44364.46
289.92	44342.60
289.99	44317.08
290.05	44272.21
290.12	44213.86
290.19	44151.22
290.25	44106.60
290.32	44078.45
290.39	44083.65
290.45	44100.60
290.52	44117.94
290.59	44102.38
290.65	44050.36
290.72	43960.90
290.79	43876.48
290.85	43832.37
290.92	43845.29
290.98	43905.82
291.05	44011.74
291.12	44142.60
291.18	44256.66
291.25	44349.98
291.32	44440.57
291.38	44526.02
291.45	44584.89
291.52	44658.15
291.58	44710.58
291.65	44737.94
291.72	44739.34
291.78	44730.22
291.85	44650.75
291.91	44568.81
291.98	44508.94
292.05	44444.72
292.11	44378.86
292.18	44332.57
292.25	44276.59
292.31	44199.66
292.38	44139.37
292.45	44093.24
292.51	44088.89
292.58	44101.15
292.64	44144.61
292.71	44184.87
292.78	44248.85
292.84	44315.92
292.91	44405.26
292.98	44493.32
293.04	44598.06
293.11	44690.59
293.17	44782.00
293.24	44881.24
293.31	44976.68
293.37	45061.37
293.44	45132.90
293.51	45173.97
293.57	45184.68
293.64	45154.07
293.70	45101.38
293.77	44999.89
293.84	44863.41
293.90	44706.78
293.97	44564.49
294.04	44453.02
294.10	44400.35
294.17	44395.45
294.23	44423.45
294.30	44454.24
294.37	44472.39
294.43	44474.71
294.50	44455.32
294.56	44442.27
294.63	44467.00
294.70	44511.02
294.76	44607.98
294.83	44749.31
294.90	44891.97
294.96	45027.50
295.03	45163.13
295.09	45270.62
295.16	45372.49
295.23	45475.76
295.29	45564.36
295.36	45636.38
295.42	45684.84
295.49	45707.11
295.56	45719.09
295.62	45713.07
295.69	45679.42
295.75	45623.10
295.82	45535.13
295.89	45398.31
295.95	45232.79
296.02	45068.49
296.08	44904.86
296.15	44759.53
296.22	44664.50
296.28	44620.42
296.35	44620.84
296.41	44683.95
296.48	44801.04
296.55	44940.73
296.61	45109.21
296.68	45289.70
296.74	45451.68
296.81	45598.57
296.88	45726.71
296.94	45809.58
297.01	45876.25
297.07	45943.66
297.14	46010.62
297.20	46095.32
297.27	46187.81
297.34	46284.83
297.40	46372.47
297.47	46435.51
297.53	46458.68
297.60	46468.79
297.67	46435.17
297.73	46366.66
297.80	46245.88
297.86	46079.87
297.93	45873.99
298.00	45652.63
298.06	45446.30
298.13	45310.66
298.19	45239.26
298.26	45228.04
298.32	45282.97
298.39	45365.82
298.46	45436.11
298.52	45534.39
298.59	45647.06
298.65	45756.83
298.72	45886.35
298.78	46032.63
298.85	46163.25
298.92	46295.60
298.98	46420.00
299.05	46530.29
299.11	46634.09
299.18	46730.26
299.24	46805.99
299.31	46865.39
299.38	46921.85
299.44	46959.36
299.51	46989.62
299.57	47008.16
299.64	47026.97
299.70	47024.44
299.77	47002.68
299.84	46927.83
299.90	46782.26
299.97	46541.95
300.03	46233.40
300.10	45910.13
300.16	45642.03
300.23	45487.19
300.30	45469.34
300.36	45555.80
300.43	45718.67
300.49	45904.65
300.56	46094.21
300.62	46270.89
300.69	46445.01
300.75	46595.62
300.82	46732.42
300.89	46849.83
300.95	46956.51
301.02	47030.82
301.08	47104.60
301.15	47173.67
301.21	47236.19
301.28	47291.97
301.34	47358.11
301.41	47409.32
301.48	47451.17
301.54	47462.18
301.61	47462.83
301.67	47449.00
301.74	47419.70
301.80	47346.22
301.87	47235.29
301.93	47073.77
302.00	46871.89
302.06	46632.26
302.13	46401.43
302.20	46219.40
302.26	46095.56
302.33	46034.39
302.39	46038.93
302.46	46098.38
302.52	46190.27
302.59	46319.08
302.65	46449.45
302.72	46593.50
302.78	46733.59
302.85	46873.85
302.91	46971.59
302.98	47061.71
303.05	47136.35
303.11	47204.82
303.18	47241.11
303.24	47289.12
303.31	47321.73
303.37	47357.20
303.44	47375.47
303.50	47395.52
303.57	47388.16
303.63	47387.64
303.70	47372.33
303.76	47341.88
303.83	47309.34
303.89	47267.88
303.96	47193.11
304.03	47082.02
304.09	46940.48
304.16	46734.55
304.22	46496.27
304.29	46257.08
304.35	46073.26
304.42	45957.01
304.48	45926.73
304.55	45974.02
304.61	46073.31
304.68	46169.46
304.74	46279.05
304.81	46391.00
304.87	46470.56
304.94	46555.38
305.00	46632.55
305.07	46683.22
305.13	46699.97
305.20	46721.76
305.26	46748.20
305.33	46760.80
305.39	46761.93
305.46	46772.58
305.52	46800.17
305.59	46788.99
305.66	46773.13
305.72	46763.48
305.79	46737.72
305.85	46681.28
305.92	46596.53
305.98	46470.71
306.05	46285.69
306.11	46077.73
306.18	45858.81
306.24	45647.13
306.31	45450.79
306.37	45265.90
306.44	45106.02
306.50	44970.89
306.57	44887.64
306.63	44908.58
306.70	45001.01
306.76	45131.70
306.83	45277.57
306.89	45413.40
306.96	45490.17
307.02	45544.17
307.09	45594.26
307.15	45628.71
307.22	45666.61
307.28	45690.67
307.35	45700.34
307.41	45679.84
307.48	45659.64
307.54	45621.72
307.61	45590.20
307.67	45561.66
307.74	45533.91
307.80	45501.25
307.87	45457.14
307.93	45417.19
308.00	45361.75
308.06	45310.52
308.13	45241.33
308.19	45167.25
308.26	45076.08
308.32	44989.76
308.38	44908.12
308.45	44815.46
308.51	44711.97
308.58	44573.21
308.64	44424.09
308.71	44278.73
308.77	44168.83
308.84	44088.05
308.90	44070.49
308.97	44092.28
309.03	44122.61
309.10	44155.96
309.16	44191.10
309.23	44207.30
309.29	44205.39
309.36	44180.14
309.42	44144.50
309.49	44112.68
309.55	44078.03
309.62	44033.17
309.68	44004.39
309.75	43959.56
309.81	43907.70
309.88	43849.29
309.94	43799.52
310.00	43737.25
310.07	43684.44
310.13	43642.81
310.20	43578.75
310.26	43523.05
310.33	43459.19
310.39	43406.56
310.46	43326.30
310.52	43254.45
310.59	43159.57
310.65	43065.29
310.72	42951.75
310.78	42838.38
310.85	42753.65
310.91	42685.36
310.97	42647.72
311.04	42622.75
311.10	42596.00
311.17	42570.63
311.23	42543.27
311.30	42509.11
311.36	42479.41
311.43	42475.42
311.49	42461.89
311.56	42445.98
311.62	42429.78
311.69	42406.83
311.75	42385.86
311.81	42349.55
311.88	42308.16
311.94	42257.26
312.01	42211.81
312.07	42146.28
312.14	42105.21
312.20	42063.58
312.27	42019.27
312.33	41964.64
312.40	41911.73
312.46	41835.86
312.52	41769.04
312.59	41694.92
312.65	41624.85
312.72	41542.31
312.78	41470.88
312.85	41395.38
312.91	41311.30
312.98	41223.15
313.04	41145.96
313.10	41056.72
313.17	40970.26
313.23	40914.49
313.30	40861.36
313.36	40820.07
313.43	40786.59
313.49	40771.06
313.56	40734.67
313.62	40713.54
313.68	40689.82
313.75	40664.84
313.81	40620.95
313.88	40579.86
313.94	40527.23
314.01	40473.81
314.07	40434.83
314.13	40400.25
314.20	40371.05
314.26	40329.77
314.33	40289.57
314.39	40234.64
314.46	40168.55
314.52	40105.77
314.58	40048.31
314.65	39977.59
314.71	39910.28
314.78	39851.78
314.84	39787.46
314.91	39728.35
314.97	39678.20
315.03	39631.66
315.10	39587.59
315.16	39528.94
315.23	39478.38
315.29	39429.66
315.36	39373.73
315.42	39313.36
315.48	39264.54
315.55	39194.86
315.61	39132.68
315.68	39077.59
315.74	39017.28
315.81	38956.85
315.87	38924.26
315.93	38888.96
316.00	38871.33
316.06	38853.15
316.13	38853.30
316.19	38822.75
316.25	38750.27
316.32	38618.59
316.38	38462.72
316.45	38255.30
316.51	38033.29
316.58	37795.43
316.64	37565.86
316.70	37326.31
316.77	37074.12
316.83	36823.44
316.90	36573.40
316.96	36316.94
317.02	36068.14
317.09	35818.48
317.15	35571.03
317.22	35318.30
317.28	35066.03
317.34	34799.41
317.41	34546.32
317.47	34293.99
317.54	34050.65
317.60	33811.08
317.66	33576.50
317.73	33317.89
317.79	33054.38
317.86	32787.46
317.92	32511.41
317.98	32224.80
318.05	31960.97
318.11	31684.34
318.18	31415.66
318.24	31138.06
318.30	30871.33
318.37	30589.95
318.43	30303.28
318.50	30022.02
318.56	29738.93
318.62	29453.28
318.69	29183.27
318.75	28916.54
318.82	28627.19
318.88	28351.32
318.94	28080.56
319.01	27797.86
319.07	27528.68
319.13	27269.09
319.20	26997.36
319.26	26731.24
319.33	26457.98
319.39	26158.43
319.45	25866.84
319.52	25586.64
319.58	25298.51
319.65	25013.29
319.71	24740.31
319.77	24457.23
319.84	24169.04
319.90	23882.11
319.96	23602.29
320.03	23320.11
320.09	23048.80
320.16	22764.83
320.22	22474.42
320.28	22181.54
320.35	21895.32
320.41	21605.75
320.47	21331.58
320.54	21057.40
320.60	20788.62
320.67	20512.17
320.73	20238.62
320.79	19954.71
320.86	19675.37
320.92	19383.84
320.98	19099.22
321.05	18801.32
321.11	18511.87
321.18	18225.62
321.24	17945.71
321.30	17666.12
321.37	17402.83
321.43	17135.32
321.49	16857.97
321.56	16578.12
321.62	16308.73
321.68	16026.65
321.75	15747.92
321.81	15469.32
321.88	15194.91
321.94	14911.54
322.00	14623.48
322.07	14341.56
322.13	14060.33
322.19	13780.76
322.26	13502.03
322.32	13231.25
322.38	12962.40
322.45	12699.70
322.51	12424.78
322.58	12158.77
322.64	11885.67
322.70	11616.87
322.77	11336.67
322.83	11072.80
322.89	10796.84
322.96	10531.19
323.02	10259.77
323.08	9995.17
323.15	9725.44
323.21	9467.44
323.27	9208.04
323.34	8953.38
323.40	8702.57
323.46	8452.93
323.53	8093.73
323.59	6989.77
323.65	5404.93
323.72	3746.02
323.78	2142.30
323.85	692.82
323.91	41.80
323.97	-79.94
324.04	-82.19
