180.21	3366.50
180.28	-115.04
180.36	624.97
180.44	-42.20
180.51	-13.86
180.59	7.71
180.66	34.44
180.74	30.82
180.81	28.31
180.89	30.56
180.97	31.43
181.04	28.42
181.12	27.64
181.19	28.58
181.27	28.78
181.34	46.66
181.42	53.57
181.50	61.51
181.57	72.78
181.65	78.11
181.72	70.97
181.80	66.38
181.87	66.17
181.95	66.16
182.03	65.46
182.10	68.76
182.18	70.51
182.25	74.83
182.33	74.26
182.40	80.90
182.48	75.80
182.55	87.46
182.63	92.36
182.71	95.54
182.78	97.08
182.86	103.21
182.93	99.79
183.01	102.14
183.08	102.48
183.16	107.37
183.23	103.55
183.31	110.40
183.39	110.58
183.46	119.79
183.54	115.52
183.61	123.47
183.69	124.98
183.76	134.15
183.84	134.67
183.91	137.19
183.99	147.05
184.06	149.24
184.14	152.63
184.22	156.74
184.29	160.13
184.37	158.41
184.44	153.61
184.52	142.31
184.59	138.75
184.67	142.97
184.74	137.45
184.82	150.97
184.89	164.88
184.97	175.59
185.04	184.68
185.12	195.54
185.20	204.22
185.27	213.63
185.35	224.67
185.42	224.88
185.50	238.29
185.57	240.25
185.65	246.78
185.72	248.16
185.80	259.47
185.87	258.60
185.95	259.12
186.02	262.01
186.10	261.11
186.17	260.81
186.25	260.92
186.33	252.37
186.40	242.44
186.48	244.54
186.55	248.25
186.63	252.48
186.70	281.94
186.78	302.01
186.85	321.79
186.93	337.39
187.00	356.56
187.08	360.24
187.15	375.76
187.23	386.37
187.30	398.48
187.38	416.05
187.45	435.73
187.53	451.13
187.60	460.98
187.68	473.96
187.75	485.13
187.83	492.41
187.90	489.21
187.98	487.67
188.05	485.60
188.13	465.83
188.21	441.40
188.28	438.85
188.36	435.04
188.43	437.89
188.51	457.00
188.58	493.14
188.66	508.57
188.73	535.40
188.81	565.89
188.88	585.21
188.96	601.12
189.03	631.20
189.11	654.86
189.18	670.16
189.26	691.70
189.33	718.47
189.41	745.42
189.48	768.40
189.56	789.08
189.63	808.46
189.71	807.23
189.78	791.44
189.86	774.38
189.93	758.20
190.01	734.37
190.08	718.91
190.16	704.52
190.23	684.43
190.31	676.39
190.38	675.15
190.46	686.39
190.53	713.32
190.61	760.79
190.68	794.08
190.76	843.83
190.83	884.06
190.91	916.36
190.98	938.58
191.06	968.53
191.13	987.24
191.21	1004.44
191.28	1012.52
191.35	1021.73
191.43	1025.61
191.50	1023.30
191.58	1025.95
191.65	1040.84
191.73	1049.94
191.80	1060.73
191.88	1065.09
191.95	1067.17
192.03	1068.50
192.10	1072.01
192.18	1076.57
192.25	1089.24
192.33	1090.78
192.40	1084.49
192.48	1080.09
192.55	1077.45
192.63	1071.87
192.70	1081.48
192.78	1098.48
192.85	1125.60
192.93	1145.80
193.00	1159.18
193.08	1162.85
193.15	1166.32
193.22	1167.79
193.30	1179.77
193.37	1220.25
193.45	1256.29
193.52	1301.30
193.60	1348.49
193.67	1386.62
193.75	1407.82
193.82	1438.20
193.90	1452.96
193.97	1458.33
194.05	1458.17
194.12	1448.52
194.20	1434.06
194.27	1417.30
194.34	1389.28
194.42	1360.53
194.49	1346.88
194.57	1337.50
194.64	1324.29
194.72	1318.76
194.79	1325.92
194.87	1339.81
194.94	1371.00
195.02	1420.90
195.09	1482.14
195.17	1544.38
195.24	1597.15
195.31	1636.60
195.39	1664.51
195.46	1678.24
195.54	1690.51
195.61	1693.34
195.69	1680.94
195.76	1659.04
195.84	1633.10
195.91	1576.42
195.99	1512.07
196.06	1460.04
196.13	1430.91
196.21	1426.78
196.28	1458.35
196.36	1520.03
196.43	1592.25
196.51	1662.59
196.58	1725.29
196.66	1779.87
196.73	1817.73
196.80	1840.14
196.88	1851.95
196.95	1860.01
197.03	1861.22
197.10	1847.31
197.18	1827.02
197.25	1790.43
197.33	1738.67
197.40	1684.86
197.47	1628.04
197.55	1587.23
197.62	1566.73
197.70	1568.78
197.77	1590.72
197.85	1644.12
197.92	1704.35
197.99	1778.70
198.07	1858.47
198.14	1927.32
198.22	1993.50
198.29	2043.88
198.37	2078.41
198.44	2099.68
198.51	2109.07
198.59	2095.43
198.66	2078.38
198.74	2039.92
198.81	1978.87
198.89	1899.66
198.96	1828.61
199.03	1753.23
199.11	1701.83
199.18	1684.46
199.26	1710.53
199.33	1766.06
199.41	1854.07
199.48	1944.12
199.55	2035.57
199.63	2112.62
199.70	2177.31
199.78	2222.42
199.85	2267.93
199.93	2299.06
200.00	2327.86
200.07	2331.45
200.15	2323.50
200.22	2293.39
200.30	2235.09
200.37	2147.51
200.44	2043.31
200.52	1948.14
200.59	1887.93
200.67	1864.27
200.74	1884.93
200.81	1953.30
200.89	2037.29
200.96	2122.33
201.04	2205.29
201.11	2295.24
201.19	2376.06
201.26	2447.93
201.33	2506.22
201.41	2558.91
201.48	2590.76
201.56	2604.77
201.63	2609.67
201.70	2584.31
201.78	2531.02
201.85	2457.08
201.93	2368.05
202.00	2277.43
202.07	2208.44
202.15	2151.72
202.22	2123.62
202.30	2146.00
202.37	2197.24
202.44	2279.43
202.52	2398.17
202.59	2528.09
202.67	2640.45
202.74	2740.47
202.81	2821.69
202.89	2888.47
202.96	2953.31
203.04	3013.16
203.11	3049.50
203.18	3069.57
203.26	3063.41
203.33	3009.40
203.41	2914.65
203.48	2797.68
203.55	2642.68
203.63	2497.10
203.70	2406.34
203.77	2387.12
203.85	2431.24
203.92	2545.19
204.00	2703.17
204.07	2856.32
204.14	2996.54
204.22	3122.23
204.29	3244.87
204.37	3345.42
204.44	3434.71
204.51	3508.78
204.59	3565.47
204.66	3587.22
204.73	3585.96
204.81	3555.70
204.88	3497.25
204.96	3402.09
205.03	3275.44
205.10	3136.61
205.18	3015.67
205.25	2919.01
205.32	2873.32
205.40	2893.59
205.47	2974.36
205.55	3096.55
205.62	3255.24
205.69	3438.90
205.77	3622.42
205.84	3794.84
205.91	3946.66
205.99	4073.82
206.06	4175.62
206.14	4267.51
206.21	4349.07
206.28	4406.71
206.36	4450.26
206.43	4449.33
206.50	4404.17
206.58	4295.75
206.65	4138.63
206.72	3923.31
206.80	3710.17
206.87	3533.43
206.95	3446.84
207.02	3473.16
207.09	3609.01
207.17	3820.82
207.24	4064.69
207.31	4304.74
207.39	4520.70
207.46	4717.90
207.53	4889.95
207.61	5051.14
207.68	5193.73
207.75	5324.43
207.83	5431.13
207.90	5515.04
207.98	5552.32
208.05	5548.16
208.12	5482.70
208.20	5361.03
208.27	5183.64
208.34	4968.59
208.42	4741.76
208.49	4575.61
208.56	4481.00
208.64	4493.82
208.71	4603.76
208.78	4783.06
208.86	5000.45
208.93	5241.72
209.00	5477.55
209.08	5713.69
209.15	5956.37
209.22	6175.65
209.30	6378.08
209.37	6559.34
209.44	6718.71
209.52	6852.55
209.59	6953.40
209.67	7016.73
209.74	7026.87
209.81	6981.45
209.89	6858.77
209.96	6662.12
210.03	6408.88
210.11	6166.17
210.18	5960.38
210.25	5833.40
210.33	5827.11
210.40	5948.07
210.47	6159.11
210.55	6438.62
210.62	6746.58
210.69	7055.47
210.77	7349.75
210.84	7619.29
210.91	7867.72
210.99	8090.90
211.06	8303.39
211.13	8501.76
211.21	8676.04
211.28	8818.33
211.35	8929.12
211.42	8970.49
211.50	8933.44
211.57	8812.62
211.64	8606.97
211.72	8323.43
211.79	8016.19
211.86	7781.86
211.94	7697.15
212.01	7756.15
212.08	7970.14
212.16	8281.58
212.23	8613.85
212.30	8910.74
212.38	9170.40
212.45	9410.17
212.52	9637.78
212.60	9850.31
212.67	10064.07
212.74	10290.13
212.82	10511.66
212.89	10735.78
212.96	10935.84
213.03	11082.46
213.11	11176.78
213.18	11187.51
213.25	11116.72
213.33	10958.68
213.40	10733.63
213.47	10503.32
213.55	10328.93
213.62	10233.33
213.69	10263.03
213.77	10438.91
213.84	10688.09
213.91	10992.92
213.98	11305.68
214.06	11605.36
214.13	11865.91
214.20	12092.90
214.28	12318.63
214.35	12560.93
214.42	12817.84
214.50	13096.55
214.57	13385.46
214.64	13635.92
214.72	13844.97
214.79	14003.34
214.86	14085.39
214.93	14091.39
215.01	14019.88
215.08	13856.38
215.15	13612.24
215.23	13321.76
215.30	13095.81
215.37	13001.80
215.44	13093.01
215.52	13360.49
215.59	13758.18
215.66	14194.96
215.74	14598.63
215.81	14936.48
215.88	15245.40
215.95	15530.29
216.03	15812.30
216.10	16081.51
216.17	16343.88
216.25	16571.88
216.32	16778.59
216.39	16938.60
216.46	17079.94
216.54	17180.14
216.61	17257.11
216.68	17269.75
216.76	17225.34
216.83	17079.29
216.90	16874.75
216.97	16646.31
217.05	16502.32
217.12	16472.53
217.19	16606.80
217.27	16888.49
217.34	17272.32
217.41	17689.94
217.48	18101.84
217.56	18500.43
217.63	18862.03
217.70	19180.81
217.78	19466.76
217.85	19713.19
217.92	19923.53
217.99	20122.83
218.07	20297.87
218.14	20450.98
218.21	20625.78
218.28	20794.89
218.36	20947.65
218.43	21065.80
218.50	21130.16
218.57	21085.43
218.65	20939.22
218.72	20695.57
218.79	20443.67
218.87	20262.33
218.94	20220.69
219.01	20353.70
219.08	20667.20
219.16	21090.26
219.23	21543.55
219.30	21974.75
219.37	22361.15
219.45	22694.06
219.52	23000.80
219.59	23289.46
219.66	23555.68
219.74	23806.26
219.81	24065.82
219.88	24292.07
219.95	24503.42
220.03	24722.70
220.10	24917.87
220.17	25057.17
220.24	25157.09
220.32	25173.07
220.39	25097.38
220.46	24941.95
220.53	24733.27
220.61	24510.84
220.68	24379.35
220.75	24388.45
220.82	24550.43
220.90	24823.39
220.97	25179.29
221.04	25534.39
221.11	25854.51
221.19	26138.26
221.26	26414.68
221.33	26685.61
221.40	26965.71
221.48	27227.09
221.55	27474.54
221.62	27715.93
221.69	27943.10
221.77	28165.86
221.84	28375.86
221.91	28564.04
221.98	28714.70
222.06	28834.12
222.13	28896.81
222.20	28905.60
222.27	28879.71
222.35	28820.55
222.42	28762.38
222.49	28729.13
222.56	28764.98
222.63	28856.16
222.71	28994.13
222.78	29166.54
222.85	29352.69
222.92	29550.90
223.00	29734.96
223.07	29951.99
223.14	30169.99
223.21	30399.28
223.29	30625.97
223.36	30876.67
223.43	31112.94
223.50	31345.17
223.57	31566.82
223.65	31767.90
223.72	31922.95
223.79	32051.98
223.86	32136.73
223.94	32192.74
224.01	32220.46
224.08	32252.59
224.15	32275.60
224.22	32309.26
224.30	32335.58
224.37	32395.88
224.44	32473.98
224.51	32573.23
224.59	32691.93
224.66	32852.65
224.73	33013.43
224.80	33181.70
224.87	33357.41
224.95	33551.04
225.02	33756.71
225.09	33946.62
225.16	34135.00
225.23	34318.75
225.31	34489.25
225.38	34603.88
225.45	34741.03
225.52	34862.58
225.60	34947.06
225.67	35009.93
225.74	35048.33
225.81	35046.54
225.88	35043.59
225.96	35079.48
226.03	35147.75
226.10	35276.19
226.17	35423.66
226.24	35578.37
226.32	35722.26
226.39	35858.25
226.46	35992.28
226.53	36129.53
226.60	36280.40
226.68	36429.40
226.75	36572.59
226.82	36707.61
226.89	36840.29
226.96	36960.44
227.04	37057.66
227.11	37141.74
227.18	37234.30
227.25	37308.92
227.32	37373.73
227.40	37456.35
227.47	37530.53
227.54	37579.17
227.61	37619.43
227.68	37640.87
227.76	37650.29
227.83	37673.49
227.90	37730.17
227.97	37804.59
228.04	37911.79
228.11	38038.55
228.19	38166.83
228.26	38292.99
228.33	38409.39
228.40	38520.93
228.47	38643.35
228.55	38762.83
228.62	38877.57
228.69	38986.44
228.76	39082.02
228.83	39145.51
228.90	39215.44
228.98	39279.80
229.05	39372.04
229.12	39492.05
229.19	39612.56
229.26	39721.04
229.34	39813.34
229.41	39880.95
229.48	39926.08
229.55	39959.58
229.62	39998.93
229.69	40038.84
229.77	40067.13
229.84	40081.41
229.91	40118.60
229.98	40144.73
230.05	40182.07
230.12	40246.18
230.20	40338.76
230.27	40434.48
230.34	40534.90
230.41	40632.56
230.48	40733.17
230.55	40821.39
230.63	40900.39
230.70	40991.02
230.77	41063.32
230.84	41105.32
230.91	41143.53
230.98	41181.15
231.06	41219.46
231.13	41290.70
231.20	41392.14
231.27	41496.33
231.34	41597.76
231.41	41686.59
231.49	41744.44
231.56	41796.14
231.63	41840.58
231.70	41886.11
231.77	41920.61
231.84	41950.73
231.92	41981.44
231.99	42021.21
232.06	42055.50
232.13	42097.19
232.20	42166.58
232.27	42232.58
232.34	42284.26
232.42	42335.49
232.49	42388.30
232.56	42409.51
232.63	42455.43
232.70	42490.50
232.77	42541.43
232.85	42595.33
232.92	42662.12
232.99	42711.40
233.06	42766.87
233.13	42814.12
233.20	42844.11
233.27	42874.22
233.35	42894.87
233.42	42914.88
233.49	42942.53
233.56	42982.70
233.63	43024.09
233.70	43060.25
233.77	43118.53
233.85	43158.21
233.92	43222.90
233.99	43287.27
234.06	43336.87
234.13	43376.07
234.20	43429.96
234.27	43445.24
234.35	43459.68
234.42	43491.65
234.49	43501.35
234.56	43507.60
234.63	43510.55
234.70	43517.78
234.77	43519.91
234.84	43520.25
234.92	43513.50
234.99	43538.82
235.06	43558.78
235.13	43585.31
235.20	43623.79
235.27	43675.92
235.34	43703.66
235.41	43740.30
235.49	43774.91
235.56	43818.13
235.63	43848.16
235.70	43876.05
235.77	43885.21
235.84	43900.53
235.91	43894.96
235.98	43889.03
236.06	43879.45
236.13	43880.70
236.20	43872.04
236.27	43863.02
236.34	43866.18
236.41	43889.60
236.48	43901.88
236.55	43913.42
236.63	43928.60
236.70	43936.03
236.77	43927.87
236.84	43937.98
236.91	43945.98
236.98	43967.82
237.05	43989.53
237.12	44005.81
237.19	44011.51
237.27	44010.79
237.34	44024.97
237.41	44027.42
237.48	44037.76
237.55	44041.06
237.62	44049.20
237.69	44060.61
237.76	44079.66
237.83	44102.81
237.91	44135.54
237.98	44163.82
238.05	44161.68
238.12	44166.42
238.19	44164.00
238.26	44188.60
238.33	44200.24
238.40	44216.32
238.47	44218.09
238.54	44227.87
238.62	44198.05
238.69	44188.79
238.76	44175.63
238.83	44172.44
238.90	44178.94
238.97	44192.54
239.04	44208.01
239.11	44231.37
239.18	44258.79
239.25	44272.21
239.33	44270.79
239.40	44256.93
239.47	44239.09
239.54	44207.06
239.61	44179.92
239.68	44163.47
239.75	44165.98
239.82	44167.71
239.89	44177.38
239.96	44187.93
240.03	44198.47
240.11	44194.51
240.18	44194.69
240.25	44191.71
240.32	44194.42
240.39	44216.43
240.46	44232.64
240.53	44275.43
240.60	44335.36
240.67	44374.53
240.74	44406.57
240.81	44442.47
240.88	44448.29
240.96	44442.65
241.03	44455.64
241.10	44459.89
241.17	44470.20
241.24	44496.12
241.31	44520.76
241.38	44513.94
241.45	44496.75
241.52	44491.03
241.59	44479.67
241.66	44473.26
241.73	44493.93
241.80	44525.96
241.88	44542.31
241.95	44559.87
242.02	44575.54
242.09	44568.15
242.16	44568.14
242.23	44583.16
242.30	44595.32
242.37	44598.62
242.44	44634.31
242.51	44638.53
242.58	44640.56
242.65	44632.50
242.72	44645.30
242.79	44642.22
242.87	44668.71
242.94	44681.79
243.01	44709.87
243.08	44739.17
243.15	44767.96
243.22	44782.52
243.29	44818.01
243.36	44847.48
243.43	44873.51
243.50	44907.74
243.57	44958.92
243.64	44991.77
243.71	45036.42
243.78	45061.00
243.85	45088.12
243.92	45106.34
243.99	45120.62
244.07	45122.95
244.14	45133.88
244.21	45138.41
244.28	45150.12
244.35	45173.21
244.42	45195.18
244.49	45216.65
244.56	45249.21
244.63	45276.76
244.70	45287.79
244.77	45303.95
244.84	45336.18
244.91	45361.43
244.98	45398.90
245.05	45448.47
245.12	45499.74
245.19	45533.71
245.26	45568.35
245.33	45599.62
245.40	45650.99
245.47	45699.11
245.55	45748.46
245.62	45785.54
245.69	45818.23
245.76	45848.92
245.83	45885.83
245.90	45921.04
245.97	45958.66
246.04	46010.08
246.11	46042.73
246.18	46061.08
246.25	46082.54
246.32	46104.70
246.39	46116.25
246.46	46143.05
246.53	46196.47
246.60	46263.96
246.67	46332.73
246.74	46414.87
246.81	46484.80
246.88	46536.07
246.95	46576.25
247.02	46602.86
247.09	46626.35
247.16	46644.57
247.23	46654.34
247.30	46660.52
247.37	46686.18
247.44	46709.91
247.51	46744.84
247.58	46795.84
247.66	46857.03
247.73	46932.12
247.80	46998.96
247.87	47063.62
247.94	47133.42
248.01	47206.05
248.08	47265.96
248.15	47319.89
248.22	47373.60
248.29	47428.34
248.36	47474.86
248.43	47520.48
248.50	47575.38
248.57	47630.03
248.64	47677.88
248.71	47742.20
248.78	47811.92
248.85	47874.83
248.92	47944.13
248.99	47998.19
249.06	48024.45
249.13	48048.55
249.20	48060.37
249.27	48076.14
249.34	48110.80
249.41	48145.12
249.48	48165.16
249.55	48214.35
249.62	48258.32
249.69	48285.92
249.76	48315.17
249.83	48365.86
249.90	48422.23
249.97	48484.81
250.04	48568.15
250.11	48668.88
250.18	48762.78
250.25	48831.18
250.32	48883.04
250.39	48930.09
250.46	48979.70
250.53	49032.99
250.60	49090.80
250.67	49175.94
250.74	49240.88
250.81	49286.55
250.88	49326.95
250.95	49369.58
251.02	49387.01
251.09	49409.72
251.16	49457.43
251.23	49508.28
251.30	49550.07
251.37	49601.73
251.44	49659.43
251.51	49711.92
251.58	49759.43
251.65	49817.92
251.72	49866.75
251.79	49929.00
251.86	49972.38
251.93	50020.29
252.00	50039.93
252.07	50061.33
252.14	50086.66
252.21	50123.13
252.28	50157.31
252.35	50215.43
252.42	50292.47
252.49	50356.31
252.56	50407.60
252.63	50458.30
252.70	50522.21
252.77	50567.21
252.84	50608.61
252.91	50656.00
252.98	50706.47
253.05	50723.03
253.12	50747.36
253.19	50774.04
253.25	50817.47
253.32	50856.66
253.39	50919.58
253.46	50977.22
253.53	51028.14
253.60	51050.61
253.67	51076.47
253.74	51107.52
253.81	51145.46
253.88	51186.62
253.95	51241.08
254.02	51286.18
254.09	51334.95
254.16	51365.05
254.23	51407.28
254.30	51433.02
254.37	51469.34
254.44	51501.37
254.51	51548.33
254.58	51580.42
254.65	51619.71
254.72	51650.79
254.79	51666.45
254.86	51685.29
254.93	51701.22
255.00	51745.17
255.07	51773.07
255.14	51831.03
255.21	51867.27
255.28	51883.77
255.34	51876.18
255.41	51885.29
255.48	51872.29
255.55	51880.63
255.62	51923.84
255.69	51962.97
255.76	52007.92
255.83	52066.64
255.90	52108.34
255.97	52156.82
256.04	52192.70
256.11	52242.06
256.18	52263.76
256.25	52313.88
256.32	52343.70
256.39	52394.63
256.46	52424.33
256.53	52465.69
256.60	52492.14
256.67	52524.11
256.74	52540.92
256.80	52564.88
256.87	52580.03
256.94	52591.51
257.01	52592.58
257.08	52626.44
257.15	52653.84
257.22	52681.16
257.29	52685.23
257.36	52667.85
257.43	52627.23
257.50	52590.02
257.57	52557.13
257.64	52558.15
257.71	52586.48
257.78	52640.69
257.85	52692.16
257.92	52754.14
257.98	52813.57
258.05	52858.89
258.12	52863.18
258.19	52857.25
258.26	52835.26
258.33	52787.12
258.40	52749.84
258.47	52740.02
258.54	52739.12
258.61	52751.92
258.68	52793.23
258.75	52838.87
258.82	52872.49
258.89	52897.30
258.95	52929.85
259.02	52936.28
259.09	52929.27
259.16	52917.00
259.23	52904.91
259.30	52870.97
259.37	52846.40
259.44	52839.61
259.51	52853.21
259.58	52870.79
259.65	52897.35
259.72	52923.18
259.79	52928.31
259.85	52913.42
259.92	52892.48
259.99	52888.07
260.06	52888.46
260.13	52890.59
260.20	52898.25
260.27	52894.84
260.34	52860.32
260.41	52821.00
260.48	52803.21
260.55	52800.74
260.62	52808.78
260.68	52806.80
260.75	52803.68
260.82	52805.73
260.89	52789.59
260.96	52780.38
261.03	52795.13
261.10	52800.09
261.17	52785.70
261.24	52749.45
261.31	52711.00
261.38	52669.45
261.44	52623.67
261.51	52583.05
261.58	52563.27
261.65	52560.30
261.72	52560.72
261.79	52560.39
261.86	52558.70
261.93	52554.36
262.00	52530.29
262.07	52493.44
262.13	52468.92
262.20	52435.18
262.27	52414.40
262.34	52416.55
262.41	52416.40
262.48	52416.70
262.55	52432.90
262.62	52448.76
262.69	52431.02
262.76	52427.71
262.82	52407.84
262.89	52391.51
262.96	52362.31
263.03	52350.09
263.10	52330.14
263.17	52330.63
263.24	52299.23
263.31	52285.68
263.38	52284.49
263.44	52286.71
263.51	52290.64
263.58	52299.18
263.65	52274.19
263.72	52208.63
263.79	52139.48
263.86	52076.23
263.93	52024.82
264.00	52002.18
264.06	52003.38
264.13	52001.99
264.20	51985.72
264.27	51957.45
264.34	51902.74
264.41	51842.53
264.48	51791.31
264.55	51731.64
264.61	51674.32
264.68	51633.52
264.75	51605.72
264.82	51551.18
264.89	51512.73
264.96	51504.51
265.03	51484.35
265.10	51472.73
265.16	51469.73
265.23	51467.25
265.30	51443.10
265.37	51420.11
265.44	51384.05
265.51	51364.64
265.58	51335.94
265.65	51322.61
265.71	51314.61
265.78	51325.98
265.85	51312.42
265.92	51284.10
265.99	51217.88
266.06	51155.39
266.13	51069.74
266.20	51003.37
266.26	50963.18
266.33	50936.43
266.40	50906.40
266.47	50863.39
266.54	50816.83
266.61	50769.76
266.68	50744.10
266.74	50718.96
266.81	50694.54
266.88	50653.79
266.95	50589.17
267.02	50528.78
267.09	50464.44
267.16	50414.06
267.22	50400.25
267.29	50407.62
267.36	50413.53
267.43	50430.73
267.50	50435.69
267.57	50424.28
267.64	50390.67
267.70	50336.15
267.77	50275.87
267.84	50236.97
267.91	50197.17
267.98	50175.90
268.05	50167.72
268.11	50163.37
268.18	50137.81
268.25	50101.87
268.32	50034.57
268.39	49947.33
268.46	49843.23
268.53	49737.73
268.59	49628.26
268.66	49555.83
268.73	49515.89
268.80	49500.79
268.87	49500.97
268.94	49542.48
269.00	49581.58
269.07	49605.78
269.14	49628.73
269.21	49628.26
269.28	49597.55
269.35	49556.61
269.41	49521.21
269.48	49471.42
269.55	49441.80
269.62	49423.18
269.69	49414.14
269.76	49383.72
269.82	49348.99
269.89	49311.61
269.96	49278.97
270.03	49233.10
270.10	49188.77
270.17	49123.27
270.23	49069.24
270.30	49006.06
270.37	48981.25
270.44	48975.66
270.51	48992.07
270.58	49001.48
270.64	49011.43
270.71	48983.20
270.78	48956.96
270.85	48952.62
270.92	48949.89
270.99	48929.33
271.05	48912.47
271.12	48859.74
271.19	48792.67
271.26	48712.93
271.33	48646.49
271.39	48590.90
271.46	48547.37
271.53	48517.42
271.60	48499.17
271.67	48479.68
271.74	48446.10
271.80	48429.21
271.87	48406.82
271.94	48374.13
272.01	48338.88
272.08	48312.23
272.14	48289.02
272.21	48256.53
272.28	48240.92
272.35	48226.16
272.42	48219.24
272.48	48213.02
272.55	48209.82
272.62	48189.75
272.69	48185.74
272.76	48177.86
272.83	48162.03
272.89	48137.67
272.96	48121.87
273.03	48101.37
273.10	48067.39
273.17	48040.54
273.23	48010.75
273.30	47972.58
273.37	47908.50
273.44	47855.11
273.51	47780.29
273.57	47731.46
273.64	47691.99
273.71	47687.45
273.78	47676.71
273.85	47694.63
273.91	47710.54
273.98	47756.08
274.05	47797.36
274.12	47863.16
274.19	47932.49
274.25	47983.70
274.32	47994.44
274.39	47972.88
274.46	47926.34
274.53	47834.13
274.59	47736.63
274.66	47641.92
274.73	47582.98
274.80	47509.57
274.86	47458.39
274.93	47428.07
275.00	47415.23
275.07	47386.39
275.14	47383.81
275.20	47369.63
275.27	47359.49
275.34	47335.32
275.41	47326.19
275.48	47313.26
275.54	47318.53
275.61	47321.21
275.68	47327.00
275.75	47319.63
275.81	47300.52
275.88	47296.99
275.95	47289.36
276.02	47279.55
276.09	47271.14
276.15	47277.09
276.22	47266.39
276.29	47238.18
276.36	47188.09
276.42	47124.77
276.49	47049.00
276.56	46962.41
276.63	46891.51
276.70	46843.35
276.76	46827.86
276.83	46836.01
276.90	46872.50
276.97	46898.71
277.03	46922.53
277.10	46909.10
277.17	46878.16
277.24	46831.53
277.30	46791.61
277.37	46762.56
277.44	46767.88
277.51	46780.99
277.58	46791.44
277.64	46798.12
277.71	46786.96
277.78	46740.40
277.85	46663.38
277.91	46563.42
277.98	46463.62
278.05	46381.85
278.12	46325.41
278.18	46294.78
278.25	46305.40
278.32	46332.59
278.39	46368.02
278.45	46416.40
278.52	46478.25
278.59	46547.60
278.66	46604.19
278.72	46637.84
278.79	46635.81
278.86	46582.84
278.93	46487.48
278.99	46365.32
279.06	46242.34
279.13	46154.99
279.20	46129.57
279.26	46149.23
279.33	46206.22
279.40	46286.96
279.47	46366.24
279.53	46415.78
279.60	46401.71
279.67	46333.92
279.74	46206.60
279.80	46046.18
279.87	45890.90
279.94	45780.97
280.01	45730.06
280.07	45727.26
280.14	45748.37
280.21	45773.33
280.28	45804.71
280.34	45822.38
280.41	45838.02
280.48	45844.76
280.55	45865.34
280.61	45870.22
280.68	45866.21
280.75	45854.29
280.82	45849.43
280.88	45836.69
280.95	45804.90
281.02	45775.52
281.08	45719.38
281.15	45641.47
281.22	45542.30
281.29	45456.30
281.35	45349.24
281.42	45253.38
281.49	45153.79
281.56	45061.84
281.62	44963.95
281.69	44893.18
281.76	44842.61
281.82	44805.73
281.89	44787.03
281.96	44791.78
282.03	44799.70
282.09	44809.14
282.16	44837.22
282.23	44866.45
282.30	44896.18
282.36	44937.75
282.43	44987.45
282.50	45033.06
282.56	45057.05
282.63	45068.70
282.70	45072.19
282.77	45091.26
282.83	45103.31
282.90	45121.99
282.97	45129.55
283.03	45091.01
283.10	44986.33
283.17	44853.98
283.24	44687.26
283.30	44520.57
283.37	44400.99
283.44	44323.19
283.50	44277.12
283.57	44278.97
283.64	44294.63
283.71	44300.12
283.77	44306.33
283.84	44328.02
283.91	44343.85
283.97	44371.86
284.04	44421.64
284.11	44478.51
284.18	44519.34
284.24	44545.08
284.31	44548.41
284.38	44532.02
284.44	44503.03
284.51	44484.52
284.58	44486.42
284.64	44491.90
284.71	44482.58
284.78	44464.66
284.85	44421.14
284.91	44363.15
284.98	44310.49
285.05	44245.53
285.11	44172.42
285.18	44077.95
285.25	43978.53
285.31	43888.16
285.38	43828.79
285.45	43814.70
285.52	43857.51
285.58	43916.53
285.65	43984.24
285.72	44060.58
285.78	44118.38
285.85	44168.01
285.92	44218.18
285.98	44262.40
286.05	44304.16
286.12	44355.46
286.18	44398.07
286.25	44437.15
286.32	44466.64
286.39	44491.92
286.45	44485.44
286.52	44444.75
286.59	44365.13
286.65	44252.24
286.72	44109.85
286.79	43967.82
286.85	43852.52
286.92	43765.84
286.99	43728.84
287.05	43711.19
287.12	43732.33
287.19	43764.26
287.25	43819.96
287.32	43869.12
287.39	43933.93
287.45	43979.44
287.52	44011.45
287.59	44054.03
287.65	44094.30
287.72	44124.40
287.79	44157.32
287.86	44196.72
287.92	44230.14
287.99	44257.27
288.06	44281.22
288.12	44296.49
288.19	44326.57
288.26	44333.38
288.32	44329.41
288.39	44328.46
288.46	44324.30
288.52	44295.61
288.59	44234.86
288.66	44151.22
288.72	44040.38
288.79	43914.38
288.86	43798.48
288.92	43719.82
288.99	43683.24
289.06	43681.66
289.12	43732.29
289.19	43808.59
289.26	43897.98
289.32	44006.85
289.39	44132.12
289.45	44247.54
289.52	44329.80
289.59	44398.56
289.65	44440.08
289.72	44435.99
289.79	44424.03
289.85	44412.75
289.92	44380.16
289.99	44344.82
290.05	44300.05
290.12	44231.46
290.19	44163.16
290.25	44125.91
290.32	44091.28
290.39	44105.73
290.45	44133.20
290.52	44148.34
290.59	44129.84
290.65	44081.86
290.72	43989.16
290.79	43899.70
290.85	43857.94
290.92	43876.84
290.98	43951.23
291.05	44064.20
291.12	44188.20
291.18	44305.74
291.25	44400.80
291.32	44490.62
291.38	44572.19
291.45	44654.76
291.52	44717.99
291.58	44772.04
291.65	44799.63
291.72	44802.12
291.78	44769.78
291.85	44714.73
291.91	44630.94
291.98	44560.03
292.05	44488.69
292.11	44436.85
292.18	44385.53
292.25	44325.35
292.31	44252.65
292.38	44190.95
292.45	44131.09
292.51	44103.86
292.58	44108.36
292.64	44142.43
292.71	44207.83
292.78	44284.17
292.84	44364.20
292.91	44462.14
292.98	44562.24
293.04	44662.16
293.11	44758.13
293.17	44859.67
293.24	44954.28
293.31	45030.74
293.37	45092.26
293.44	45144.88
293.51	45178.79
293.57	45194.11
293.64	45184.68
293.70	45142.24
293.77	45057.07
293.84	44929.58
293.90	44765.04
293.97	44617.76
294.04	44505.16
294.10	44437.04
294.17	44425.21
294.23	44458.99
294.30	44488.76
294.37	44506.31
294.43	44521.12
294.50	44506.90
294.56	44496.33
294.63	44507.61
294.70	44555.63
294.76	44633.35
294.83	44758.12
294.90	44907.91
294.96	45061.74
295.03	45186.32
295.09	45319.83
295.16	45431.95
295.23	45520.77
295.29	45604.43
295.36	45680.25
295.42	45720.54
295.49	45751.36
295.56	45785.83
295.62	45786.05
295.69	45751.77
295.75	45693.26
295.82	45596.41
295.89	45437.62
295.95	45266.72
296.02	45106.75
296.08	44949.59
296.15	44801.57
296.22	44710.20
296.28	44658.45
296.35	44661.49
296.41	44714.84
296.48	44828.22
296.55	44981.58
296.61	45147.16
296.68	45320.31
296.74	45486.78
296.81	45646.35
296.88	45763.43
296.94	45860.46
297.01	45931.27
297.07	45998.70
297.14	46064.71
297.20	46144.93
297.27	46243.60
297.34	46348.02
297.40	46445.64
297.47	46508.06
297.53	46535.54
297.60	46531.20
297.67	46497.77
297.73	46422.16
297.80	46297.68
297.86	46133.87
297.93	45931.03
298.00	45706.20
298.06	45495.20
298.13	45355.57
298.19	45292.49
298.26	45284.43
298.32	45339.44
298.39	45420.36
298.46	45510.37
298.52	45604.95
298.59	45711.36
298.65	45822.56
298.72	45955.03
298.78	46094.80
298.85	46223.88
298.92	46358.04
298.98	46482.44
299.05	46583.32
299.11	46676.95
299.18	46758.22
299.24	46836.86
299.31	46895.05
299.38	46954.40
299.44	46985.11
299.51	47021.52
299.57	47038.85
299.64	47057.67
299.70	47064.67
299.77	47049.91
299.84	46976.99
299.90	46826.86
299.97	46581.14
300.03	46266.34
300.10	45954.35
300.16	45694.11
300.23	45537.71
300.30	45516.46
300.36	45596.04
300.43	45746.11
300.49	45928.88
300.56	46116.39
300.62	46297.98
300.69	46476.73
300.75	46630.55
300.82	46779.43
300.89	46907.24
300.95	47009.74
301.02	47088.18
301.08	47172.48
301.15	47225.92
301.21	47275.38
301.28	47330.24
301.34	47401.17
301.41	47439.59
301.48	47481.53
301.54	47513.10
301.61	47530.58
301.67	47509.46
301.74	47484.23
301.80	47413.77
301.87	47289.78
301.93	47116.55
302.00	46908.07
302.06	46663.59
302.13	46433.85
302.20	46263.16
302.26	46142.82
302.33	46099.06
302.39	46105.88
302.46	46157.86
302.52	46238.00
302.59	46348.68
302.65	46483.26
302.72	46629.70
302.78	46777.89
302.85	46914.29
302.91	47027.76
302.98	47106.96
303.05	47175.09
303.11	47240.55
303.18	47288.16
303.24	47331.57
303.31	47373.82
303.37	47410.68
303.44	47446.75
303.50	47471.14
303.57	47476.55
303.63	47468.09
303.70	47442.08
303.76	47393.63
303.83	47342.46
303.89	47295.65
303.96	47224.26
304.03	47135.61
304.09	46996.92
304.16	46789.67
304.22	46535.92
304.29	46293.46
304.35	46092.16
304.42	45976.41
304.48	45960.79
304.55	46023.96
304.61	46119.54
304.68	46222.08
304.74	46329.24
304.81	46435.92
304.87	46527.38
304.94	46609.86
305.00	46693.98
305.07	46748.37
305.13	46775.10
305.20	46798.82
305.26	46817.16
305.33	46824.66
305.39	46831.91
305.46	46839.31
305.52	46843.63
305.59	46837.57
305.66	46822.09
305.72	46793.64
305.79	46766.98
305.85	46719.99
305.92	46648.63
305.98	46525.26
306.05	46342.91
306.11	46125.56
306.18	45894.94
306.24	45680.83
306.31	45475.07
306.37	45311.33
306.44	45160.66
306.50	45025.94
306.57	44937.05
306.63	44947.51
306.70	45014.88
306.76	45132.21
306.83	45285.51
306.89	45417.29
306.96	45512.58
307.02	45582.88
307.09	45644.50
307.15	45686.11
307.22	45722.00
307.28	45745.38
307.35	45751.71
307.41	45738.35
307.48	45719.57
307.54	45694.32
307.61	45657.96
307.67	45611.26
307.74	45559.43
307.80	45514.97
307.87	45459.14
307.93	45411.82
308.00	45367.42
308.06	45319.87
308.13	45248.40
308.19	45179.00
308.26	45097.02
308.32	45013.97
308.38	44935.39
308.45	44840.70
308.51	44741.43
308.58	44603.39
308.64	44457.09
308.71	44313.58
308.77	44211.46
308.84	44128.99
308.90	44106.80
308.97	44117.17
309.03	44142.29
309.10	44170.87
309.16	44202.46
309.23	44216.92
309.29	44235.03
309.36	44226.70
309.42	44211.72
309.49	44195.68
309.55	44178.77
309.62	44137.40
309.68	44113.71
309.75	44053.02
309.81	43997.73
309.88	43944.07
309.94	43876.58
310.00	43797.14
310.07	43735.23
310.13	43670.92
310.20	43595.60
310.26	43531.61
310.33	43474.98
310.39	43417.92
310.46	43342.05
310.52	43266.72
310.59	43186.43
310.65	43088.73
310.72	42978.04
310.78	42881.79
310.85	42785.42
310.91	42713.35
310.97	42673.82
311.04	42659.23
311.10	42623.24
311.17	42605.20
311.23	42585.27
311.30	42553.97
311.36	42525.02
311.43	42526.57
311.49	42514.21
311.56	42493.34
311.62	42466.66
311.69	42444.86
311.75	42421.95
311.81	42386.24
311.88	42339.32
311.94	42297.44
312.01	42250.64
312.07	42182.61
312.14	42135.70
312.20	42104.23
312.27	42069.08
312.33	42021.34
312.40	41968.88
312.46	41906.41
312.52	41831.69
312.59	41750.67
312.65	41676.87
312.72	41609.85
312.78	41530.38
312.85	41444.39
312.91	41354.60
312.98	41260.65
313.04	41172.27
313.10	41092.84
313.17	41021.25
313.23	40964.68
313.30	40923.64
313.36	40874.94
313.43	40834.64
313.49	40815.84
313.56	40785.03
313.62	40739.25
313.68	40704.94
313.75	40676.77
313.81	40632.53
313.88	40598.21
313.94	40564.82
314.01	40528.25
314.07	40484.25
314.13	40449.26
314.20	40412.50
314.26	40380.22
314.33	40335.37
314.39	40288.53
314.46	40221.58
314.52	40156.59
314.58	40088.06
314.65	40018.08
314.71	39949.25
314.78	39890.78
314.84	39831.90
314.91	39773.31
314.97	39712.18
315.03	39661.99
315.10	39614.18
315.16	39545.81
315.23	39491.62
315.29	39442.44
315.36	39387.85
315.42	39336.07
315.48	39294.59
315.55	39240.59
315.61	39188.39
315.68	39148.26
315.74	39086.48
315.81	39029.51
315.87	38977.75
315.93	38955.12
316.00	38927.97
316.06	38921.62
316.13	38916.71
316.19	38881.59
316.25	38792.74
316.32	38664.86
316.38	38499.06
316.45	38300.40
316.51	38081.88
316.58	37847.62
316.64	37605.18
316.70	37361.99
316.77	37104.01
316.83	36852.30
316.90	36607.26
316.96	36364.35
317.02	36116.92
317.09	35870.65
317.15	35615.58
317.22	35357.71
317.28	35085.78
317.34	34821.86
317.41	34564.04
317.47	34320.23
317.54	34075.54
317.60	33838.10
317.66	33588.78
317.73	33335.50
317.79	33068.40
317.86	32796.11
317.92	32523.85
317.98	32253.32
318.05	31983.23
318.11	31716.92
318.18	31461.43
318.24	31192.02
318.30	30920.63
318.37	30640.01
318.43	30350.72
318.50	30053.54
318.56	29770.42
318.62	29481.98
318.69	29212.47
318.75	28945.07
318.82	28671.41
318.88	28396.55
318.94	28128.06
319.01	27853.14
319.07	27582.46
319.13	27313.81
319.20	27039.26
319.26	26761.88
319.33	26482.78
319.39	26186.84
319.45	25898.60
319.52	25614.29
319.58	25324.56
319.65	25026.10
319.71	24748.06
319.77	24460.75
319.84	24183.44
319.90	23907.09
319.96	23623.83
320.03	23347.80
320.09	23074.14
320.16	22784.75
320.22	22500.47
320.28	22220.82
320.35	21930.41
320.41	21639.04
320.47	21357.73
320.54	21079.16
320.60	20813.78
320.67	20544.19
320.73	20284.82
320.79	20003.04
320.86	19719.39
320.92	19426.69
320.98	19133.60
321.05	18831.76
321.11	18540.23
321.18	18254.41
321.24	17971.79
321.30	17694.60
321.37	17418.24
321.43	17144.93
321.49	16868.01
321.56	16592.39
321.62	16314.12
321.68	16032.16
321.75	15757.24
321.81	15484.18
321.88	15201.13
321.94	14924.91
322.00	14643.65
322.07	14359.61
322.13	14072.96
322.19	13794.24
322.26	13509.46
322.32	13240.26
322.38	12975.67
322.45	12710.05
322.51	12432.84
322.58	12172.25
322.64	11898.76
322.70	11625.69
322.77	11350.43
322.83	11091.83
322.89	10814.50
322.96	10544.54
323.02	10269.07
323.08	9997.60
323.15	9731.24
323.21	9463.81
323.27	9206.44
323.34	8955.06
323.40	8705.66
323.46	8449.35
323.53	8098.21
323.59	6994.14
323.65	5410.51
323.72	3751.08
323.78	2145.79
323.85	694.79
323.91	41.72
323.97	-80.89
324.04	-83.59
